Reference:	"Hudgins et al. (1993)"
DOI:	"doi:https://doi.org/10.1086/191796"
Sample Type:	"Ice"
Composition:	"CO:OCS (20:1)"
Temperature:	"10K"
OCdb page:	"https://ocdb.smce.nasa.gov/dataset/102"
n₁ Error Units:	Not Applicable
k₁ Error Units:	Not Applicable
T₁ Error Units:	Not Applicable

"Wavenumber (cm⁻¹)"	"n₁"	"Dn₁  (+/-)"	"k₁"	"Dk₁  (+/-)"		"Wavenumber (cm⁻¹)"	"T₁"	"DT₁  (+/-)"	
1600.1	1.3219		0.003912			1600.1	99.900001526		
1600.6	1.3207		0.003896			1601	100		
1601	1.3209		0.000337			1601.5	99.900001526		
1601.5	1.3216		0.003904			1602.5	99.900001526		
1602	1.3206		0.003893			1603.4	99.900001526		
1602.5	1.3201		0.003884			1604.4	99.900001526		
1603	1.3198		0.00388			1605.4	99.900001526		
1603.4	1.3196		0.003877			1606.3	99.900001526		
1603.9	1.3194		0.003874			1607.3	99.900001526		
1604.4	1.3192		0.003869			1608.3	99.900001526		
1604.9	1.319		0.003865			1609.2	99.900001526		
1605.4	1.3189		0.003864			1610.2	99.900001526		
1605.9	1.3188		0.003861			1611.2	99.900001526		
1606.3	1.3186		0.00386			1612.1	99.900001526		
1606.8	1.3185		0.003856			1613.1	99.900001526		
1607.3	1.3184		0.003853			1614.1	99.900001526		
1607.8	1.3183		0.003851			1615	99.900001526		
1608.3	1.3182		0.00385			1616	99.900001526		
1608.7	1.3182		0.003848			1616.9	100		
1609.2	1.3181		0.003847			1617.9	100		
1609.7	1.318		0.003842			1618.9	99.900001526		
1610.2	1.3179		0.003842			1619.8	99.900001526		
1610.7	1.3178		0.00384			1620.8	99.900001526		
1611.2	1.3177		0.003838			1621.8	99.900001526		
1611.6	1.3176		0.003837			1622.7	99.900001526		
1612.1	1.3176		0.003833			1623.7	100		
1612.6	1.3175		0.00383			1624.7	99.900001526		
1613.1	1.3174		0.003829			1625.6	99.900001526		
1613.6	1.3173		0.003826			1626.6	99.900001526		
1614.1	1.3171		0.003825			1627.6	99.900001526		
1614.5	1.317		0.003822			1628.5	99.900001526		
1615	1.3168		0.003819			1629.5	99.900001526		
1615.5	1.3165		0.003814			1630.4	99.900001526		
1616	1.3161		0.003808			1631.4	99.900001526		
1616.5	1.3151		0.003793			1632.4	99.900001526		
1616.9	1.3154		0.000255			1633.3	99.900001526		
1617.4	1.3168		0.00028			1634.3	99.900001526		
1617.9	1.3179		0.000295			1635.3	100		
1618.4	1.3193		0.000316			1636.2	100		
1618.9	1.3195		0.003845			1637.2	100		
1619.4	1.3186		0.003832			1638.2	100		
1619.8	1.3181		0.003824			1639.1	99.900001526		
1620.3	1.3178		0.003819			1640.1	99.900001526		
1620.8	1.3175		0.003816			1641.1	99.900001526		
1621.3	1.3173		0.003812			1642	99.900001526		
1621.8	1.317		0.003806			1643	99.900001526		
1622.3	1.3165		0.003799			1644	99.900001526		
1622.7	1.3156		0.003787			1644.9	99.900001526		
1623.2	1.3159		0.000266			1645.9	100		
1623.7	1.3176		0.00029			1646.8	100		
1624.2	1.3192		0.000316			1647.8	100		
1624.7	1.3195		0.003833			1648.8	99.900001526		
1625.1	1.3186		0.003821			1649.7	99.900001526		
1625.6	1.3182		0.003814			1650.7	99.900001526		
1626.1	1.3179		0.003811			1651.7	99.900001526		
1626.6	1.3177		0.003806			1652.6	100		
1627.1	1.3176		0.003803			1653.6	100		
1627.6	1.3175		0.003801			1654.6	100		
1628	1.3174		0.003797			1655.5	100		
1628.5	1.3173		0.003798			1656.5	100		
1629	1.3172		0.003794			1657.5	100		
1629.5	1.3171		0.003789			1658.4	99.900001526		
1630	1.317		0.00379			1659.4	99.900001526		
1630.4	1.3169		0.003787			1660.3	100		
1630.9	1.3168		0.003785			1661.3	99.900001526		
1631.4	1.3167		0.003783			1662.3	100		
1631.9	1.3165		0.00378			1663.2	100		
1632.4	1.3164		0.003779			1664.2	100		
1632.9	1.3162		0.003772			1665.2	99.900001526		
1633.3	1.316		0.003769			1666.1	99.900001526		
1633.8	1.3157		0.003766			1667.1	100		
1634.3	1.3152		0.003758			1668.1	99.900001526		
1634.8	1.3142		0.003744			1669	100		
1635.3	1.3143		0.000243			1670	100		
1635.8	1.3156		0.000264			1671	100		
1636.2	1.3163		0.000275			1671.9	100		
1636.7	1.3169		0.000285			1672.9	99.900001526		
1637.2	1.3175		0.000292			1673.8	100		
1637.7	1.3182		0.000302			1674.8	100		
1638.2	1.3194		0.000321			1675.8	100		
1638.6	1.3195		0.003804			1676.7	100		
1639.1	1.3183		0.003788			1677.7	100		
1639.6	1.3177		0.00378			1678.7	100		
1640.1	1.3168		0.003766			1679.6	99.900001526		
1640.6	1.3177		0.000295			1680.6	99.900001526		
1641.1	1.3186		0.003787			1681.6	99.900001526		
1641.5	1.3178		0.00378			1682.5	99.900001526		
1642	1.3175		0.003773			1683.5	100		
1642.5	1.3172		0.003768			1684.5	100		
1643	1.317		0.003763			1685.4	100		
1643.5	1.3168		0.003761			1686.4	100		
1644	1.3165		0.003757			1687.4	99.900001526		
1644.4	1.3162		0.00375			1688.3	99.900001526		
1644.9	1.3158		0.003745			1689.3	100		
1645.4	1.3148		0.003731			1690.2	100		
1645.9	1.3151		0.000254			1691.2	99.900001526		
1646.4	1.3165		0.000278			1692.2	99.900001526		
1646.8	1.3179		0.0003			1693.1	100		
1647.3	1.3176		0.003764			1694.1	100		
1647.8	1.3177		0.000298			1695.1	99.900001526		
1648.3	1.3184		0.003772			1696	100		
1648.8	1.3175		0.003759			1697	99.900001526		
1649.3	1.317		0.003751			1698	99.900001526		
1649.7	1.3166		0.003746			1698.9	99.900001526		
1650.2	1.3163		0.003741			1699.9	100		
1650.7	1.3159		0.003734			1700.9	100		
1651.2	1.3153		0.003725			1701.8	99.900001526		
1651.7	1.3142		0.003709			1702.8	99.900001526		
1652.2	1.3142		0.000242			1703.8	99.900001526		
1652.6	1.3153		0.00026			1704.7	99.900001526		
1653.1	1.3159		0.000269			1705.7	99.900001526		
1653.6	1.3163		0.000275			1706.6	99.900001526		
1654.1	1.3166		0.00028			1707.6	99.900001526		
1654.6	1.3169		0.000285			1708.6	99.900001526		
1655	1.3171		0.000289			1709.5	99.900001526		
1655.5	1.3174		0.000294			1710.5	99.900001526		
1656	1.3177		0.000299			1711.5	99.900001526		
1656.5	1.318		0.000301			1712.4	99.900001526		
1657	1.3183		0.000308			1713.4	99.900001526		
1657.5	1.3189		0.000315			1714.4	99.900001526		
1657.9	1.3199		0.000333			1715.3	100		
1658.4	1.3198		0.003772			1716.3	99.900001526		
1658.9	1.3185		0.003753			1717.3	100		
1659.4	1.3177		0.003741			1718.2	100		
1659.9	1.3166		0.003727			1719.2	99.900001526		
1660.3	1.3172		0.000291			1720.1	99.900001526		
1660.8	1.3177		0.003738			1721.1	99.900001526		
1661.3	1.316		0.003717			1722.1	99.900001526		
1661.8	1.3158		0.000268			1723	99.900001526		
1662.3	1.3169		0.000285			1724	99.900001526		
1662.8	1.3175		0.000297			1725	99.900001526		
1663.2	1.318		0.000302			1725.9	99.900001526		
1663.7	1.3186		0.000311			1726.9	99.900001526		
1664.2	1.3196		0.000329			1727.9	99.900001526		
1664.7	1.3195		0.003755			1728.8	99.900001526		
1665.2	1.3182		0.003736			1729.8	99.900001526		
1665.7	1.3173		0.003725			1730.8	99.900001526		
1666.1	1.316		0.003707			1731.7	99.900001526		
1666.6	1.316		0.000273			1732.7	99.900001526		
1667.1	1.3171		0.000291			1733.6	100		
1667.6	1.3181		0.000307			1734.6	100		
1668.1	1.3174		0.003722			1735.6	99.900001526		
1668.5	1.3165		0.000283			1736.5	99.900001526		
1669	1.3173		0.000295			1737.5	99.900001526		
1669.5	1.3177		0.0003			1738.5	99.900001526		
1670	1.3179		0.000306			1739.4	99.900001526		
1670.5	1.3182		0.000309			1740.4	99.900001526		
1671	1.3184		0.00031			1741.4	99.900001526		
1671.4	1.3187		0.000316			1742.3	99.900001526		
1671.9	1.319		0.000321			1743.3	100		
1672.4	1.3197		0.000332			1744.3	99.900001526		
1672.9	1.3188		0.003729			1745.2	99.900001526		
1673.4	1.3179		0.000302			1746.2	99.900001526		
1673.8	1.3187		0.000317			1747.2	99.900001526		
1674.3	1.3192		0.000324			1748.1	99.900001526		
1674.8	1.32		0.000338			1749.1	99.900001526		
1675.3	1.3192		0.00373			1750	100		
1675.8	1.3184		0.000313			1751	99.900001526		
1676.3	1.3193		0.000327			1752	99.900001526		
1676.7	1.3202		0.00034			1752.9	99.900001526		
1677.2	1.3195		0.003733			1753.9	100		
1677.7	1.3188		0.000319			1754.9	100		
1678.2	1.3199		0.000336			1755.8	100		
1678.7	1.3211		0.000354			1756.8	100		
1679.2	1.3211		0.003749			1757.8	100		
1679.6	1.3199		0.003732			1758.7	99.900001526		
1680.1	1.3191		0.003721			1759.7	99.900001526		
1680.6	1.3181		0.003708			1760.7	99.900001526		
1681.1	1.3186		0.000316			1761.6	99.900001526		
1681.6	1.3188		0.003715			1762.6	100		
1682	1.319		0.000323			1763.5	99.900001526		
1682.5	1.3193		0.003719			1764.5	100		
1683	1.3176		0.003696			1765.5	99.900001526		
1683.5	1.3174		0.000299			1766.4	100		
1684	1.3185		0.000314			1767.4	99.900001526		
1684.5	1.319		0.000324			1768.4	100		
1684.9	1.3195		0.000331			1769.3	99.900001526		
1685.4	1.32		0.000338			1770.3	99.900001526		
1685.9	1.3206		0.000349			1771.3	99.900001526		
1686.4	1.3217		0.000366			1772.2	100		
1686.9	1.3217		0.003741			1773.2	100		
1687.4	1.3205		0.003726			1774.2	100		
1687.8	1.3198		0.003717			1775.1	99.900001526		
1688.3	1.3192		0.003707			1776.1	99.900001526		
1688.8	1.3181		0.003692			1777.1	99.900001526		
1689.3	1.3183		0.000313			1778	99.900001526		
1689.8	1.3197		0.000334			1779	99.900001526		
1690.2	1.3211		0.000356			1779.9	100		
1690.7	1.3212		0.003728			1780.9	99.900001526		
1691.2	1.3201		0.003714			1781.9	100		
1691.7	1.3194		0.003705			1782.8	99.900001526		
1692.2	1.3184		0.003689			1783.8	99.900001526		
1692.7	1.3186		0.000318			1784.8	100		
1693.1	1.3204		0.000346			1785.7	99.900001526		
1693.6	1.3202		0.003711			1786.7	99.900001526		
1694.1	1.3204		0.000346			1787.7	100		
1694.6	1.3209		0.003719			1788.6	99.900001526		
1695.1	1.3199		0.003704			1789.6	99.900001526		
1695.6	1.3188		0.003689			1790.6	99.900001526		
1696	1.3191		0.000328			1791.5	99.900001526		
1696.5	1.3211		0.000358			1792.5	99.900001526		
1697	1.3214		0.003723			1793.4	100		
1697.5	1.3205		0.00371			1794.4	99.900001526		
1698	1.3201		0.003702			1795.4	99.900001526		
1698.4	1.3197		0.003696			1796.3	100		
1698.9	1.3192		0.003688			1797.3	100		
1699.4	1.3183		0.003675			1798.3	100		
1699.9	1.3186		0.000319			1799.2	99.900001526		
1700.4	1.3201		0.000343			1800.2	99.900001526		
1700.9	1.3217		0.000369			1801.2	99.900001526		
1701.3	1.322		0.003719			1802.1	100		
1701.8	1.3211		0.003708			1803.1	99.900001526		
1702.3	1.3207		0.003703			1804.1	99.900001526		
1702.8	1.3205		0.003698			1805	99.900001526		
1703.3	1.3204		0.003695			1806	99.900001526		
1703.8	1.3202		0.003694			1806.9	99.900001526		
1704.2	1.3201		0.003692			1807.9	99.900001526		
1704.7	1.3201		0.003689			1808.9	99.900001526		
1705.2	1.32		0.003687			1809.8	100		
1705.7	1.319900036		0.0036855			1810.8	100		
1706.2	1.319900036		0.0036845			1811.8	99.900001526		
1706.6	1.319800019		0.0036826			1812.7	99.900001526		
1707.1	1.319800019		0.0036802			1813.7	100		
1707.6	1.319700003		0.0036812			1814.7	99.900001526		
1708.1	1.319700003		0.0036778			1815.6	100		
1708.6	1.319599986		0.0036759			1816.6	100		
1709.1	1.319599986		0.0036755			1817.6	100		
1709.5	1.319499969		0.0036736			1818.5	100		
1710	1.319499969		0.0036736			1819.5	100		
1710.5	1.319399953		0.0036712			1820.5	99.900001526		
1711	1.319399953		0.0036697			1821.4	99.900001526		
1711.5	1.319300056		0.0036683			1822.4	99.900001526		
1711.9	1.319300056		0.0036654			1823.3	99.900001526		
1712.4	1.319200039		0.0036631			1824.3	100		
1712.9	1.319100022		0.0036602			1825.3	99.900001526		
1713.4	1.318899989		0.0036588			1826.2	99.900001526		
1713.9	1.318699956		0.003655			1827.2	99.900001526		
1714.4	1.318400025		0.0036473			1828.2	99.900001526		
1714.8	1.317600012		0.0036387			1829.1	99.900001526		
1715.3	1.317999959		0.00031233			1830.1	100		
1715.8	1.319900036		0.0003438			1831.1	100		
1716.3	1.320000052		0.0036683			1832	100		
1716.8	1.318500042		0.0036478			1833	100		
1717.3	1.318500042		0.00032187			1834	100		
1717.7	1.319700003		0.00034189			1834.9	99.900001526		
1718.2	1.320700049		0.00035715			1835.9	99.900001526		
1718.7	1.322000027		0.00037718			1836.8	99.900001526		
1719.2	1.322199941		0.0036922			1837.8	100		
1719.7	1.32130003		0.0036802			1838.8	100		
1720.1	1.320899963		0.0036736			1839.7	99.900001526		
1720.6	1.320700049		0.0036702			1840.7	99.900001526		
1721.1	1.320500016		0.0036654			1841.7	99.900001526		
1721.6	1.3204		0.0036635			1842.6	99.900001526		
1722.1	1.320299983		0.0036616			1843.6	99.900001526		
1722.6	1.320299983		0.0036592			1844.6	100		
1723	1.320199966		0.0036588			1845.5	99.900001526		
1723.5	1.32009995		0.0036583			1846.5	100		
1724	1.32009995		0.003654			1847.5	99.900001526		
1724.5	1.320000052		0.003654			1848.4	99.900001526		
1725	1.320000052		0.0036521			1849.4	99.900001526		
1725.4	1.319900036		0.0036516			1850.3	99.900001526		
1725.9	1.319900036		0.0036507			1851.3	100		
1726.4	1.319800019		0.0036488			1852.3	99.900001526		
1726.9	1.319800019		0.0036473			1853.2	99.900001526		
1727.4	1.319700003		0.0036464			1854.2	99.900001526		
1727.9	1.319700003		0.003643			1855.2	99.900001526		
1728.3	1.319599986		0.0036407			1856.1	99.900001526		
1728.8	1.319399953		0.0036368			1857.1	99.900001526		
1729.3	1.319200039		0.003634			1858.1	99.900001526		
1729.8	1.318600059		0.0036263			1859	99.900001526		
1730.3	1.319599986		0.00034237			1860	100		
1730.8	1.320600033		0.0036507			1861	100		
1731.2	1.320000052		0.0036407			1861.9	100		
1731.7	1.319599986		0.0036368			1862.9	100		
1732.2	1.319300056		0.0036311			1863.9	100		
1732.7	1.318899989		0.0036254			1864.8	100		
1733.2	1.318099976		0.003613			1865.8	99.900001526		
1733.6	1.318300009		0.00031948			1866.7	99.900001526		
1734.1	1.319700003		0.00034332			1867.7	100		
1734.6	1.320700049		0.00035906			1868.7	99.900001526		
1735.1	1.322100043		0.00038099			1869.6	100		
1735.6	1.322299957		0.0036635			1870.6	100		
1736.1	1.321400046		0.0036521			1871.6	99.900001526		
1736.5	1.321099997		0.0036464			1872.5	100		
1737	1.320799947		0.0036421			1873.5	99.900001526		
1737.5	1.320700049		0.0036392			1874.5	100		
1738	1.320600033		0.0036368			1875.4	100		
1738.5	1.320500016		0.0036359			1876.4	99.900001526		
1739	1.3204		0.003633			1877.4	99.900001526		
1739.4	1.320299983		0.0036321			1878.3	99.900001526		
1739.9	1.320199966		0.0036302			1879.3	99.900001526		
1740.4	1.32009995		0.0036278			1880.2	99.900001526		
1740.9	1.320000052		0.0036254			1881.2	99.900001526		
1741.4	1.319900036		0.0036225			1882.2	99.900001526		
1741.8	1.319700003		0.0036201			1883.1	99.900001526		
1742.3	1.319399953		0.0036149			1884.1	99.900001526		
1742.8	1.318699956		0.0036044			1885.1	99.900001526		
1743.3	1.319200039		0.00033712			1886	99.900001526		
1743.8	1.32130003		0.00036955			1887	99.900001526		
1744.3	1.321699977		0.0036435			1888	99.900001526		
1744.7	1.32099998		0.0036325			1888.9	99.900001526		
1745.2	1.320700049		0.0036278			1889.9	99.900001526		
1745.7	1.320500016		0.0036244			1890.9	99.800003052		
1746.2	1.3204		0.0036201			1891.8	99.800003052		
1746.7	1.320199966		0.0036187			1892.8	99.800003052		
1747.2	1.32009995		0.0036159			1893.8	99.900001526		
1747.6	1.319900036		0.003613			1894.7	99.900001526		
1748.1	1.319700003		0.0036101			1895.7	99.900001526		
1748.6	1.319399953		0.0036035			1896.6	99.900001526		
1749.1	1.318699956		0.003593			1897.6	99.900001526		
1749.6	1.319100022		0.0003376			1898.6	99.900001526		
1750	1.321099997		0.00036955			1899.5	99.900001526		
1750.5	1.321499944		0.0036287			1900.5	99.900001526		
1751	1.320700049		0.0036168			1901.5	99.900001526		
1751.5	1.320299983		0.0036101			1902.4	100		
1752	1.319900036		0.0036068			1903.4	99.900001526		
1752.5	1.319499969		0.0035982			1904.4	99.900001526		
1752.9	1.318600059		0.0035849			1905.3	99.900001526		
1753.4	1.318799973		0.00033331			1906.3	100		
1753.9	1.320500016		0.00036049			1907.3	99.900001526		
1754.4	1.32009995		0.0036054			1908.2	99.900001526		
1754.9	1.319700003		0.00034857			1909.2	99.900001526		
1755.3	1.320799947		0.00036383			1910.1	100		
1755.8	1.322000027		0.00038481			1911.1	99.900001526		
1756.3	1.32159996		0.0036211			1912.1	99.900001526		
1756.8	1.32159996		0.00037813			1913	99.900001526		
1757.3	1.321699977		0.0036197			1914	99.900001526		
1757.8	1.32190001		0.00038385			1915	100		
1758.2	1.322600007		0.0036292			1915.9	99.900001526		
1758.7	1.321799994		0.0036201			1916.9	99.900001526		
1759.2	1.321400046		0.0036139			1917.9	99.900001526		
1759.7	1.321099997		0.0036087			1918.8	99.900001526		
1760.2	1.320899963		0.0036039			1919.8	99.900001526		
1760.7	1.320600033		0.0036001			1920.8	99.900001526		
1761.1	1.320199966		0.0035934			1921.7	100		
1761.6	1.319300056		0.003581			1922.7	100		
1762.1	1.319599986		0.00034666			1923.7	99.900001526		
1762.6	1.321400046		0.00037622			1924.6	99.900001526		
1763.1	1.32159996		0.0036092			1925.6	100		
1763.5	1.320000052		0.0035868			1926.5	100		
1764	1.320000052		0.00035381			1927.5	100		
1764.5	1.32130003		0.00037432			1928.5	99.900001526		
1765	1.32249999		0.00039434			1929.4	100		
1765.5	1.32249999		0.0036182			1930.4	99.900001526		
1766	1.32099998		0.0035973			1931.4	99.900001526		
1766.4	1.321499944		0.00037813			1932.3	99.900001526		
1766.9	1.322000027		0.0036077			1933.3	100		
1767.4	1.320500016		0.0035872			1934.3	100		
1767.9	1.320600033		0.00036383			1935.2	100		
1768.4	1.32190001		0.00038481			1936.2	99.900001526		
1768.9	1.323199987		0.00040531			1937.2	99.900001526		
1769.3	1.323300004		0.0036216			1938.1	99.900001526		
1769.8	1.322299957		0.0036097			1939.1	100		
1770.3	1.321699977		0.0036001			1940	99.900001526		
1770.8	1.321200013		0.0035915			1941	99.900001526		
1771.3	1.32009995		0.0035772			1942	100		
1771.7	1.320199966		0.0003581			1942.9	100		
1772.2	1.321400046		0.00037956			1943.9	99.900001526		
1772.7	1.322199941		0.00039148			1944.9	100		
1773.2	1.323300004		0.00040817			1945.8	99.900001526		
1773.7	1.32280004		0.0036073			1946.8	99.900001526		
1774.2	1.322399974		0.0003953			1947.8	100		
1774.6	1.324000001		0.00042057			1948.7	99.900001526		
1775.1	1.324300051		0.0036254			1949.7	100		
1775.6	1.323400021		0.0036125			1950.7	99.900001526		
1776.1	1.322999954		0.0036073			1951.6	100		
1776.6	1.322700024		0.0036035			1952.6	99.900001526		
1777.1	1.32249999		0.0035987			1953.5	100		
1777.5	1.322299957		0.0035949			1954.5	99.900001526		
1778	1.322000027		0.0035915			1955.5	99.900001526		
1778.5	1.321799994		0.0035872			1956.4	99.900001526		
1779	1.321400046		0.003581			1957.4	99.900001526		
1779.5	1.320500016		0.0035686			1958.4	99.900001526		
1779.9	1.320799947		0.0003705			1959.3	99.900001526		
1780.4	1.32249999		0.00039625			1960.3	99.900001526		
1780.9	1.322199941		0.0035882			1961.3	100		
1781.4	1.321799994		0.00038671			1962.2	99.900001526		
1781.9	1.322999954		0.00040436			1963.2	100		
1782.4	1.324300051		0.00042629			1964.2	99.900001526		
1782.8	1.324499965		0.0036168			1965.1	99.900001526		
1783.3	1.323500037		0.003602			1966.1	99.900001526		
1783.8	1.322999954		0.0035939			1967.1	99.900001526		
1784.3	1.322199941		0.0035834			1968	100		
1784.8	1.322999954		0.00040722			1969	100		
1785.2	1.323899984		0.0036058			1969.9	100		
1785.7	1.323199987		0.0035954			1970.9	99.900001526		
1786.2	1.322900057		0.0035892			1971.9	100		
1786.7	1.32249999		0.0035844			1972.8	100		
1787.2	1.32190001		0.0035739			1973.8	99.900001526		
1787.7	1.322700024		0.00040388			1974.8	99.900001526		
1788.1	1.323600054		0.0035968			1975.7	99.900001526		
1788.6	1.322900057		0.0035877			1976.7	100		
1789.1	1.322399974		0.0035796			1977.7	99.900001526		
1789.6	1.321699977		0.0035691			1978.6	100		
1790.1	1.322600007		0.0004015			1979.6	99.900001526		
1790.6	1.323300004		0.0035877			1980.6	99.900001526		
1791	1.32249999		0.0035768			1981.5	99.900001526		
1791.5	1.32159996		0.0035629			1982.5	100		
1792	1.322100043		0.00039434			1983.4	99.900001526		
1792.5	1.322199941		0.003571			1984.4	99.900001526		
1793	1.322000027		0.00039148			1985.4	99.900001526		
1793.4	1.323199987		0.0004096			1986.3	99.900001526		
1793.9	1.324399948		0.00043106			1987.3	99.900001526		
1794.4	1.324499965		0.0035987			1988.3	99.900001526		
1794.9	1.323300004		0.003582			1989.2	99.900001526		
1795.4	1.322100043		0.0035644			1990.2	99.900001526		
1795.9	1.322199941		0.00039577			1991.2	99.900001526		
1796.3	1.323300004		0.00041437			1992.1	99.800003052		
1796.8	1.324100018		0.00042772			1993.1	99.800003052		
1797.3	1.325199962		0.00044394			1994.1	99.699996948		
1797.8	1.324900031		0.0035968			1995	99.699996948		
1798.3	1.325000048		0.0004406			1996	99.599998474		
1798.8	1.325600028		0.0036068			1997	99.599998474		
1799.2	1.324900031		0.0035958			1997.9	99.599998474		
1799.7	1.324499965		0.0035901			1998.9	99.599998474		
1800.2	1.324300051		0.0035882			1999.8	99.699996948		
1800.7	1.324000001		0.003583			2000.8	99.800003052		
1801.2	1.323699951		0.0035777			2001.8	99.800003052		
1801.6	1.323199987		0.0035691			2002.7	99.900001526		
1802.1	1.324100018		0.00042772			2003.7	99.900001526		
1802.6	1.325000048		0.0035939			2004.7	99.900001526		
1803.1	1.324399948		0.0035849			2005.6	99.900001526		
1803.6	1.324200034		0.0035815			2006.6	99.900001526		
1804.1	1.324100018		0.0035787			2007.6	99.900001526		
1804.5	1.323899984		0.0035753			2008.5	99.900001526		
1805	1.323799968		0.0035729			2009.5	99.900001526		
1805.5	1.323699951		0.003572			2010.5	99.900001526		
1806	1.323600054		0.0035682			2011.4	99.900001526		
1806.5	1.323500037		0.0035672			2012.4	99.900001526		
1806.9	1.323300004		0.0035634			2013.3	99.800003052		
1807.4	1.322999954		0.0035591			2014.3	99.900001526		
1807.9	1.322399974		0.0035491			2015.3	99.900001526		
1808.4	1.323099971		0.00041437			2016.2	99.900001526		
1808.9	1.323799968		0.0035667			2017.2	99.900001526		
1809.4	1.322399974		0.0035481			2018.2	99.900001526		
1809.8	1.32249999		0.00040293			2019.1	99.900001526		
1810.3	1.323699951		0.00042343			2020.1	99.900001526		
1810.8	1.324599981		0.00043774			2021.1	100		
1811.3	1.325799942		0.00045538			2022	100		
1811.8	1.325899959		0.0035911			2023	99.900001526		
1812.3	1.324900031		0.0035768			2024	99.900001526		
1812.7	1.324300051		0.0035686			2024.9	100		
1813.2	1.323500037		0.0035567			2025.9	100		
1813.7	1.324300051		0.00043344			2026.8	100		
1814.2	1.325000048		0.0035748			2027.8	99.900001526		
1814.7	1.324000001		0.003562			2028.8	100		
1815.1	1.322999954		0.0035462			2029.7	99.900001526		
1815.6	1.323099971		0.00041342			2030.7	99.900001526		
1816.1	1.324300051		0.0004344			2031.7	99.900001526		
1816.6	1.325399995		0.00044966			2032.6	99.900001526		
1817.1	1.324900031		0.0035696			2033.6	99.800003052		
1817.6	1.324399948		0.00043488			2034.6	99.699996948		
1818	1.325399995		0.00045156			2035.5	99.400001526		
1818.5	1.326500058		0.00046921			2036.5	99.099998474		
1819	1.326200008		0.0035844			2037.5	98.599998474		
1819.5	1.326300025		0.00046635			2038.4	97.900001526		
1820	1.326900005		0.0035911			2039.4	96.900001526		
1820.5	1.326099992		0.003581			2040.4	95.599998474		
1820.9	1.325700045		0.0035739			2041.3	94		
1821.4	1.325299978		0.0035682			2042.3	92.300003052		
1821.9	1.324900031		0.003562			2043.2	90.5		
1822.4	1.324200034		0.0035515			2044.2	88.599998474		
1822.9	1.324800014		0.00044203			2045.2	86.599998474		
1823.3	1.325000048		0.003561			2046.1	84.5		
1823.8	1.324699998		0.00044298			2047.1	82.599998474		
1824.3	1.325999975		0.00046206			2048.1	81.199996948		
1824.8	1.327399969		0.00048304			2049	80.699996948		
1825.3	1.327600002		0.003593			2050	80.900001526		
1825.8	1.326699972		0.0035801			2051	81.800003052		
1826.2	1.326300025		0.0035748			2051.9	83.199996948		
1826.7	1.326099992		0.003571			2052.9	84.900001526		
1827.2	1.325899959		0.0035686			2053.9	86.699996948		
1827.7	1.325700045		0.0035648			2054.8	88.5		
1828.2	1.325500011		0.003561			2055.8	90.199996948		
1828.7	1.325199962		0.0035572			2056.7	91.5		
1829.1	1.324800014		0.0035501			2057.7	92.699996948		
1829.6	1.324000001		0.0035386			2058.7	93.800003052		
1830.1	1.324200034		0.0004344			2059.6	94.800003052		
1830.6	1.325500011		0.00045443			2060.6	95.800003052		
1831.1	1.326699972		0.00047398			2061.6	96.800003052		
1831.5	1.326300025		0.0035672			2062.5	97.599998474		
1832	1.326300025		0.00046921			2063.5	98.300003052		
1832.5	1.326200008		0.0035639			2064.5	98.699996948		
1833	1.325899959		0.00046301			2065.4	99.099998474		
1833.5	1.327100039		0.00048018			2066.4	99.300003052		
1834	1.328299999		0.00050116			2067.4	99.400001526		
1834.4	1.328500032		0.003592			2068.3	99.5		
1834.9	1.327600002		0.0035791			2069.3	99.599998474		
1835.4	1.327200055		0.0035744			2070.3	99.599998474		
1835.9	1.326900005		0.0035677			2071.2	99.599998474		
1836.4	1.326599956		0.0035639			2072.2	99.599998474		
1836.8	1.326200008		0.0035572			2073.1	99.599998474		
1837.3	1.325399995		0.0035477			2074.1	99.599998474		
1837.8	1.325700045		0.0004611			2075.1	99.699996948		
1838.3	1.327100039		0.00048208			2076	99.699996948		
1838.8	1.328600049		0.00050497			2077	99.699996948		
1839.3	1.328799963		0.0035896			2078	99.699996948		
1839.7	1.327999949		0.0035782			2078.9	99.699996948		
1840.2	1.327700019		0.003572			2079.9	99.699996948		
1840.7	1.327499986		0.0035696			2080.9	99.699996948		
1841.2	1.327299953		0.0035667			2081.8	99.699996948		
1841.7	1.327200055		0.0035639			2082.8	99.699996948		
1842.2	1.327100039		0.0035605			2083.8	99.699996948		
1842.6	1.326900005		0.0035586			2084.7	99.699996948		
1843.1	1.326699972		0.0035548			2085.7	99.699996948		
1843.6	1.326400042		0.003551			2086.6	99.599998474		
1844.1	1.325700045		0.003541			2087.6	99.5		
1844.6	1.326099992		0.00046921			2088.6	99.400001526		
1845	1.327900052		0.00049782			2089.5	99.300003052		
1845.5	1.328099966		0.0035715			2090.5	99.099998474		
1846	1.326699972		0.003551			2091.5	98.900001526		
1846.5	1.326900005		0.00048208			2092.4	98.900001526		
1847	1.328600049		0.00050783			2093.4	99.099998474		
1847.5	1.328500032		0.003572			2094.4	99.400001526		
1847.9	1.328699946		0.00050974			2095.3	99.599998474		
1848.4	1.329399943		0.0035834			2096.3	99.699996948		
1848.9	1.328699946		0.0035739			2097.3	99.699996948		
1849.4	1.328400016		0.0035686			2098.2	99.699996948		
1849.9	1.328199983		0.0035663			2099.2	99.699996948		
1850.3	1.327900052		0.0035625			2100.1	99.699996948		
1850.8	1.327399969		0.0035515			2101.1	99.699996948		
1851.3	1.328299999		0.00050592			2102.1	99.800003052		
1851.8	1.329200029		0.0035777			2103	99.800003052		
1852.3	1.328699946		0.0035691			2104	99.800003052		
1852.8	1.328500032		0.0035658			2105	99.800003052		
1853.2	1.328400016		0.0035639			2105.9	99.800003052		
1853.7	1.328299999		0.003562			2106.9	99.800003052		
1854.2	1.328299999		0.0035605			2107.9	99.800003052		
1854.7	1.328199983		0.0035596			2108.8	99.800003052		
1855.2	1.328099966		0.0035586			2109.8	99.800003052		
1855.7	1.328099966		0.0035548			2110.8	99.800003052		
1856.1	1.327999949		0.0035543			2111.7	99.800003052		
1856.6	1.327900052		0.0035529			2112.7	99.800003052		
1857.1	1.327800035		0.003551			2113.7	99.800003052		
1857.6	1.327700019		0.0035501			2114.6	99.900001526		
1858.1	1.327499986		0.0035462			2115.6	99.900001526		
1858.5	1.327100039		0.00354			2116.5	99.900001526		
1859	1.326400042		0.0035281			2117.5	99.900001526		
1859.5	1.326699972		0.00048113			2118.5	99.900001526		
1860	1.328199983		0.00050545			2119.4	99.900001526		
1860.5	1.327900052		0.0035472			2120.4	99.900001526		
1861	1.327399969		0.00049448			2121.4	99.900001526		
1861.4	1.328299999		0.00050735			2122.3	100		
1861.9	1.32889998		0.00051689			2123.3	100		
1862.4	1.329399943		0.00052547			2124.3	100		
1862.9	1.330299973		0.00053835			2125.2	100		
1863.4	1.329699993		0.0035667			2126.2	99.900001526		
1863.9	1.329200029		0.00052261			2127.2	100		
1864.3	1.330199957		0.00053787			2128.1	99.900001526		
1864.8	1.33130002		0.00055408			2129.1	99.900001526		
1865.3	1.33130002		0.0035858			2130	99.900001526		
1865.8	1.329900026		0.0035648			2131	99.699996948		
1866.3	1.33039999		0.00054169			2132	99.300003052		
1866.7	1.33099997		0.0035782			2132.9	97.5		
1867.2	1.32980001		0.003562			2133.9	90.5		
1867.7	1.33039999		0.00054216			2134.9	73.5		
1868.2	1.331099987		0.0035782			2135.8	58.200000763		
1868.7	1.330199957		0.0035653			2136.8	55.299999237		
1869.2	1.329200029		0.0035534			2137.8	58.599998474		
1869.6	1.329399943		0.00052643			2138.7	63.599998474		
1870.1	1.33070004		0.00054789			2139.7	69.699996948		
1870.6	1.332100034		0.00056744			2140.7	76		
1871.1	1.33220005		0.0035882			2141.6	82		
1871.6	1.33130002		0.0035763			2142.6	87.5		
1872.1	1.33039999		0.0035648			2143.6	92.900001526		
1872.5	1.331099987		0.00055456			2144.5	96.699996948		
1873	1.331799984		0.003582			2145.5	98		
1873.5	1.33099997		0.0035691			2146.4	98.300003052		
1874	1.33010006		0.0035558			2147.4	98.5		
1874.5	1.330299973		0.00054359			2148.4	98.699996948		
1874.9	1.331699967		0.0005641			2149.3	98.800003052		
1875.4	1.333099961		0.00058603			2150.3	98.900001526		
1875.9	1.333299994		0.0035958			2151.3	98.900001526		
1876.4	1.332499981		0.0035863			2152.2	99		
1876.9	1.332100034		0.0035787			2153.2	99		
1877.4	1.331500053		0.0035701			2154.2	99.099998474		
1877.8	1.332399964		0.00057316			2155.1	99.099998474		
1878.3	1.333299994		0.0035911			2156.1	99.099998474		
1878.8	1.332800031		0.0035863			2157.1	99.199996948		
1879.3	1.332599998		0.0035825			2158	99.199996948		
1879.8	1.332499981		0.0035825			2159	99.199996948		
1880.2	1.332499981		0.0035806			2159.9	99.199996948		
1880.7	1.332499981		0.0035791			2160.9	99.300003052		
1881.2	1.332499981		0.0035787			2161.9	99.300003052		
1881.7	1.332499981		0.0035777			2162.8	99.300003052		
1882.2	1.332599998		0.0035782			2163.8	99.300003052		
1882.7	1.332599998		0.0035787			2164.8	99.300003052		
1883.1	1.332700014		0.0035787			2165.7	99.300003052		
1883.6	1.332700014		0.0035787			2166.7	99.300003052		
1884.1	1.332800031		0.0035782			2167.7	99.300003052		
1884.6	1.332800031		0.0035787			2168.6	99.300003052		
1885.1	1.332900047		0.0035796			2169.6	99.300003052		
1885.6	1.332999945		0.0035801			2170.6	99.300003052		
1886	1.333099961		0.0035806			2171.5	99.300003052		
1886.5	1.333199978		0.0035796			2172.5	99.300003052		
1887	1.333299994		0.0035796			2173.5	99.300003052		
1887.5	1.333400011		0.0035815			2174.4	99.300003052		
1888	1.333600044		0.003583			2175.4	99.300003052		
1888.4	1.333799958		0.0035858			2176.3	99.300003052		
1888.9	1.333999991		0.0035877			2177.3	99.300003052		
1889.4	1.334400058		0.003592			2178.3	99.300003052		
1889.9	1.335299969		0.003602			2179.2	99.300003052		
1890.4	1.335199952		0.0065856			2180.2	99.300003052		
1890.9	1.334100008		0.0065751			2181.2	99.300003052		
1891.3	1.333500028		0.0065665			2182.1	99.300003052		
1891.8	1.332999945		0.0065608			2183.1	99.400001526		
1892.3	1.332499981		0.0065522			2184.1	99.300003052		
1892.8	1.331900001		0.0065451			2185	99.400001526		
1893.3	1.330899954		0.0065331			2186	99.400001526		
1893.8	1.330800056		0.00354			2187	99.300003052		
1894.2	1.331699967		0.0035501			2187.9	99.400001526		
1894.7	1.332100034		0.0035558			2188.9	99.400001526		
1895.2	1.332399964		0.0035591			2189.8	99.400001526		
1895.7	1.332599998		0.0035615			2190.8	99.400001526		
1896.2	1.332700014		0.0035605			2191.8	99.400001526		
1896.6	1.332900047		0.0035625			2192.7	99.400001526		
1897.1	1.332999945		0.0035644			2193.7	99.400001526		
1897.6	1.333099961		0.0035653			2194.7	99.400001526		
1898.1	1.333099961		0.0035658			2195.6	99.400001526		
1898.6	1.333199978		0.0035639			2196.6	99.400001526		
1899.1	1.333299994		0.0035653			2197.6	99.400001526		
1899.5	1.333299994		0.0035658			2198.5	99.400001526		
1900	1.333299994		0.0035634			2199.5	99.400001526		
1900.5	1.333299994		0.0035625			2200.5	99.400001526		
1901	1.333099961		0.0035605			2201.4	99.400001526		
1901.5	1.332599998		0.0035524			2202.4	99.400001526		
1901.9	1.333099961		0.00059319			2203.3	99.400001526		
1902.4	1.335100055		0.00062132			2204.3	99.400001526		
1902.9	1.335600019		0.0035906			2205.3	99.400001526		
1903.4	1.335000038		0.003582			2206.2	99.400001526		
1903.9	1.334800005		0.0035796			2207.2	99.400001526		
1904.4	1.334699988		0.0035768			2208.2	99.400001526		
1904.8	1.334599972		0.0035744			2209.1	99.400001526		
1905.3	1.334499955		0.0035725			2210.1	99.5		
1905.8	1.333999991		0.0035672			2211.1	99.5		
1906.3	1.335000038		0.00062323			2212	99.5		
1906.8	1.335999966		0.0035892			2213	99.5		
1907.3	1.335500002		0.0035834			2214	99.5		
1907.7	1.335399985		0.003582			2214.9	99.5		
1908.2	1.335299969		0.0035796			2215.9	99.5		
1908.7	1.335199952		0.0035791			2216.9	99.5		
1909.2	1.335100055		0.0035763			2217.8	99.5		
1909.7	1.334699988		0.0035691			2218.8	99.5		
1910.1	1.335600019		0.00063229			2219.7	99.5		
1910.6	1.336599946		0.003593			2220.7	99.5		
1911.1	1.336099982		0.0035863			2221.7	99.5		
1911.6	1.335999966		0.003583			2222.6	99.5		
1912.1	1.335899949		0.003582			2223.6	99.5		
1912.6	1.335700035		0.0035782			2224.6	99.5		
1913	1.335199952		0.0035729			2225.5	99.5		
1913.5	1.336099982		0.00064182			2226.5	99.5		
1914	1.337000012		0.003593			2227.5	99.5		
1914.5	1.336099982		0.0035815			2228.4	99.599998474		
1915	1.336899996		0.00065184			2229.4	99.599998474		
1915.5	1.337800026		0.0036011			2230.4	99.599998474		
1915.9	1.337299943		0.0035949			2231.3	99.599998474		
1916.4	1.337200046		0.0035925			2232.3	99.599998474		
1916.9	1.337100029		0.0035911			2233.2	99.599998474		
1917.4	1.337100029		0.0035901			2234.2	99.599998474		
1917.9	1.337100029		0.0035901			2235.2	99.599998474		
1918.3	1.337100029		0.0035901			2236.1	99.599998474		
1918.8	1.337100029		0.0035901			2237.1	99.599998474		
1919.3	1.337000012		0.0035882			2238.1	99.599998474		
1919.8	1.336899996		0.0035858			2239	99.599998474		
1920.3	1.336699963		0.0035815			2240	99.599998474		
1920.8	1.336099982		0.0035763			2241	99.599998474		
1921.2	1.336500049		0.00064754			2241.9	99.699996948		
1921.7	1.33829999		0.00067282			2242.9	99.699996948		
1922.2	1.33829999		0.0036011			2243.9	99.699996948		
1922.7	1.338700056		0.00068045			2244.8	99.699996948		
1923.2	1.339400053		0.003612			2245.8	99.699996948		
1923.7	1.338700056		0.0036035			2246.7	99.699996948		
1924.1	1.338400006		0.0035992			2247.7	99.699996948		
1924.6	1.338099957		0.0035944			2248.7	99.699996948		
1925.1	1.337499976		0.0035863			2249.6	99.699996948		
1925.6	1.338199973		0.00067282			2250.6	99.800003052		
1926.1	1.338600039		0.0035977			2251.6	99.699996948		
1926.5	1.338799953		0.00068283			2252.5	99.800003052		
1927	1.338999987		0.003602			2253.5	99.800003052		
1927.5	1.33889997		0.00068331			2254.5	99.800003052		
1928	1.340399981		0.0007062			2255.4	99.800003052		
1928.5	1.340600014		0.0036197			2256.4	99.800003052		
1929	1.339300036		0.0036044			2257.4	99.800003052		
1929.4	1.339599967		0.00069475			2258.3	99.800003052		
1929.9	1.341300011		0.00071764			2259.3	99.800003052		
1930.4	1.341699958		0.0036302			2260.3	99.800003052		
1930.9	1.340999961		0.0036192			2261.2	99.800003052		
1931.4	1.340600014		0.0036149			2262.2	99.800003052		
1931.8	1.340199947		0.0036106			2263.1	99.800003052		
1932.3	1.33949995		0.0036025			2264.1	99.800003052		
1932.8	1.339900017		0.00070047			2265.1	99.800003052		
1933.3	1.341599941		0.00072241			2266	99.800003052		
1933.8	1.341500044		0.003624			2267	99.800003052		
1934.3	1.341699958		0.00072622			2268	99.800003052		
1934.7	1.342000008		0.0036268			2268.9	99.800003052		
1935.2	1.342300057		0.00073576			2269.9	99.800003052		
1935.7	1.343099952		0.0036383			2270.9	99.800003052		
1936.2	1.342499971		0.0036321			2271.8	99.800003052		
1936.7	1.342200041		0.0036283			2272.8	99.800003052		
1937.2	1.342100024		0.0036259			2273.8	99.800003052		
1937.6	1.341899991		0.003623			2274.7	99.800003052		
1938.1	1.341699958		0.0036192			2275.7	99.800003052		
1938.6	1.340999961		0.0036125			2276.6	99.800003052		
1939.1	1.341500044		0.00072384			2277.6	99.800003052		
1939.6	1.343199968		0.00074911			2278.6	99.800003052		
1940	1.343600035		0.0036387			2279.5	99.800003052		
1940.5	1.342700005		0.0036292			2280.5	99.800003052		
1941	1.341699958		0.0036178			2281.5	99.800003052		
1941.5	1.341899991		0.00073004			2282.4	99.800003052		
1942	1.343000054		0.0007453			2283.4	99.800003052		
1942.5	1.343799949		0.00075722			2284.4	99.800003052		
1942.9	1.344499946		0.00076771			2285.3	99.800003052		
1943.4	1.345600009		0.00078011			2286.3	99.800003052		
1943.9	1.345600009		0.0036569			2287.3	99.800003052		
1944.4	1.344200015		0.0036416			2288.2	99.800003052		
1944.9	1.344400048		0.0007658			2289.2	99.800003052		
1945.4	1.346099973		0.0007863			2290.2	99.800003052		
1945.8	1.346400023		0.0036654			2291.1	99.800003052		
1946.3	1.345600009		0.0036569			2292.1	99.800003052		
1946.8	1.345199943		0.0036497			2293	99.800003052		
1947.3	1.344400048		0.0036407			2294	99.900001526		
1947.8	1.344799995		0.00077295			2295	99.800003052		
1948.2	1.346500039		0.00079393			2295.9	99.900001526		
1948.7	1.346699953		0.003664			2296.9	99.900001526		
1949.2	1.345399976		0.0036492			2297.9	99.800003052		
1949.7	1.345600009		0.00078249			2298.8	99.900001526		
1950.2	1.347100019		0.00080299			2299.8	99.900001526		
1950.7	1.346899986		0.003664			2300.8	99.800003052		
1951.1	1.346600056		0.00079536			2301.7	99.900001526		
1951.6	1.3477		0.00081062			2302.7	99.900001526		
1952.1	1.348999977		0.00082922			2303.7	99.900001526		
1952.6	1.349099994		0.0036883			2304.6	99.800003052		
1953.1	1.34800005		0.003674			2305.6	99.800003052		
1953.5	1.34860003		0.00082445			2306.5	99.900001526		
1954	1.349300027		0.0036874			2307.5	99.900001526		
1954.5	1.34829998		0.003675			2308.5	99.900001526		
1955	1.349099994		0.00083017			2309.4	99.900001526		
1955.5	1.349900007		0.0036912			2310.4	99.900001526		
1956	1.349300027		0.0036855			2311.4	99.900001526		
1956.4	1.348799944		0.0036783			2312.3	99.900001526		
1956.9	1.349699974		0.0008378			2313.3	99.900001526		
1957.4	1.350600004		0.0036969			2314.3	99.900001526		
1957.9	1.35010004		0.0036922			2315.2	99.900001526		
1958.4	1.350000024		0.0036893			2316.2	99.900001526		
1958.9	1.349799991		0.003686			2317.2	99.900001526		
1959.3	1.349400043		0.0036821			2318.1	99.900001526		
1959.8	1.350299954		0.00084734			2319.1	99.900001526		
1960.3	1.351099968		0.0036988			2320.1	99.900001526		
1960.8	1.350299954		0.0036898			2321	99.900001526		
1961.3	1.351099968		0.00085545			2322	99.900001526		
1961.7	1.351799965		0.0037045			2322.9	99.900001526		
1962.2	1.350800037		0.0036941			2323.9	99.800003052		
1962.7	1.351300001		0.00085831			2324.9	99.900001526		
1963.2	1.353099942		0.0008831			2325.8	99.800003052		
1963.7	1.353700042		0.0037198			2326.8	99.900001526		
1964.2	1.353199959		0.0037155			2327.8	99.800003052		
1964.6	1.353000045		0.0037131			2328.7	99.900001526		
1965.1	1.353000045		0.0037141			2329.7	99.800003052		
1965.6	1.353000045		0.0037122			2330.7	99.800003052		
1966.1	1.353000045		0.0037117			2331.6	99.900001526		
1966.6	1.353000045		0.0037127			2332.6	99.900001526		
1967.1	1.352900028		0.0037093			2333.6	99.900001526		
1967.5	1.352300048		0.0037036			2334.5	99.800003052		
1968	1.352800012		0.00087976			2335.5	99.900001526		
1968.5	1.354200006		0.00089693			2336.4	99.800003052		
1969	1.355499983		0.00091219			2337.4	99.800003052		
1969.5	1.355499983		0.0037308			2338.4	99.800003052		
1969.9	1.355800033		0.00091553			2339.3	99.900001526		
1970.4	1.35650003		0.0037413			2340.3	99.900001526		
1970.9	1.355900049		0.0037336			2341.3	99.800003052		
1971.4	1.355200052		0.0037274			2342.2	99.900001526		
1971.9	1.355499983		0.00091505			2343.2	99.699996948		
1972.4	1.356999993		0.00093174			2344.2	99.699996948		
1972.8	1.358500004		0.00094748			2345.1	99.599998474		
1973.3	1.358899951		0.0037575			2346.1	99.699996948		
1973.8	1.358299971		0.0037532			2347.1	99.800003052		
1974.3	1.358100057		0.0037503			2348	99.900001526		
1974.8	1.357599974		0.003746			2349	99.900001526		
1975.3	1.35860002		0.00094986			2349.9	99.900001526		
1975.7	1.359500051		0.0037622			2350.9	99.900001526		
1976.2	1.358700037		0.0037546			2351.9	99.900001526		
1976.7	1.359599948		0.00096083			2352.8	99.900001526		
1977.2	1.360599995		0.0037704			2353.8	99.900001526		
1977.7	1.360100031		0.0037661			2354.8	99.900001526		
1978.1	1.359599948		0.0037599			2355.7	99.900001526		
1978.6	1.360200047		0.0009675			2356.7	99.900001526		
1979.1	1.362200022		0.00098944			2357.7	99.800003052		
1979.6	1.362800002		0.0037866			2358.6	99.900001526		
1980.1	1.362400055		0.0037832			2359.6	99.900001526		
1980.6	1.362400055		0.0037827			2360.6	99.800003052		
1981	1.362499952		0.0037813			2361.5	99.900001526		
1981.5	1.362499952		0.0037808			2362.5	99.900001526		
1982	1.362100005		0.0037785			2363.5	99.800003052		
1982.5	1.362900019		0.00099707			2364.4	99.900001526		
1983	1.364899993		0.001018			2365.4	99.900001526		
1983.4	1.36559999		0.0038042			2366.3	99.900001526		
1983.9	1.365200043		0.0038004			2367.3	99.900001526		
1984.4	1.364799976		0.0037966			2368.3	99.900001526		
1984.9	1.36590004		0.001029			2369.2	99.900001526		
1985.4	1.3671		0.0038142			2370.2	99.900001526		
1985.9	1.366799951		0.0038109			2371.2	99.900001526		
1986.3	1.366600037		0.003809			2372.1	99.900001526		
1986.8	1.367900014		0.0010486			2373.1	99.900001526		
1987.3	1.369099975		0.0038257			2374.1	99.900001526		
1987.8	1.369099975		0.0038271			2375	99.900001526		
1988.3	1.369400024		0.0038285			2376	99.900001526		
1988.8	1.369899988		0.0038309			2377	99.900001526		
1989.2	1.370399952		0.0038342			2377.9	99.900001526		
1989.7	1.370900035		0.0038376			2378.9	99.900001526		
1990.2	1.371600032		0.0038414			2379.8	99.900001526		
1990.7	1.372300029		0.0038457			2380.8	99.900001526		
1991.2	1.373200059		0.0038514			2381.8	99.900001526		
1991.6	1.37469995		0.0038619			2382.7	99.900001526		
1992.1	1.375200033		0.0066152			2383.7	99.900001526		
1992.6	1.375100017		0.0066128			2384.7	99.900001526		
1993.1	1.375499964		0.0066142			2385.6	99.900001526		
1993.6	1.37650001		0.0066175			2386.6	99.900001526		
1994.1	1.376799941		0.0093675			2387.6	99.900001526		
1994.5	1.37650001		0.0093665			2388.5	99.900001526		
1995	1.376999974		0.0093651			2389.5	99.900001526		
1995.5	1.376799941		0.012117			2390.5	99.900001526		
1996	1.375699997		0.012114			2391.4	99.900001526		
1996.5	1.375200033		0.012111			2392.4	99.900001526		
1997	1.374799967		0.012109			2393.4	100		
1997.4	1.37440002		0.012106			2394.3	99.900001526		
1997.9	1.37409997		0.012105			2395.3	99.900001526		
1998.4	1.37349999		0.012102			2396.2	99.900001526		
1998.9	1.372599959		0.012099			2397.2	99.900001526		
1999.4	1.372400045		0.0093389			2398.2	99.900001526		
1999.8	1.373000026		0.0093393			2399.1	99.900001526		
2000.3	1.372699976		0.0093365			2400.1	99.900001526		
2000.8	1.373100042		0.0065875			2401.1	100		
2001.3	1.374199986		0.0065894			2402	99.900001526		
2001.8	1.374300003		0.0065908			2403	100		
2002.3	1.375200033		0.0038548			2404	99.900001526		
2002.7	1.376899958		0.0038638			2404.9	99.900001526		
2003.2	1.378100038		0.0038691			2405.9	99.900001526		
2003.7	1.379199982		0.0038757			2406.9	99.900001526		
2004.2	1.380100012		0.003881			2407.8	100		
2004.7	1.381000042		0.0038848			2408.8	100		
2005.1	1.381899953		0.0038877			2409.7	99.900001526		
2005.6	1.382799983		0.0038915			2410.7	100		
2006.1	1.383700013		0.0038962			2411.7	99.900001526		
2006.6	1.384500027		0.0038991			2412.6	99.900001526		
2007.1	1.385400057		0.003902			2413.6	99.900001526		
2007.6	1.386199951		0.0039053			2414.6	99.900001526		
2008	1.387099981		0.0039086			2415.5	99.900001526		
2008.5	1.388000011		0.003911			2416.5	99.900001526		
2009	1.388900042		0.0039144			2417.5	100		
2009.5	1.389799953		0.0039167			2418.4	99.900001526		
2010	1.390799999		0.0039196			2419.4	99.900001526		
2010.5	1.391700029		0.003921			2420.4	99.900001526		
2010.9	1.392699957		0.0039248			2421.3	99.900001526		
2011.4	1.39380002		0.0039272			2422.3	100		
2011.9	1.394999981		0.0039291			2423.2	99.900001526		
2012.4	1.396700025		0.0039334			2424.2	99.900001526		
2012.9	1.397400022		0.0066175			2425.2	99.900001526		
2013.3	1.397099972		0.0066171			2426.1	99.900001526		
2013.8	1.396900058		0.0066156			2427.1	99.900001526		
2014.3	1.397699952		0.0039353			2428.1	99.900001526		
2014.8	1.399399996		0.0039368			2429	100		
2015.3	1.40079999		0.0039401			2430	100		
2015.8	1.40199995		0.0039411			2431	100		
2016.2	1.403300047		0.003942			2431.9	99.900001526		
2016.7	1.404500008		0.0039425			2432.9	99.900001526		
2017.2	1.405799985		0.0039411			2433.9	99.900001526		
2017.7	1.407099962		0.0039415			2434.8	100		
2018.2	1.408400059		0.003942			2435.8	100		
2018.7	1.409700036		0.0039411			2436.8	99.900001526		
2019.1	1.411000013		0.003942			2437.7	99.900001526		
2019.6	1.412400007		0.0039396			2438.7	100		
2020.1	1.413599968		0.0039377			2439.6	99.900001526		
2020.6	1.414499998		0.0039377			2440.6	99.900001526		
2021.1	1.416399956		0.0013018			2441.6	100		
2021.5	1.419199944		0.0013018			2442.5	100		
2022	1.422099948		0.0013003			2443.5	99.900001526		
2022.5	1.424100041		0.0039177			2444.5	100		
2023	1.425099969		0.0039129			2445.4	100		
2023.5	1.426499963		0.0039091			2446.4	99.900001526		
2024	1.427700043		0.0039053			2447.4	99.900001526		
2024.4	1.42990005		0.0012908			2448.3	100		
2024.9	1.432999969		0.0012846			2449.3	100		
2025.4	1.435899973		0.0012746			2450.3	99.900001526		
2025.9	1.439200044		0.0012646			2451.2	99.900001526		
2026.4	1.441200018		0.00384			2452.2	100		
2026.8	1.443500042		0.0012455			2453.1	99.900001526		
2027.3	1.44749999		0.0012264			2454.1	99.900001526		
2027.8	1.450500011		0.0037766			2455.1	100		
2028.3	1.452499986		0.0037599			2456	100		
2028.8	1.456200004		0.0011725			2457	99.900001526		
2029.3	1.460199952		0.0036912			2458	100		
2029.7	1.46329999		0.0036612			2458.9	99.900001526		
2030.2	1.466899991		0.0036225			2459.9	100		
2030.7	1.470800042		0.0035796			2460.9	100		
2031.2	1.47510004		0.0035291			2461.8	99.900001526		
2031.7	1.479799986		0.0034685			2462.8	100		
2032.2	1.485000014		0.0033984			2463.8	99.900001526		
2032.6	1.490800023		0.0033145			2464.7	99.900001526		
2033.1	1.497599959		0.0032067			2465.7	100		
2033.6	1.504600048		0.0055594			2466.7	99.900001526		
2034.1	1.510900021		0.0079041			2467.6	99.900001526		
2034.6	1.51820004		0.0077376			2468.6	100		
2035	1.52699995		0.0099721			2469.5	99.900001526		
2035.5	1.535300016		0.014624			2470.5	100		
2036	1.543799996		0.016783001			2471.5	100		
2036.5	1.553300023		0.021294			2472.4	100		
2037	1.56340003		0.025723999			2473.4	99.900001526		
2037.5	1.573899984		0.032485001			2474.4	100		
2037.9	1.584699988		0.03915			2475.3	99.900001526		
2038.4	1.596099973		0.048103999			2476.3	99.900001526		
2038.9	1.606999993		0.059413001			2477.3	100		
2039.4	1.617699981		0.070658997			2478.2	100		
2039.9	1.628600001		0.084234998			2479.2	99.900001526		
2040.4	1.638900042		0.10024			2480.2	99.900001526		
2040.8	1.647600055		0.11885			2481.1	99.900001526		
2041.3	1.654700041		0.137710005			2482.1	99.900001526		
2041.8	1.66110003		0.156739995			2483	100		
2042.3	1.666800022		0.178529993			2484	100		
2042.8	1.669399977		0.203539997			2485	99.900001526		
2043.2	1.671000004		0.223869994			2485.9	99.900001526		
2043.7	1.671800017		0.249829993			2486.9	99.900001526		
2044.2	1.670799971		0.273900002			2487.9	100		
2044.7	1.668400049		0.30133			2488.8	100		
2045.2	1.663800001		0.32980001			2489.8	100		
2045.7	1.656900048		0.359400004			2490.8	99.900001526		
2046.1	1.646299958		0.393539995			2491.7	100		
2046.6	1.630399942		0.427100003			2492.7	100		
2047.1	1.609699965		0.460000008			2493.7	99.900001526		
2047.6	1.583799958		0.492449999			2494.6	99.900001526		
2048.1	1.552399993		0.521309972			2495.6	99.900001526		
2048.6	1.51639998		0.546159983			2496.6	100		
2049	1.477900028		0.562629998			2497.5	99.900001526		
2049.5	1.437600017		0.576780021			2498.5	99.900001526		
2050	1.395900011		0.584890008			2499.4	100		
2050.5	1.353500009		0.586290002								
2051	1.31159997		0.583790004								
2051.4	1.271399975		0.573090017								
2051.9	1.233399987		0.561119974								
2052.4	1.197700024		0.544030011								
2052.9	1.163800001		0.521830022								
2053.4	1.135100007		0.497060001								
2053.9	1.109699965		0.470499992								
2054.3	1.087700009		0.442189991								
2054.8	1.069700003		0.412090003								
2055.3	1.056499958		0.380180001								
2055.8	1.048300028		0.350690007								
2056.3	1.042999983		0.324360013								
2056.7	1.038400054		0.301809996								
2057.2	1.036000013		0.274969995								
2057.7	1.035599947		0.255650014								
2058.2	1.034000039		0.236619994								
2058.7	1.033599973		0.213699996								
2059.2	1.0352		0.194490001								
2059.6	1.037400007		0.175420001								
2060.1	1.040300012		0.156489998								
2060.6	1.04460001		0.137700006								
2061.1	1.050300002		0.119110003								
2061.6	1.058200002		0.100769997								
2062.1	1.067299962		0.086317003								
2062.5	1.076699972		0.072169997								
2063	1.087700009		0.058341								
2063.5	1.099799991		0.048232999								
2064	1.110999942		0.041678								
2064.5	1.121000051		0.035234001								
2064.9	1.130699992		0.028907999								
2065.4	1.141000032		0.022714								
2065.9	1.151200056		0.019808								
2066.4	1.160599947		0.016922999								
2066.9	1.168499947		0.017161001								
2067.4	1.175600052		0.014258								
2067.8	1.182199955		0.014454								
2068.3	1.18840003		0.011562								
2068.8	1.194300056		0.011745								
2069.3	1.200199962		0.008882								
2069.8	1.206400037		0.0090752								
2070.3	1.211599946		0.0092311								
2070.7	1.216300011		0.0093679								
2071.2	1.220600009		0.00949								
2071.7	1.224599957		0.0095978								
2072.2	1.228299975		0.0096955								
2072.7	1.23179996		0.0097847								
2073.1	1.234899998		0.0098648								
2073.6	1.237699986		0.0099344								
2074.1	1.24000001		0.0099869								
2074.6	1.243000031		0.0071368								
2075.1	1.246799946		0.0072351								
2075.6	1.25		0.0073171								
2076	1.253000021		0.0073905								
2076.5	1.255800009		0.0074573								
2077	1.25849998		0.0075207								
2077.5	1.261000037		0.0075774								
2078	1.263499975		0.0076332								
2078.4	1.265900016		0.0076847								
2078.9	1.26820004		0.0077357								
2079.4	1.270400047		0.0077825								
2079.9	1.272600055		0.0078292								
2080.4	1.274799943		0.0078726								
2080.9	1.276900053		0.0079145								
2081.3	1.279000044		0.0079556								
2081.8	1.281000018		0.0079937								
2082.3	1.283100009		0.0080323								
2082.8	1.285099983		0.0080705								
2083.3	1.287099957		0.0081072								
2083.8	1.289199948		0.0081425								
2084.2	1.291300058		0.0081782								
2084.7	1.293499947		0.0082164								
2085.2	1.295899987		0.0082564								
2085.7	1.298699975		0.0083022								
2086.2	1.300799966		0.011115								
2086.6	1.30219996		0.011133								
2087.1	1.3046		0.011164								
2087.6	1.306499958		0.013959								
2088.1	1.308200002		0.013973								
2088.6	1.309700012		0.016752999								
2089.1	1.311100006		0.016762								
2089.5	1.312899947		0.019536								
2090	1.313699961		0.022299999								
2090.5	1.313699961		0.025064999								
2091	1.312999964		0.027832								
2091.5	1.311300039		0.030603999								
2092	1.307700038		0.033394001								
2092.4	1.304100037		0.030599								
2092.9	1.302099943		0.027795								
2093.4	1.300600052		0.024991								
2093.9	1.300699949		0.019407								
2094.4	1.30219996		0.016638								
2094.8	1.303900003		0.01388								
2095.3	1.306100011		0.011141								
2095.8	1.309399962		0.0084305								
2096.3	1.312700033		0.0084767								
2096.8	1.315199971		0.0085101								
2097.3	1.317399979		0.0085397								
2097.7	1.319399953		0.008563								
2098.2	1.321200013		0.008585								
2098.7	1.322999954		0.008606								
2099.2	1.324599981		0.0086222								
2099.7	1.326200008		0.0086398								
2100.1	1.327700019		0.008656								
2100.6	1.328999996		0.0086703								
2101.1	1.329900026		0.0086784								
2101.6	1.331599951		0.0060024								
2102.1	1.334200025		0.0060334								
2102.6	1.336400032		0.0060582								
2103	1.338400006		0.0060811								
2103.5	1.340399981		0.0061026								
2104	1.342300057		0.006124								
2104.5	1.344200015		0.0061417								
2105	1.346099973		0.0061603								
2105.5	1.34800005		0.0061784								
2105.9	1.350000024		0.006196								
2106.4	1.351899981		0.0062141								
2106.9	1.353899956		0.0062289								
2107.4	1.355800033		0.0062461								
2107.9	1.357900023		0.0062613								
2108.3	1.359899998		0.0062776								
2108.8	1.361999989		0.00629								
2109.3	1.364099979		0.0063038								
2109.8	1.36619997		0.0063176								
2110.3	1.368399978		0.006331								
2110.8	1.370599985		0.0063419								
2111.2	1.372900009		0.0063529								
2111.7	1.375200033		0.0063629								
2112.2	1.377500057		0.0063734								
2112.7	1.379799962		0.0063815								
2113.2	1.381999969		0.0063872								
2113.7	1.383999944		0.0063934								
2114.1	1.386800051		0.0038276								
2114.6	1.390499949		0.0038424								
2115.1	1.394000053		0.0038533								
2115.6	1.397300005		0.0038619								
2116.1	1.40079999		0.0038676								
2116.5	1.404299974		0.0038729								
2117	1.407899976		0.0038748								
2117.5	1.411599994		0.0038738								
2118	1.415500045		0.003871								
2118.5	1.419499993		0.0038638								
2119	1.423599958		0.0038548								
2119.4	1.427999973		0.00384								
2119.9	1.432500005		0.0038233								
2120.4	1.43719995		0.003799								
2120.9	1.442000031		0.0037704								
2121.4	1.447100043		0.003737								
2121.9	1.452000022		0.0036988								
2122.3	1.457999945		0.0012054								
2122.8	1.465199947		0.0011449								
2123.3	1.472499967		0.0010743								
2123.8	1.480100036		0.00098753								
2124.3	1.488399982		0.00088072								
2124.7	1.496099949		0.0031505								
2125.2	1.504500031		0.00063658								
2125.7	1.514999986		0.00044823								
2126.2	1.525200009		0.0025783								
2126.7	1.5352		0.0023475								
2127.2	1.547299981		-4.77E-7								
2127.6	1.561800003		-4.77E-7								
2128.1	1.576400042		0.0011797								
2128.6	1.592900038		-4.77E-7								
2129.1	1.611799955		-4.77E-7								
2129.6	1.632300019		-4.77E-7								
2130	1.656499982		-4.77E-7								
2130.5	1.684399962		-4.77E-7								
2131	1.716599941		-4.77E-7								
2131.5	1.755599976		-4.77E-7								
2132	1.80369997		0.0006628								
2132.5	1.863199949		0.0070806								
2132.9	1.937700033		0.022055								
2133.4	2.028899908		0.057409								
2133.9	2.134000063		0.126550004								
2134.4	2.239099979		0.256779999								
2134.9	2.311100006		0.464969993								
2135.4	2.310899973		0.727609992								
2135.8	2.22329998		0.982410014								
2136.3	2.071199894		1.168599963								
2136.8	1.892500043		1.279500008								
2137.3	1.718099952		1.32949996								
2137.8	1.553200006		1.3477								
2138.2	1.404399991		1.342200041								
2138.7	1.265400052		1.325299978								
2139.2	1.135200024		1.287500024								
2139.7	1.016299963		1.239099979								
2140.2	0.908580005		1.177800059								
2140.7	0.81129998		1.111099958								
2141.1	0.721639991		1.039299965								
2141.6	0.639890015		0.954240024								
2142.1	0.566799998		0.865530014								
2142.6	0.494789988		0.774349988								
2143.1	0.42592001		0.651970029								
2143.6	0.387019992		0.474709988								
2144	0.415030003		0.268610001								
2144.5	0.504279971		0.124990001								
2145	0.603850007		0.069292001								
2145.5	0.68542999		0.043869								
2146	0.749239981		0.037098002								
2146.4	0.797309995		0.035052001								
2146.9	0.83506		0.032722998								
2147.4	0.86631		0.030242								
2147.9	0.89319998		0.027682001								
2148.4	0.917389989		0.025109001								
2148.9	0.937940001		0.026206								
2149.3	0.955959976		0.023424								
2149.8	0.972119987		0.024255								
2150.3	0.98684001		0.021407001								
2150.8	1.000800014		0.022109								
2151.3	1.012599945		0.022674								
2151.7	1.022500038		0.023127001								
2152.2	1.032299995		0.020159001								
2152.7	1.042199969		0.020614								
2153.2	1.050600052		0.020986								
2153.7	1.057600021		0.021286								
2154.2	1.064900041		0.018296								
2154.6	1.072700024		0.018634001								
2155.1	1.079300046		0.018913999								
2155.6	1.085000038		0.019153001								
2156.1	1.089900017		0.019345								
2156.6	1.095299959		0.01636								
2157.1	1.101400018		0.016612001								
2157.5	1.106600046		0.016821001								
2158	1.111299992		0.017007001								
2158.5	1.115700006		0.017174								
2159	1.119699955		0.017325001								
2159.5	1.123399973		0.017461								
2159.9	1.126600027		0.017579								
2160.4	1.129299998		0.017671								
2160.9	1.132699966		0.014707								
2161.4	1.136999965		0.014865								
2161.9	1.140599966		0.014997								
2162.4	1.14380002		0.015114								
2162.8	1.146900058		0.015223								
2163.3	1.149799943		0.015322								
2163.8	1.152500033		0.015414								
2164.3	1.155099988		0.015501								
2164.8	1.157600045		0.015581								
2165.3	1.15989995		0.015659001								
2165.7	1.162199974		0.015730999								
2166.2	1.164399981		0.015799999								
2166.7	1.166499972		0.015865								
2167.2	1.168499947		0.015926								
2167.7	1.170400023		0.015985001								
2168.1	1.172299981		0.016039001								
2168.6	1.174100041		0.016092001								
2169.1	1.175799966		0.016142								
2169.6	1.17750001		0.016189								
2170.1	1.179100037		0.016236								
2170.6	1.180699944		0.016279001								
2171	1.182199955		0.016318999								
2171.5	1.183599949		0.016357999								
2172	1.184999943		0.016395999								
2172.5	1.186400056		0.016432								
2173	1.187700033		0.016465999								
2173.5	1.18900001		0.016496999								
2173.9	1.190199971		0.01653								
2174.4	1.191400051		0.016558999								
2174.9	1.192600012		0.016588001								
2175.4	1.193699956		0.016612999								
2175.9	1.194800019		0.016641								
2176.3	1.195799947		0.016664								
2176.8	1.19690001		0.016688								
2177.3	1.19780004		0.016711								
2177.8	1.198799968		0.016732								
2178.3	1.199699998		0.016752999								
2178.8	1.200600028		0.016771								
2179.2	1.201400042		0.016790001								
2179.7	1.202299953		0.016807999								
2180.2	1.202999949		0.016821999								
2180.7	1.203699946		0.016836001								
2181.2	1.204300046		0.016849								
2181.6	1.20480001		0.016857								
2182.1	1.204900026		0.016853999								
2182.6	1.20599997		0.014009								
2183.1	1.208400011		0.014074								
2183.6	1.209300041		0.016957								
2184.1	1.208999991		0.016943								
2184.5	1.208600044		0.016927								
2185	1.209300041		0.014082								
2185.5	1.210899949		0.014124								
2186	1.212200046		0.014155								
2186.5	1.213600039		0.014189								
2187	1.213500023		0.017031001								
2187.4	1.213500023		0.014176								
2187.9	1.2148		0.014209								
2188.4	1.215800047		0.014232								
2188.9	1.217000008		0.014261								
2189.4	1.216799974		0.017086999								
2189.8	1.216599941		0.014241								
2190.3	1.217700005		0.014266								
2190.8	1.218500018		0.014284								
2191.3	1.219099998		0.014298								
2191.8	1.219799995		0.014311								
2192.3	1.220399976		0.01432								
2192.7	1.220900059		0.014333								
2193.2	1.221500039		0.014343								
2193.7	1.222000003		0.014352								
2194.2	1.222499967		0.014363								
2194.7	1.223099947		0.014372								
2195.2	1.223500013		0.01438								
2195.6	1.223999977		0.014389								
2196.1	1.224499941		0.014397								
2196.6	1.225000024		0.014405								
2197.1	1.225399971		0.014411								
2197.6	1.225800037		0.014419								
2198	1.226199985		0.014426								
2198.5	1.226699948		0.014432								
2199	1.227100015		0.014437								
2199.5	1.227399945		0.014443								
2200	1.227800012		0.014449								
2200.5	1.228199959		0.014454								
2200.9	1.228600025		0.014459								
2201.4	1.228899956		0.014464								
2201.9	1.229200006		0.014469								
2202.4	1.229599953		0.014472								
2202.9	1.229900002		0.014476								
2203.3	1.230200052		0.014479								
2203.8	1.230499983		0.014482								
2204.3	1.230700016		0.014486								
2204.8	1.230999947		0.014488								
2205.3	1.231299996		0.014489								
2205.8	1.23150003		0.014492								
2206.2	1.231699944		0.014493								
2206.7	1.231899977		0.014493								
2207.2	1.231999993		0.014493								
2207.7	1.23210001		0.014491								
2208.2	1.23210001		0.014487								
2208.7	1.231999993		0.014479								
2209.1	1.231400013		0.014462								
2209.6	1.231699944		0.011692								
2210.1	1.232900023		0.01172								
2210.6	1.23360002		0.011736								
2211.1	1.234200001		0.011748								
2211.5	1.234699965		0.011758								
2212	1.235100031		0.011766								
2212.5	1.235499978		0.011774								
2213	1.235900044		0.011781								
2213.5	1.236299992		0.011786								
2214	1.236600041		0.011792								
2214.4	1.236899972		0.011796								
2214.9	1.237200022		0.011801								
2215.4	1.237499952		0.011806								
2215.9	1.237800002		0.011811								
2216.4	1.238100052		0.011814								
2216.9	1.238399982		0.011818								
2217.3	1.238600016		0.01182								
2217.8	1.238899946		0.011824								
2218.3	1.239099979		0.011826								
2218.8	1.239400029		0.01183								
2219.3	1.239599943		0.011831								
2219.7	1.239799976		0.011834								
2220.2	1.24000001		0.011835								
2220.7	1.240200043		0.011838								
2221.2	1.240399957		0.011839								
2221.7	1.24059999		0.01184								
2222.2	1.240800023		0.011842								
2222.6	1.24090004		0.011842								
2223.1	1.241099954		0.011842								
2223.6	1.24119997		0.011843								
2224.1	1.241299987		0.011844								
2224.6	1.241400003		0.011843								
2225	1.24150002		0.011842								
2225.5	1.241600037		0.01184								
2226	1.241600037		0.011838								
2226.5	1.241600037		0.011833								
2227	1.24150002		0.01183								
2227.5	1.241299987		0.011819								
2227.9	1.24059999		0.011797								
2228.4	1.240800023		0.0090747								
2228.9	1.241899967		0.0091004								
2229.4	1.242499948		0.0091143								
2229.9	1.242900014		0.0091248								
2230.4	1.243299961		0.0091319								
2230.8	1.243600011		0.0091381								
2231.3	1.243899941		0.0091443								
2231.8	1.244199991		0.0091491								
2232.3	1.244500041		0.0091524								
2232.8	1.244699955		0.0091572								
2233.2	1.244899988		0.0091596								
2233.7	1.245100021		0.0091624								
2234.2	1.245300055		0.0091648								
2234.7	1.245499969		0.0091667								
2235.2	1.245700002		0.0091696								
2235.7	1.245800018		0.009171								
2236.1	1.245900035		0.009172								
2236.6	1.246099949		0.0091729								
2237.1	1.246199965		0.0091729								
2237.6	1.246299982		0.0091724								
2238.1	1.246399999		0.0091724								
2238.6	1.246399999		0.009172								
2239	1.246399999		0.0091691								
2239.5	1.246399999		0.0091653								
2240	1.246299982		0.0091596								
2240.5	1.246000051		0.0091491								
2241	1.245300055		0.0091271								
2241.4	1.245499969		0.0064349								
2241.9	1.246600032		0.0064626								
2242.4	1.247099996		0.0064769								
2242.9	1.247599959		0.0064893								
2243.4	1.247900009		0.0064969								
2243.9	1.248200059		0.0065031								
2244.3	1.24849999		0.0065084								
2244.8	1.248700023		0.0065126								
2245.3	1.248999953		0.0065179								
2245.8	1.249199986		0.0065217								
2246.3	1.249300003		0.006525								
2246.7	1.249500036		0.0065274								
2247.2	1.249600053		0.0065284								
2247.7	1.249799967		0.0065308								
2248.2	1.249799967		0.0065308								
2248.7	1.249899983		0.0065298								
2249.2	1.249899983		0.0065284								
2249.6	1.24969995		0.0065222								
2250.1	1.249199986		0.0065045								
2250.6	1.24969995		0.0038433								
2251.1	1.251299977		0.0038915								
2251.6	1.25150001		0.0065632								
2252.1	1.250200033		0.0065265								
2252.5	1.250200033		0.0038548								
2253	1.251199961		0.0038829								
2253.5	1.251700044		0.0038967								
2254	1.252099991		0.0039086								
2254.5	1.252500057		0.0039172								
2254.9	1.252799988		0.0039258								
2255.4	1.253100038		0.0039344								
2255.9	1.253399968		0.0039392								
2256.4	1.253600001		0.0039468								
2256.9	1.253900051		0.003952								
2257.4	1.254099965		0.0039577								
2257.8	1.254299998		0.0039635								
2258.3	1.254600048		0.0039668								
2258.8	1.254799962		0.0039744								
2259.3	1.254999995		0.0039792								
2259.8	1.255200028		0.0039835								
2260.3	1.255399942		0.0039864								
2260.7	1.255599976		0.0039921								
2261.2	1.255800009		0.0039964								
2261.7	1.255900025		0.0039997								
2262.2	1.256100059		0.0040035								
2262.7	1.256299973		0.0040073								
2263.1	1.256500006		0.0040116								
2263.6	1.256600022		0.004015								
2264.1	1.256800056		0.0040169								
2264.6	1.256999969		0.0040231								
2265.1	1.257099986		0.0040255								
2265.6	1.257300019		0.0040298								
2266	1.257500052		0.0040317								
2266.5	1.25759995		0.0040355								
2267	1.257799983		0.0040383								
2267.5	1.2579		0.0040421								
2268	1.258100033		0.0040431								
2268.5	1.258200049		0.0040479								
2268.9	1.258399963		0.0040498								
2269.4	1.25849998		0.0040536								
2269.9	1.258599997		0.0040555								
2270.4	1.25880003		0.0040588								
2270.9	1.258900046		0.0040603								
2271.3	1.258999944		0.0040636								
2271.8	1.259199977		0.0040665								
2272.3	1.259299994		0.0040679								
2272.8	1.25940001		0.0040708								
2273.3	1.259500027		0.0040727								
2273.8	1.259699941		0.0040751								
2274.2	1.259799957		0.0040774								
2274.7	1.259899974		0.0040798								
2275.2	1.25999999		0.0040803								
2275.7	1.260100007		0.0040846								
2276.2	1.260200024		0.0040846								
2276.6	1.26030004		0.0040865								
2277.1	1.260400057		0.004087								
2277.6	1.260499954		0.0040889								
2278.1	1.260599971		0.0040889								
2278.6	1.260599971		0.0040889								
2279.1	1.260599971		0.004087								
2279.5	1.26030004		0.0040765								
2280	1.261199951		0.001492								
2280.5	1.262099981		0.004128								
2281	1.261800051		0.0041175								
2281.5	1.261800051		0.0041146								
2282	1.261800051		0.0041142								
2282.4	1.261899948		0.0041137								
2282.9	1.261899948		0.0041146								
2283.4	1.261999965		0.0041156								
2283.9	1.262099981		0.004117								
2284.4	1.262099981		0.004117								
2284.8	1.262199998		0.0041184								
2285.3	1.262300014		0.0041189								
2285.8	1.262400031		0.0041184								
2286.3	1.262400031		0.0041203								
2286.8	1.262500048		0.0041203								
2287.3	1.262599945		0.0041218								
2287.7	1.262599945		0.0041218								
2288.2	1.262699962		0.0041213								
2288.7	1.262699962		0.0041227								
2289.2	1.262799978		0.0041232								
2289.7	1.262799978		0.0041223								
2290.2	1.262899995		0.0041223								
2290.6	1.262899995		0.0041227								
2291.1	1.262899995		0.0041203								
2291.6	1.262899995		0.0041194								
2292.1	1.262899995		0.0041175								
2292.6	1.262799978		0.0041137								
2293	1.262699962		0.0041089								
2293.5	1.262300014		0.0040956								
2294	1.263000011		0.0015249								
2294.5	1.263700008		0.0041337								
2295	1.263000011		0.0041137								
2295.5	1.262300014		0.0040894								
2295.9	1.262400031		0.0015044								
2296.4	1.263599992		0.0015378								
2296.9	1.264600039		0.0015683								
2297.4	1.264500022		0.0041509								
2297.9	1.263200045		0.0041108								
2298.4	1.263100028		0.0015211								
2298.8	1.264000058		0.0015459								
2299.3	1.264500022		0.0015597								
2299.8	1.264899969		0.0015721								
2300.3	1.265599966		0.0015936								
2300.8	1.264999986		0.0041528								
2301.2	1.264400005		0.0015559								
2301.7	1.264999986		0.001574								
2302.2	1.265400052		0.001585								
2302.7	1.265699983		0.0015936								
2303.2	1.266000032		0.0016017								
2303.7	1.26639998		0.0016122								
2304.1	1.26699996		0.0016294								
2304.6	1.266499996		0.0041857								
2305.1	1.266199946		0.0016055								
2305.6	1.266000032		0.0041699								
2306.1	1.265499949		0.0015807								
2306.5	1.266100049		0.0015988								
2307	1.26639998		0.0016098								
2307.5	1.266700029		0.001616								
2308	1.266899943		0.0016217								
2308.5	1.267199993		0.0016284								
2309	1.267500043		0.001636								
2309.4	1.268000007		0.0016508								
2309.9	1.26730001		0.0041957								
2310.4	1.266700029		0.0016127								
2310.9	1.267199993		0.0016265								
2311.4	1.267500043		0.0016351								
2311.9	1.267699957		0.0016408								
2312.3	1.26789999		0.0016446								
2312.8	1.268100023		0.0016503								
2313.3	1.26820004		0.0016537								
2313.8	1.268399954		0.001658								
2314.3	1.268599987		0.0016642								
2314.7	1.268900037		0.0016708								
2315.2	1.269400001		0.0016861								
2315.7	1.268700004		0.0042195								
2316.2	1.268000007		0.0016427								
2316.7	1.268599987		0.0016589								
2317.2	1.26880002		0.0016656								
2317.6	1.269000053		0.0016704								
2318.1	1.269199967		0.0016751								
2318.6	1.269400001		0.0016785								
2319.1	1.269500017		0.0016832								
2319.6	1.26970005		0.0016856								
2320.1	1.269799948		0.0016899								
2320.5	1.269999981		0.0016952								
2321	1.270099998		0.0016975								
2321.5	1.270300031		0.0017028								
2322	1.270499945		0.0017076								
2322.5	1.270699978		0.0017133								
2322.9	1.271000028		0.0017219								
2323.4	1.271700025		0.0017395								
2323.9	1.271100044		0.0042639								
2324.4	1.270699978		0.001708								
2324.9	1.271800041		0.0017419								
2325.4	1.271700025		0.0042768								
2325.8	1.270400047		0.00424								
2326.3	1.270400047		0.001699								
2326.8	1.271700025		0.0017366								
2327.3	1.271700025		0.0042734								
2327.8	1.270499945		0.0042367								
2328.2	1.270499945		0.0017004								
2328.7	1.271900058		0.001739								
2329.2	1.271900058		0.0042748								
2329.7	1.270799994		0.0042405								
2330.2	1.271199942		0.0017152								
2330.7	1.271499991		0.0042596								
2331.1	1.270400047		0.0042257								
2331.6	1.270400047		0.001689								
2332.1	1.271299958		0.0017176								
2332.6	1.272199988		0.0017428								
2333.1	1.271800041		0.0042601								
2333.6	1.271499991		0.0017209								
2334	1.272699952		0.0017562								
2334.5	1.272699952		0.0042825								
2335	1.271499991		0.0042467								
2335.5	1.271600008		0.0017219								
2336	1.273000002		0.0017633								
2336.4	1.273300052		0.004293								
2336.9	1.272600055		0.0042729								
2337.4	1.272199988		0.0042605								
2337.9	1.271800041		0.0042477								
2338.4	1.271100044		0.0042281								
2338.9	1.271399975		0.0017099								
2339.3	1.272699952		0.0017495								
2339.8	1.272600055		0.0042648								
2340.3	1.272500038		0.0017405								
2340.8	1.273800015		0.0017786								
2341.3	1.274099946		0.0043039								
2341.8	1.273300052		0.0042787								
2342.2	1.274099946		0.0017858								
2342.7	1.275500059		0.0043349								
2343.2	1.27489996		0.0068359								
2343.7	1.273800015		0.0068073								
2344.2	1.273599982		0.0068007								
2344.6	1.272500038		0.009295								
2345.1	1.270300031		0.0092387								
2345.6	1.269099951		0.0066791								
2346.1	1.26849997		0.0066605								
2346.6	1.26820004		0.0041251								
2347.1	1.26820004		0.0041246								
2347.5	1.268700004		0.001616								
2348	1.26970005		0.0016489								
2348.5	1.270300031		0.0016651								
2349	1.270799994		0.001678								
2349.5	1.271100044		0.0016856								
2349.9	1.271399975		0.0016932								
2350.4	1.271600008		0.001699								
2350.9	1.271800041		0.0017056								
2351.4	1.271999955		0.0017095								
2351.9	1.272199988		0.0017147								
2352.4	1.272300005		0.001718								
2352.8	1.272500038		0.0017219								
2353.3	1.272600055		0.0017262								
2353.8	1.272799969		0.0017295								
2354.3	1.272899985		0.0017343								
2354.8	1.273100019		0.0017385								
2355.3	1.273300052		0.0017438								
2355.7	1.273399949		0.0017471								
2356.2	1.273699999		0.0017533								
2356.7	1.274000049		0.001761								
2357.2	1.274700046		0.0017829								
2357.7	1.274500012		0.0042739								
2358.1	1.273200035		0.0042353								
2358.6	1.273300052		0.00174								
2359.1	1.273300052		0.0042362								
2359.6	1.273000002		0.0017295								
2360.1	1.274199963		0.0017633								
2360.6	1.274099946		0.0042558								
2361	1.272799969		0.0042191								
2361.5	1.273000002		0.0017271								
2362	1.273000002		0.0042214								
2362.5	1.272600055		0.0017138								
2363	1.273599982		0.0017414								
2363.5	1.273100019		0.004221								
2363.9	1.272500038		0.0017071								
2364.4	1.273100019		0.0017238								
2364.9	1.273300052		0.0017309								
2365.4	1.273499966		0.0017347								
2365.9	1.273599982		0.0017385								
2366.3	1.273699999		0.0017405								
2366.8	1.273800015		0.0017447								
2367.3	1.273900032		0.0017467								
2367.8	1.274000049		0.0017476								
2368.3	1.274099946		0.00175								
2368.8	1.274199963		0.0017509								
2369.2	1.274299979		0.0017533								
2369.7	1.274299979		0.0017538								
2370.2	1.274399996		0.0017552								
2370.7	1.274500012		0.0017562								
2371.2	1.274500012		0.0017567								
2371.6	1.274600029		0.0017581								
2372.1	1.274600029		0.00176								
2372.6	1.274700046		0.001761								
2373.1	1.274700046		0.001761								
2373.6	1.274799943		0.0017633								
2374.1	1.274799943		0.0017638								
2374.5	1.27489996		0.0017648								
2375	1.274999976		0.0017653								
2375.5	1.274999976		0.0017657								
2376	1.274999976		0.0017657								
2376.5	1.275099993		0.0017676								
2377	1.275099993		0.0017686								
2377.4	1.275200009		0.0017695								
2377.9	1.275200009		0.00177								
2378.4	1.275300026		0.001771								
2378.9	1.275300026		0.001771								
2379.4	1.275300026		0.0017705								
2379.8	1.275400043		0.0017715								
2380.3	1.275400043		0.0017719								
2380.8	1.275400043		0.0017719								
2381.3	1.275500059		0.0017734								
2381.8	1.275500059		0.0017734								
2382.3	1.275500059		0.0017729								
2382.7	1.275500059		0.0017719								
2383.2	1.275500059		0.0017705								
2383.7	1.275500059		0.00177								
2384.2	1.275400043		0.0017653								
2384.7	1.275099993		0.0017562								
2385.2	1.275900006		-4.77E-7								
2385.6	1.27670002		0.0018024								
2386.1	1.276299953		0.0017905								
2386.6	1.276200056		0.0017867								
2387.1	1.276100039		0.0017838								
2387.6	1.276100039		0.0017843								
2388	1.276100039		0.0017829								
2388.5	1.276100039		0.001781								
2389	1.276100039		0.0017819								
2389.5	1.276100039		0.001781								
2390	1.276100039		0.0017786								
2390.5	1.276000023		0.0017757								
2390.9	1.276000023		0.0017743								
2391.4	1.27579999		0.00177								
2391.9	1.275599957		0.0017629								
2392.4	1.275099993		0.0017467								
2392.9	1.275300026		-4.77E-7								
2393.4	1.276499987		-4.77E-7								
2393.8	1.277699947		-4.77E-7								
2394.3	1.277899981		0.0018249								
2394.8	1.277099967		0.0018044								
2395.3	1.276499987		0.0017853								
2395.8	1.277199984		-4.77E-7								
2396.2	1.277899981		0.0018234								
2396.7	1.277400017		0.0018101								
2397.2	1.2773		0.0018039								
2397.7	1.277199984		0.001801								
2398.2	1.277099967		0.0017962								
2398.7	1.27699995		0.0017939								
2399.1	1.276900053		0.00179								
2399.6	1.27670002		0.0017858								
2400.1	1.276499987		0.0017781								
2400.6	1.275900006		0.00176								
2401.1	1.276200056		-4.77E-7								
2401.5	1.27760005		-4.77E-7								
2402	1.277400017		0.0018024								
2402.5	1.2773		-4.77E-7								
2403	1.278699994		-4.77E-7								
2403.5	1.278900027		0.0018425								
2404	1.278300047		0.0018244								
2404.4	1.277999997		0.0018163								
2404.9	1.277799964		0.0018091								
2405.4	1.27760005		0.0018039								
2405.9	1.277500033		0.0017977								
2406.4	1.277199984		0.0017886								
2406.9	1.276499987		0.0017705								
2407.3	1.27670002		-4.77E-7								
2407.8	1.277699947		-4.77E-7								
2408.3	1.278499961		-4.77E-7								
2408.8	1.279500008		-4.77E-7								
2409.3	1.279600024		0.0018563								
2409.7	1.278800011		0.001832								
2410.2	1.27820003		0.0018134								
2410.7	1.278800011		-4.77E-7								
2411.2	1.279500008		0.0018501								
2411.7	1.279000044		0.0018353								
2412.2	1.278800011		0.0018306								
2412.6	1.278699994		0.0018272								
2413.1	1.278699994		0.0018249								
2413.6	1.278599977		0.001821								
2414.1	1.278599977		0.0018191								
2414.6	1.278499961		0.0018167								
2415.1	1.278399944		0.0018153								
2415.5	1.278399944		0.0018125								
2416	1.27820003		0.0018067								
2416.5	1.277999997		0.001802								
2417	1.277500033		0.0017872								
2417.5	1.277899981		-4.77E-7								
2417.9	1.279500008		-4.77E-7								
2418.4	1.279800057		0.0018497								
2418.9	1.279299974		0.0018334								
2419.4	1.279000044		0.0018272								
2419.9	1.278900027		0.0018229								
2420.4	1.278800011		0.0018182								
2420.8	1.278599977		0.0018139								
2421.3	1.278399944		0.0018063								
2421.8	1.277899981		0.0017905								
2422.3	1.27820003		-4.77E-7								
2422.8	1.279800057		-4.77E-7								
2423.2	1.280099988		0.0018535								
2423.7	1.279600024		0.0018358								
2424.2	1.279299974		0.0018296								
2424.7	1.279199958		0.0018253								
2425.2	1.279099941		0.001822								
2425.7	1.279000044		0.0018191								
2426.1	1.278900027		0.0018167								
2426.6	1.278800011		0.0018125								
2427.1	1.278699994		0.0018077								
2427.6	1.278599977		0.0018039								
2428.1	1.278300047		0.0017943								
2428.6	1.277699947		0.0017762								
2429	1.277899981		-4.77E-7								
2429.5	1.278900027		-4.77E-7								
2430	1.279800057		-4.77E-7								
2430.5	1.279500008		0.0018277								
2431	1.279299974		-4.77E-7								
2431.4	1.280599952		-4.77E-7								
2431.9	1.280799985		0.0018625								
2432.4	1.280099988		0.001842								
2432.9	1.279800057		0.0018311								
2433.4	1.279600024		0.0018249								
2433.9	1.279299974		0.0018167								
2434.3	1.278800011		0.0018001								
2434.8	1.279299974		-4.77E-7								
2435.3	1.279600024		0.0018239								
2435.8	1.279899955		-4.77E-7								
2436.3	1.280400038		0.0018468								
2436.8	1.279800057		0.0018296								
2437.2	1.279500008		0.0018187								
2437.7	1.279099941		0.0018086								
2438.2	1.278499961		0.0017896								
2438.7	1.278699994		-4.77E-7								
2439.2	1.279999971		-4.77E-7								
2439.6	1.279800057		0.0018234								
2440.1	1.279800057		-4.77E-7								
2440.6	1.279700041		0.0018201								
2441.1	1.279500008		-4.77E-7								
2441.6	1.280599952		-4.77E-7								
2442.1	1.280400038		0.0018373								
2442.5	1.280400038		-4.77E-7								
2443	1.280599952		0.0018425								
2443.5	1.279399991		0.0018091								
2444	1.279399991		-4.77E-7								
2444.5	1.280200005		-4.77E-7								
2444.9	1.280799985		-4.77E-7								
2445.4	1.281700015		-4.77E-7								
2445.9	1.281700015		0.0018711								
2446.4	1.280900002		0.0018477								
2446.9	1.280300021		0.0018315								
2447.4	1.279600024		0.0018086								
2447.8	1.279700041		-4.77E-7								
2448.3	1.280900002		-4.77E-7								
2448.8	1.280699968		0.0018382								
2449.3	1.280400038		-4.77E-7								
2449.8	1.281599998		-4.77E-7								
2450.3	1.281599998		0.001864								
2450.7	1.280799985		0.0018387								
2451.2	1.279899955		0.001812								
2451.7	1.279899955		-4.77E-7								
2452.2	1.280900002		-4.77E-7								
2452.7	1.281800032		-4.77E-7								
2453.1	1.281800032		0.0018654								
2453.6	1.280900002		0.0018387								
2454.1	1.279999971		0.0018134								
2454.6	1.279999971		-4.77E-7								
2455.1	1.280799985		-4.77E-7								
2455.6	1.281399965		-4.77E-7								
2456	1.282299995		-4.77E-7								
2456.5	1.282199979		0.001874								
2457	1.281299949		0.0018454								
2457.5	1.280400038		0.0018206								
2458	1.280400038		-4.77E-7								
2458.5	1.281499982		-4.77E-7								
2458.9	1.281100035		0.0018401								
2459.4	1.280699968		-4.77E-7								
2459.9	1.281399965		-4.77E-7								
2460.4	1.281800032		-4.77E-7								
2460.9	1.282199979		-4.77E-7								
2461.3	1.282999992		-4.77E-7								
2461.8	1.282799959		0.0018854								
2462.3	1.281599998		0.0018497								
2462.8	1.281700015		-4.77E-7								
2463.3	1.282899976		-4.77E-7								
2463.8	1.283100009		0.0018907								
2464.2	1.282400012		0.0018702								
2464.7	1.281900048		0.0018563								
2465.2	1.281299949		0.0018377								
2465.7	1.281900048		-4.77E-7								
2466.2	1.282500029		0.0018697								
2466.7	1.281900048		0.0018516								
2467.1	1.281399965		0.0018392								
2467.6	1.280699968		0.0018191								
2468.1	1.280900002		-4.77E-7								
2468.6	1.282199979		-4.77E-7								
2469.1	1.282299995		0.0018597								
2469.5	1.281100035		0.0018258								
2470	1.281000018		-4.77E-7								
2470.5	1.281900048		-4.77E-7								
2471	1.282400012		-4.77E-7								
2471.5	1.283200026		-4.77E-7								
2472	1.282899976		0.0018759								
2472.4	1.282899976		-4.77E-7								
2472.9	1.283300042		0.0018854								
2473.4	1.282600045		0.001864								
2473.9	1.281900048		0.0018444								
2474.4	1.282500029		-4.77E-7								
2474.9	1.282999992		0.0018759								
2475.3	1.282400012		0.0018573								
2475.8	1.281999946		0.0018439								
2476.3	1.281299949		0.0018253								
2476.8	1.281599998		-4.77E-7								
2477.3	1.282799959		-4.77E-7								
2477.7	1.282799959		0.0018659								
2478.2	1.282899976		-4.77E-7								
2478.7	1.283400059		0.0018826								
2479.2	1.282799959		0.0018649								
2479.7	1.282600045		0.0018568								
2480.2	1.282400012		0.0018511								
2480.6	1.282199979		0.0018439								
2481.1	1.281900048		0.0018363								
2481.6	1.281700015		0.0018282								
2482.1	1.281000018		0.0018096								
2482.6	1.281299949		-4.77E-7								
2483	1.282600045		-4.77E-7								
2483.5	1.282500029		0.0018511								
2484	1.282600045		-4.77E-7								
2484.5	1.282999992		0.0018649								
2485	1.282400012		0.0018458								
2485.5	1.281999946		0.0018334								
2485.9	1.281299949		0.0018139								
2486.4	1.281800032		-4.77E-7								
2486.9	1.282199979		0.0018377								
2487.4	1.281100035		0.0018048								
2487.9	1.281000018		-4.77E-7								
2488.4	1.281800032		-4.77E-7								
2488.8	1.282199979		-4.77E-7								
2489.3	1.282500029		-4.77E-7								
2489.8	1.282899976		-4.77E-7								
2490.3	1.283599973		-4.77E-7								
2490.8	1.283400059		0.0018678								
2491.2	1.282099962		0.0018301								
2491.7	1.281900048		-4.77E-7								
2492.2	1.282699943		-4.77E-7								
2492.7	1.283200026		-4.77E-7								
2493.2	1.283900023		-4.77E-7								
2493.7	1.283499956		0.0018668								
2494.1	1.283499956		-4.77E-7								
2494.6	1.283800006		0.0018754								
2495.1	1.282999992		0.0018497								
2495.6	1.282099962		0.0018268								
2496.1	1.282299995		-4.77E-7								
2496.6	1.283499956		-4.77E-7								
2497	1.283699989		0.0018668								
2497.5	1.282899976		0.0018458								
2498	1.282299995		0.0018287								
2498.5	1.281499982		0.0018044								
2499	1.281499982		-4.77E-7								
2499.4	1.282299995		-4.77E-7								
2499.9	1.282699943		-4.77E-7								