Reference:	"Hudgins et al. (1993)"
DOI:	"doi:https://doi.org/10.1086/191796"
Sample Type:	"Ice"
Composition:	"CO:OCS (20:1)"
Temperature:	"10K"
OCdb page:	"https://ocdb.smce.nasa.gov/dataset/102"
n₁ Error Units:	Not Applicable
k₁ Error Units:	Not Applicable
T₁ Error Units:	Not Applicable

"Wavenumber (cm⁻¹)"	"n₁"	"Dn₁  (+/-)"		"Wavenumber (cm⁻¹)"	"k₁"	"Dk₁  (+/-)"		"Wavenumber (cm⁻¹)"	"T₁"	"DT₁  (+/-)"	
1600.1	1.3219			1600.1	0.003912			1600.1	99.9		
1600.6	1.3207			1600.6	0.0038962			1601	100		
1601	1.3209			1601	0.00033712			1601.5	99.9		
1601.5	1.3216			1601.5	0.0039039			1602.5	99.9		
1602	1.3206			1602	0.0038934			1603.4	99.9		
1602.5	1.3201			1602.5	0.0038843			1604.4	99.9		
1603	1.3198			1603	0.00388			1605.4	99.9		
1603.4	1.3196			1603.4	0.0038767			1606.3	99.9		
1603.9	1.3194			1603.9	0.0038743			1607.3	99.9		
1604.4	1.3192			1604.4	0.0038691			1608.3	99.9		
1604.9	1.319			1604.9	0.0038652			1609.2	99.9		
1605.4	1.3189			1605.4	0.0038638			1610.2	99.9		
1605.9	1.3188			1605.9	0.0038614			1611.2	99.9		
1606.3	1.3186			1606.3	0.0038595			1612.1	99.9		
1606.8	1.3185			1606.8	0.0038562			1613.1	99.9		
1607.3	1.3184			1607.3	0.0038533			1614.1	99.9		
1607.8	1.3183			1607.8	0.0038514			1615	99.9		
1608.3	1.3182			1608.3	0.0038495			1616	99.9		
1608.7	1.3182			1608.7	0.0038481			1616.9	100		
1609.2	1.3181			1609.2	0.0038471			1617.9	100		
1609.7	1.318			1609.7	0.0038424			1618.9	99.9		
1610.2	1.3179			1610.2	0.0038419			1619.8	99.9		
1610.7	1.3178			1610.7	0.00384			1620.8	99.9		
1611.2	1.3177			1611.2	0.0038381			1621.8	99.9		
1611.6	1.3176			1611.6	0.0038371			1622.7	99.9		
1612.1	1.3176			1612.1	0.0038333			1623.7	100		
1612.6	1.3175			1612.6	0.0038304			1624.7	99.9		
1613.1	1.3174			1613.1	0.003829			1625.6	99.9		
1613.6	1.3173			1613.6	0.0038257			1626.6	99.9		
1614.1	1.3171			1614.1	0.0038247			1627.6	99.9		
1614.5	1.317			1614.5	0.0038218			1628.5	99.9		
1615	1.3168			1615	0.003819			1629.5	99.9		
1615.5	1.3165			1615.5	0.0038137			1630.4	99.9		
1616	1.3161			1616	0.0038075			1631.4	99.9		
1616.5	1.3151			1616.5	0.0037932			1632.4	99.9		
1616.9	1.3154			1616.9	0.00025511			1633.3	99.9		
1617.4	1.3168			1617.4	0.0002799			1634.3	99.9		
1617.9	1.3179			1617.9	0.00029516			1635.3	100		
1618.4	1.3193			1618.4	0.00031614			1636.2	100		
1618.9	1.3195			1618.9	0.0038452			1637.2	100		
1619.4	1.3186			1619.4	0.0038319			1638.2	100		
1619.8	1.3181			1619.8	0.0038242			1639.1	99.9		
1620.3	1.3178			1620.3	0.0038195			1640.1	99.9		
1620.8	1.3175			1620.8	0.0038161			1641.1	99.9		
1621.3	1.3173			1621.3	0.0038118			1642	99.9		
1621.8	1.317			1621.8	0.0038056			1643	99.9		
1622.3	1.3165			1622.3	0.0037994			1644	99.9		
1622.7	1.3156			1622.7	0.003787			1644.9	99.9		
1623.2	1.3159			1623.2	0.0002656			1645.9	100		
1623.7	1.3176			1623.7	0.00029039			1646.8	100		
1624.2	1.3192			1624.2	0.00031614			1647.8	100		
1624.7	1.3195			1624.7	0.0038328			1648.8	99.9		
1625.1	1.3186			1625.1	0.0038209			1649.7	99.9		
1625.6	1.3182			1625.6	0.0038142			1650.7	99.9		
1626.1	1.3179			1626.1	0.0038109			1651.7	99.9		
1626.6	1.3177			1626.6	0.0038061			1652.6	100		
1627.1	1.3176			1627.1	0.0038033			1653.6	100		
1627.6	1.3175			1627.6	0.0038009			1654.6	100		
1628	1.3174			1628	0.0037971			1655.5	100		
1628.5	1.3173			1628.5	0.0037975			1656.5	100		
1629	1.3172			1629	0.0037937			1657.5	100		
1629.5	1.3171			1629.5	0.0037894			1658.4	99.9		
1630	1.317			1630	0.0037899			1659.4	99.9		
1630.4	1.3169			1630.4	0.0037866			1660.3	100		
1630.9	1.3168			1630.9	0.0037851			1661.3	99.9		
1631.4	1.3167			1631.4	0.0037827			1662.3	100		
1631.9	1.3165			1631.9	0.0037799			1663.2	100		
1632.4	1.3164			1632.4	0.0037785			1664.2	100		
1632.9	1.3162			1632.9	0.0037723			1665.2	99.9		
1633.3	1.316			1633.3	0.0037694			1666.1	99.9		
1633.8	1.3157			1633.8	0.0037656			1667.1	100		
1634.3	1.3152			1634.3	0.0037584			1668.1	99.9		
1634.8	1.3142			1634.8	0.0037441			1669	100		
1635.3	1.3143			1635.3	0.00024271			1670	100		
1635.8	1.3156			1635.8	0.00026369			1671	100		
1636.2	1.3163			1636.2	0.00027466			1671.9	100		
1636.7	1.3169			1636.7	0.00028467			1672.9	99.9		
1637.2	1.3175			1637.2	0.0002923			1673.8	100		
1637.7	1.3182			1637.7	0.00030184			1674.8	100		
1638.2	1.3194			1638.2	0.00032139			1675.8	100		
1638.6	1.3195			1638.6	0.0038042			1676.7	100		
1639.1	1.3183			1639.1	0.003788			1677.7	100		
1639.6	1.3177			1639.6	0.0037799			1678.7	100		
1640.1	1.3168			1640.1	0.0037665			1679.6	99.9		
1640.6	1.3177			1640.6	0.00029469			1680.6	99.9		
1641.1	1.3186			1641.1	0.003787			1681.6	99.9		
1641.5	1.3178			1641.5	0.0037799			1682.5	99.9		
1642	1.3175			1642	0.0037732			1683.5	100		
1642.5	1.3172			1642.5	0.003768			1684.5	100		
1643	1.317			1643	0.0037632			1685.4	100		
1643.5	1.3168			1643.5	0.0037613			1686.4	100		
1644	1.3165			1644	0.003757			1687.4	99.9		
1644.4	1.3162			1644.4	0.0037503			1688.3	99.9		
1644.9	1.3158			1644.9	0.0037451			1689.3	100		
1645.4	1.3148			1645.4	0.0037313			1690.2	100		
1645.9	1.3151			1645.9	0.00025368			1691.2	99.9		
1646.4	1.3165			1646.4	0.00027752			1692.2	99.9		
1646.8	1.3179			1646.8	0.00029993			1693.1	100		
1647.3	1.3176			1647.3	0.0037637			1694.1	100		
1647.8	1.3177			1647.8	0.00029802			1695.1	99.9		
1648.3	1.3184			1648.3	0.0037718			1696	100		
1648.8	1.3175			1648.8	0.0037594			1697	99.9		
1649.3	1.317			1649.3	0.0037513			1698	99.9		
1649.7	1.3166			1649.7	0.0037465			1698.9	99.9		
1650.2	1.3163			1650.2	0.0037413			1699.9	100		
1650.7	1.3159			1650.7	0.0037336			1700.9	100		
1651.2	1.3153			1651.2	0.0037251			1701.8	99.9		
1651.7	1.3142			1651.7	0.0037088			1702.8	99.9		
1652.2	1.3142			1652.2	0.00024176			1703.8	99.9		
1652.6	1.3153			1652.6	0.00025988			1704.7	99.9		
1653.1	1.3159			1653.1	0.00026941			1705.7	99.9		
1653.6	1.3163			1653.6	0.00027514			1706.6	99.9		
1654.1	1.3166			1654.1	0.0002799			1707.6	99.9		
1654.6	1.3169			1654.6	0.00028467			1708.6	99.9		
1655	1.3171			1655	0.00028944			1709.5	99.9		
1655.5	1.3174			1655.5	0.00029421			1710.5	99.9		
1656	1.3177			1656	0.00029898			1711.5	99.9		
1656.5	1.318			1656.5	0.00030088			1712.4	99.9		
1657	1.3183			1657	0.00030804			1713.4	99.9		
1657.5	1.3189			1657.5	0.00031519			1714.4	99.9		
1657.9	1.3199			1657.9	0.00033331			1715.3	100		
1658.4	1.3198			1658.4	0.0037718			1716.3	99.9		
1658.9	1.3185			1658.9	0.0037527			1717.3	100		
1659.4	1.3177			1659.4	0.0037413			1718.2	100		
1659.9	1.3166			1659.9	0.003727			1719.2	99.9		
1660.3	1.3172			1660.3	0.00029087			1720.1	99.9		
1660.8	1.3177			1660.8	0.0037379			1721.1	99.9		
1661.3	1.316			1661.3	0.0037169			1722.1	99.9		
1661.8	1.3158			1661.8	0.00026798			1723	99.9		
1662.3	1.3169			1662.3	0.00028515			1724	99.9		
1662.8	1.3175			1662.8	0.00029707			1725	99.9		
1663.2	1.318			1663.2	0.00030184			1725.9	99.9		
1663.7	1.3186			1663.7	0.00031137			1726.9	99.9		
1664.2	1.3196			1664.2	0.00032949			1727.9	99.9		
1664.7	1.3195			1664.7	0.0037551			1728.8	99.9		
1665.2	1.3182			1665.2	0.003736			1729.8	99.9		
1665.7	1.3173			1665.7	0.0037246			1730.8	99.9		
1666.1	1.316			1666.1	0.0037065			1731.7	99.9		
1666.6	1.316			1666.6	0.00027323			1732.7	99.9		
1667.1	1.3171			1667.1	0.00029087			1733.6	100		
1667.6	1.3181			1667.6	0.00030708			1734.6	100		
1668.1	1.3174			1668.1	0.0037217			1735.6	99.9		
1668.5	1.3165			1668.5	0.00028276			1736.5	99.9		
1669	1.3173			1669	0.00029469			1737.5	99.9		
1669.5	1.3177			1669.5	0.00029993			1738.5	99.9		
1670	1.3179			1670	0.00030565			1739.4	99.9		
1670.5	1.3182			1670.5	0.00030851			1740.4	99.9		
1671	1.3184			1671	0.00030994			1741.4	99.9		
1671.4	1.3187			1671.4	0.00031614			1742.3	99.9		
1671.9	1.319			1671.9	0.00032139			1743.3	100		
1672.4	1.3197			1672.4	0.00033236			1744.3	99.9		
1672.9	1.3188			1672.9	0.0037293			1745.2	99.9		
1673.4	1.3179			1673.4	0.00030184			1746.2	99.9		
1673.8	1.3187			1673.8	0.00031662			1747.2	99.9		
1674.3	1.3192			1674.3	0.00032425			1748.1	99.9		
1674.8	1.32			1674.8	0.0003376			1749.1	99.9		
1675.3	1.3192			1675.3	0.0037298			1750	100		
1675.8	1.3184			1675.8	0.00031328			1751	99.9		
1676.3	1.3193			1676.3	0.00032663			1752	99.9		
1676.7	1.3202			1676.7	0.00033951			1752.9	99.9		
1677.2	1.3195			1677.2	0.0037332			1753.9	100		
1677.7	1.3188			1677.7	0.000319			1754.9	100		
1678.2	1.3199			1678.2	0.00033617			1755.8	100		
1678.7	1.3211			1678.7	0.00035429			1756.8	100		
1679.2	1.3211			1679.2	0.0037489			1757.8	100		
1679.6	1.3199			1679.6	0.0037322			1758.7	99.9		
1680.1	1.3191			1680.1	0.0037212			1759.7	99.9		
1680.6	1.3181			1680.6	0.0037079			1760.7	99.9		
1681.1	1.3186			1681.1	0.00031614			1761.6	99.9		
1681.6	1.3188			1681.6	0.003715			1762.6	100		
1682	1.319			1682	0.0003233			1763.5	99.9		
1682.5	1.3193			1682.5	0.0037193			1764.5	100		
1683	1.3176			1683	0.003696			1765.5	99.9		
1683.5	1.3174			1683.5	0.00029898			1766.4	100		
1684	1.3185			1684	0.00031376			1767.4	99.9		
1684.5	1.319			1684.5	0.00032377			1768.4	100		
1684.9	1.3195			1684.9	0.0003314			1769.3	99.9		
1685.4	1.32			1685.4	0.00033808			1770.3	99.9		
1685.9	1.3206			1685.9	0.00034857			1771.3	99.9		
1686.4	1.3217			1686.4	0.00036573			1772.2	100		
1686.9	1.3217			1686.9	0.0037408			1773.2	100		
1687.4	1.3205			1687.4	0.0037255			1774.2	100		
1687.8	1.3198			1687.8	0.0037165			1775.1	99.9		
1688.3	1.3192			1688.3	0.0037069			1776.1	99.9		
1688.8	1.3181			1688.8	0.0036922			1777.1	99.9		
1689.3	1.3183			1689.3	0.00031281			1778	99.9		
1689.8	1.3197			1689.8	0.00033426			1779	99.9		
1690.2	1.3211			1690.2	0.0003562			1779.9	100		
1690.7	1.3212			1690.7	0.0037284			1780.9	99.9		
1691.2	1.3201			1691.2	0.0037136			1781.9	100		
1691.7	1.3194			1691.7	0.003705			1782.8	99.9		
1692.2	1.3184			1692.2	0.0036888			1783.8	99.9		
1692.7	1.3186			1692.7	0.00031805			1784.8	100		
1693.1	1.3204			1693.1	0.00034618			1785.7	99.9		
1693.6	1.3202			1693.6	0.0037107			1786.7	99.9		
1694.1	1.3204			1694.1	0.00034618			1787.7	100		
1694.6	1.3209			1694.6	0.0037189			1788.6	99.9		
1695.1	1.3199			1695.1	0.0037045			1789.6	99.9		
1695.6	1.3188			1695.6	0.0036888			1790.6	99.9		
1696	1.3191			1696	0.00032806			1791.5	99.9		
1696.5	1.3211			1696.5	0.0003581			1792.5	99.9		
1697	1.3214			1697	0.0037227			1793.4	100		
1697.5	1.3205			1697.5	0.0037103			1794.4	99.9		
1698	1.3201			1698	0.0037017			1795.4	99.9		
1698.4	1.3197			1698.4	0.003696			1796.3	100		
1698.9	1.3192			1698.9	0.0036879			1797.3	100		
1699.4	1.3183			1699.4	0.003675			1798.3	100		
1699.9	1.3186			1699.9	0.00031948			1799.2	99.9		
1700.4	1.3201			1700.4	0.00034332			1800.2	99.9		
1700.9	1.3217			1700.9	0.00036907			1801.2	99.9		
1701.3	1.322			1701.3	0.0037193			1802.1	100		
1701.8	1.3211			1701.8	0.0037079			1803.1	99.9		
1702.3	1.3207			1702.3	0.0037026			1804.1	99.9		
1702.8	1.3205			1702.8	0.0036979			1805	99.9		
1703.3	1.3204			1703.3	0.003695			1806	99.9		
1703.8	1.3202			1703.8	0.0036936			1806.9	99.9		
1704.2	1.3201			1704.2	0.0036922			1807.9	99.9		
1704.7	1.3201			1704.7	0.0036893			1808.9	99.9		
1705.2	1.32			1705.2	0.0036874			1809.8	100		
1705.7	1.3199			1705.7	0.0036855			1810.8	100		
1706.2	1.3199			1706.2	0.0036845			1811.8	99.9		
1706.6	1.3198			1706.6	0.0036826			1812.7	99.9		
1707.1	1.3198			1707.1	0.0036802			1813.7	100		
1707.6	1.3197			1707.6	0.0036812			1814.7	99.9		
1708.1	1.3197			1708.1	0.0036778			1815.6	100		
1708.6	1.3196			1708.6	0.0036759			1816.6	100		
1709.1	1.3196			1709.1	0.0036755			1817.6	100		
1709.5	1.3195			1709.5	0.0036736			1818.5	100		
1710	1.3195			1710	0.0036736			1819.5	100		
1710.5	1.3194			1710.5	0.0036712			1820.5	99.9		
1711	1.3194			1711	0.0036697			1821.4	99.9		
1711.5	1.3193			1711.5	0.0036683			1822.4	99.9		
1711.9	1.3193			1711.9	0.0036654			1823.3	99.9		
1712.4	1.3192			1712.4	0.0036631			1824.3	100		
1712.9	1.3191			1712.9	0.0036602			1825.3	99.9		
1713.4	1.3189			1713.4	0.0036588			1826.2	99.9		
1713.9	1.3187			1713.9	0.003655			1827.2	99.9		
1714.4	1.3184			1714.4	0.0036473			1828.2	99.9		
1714.8	1.3176			1714.8	0.0036387			1829.1	99.9		
1715.3	1.318			1715.3	0.00031233			1830.1	100		
1715.8	1.3199			1715.8	0.0003438			1831.1	100		
1716.3	1.32			1716.3	0.0036683			1832	100		
1716.8	1.3185			1716.8	0.0036478			1833	100		
1717.3	1.3185			1717.3	0.00032187			1834	100		
1717.7	1.3197			1717.7	0.00034189			1834.9	99.9		
1718.2	1.3207			1718.2	0.00035715			1835.9	99.9		
1718.7	1.322			1718.7	0.00037718			1836.8	99.9		
1719.2	1.3222			1719.2	0.0036922			1837.8	100		
1719.7	1.3213			1719.7	0.0036802			1838.8	100		
1720.1	1.3209			1720.1	0.0036736			1839.7	99.9		
1720.6	1.3207			1720.6	0.0036702			1840.7	99.9		
1721.1	1.3205			1721.1	0.0036654			1841.7	99.9		
1721.6	1.3204			1721.6	0.0036635			1842.6	99.9		
1722.1	1.3203			1722.1	0.0036616			1843.6	99.9		
1722.6	1.3203			1722.6	0.0036592			1844.6	100		
1723	1.3202			1723	0.0036588			1845.5	99.9		
1723.5	1.3201			1723.5	0.0036583			1846.5	100		
1724	1.3201			1724	0.003654			1847.5	99.9		
1724.5	1.32			1724.5	0.003654			1848.4	99.9		
1725	1.32			1725	0.0036521			1849.4	99.9		
1725.4	1.3199			1725.4	0.0036516			1850.3	99.9		
1725.9	1.3199			1725.9	0.0036507			1851.3	100		
1726.4	1.3198			1726.4	0.0036488			1852.3	99.9		
1726.9	1.3198			1726.9	0.0036473			1853.2	99.9		
1727.4	1.3197			1727.4	0.0036464			1854.2	99.9		
1727.9	1.3197			1727.9	0.003643			1855.2	99.9		
1728.3	1.3196			1728.3	0.0036407			1856.1	99.9		
1728.8	1.3194			1728.8	0.0036368			1857.1	99.9		
1729.3	1.3192			1729.3	0.003634			1858.1	99.9		
1729.8	1.3186			1729.8	0.0036263			1859	99.9		
1730.3	1.3196			1730.3	0.00034237			1860	100		
1730.8	1.3206			1730.8	0.0036507			1861	100		
1731.2	1.32			1731.2	0.0036407			1861.9	100		
1731.7	1.3196			1731.7	0.0036368			1862.9	100		
1732.2	1.3193			1732.2	0.0036311			1863.9	100		
1732.7	1.3189			1732.7	0.0036254			1864.8	100		
1733.2	1.3181			1733.2	0.003613			1865.8	99.9		
1733.6	1.3183			1733.6	0.00031948			1866.7	99.9		
1734.1	1.3197			1734.1	0.00034332			1867.7	100		
1734.6	1.3207			1734.6	0.00035906			1868.7	99.9		
1735.1	1.3221			1735.1	0.00038099			1869.6	100		
1735.6	1.3223			1735.6	0.0036635			1870.6	100		
1736.1	1.3214			1736.1	0.0036521			1871.6	99.9		
1736.5	1.3211			1736.5	0.0036464			1872.5	100		
1737	1.3208			1737	0.0036421			1873.5	99.9		
1737.5	1.3207			1737.5	0.0036392			1874.5	100		
1738	1.3206			1738	0.0036368			1875.4	100		
1738.5	1.3205			1738.5	0.0036359			1876.4	99.9		
1739	1.3204			1739	0.003633			1877.4	99.9		
1739.4	1.3203			1739.4	0.0036321			1878.3	99.9		
1739.9	1.3202			1739.9	0.0036302			1879.3	99.9		
1740.4	1.3201			1740.4	0.0036278			1880.2	99.9		
1740.9	1.32			1740.9	0.0036254			1881.2	99.9		
1741.4	1.3199			1741.4	0.0036225			1882.2	99.9		
1741.8	1.3197			1741.8	0.0036201			1883.1	99.9		
1742.3	1.3194			1742.3	0.0036149			1884.1	99.9		
1742.8	1.3187			1742.8	0.0036044			1885.1	99.9		
1743.3	1.3192			1743.3	0.00033712			1886	99.9		
1743.8	1.3213			1743.8	0.00036955			1887	99.9		
1744.3	1.3217			1744.3	0.0036435			1888	99.9		
1744.7	1.321			1744.7	0.0036325			1888.9	99.9		
1745.2	1.3207			1745.2	0.0036278			1889.9	99.9		
1745.7	1.3205			1745.7	0.0036244			1890.9	99.8		
1746.2	1.3204			1746.2	0.0036201			1891.8	99.8		
1746.7	1.3202			1746.7	0.0036187			1892.8	99.8		
1747.2	1.3201			1747.2	0.0036159			1893.8	99.9		
1747.6	1.3199			1747.6	0.003613			1894.7	99.9		
1748.1	1.3197			1748.1	0.0036101			1895.7	99.9		
1748.6	1.3194			1748.6	0.0036035			1896.6	99.9		
1749.1	1.3187			1749.1	0.003593			1897.6	99.9		
1749.6	1.3191			1749.6	0.0003376			1898.6	99.9		
1750	1.3211			1750	0.00036955			1899.5	99.9		
1750.5	1.3215			1750.5	0.0036287			1900.5	99.9		
1751	1.3207			1751	0.0036168			1901.5	99.9		
1751.5	1.3203			1751.5	0.0036101			1902.4	100		
1752	1.3199			1752	0.0036068			1903.4	99.9		
1752.5	1.3195			1752.5	0.0035982			1904.4	99.9		
1752.9	1.3186			1752.9	0.0035849			1905.3	99.9		
1753.4	1.3188			1753.4	0.00033331			1906.3	100		
1753.9	1.3205			1753.9	0.00036049			1907.3	99.9		
1754.4	1.3201			1754.4	0.0036054			1908.2	99.9		
1754.9	1.3197			1754.9	0.00034857			1909.2	99.9		
1755.3	1.3208			1755.3	0.00036383			1910.1	100		
1755.8	1.322			1755.8	0.00038481			1911.1	99.9		
1756.3	1.3216			1756.3	0.0036211			1912.1	99.9		
1756.8	1.3216			1756.8	0.00037813			1913	99.9		
1757.3	1.3217			1757.3	0.0036197			1914	99.9		
1757.8	1.3219			1757.8	0.00038385			1915	100		
1758.2	1.3226			1758.2	0.0036292			1915.9	99.9		
1758.7	1.3218			1758.7	0.0036201			1916.9	99.9		
1759.2	1.3214			1759.2	0.0036139			1917.9	99.9		
1759.7	1.3211			1759.7	0.0036087			1918.8	99.9		
1760.2	1.3209			1760.2	0.0036039			1919.8	99.9		
1760.7	1.3206			1760.7	0.0036001			1920.8	99.9		
1761.1	1.3202			1761.1	0.0035934			1921.7	100		
1761.6	1.3193			1761.6	0.003581			1922.7	100		
1762.1	1.3196			1762.1	0.00034666			1923.7	99.9		
1762.6	1.3214			1762.6	0.00037622			1924.6	99.9		
1763.1	1.3216			1763.1	0.0036092			1925.6	100		
1763.5	1.32			1763.5	0.0035868			1926.5	100		
1764	1.32			1764	0.00035381			1927.5	100		
1764.5	1.3213			1764.5	0.00037432			1928.5	99.9		
1765	1.3225			1765	0.00039434			1929.4	100		
1765.5	1.3225			1765.5	0.0036182			1930.4	99.9		
1766	1.321			1766	0.0035973			1931.4	99.9		
1766.4	1.3215			1766.4	0.00037813			1932.3	99.9		
1766.9	1.322			1766.9	0.0036077			1933.3	100		
1767.4	1.3205			1767.4	0.0035872			1934.3	100		
1767.9	1.3206			1767.9	0.00036383			1935.2	100		
1768.4	1.3219			1768.4	0.00038481			1936.2	99.9		
1768.9	1.3232			1768.9	0.00040531			1937.2	99.9		
1769.3	1.3233			1769.3	0.0036216			1938.1	99.9		
1769.8	1.3223			1769.8	0.0036097			1939.1	100		
1770.3	1.3217			1770.3	0.0036001			1940	99.9		
1770.8	1.3212			1770.8	0.0035915			1941	99.9		
1771.3	1.3201			1771.3	0.0035772			1942	100		
1771.7	1.3202			1771.7	0.0003581			1942.9	100		
1772.2	1.3214			1772.2	0.00037956			1943.9	99.9		
1772.7	1.3222			1772.7	0.00039148			1944.9	100		
1773.2	1.3233			1773.2	0.00040817			1945.8	99.9		
1773.7	1.3228			1773.7	0.0036073			1946.8	99.9		
1774.2	1.3224			1774.2	0.0003953			1947.8	100		
1774.6	1.324			1774.6	0.00042057			1948.7	99.9		
1775.1	1.3243			1775.1	0.0036254			1949.7	100		
1775.6	1.3234			1775.6	0.0036125			1950.7	99.9		
1776.1	1.323			1776.1	0.0036073			1951.6	100		
1776.6	1.3227			1776.6	0.0036035			1952.6	99.9		
1777.1	1.3225			1777.1	0.0035987			1953.5	100		
1777.5	1.3223			1777.5	0.0035949			1954.5	99.9		
1778	1.322			1778	0.0035915			1955.5	99.9		
1778.5	1.3218			1778.5	0.0035872			1956.4	99.9		
1779	1.3214			1779	0.003581			1957.4	99.9		
1779.5	1.3205			1779.5	0.0035686			1958.4	99.9		
1779.9	1.3208			1779.9	0.0003705			1959.3	99.9		
1780.4	1.3225			1780.4	0.00039625			1960.3	99.9		
1780.9	1.3222			1780.9	0.0035882			1961.3	100		
1781.4	1.3218			1781.4	0.00038671			1962.2	99.9		
1781.9	1.323			1781.9	0.00040436			1963.2	100		
1782.4	1.3243			1782.4	0.00042629			1964.2	99.9		
1782.8	1.3245			1782.8	0.0036168			1965.1	99.9		
1783.3	1.3235			1783.3	0.003602			1966.1	99.9		
1783.8	1.323			1783.8	0.0035939			1967.1	99.9		
1784.3	1.3222			1784.3	0.0035834			1968	100		
1784.8	1.323			1784.8	0.00040722			1969	100		
1785.2	1.3239			1785.2	0.0036058			1969.9	100		
1785.7	1.3232			1785.7	0.0035954			1970.9	99.9		
1786.2	1.3229			1786.2	0.0035892			1971.9	100		
1786.7	1.3225			1786.7	0.0035844			1972.8	100		
1787.2	1.3219			1787.2	0.0035739			1973.8	99.9		
1787.7	1.3227			1787.7	0.00040388			1974.8	99.9		
1788.1	1.3236			1788.1	0.0035968			1975.7	99.9		
1788.6	1.3229			1788.6	0.0035877			1976.7	100		
1789.1	1.3224			1789.1	0.0035796			1977.7	99.9		
1789.6	1.3217			1789.6	0.0035691			1978.6	100		
1790.1	1.3226			1790.1	0.0004015			1979.6	99.9		
1790.6	1.3233			1790.6	0.0035877			1980.6	99.9		
1791	1.3225			1791	0.0035768			1981.5	99.9		
1791.5	1.3216			1791.5	0.0035629			1982.5	100		
1792	1.3221			1792	0.00039434			1983.4	99.9		
1792.5	1.3222			1792.5	0.003571			1984.4	99.9		
1793	1.322			1793	0.00039148			1985.4	99.9		
1793.4	1.3232			1793.4	0.0004096			1986.3	99.9		
1793.9	1.3244			1793.9	0.00043106			1987.3	99.9		
1794.4	1.3245			1794.4	0.0035987			1988.3	99.9		
1794.9	1.3233			1794.9	0.003582			1989.2	99.9		
1795.4	1.3221			1795.4	0.0035644			1990.2	99.9		
1795.9	1.3222			1795.9	0.00039577			1991.2	99.9		
1796.3	1.3233			1796.3	0.00041437			1992.1	99.8		
1796.8	1.3241			1796.8	0.00042772			1993.1	99.8		
1797.3	1.3252			1797.3	0.00044394			1994.1	99.7		
1797.8	1.3249			1797.8	0.0035968			1995	99.7		
1798.3	1.325			1798.3	0.0004406			1996	99.6		
1798.8	1.3256			1798.8	0.0036068			1997	99.6		
1799.2	1.3249			1799.2	0.0035958			1997.9	99.6		
1799.7	1.3245			1799.7	0.0035901			1998.9	99.6		
1800.2	1.3243			1800.2	0.0035882			1999.8	99.7		
1800.7	1.324			1800.7	0.003583			2000.8	99.8		
1801.2	1.3237			1801.2	0.0035777			2001.8	99.8		
1801.6	1.3232			1801.6	0.0035691			2002.7	99.9		
1802.1	1.3241			1802.1	0.00042772			2003.7	99.9		
1802.6	1.325			1802.6	0.0035939			2004.7	99.9		
1803.1	1.3244			1803.1	0.0035849			2005.6	99.9		
1803.6	1.3242			1803.6	0.0035815			2006.6	99.9		
1804.1	1.3241			1804.1	0.0035787			2007.6	99.9		
1804.5	1.3239			1804.5	0.0035753			2008.5	99.9		
1805	1.3238			1805	0.0035729			2009.5	99.9		
1805.5	1.3237			1805.5	0.003572			2010.5	99.9		
1806	1.3236			1806	0.0035682			2011.4	99.9		
1806.5	1.3235			1806.5	0.0035672			2012.4	99.9		
1806.9	1.3233			1806.9	0.0035634			2013.3	99.8		
1807.4	1.323			1807.4	0.0035591			2014.3	99.9		
1807.9	1.3224			1807.9	0.0035491			2015.3	99.9		
1808.4	1.3231			1808.4	0.00041437			2016.2	99.9		
1808.9	1.3238			1808.9	0.0035667			2017.2	99.9		
1809.4	1.3224			1809.4	0.0035481			2018.2	99.9		
1809.8	1.3225			1809.8	0.00040293			2019.1	99.9		
1810.3	1.3237			1810.3	0.00042343			2020.1	99.9		
1810.8	1.3246			1810.8	0.00043774			2021.1	100		
1811.3	1.3258			1811.3	0.00045538			2022	100		
1811.8	1.3259			1811.8	0.0035911			2023	99.9		
1812.3	1.3249			1812.3	0.0035768			2024	99.9		
1812.7	1.3243			1812.7	0.0035686			2024.9	100		
1813.2	1.3235			1813.2	0.0035567			2025.9	100		
1813.7	1.3243			1813.7	0.00043344			2026.8	100		
1814.2	1.325			1814.2	0.0035748			2027.8	99.9		
1814.7	1.324			1814.7	0.003562			2028.8	100		
1815.1	1.323			1815.1	0.0035462			2029.7	99.9		
1815.6	1.3231			1815.6	0.00041342			2030.7	99.9		
1816.1	1.3243			1816.1	0.0004344			2031.7	99.9		
1816.6	1.3254			1816.6	0.00044966			2032.6	99.9		
1817.1	1.3249			1817.1	0.0035696			2033.6	99.8		
1817.6	1.3244			1817.6	0.00043488			2034.6	99.7		
1818	1.3254			1818	0.00045156			2035.5	99.4		
1818.5	1.3265			1818.5	0.00046921			2036.5	99.1		
1819	1.3262			1819	0.0035844			2037.5	98.6		
1819.5	1.3263			1819.5	0.00046635			2038.4	97.9		
1820	1.3269			1820	0.0035911			2039.4	96.9		
1820.5	1.3261			1820.5	0.003581			2040.4	95.6		
1820.9	1.3257			1820.9	0.0035739			2041.3	94		
1821.4	1.3253			1821.4	0.0035682			2042.3	92.3		
1821.9	1.3249			1821.9	0.003562			2043.2	90.5		
1822.4	1.3242			1822.4	0.0035515			2044.2	88.6		
1822.9	1.3248			1822.9	0.00044203			2045.2	86.6		
1823.3	1.325			1823.3	0.003561			2046.1	84.5		
1823.8	1.3247			1823.8	0.00044298			2047.1	82.6		
1824.3	1.326			1824.3	0.00046206			2048.1	81.2		
1824.8	1.3274			1824.8	0.00048304			2049	80.7		
1825.3	1.3276			1825.3	0.003593			2050	80.9		
1825.8	1.3267			1825.8	0.0035801			2051	81.8		
1826.2	1.3263			1826.2	0.0035748			2051.9	83.2		
1826.7	1.3261			1826.7	0.003571			2052.9	84.9		
1827.2	1.3259			1827.2	0.0035686			2053.9	86.7		
1827.7	1.3257			1827.7	0.0035648			2054.8	88.5		
1828.2	1.3255			1828.2	0.003561			2055.8	90.2		
1828.7	1.3252			1828.7	0.0035572			2056.7	91.5		
1829.1	1.3248			1829.1	0.0035501			2057.7	92.7		
1829.6	1.324			1829.6	0.0035386			2058.7	93.8		
1830.1	1.3242			1830.1	0.0004344			2059.6	94.8		
1830.6	1.3255			1830.6	0.00045443			2060.6	95.8		
1831.1	1.3267			1831.1	0.00047398			2061.6	96.8		
1831.5	1.3263			1831.5	0.0035672			2062.5	97.6		
1832	1.3263			1832	0.00046921			2063.5	98.3		
1832.5	1.3262			1832.5	0.0035639			2064.5	98.7		
1833	1.3259			1833	0.00046301			2065.4	99.1		
1833.5	1.3271			1833.5	0.00048018			2066.4	99.3		
1834	1.3283			1834	0.00050116			2067.4	99.4		
1834.4	1.3285			1834.4	0.003592			2068.3	99.5		
1834.9	1.3276			1834.9	0.0035791			2069.3	99.6		
1835.4	1.3272			1835.4	0.0035744			2070.3	99.6		
1835.9	1.3269			1835.9	0.0035677			2071.2	99.6		
1836.4	1.3266			1836.4	0.0035639			2072.2	99.6		
1836.8	1.3262			1836.8	0.0035572			2073.1	99.6		
1837.3	1.3254			1837.3	0.0035477			2074.1	99.6		
1837.8	1.3257			1837.8	0.0004611			2075.1	99.7		
1838.3	1.3271			1838.3	0.00048208			2076	99.7		
1838.8	1.3286			1838.8	0.00050497			2077	99.7		
1839.3	1.3288			1839.3	0.0035896			2078	99.7		
1839.7	1.328			1839.7	0.0035782			2078.9	99.7		
1840.2	1.3277			1840.2	0.003572			2079.9	99.7		
1840.7	1.3275			1840.7	0.0035696			2080.9	99.7		
1841.2	1.3273			1841.2	0.0035667			2081.8	99.7		
1841.7	1.3272			1841.7	0.0035639			2082.8	99.7		
1842.2	1.3271			1842.2	0.0035605			2083.8	99.7		
1842.6	1.3269			1842.6	0.0035586			2084.7	99.7		
1843.1	1.3267			1843.1	0.0035548			2085.7	99.7		
1843.6	1.3264			1843.6	0.003551			2086.6	99.6		
1844.1	1.3257			1844.1	0.003541			2087.6	99.5		
1844.6	1.3261			1844.6	0.00046921			2088.6	99.4		
1845	1.3279			1845	0.00049782			2089.5	99.3		
1845.5	1.3281			1845.5	0.0035715			2090.5	99.1		
1846	1.3267			1846	0.003551			2091.5	98.9		
1846.5	1.3269			1846.5	0.00048208			2092.4	98.9		
1847	1.3286			1847	0.00050783			2093.4	99.1		
1847.5	1.3285			1847.5	0.003572			2094.4	99.4		
1847.9	1.3287			1847.9	0.00050974			2095.3	99.6		
1848.4	1.3294			1848.4	0.0035834			2096.3	99.7		
1848.9	1.3287			1848.9	0.0035739			2097.3	99.7		
1849.4	1.3284			1849.4	0.0035686			2098.2	99.7		
1849.9	1.3282			1849.9	0.0035663			2099.2	99.7		
1850.3	1.3279			1850.3	0.0035625			2100.1	99.7		
1850.8	1.3274			1850.8	0.0035515			2101.1	99.7		
1851.3	1.3283			1851.3	0.00050592			2102.1	99.8		
1851.8	1.3292			1851.8	0.0035777			2103	99.8		
1852.3	1.3287			1852.3	0.0035691			2104	99.8		
1852.8	1.3285			1852.8	0.0035658			2105	99.8		
1853.2	1.3284			1853.2	0.0035639			2105.9	99.8		
1853.7	1.3283			1853.7	0.003562			2106.9	99.8		
1854.2	1.3283			1854.2	0.0035605			2107.9	99.8		
1854.7	1.3282			1854.7	0.0035596			2108.8	99.8		
1855.2	1.3281			1855.2	0.0035586			2109.8	99.8		
1855.7	1.3281			1855.7	0.0035548			2110.8	99.8		
1856.1	1.328			1856.1	0.0035543			2111.7	99.8		
1856.6	1.3279			1856.6	0.0035529			2112.7	99.8		
1857.1	1.3278			1857.1	0.003551			2113.7	99.8		
1857.6	1.3277			1857.6	0.0035501			2114.6	99.9		
1858.1	1.3275			1858.1	0.0035462			2115.6	99.9		
1858.5	1.3271			1858.5	0.00354			2116.5	99.9		
1859	1.3264			1859	0.0035281			2117.5	99.9		
1859.5	1.3267			1859.5	0.00048113			2118.5	99.9		
1860	1.3282			1860	0.00050545			2119.4	99.9		
1860.5	1.3279			1860.5	0.0035472			2120.4	99.9		
1861	1.3274			1861	0.00049448			2121.4	99.9		
1861.4	1.3283			1861.4	0.00050735			2122.3	100		
1861.9	1.3289			1861.9	0.00051689			2123.3	100		
1862.4	1.3294			1862.4	0.00052547			2124.3	100		
1862.9	1.3303			1862.9	0.00053835			2125.2	100		
1863.4	1.3297			1863.4	0.0035667			2126.2	99.9		
1863.9	1.3292			1863.9	0.00052261			2127.2	100		
1864.3	1.3302			1864.3	0.00053787			2128.1	99.9		
1864.8	1.3313			1864.8	0.00055408			2129.1	99.9		
1865.3	1.3313			1865.3	0.0035858			2130	99.9		
1865.8	1.3299			1865.8	0.0035648			2131	99.7		
1866.3	1.3304			1866.3	0.00054169			2132	99.3		
1866.7	1.331			1866.7	0.0035782			2132.9	97.5		
1867.2	1.3298			1867.2	0.003562			2133.9	90.5		
1867.7	1.3304			1867.7	0.00054216			2134.9	73.5		
1868.2	1.3311			1868.2	0.0035782			2135.8	58.2		
1868.7	1.3302			1868.7	0.0035653			2136.8	55.3		
1869.2	1.3292			1869.2	0.0035534			2137.8	58.6		
1869.6	1.3294			1869.6	0.00052643			2138.7	63.6		
1870.1	1.3307			1870.1	0.00054789			2139.7	69.7		
1870.6	1.3321			1870.6	0.00056744			2140.7	76		
1871.1	1.3322			1871.1	0.0035882			2141.6	82		
1871.6	1.3313			1871.6	0.0035763			2142.6	87.5		
1872.1	1.3304			1872.1	0.0035648			2143.6	92.9		
1872.5	1.3311			1872.5	0.00055456			2144.5	96.7		
1873	1.3318			1873	0.003582			2145.5	98		
1873.5	1.331			1873.5	0.0035691			2146.4	98.3		
1874	1.3301			1874	0.0035558			2147.4	98.5		
1874.5	1.3303			1874.5	0.00054359			2148.4	98.7		
1874.9	1.3317			1874.9	0.0005641			2149.3	98.8		
1875.4	1.3331			1875.4	0.00058603			2150.3	98.9		
1875.9	1.3333			1875.9	0.0035958			2151.3	98.9		
1876.4	1.3325			1876.4	0.0035863			2152.2	99		
1876.9	1.3321			1876.9	0.0035787			2153.2	99		
1877.4	1.3315			1877.4	0.0035701			2154.2	99.1		
1877.8	1.3324			1877.8	0.00057316			2155.1	99.1		
1878.3	1.3333			1878.3	0.0035911			2156.1	99.1		
1878.8	1.3328			1878.8	0.0035863			2157.1	99.2		
1879.3	1.3326			1879.3	0.0035825			2158	99.2		
1879.8	1.3325			1879.8	0.0035825			2159	99.2		
1880.2	1.3325			1880.2	0.0035806			2159.9	99.2		
1880.7	1.3325			1880.7	0.0035791			2160.9	99.3		
1881.2	1.3325			1881.2	0.0035787			2161.9	99.3		
1881.7	1.3325			1881.7	0.0035777			2162.8	99.3		
1882.2	1.3326			1882.2	0.0035782			2163.8	99.3		
1882.7	1.3326			1882.7	0.0035787			2164.8	99.3		
1883.1	1.3327			1883.1	0.0035787			2165.7	99.3		
1883.6	1.3327			1883.6	0.0035787			2166.7	99.3		
1884.1	1.3328			1884.1	0.0035782			2167.7	99.3		
1884.6	1.3328			1884.6	0.0035787			2168.6	99.3		
1885.1	1.3329			1885.1	0.0035796			2169.6	99.3		
1885.6	1.333			1885.6	0.0035801			2170.6	99.3		
1886	1.3331			1886	0.0035806			2171.5	99.3		
1886.5	1.3332			1886.5	0.0035796			2172.5	99.3		
1887	1.3333			1887	0.0035796			2173.5	99.3		
1887.5	1.3334			1887.5	0.0035815			2174.4	99.3		
1888	1.3336			1888	0.003583			2175.4	99.3		
1888.4	1.3338			1888.4	0.0035858			2176.3	99.3		
1888.9	1.334			1888.9	0.0035877			2177.3	99.3		
1889.4	1.3344			1889.4	0.003592			2178.3	99.3		
1889.9	1.3353			1889.9	0.003602			2179.2	99.3		
1890.4	1.3352			1890.4	0.0065856			2180.2	99.3		
1890.9	1.3341			1890.9	0.0065751			2181.2	99.3		
1891.3	1.3335			1891.3	0.0065665			2182.1	99.3		
1891.8	1.333			1891.8	0.0065608			2183.1	99.4		
1892.3	1.3325			1892.3	0.0065522			2184.1	99.3		
1892.8	1.3319			1892.8	0.0065451			2185	99.4		
1893.3	1.3309			1893.3	0.0065331			2186	99.4		
1893.8	1.3308			1893.8	0.00354			2187	99.3		
1894.2	1.3317			1894.2	0.0035501			2187.9	99.4		
1894.7	1.3321			1894.7	0.0035558			2188.9	99.4		
1895.2	1.3324			1895.2	0.0035591			2189.8	99.4		
1895.7	1.3326			1895.7	0.0035615			2190.8	99.4		
1896.2	1.3327			1896.2	0.0035605			2191.8	99.4		
1896.6	1.3329			1896.6	0.0035625			2192.7	99.4		
1897.1	1.333			1897.1	0.0035644			2193.7	99.4		
1897.6	1.3331			1897.6	0.0035653			2194.7	99.4		
1898.1	1.3331			1898.1	0.0035658			2195.6	99.4		
1898.6	1.3332			1898.6	0.0035639			2196.6	99.4		
1899.1	1.3333			1899.1	0.0035653			2197.6	99.4		
1899.5	1.3333			1899.5	0.0035658			2198.5	99.4		
1900	1.3333			1900	0.0035634			2199.5	99.4		
1900.5	1.3333			1900.5	0.0035625			2200.5	99.4		
1901	1.3331			1901	0.0035605			2201.4	99.4		
1901.5	1.3326			1901.5	0.0035524			2202.4	99.4		
1901.9	1.3331			1901.9	0.00059319			2203.3	99.4		
1902.4	1.3351			1902.4	0.00062132			2204.3	99.4		
1902.9	1.3356			1902.9	0.0035906			2205.3	99.4		
1903.4	1.335			1903.4	0.003582			2206.2	99.4		
1903.9	1.3348			1903.9	0.0035796			2207.2	99.4		
1904.4	1.3347			1904.4	0.0035768			2208.2	99.4		
1904.8	1.3346			1904.8	0.0035744			2209.1	99.4		
1905.3	1.3345			1905.3	0.0035725			2210.1	99.5		
1905.8	1.334			1905.8	0.0035672			2211.1	99.5		
1906.3	1.335			1906.3	0.00062323			2212	99.5		
1906.8	1.336			1906.8	0.0035892			2213	99.5		
1907.3	1.3355			1907.3	0.0035834			2214	99.5		
1907.7	1.3354			1907.7	0.003582			2214.9	99.5		
1908.2	1.3353			1908.2	0.0035796			2215.9	99.5		
1908.7	1.3352			1908.7	0.0035791			2216.9	99.5		
1909.2	1.3351			1909.2	0.0035763			2217.8	99.5		
1909.7	1.3347			1909.7	0.0035691			2218.8	99.5		
1910.1	1.3356			1910.1	0.00063229			2219.7	99.5		
1910.6	1.3366			1910.6	0.003593			2220.7	99.5		
1911.1	1.3361			1911.1	0.0035863			2221.7	99.5		
1911.6	1.336			1911.6	0.003583			2222.6	99.5		
1912.1	1.3359			1912.1	0.003582			2223.6	99.5		
1912.6	1.3357			1912.6	0.0035782			2224.6	99.5		
1913	1.3352			1913	0.0035729			2225.5	99.5		
1913.5	1.3361			1913.5	0.00064182			2226.5	99.5		
1914	1.337			1914	0.003593			2227.5	99.5		
1914.5	1.3361			1914.5	0.0035815			2228.4	99.6		
1915	1.3369			1915	0.00065184			2229.4	99.6		
1915.5	1.3378			1915.5	0.0036011			2230.4	99.6		
1915.9	1.3373			1915.9	0.0035949			2231.3	99.6		
1916.4	1.3372			1916.4	0.0035925			2232.3	99.6		
1916.9	1.3371			1916.9	0.0035911			2233.2	99.6		
1917.4	1.3371			1917.4	0.0035901			2234.2	99.6		
1917.9	1.3371			1917.9	0.0035901			2235.2	99.6		
1918.3	1.3371			1918.3	0.0035901			2236.1	99.6		
1918.8	1.3371			1918.8	0.0035901			2237.1	99.6		
1919.3	1.337			1919.3	0.0035882			2238.1	99.6		
1919.8	1.3369			1919.8	0.0035858			2239	99.6		
1920.3	1.3367			1920.3	0.0035815			2240	99.6		
1920.8	1.3361			1920.8	0.0035763			2241	99.6		
1921.2	1.3365			1921.2	0.00064754			2241.9	99.7		
1921.7	1.3383			1921.7	0.00067282			2242.9	99.7		
1922.2	1.3383			1922.2	0.0036011			2243.9	99.7		
1922.7	1.3387			1922.7	0.00068045			2244.8	99.7		
1923.2	1.3394			1923.2	0.003612			2245.8	99.7		
1923.7	1.3387			1923.7	0.0036035			2246.7	99.7		
1924.1	1.3384			1924.1	0.0035992			2247.7	99.7		
1924.6	1.3381			1924.6	0.0035944			2248.7	99.7		
1925.1	1.3375			1925.1	0.0035863			2249.6	99.7		
1925.6	1.3382			1925.6	0.00067282			2250.6	99.8		
1926.1	1.3386			1926.1	0.0035977			2251.6	99.7		
1926.5	1.3388			1926.5	0.00068283			2252.5	99.8		
1927	1.339			1927	0.003602			2253.5	99.8		
1927.5	1.3389			1927.5	0.00068331			2254.5	99.8		
1928	1.3404			1928	0.0007062			2255.4	99.8		
1928.5	1.3406			1928.5	0.0036197			2256.4	99.8		
1929	1.3393			1929	0.0036044			2257.4	99.8		
1929.4	1.3396			1929.4	0.00069475			2258.3	99.8		
1929.9	1.3413			1929.9	0.00071764			2259.3	99.8		
1930.4	1.3417			1930.4	0.0036302			2260.3	99.8		
1930.9	1.341			1930.9	0.0036192			2261.2	99.8		
1931.4	1.3406			1931.4	0.0036149			2262.2	99.8		
1931.8	1.3402			1931.8	0.0036106			2263.1	99.8		
1932.3	1.3395			1932.3	0.0036025			2264.1	99.8		
1932.8	1.3399			1932.8	0.00070047			2265.1	99.8		
1933.3	1.3416			1933.3	0.00072241			2266	99.8		
1933.8	1.3415			1933.8	0.003624			2267	99.8		
1934.3	1.3417			1934.3	0.00072622			2268	99.8		
1934.7	1.342			1934.7	0.0036268			2268.9	99.8		
1935.2	1.3423			1935.2	0.00073576			2269.9	99.8		
1935.7	1.3431			1935.7	0.0036383			2270.9	99.8		
1936.2	1.3425			1936.2	0.0036321			2271.8	99.8		
1936.7	1.3422			1936.7	0.0036283			2272.8	99.8		
1937.2	1.3421			1937.2	0.0036259			2273.8	99.8		
1937.6	1.3419			1937.6	0.003623			2274.7	99.8		
1938.1	1.3417			1938.1	0.0036192			2275.7	99.8		
1938.6	1.341			1938.6	0.0036125			2276.6	99.8		
1939.1	1.3415			1939.1	0.00072384			2277.6	99.8		
1939.6	1.3432			1939.6	0.00074911			2278.6	99.8		
1940	1.3436			1940	0.0036387			2279.5	99.8		
1940.5	1.3427			1940.5	0.0036292			2280.5	99.8		
1941	1.3417			1941	0.0036178			2281.5	99.8		
1941.5	1.3419			1941.5	0.00073004			2282.4	99.8		
1942	1.343			1942	0.0007453			2283.4	99.8		
1942.5	1.3438			1942.5	0.00075722			2284.4	99.8		
1942.9	1.3445			1942.9	0.00076771			2285.3	99.8		
1943.4	1.3456			1943.4	0.00078011			2286.3	99.8		
1943.9	1.3456			1943.9	0.0036569			2287.3	99.8		
1944.4	1.3442			1944.4	0.0036416			2288.2	99.8		
1944.9	1.3444			1944.9	0.0007658			2289.2	99.8		
1945.4	1.3461			1945.4	0.0007863			2290.2	99.8		
1945.8	1.3464			1945.8	0.0036654			2291.1	99.8		
1946.3	1.3456			1946.3	0.0036569			2292.1	99.8		
1946.8	1.3452			1946.8	0.0036497			2293	99.8		
1947.3	1.3444			1947.3	0.0036407			2294	99.9		
1947.8	1.3448			1947.8	0.00077295			2295	99.8		
1948.2	1.3465			1948.2	0.00079393			2295.9	99.9		
1948.7	1.3467			1948.7	0.003664			2296.9	99.9		
1949.2	1.3454			1949.2	0.0036492			2297.9	99.8		
1949.7	1.3456			1949.7	0.00078249			2298.8	99.9		
1950.2	1.3471			1950.2	0.00080299			2299.8	99.9		
1950.7	1.3469			1950.7	0.003664			2300.8	99.8		
1951.1	1.3466			1951.1	0.00079536			2301.7	99.9		
1951.6	1.3477			1951.6	0.00081062			2302.7	99.9		
1952.1	1.349			1952.1	0.00082922			2303.7	99.9		
1952.6	1.3491			1952.6	0.0036883			2304.6	99.8		
1953.1	1.348			1953.1	0.003674			2305.6	99.8		
1953.5	1.3486			1953.5	0.00082445			2306.5	99.9		
1954	1.3493			1954	0.0036874			2307.5	99.9		
1954.5	1.3483			1954.5	0.003675			2308.5	99.9		
1955	1.3491			1955	0.00083017			2309.4	99.9		
1955.5	1.3499			1955.5	0.0036912			2310.4	99.9		
1956	1.3493			1956	0.0036855			2311.4	99.9		
1956.4	1.3488			1956.4	0.0036783			2312.3	99.9		
1956.9	1.3497			1956.9	0.0008378			2313.3	99.9		
1957.4	1.3506			1957.4	0.0036969			2314.3	99.9		
1957.9	1.3501			1957.9	0.0036922			2315.2	99.9		
1958.4	1.35			1958.4	0.0036893			2316.2	99.9		
1958.9	1.3498			1958.9	0.003686			2317.2	99.9		
1959.3	1.3494			1959.3	0.0036821			2318.1	99.9		
1959.8	1.3503			1959.8	0.00084734			2319.1	99.9		
1960.3	1.3511			1960.3	0.0036988			2320.1	99.9		
1960.8	1.3503			1960.8	0.0036898			2321	99.9		
1961.3	1.3511			1961.3	0.00085545			2322	99.9		
1961.7	1.3518			1961.7	0.0037045			2322.9	99.9		
1962.2	1.3508			1962.2	0.0036941			2323.9	99.8		
1962.7	1.3513			1962.7	0.00085831			2324.9	99.9		
1963.2	1.3531			1963.2	0.0008831			2325.8	99.8		
1963.7	1.3537			1963.7	0.0037198			2326.8	99.9		
1964.2	1.3532			1964.2	0.0037155			2327.8	99.8		
1964.6	1.353			1964.6	0.0037131			2328.7	99.9		
1965.1	1.353			1965.1	0.0037141			2329.7	99.8		
1965.6	1.353			1965.6	0.0037122			2330.7	99.8		
1966.1	1.353			1966.1	0.0037117			2331.6	99.9		
1966.6	1.353			1966.6	0.0037127			2332.6	99.9		
1967.1	1.3529			1967.1	0.0037093			2333.6	99.9		
1967.5	1.3523			1967.5	0.0037036			2334.5	99.8		
1968	1.3528			1968	0.00087976			2335.5	99.9		
1968.5	1.3542			1968.5	0.00089693			2336.4	99.8		
1969	1.3555			1969	0.00091219			2337.4	99.8		
1969.5	1.3555			1969.5	0.0037308			2338.4	99.8		
1969.9	1.3558			1969.9	0.00091553			2339.3	99.9		
1970.4	1.3565			1970.4	0.0037413			2340.3	99.9		
1970.9	1.3559			1970.9	0.0037336			2341.3	99.8		
1971.4	1.3552			1971.4	0.0037274			2342.2	99.9		
1971.9	1.3555			1971.9	0.00091505			2343.2	99.7		
1972.4	1.357			1972.4	0.00093174			2344.2	99.7		
1972.8	1.3585			1972.8	0.00094748			2345.1	99.6		
1973.3	1.3589			1973.3	0.0037575			2346.1	99.7		
1973.8	1.3583			1973.8	0.0037532			2347.1	99.8		
1974.3	1.3581			1974.3	0.0037503			2348	99.9		
1974.8	1.3576			1974.8	0.003746			2349	99.9		
1975.3	1.3586			1975.3	0.00094986			2349.9	99.9		
1975.7	1.3595			1975.7	0.0037622			2350.9	99.9		
1976.2	1.3587			1976.2	0.0037546			2351.9	99.9		
1976.7	1.3596			1976.7	0.00096083			2352.8	99.9		
1977.2	1.3606			1977.2	0.0037704			2353.8	99.9		
1977.7	1.3601			1977.7	0.0037661			2354.8	99.9		
1978.1	1.3596			1978.1	0.0037599			2355.7	99.9		
1978.6	1.3602			1978.6	0.0009675			2356.7	99.9		
1979.1	1.3622			1979.1	0.00098944			2357.7	99.8		
1979.6	1.3628			1979.6	0.0037866			2358.6	99.9		
1980.1	1.3624			1980.1	0.0037832			2359.6	99.9		
1980.6	1.3624			1980.6	0.0037827			2360.6	99.8		
1981	1.3625			1981	0.0037813			2361.5	99.9		
1981.5	1.3625			1981.5	0.0037808			2362.5	99.9		
1982	1.3621			1982	0.0037785			2363.5	99.8		
1982.5	1.3629			1982.5	0.00099707			2364.4	99.9		
1983	1.3649			1983	0.001018			2365.4	99.9		
1983.4	1.3656			1983.4	0.0038042			2366.3	99.9		
1983.9	1.3652			1983.9	0.0038004			2367.3	99.9		
1984.4	1.3648			1984.4	0.0037966			2368.3	99.9		
1984.9	1.3659			1984.9	0.001029			2369.2	99.9		
1985.4	1.3671			1985.4	0.0038142			2370.2	99.9		
1985.9	1.3668			1985.9	0.0038109			2371.2	99.9		
1986.3	1.3666			1986.3	0.003809			2372.1	99.9		
1986.8	1.3679			1986.8	0.0010486			2373.1	99.9		
1987.3	1.3691			1987.3	0.0038257			2374.1	99.9		
1987.8	1.3691			1987.8	0.0038271			2375	99.9		
1988.3	1.3694			1988.3	0.0038285			2376	99.9		
1988.8	1.3699			1988.8	0.0038309			2377	99.9		
1989.2	1.3704			1989.2	0.0038342			2377.9	99.9		
1989.7	1.3709			1989.7	0.0038376			2378.9	99.9		
1990.2	1.3716			1990.2	0.0038414			2379.8	99.9		
1990.7	1.3723			1990.7	0.0038457			2380.8	99.9		
1991.2	1.3732			1991.2	0.0038514			2381.8	99.9		
1991.6	1.3747			1991.6	0.0038619			2382.7	99.9		
1992.1	1.3752			1992.1	0.0066152			2383.7	99.9		
1992.6	1.3751			1992.6	0.0066128			2384.7	99.9		
1993.1	1.3755			1993.1	0.0066142			2385.6	99.9		
1993.6	1.3765			1993.6	0.0066175			2386.6	99.9		
1994.1	1.3768			1994.1	0.0093675			2387.6	99.9		
1994.5	1.3765			1994.5	0.0093665			2388.5	99.9		
1995	1.377			1995	0.0093651			2389.5	99.9		
1995.5	1.3768			1995.5	0.012117			2390.5	99.9		
1996	1.3757			1996	0.012114			2391.4	99.9		
1996.5	1.3752			1996.5	0.012111			2392.4	99.9		
1997	1.3748			1997	0.012109			2393.4	100		
1997.4	1.3744			1997.4	0.012106			2394.3	99.9		
1997.9	1.3741			1997.9	0.012105			2395.3	99.9		
1998.4	1.3735			1998.4	0.012102			2396.2	99.9		
1998.9	1.3726			1998.9	0.012099			2397.2	99.9		
1999.4	1.3724			1999.4	0.0093389			2398.2	99.9		
1999.8	1.373			1999.8	0.0093393			2399.1	99.9		
2000.3	1.3727			2000.3	0.0093365			2400.1	99.9		
2000.8	1.3731			2000.8	0.0065875			2401.1	100		
2001.3	1.3742			2001.3	0.0065894			2402	99.9		
2001.8	1.3743			2001.8	0.0065908			2403	100		
2002.3	1.3752			2002.3	0.0038548			2404	99.9		
2002.7	1.3769			2002.7	0.0038638			2404.9	99.9		
2003.2	1.3781			2003.2	0.0038691			2405.9	99.9		
2003.7	1.3792			2003.7	0.0038757			2406.9	99.9		
2004.2	1.3801			2004.2	0.003881			2407.8	100		
2004.7	1.381			2004.7	0.0038848			2408.8	100		
2005.1	1.3819			2005.1	0.0038877			2409.7	99.9		
2005.6	1.3828			2005.6	0.0038915			2410.7	100		
2006.1	1.3837			2006.1	0.0038962			2411.7	99.9		
2006.6	1.3845			2006.6	0.0038991			2412.6	99.9		
2007.1	1.3854			2007.1	0.003902			2413.6	99.9		
2007.6	1.3862			2007.6	0.0039053			2414.6	99.9		
2008	1.3871			2008	0.0039086			2415.5	99.9		
2008.5	1.388			2008.5	0.003911			2416.5	99.9		
2009	1.3889			2009	0.0039144			2417.5	100		
2009.5	1.3898			2009.5	0.0039167			2418.4	99.9		
2010	1.3908			2010	0.0039196			2419.4	99.9		
2010.5	1.3917			2010.5	0.003921			2420.4	99.9		
2010.9	1.3927			2010.9	0.0039248			2421.3	99.9		
2011.4	1.3938			2011.4	0.0039272			2422.3	100		
2011.9	1.395			2011.9	0.0039291			2423.2	99.9		
2012.4	1.3967			2012.4	0.0039334			2424.2	99.9		
2012.9	1.3974			2012.9	0.0066175			2425.2	99.9		
2013.3	1.3971			2013.3	0.0066171			2426.1	99.9		
2013.8	1.3969			2013.8	0.0066156			2427.1	99.9		
2014.3	1.3977			2014.3	0.0039353			2428.1	99.9		
2014.8	1.3994			2014.8	0.0039368			2429	100		
2015.3	1.4008			2015.3	0.0039401			2430	100		
2015.8	1.402			2015.8	0.0039411			2431	100		
2016.2	1.4033			2016.2	0.003942			2431.9	99.9		
2016.7	1.4045			2016.7	0.0039425			2432.9	99.9		
2017.2	1.4058			2017.2	0.0039411			2433.9	99.9		
2017.7	1.4071			2017.7	0.0039415			2434.8	100		
2018.2	1.4084			2018.2	0.003942			2435.8	100		
2018.7	1.4097			2018.7	0.0039411			2436.8	99.9		
2019.1	1.411			2019.1	0.003942			2437.7	99.9		
2019.6	1.4124			2019.6	0.0039396			2438.7	100		
2020.1	1.4136			2020.1	0.0039377			2439.6	99.9		
2020.6	1.4145			2020.6	0.0039377			2440.6	99.9		
2021.1	1.4164			2021.1	0.0013018			2441.6	100		
2021.5	1.4192			2021.5	0.0013018			2442.5	100		
2022	1.4221			2022	0.0013003			2443.5	99.9		
2022.5	1.4241			2022.5	0.0039177			2444.5	100		
2023	1.4251			2023	0.0039129			2445.4	100		
2023.5	1.4265			2023.5	0.0039091			2446.4	99.9		
2024	1.4277			2024	0.0039053			2447.4	99.9		
2024.4	1.4299			2024.4	0.0012908			2448.3	100		
2024.9	1.433			2024.9	0.0012846			2449.3	100		
2025.4	1.4359			2025.4	0.0012746			2450.3	99.9		
2025.9	1.4392			2025.9	0.0012646			2451.2	99.9		
2026.4	1.4412			2026.4	0.00384			2452.2	100		
2026.8	1.4435			2026.8	0.0012455			2453.1	99.9		
2027.3	1.4475			2027.3	0.0012264			2454.1	99.9		
2027.8	1.4505			2027.8	0.0037766			2455.1	100		
2028.3	1.4525			2028.3	0.0037599			2456	100		
2028.8	1.4562			2028.8	0.0011725			2457	99.9		
2029.3	1.4602			2029.3	0.0036912			2458	100		
2029.7	1.4633			2029.7	0.0036612			2458.9	99.9		
2030.2	1.4669			2030.2	0.0036225			2459.9	100		
2030.7	1.4708			2030.7	0.0035796			2460.9	100		
2031.2	1.4751			2031.2	0.0035291			2461.8	99.9		
2031.7	1.4798			2031.7	0.0034685			2462.8	100		
2032.2	1.485			2032.2	0.0033984			2463.8	99.9		
2032.6	1.4908			2032.6	0.0033145			2464.7	99.9		
2033.1	1.4976			2033.1	0.0032067			2465.7	100		
2033.6	1.5046			2033.6	0.0055594			2466.7	99.9		
2034.1	1.5109			2034.1	0.0079041			2467.6	99.9		
2034.6	1.5182			2034.6	0.0077376			2468.6	100		
2035	1.527			2035	0.0099721			2469.5	99.9		
2035.5	1.5353			2035.5	0.014624			2470.5	100		
2036	1.5438			2036	0.016783			2471.5	100		
2036.5	1.5533			2036.5	0.021294			2472.4	100		
2037	1.5634			2037	0.025724			2473.4	99.9		
2037.5	1.5739			2037.5	0.032485			2474.4	100		
2037.9	1.5847			2037.9	0.03915			2475.3	99.9		
2038.4	1.5961			2038.4	0.048104			2476.3	99.9		
2038.9	1.607			2038.9	0.059413			2477.3	100		
2039.4	1.6177			2039.4	0.070659			2478.2	100		
2039.9	1.6286			2039.9	0.084235			2479.2	99.9		
2040.4	1.6389			2040.4	0.10024			2480.2	99.9		
2040.8	1.6476			2040.8	0.11885			2481.1	99.9		
2041.3	1.6547			2041.3	0.13771			2482.1	99.9		
2041.8	1.6611			2041.8	0.15674			2483	100		
2042.3	1.6668			2042.3	0.17853			2484	100		
2042.8	1.6694			2042.8	0.20354			2485	99.9		
2043.2	1.671			2043.2	0.22387			2485.9	99.9		
2043.7	1.6718			2043.7	0.24983			2486.9	99.9		
2044.2	1.6708			2044.2	0.2739			2487.9	100		
2044.7	1.6684			2044.7	0.30133			2488.8	100		
2045.2	1.6638			2045.2	0.3298			2489.8	100		
2045.7	1.6569			2045.7	0.3594			2490.8	99.9		
2046.1	1.6463			2046.1	0.39354			2491.7	100		
2046.6	1.6304			2046.6	0.4271			2492.7	100		
2047.1	1.6097			2047.1	0.46			2493.7	99.9		
2047.6	1.5838			2047.6	0.49245			2494.6	99.9		
2048.1	1.5524			2048.1	0.52131			2495.6	99.9		
2048.6	1.5164			2048.6	0.54616			2496.6	100		
2049	1.4779			2049	0.56263			2497.5	99.9		
2049.5	1.4376			2049.5	0.57678			2498.5	99.9		
2050	1.3959			2050	0.58489			2499.4	100		
2050.5	1.3535			2050.5	0.58629						
2051	1.3116			2051	0.58379						
2051.4	1.2714			2051.4	0.57309						
2051.9	1.2334			2051.9	0.56112						
2052.4	1.1977			2052.4	0.54403						
2052.9	1.1638			2052.9	0.52183						
2053.4	1.1351			2053.4	0.49706						
2053.9	1.1097			2053.9	0.4705						
2054.3	1.0877			2054.3	0.44219						
2054.8	1.0697			2054.8	0.41209						
2055.3	1.0565			2055.3	0.38018						
2055.8	1.0483			2055.8	0.35069						
2056.3	1.043			2056.3	0.32436						
2056.7	1.0384			2056.7	0.30181						
2057.2	1.036			2057.2	0.27497						
2057.7	1.0356			2057.7	0.25565						
2058.2	1.034			2058.2	0.23662						
2058.7	1.0336			2058.7	0.2137						
2059.2	1.0352			2059.2	0.19449						
2059.6	1.0374			2059.6	0.17542						
2060.1	1.0403			2060.1	0.15649						
2060.6	1.0446			2060.6	0.1377						
2061.1	1.0503			2061.1	0.11911						
2061.6	1.0582			2061.6	0.10077						
2062.1	1.0673			2062.1	0.086317						
2062.5	1.0767			2062.5	0.07217						
2063	1.0877			2063	0.058341						
2063.5	1.0998			2063.5	0.048233						
2064	1.111			2064	0.041678						
2064.5	1.121			2064.5	0.035234						
2064.9	1.1307			2064.9	0.028908						
2065.4	1.141			2065.4	0.022714						
2065.9	1.1512			2065.9	0.019808						
2066.4	1.1606			2066.4	0.016923						
2066.9	1.1685			2066.9	0.017161						
2067.4	1.1756			2067.4	0.014258						
2067.8	1.1822			2067.8	0.014454						
2068.3	1.1884			2068.3	0.011562						
2068.8	1.1943			2068.8	0.011745						
2069.3	1.2002			2069.3	0.008882						
2069.8	1.2064			2069.8	0.0090752						
2070.3	1.2116			2070.3	0.0092311						
2070.7	1.2163			2070.7	0.0093679						
2071.2	1.2206			2071.2	0.00949						
2071.7	1.2246			2071.7	0.0095978						
2072.2	1.2283			2072.2	0.0096955						
2072.7	1.2318			2072.7	0.0097847						
2073.1	1.2349			2073.1	0.0098648						
2073.6	1.2377			2073.6	0.0099344						
2074.1	1.24			2074.1	0.0099869						
2074.6	1.243			2074.6	0.0071368						
2075.1	1.2468			2075.1	0.0072351						
2075.6	1.25			2075.6	0.0073171						
2076	1.253			2076	0.0073905						
2076.5	1.2558			2076.5	0.0074573						
2077	1.2585			2077	0.0075207						
2077.5	1.261			2077.5	0.0075774						
2078	1.2635			2078	0.0076332						
2078.4	1.2659			2078.4	0.0076847						
2078.9	1.2682			2078.9	0.0077357						
2079.4	1.2704			2079.4	0.0077825						
2079.9	1.2726			2079.9	0.0078292						
2080.4	1.2748			2080.4	0.0078726						
2080.9	1.2769			2080.9	0.0079145						
2081.3	1.279			2081.3	0.0079556						
2081.8	1.281			2081.8	0.0079937						
2082.3	1.2831			2082.3	0.0080323						
2082.8	1.2851			2082.8	0.0080705						
2083.3	1.2871			2083.3	0.0081072						
2083.8	1.2892			2083.8	0.0081425						
2084.2	1.2913			2084.2	0.0081782						
2084.7	1.2935			2084.7	0.0082164						
2085.2	1.2959			2085.2	0.0082564						
2085.7	1.2987			2085.7	0.0083022						
2086.2	1.3008			2086.2	0.011115						
2086.6	1.3022			2086.6	0.011133						
2087.1	1.3046			2087.1	0.011164						
2087.6	1.3065			2087.6	0.013959						
2088.1	1.3082			2088.1	0.013973						
2088.6	1.3097			2088.6	0.016753						
2089.1	1.3111			2089.1	0.016762						
2089.5	1.3129			2089.5	0.019536						
2090	1.3137			2090	0.0223						
2090.5	1.3137			2090.5	0.025065						
2091	1.313			2091	0.027832						
2091.5	1.3113			2091.5	0.030604						
2092	1.3077			2092	0.033394						
2092.4	1.3041			2092.4	0.030599						
2092.9	1.3021			2092.9	0.027795						
2093.4	1.3006			2093.4	0.024991						
2093.9	1.3007			2093.9	0.019407						
2094.4	1.3022			2094.4	0.016638						
2094.8	1.3039			2094.8	0.01388						
2095.3	1.3061			2095.3	0.011141						
2095.8	1.3094			2095.8	0.0084305						
2096.3	1.3127			2096.3	0.0084767						
2096.8	1.3152			2096.8	0.0085101						
2097.3	1.3174			2097.3	0.0085397						
2097.7	1.3194			2097.7	0.008563						
2098.2	1.3212			2098.2	0.008585						
2098.7	1.323			2098.7	0.008606						
2099.2	1.3246			2099.2	0.0086222						
2099.7	1.3262			2099.7	0.0086398						
2100.1	1.3277			2100.1	0.008656						
2100.6	1.329			2100.6	0.0086703						
2101.1	1.3299			2101.1	0.0086784						
2101.6	1.3316			2101.6	0.0060024						
2102.1	1.3342			2102.1	0.0060334						
2102.6	1.3364			2102.6	0.0060582						
2103	1.3384			2103	0.0060811						
2103.5	1.3404			2103.5	0.0061026						
2104	1.3423			2104	0.006124						
2104.5	1.3442			2104.5	0.0061417						
2105	1.3461			2105	0.0061603						
2105.5	1.348			2105.5	0.0061784						
2105.9	1.35			2105.9	0.006196						
2106.4	1.3519			2106.4	0.0062141						
2106.9	1.3539			2106.9	0.0062289						
2107.4	1.3558			2107.4	0.0062461						
2107.9	1.3579			2107.9	0.0062613						
2108.3	1.3599			2108.3	0.0062776						
2108.8	1.362			2108.8	0.00629						
2109.3	1.3641			2109.3	0.0063038						
2109.8	1.3662			2109.8	0.0063176						
2110.3	1.3684			2110.3	0.006331						
2110.8	1.3706			2110.8	0.0063419						
2111.2	1.3729			2111.2	0.0063529						
2111.7	1.3752			2111.7	0.0063629						
2112.2	1.3775			2112.2	0.0063734						
2112.7	1.3798			2112.7	0.0063815						
2113.2	1.382			2113.2	0.0063872						
2113.7	1.384			2113.7	0.0063934						
2114.1	1.3868			2114.1	0.0038276						
2114.6	1.3905			2114.6	0.0038424						
2115.1	1.394			2115.1	0.0038533						
2115.6	1.3973			2115.6	0.0038619						
2116.1	1.4008			2116.1	0.0038676						
2116.5	1.4043			2116.5	0.0038729						
2117	1.4079			2117	0.0038748						
2117.5	1.4116			2117.5	0.0038738						
2118	1.4155			2118	0.003871						
2118.5	1.4195			2118.5	0.0038638						
2119	1.4236			2119	0.0038548						
2119.4	1.428			2119.4	0.00384						
2119.9	1.4325			2119.9	0.0038233						
2120.4	1.4372			2120.4	0.003799						
2120.9	1.442			2120.9	0.0037704						
2121.4	1.4471			2121.4	0.003737						
2121.9	1.452			2121.9	0.0036988						
2122.3	1.458			2122.3	0.0012054						
2122.8	1.4652			2122.8	0.0011449						
2123.3	1.4725			2123.3	0.0010743						
2123.8	1.4801			2123.8	0.00098753						
2124.3	1.4884			2124.3	0.00088072						
2124.7	1.4961			2124.7	0.0031505						
2125.2	1.5045			2125.2	0.00063658						
2125.7	1.515			2125.7	0.00044823						
2126.2	1.5252			2126.2	0.0025783						
2126.7	1.5352			2126.7	0.0023475						
2127.2	1.5473			2127.2	-4.77E-7						
2127.6	1.5618			2127.6	-4.77E-7						
2128.1	1.5764			2128.1	0.0011797						
2128.6	1.5929			2128.6	-4.77E-7						
2129.1	1.6118			2129.1	-4.77E-7						
2129.6	1.6323			2129.6	-4.77E-7						
2130	1.6565			2130	-4.77E-7						
2130.5	1.6844			2130.5	-4.77E-7						
2131	1.7166			2131	-4.77E-7						
2131.5	1.7556			2131.5	-4.77E-7						
2132	1.8037			2132	0.0006628						
2132.5	1.8632			2132.5	0.0070806						
2132.9	1.9377			2132.9	0.022055						
2133.4	2.0289			2133.4	0.057409						
2133.9	2.134			2133.9	0.12655						
2134.4	2.2391			2134.4	0.25678						
2134.9	2.3111			2134.9	0.46497						
2135.4	2.3109			2135.4	0.72761						
2135.8	2.2233			2135.8	0.98241						
2136.3	2.0712			2136.3	1.1686						
2136.8	1.8925			2136.8	1.2795						
2137.3	1.7181			2137.3	1.3295						
2137.8	1.5532			2137.8	1.3477						
2138.2	1.4044			2138.2	1.3422						
2138.7	1.2654			2138.7	1.3253						
2139.2	1.1352			2139.2	1.2875						
2139.7	1.0163			2139.7	1.2391						
2140.2	0.90858			2140.2	1.1778						
2140.7	0.8113			2140.7	1.1111						
2141.1	0.72164			2141.1	1.0393						
2141.6	0.63989			2141.6	0.95424						
2142.1	0.5668			2142.1	0.86553						
2142.6	0.49479			2142.6	0.77435						
2143.1	0.42592			2143.1	0.65197						
2143.6	0.38702			2143.6	0.47471						
2144	0.41503			2144	0.26861						
2144.5	0.50428			2144.5	0.12499						
2145	0.60385			2145	0.069292						
2145.5	0.68543			2145.5	0.043869						
2146	0.74924			2146	0.037098						
2146.4	0.79731			2146.4	0.035052						
2146.9	0.83506			2146.9	0.032723						
2147.4	0.86631			2147.4	0.030242						
2147.9	0.8932			2147.9	0.027682						
2148.4	0.91739			2148.4	0.025109						
2148.9	0.93794			2148.9	0.026206						
2149.3	0.95596			2149.3	0.023424						
2149.8	0.97212			2149.8	0.024255						
2150.3	0.98684			2150.3	0.021407						
2150.8	1.0008			2150.8	0.022109						
2151.3	1.0126			2151.3	0.022674						
2151.7	1.0225			2151.7	0.023127						
2152.2	1.0323			2152.2	0.020159						
2152.7	1.0422			2152.7	0.020614						
2153.2	1.0506			2153.2	0.020986						
2153.7	1.0576			2153.7	0.021286						
2154.2	1.0649			2154.2	0.018296						
2154.6	1.0727			2154.6	0.018634						
2155.1	1.0793			2155.1	0.018914						
2155.6	1.085			2155.6	0.019153						
2156.1	1.0899			2156.1	0.019345						
2156.6	1.0953			2156.6	0.01636						
2157.1	1.1014			2157.1	0.016612						
2157.5	1.1066			2157.5	0.016821						
2158	1.1113			2158	0.017007						
2158.5	1.1157			2158.5	0.017174						
2159	1.1197			2159	0.017325						
2159.5	1.1234			2159.5	0.017461						
2159.9	1.1266			2159.9	0.017579						
2160.4	1.1293			2160.4	0.017671						
2160.9	1.1327			2160.9	0.014707						
2161.4	1.137			2161.4	0.014865						
2161.9	1.1406			2161.9	0.014997						
2162.4	1.1438			2162.4	0.015114						
2162.8	1.1469			2162.8	0.015223						
2163.3	1.1498			2163.3	0.015322						
2163.8	1.1525			2163.8	0.015414						
2164.3	1.1551			2164.3	0.015501						
2164.8	1.1576			2164.8	0.015581						
2165.3	1.1599			2165.3	0.015659						
2165.7	1.1622			2165.7	0.015731						
2166.2	1.1644			2166.2	0.0158						
2166.7	1.1665			2166.7	0.015865						
2167.2	1.1685			2167.2	0.015926						
2167.7	1.1704			2167.7	0.015985						
2168.1	1.1723			2168.1	0.016039						
2168.6	1.1741			2168.6	0.016092						
2169.1	1.1758			2169.1	0.016142						
2169.6	1.1775			2169.6	0.016189						
2170.1	1.1791			2170.1	0.016236						
2170.6	1.1807			2170.6	0.016279						
2171	1.1822			2171	0.016319						
2171.5	1.1836			2171.5	0.016358						
2172	1.185			2172	0.016396						
2172.5	1.1864			2172.5	0.016432						
2173	1.1877			2173	0.016466						
2173.5	1.189			2173.5	0.016497						
2173.9	1.1902			2173.9	0.01653						
2174.4	1.1914			2174.4	0.016559						
2174.9	1.1926			2174.9	0.016588						
2175.4	1.1937			2175.4	0.016613						
2175.9	1.1948			2175.9	0.016641						
2176.3	1.1958			2176.3	0.016664						
2176.8	1.1969			2176.8	0.016688						
2177.3	1.1978			2177.3	0.016711						
2177.8	1.1988			2177.8	0.016732						
2178.3	1.1997			2178.3	0.016753						
2178.8	1.2006			2178.8	0.016771						
2179.2	1.2014			2179.2	0.01679						
2179.7	1.2023			2179.7	0.016808						
2180.2	1.203			2180.2	0.016822						
2180.7	1.2037			2180.7	0.016836						
2181.2	1.2043			2181.2	0.016849						
2181.6	1.2048			2181.6	0.016857						
2182.1	1.2049			2182.1	0.016854						
2182.6	1.206			2182.6	0.014009						
2183.1	1.2084			2183.1	0.014074						
2183.6	1.2093			2183.6	0.016957						
2184.1	1.209			2184.1	0.016943						
2184.5	1.2086			2184.5	0.016927						
2185	1.2093			2185	0.014082						
2185.5	1.2109			2185.5	0.014124						
2186	1.2122			2186	0.014155						
2186.5	1.2136			2186.5	0.014189						
2187	1.2135			2187	0.017031						
2187.4	1.2135			2187.4	0.014176						
2187.9	1.2148			2187.9	0.014209						
2188.4	1.2158			2188.4	0.014232						
2188.9	1.217			2188.9	0.014261						
2189.4	1.2168			2189.4	0.017087						
2189.8	1.2166			2189.8	0.014241						
2190.3	1.2177			2190.3	0.014266						
2190.8	1.2185			2190.8	0.014284						
2191.3	1.2191			2191.3	0.014298						
2191.8	1.2198			2191.8	0.014311						
2192.3	1.2204			2192.3	0.01432						
2192.7	1.2209			2192.7	0.014333						
2193.2	1.2215			2193.2	0.014343						
2193.7	1.222			2193.7	0.014352						
2194.2	1.2225			2194.2	0.014363						
2194.7	1.2231			2194.7	0.014372						
2195.2	1.2235			2195.2	0.01438						
2195.6	1.224			2195.6	0.014389						
2196.1	1.2245			2196.1	0.014397						
2196.6	1.225			2196.6	0.014405						
2197.1	1.2254			2197.1	0.014411						
2197.6	1.2258			2197.6	0.014419						
2198	1.2262			2198	0.014426						
2198.5	1.2267			2198.5	0.014432						
2199	1.2271			2199	0.014437						
2199.5	1.2274			2199.5	0.014443						
2200	1.2278			2200	0.014449						
2200.5	1.2282			2200.5	0.014454						
2200.9	1.2286			2200.9	0.014459						
2201.4	1.2289			2201.4	0.014464						
2201.9	1.2292			2201.9	0.014469						
2202.4	1.2296			2202.4	0.014472						
2202.9	1.2299			2202.9	0.014476						
2203.3	1.2302			2203.3	0.014479						
2203.8	1.2305			2203.8	0.014482						
2204.3	1.2307			2204.3	0.014486						
2204.8	1.231			2204.8	0.014488						
2205.3	1.2313			2205.3	0.014489						
2205.8	1.2315			2205.8	0.014492						
2206.2	1.2317			2206.2	0.014493						
2206.7	1.2319			2206.7	0.014493						
2207.2	1.232			2207.2	0.014493						
2207.7	1.2321			2207.7	0.014491						
2208.2	1.2321			2208.2	0.014487						
2208.7	1.232			2208.7	0.014479						
2209.1	1.2314			2209.1	0.014462						
2209.6	1.2317			2209.6	0.011692						
2210.1	1.2329			2210.1	0.01172						
2210.6	1.2336			2210.6	0.011736						
2211.1	1.2342			2211.1	0.011748						
2211.5	1.2347			2211.5	0.011758						
2212	1.2351			2212	0.011766						
2212.5	1.2355			2212.5	0.011774						
2213	1.2359			2213	0.011781						
2213.5	1.2363			2213.5	0.011786						
2214	1.2366			2214	0.011792						
2214.4	1.2369			2214.4	0.011796						
2214.9	1.2372			2214.9	0.011801						
2215.4	1.2375			2215.4	0.011806						
2215.9	1.2378			2215.9	0.011811						
2216.4	1.2381			2216.4	0.011814						
2216.9	1.2384			2216.9	0.011818						
2217.3	1.2386			2217.3	0.01182						
2217.8	1.2389			2217.8	0.011824						
2218.3	1.2391			2218.3	0.011826						
2218.8	1.2394			2218.8	0.01183						
2219.3	1.2396			2219.3	0.011831						
2219.7	1.2398			2219.7	0.011834						
2220.2	1.24			2220.2	0.011835						
2220.7	1.2402			2220.7	0.011838						
2221.2	1.2404			2221.2	0.011839						
2221.7	1.2406			2221.7	0.01184						
2222.2	1.2408			2222.2	0.011842						
2222.6	1.2409			2222.6	0.011842						
2223.1	1.2411			2223.1	0.011842						
2223.6	1.2412			2223.6	0.011843						
2224.1	1.2413			2224.1	0.011844						
2224.6	1.2414			2224.6	0.011843						
2225	1.2415			2225	0.011842						
2225.5	1.2416			2225.5	0.01184						
2226	1.2416			2226	0.011838						
2226.5	1.2416			2226.5	0.011833						
2227	1.2415			2227	0.01183						
2227.5	1.2413			2227.5	0.011819						
2227.9	1.2406			2227.9	0.011797						
2228.4	1.2408			2228.4	0.0090747						
2228.9	1.2419			2228.9	0.0091004						
2229.4	1.2425			2229.4	0.0091143						
2229.9	1.2429			2229.9	0.0091248						
2230.4	1.2433			2230.4	0.0091319						
2230.8	1.2436			2230.8	0.0091381						
2231.3	1.2439			2231.3	0.0091443						
2231.8	1.2442			2231.8	0.0091491						
2232.3	1.2445			2232.3	0.0091524						
2232.8	1.2447			2232.8	0.0091572						
2233.2	1.2449			2233.2	0.0091596						
2233.7	1.2451			2233.7	0.0091624						
2234.2	1.2453			2234.2	0.0091648						
2234.7	1.2455			2234.7	0.0091667						
2235.2	1.2457			2235.2	0.0091696						
2235.7	1.2458			2235.7	0.009171						
2236.1	1.2459			2236.1	0.009172						
2236.6	1.2461			2236.6	0.0091729						
2237.1	1.2462			2237.1	0.0091729						
2237.6	1.2463			2237.6	0.0091724						
2238.1	1.2464			2238.1	0.0091724						
2238.6	1.2464			2238.6	0.009172						
2239	1.2464			2239	0.0091691						
2239.5	1.2464			2239.5	0.0091653						
2240	1.2463			2240	0.0091596						
2240.5	1.246			2240.5	0.0091491						
2241	1.2453			2241	0.0091271						
2241.4	1.2455			2241.4	0.0064349						
2241.9	1.2466			2241.9	0.0064626						
2242.4	1.2471			2242.4	0.0064769						
2242.9	1.2476			2242.9	0.0064893						
2243.4	1.2479			2243.4	0.0064969						
2243.9	1.2482			2243.9	0.0065031						
2244.3	1.2485			2244.3	0.0065084						
2244.8	1.2487			2244.8	0.0065126						
2245.3	1.249			2245.3	0.0065179						
2245.8	1.2492			2245.8	0.0065217						
2246.3	1.2493			2246.3	0.006525						
2246.7	1.2495			2246.7	0.0065274						
2247.2	1.2496			2247.2	0.0065284						
2247.7	1.2498			2247.7	0.0065308						
2248.2	1.2498			2248.2	0.0065308						
2248.7	1.2499			2248.7	0.0065298						
2249.2	1.2499			2249.2	0.0065284						
2249.6	1.2497			2249.6	0.0065222						
2250.1	1.2492			2250.1	0.0065045						
2250.6	1.2497			2250.6	0.0038433						
2251.1	1.2513			2251.1	0.0038915						
2251.6	1.2515			2251.6	0.0065632						
2252.1	1.2502			2252.1	0.0065265						
2252.5	1.2502			2252.5	0.0038548						
2253	1.2512			2253	0.0038829						
2253.5	1.2517			2253.5	0.0038967						
2254	1.2521			2254	0.0039086						
2254.5	1.2525			2254.5	0.0039172						
2254.9	1.2528			2254.9	0.0039258						
2255.4	1.2531			2255.4	0.0039344						
2255.9	1.2534			2255.9	0.0039392						
2256.4	1.2536			2256.4	0.0039468						
2256.9	1.2539			2256.9	0.003952						
2257.4	1.2541			2257.4	0.0039577						
2257.8	1.2543			2257.8	0.0039635						
2258.3	1.2546			2258.3	0.0039668						
2258.8	1.2548			2258.8	0.0039744						
2259.3	1.255			2259.3	0.0039792						
2259.8	1.2552			2259.8	0.0039835						
2260.3	1.2554			2260.3	0.0039864						
2260.7	1.2556			2260.7	0.0039921						
2261.2	1.2558			2261.2	0.0039964						
2261.7	1.2559			2261.7	0.0039997						
2262.2	1.2561			2262.2	0.0040035						
2262.7	1.2563			2262.7	0.0040073						
2263.1	1.2565			2263.1	0.0040116						
2263.6	1.2566			2263.6	0.004015						
2264.1	1.2568			2264.1	0.0040169						
2264.6	1.257			2264.6	0.0040231						
2265.1	1.2571			2265.1	0.0040255						
2265.6	1.2573			2265.6	0.0040298						
2266	1.2575			2266	0.0040317						
2266.5	1.2576			2266.5	0.0040355						
2267	1.2578			2267	0.0040383						
2267.5	1.2579			2267.5	0.0040421						
2268	1.2581			2268	0.0040431						
2268.5	1.2582			2268.5	0.0040479						
2268.9	1.2584			2268.9	0.0040498						
2269.4	1.2585			2269.4	0.0040536						
2269.9	1.2586			2269.9	0.0040555						
2270.4	1.2588			2270.4	0.0040588						
2270.9	1.2589			2270.9	0.0040603						
2271.3	1.259			2271.3	0.0040636						
2271.8	1.2592			2271.8	0.0040665						
2272.3	1.2593			2272.3	0.0040679						
2272.8	1.2594			2272.8	0.0040708						
2273.3	1.2595			2273.3	0.0040727						
2273.8	1.2597			2273.8	0.0040751						
2274.2	1.2598			2274.2	0.0040774						
2274.7	1.2599			2274.7	0.0040798						
2275.2	1.26			2275.2	0.0040803						
2275.7	1.2601			2275.7	0.0040846						
2276.2	1.2602			2276.2	0.0040846						
2276.6	1.2603			2276.6	0.0040865						
2277.1	1.2604			2277.1	0.004087						
2277.6	1.2605			2277.6	0.0040889						
2278.1	1.2606			2278.1	0.0040889						
2278.6	1.2606			2278.6	0.0040889						
2279.1	1.2606			2279.1	0.004087						
2279.5	1.2603			2279.5	0.0040765						
2280	1.2612			2280	0.001492						
2280.5	1.2621			2280.5	0.004128						
2281	1.2618			2281	0.0041175						
2281.5	1.2618			2281.5	0.0041146						
2282	1.2618			2282	0.0041142						
2282.4	1.2619			2282.4	0.0041137						
2282.9	1.2619			2282.9	0.0041146						
2283.4	1.262			2283.4	0.0041156						
2283.9	1.2621			2283.9	0.004117						
2284.4	1.2621			2284.4	0.004117						
2284.8	1.2622			2284.8	0.0041184						
2285.3	1.2623			2285.3	0.0041189						
2285.8	1.2624			2285.8	0.0041184						
2286.3	1.2624			2286.3	0.0041203						
2286.8	1.2625			2286.8	0.0041203						
2287.3	1.2626			2287.3	0.0041218						
2287.7	1.2626			2287.7	0.0041218						
2288.2	1.2627			2288.2	0.0041213						
2288.7	1.2627			2288.7	0.0041227						
2289.2	1.2628			2289.2	0.0041232						
2289.7	1.2628			2289.7	0.0041223						
2290.2	1.2629			2290.2	0.0041223						
2290.6	1.2629			2290.6	0.0041227						
2291.1	1.2629			2291.1	0.0041203						
2291.6	1.2629			2291.6	0.0041194						
2292.1	1.2629			2292.1	0.0041175						
2292.6	1.2628			2292.6	0.0041137						
2293	1.2627			2293	0.0041089						
2293.5	1.2623			2293.5	0.0040956						
2294	1.263			2294	0.0015249						
2294.5	1.2637			2294.5	0.0041337						
2295	1.263			2295	0.0041137						
2295.5	1.2623			2295.5	0.0040894						
2295.9	1.2624			2295.9	0.0015044						
2296.4	1.2636			2296.4	0.0015378						
2296.9	1.2646			2296.9	0.0015683						
2297.4	1.2645			2297.4	0.0041509						
2297.9	1.2632			2297.9	0.0041108						
2298.4	1.2631			2298.4	0.0015211						
2298.8	1.264			2298.8	0.0015459						
2299.3	1.2645			2299.3	0.0015597						
2299.8	1.2649			2299.8	0.0015721						
2300.3	1.2656			2300.3	0.0015936						
2300.8	1.265			2300.8	0.0041528						
2301.2	1.2644			2301.2	0.0015559						
2301.7	1.265			2301.7	0.001574						
2302.2	1.2654			2302.2	0.001585						
2302.7	1.2657			2302.7	0.0015936						
2303.2	1.266			2303.2	0.0016017						
2303.7	1.2664			2303.7	0.0016122						
2304.1	1.267			2304.1	0.0016294						
2304.6	1.2665			2304.6	0.0041857						
2305.1	1.2662			2305.1	0.0016055						
2305.6	1.266			2305.6	0.0041699						
2306.1	1.2655			2306.1	0.0015807						
2306.5	1.2661			2306.5	0.0015988						
2307	1.2664			2307	0.0016098						
2307.5	1.2667			2307.5	0.001616						
2308	1.2669			2308	0.0016217						
2308.5	1.2672			2308.5	0.0016284						
2309	1.2675			2309	0.001636						
2309.4	1.268			2309.4	0.0016508						
2309.9	1.2673			2309.9	0.0041957						
2310.4	1.2667			2310.4	0.0016127						
2310.9	1.2672			2310.9	0.0016265						
2311.4	1.2675			2311.4	0.0016351						
2311.9	1.2677			2311.9	0.0016408						
2312.3	1.2679			2312.3	0.0016446						
2312.8	1.2681			2312.8	0.0016503						
2313.3	1.2682			2313.3	0.0016537						
2313.8	1.2684			2313.8	0.001658						
2314.3	1.2686			2314.3	0.0016642						
2314.7	1.2689			2314.7	0.0016708						
2315.2	1.2694			2315.2	0.0016861						
2315.7	1.2687			2315.7	0.0042195						
2316.2	1.268			2316.2	0.0016427						
2316.7	1.2686			2316.7	0.0016589						
2317.2	1.2688			2317.2	0.0016656						
2317.6	1.269			2317.6	0.0016704						
2318.1	1.2692			2318.1	0.0016751						
2318.6	1.2694			2318.6	0.0016785						
2319.1	1.2695			2319.1	0.0016832						
2319.6	1.2697			2319.6	0.0016856						
2320.1	1.2698			2320.1	0.0016899						
2320.5	1.27			2320.5	0.0016952						
2321	1.2701			2321	0.0016975						
2321.5	1.2703			2321.5	0.0017028						
2322	1.2705			2322	0.0017076						
2322.5	1.2707			2322.5	0.0017133						
2322.9	1.271			2322.9	0.0017219						
2323.4	1.2717			2323.4	0.0017395						
2323.9	1.2711			2323.9	0.0042639						
2324.4	1.2707			2324.4	0.001708						
2324.9	1.2718			2324.9	0.0017419						
2325.4	1.2717			2325.4	0.0042768						
2325.8	1.2704			2325.8	0.00424						
2326.3	1.2704			2326.3	0.001699						
2326.8	1.2717			2326.8	0.0017366						
2327.3	1.2717			2327.3	0.0042734						
2327.8	1.2705			2327.8	0.0042367						
2328.2	1.2705			2328.2	0.0017004						
2328.7	1.2719			2328.7	0.001739						
2329.2	1.2719			2329.2	0.0042748						
2329.7	1.2708			2329.7	0.0042405						
2330.2	1.2712			2330.2	0.0017152						
2330.7	1.2715			2330.7	0.0042596						
2331.1	1.2704			2331.1	0.0042257						
2331.6	1.2704			2331.6	0.001689						
2332.1	1.2713			2332.1	0.0017176						
2332.6	1.2722			2332.6	0.0017428						
2333.1	1.2718			2333.1	0.0042601						
2333.6	1.2715			2333.6	0.0017209						
2334	1.2727			2334	0.0017562						
2334.5	1.2727			2334.5	0.0042825						
2335	1.2715			2335	0.0042467						
2335.5	1.2716			2335.5	0.0017219						
2336	1.273			2336	0.0017633						
2336.4	1.2733			2336.4	0.004293						
2336.9	1.2726			2336.9	0.0042729						
2337.4	1.2722			2337.4	0.0042605						
2337.9	1.2718			2337.9	0.0042477						
2338.4	1.2711			2338.4	0.0042281						
2338.9	1.2714			2338.9	0.0017099						
2339.3	1.2727			2339.3	0.0017495						
2339.8	1.2726			2339.8	0.0042648						
2340.3	1.2725			2340.3	0.0017405						
2340.8	1.2738			2340.8	0.0017786						
2341.3	1.2741			2341.3	0.0043039						
2341.8	1.2733			2341.8	0.0042787						
2342.2	1.2741			2342.2	0.0017858						
2342.7	1.2755			2342.7	0.0043349						
2343.2	1.2749			2343.2	0.0068359						
2343.7	1.2738			2343.7	0.0068073						
2344.2	1.2736			2344.2	0.0068007						
2344.6	1.2725			2344.6	0.009295						
2345.1	1.2703			2345.1	0.0092387						
2345.6	1.2691			2345.6	0.0066791						
2346.1	1.2685			2346.1	0.0066605						
2346.6	1.2682			2346.6	0.0041251						
2347.1	1.2682			2347.1	0.0041246						
2347.5	1.2687			2347.5	0.001616						
2348	1.2697			2348	0.0016489						
2348.5	1.2703			2348.5	0.0016651						
2349	1.2708			2349	0.001678						
2349.5	1.2711			2349.5	0.0016856						
2349.9	1.2714			2349.9	0.0016932						
2350.4	1.2716			2350.4	0.001699						
2350.9	1.2718			2350.9	0.0017056						
2351.4	1.272			2351.4	0.0017095						
2351.9	1.2722			2351.9	0.0017147						
2352.4	1.2723			2352.4	0.001718						
2352.8	1.2725			2352.8	0.0017219						
2353.3	1.2726			2353.3	0.0017262						
2353.8	1.2728			2353.8	0.0017295						
2354.3	1.2729			2354.3	0.0017343						
2354.8	1.2731			2354.8	0.0017385						
2355.3	1.2733			2355.3	0.0017438						
2355.7	1.2734			2355.7	0.0017471						
2356.2	1.2737			2356.2	0.0017533						
2356.7	1.274			2356.7	0.001761						
2357.2	1.2747			2357.2	0.0017829						
2357.7	1.2745			2357.7	0.0042739						
2358.1	1.2732			2358.1	0.0042353						
2358.6	1.2733			2358.6	0.00174						
2359.1	1.2733			2359.1	0.0042362						
2359.6	1.273			2359.6	0.0017295						
2360.1	1.2742			2360.1	0.0017633						
2360.6	1.2741			2360.6	0.0042558						
2361	1.2728			2361	0.0042191						
2361.5	1.273			2361.5	0.0017271						
2362	1.273			2362	0.0042214						
2362.5	1.2726			2362.5	0.0017138						
2363	1.2736			2363	0.0017414						
2363.5	1.2731			2363.5	0.004221						
2363.9	1.2725			2363.9	0.0017071						
2364.4	1.2731			2364.4	0.0017238						
2364.9	1.2733			2364.9	0.0017309						
2365.4	1.2735			2365.4	0.0017347						
2365.9	1.2736			2365.9	0.0017385						
2366.3	1.2737			2366.3	0.0017405						
2366.8	1.2738			2366.8	0.0017447						
2367.3	1.2739			2367.3	0.0017467						
2367.8	1.274			2367.8	0.0017476						
2368.3	1.2741			2368.3	0.00175						
2368.8	1.2742			2368.8	0.0017509						
2369.2	1.2743			2369.2	0.0017533						
2369.7	1.2743			2369.7	0.0017538						
2370.2	1.2744			2370.2	0.0017552						
2370.7	1.2745			2370.7	0.0017562						
2371.2	1.2745			2371.2	0.0017567						
2371.6	1.2746			2371.6	0.0017581						
2372.1	1.2746			2372.1	0.00176						
2372.6	1.2747			2372.6	0.001761						
2373.1	1.2747			2373.1	0.001761						
2373.6	1.2748			2373.6	0.0017633						
2374.1	1.2748			2374.1	0.0017638						
2374.5	1.2749			2374.5	0.0017648						
2375	1.275			2375	0.0017653						
2375.5	1.275			2375.5	0.0017657						
2376	1.275			2376	0.0017657						
2376.5	1.2751			2376.5	0.0017676						
2377	1.2751			2377	0.0017686						
2377.4	1.2752			2377.4	0.0017695						
2377.9	1.2752			2377.9	0.00177						
2378.4	1.2753			2378.4	0.001771						
2378.9	1.2753			2378.9	0.001771						
2379.4	1.2753			2379.4	0.0017705						
2379.8	1.2754			2379.8	0.0017715						
2380.3	1.2754			2380.3	0.0017719						
2380.8	1.2754			2380.8	0.0017719						
2381.3	1.2755			2381.3	0.0017734						
2381.8	1.2755			2381.8	0.0017734						
2382.3	1.2755			2382.3	0.0017729						
2382.7	1.2755			2382.7	0.0017719						
2383.2	1.2755			2383.2	0.0017705						
2383.7	1.2755			2383.7	0.00177						
2384.2	1.2754			2384.2	0.0017653						
2384.7	1.2751			2384.7	0.0017562						
2385.2	1.2759			2385.2	-4.77E-7						
2385.6	1.2767			2385.6	0.0018024						
2386.1	1.2763			2386.1	0.0017905						
2386.6	1.2762			2386.6	0.0017867						
2387.1	1.2761			2387.1	0.0017838						
2387.6	1.2761			2387.6	0.0017843						
2388	1.2761			2388	0.0017829						
2388.5	1.2761			2388.5	0.001781						
2389	1.2761			2389	0.0017819						
2389.5	1.2761			2389.5	0.001781						
2390	1.2761			2390	0.0017786						
2390.5	1.276			2390.5	0.0017757						
2390.9	1.276			2390.9	0.0017743						
2391.4	1.2758			2391.4	0.00177						
2391.9	1.2756			2391.9	0.0017629						
2392.4	1.2751			2392.4	0.0017467						
2392.9	1.2753			2392.9	-4.77E-7						
2393.4	1.2765			2393.4	-4.77E-7						
2393.8	1.2777			2393.8	-4.77E-7						
2394.3	1.2779			2394.3	0.0018249						
2394.8	1.2771			2394.8	0.0018044						
2395.3	1.2765			2395.3	0.0017853						
2395.8	1.2772			2395.8	-4.77E-7						
2396.2	1.2779			2396.2	0.0018234						
2396.7	1.2774			2396.7	0.0018101						
2397.2	1.2773			2397.2	0.0018039						
2397.7	1.2772			2397.7	0.001801						
2398.2	1.2771			2398.2	0.0017962						
2398.7	1.277			2398.7	0.0017939						
2399.1	1.2769			2399.1	0.00179						
2399.6	1.2767			2399.6	0.0017858						
2400.1	1.2765			2400.1	0.0017781						
2400.6	1.2759			2400.6	0.00176						
2401.1	1.2762			2401.1	-4.77E-7						
2401.5	1.2776			2401.5	-4.77E-7						
2402	1.2774			2402	0.0018024						
2402.5	1.2773			2402.5	-4.77E-7						
2403	1.2787			2403	-4.77E-7						
2403.5	1.2789			2403.5	0.0018425						
2404	1.2783			2404	0.0018244						
2404.4	1.278			2404.4	0.0018163						
2404.9	1.2778			2404.9	0.0018091						
2405.4	1.2776			2405.4	0.0018039						
2405.9	1.2775			2405.9	0.0017977						
2406.4	1.2772			2406.4	0.0017886						
2406.9	1.2765			2406.9	0.0017705						
2407.3	1.2767			2407.3	-4.77E-7						
2407.8	1.2777			2407.8	-4.77E-7						
2408.3	1.2785			2408.3	-4.77E-7						
2408.8	1.2795			2408.8	-4.77E-7						
2409.3	1.2796			2409.3	0.0018563						
2409.7	1.2788			2409.7	0.001832						
2410.2	1.2782			2410.2	0.0018134						
2410.7	1.2788			2410.7	-4.77E-7						
2411.2	1.2795			2411.2	0.0018501						
2411.7	1.279			2411.7	0.0018353						
2412.2	1.2788			2412.2	0.0018306						
2412.6	1.2787			2412.6	0.0018272						
2413.1	1.2787			2413.1	0.0018249						
2413.6	1.2786			2413.6	0.001821						
2414.1	1.2786			2414.1	0.0018191						
2414.6	1.2785			2414.6	0.0018167						
2415.1	1.2784			2415.1	0.0018153						
2415.5	1.2784			2415.5	0.0018125						
2416	1.2782			2416	0.0018067						
2416.5	1.278			2416.5	0.001802						
2417	1.2775			2417	0.0017872						
2417.5	1.2779			2417.5	-4.77E-7						
2417.9	1.2795			2417.9	-4.77E-7						
2418.4	1.2798			2418.4	0.0018497						
2418.9	1.2793			2418.9	0.0018334						
2419.4	1.279			2419.4	0.0018272						
2419.9	1.2789			2419.9	0.0018229						
2420.4	1.2788			2420.4	0.0018182						
2420.8	1.2786			2420.8	0.0018139						
2421.3	1.2784			2421.3	0.0018063						
2421.8	1.2779			2421.8	0.0017905						
2422.3	1.2782			2422.3	-4.77E-7						
2422.8	1.2798			2422.8	-4.77E-7						
2423.2	1.2801			2423.2	0.0018535						
2423.7	1.2796			2423.7	0.0018358						
2424.2	1.2793			2424.2	0.0018296						
2424.7	1.2792			2424.7	0.0018253						
2425.2	1.2791			2425.2	0.001822						
2425.7	1.279			2425.7	0.0018191						
2426.1	1.2789			2426.1	0.0018167						
2426.6	1.2788			2426.6	0.0018125						
2427.1	1.2787			2427.1	0.0018077						
2427.6	1.2786			2427.6	0.0018039						
2428.1	1.2783			2428.1	0.0017943						
2428.6	1.2777			2428.6	0.0017762						
2429	1.2779			2429	-4.77E-7						
2429.5	1.2789			2429.5	-4.77E-7						
2430	1.2798			2430	-4.77E-7						
2430.5	1.2795			2430.5	0.0018277						
2431	1.2793			2431	-4.77E-7						
2431.4	1.2806			2431.4	-4.77E-7						
2431.9	1.2808			2431.9	0.0018625						
2432.4	1.2801			2432.4	0.001842						
2432.9	1.2798			2432.9	0.0018311						
2433.4	1.2796			2433.4	0.0018249						
2433.9	1.2793			2433.9	0.0018167						
2434.3	1.2788			2434.3	0.0018001						
2434.8	1.2793			2434.8	-4.77E-7						
2435.3	1.2796			2435.3	0.0018239						
2435.8	1.2799			2435.8	-4.77E-7						
2436.3	1.2804			2436.3	0.0018468						
2436.8	1.2798			2436.8	0.0018296						
2437.2	1.2795			2437.2	0.0018187						
2437.7	1.2791			2437.7	0.0018086						
2438.2	1.2785			2438.2	0.0017896						
2438.7	1.2787			2438.7	-4.77E-7						
2439.2	1.28			2439.2	-4.77E-7						
2439.6	1.2798			2439.6	0.0018234						
2440.1	1.2798			2440.1	-4.77E-7						
2440.6	1.2797			2440.6	0.0018201						
2441.1	1.2795			2441.1	-4.77E-7						
2441.6	1.2806			2441.6	-4.77E-7						
2442.1	1.2804			2442.1	0.0018373						
2442.5	1.2804			2442.5	-4.77E-7						
2443	1.2806			2443	0.0018425						
2443.5	1.2794			2443.5	0.0018091						
2444	1.2794			2444	-4.77E-7						
2444.5	1.2802			2444.5	-4.77E-7						
2444.9	1.2808			2444.9	-4.77E-7						
2445.4	1.2817			2445.4	-4.77E-7						
2445.9	1.2817			2445.9	0.0018711						
2446.4	1.2809			2446.4	0.0018477						
2446.9	1.2803			2446.9	0.0018315						
2447.4	1.2796			2447.4	0.0018086						
2447.8	1.2797			2447.8	-4.77E-7						
2448.3	1.2809			2448.3	-4.77E-7						
2448.8	1.2807			2448.8	0.0018382						
2449.3	1.2804			2449.3	-4.77E-7						
2449.8	1.2816			2449.8	-4.77E-7						
2450.3	1.2816			2450.3	0.001864						
2450.7	1.2808			2450.7	0.0018387						
2451.2	1.2799			2451.2	0.001812						
2451.7	1.2799			2451.7	-4.77E-7						
2452.2	1.2809			2452.2	-4.77E-7						
2452.7	1.2818			2452.7	-4.77E-7						
2453.1	1.2818			2453.1	0.0018654						
2453.6	1.2809			2453.6	0.0018387						
2454.1	1.28			2454.1	0.0018134						
2454.6	1.28			2454.6	-4.77E-7						
2455.1	1.2808			2455.1	-4.77E-7						
2455.6	1.2814			2455.6	-4.77E-7						
2456	1.2823			2456	-4.77E-7						
2456.5	1.2822			2456.5	0.001874						
2457	1.2813			2457	0.0018454						
2457.5	1.2804			2457.5	0.0018206						
2458	1.2804			2458	-4.77E-7						
2458.5	1.2815			2458.5	-4.77E-7						
2458.9	1.2811			2458.9	0.0018401						
2459.4	1.2807			2459.4	-4.77E-7						
2459.9	1.2814			2459.9	-4.77E-7						
2460.4	1.2818			2460.4	-4.77E-7						
2460.9	1.2822			2460.9	-4.77E-7						
2461.3	1.283			2461.3	-4.77E-7						
2461.8	1.2828			2461.8	0.0018854						
2462.3	1.2816			2462.3	0.0018497						
2462.8	1.2817			2462.8	-4.77E-7						
2463.3	1.2829			2463.3	-4.77E-7						
2463.8	1.2831			2463.8	0.0018907						
2464.2	1.2824			2464.2	0.0018702						
2464.7	1.2819			2464.7	0.0018563						
2465.2	1.2813			2465.2	0.0018377						
2465.7	1.2819			2465.7	-4.77E-7						
2466.2	1.2825			2466.2	0.0018697						
2466.7	1.2819			2466.7	0.0018516						
2467.1	1.2814			2467.1	0.0018392						
2467.6	1.2807			2467.6	0.0018191						
2468.1	1.2809			2468.1	-4.77E-7						
2468.6	1.2822			2468.6	-4.77E-7						
2469.1	1.2823			2469.1	0.0018597						
2469.5	1.2811			2469.5	0.0018258						
2470	1.281			2470	-4.77E-7						
2470.5	1.2819			2470.5	-4.77E-7						
2471	1.2824			2471	-4.77E-7						
2471.5	1.2832			2471.5	-4.77E-7						
2472	1.2829			2472	0.0018759						
2472.4	1.2829			2472.4	-4.77E-7						
2472.9	1.2833			2472.9	0.0018854						
2473.4	1.2826			2473.4	0.001864						
2473.9	1.2819			2473.9	0.0018444						
2474.4	1.2825			2474.4	-4.77E-7						
2474.9	1.283			2474.9	0.0018759						
2475.3	1.2824			2475.3	0.0018573						
2475.8	1.282			2475.8	0.0018439						
2476.3	1.2813			2476.3	0.0018253						
2476.8	1.2816			2476.8	-4.77E-7						
2477.3	1.2828			2477.3	-4.77E-7						
2477.7	1.2828			2477.7	0.0018659						
2478.2	1.2829			2478.2	-4.77E-7						
2478.7	1.2834			2478.7	0.0018826						
2479.2	1.2828			2479.2	0.0018649						
2479.7	1.2826			2479.7	0.0018568						
2480.2	1.2824			2480.2	0.0018511						
2480.6	1.2822			2480.6	0.0018439						
2481.1	1.2819			2481.1	0.0018363						
2481.6	1.2817			2481.6	0.0018282						
2482.1	1.281			2482.1	0.0018096						
2482.6	1.2813			2482.6	-4.77E-7						
2483	1.2826			2483	-4.77E-7						
2483.5	1.2825			2483.5	0.0018511						
2484	1.2826			2484	-4.77E-7						
2484.5	1.283			2484.5	0.0018649						
2485	1.2824			2485	0.0018458						
2485.5	1.282			2485.5	0.0018334						
2485.9	1.2813			2485.9	0.0018139						
2486.4	1.2818			2486.4	-4.77E-7						
2486.9	1.2822			2486.9	0.0018377						
2487.4	1.2811			2487.4	0.0018048						
2487.9	1.281			2487.9	-4.77E-7						
2488.4	1.2818			2488.4	-4.77E-7						
2488.8	1.2822			2488.8	-4.77E-7						
2489.3	1.2825			2489.3	-4.77E-7						
2489.8	1.2829			2489.8	-4.77E-7						
2490.3	1.2836			2490.3	-4.77E-7						
2490.8	1.2834			2490.8	0.0018678						
2491.2	1.2821			2491.2	0.0018301						
2491.7	1.2819			2491.7	-4.77E-7						
2492.2	1.2827			2492.2	-4.77E-7						
2492.7	1.2832			2492.7	-4.77E-7						
2493.2	1.2839			2493.2	-4.77E-7						
2493.7	1.2835			2493.7	0.0018668						
2494.1	1.2835			2494.1	-4.77E-7						
2494.6	1.2838			2494.6	0.0018754						
2495.1	1.283			2495.1	0.0018497						
2495.6	1.2821			2495.6	0.0018268						
2496.1	1.2823			2496.1	-4.77E-7						
2496.6	1.2835			2496.6	-4.77E-7						
2497	1.2837			2497	0.0018668						
2497.5	1.2829			2497.5	0.0018458						
2498	1.2823			2498	0.0018287						
2498.5	1.2815			2498.5	0.0018044						
2499	1.2815			2499	-4.77E-7						
2499.4	1.2823			2499.4	-4.77E-7						
2499.9	1.2827			2499.9	-4.77E-7						