Reference:	"Hudgins et al. (1993)"
DOI:	"doi:https://doi.org/10.1086/191796"
Sample Type:	"Ice"
Composition:	"CO:OCS (20:1)"
Temperature:	"20K"
OCdb page:	"https://ocdb.smce.nasa.gov/dataset/103"
n₁ Error Units:	Not Applicable
k₁ Error Units:	Not Applicable
T₁ Error Units:	Not Applicable

"Wavenumber (cm⁻¹)"	"n₁"	"Dn₁  (+/-)"		"Wavenumber (cm⁻¹)"	"k₁"	"Dk₁  (+/-)"		"Wavenumber (cm⁻¹)"	"T₁"	"DT₁  (+/-)"	
1600.1	1.3188			1600.1	0.00030494			1600.1	100		
1600.6	1.3193			1600.6	0.00031185			1601	100		
1601	1.3203			1601	0.00032711			1601.5	99.9		
1601.5	1.3202			1601.5	0.0038886			1602.5	99.9		
1602	1.319			1602	0.0038729			1603.4	99.9		
1602.5	1.3184			1602.5	0.003864			1604.4	99.9		
1603	1.318			1603	0.0038586			1605.4	99.9		
1603.4	1.3177			1603.4	0.0038519			1606.3	99.9		
1603.9	1.3174			1603.9	0.0038481			1607.3	99.9		
1604.4	1.3171			1604.4	0.0038433			1608.3	99.9		
1604.9	1.3169			1604.9	0.0038388			1609.2	99.9		
1605.4	1.3167			1605.4	0.0038376			1610.2	100		
1605.9	1.3165			1605.9	0.0038326			1611.2	99.9		
1606.3	1.3164			1606.3	0.0038321			1612.1	99.9		
1606.8	1.3162			1606.8	0.0038271			1613.1	100		
1607.3	1.316			1607.3	0.0038249			1614.1	100		
1607.8	1.3158			1607.8	0.0038226			1615	100		
1608.3	1.3155			1608.3	0.0038157			1616	100		
1608.7	1.3152			1608.7	0.0038114			1616.9	99.9		
1609.2	1.3148			1609.2	0.0038061			1617.9	99.9		
1609.7	1.3139			1609.7	0.0037923			1618.9	99.9		
1610.2	1.3143			1610.2	0.00023818			1619.8	100		
1610.7	1.3163			1610.7	0.00027132			1620.8	100		
1611.2	1.3166			1611.2	0.0038247			1621.8	99.9		
1611.6	1.3155			1611.6	0.0038104			1622.7	99.9		
1612.1	1.3147			1612.1	0.0037975			1623.7	99.9		
1612.6	1.3135			1612.6	0.0037813			1624.7	99.9		
1613.1	1.3136			1613.1	0.00022793			1625.6	100		
1613.6	1.3148			1613.6	0.00024581			1626.6	100		
1614.1	1.3155			1614.1	0.0002594			1627.6	99.9		
1614.5	1.3163			1614.5	0.00026941			1628.5	99.9		
1615	1.3173			1615	0.00028563			1629.5	99.9		
1615.5	1.3168			1615.5	0.0038176			1630.4	100		
1616	1.3169			1616	0.0002799			1631.4	100		
1616.5	1.3174			1616.5	0.0038249			1632.4	100		
1616.9	1.3164			1616.9	0.003809			1633.3	100		
1617.4	1.3158			1617.4	0.0038009			1634.3	99.9		
1617.9	1.3153			1617.9	0.0037956			1635.3	99.9		
1618.4	1.3147			1618.4	0.0037854			1636.2	99.9		
1618.9	1.3136			1618.9	0.0037696			1637.2	100		
1619.4	1.3137			1619.4	0.00022984			1638.2	100		
1619.8	1.315			1619.8	0.00025034			1639.1	99.9		
1620.3	1.3159			1620.3	0.00026369			1640.1	100		
1620.8	1.3171			1620.8	0.000283			1641.1	100		
1621.3	1.317			1621.3	0.003808			1642	99.9		
1621.8	1.3153			1621.8	0.0037856			1643	99.9		
1622.3	1.3157			1622.3	0.00026298			1644	100		
1622.7	1.3159			1622.7	0.0037913			1644.9	99.9		
1623.2	1.3161			1623.2	0.00026965			1645.9	99.9		
1623.7	1.3167			1623.7	0.0038006			1646.8	99.9		
1624.2	1.3157			1624.2	0.0037847			1647.8	99.9		
1624.7	1.3149			1624.7	0.0037737			1648.8	99.9		
1625.1	1.3137			1625.1	0.003758			1649.7	99.9		
1625.6	1.3137			1625.6	0.00023127			1650.7	100		
1626.1	1.315			1626.1	0.00025392			1651.7	100		
1626.6	1.3159			1626.6	0.00026655			1652.6	99.9		
1627.1	1.3171			1627.1	0.00028658			1653.6	99.8		
1627.6	1.3171			1627.6	0.0037951			1654.6	99.9		
1628	1.3158			1628	0.003777			1655.5	100		
1628.5	1.3146			1628.5	0.0037627			1656.5	100		
1629	1.3151			1629	0.0002532			1657.5	100		
1629.5	1.3156			1629.5	0.0037732			1658.4	99.9		
1630	1.3139			1630	0.0037518			1659.4	100		
1630.4	1.3137			1630.4	0.00023317			1660.3	100		
1630.9	1.3147			1630.9	0.00024748			1661.3	100		
1631.4	1.3153			1631.4	0.00025702			1662.3	100		
1631.9	1.3158			1631.9	0.00026417			1663.2	99.9		
1632.4	1.3162			1632.4	0.00027251			1664.2	100		
1632.9	1.3168			1632.9	0.00027943			1665.2	100		
1633.3	1.3178			1633.3	0.00029707			1666.1	100		
1633.8	1.3176			1633.8	0.0037909			1667.1	100		
1634.3	1.3159			1634.3	0.0037675			1668.1	100		
1634.8	1.3163			1634.8	0.0002737			1669	100		
1635.3	1.3169			1635.3	0.0037775			1670	99.9		
1635.8	1.3157			1635.8	0.0037601			1671	100		
1636.2	1.3144			1636.2	0.0037434			1671.9	100		
1636.7	1.3145			1636.7	0.00024462			1672.9	100		
1637.2	1.3162			1637.2	0.00027227			1673.8	100		
1637.7	1.3157			1637.7	0.0037589			1674.8	100		
1638.2	1.3153			1638.2	0.00025725			1675.8	99.9		
1638.6	1.3168			1638.6	0.00028229			1676.7	100		
1639.1	1.3167			1639.1	0.003768			1677.7	100		
1639.6	1.3149			1639.6	0.0037436			1678.7	100		
1640.1	1.3147			1640.1	0.00024748			1679.6	100		
1640.6	1.3158			1640.6	0.00026655			1680.6	100		
1641.1	1.3166			1641.1	0.00028038			1681.6	99.9		
1641.5	1.3178			1641.5	0.00029516			1682.5	100		
1642	1.3177			1642	0.0037751			1683.5	100		
1642.5	1.3163			1642.5	0.0037577			1684.5	99.9		
1643	1.3149			1643	0.0037384			1685.4	99.9		
1643.5	1.3149			1643.5	0.0002532			1686.4	100		
1644	1.3163			1644	0.00027418			1687.4	100		
1644.4	1.3175			1644.4	0.00029373			1688.3	100		
1644.9	1.3172			1644.9	0.0037637			1689.3	100		
1645.4	1.3172			1645.4	0.00029039			1690.2	100		
1645.9	1.3178			1645.9	0.0037689			1691.2	100		
1646.4	1.3169			1646.4	0.003757			1692.2	100		
1646.8	1.3164			1646.8	0.0037489			1693.1	100		
1647.3	1.3159			1647.3	0.0037417			1694.1	100		
1647.8	1.3151			1647.8	0.0037289			1695.1	100		
1648.3	1.316			1648.3	0.00027084			1696	99.9		
1648.8	1.3168			1648.8	0.0037518			1697	99.9		
1649.3	1.316			1649.3	0.0037389			1698	100		
1649.7	1.3154			1649.7	0.003731			1698.9	100		
1650.2	1.3146			1650.2	0.0037184			1699.9	100		
1650.7	1.3153			1650.7	0.00025964			1700.9	99.9		
1651.2	1.3157			1651.2	0.0037322			1701.8	100		
1651.7	1.3161			1651.7	0.00027299			1702.8	100		
1652.2	1.3169			1652.2	0.003746			1703.8	99.9		
1652.6	1.3162			1652.6	0.0037389			1704.7	99.9		
1653.1	1.3163			1653.1	0.0037379			1705.7	99.9		
1653.6	1.3148			1653.6	0.0071826			1706.6	99.9		
1654.1	1.3132			1654.1	0.0036941			1707.6	99.9		
1654.6	1.3132			1654.6	0.0036914			1708.6	99.9		
1655	1.3122			1655	0.0036764			1709.5	99.9		
1655.5	1.3123			1655.5	0.00021267			1710.5	99.9		
1656	1.3135			1656	0.0002327			1711.5	100		
1656.5	1.3141			1656.5	0.00024223			1712.4	100		
1657	1.3146			1657	0.00024986			1713.4	99.9		
1657.5	1.3151			1657.5	0.00025606			1714.4	99.9		
1657.9	1.3158			1657.9	0.00026894			1715.3	100		
1658.4	1.3149			1658.4	0.0037065			1716.3	99.9		
1658.9	1.314			1658.9	0.0002408			1717.3	99.9		
1659.4	1.3147			1659.4	0.00025225			1718.2	99.9		
1659.9	1.3151			1659.9	0.00025892			1719.2	99.9		
1660.3	1.3153			1660.3	0.00026083			1720.1	99.9		
1660.8	1.3155			1660.8	0.00026488			1721.1	100		
1661.3	1.3157			1661.3	0.00026846			1722.1	100		
1661.8	1.3159			1661.8	0.00026894			1723	100		
1662.3	1.3162			1662.3	0.00027657			1724	100		
1662.8	1.3169			1662.8	0.00028586			1725	100		
1663.2	1.3159			1663.2	0.003711			1725.9	100		
1663.7	1.3149			1663.7	0.00025511			1726.9	100		
1664.2	1.3155			1664.2	0.00026512			1727.9	100		
1664.7	1.3158			1664.7	0.00026989			1728.8	99.9		
1665.2	1.316			1665.2	0.00027275			1729.8	100		
1665.7	1.3161			1665.7	0.00027514			1730.8	100		
1666.1	1.3163			1666.1	0.000278			1731.7	99.9		
1666.6	1.3164			1666.6	0.00028086			1732.7	100		
1667.1	1.3166			1667.1	0.00028372			1733.6	99.9		
1667.6	1.3168			1667.6	0.0002861			1734.6	99.9		
1668.1	1.317			1668.1	0.00029039			1735.6	99.9		
1668.5	1.3173			1668.5	0.00029421			1736.5	99.9		
1669	1.3182			1669	0.00030804			1737.5	100		
1669.5	1.3177			1669.5	0.0037227			1738.5	100		
1670	1.3156			1670	0.0036943			1739.4	100		
1670.5	1.3151			1670.5	0.00026131			1740.4	99.9		
1671	1.316			1671	0.00027514			1741.4	99.9		
1671.4	1.3163			1671.4	0.00028062			1742.3	100		
1671.9	1.3166			1671.9	0.00028443			1743.3	100		
1672.4	1.3168			1672.4	0.00028753			1744.3	100		
1672.9	1.317			1672.9	0.00029087			1745.2	100		
1673.4	1.3173			1673.4	0.0002954			1746.2	99.9		
1673.8	1.3175			1673.8	0.00029945			1747.2	100		
1674.3	1.318			1674.3	0.00030589			1748.1	99.9		
1674.8	1.3189			1674.8	0.0003202			1749.1	99.9		
1675.3	1.3186			1675.3	0.0037241			1750	100		
1675.8	1.3171			1675.8	0.0037026			1751	100		
1676.3	1.3155			1676.3	0.0036807			1752	99.9		
1676.7	1.3153			1676.7	0.00026417			1752.9	99.9		
1677.2	1.3162			1677.2	0.00027943			1753.9	100		
1677.7	1.3167			1677.7	0.00028658			1754.9	100		
1678.2	1.317			1678.2	0.0002923			1755.8	100		
1678.7	1.3173			1678.7	0.00029683			1756.8	100		
1679.2	1.3176			1679.2	0.00030065			1757.8	99.9		
1679.6	1.318			1679.6	0.00030708			1758.7	99.9		
1680.1	1.3184			1680.1	0.00031328			1759.7	99.9		
1680.6	1.3194			1680.6	0.00032949			1760.7	100		
1681.1	1.3193			1681.1	0.0037222			1761.6	99.9		
1681.6	1.3179			1681.6	0.0037022			1762.6	99.9		
1682	1.3167			1682	0.0036867			1763.5	99.9		
1682.5	1.3171			1682.5	0.00029469			1764.5	100		
1683	1.3173			1683	0.0036936			1765.5	100		
1683.5	1.3175			1683.5	0.00029993			1766.4	100		
1684	1.318			1684	0.0036993			1767.4	100		
1684.5	1.3169			1684.5	0.0036845			1768.4	100		
1684.9	1.3161			1684.9	0.0036728			1769.3	100		
1685.4	1.3149			1685.4	0.0036545			1770.3	100		
1685.9	1.3148			1685.9	0.00025654			1771.3	99.9		
1686.4	1.3158			1686.4	0.00027418			1772.2	100		
1686.9	1.3163			1686.9	0.00028133			1773.2	99.9		
1687.4	1.3167			1687.4	0.00028753			1774.2	100		
1687.8	1.3172			1687.8	0.00029516			1775.1	100		
1688.3	1.3179			1688.3	0.00030565			1776.1	99.9		
1688.8	1.317			1688.8	0.0036774			1777.1	99.9		
1689.3	1.316			1689.3	0.00027847			1778	99.9		
1689.8	1.3167			1689.8	0.00028706			1779	100		
1690.2	1.3171			1690.2	0.00029421			1779.9	100		
1690.7	1.3173			1690.7	0.00029635			1780.9	100		
1691.2	1.3175			1691.2	0.00030065			1781.9	100		
1691.7	1.3177			1691.7	0.00030351			1782.8	100		
1692.2	1.3178			1692.2	0.0003078			1783.8	99.9		
1692.7	1.318			1692.7	0.00031042			1784.8	100		
1693.1	1.3182			1693.1	0.00031233			1785.7	100		
1693.6	1.3185			1693.6	0.00031543			1786.7	100		
1694.1	1.3188			1694.1	0.0003221			1787.7	100		
1694.6	1.3192			1694.6	0.00032902			1788.6	99.9		
1695.1	1.3202			1695.1	0.0003438			1789.6	100		
1695.6	1.32			1695.6	0.0037057			1790.6	99.9		
1696	1.3187			1696	0.003686			1791.5	99.9		
1696.5	1.3178			1696.5	0.003674			1792.5	99.9		
1697	1.3165			1697	0.0036564			1793.4	99.9		
1697.5	1.3164			1697.5	0.00028563			1794.4	100		
1698	1.3174			1698	0.00030184			1795.4	100		
1698.4	1.318			1698.4	0.00030994			1796.3	100		
1698.9	1.3185			1698.9	0.000319			1797.3	100		
1699.4	1.3191			1699.4	0.00032854			1798.3	99.9		
1699.9	1.3201			1699.9	0.00034332			1799.2	99.9		
1700.4	1.32			1700.4	0.0036955			1800.2	100		
1700.9	1.3186			1700.9	0.0036769			1801.2	100		
1701.3	1.3173			1701.3	0.0036583			1802.1	100		
1701.8	1.3172			1701.8	0.00029945			1803.1	99.9		
1702.3	1.3184			1702.3	0.00031686			1804.1	99.9		
1702.8	1.3193			1702.8	0.00033236			1805	99.9		
1703.3	1.3206			1703.3	0.00035095			1806	99.9		
1703.8	1.3207			1703.8	0.0036995			1806.9	100		
1704.2	1.3197			1704.2	0.0036862			1807.9	100		
1704.7	1.3192			1704.7	0.0036778			1808.9	100		
1705.2	1.3189			1705.2	0.0036738			1809.8	100		
1705.7	1.3187			1705.7	0.0036688			1810.8	99.9		
1706.2	1.3185			1706.2	0.0036645			1811.8	100		
1706.6	1.3183			1706.6	0.0036619			1812.7	100		
1707.1	1.3181			1707.1	0.0036602			1813.7	100		
1707.6	1.318			1707.6	0.0036583			1814.7	100		
1708.1	1.3178			1708.1	0.0036535			1815.6	100		
1708.6	1.3176			1708.6	0.0036492			1816.6	99.9		
1709.1	1.3175			1709.1	0.0036459			1817.6	100		
1709.5	1.3172			1709.5	0.0036433			1818.5	100		
1710	1.317			1710	0.0036387			1819.5	100		
1710.5	1.3166			1710.5	0.0036316			1820.5	99.9		
1711	1.3157			1711	0.0036187			1821.4	99.9		
1711.5	1.3159			1711.5	0.00027895			1822.4	100		
1711.9	1.3174			1711.9	0.00030279			1823.3	99.9		
1712.4	1.3188			1712.4	0.00032616			1824.3	100		
1712.9	1.319			1712.9	0.0036602			1825.3	99.9		
1713.4	1.318			1713.4	0.0036464			1826.2	100		
1713.9	1.3173			1713.9	0.0036368			1827.2	99.9		
1714.4	1.3163			1714.4	0.0036221			1828.2	99.9		
1714.8	1.3166			1714.8	0.00029135			1829.1	99.9		
1715.3	1.3184			1715.3	0.00032043			1830.1	100		
1715.8	1.3186			1715.8	0.0036511			1831.1	99.9		
1716.3	1.3172			1716.3	0.0036306			1832	100		
1716.8	1.3179			1716.8	0.00031257			1833	99.9		
1717.3	1.3186			1717.3	0.0036473			1834	100		
1717.7	1.3178			1717.7	0.0036349			1834.9	100		
1718.2	1.3173			1718.2	0.0036273			1835.9	100		
1718.7	1.317			1718.7	0.0036235			1836.8	100		
1719.2	1.3165			1719.2	0.0036159			1837.8	100		
1719.7	1.3159			1719.7	0.0036068			1838.8	100		
1720.1	1.3149			1720.1	0.0035906			1839.7	100		
1720.6	1.3149			1720.6	0.00026321			1840.7	100		
1721.1	1.3159			1721.1	0.0002811			1841.7	100		
1721.6	1.3165			1721.6	0.00028944			1842.6	100		
1722.1	1.3168			1722.1	0.00029612			1843.6	100		
1722.6	1.3171			1722.6	0.00030041			1844.6	99.9		
1723	1.3173			1723	0.00030398			1845.5	100		
1723.5	1.3176			1723.5	0.00030899			1846.5	100		
1724	1.3177			1724	0.00031042			1847.5	100		
1724.5	1.3179			1724.5	0.00031376			1848.4	100		
1725	1.3181			1725	0.0003171			1849.4	99.9		
1725.4	1.3183			1725.4	0.00031948			1850.3	100		
1725.9	1.3185			1725.9	0.00032377			1851.3	100		
1726.4	1.3187			1726.4	0.00032616			1852.3	100		
1726.9	1.3189			1726.9	0.00032997			1853.2	99.9		
1727.4	1.3192			1727.4	0.00033522			1854.2	100		
1727.9	1.3196			1727.9	0.00034237			1855.2	100		
1728.3	1.3205			1728.3	0.00035524			1856.1	99.9		
1728.8	1.3202			1728.8	0.0036492			1857.1	100		
1729.3	1.3183			1729.3	0.003623			1858.1	99.9		
1729.8	1.3181			1729.8	0.00031757			1859	100		
1730.3	1.3193			1730.3	0.0003376			1860	100		
1730.8	1.3206			1730.8	0.00035763			1861	100		
1731.2	1.3206			1731.2	0.0036495			1861.9	100		
1731.7	1.3194			1731.7	0.0036335			1862.9	100		
1732.2	1.3184			1732.2	0.0036178			1863.9	100		
1732.7	1.3191			1732.7	0.00033379			1864.8	99.9		
1733.2	1.3198			1733.2	0.0036366			1865.8	100		
1733.6	1.319			1733.6	0.0036223			1866.7	99.9		
1734.1	1.3185			1734.1	0.0036154			1867.7	100		
1734.6	1.3181			1734.6	0.0036087			1868.7	100		
1735.1	1.3176			1735.1	0.003603			1869.6	99.9		
1735.6	1.3166			1735.6	0.0035906			1870.6	100		
1736.1	1.3172			1736.1	0.0003047			1871.6	99.9		
1736.5	1.3172			1736.5	0.0035963			1872.5	100		
1737	1.3167			1737	0.00029659			1873.5	99.9		
1737.5	1.3176			1737.5	0.00031042			1874.5	100		
1738	1.3182			1738	0.00031996			1875.4	100		
1738.5	1.3186			1738.5	0.00032759			1876.4	100		
1739	1.3192			1739	0.00033641			1877.4	99.9		
1739.4	1.3201			1739.4	0.00035143			1878.3	100		
1739.9	1.3198			1739.9	0.0036252			1879.3	100		
1740.4	1.3181			1740.4	0.0035999			1880.2	100		
1740.9	1.3182			1740.9	0.00032091			1881.2	99.9		
1741.4	1.3181			1741.4	0.0035973			1882.2	99.9		
1741.8	1.3174			1741.8	0.00031066			1883.1	99.9		
1742.3	1.3183			1742.3	0.00032449			1884.1	99.9		
1742.8	1.3187			1742.8	0.00032902			1885.1	99.9		
1743.3	1.3191			1743.3	0.00033617			1886	99.9		
1743.8	1.3194			1743.8	0.0003407			1887	99.9		
1744.3	1.3198			1744.3	0.00034761			1888	99.9		
1744.7	1.3203			1744.7	0.00035453			1888.9	99.9		
1745.2	1.3213			1745.2	0.00037026			1889.9	99.9		
1745.7	1.3211			1745.7	0.003633			1890.9	99.9		
1746.2	1.3198			1746.2	0.003613			1891.8	99.9		
1746.7	1.3186			1746.7	0.0035968			1892.8	99.9		
1747.2	1.3187			1747.2	0.00032997			1893.8	99.9		
1747.6	1.3205			1747.6	0.00035858			1894.7	99.9		
1748.1	1.3206			1748.1	0.0036221			1895.7	99.9		
1748.6	1.3196			1748.6	0.0036068			1896.6	99.9		
1749.1	1.3188			1749.1	0.0035956			1897.6	99.9		
1749.6	1.3177			1749.6	0.0035801			1898.6	99.9		
1750	1.3178			1750	0.00031614			1899.5	99.9		
1750.5	1.3191			1750.5	0.00033736			1900.5	100		
1751	1.3204			1751	0.00036001			1901.5	99.9		
1751.5	1.3205			1751.5	0.0036135			1902.4	100		
1752	1.3193			1752	0.0035975			1903.4	100		
1752.5	1.3185			1752.5	0.0035858			1904.4	99.9		
1752.9	1.3173			1752.9	0.0035677			1905.3	99.9		
1753.4	1.3173			1753.4	0.00030851			1906.3	100		
1753.9	1.3183			1753.9	0.00032425			1907.3	99.9		
1754.4	1.3188			1754.4	0.00033426			1908.2	100		
1754.9	1.3192			1754.9	0.0003407			1909.2	100		
1755.3	1.3196			1755.3	0.00034666			1910.1	100		
1755.8	1.32			1755.8	0.00035286			1911.1	100		
1756.3	1.3205			1756.3	0.00036168			1912.1	99.9		
1756.8	1.3215			1756.8	0.00037718			1913	99.9		
1757.3	1.3213			1757.3	0.0036147			1914	100		
1757.8	1.3197			1757.8	0.0035925			1915	100		
1758.2	1.3201			1758.2	0.00035453			1915.9	99.9		
1758.7	1.3206			1758.7	0.003603			1916.9	99.9		
1759.2	1.3195			1759.2	0.0035877			1917.9	99.9		
1759.7	1.3183			1759.7	0.003572			1918.8	99.9		
1760.2	1.3184			1760.2	0.00032759			1919.8	100		
1760.7	1.3197			1760.7	0.00034809			1920.8	100		
1761.1	1.3209			1761.1	0.00036955			1921.7	100		
1761.6	1.3209			1761.6	0.003603			1922.7	99.9		
1762.1	1.3197			1762.1	0.0035877			1923.7	100		
1762.6	1.3186			1762.6	0.0035701			1924.6	100		
1763.1	1.3192			1763.1	0.00034094			1925.6	100		
1763.5	1.3196			1763.5	0.0035801			1926.5	100		
1764	1.3179			1764	0.0035582			1927.5	100		
1764.5	1.3178			1764.5	0.00031853			1928.5	100		
1765	1.3187			1765	0.00033283			1929.4	100		
1765.5	1.3192			1765.5	0.00034165			1930.4	99.9		
1766	1.3195			1766	0.00034595			1931.4	99.9		
1766.4	1.3198			1766.4	0.00035143			1932.3	100		
1766.9	1.3201			1766.9	0.00035667			1933.3	99.9		
1767.4	1.3204			1767.4	0.00036073			1934.3	99.9		
1767.9	1.3207			1767.9	0.00036716			1935.2	100		
1768.4	1.3214			1768.4	0.00037813			1936.2	100		
1768.9	1.3206			1768.9	0.0035872			1937.2	100		
1769.3	1.3199			1769.3	0.00035286			1938.1	99.9		
1769.8	1.3207			1769.8	0.00036788			1939.1	100		
1770.3	1.3213			1770.3	0.00037527			1940	100		
1770.8	1.3223			1770.8	0.00039363			1941	100		
1771.3	1.3221			1771.3	0.0036049			1942	100		
1771.7	1.3205			1771.7	0.0035815			1942.9	100		
1772.2	1.321			1772.2	0.00037193			1943.9	100		
1772.7	1.3215			1772.7	0.003593			1944.9	100		
1773.2	1.3204			1773.2	0.0035768			1945.8	99.9		
1773.7	1.3193			1773.7	0.0035591			1946.8	99.9		
1774.2	1.3193			1774.2	0.00034547			1947.8	99.9		
1774.6	1.3206			1774.6	0.00036645			1948.7	100		
1775.1	1.3219			1775.1	0.00038695			1949.7	100		
1775.6	1.322			1775.6	0.0035963			1950.7	99.9		
1776.1	1.321			1776.1	0.0035806			1951.6	100		
1776.6	1.3204			1776.6	0.0035715			1952.6	100		
1777.1	1.3199			1777.1	0.0035639			1953.5	99.9		
1777.5	1.3193			1777.5	0.0035543			1954.5	99.9		
1778	1.3182			1778	0.0035391			1955.5	99.9		
1778.5	1.3182			1778.5	0.00032711			1956.4	99.9		
1779	1.3192			1779	0.00034523			1957.4	99.9		
1779.5	1.3198			1779.5	0.00035429			1958.4	99.9		
1779.9	1.3202			1779.9	0.00036025			1959.3	99.9		
1780.4	1.3207			1780.4	0.00036669			1960.3	100		
1780.9	1.3214			1780.9	0.00038028			1961.3	100		
1781.4	1.3206			1781.4	0.0035665			1962.2	100		
1781.9	1.3198			1781.9	0.00035477			1963.2	100		
1782.4	1.3206			1782.4	0.00036764			1964.2	99.9		
1782.8	1.3211			1782.8	0.00037575			1965.1	99.9		
1783.3	1.3218			1783.3	0.00038671			1966.1	100		
1783.8	1.321			1783.8	0.0035682			1967.1	99.9		
1784.3	1.3202			1784.3	0.00036144			1968	100		
1784.8	1.3209			1784.8	0.00037265			1969	100		
1785.2	1.3213			1785.2	0.00037909			1969.9	100		
1785.7	1.3216			1785.7	0.00038433			1970.9	100		
1786.2	1.322			1786.2	0.00039244			1971.9	100		
1786.7	1.3228			1786.7	0.00040483			1972.8	99.9		
1787.2	1.3221			1787.2	0.0035779			1973.8	99.9		
1787.7	1.3215			1787.7	0.0003829			1974.8	99.9		
1788.1	1.3229			1788.1	0.00040817			1975.7	99.9		
1788.6	1.3228			1788.6	0.0035863			1976.7	99.9		
1789.1	1.3212			1789.1	0.0035634			1977.7	100		
1789.6	1.3212			1789.6	0.00038028			1978.6	100		
1790.1	1.3229			1790.1	0.00040674			1979.6	99.9		
1790.6	1.3231			1790.6	0.0035863			1980.6	99.9		
1791	1.3222			1791	0.0035729			1981.5	99.9		
1791.5	1.3217			1791.5	0.0035648			1982.5	100		
1792	1.3212			1792	0.0035586			1983.4	100		
1792.5	1.3208			1792.5	0.003551			1984.4	100		
1793	1.3202			1793	0.0035422			1985.4	99.9		
1793.4	1.3192			1793.4	0.0035272			1986.3	99.9		
1793.9	1.3192			1793.9	0.0003469			1987.3	99.9		
1794.4	1.3202			1794.4	0.00036311			1988.3	99.9		
1794.9	1.3207			1794.9	0.00037193			1989.2	99.9		
1795.4	1.3211			1795.4	0.00037909			1990.2	99.9		
1795.9	1.3214			1795.9	0.00038242			1991.2	99.9		
1796.3	1.3217			1796.3	0.0003891			1992.1	99.9		
1796.8	1.3221			1796.8	0.00039482			1993.1	99.8		
1797.3	1.3226			1797.3	0.0004034			1994.1	99.7		
1797.8	1.3235			1797.8	0.00041723			1995	99.7		
1798.3	1.3233			1798.3	0.0035777			1996	99.6		
1798.8	1.3219			1798.8	0.0035567			1997	99.6		
1799.2	1.3206			1799.2	0.0035377			1997.9	99.6		
1799.7	1.3204			1799.7	0.00036788			1998.9	99.7		
1800.2	1.3214			1800.2	0.00038528			1999.8	99.8		
1800.7	1.3219			1800.7	0.00039291			2000.8	99.8		
1801.2	1.3224			1801.2	0.00040007			2001.8	99.9		
1801.6	1.3229			1801.6	0.00040817			2002.7	99.9		
1802.1	1.3238			1802.1	0.00042462			2003.7	99.9		
1802.6	1.3236			1802.6	0.0035753			2004.7	99.9		
1803.1	1.322			1803.1	0.003552			2005.6	100		
1803.6	1.3223			1803.6	0.00040007			2006.6	99.9		
1804.1	1.3224			1804.1	0.0035572			2007.6	99.9		
1804.5	1.3226			1804.5	0.0004034			2008.5	100		
1805	1.3231			1805	0.0035644			2009.5	99.9		
1805.5	1.3221			1805.5	0.0035477			2010.5	99.9		
1806	1.3213			1806	0.0035377			2011.4	99.9		
1806.5	1.3202			1806.5	0.0035212			2012.4	99.9		
1806.9	1.3201			1806.9	0.00036407			2013.3	99.9		
1807.4	1.3211			1807.4	0.00038052			2014.3	99.9		
1807.9	1.3215			1807.9	0.00038719			2015.3	99.9		
1808.4	1.3219			1808.4	0.00039363			2016.2	99.9		
1808.9	1.3222			1808.9	0.00039887			2017.2	99.9		
1809.4	1.3225			1809.4	0.00040388			2018.2	100		
1809.8	1.3228			1809.8	0.00040817			2019.1	100		
1810.3	1.3234			1810.3	0.00041914			2020.1	100		
1810.8	1.3226			1810.8	0.0035491			2021.1	100		
1811.3	1.3217			1811.3	0.00039196			2022	100		
1811.8	1.3224			1811.8	0.0004034			2023	100		
1812.3	1.3227			1812.3	0.00040865			2024	100		
1812.7	1.323			1812.7	0.00041318			2024.9	100		
1813.2	1.3232			1813.2	0.00041628			2025.9	100		
1813.7	1.3234			1813.7	0.00041962			2026.8	100		
1814.2	1.3238			1814.2	0.00042534			2027.8	100		
1814.7	1.3245			1814.7	0.00043583			2028.8	100		
1815.1	1.3237			1815.1	0.003557			2029.7	99.9		
1815.6	1.323			1815.6	0.00041366			2030.7	99.9		
1816.1	1.3241			1816.1	0.0004313			2031.7	99.9		
1816.6	1.3234			1816.6	0.0035517			2032.6	99.8		
1817.1	1.3227			1817.1	0.00040865			2033.6	99.7		
1817.6	1.3234			1817.6	0.00042105			2034.6	99.5		
1818	1.3239			1818	0.00042868			2035.5	99.2		
1818.5	1.3243			1818.5	0.00043511			2036.5	98.7		
1819	1.3248			1819	0.00044203			2037.5	98.1		
1819.5	1.3258			1819.5	0.00045729			2038.4	97.3		
1820	1.3257			1820	0.0035768			2039.4	96.3		
1820.5	1.3245			1820.5	0.0035605			2040.4	95		
1820.9	1.3237			1820.9	0.0035477			2041.3	93.6		
1821.4	1.3227			1821.4	0.0035338			2042.3	92.1		
1821.9	1.3228			1821.9	0.00041246			2043.2	90.7		
1822.4	1.3245			1822.4	0.00043774			2044.2	89.5		
1822.9	1.3245			1822.9	0.0035555			2045.2	88.2		
1823.3	1.3229			1823.3	0.0035334			2046.1	86.7		
1823.8	1.3228			1823.8	0.00040984			2047.1	85.3		
1824.3	1.3239			1824.3	0.00042915			2048.1	84.1		
1824.8	1.325			1824.8	0.00044847			2049	83.5		
1825.3	1.3249			1825.3	0.0035582			2050	83.5		
1825.8	1.3233			1825.8	0.003535			2051	84.1		
1826.2	1.3233			1826.2	0.00042009			2051.9	85.3		
1826.7	1.3248			1826.7	0.00044489			2052.9	86.7		
1827.2	1.3245			1827.2	0.0035508			2053.9	88.2		
1827.7	1.3245			1827.7	0.0004406			2054.8	89.6		
1828.2	1.325			1828.2	0.0035548			2055.8	90.8		
1828.7	1.3239			1828.7	0.0035398			2056.7	91.9		
1829.1	1.3228			1829.1	0.0035229			2057.7	92.8		
1829.6	1.323			1829.6	0.00041556			2058.7	93.6		
1830.1	1.3246			1830.1	0.00044155			2059.6	94.5		
1830.6	1.3246			1830.6	0.0035458			2060.6	95.5		
1831.1	1.323			1831.1	0.0035238			2061.6	96.5		
1831.5	1.323			1831.5	0.00041676			2062.5	97.3		
1832	1.3245			1832	0.00044084			2063.5	98.1		
1832.5	1.3244			1832.5	0.0035391			2064.5	98.6		
1833	1.3227			1833	0.0035162			2065.4	98.9		
1833.5	1.3224			1833.5	0.00040817			2066.4	99.2		
1834	1.3233			1834	0.000422			2067.4	99.4		
1834.4	1.3237			1834.4	0.00042772			2068.3	99.5		
1834.9	1.324			1834.9	0.00043344			2069.3	99.6		
1835.4	1.3242			1835.4	0.00043583			2070.3	99.6		
1835.9	1.3244			1835.9	0.00043941			2071.2	99.7		
1836.4	1.3246			1836.4	0.00044346			2072.2	99.7		
1836.8	1.3247			1836.8	0.00044584			2073.1	99.7		
1837.3	1.3249			1837.3	0.00044775			2074.1	99.7		
1837.8	1.3251			1837.8	0.00045013			2075.1	99.8		
1838.3	1.3252			1838.3	0.00045347			2076	99.8		
1838.8	1.3254			1838.8	0.00045633			2077	99.8		
1839.3	1.3257			1839.3	0.00046182			2078	99.8		
1839.7	1.3263			1839.7	0.00047112			2078.9	99.8		
1840.2	1.3255			1840.2	0.0035443			2079.9	99.8		
1840.7	1.3247			1840.7	0.00044584			2080.9	99.8		
1841.2	1.3253			1841.2	0.00045586			2081.8	99.8		
1841.7	1.3257			1841.7	0.00046086			2082.8	99.8		
1842.2	1.3259			1842.2	0.00046563			2083.8	99.8		
1842.6	1.3263			1842.6	0.00047183			2084.7	99.8		
1843.1	1.3267			1843.1	0.00047922			2085.7	99.8		
1843.6	1.3275			1843.6	0.0004921			2086.6	99.7		
1844.1	1.3273			1844.1	0.0035615			2087.6	99.6		
1844.6	1.326			1844.6	0.0035443			2088.6	99.5		
1845	1.3247			1845	0.0035248			2089.5	99.4		
1845.5	1.3245			1845.5	0.00044394			2090.5	99.2		
1846	1.3254			1846	0.00045824			2091.5	99		
1846.5	1.3259			1846.5	0.00046635			2092.4	98.9		
1847	1.3263			1847	0.00047326			2093.4	99.2		
1847.5	1.3266			1847.5	0.00047851			2094.4	99.6		
1847.9	1.3271			1847.9	0.00048614			2095.3	99.7		
1848.4	1.328			1848.4	0.00049973			2096.3	99.8		
1848.9	1.3279			1848.9	0.0035629			2097.3	99.8		
1849.4	1.3266			1849.4	0.0035448			2098.2	99.8		
1849.9	1.3253			1849.9	0.0035274			2099.2	99.8		
1850.3	1.3253			1850.3	0.00045776			2100.1	99.9		
1850.8	1.3264			1850.8	0.00047469			2101.1	99.9		
1851.3	1.3274			1851.3	0.00049067			2102.1	99.9		
1851.8	1.3269			1851.8	0.0035472			2103	99.9		
1852.3	1.3268			1852.3	0.00048208			2104	99.9		
1852.8	1.327			1852.8	0.0035467			2105	99.9		
1853.2	1.3255			1853.2	0.0035253			2105.9	99.9		
1853.7	1.3253			1853.7	0.00045776			2106.9	99.9		
1854.2	1.3262			1854.2	0.00047398			2107.9	99.9		
1854.7	1.3267			1854.7	0.0004828			2108.8	99.9		
1855.2	1.3273			1855.2	0.00049067			2109.8	99.9		
1855.7	1.3282			1855.7	0.00050545			2110.8	99.9		
1856.1	1.3279			1856.1	0.0035534			2111.7	99.9		
1856.6	1.3262			1856.6	0.0035305			2112.7	99.9		
1857.1	1.326			1857.1	0.0004704			2113.7	99.9		
1857.6	1.3273			1857.6	0.00049114			2114.6	100		
1858.1	1.3267			1858.1	0.0035346			2115.6	100		
1858.5	1.326			1858.5	0.00047255			2116.5	100		
1859	1.3267			1859	0.00048304			2117.5	100		
1859.5	1.3271			1859.5	0.00048876			2118.5	100		
1860	1.3274			1860	0.00049305			2119.4	99.9		
1860.5	1.3276			1860.5	0.00049829			2120.4	100		
1861	1.3279			1861	0.00050211			2121.4	100		
1861.4	1.3281			1861.4	0.00050545			2122.3	100		
1861.9	1.3284			1861.9	0.00051045			2123.3	100		
1862.4	1.3288			1862.4	0.00051522			2124.3	100		
1862.9	1.3296			1862.9	0.00052786			2125.2	99.9		
1863.4	1.329			1863.4	0.0035563			2126.2	99.9		
1863.9	1.3288			1863.9	0.00051546			2127.2	99.9		
1864.3	1.329			1864.3	0.0035563			2128.1	99.9		
1864.8	1.3274			1864.8	0.0035343			2129.1	99.8		
1865.3	1.3273			1865.3	0.00049376			2130	99.7		
1865.8	1.3283			1865.8	0.00051045			2131	99.5		
1866.3	1.3292			1866.3	0.00052333			2132	99		
1866.7	1.3287			1866.7	0.0035481			2132.9	97.5		
1867.2	1.3281			1867.2	0.00050616			2133.9	92.4		
1867.7	1.3294			1867.7	0.00052738			2134.9	78.2		
1868.2	1.3288			1868.2	0.0035496			2135.8	62		
1868.7	1.3284			1868.7	0.00051045			2136.8	56.9		
1869.2	1.3296			1869.2	0.00052881			2137.8	58		
1869.6	1.3291			1869.6	0.0035505			2138.7	60.9		
1870.1	1.3287			1870.1	0.00051546			2139.7	67.7		
1870.6	1.3301			1870.6	0.00053763			2140.7	75.6		
1871.1	1.33			1871.1	0.0035603			2141.6	82.6		
1871.6	1.3285			1871.6	0.0035381			2142.6	88.5		
1872.1	1.3284			1872.1	0.00051332			2143.6	93.8		
1872.5	1.3299			1872.5	0.0005374			2144.5	96.8		
1873	1.3299			1873	0.0035563			2145.5	97.8		
1873.5	1.3283			1873.5	0.0035343			2146.4	98.2		
1874	1.3281			1874	0.00050831			2147.4	98.4		
1874.5	1.329			1874.5	0.00052142			2148.4	98.5		
1874.9	1.3295			1874.9	0.00053024			2149.3	98.6		
1875.4	1.3299			1875.4	0.00053644			2150.3	98.7		
1875.9	1.3303			1875.9	0.0005424			2151.3	98.8		
1876.4	1.3308			1876.4	0.00055122			2152.2	98.9		
1876.9	1.3317			1876.9	0.00056505			2153.2	98.9		
1877.4	1.3315			1877.4	0.0035713			2154.2	99		
1877.8	1.3299			1877.8	0.0035501			2155.1	99.1		
1878.3	1.3298			1878.3	0.00053549			2156.1	99.2		
1878.8	1.3309			1878.8	0.0005517			2157.1	99.2		
1879.3	1.332			1879.3	0.00056887			2158	99.2		
1879.8	1.3317			1879.8	0.003572			2159	99.3		
1880.2	1.3318			1880.2	0.00056696			2159.9	99.3		
1880.7	1.3324			1880.7	0.0035782			2160.9	99.3		
1881.2	1.3316			1881.2	0.0035675			2161.9	99.3		
1881.7	1.3312			1881.7	0.0035608			2162.8	99.3		
1882.2	1.3305			1882.2	0.0035527			2163.8	99.3		
1882.7	1.3314			1882.7	0.00056171			2164.8	99.3		
1883.1	1.3323			1883.1	0.0035744			2165.7	99.3		
1883.6	1.3317			1883.6	0.0035663			2166.7	99.4		
1884.1	1.3315			1884.1	0.0035625			2167.7	99.4		
1884.6	1.3314			1884.6	0.0035601			2168.6	99.4		
1885.1	1.3313			1885.1	0.0035594			2169.6	99.4		
1885.6	1.3313			1885.6	0.0035591			2170.6	99.4		
1886	1.3313			1886	0.0035565			2171.5	99.4		
1886.5	1.3313			1886.5	0.0035563			2172.5	99.4		
1887	1.3313			1887	0.0035567			2173.5	99.4		
1887.5	1.3313			1887.5	0.0035565			2174.4	99.4		
1888	1.3313			1888	0.0035553			2175.4	99.4		
1888.4	1.3314			1888.4	0.0035548			2176.3	99.4		
1888.9	1.3314			1888.9	0.0035563			2177.3	99.4		
1889.4	1.3316			1889.4	0.0035572			2178.3	99.4		
1889.9	1.3321			1889.9	0.0035625			2179.2	99.4		
1890.4	1.3311			1890.4	0.0065441			2180.2	99.4		
1890.9	1.3302			1890.9	0.0035357			2181.2	99.4		
1891.3	1.3307			1891.3	0.0035403			2182.1	99.4		
1891.8	1.3308			1891.8	0.0035434			2183.1	99.4		
1892.3	1.3309			1892.3	0.0035448			2184.1	99.4		
1892.8	1.331			1892.8	0.003545			2185	99.5		
1893.3	1.331			1893.3	0.0035431			2186	99.5		
1893.8	1.3311			1893.8	0.0035448			2187	99.4		
1894.2	1.3311			1894.2	0.0035424			2187.9	99.4		
1894.7	1.3311			1894.7	0.0035427			2188.9	99.4		
1895.2	1.3311			1895.2	0.0035427			2189.8	99.4		
1895.7	1.3311			1895.7	0.0035405			2190.8	99.5		
1896.2	1.3311			1896.2	0.00354			2191.8	99.4		
1896.6	1.3311			1896.6	0.00354			2192.7	99.5		
1897.1	1.3311			1897.1	0.0035391			2193.7	99.5		
1897.6	1.331			1897.6	0.0035381			2194.7	99.5		
1898.1	1.3309			1898.1	0.0035374			2195.6	99.5		
1898.6	1.3308			1898.6	0.0035334			2196.6	99.5		
1899.1	1.3307			1899.1	0.0035315			2197.6	99.5		
1899.5	1.3304			1899.5	0.0035264			2198.5	99.5		
1900	1.3296			1900	0.003516			2199.5	99.5		
1900.5	1.3299			1900.5	0.00054312			2200.5	99.5		
1901	1.3315			1901	0.00056767			2201.4	99.5		
1901.5	1.3312			1901.5	0.0035357			2202.4	99.5		
1901.9	1.3308			1901.9	0.00055766			2203.3	99.5		
1902.4	1.3317			1902.4	0.00057197			2204.3	99.5		
1902.9	1.3324			1902.9	0.00058222			2205.3	99.5		
1903.4	1.3331			1903.4	0.00059223			2206.2	99.5		
1903.9	1.3342			1903.9	0.0006094			2207.2	99.5		
1904.4	1.3342			1904.4	0.0035729			2208.2	99.5		
1904.8	1.3333			1904.8	0.0035601			2209.1	99.5		
1905.3	1.3327			1905.3	0.0035524			2210.1	99.5		
1905.8	1.332			1905.8	0.003541			2211.1	99.5		
1906.3	1.3326			1906.3	0.00058651			2212	99.5		
1906.8	1.3332			1906.8	0.0035539			2213	99.5		
1907.3	1.3319			1907.3	0.0035384			2214	99.5		
1907.7	1.3321			1907.7	0.00057888			2214.9	99.6		
1908.2	1.3336			1908.2	0.00060105			2215.9	99.6		
1908.7	1.3334			1908.7	0.0035548			2216.9	99.6		
1909.2	1.3333			1909.2	0.000597			2217.8	99.6		
1909.7	1.3333			1909.7	0.0035524			2218.8	99.6		
1910.1	1.3329			1910.1	0.00059056			2219.7	99.6		
1910.6	1.3341			1910.6	0.0006094			2220.7	99.6		
1911.1	1.3352			1911.1	0.00062704			2221.7	99.6		
1911.6	1.3353			1911.6	0.0035763			2222.6	99.6		
1912.1	1.3344			1912.1	0.0035634			2223.6	99.6		
1912.6	1.3337			1912.6	0.0035543			2224.6	99.6		
1913	1.3328			1913	0.0035424			2225.5	99.6		
1913.5	1.3329			1913.5	0.00059199			2226.5	99.6		
1914	1.334			1914	0.00060916			2227.5	99.6		
1914.5	1.3347			1914.5	0.00061989			2228.4	99.6		
1915	1.3354			1915	0.00063062			2229.4	99.7		
1915.5	1.3365			1915.5	0.00064707			2230.4	99.7		
1915.9	1.3366			1915.9	0.0035863			2231.3	99.6		
1916.4	1.3357			1916.4	0.0035758			2232.3	99.7		
1916.9	1.3353			1916.9	0.003571			2233.2	99.7		
1917.4	1.3349			1917.4	0.0035646			2234.2	99.7		
1917.9	1.3346			1917.9	0.0035591			2235.2	99.7		
1918.3	1.3342			1918.3	0.0035532			2236.1	99.7		
1918.8	1.3333			1918.8	0.003541			2237.1	99.7		
1919.3	1.3334			1919.3	0.0006032			2238.1	99.7		
1919.8	1.3344			1919.8	0.00061798			2239	99.7		
1920.3	1.3351			1920.3	0.00062704			2240	99.7		
1920.8	1.3356			1920.8	0.00063515			2241	99.7		
1921.2	1.3361			1921.2	0.00064325			2241.9	99.7		
1921.7	1.337			1921.7	0.00065565			2242.9	99.7		
1922.2	1.3368			1922.2	0.003582			2243.9	99.8		
1922.7	1.3352			1922.7	0.0035622			2244.8	99.8		
1923.2	1.335			1923.2	0.00062799			2245.8	99.8		
1923.7	1.3359			1923.7	0.00064182			2246.7	99.8		
1924.1	1.3364			1924.1	0.00064945			2247.7	99.8		
1924.6	1.3369			1924.6	0.00065613			2248.7	99.8		
1925.1	1.3374			1925.1	0.00066257			2249.6	99.8		
1925.6	1.3382			1925.6	0.0006752			2250.6	99.8		
1926.1	1.3377			1926.1	0.0035887			2251.6	99.8		
1926.5	1.3374			1926.5	0.00066376			2252.5	99.8		
1927	1.3372			1927	0.0035806			2253.5	99.8		
1927.5	1.3367			1927.5	0.00065494			2254.5	99.8		
1928	1.3376			1928	0.00066853			2255.4	99.8		
1928.5	1.3381			1928.5	0.00067377			2256.4	99.8		
1929	1.3386			1929	0.00068212			2257.4	99.8		
1929.4	1.3392			1929.4	0.00068951			2258.3	99.8		
1929.9	1.3402			1929.9	0.00070286			2259.3	99.8		
1930.4	1.3402			1930.4	0.0036132			2260.3	99.9		
1930.9	1.3393			1930.9	0.003602			2261.2	99.8		
1931.4	1.3387			1931.4	0.0035934			2262.2	99.8		
1931.8	1.3378			1931.8	0.0035813			2263.1	99.9		
1932.3	1.3381			1932.3	0.00067616			2264.1	99.9		
1932.8	1.3398			1932.8	0.00069928			2265.1	99.8		
1933.3	1.3401			1933.3	0.0036087			2266	99.8		
1933.8	1.3393			1933.8	0.0035982			2267	99.8		
1934.3	1.3388			1934.3	0.0035906			2268	99.9		
1934.7	1.338			1934.7	0.003582			2268.9	99.9		
1935.2	1.3386			1935.2	0.00068426			2269.9	99.8		
1935.7	1.3387			1935.7	0.0035882			2270.9	99.9		
1936.2	1.3385			1936.2	0.00068235			2271.8	99.9		
1936.7	1.3396			1936.7	0.00069904			2272.8	99.9		
1937.2	1.3408			1937.2	0.00071526			2273.8	99.9		
1937.6	1.3408			1937.6	0.0036101			2274.7	99.9		
1938.1	1.3397			1938.1	0.0035989			2275.7	99.9		
1938.6	1.3386			1938.6	0.0035863			2276.6	99.9		
1939.1	1.3386			1939.1	0.00068569			2277.6	99.9		
1939.6	1.3396			1939.6	0.00069714			2278.6	99.9		
1940	1.3401			1940	0.0007062			2279.5	99.9		
1940.5	1.3405			1940.5	0.00071096			2280.5	99.9		
1941	1.3408			1941	0.00071526			2281.5	99.9		
1941.5	1.3411			1941.5	0.00072002			2282.4	99.9		
1942	1.3414			1942	0.00072408			2283.4	99.9		
1942.5	1.3417			1942.5	0.00073123			2284.4	99.9		
1942.9	1.3421			1942.9	0.00073481			2285.3	99.9		
1943.4	1.3424			1943.4	0.00073862			2286.3	99.9		
1943.9	1.3427			1943.9	0.00074196			2287.3	99.9		
1944.4	1.3432			1944.4	0.0007503			2288.2	99.9		
1944.9	1.3437			1944.9	0.00075626			2289.2	99.9		
1945.4	1.3447			1945.4	0.00077009			2290.2	99.9		
1945.8	1.3447			1945.8	0.0036469			2291.1	99.9		
1946.3	1.3438			1946.3	0.0036359			2292.1	99.9		
1946.8	1.3433			1946.8	0.0036292			2293	99.9		
1947.3	1.3428			1947.3	0.0036221			2294	99.9		
1947.8	1.3419			1947.8	0.0036108			2295	99.9		
1948.2	1.342			1948.2	0.00073528			2295.9	99.9		
1948.7	1.3431			1948.7	0.00074935			2296.9	99.9		
1949.2	1.3437			1949.2	0.00075817			2297.9	99.9		
1949.7	1.3443			1949.7	0.00076723			2298.8	99.9		
1950.2	1.3452			1950.2	0.0007782			2299.8	99.9		
1950.7	1.3447			1950.7	0.0036409			2300.8	99.9		
1951.1	1.3442			1951.1	0.00076532			2301.7	99.9		
1951.6	1.3451			1951.6	0.00077724			2302.7	99.9		
1952.1	1.3457			1952.1	0.00078487			2303.7	99.9		
1952.6	1.3464			1952.6	0.00079441			2304.6	99.9		
1953.1	1.3475			1953.1	0.00080943			2305.6	99.9		
1953.5	1.3477			1953.5	0.0036702			2306.5	99.9		
1954	1.347			1954	0.0036621			2307.5	99.9		
1954.5	1.3466			1954.5	0.0036583			2308.5	99.9		
1955	1.3465			1955	0.0036559			2309.4	99.9		
1955.5	1.3463			1955.5	0.0036533			2310.4	99.9		
1956	1.3461			1956	0.0036521			2311.4	99.9		
1956.4	1.3457			1956.4	0.0036442			2312.3	99.9		
1956.9	1.3466			1956.9	0.0007987			2313.3	99.9		
1957.4	1.3475			1957.4	0.003664			2314.3	99.9		
1957.9	1.347			1957.9	0.0036573			2315.2	99.9		
1958.4	1.3467			1958.4	0.0036547			2316.2	99.9		
1958.9	1.3465			1958.9	0.0036521			2317.2	99.9		
1959.3	1.3458			1959.3	0.0036445			2318.1	99.9		
1959.8	1.3462			1959.8	0.00079536			2319.1	99.9		
1960.3	1.3479			1960.3	0.00081587			2320.1	99.9		
1960.8	1.3478			1960.8	0.0036631			2321	99.9		
1961.3	1.3479			1961.3	0.00081778			2322	99.9		
1961.7	1.348			1961.7	0.0036654			2322.9	99.9		
1962.2	1.3478			1962.2	0.0008173			2323.9	99.9		
1962.7	1.349			1962.7	0.00083303			2324.9	99.9		
1963.2	1.3503			1963.2	0.00084972			2325.8	99.9		
1963.7	1.3506			1963.7	0.0036912			2326.8	99.9		
1964.2	1.3498			1964.2	0.0036817			2327.8	99.9		
1964.6	1.3494			1964.6	0.0036762			2328.7	99.9		
1965.1	1.3487			1965.1	0.0036688			2329.7	99.9		
1965.6	1.3491			1965.6	0.00083542			2330.7	99.9		
1966.1	1.3508			1966.1	0.0008564			2331.6	99.9		
1966.6	1.3512			1966.6	0.0036943			2332.6	99.8		
1967.1	1.3504			1967.1	0.0036848			2333.6	99.9		
1967.5	1.3495			1967.5	0.0036755			2334.5	99.9		
1968	1.3497			1968	0.000844			2335.5	99.9		
1968.5	1.351			1968.5	0.00085998			2336.4	99.8		
1969	1.3521			1969	0.00087214			2337.4	99.9		
1969.5	1.3517			1969.5	0.0036964			2338.4	99.8		
1969.9	1.3514			1969.9	0.00086355			2339.3	99.9		
1970.4	1.3523			1970.4	0.00087547			2340.3	99.9		
1970.9	1.353			1970.9	0.00088477			2341.3	99.9		
1971.4	1.3537			1971.4	0.00089312			2342.2	99.9		
1971.9	1.3545			1971.9	0.00090122			2343.2	99.8		
1972.4	1.3557			1972.4	0.0009172			2344.2	99.7		
1972.8	1.356			1972.8	0.0037327			2345.1	99.6		
1973.3	1.3553			1973.3	0.0037274			2346.1	99.7		
1973.8	1.3552			1973.8	0.003726			2347.1	99.8		
1974.3	1.3551			1974.3	0.0037239			2348	99.9		
1974.8	1.3551			1974.8	0.0037227			2349	99.9		
1975.3	1.3552			1975.3	0.0037241			2349.9	99.9		
1975.7	1.3552			1975.7	0.0037229			2350.9	99.9		
1976.2	1.3552			1976.2	0.0037227			2351.9	99.9		
1976.7	1.3551			1976.7	0.0037217			2352.8	99.9		
1977.2	1.3545			1977.2	0.0037155			2353.8	99.9		
1977.7	1.355			1977.7	0.00090981			2354.8	99.9		
1978.1	1.3564			1978.1	0.00092578			2355.7	99.9		
1978.6	1.3575			1978.6	0.00093842			2356.7	99.8		
1979.1	1.3588			1979.1	0.00095415			2357.7	99.8		
1979.6	1.3593			1979.6	0.0037565			2358.6	99.9		
1980.1	1.3587			1980.1	0.0037518			2359.6	99.9		
1980.6	1.3586			1980.6	0.0037498			2360.6	99.8		
1981	1.3585			1981	0.0037477			2361.5	99.9		
1981.5	1.3584			1981.5	0.0037477			2362.5	99.9		
1982	1.3579			1982	0.0037422			2363.5	99.8		
1982.5	1.3584			1982.5	0.00094986			2364.4	99.8		
1983	1.3599			1983	0.00096607			2365.4	99.9		
1983.4	1.3613			1983.4	0.00098181			2366.3	99.9		
1983.9	1.3613			1983.9	0.0037684			2367.3	99.9		
1984.4	1.3614			1984.4	0.00098491			2368.3	99.9		
1984.9	1.3632			1984.9	0.0010028			2369.2	99.9		
1985.4	1.3638			1985.4	0.0037894			2370.2	99.9		
1985.9	1.3635			1985.9	0.0037861			2371.2	99.9		
1986.3	1.3636			1986.3	0.0037866			2372.1	99.9		
1986.8	1.3638			1986.8	0.0037875			2373.1	99.9		
1987.3	1.3641			1987.3	0.0037904			2374.1	99.9		
1987.8	1.3644			1987.8	0.0037928			2375	99.9		
1988.3	1.3648			1988.3	0.0037947			2376	99.9		
1988.8	1.3652			1988.8	0.0037959			2377	99.9		
1989.2	1.3657			1989.2	0.0038004			2377.9	99.9		
1989.7	1.3662			1989.7	0.0038042			2378.9	99.9		
1990.2	1.3667			1990.2	0.0038085			2379.8	99.9		
1990.7	1.3673			1990.7	0.0038118			2380.8	99.9		
1991.2	1.3681			1991.2	0.0038166			2381.8	99.9		
1991.6	1.369			1991.6	0.0038223			2382.7	99.9		
1992.1	1.3704			1992.1	0.0038319			2383.7	99.9		
1992.6	1.371			1992.6	0.0065966			2384.7	99.9		
1993.1	1.3708			1993.1	0.0065951			2385.6	99.9		
1993.6	1.3716			1993.6	0.0065966			2386.6	99.9		
1994.1	1.3717			1994.1	0.0093579			2387.6	99.9		
1994.5	1.3711			1994.5	0.0093541			2388.5	99.9		
1995	1.371			1995	0.0093508			2389.5	99.9		
1995.5	1.3716			1995.5	0.0093517			2390.5	99.9		
1996	1.3713			1996	0.012112			2391.4	99.9		
1996.5	1.3702			1996.5	0.01211			2392.4	99.9		
1997	1.3695			1997	0.012105			2393.4	100		
1997.4	1.3688			1997.4	0.012103			2394.3	99.9		
1997.9	1.3681			1997.9	0.012098			2395.3	99.9		
1998.4	1.3669			1998.4	0.012094			2396.2	99.9		
1998.9	1.3664			1998.9	0.0093231			2397.2	99.9		
1999.4	1.3664			1999.4	0.0093198			2398.2	99.9		
1999.8	1.3668			1999.8	0.0065579			2399.1	99.9		
2000.3	1.3678			2000.3	0.0065622			2400.1	99.9		
2000.8	1.3678			2000.8	0.0065613			2401.1	99.9		
2001.3	1.3686			2001.3	0.0038097			2402	99.9		
2001.8	1.3702			2001.8	0.0038218			2403	99.9		
2002.3	1.3712			2002.3	0.0038278			2404	99.9		
2002.7	1.3721			2002.7	0.0038338			2404.9	99.9		
2003.2	1.3728			2003.2	0.0038397			2405.9	99.9		
2003.7	1.3735			2003.7	0.0038433			2406.9	100		
2004.2	1.3739			2004.2	0.0038447			2407.8	99.9		
2004.7	1.374			2004.7	0.0038452			2408.8	99.9		
2005.1	1.375			2005.1	0.0011182			2409.7	99.9		
2005.6	1.3769			2005.6	0.0011344			2410.7	99.9		
2006.1	1.3787			2006.1	0.0011497			2411.7	99.9		
2006.6	1.3792			2006.6	0.0038733			2412.6	99.9		
2007.1	1.38			2007.1	0.0011573			2413.6	99.9		
2007.6	1.3808			2007.6	0.00388			2414.6	99.9		
2008	1.3814			2008	0.0011678			2415.5	99.9		
2008.5	1.3836			2008.5	0.0011837			2416.5	99.9		
2009	1.3847			2009	0.0038986			2417.5	99.9		
2009.5	1.3848			2009.5	0.0038984			2418.4	99.9		
2010	1.3854			2010	0.0038996			2419.4	99.9		
2010.5	1.386			2010.5	0.0039015			2420.4	99.9		
2010.9	1.3867			2010.9	0.0039048			2421.3	99.9		
2011.4	1.3875			2011.4	0.0039077			2422.3	99.9		
2011.9	1.3883			2011.9	0.0039096			2423.2	99.9		
2012.4	1.3891			2012.4	0.003912			2424.2	99.9		
2012.9	1.39			2012.9	0.0039144			2425.2	99.9		
2013.3	1.3908			2013.3	0.0039158			2426.1	99.9		
2013.8	1.3917			2013.8	0.0039201			2427.1	99.9		
2014.3	1.3926			2014.3	0.003922			2428.1	99.9		
2014.8	1.3936			2014.8	0.0039246			2429	99.9		
2015.3	1.3945			2015.3	0.0039277			2430	99.9		
2015.8	1.3955			2015.8	0.0039296			2431	99.9		
2016.2	1.3964			2016.2	0.0039306			2431.9	99.9		
2016.7	1.3974			2016.7	0.0039327			2432.9	99.9		
2017.2	1.3982			2017.2	0.0039339			2433.9	99.9		
2017.7	1.3988			2017.7	0.0039349			2434.8	99.9		
2018.2	1.4005			2018.2	0.0012712			2435.8	99.9		
2018.7	1.4018			2018.7	0.0039377			2436.8	100		
2019.1	1.4027			2019.1	0.0012796			2437.7	99.9		
2019.6	1.4049			2019.6	0.0012839			2438.7	100		
2020.1	1.4067			2020.1	0.0012889			2439.6	99.9		
2020.6	1.4084			2020.6	0.0012922			2440.6	99.9		
2021.1	1.4102			2021.1	0.001296			2441.6	99.9		
2021.5	1.4119			2021.5	0.0012975			2442.5	100		
2022	1.4138			2022	0.0012999			2443.5	99.9		
2022.5	1.4156			2022.5	0.0013018			2444.5	99.9		
2023	1.4175			2023	0.0013022			2445.4	99.9		
2023.5	1.4195			2023.5	0.0013032			2446.4	100		
2024	1.4216			2024	0.0013022			2447.4	99.9		
2024.4	1.4237			2024.4	0.0013008			2448.3	99.9		
2024.9	1.426			2024.9	0.001298			2449.3	99.9		
2025.4	1.4283			2025.4	0.001296			2450.3	99.9		
2025.9	1.4307			2025.9	0.0012913			2451.2	99.9		
2026.4	1.4333			2026.4	0.0012839			2452.2	99.9		
2026.8	1.436			2026.8	0.0012765			2453.1	99.9		
2027.3	1.4389			2027.3	0.0012665			2454.1	99.9		
2027.8	1.442			2027.8	0.0012538			2455.1	99.9		
2028.3	1.4454			2028.3	0.0012383			2456	100		
2028.8	1.4494			2028.8	0.0012174			2457	99.9		
2029.3	1.4527			2029.3	0.003758			2458	99.9		
2029.7	1.4555			2029.7	0.0037336			2458.9	99.9		
2030.2	1.4589			2030.2	0.0037026			2459.9	100		
2030.7	1.4628			2030.7	0.003665			2460.9	99.9		
2031.2	1.4672			2031.2	0.0036206			2461.8	99.9		
2031.7	1.4721			2031.7	0.0035653			2462.8	99.9		
2032.2	1.4779			2032.2	0.0034926			2463.8	100		
2032.6	1.4836			2032.6	0.005928			2464.7	99.9		
2033.1	1.4897			2033.1	0.0058274			2465.7	100		
2033.6	1.4966			2033.6	0.0082026			2466.7	99.9		
2034.1	1.5033			2034.1	0.010551			2467.6	99.9		
2034.6	1.5108			2034.6	0.012855			2468.6	100		
2035	1.518			2035	0.017607			2469.5	99.9		
2035.5	1.5257			2035.5	0.019837			2470.5	99.9		
2036	1.5346			2036	0.024445			2471.5	99.9		
2036.5	1.5433			2036.5	0.031467			2472.4	99.9		
2037	1.5514			2037	0.03846			2473.4	99.9		
2037.5	1.5599			2037.5	0.045378			2474.4	99.9		
2037.9	1.5684			2037.9	0.054696			2475.3	99.9		
2038.4	1.5768			2038.4	0.063964			2476.3	99.9		
2038.9	1.585			2038.9	0.075665			2477.3	99.9		
2039.4	1.5929			2039.4	0.087356			2478.2	99.9		
2039.9	1.6006			2039.9	0.10151			2479.2	99.9		
2040.4	1.6069			2040.4	0.11832			2480.2	99.9		
2040.8	1.6114			2040.8	0.13539			2481.1	100		
2041.3	1.6149			2041.3	0.15268			2482.1	99.9		
2041.8	1.6166			2041.8	0.17292			2483	99.9		
2042.3	1.6165			2042.3	0.19104			2484	100		
2042.8	1.6142			2042.8	0.21234			2485	99.9		
2043.2	1.6105			2043.2	0.22883			2485.9	99.9		
2043.7	1.6059			2043.7	0.24842			2486.9	99.9		
2044.2	1.6009			2044.2	0.26288			2487.9	99.9		
2044.7	1.5974			2044.7	0.28002			2488.8	99.9		
2045.2	1.593			2045.2	0.30036			2489.8	99.9		
2045.7	1.5869			2045.7	0.3214			2490.8	99.9		
2046.1	1.5781			2046.1	0.34631			2491.7	100		
2046.6	1.566			2046.6	0.36958			2492.7	100		
2047.1	1.5512			2047.1	0.39405			2493.7	99.9		
2047.6	1.5318			2047.6	0.42037			2494.6	99.9		
2048.1	1.508			2048.1	0.44239			2495.6	99.9		
2048.6	1.4808			2048.6	0.46282			2496.6	99.9		
2049	1.4508			2049	0.47815			2497.5	99.9		
2049.5	1.4182			2049.5	0.49136			2498.5	99.9		
2050	1.3844			2050	0.49854			2499.4	99.9		
2050.5	1.3488			2050.5	0.50299						
2051	1.3125			2051	0.50066						
2051.4	1.2783			2051.4	0.49032						
2051.9	1.2467			2051.9	0.47873						
2052.4	1.2184			2052.4	0.46208						
2052.9	1.1915			2052.9	0.44449						
2053.4	1.1696			2053.4	0.42128						
2053.9	1.1514			2053.9	0.40028						
2054.3	1.1356			2054.3	0.37832						
2054.8	1.1233			2054.8	0.35519						
2055.3	1.1136			2055.3	0.33502						
2055.8	1.1057			2055.8	0.3143						
2056.3	1.0988			2056.3	0.29704						
2056.7	1.0941			2056.7	0.2756						
2057.2	1.0903			2057.2	0.26139						
2057.7	1.0866			2057.7	0.2435						
2058.2	1.084			2058.2	0.22912						
2058.7	1.0802			2058.7	0.21494						
2059.2	1.0774			2059.2	0.19696						
2059.6	1.0756			2059.6	0.18256						
2060.1	1.074			2060.1	0.16457						
2060.6	1.0746			2060.6	0.14649						
2061.1	1.0771			2061.1	0.12846						
2061.6	1.082			2061.6	0.11052						
2062.1	1.0883			2062.1	0.096298						
2062.5	1.0948			2062.5	0.082307						
2063	1.1025			2063	0.068545						
2063.5	1.1124			2063.5	0.055052						
2064	1.1222			2064	0.048457						
2064.5	1.1314			2064.5	0.038708						
2064.9	1.1416			2064.9	0.032396						
2065.4	1.1502			2065.4	0.02936						
2065.9	1.1583			2065.9	0.023184						
2066.4	1.1666			2066.4	0.020247						
2066.9	1.174			2066.9	0.017324						
2067.4	1.1811			2067.4	0.014427						
2067.8	1.1885			2067.8	0.011572						
2068.3	1.1949			2068.3	0.011768						
2068.8	1.201			2068.8	0.0089116						
2069.3	1.2072			2069.3	0.0091031						
2069.8	1.2122			2069.8	0.0092516						
2070.3	1.2161			2070.3	0.0093646						
2070.7	1.2205			2070.7	0.0065088						
2071.2	1.2255			2071.2	0.006659						
2071.7	1.2298			2071.7	0.0067823						
2072.2	1.2335			2072.2	0.0068884						
2072.7	1.237			2072.7	0.0069833						
2073.1	1.2401			2073.1	0.0070686						
2073.6	1.2429			2073.6	0.0071411						
2074.1	1.2451			2074.1	0.0071964						
2074.6	1.248			2074.6	0.0043645						
2075.1	1.2518			2075.1	0.004467						
2075.6	1.2549			2075.6	0.0045505						
2076	1.2578			2076	0.0046263						
2076.5	1.2605			2076.5	0.0046947						
2077	1.2631			2077	0.0047598						
2077.5	1.2656			2077.5	0.0048184						
2078	1.2679			2078	0.0048778						
2078.4	1.2702			2078.4	0.004931						
2078.9	1.2725			2078.9	0.0049822						
2079.4	1.2746			2079.4	0.0050306						
2079.9	1.2767			2079.9	0.0050793						
2080.4	1.2788			2080.4	0.0051246						
2080.9	1.2808			2080.9	0.0051689						
2081.3	1.2828			2081.3	0.0052121						
2081.8	1.2848			2081.8	0.0052519						
2082.3	1.2867			2082.3	0.0052915						
2082.8	1.2887			2082.8	0.005331						
2083.3	1.2906			2083.3	0.0053701						
2083.8	1.2926			2083.8	0.0054069						
2084.2	1.2945			2084.2	0.005444						
2084.7	1.2966			2084.7	0.0054843						
2085.2	1.2987			2085.2	0.0055232						
2085.7	1.3011			2085.7	0.0055659						
2086.2	1.304			2086.2	0.0056169						
2086.6	1.3062			2086.6	0.0084186						
2087.1	1.3081			2087.1	0.0084462						
2087.6	1.3097			2087.6	0.011229						
2088.1	1.3112			2088.1	0.011244						
2088.6	1.3125			2088.6	0.014017						
2089.1	1.3138			2089.1	0.014025						
2089.5	1.315			2089.5	0.01679						
2090	1.3166			2090	0.016798						
2090.5	1.3175			2090.5	0.02231						
2091	1.3164			2091	0.025065						
2091.5	1.3146			2091.5	0.027825						
2092	1.3115			2092	0.030598						
2092.4	1.3072			2092.4	0.030598						
2092.9	1.3032			2092.9	0.027798						
2093.4	1.301			2093.4	0.022203						
2093.9	1.301			2093.9	0.016628						
2094.4	1.3032			2094.4	0.011106						
2094.8	1.3067			2094.8	0.0083957						
2095.3	1.3093			2095.3	0.0084329						
2095.8	1.3119			2095.8	0.0057271						
2096.3	1.3149			2096.3	0.0057755						
2096.8	1.3172			2096.8	0.0058103						
2097.3	1.3192			2097.3	0.0058389						
2097.7	1.321			2097.7	0.0058661						
2098.2	1.3227			2098.2	0.0058866						
2098.7	1.3241			2098.7	0.0059075						
2099.2	1.325			2099.2	0.0059187						
2099.7	1.3267			2099.7	0.0032392						
2100.1	1.3293			2100.1	0.0032792						
2100.6	1.3314			2100.6	0.0033102						
2101.1	1.3334			2101.1	0.0033379						
2101.6	1.3353			2101.6	0.0033643						
2102.1	1.3371			2102.1	0.0033894						
2102.6	1.339			2102.6	0.0034142						
2103	1.3408			2103	0.0034375						
2103.5	1.3426			2103.5	0.0034614						
2104	1.3444			2104	0.0034823						
2104.5	1.3462			2104.5	0.0035033						
2105	1.348			2105	0.0035253						
2105.5	1.3498			2105.5	0.0035453						
2105.9	1.3517			2105.9	0.0035653						
2106.4	1.3535			2106.4	0.0035868						
2106.9	1.3554			2106.9	0.0036039						
2107.4	1.3574			2107.4	0.0036237						
2107.9	1.3593			2107.9	0.0036416						
2108.3	1.3613			2108.3	0.0036602						
2108.8	1.3633			2108.8	0.0036788						
2109.3	1.3654			2109.3	0.0036957						
2109.8	1.3675			2109.8	0.0037117						
2110.3	1.3696			2110.3	0.0037289						
2110.8	1.3718			2110.8	0.0037441						
2111.2	1.374			2111.2	0.0037594						
2111.7	1.3762			2111.7	0.0037727						
2112.2	1.3785			2112.2	0.003788						
2112.7	1.3808			2112.7	0.0038011						
2113.2	1.3832			2113.2	0.0038121						
2113.7	1.3854			2113.7	0.0038238						
2114.1	1.3874			2114.1	0.0038323						
2114.6	1.3903			2114.6	0.0012794						
2115.1	1.394			2115.1	0.0012989						
2115.6	1.3975			2115.6	0.0013151						
2116.1	1.401			2116.1	0.0013275						
2116.5	1.4045			2116.5	0.0013375						
2117	1.4081			2117	0.0013466						
2117.5	1.4118			2117.5	0.0013537						
2118	1.4157			2118	0.0013566						
2118.5	1.4198			2118.5	0.0013568						
2119	1.4243			2119	0.0013542						
2119.4	1.4278			2119.4	0.0038419						
2119.9	1.4315			2119.9	0.0013428						
2120.4	1.4366			2120.4	0.0013251						
2120.9	1.4417			2120.9	0.0013068						
2121.4	1.4469			2121.4	0.0012791						
2121.9	1.4525			2121.9	0.001246						
2122.3	1.4583			2122.3	0.0012035						
2122.8	1.4645			2122.8	0.0011523						
2123.3	1.4712			2123.3	0.0010874						
2123.8	1.4782			2123.8	0.0010102						
2124.3	1.4859			2124.3	0.00091529						
2124.7	1.4945			2124.7	0.00079489						
2125.2	1.5029			2125.2	0.0030327						
2125.7	1.5111			2125.7	0.0028758						
2126.2	1.5206			2126.2	0.0026822						
2126.7	1.531			2126.7	0.0024462						
2127.2	1.5425			2127.2	0.0021646						
2127.6	1.5553			2127.6	0.0018182						
2128.1	1.5698			2128.1	0.001389						
2128.6	1.5852			2128.6	0.0031383						
2129.1	1.6019			2129.1	0.0025172						
2129.6	1.6217			2129.6	0.0017099						
2130	1.6442			2130	0.0028806						
2130.5	1.6694			2130.5	0.0037532						
2131	1.6989			2131	0.0041811						
2131.5	1.7339			2131.5	0.0060811						
2132	1.7758			2132	0.0090988						
2132.5	1.8274			2132.5	0.014653						
2132.9	1.8911			2132.9	0.027812						
2133.4	1.9693			2133.4	0.05303						
2133.9	2.0632			2133.9	0.10278						
2134.4	2.1647			2134.4	0.20052						
2134.9	2.2486			2134.9	0.36797						
2135.4	2.2778			2135.4	0.59906						
2135.8	2.2291			2135.8	0.84391						
2136.3	2.1128			2136.3	1.0428						
2136.8	1.9637			2136.8	1.1708						
2137.3	1.813			2137.3	1.2494						
2137.8	1.6642			2137.8	1.3017						
2138.2	1.5185			2138.2	1.3439						
2138.7	1.3618			2138.7	1.3774						
2139.2	1.1949			2139.2	1.3708						
2139.7	1.0386			2139.7	1.3159						
2140.2	0.90383			2140.2	1.2417						
2140.7	0.78697			2140.7	1.1554						
2141.1	0.68867			2141.1	1.0562						
2141.6	0.60641			2141.6	0.95449						
2142.1	0.5332			2142.1	0.85307						
2142.6	0.46316			2142.6	0.74229						
2143.1	0.40588			2143.1	0.59314						
2143.6	0.39868			2143.6	0.38739						
2144	0.46323			2144	0.20479						
2144.5	0.56101			2144.5	0.11324						
2145	0.64864			2145	0.074966						
2145.5	0.71849			2145.5	0.055181						
2146	0.7734			2146	0.047514						
2146.4	0.81733			2146.4	0.040433						
2146.9	0.85392			2146.9	0.037863						
2147.4	0.88456			2147.4	0.035213						
2147.9	0.90973			2147.9	0.036348						
2148.4	0.93114			2148.4	0.033449						
2148.9	0.94962			2148.9	0.03425						
2149.3	0.96551			2149.3	0.031239						
2149.8	0.98136			2149.8	0.028314						
2150.3	0.9957			2150.3	0.028942						
2150.8	1.0072			2150.8	0.02942						
2151.3	1.018			2151.3	0.026389						
2151.7	1.0281			2151.7	0.026811						
2152.2	1.0377			2152.2	0.023802						
2152.7	1.047			2152.7	0.024194						
2153.2	1.0544			2153.2	0.024491						
2153.7	1.0619			2153.7	0.021472						
2154.2	1.0695			2154.2	0.021785						
2154.6	1.0754			2154.6	0.022019						
2155.1	1.0815			2155.1	0.019012						
2155.6	1.0877			2155.6	0.019263						
2156.1	1.0942			2156.1	0.016321						
2156.6	1.0996			2156.6	0.019733						
2157.1	1.1041			2157.1	0.016726						
2157.5	1.1094			2157.5	0.01694						
2158	1.1139			2158	0.017111						
2158.5	1.1174			2158.5	0.017244						
2159	1.1217			2159	0.014286						
2159.5	1.1266			2159.5	0.014481						
2159.9	1.1308			2159.9	0.014642						
2160.4	1.1346			2160.4	0.014787						
2160.9	1.1381			2160.9	0.014918						
2161.4	1.1414			2161.4	0.015037						
2161.9	1.1445			2161.9	0.015147						
2162.4	1.1475			2162.4	0.015248						
2162.8	1.1502			2162.8	0.015344						
2163.3	1.1528			2163.3	0.015433						
2163.8	1.1553			2163.8	0.015513						
2164.3	1.1575			2164.3	0.015588						
2164.8	1.1596			2164.8	0.015655						
2165.3	1.1615			2165.3	0.015711						
2165.7	1.1627			2165.7	0.015749						
2166.2	1.1649			2166.2	0.012827						
2166.7	1.1679			2166.7	0.012932						
2167.2	1.1703			2167.2	0.013012						
2167.7	1.1726			2167.7	0.013085						
2168.1	1.1746			2168.1	0.013152						
2168.6	1.1766			2168.6	0.013212						
2169.1	1.1784			2169.1	0.01327						
2169.6	1.1802			2169.6	0.013326						
2170.1	1.1819			2170.1	0.013377						
2170.6	1.1835			2170.6	0.013426						
2171	1.185			2171	0.013471						
2171.5	1.1866			2171.5	0.013515						
2172	1.188			2172	0.013558						
2172.5	1.1894			2172.5	0.013599						
2173	1.1908			2173	0.013637						
2173.5	1.1921			2173.5	0.013674						
2173.9	1.1933			2173.9	0.01371						
2174.4	1.1946			2174.4	0.013742						
2174.9	1.1958			2174.9	0.013775						
2175.4	1.1969			2175.4	0.013805						
2175.9	1.198			2175.9	0.013835						
2176.3	1.1991			2176.3	0.013863						
2176.8	1.2001			2176.8	0.01389						
2177.3	1.2011			2177.3	0.013915						
2177.8	1.2021			2177.8	0.01394						
2178.3	1.203			2178.3	0.013963						
2178.8	1.2039			2178.8	0.013984						
2179.2	1.2047			2179.2	0.014003						
2179.7	1.2055			2179.7	0.014021						
2180.2	1.2059			2180.2	0.014028						
2180.7	1.2076			2180.7	0.011209						
2181.2	1.2093			2181.2	0.014117						
2181.6	1.2096			2181.6	0.014122						
2182.1	1.2102			2182.1	0.014131						
2182.6	1.2108			2182.6	0.014145						
2183.1	1.2113			2183.1	0.014158						
2183.6	1.2119			2183.6	0.014166						
2184.1	1.2123			2184.1	0.014174						
2184.5	1.2122			2184.5	0.014169						
2185	1.2132			2185	0.011346						
2185.5	1.2152			2185.5	0.011401						
2186	1.2171			2186	0.011455						
2186.5	1.2179			2186.5	0.014309						
2187	1.2178			2187	0.0143						
2187.4	1.218			2187.4	0.014302						
2187.9	1.2184			2187.9	0.014307						
2188.4	1.2187			2188.4	0.014311						
2188.9	1.219			2188.9	0.014315						
2189.4	1.2193			2189.4	0.014318						
2189.8	1.2194			2189.8	0.014318						
2190.3	1.2191			2190.3	0.014306						
2190.8	1.2198			2190.8	0.011496						
2191.3	1.2217			2191.3	0.011546						
2191.8	1.2217			2191.8	0.014364						
2192.3	1.2216			2192.3	0.011539						
2192.7	1.2228			2192.7	0.011568						
2193.2	1.2236			2193.2	0.011588						
2193.7	1.2243			2193.7	0.011604						
2194.2	1.225			2194.2	0.011618						
2194.7	1.2256			2194.7	0.011631						
2195.2	1.2261			2195.2	0.011643						
2195.6	1.2267			2195.6	0.011656						
2196.1	1.2272			2196.1	0.011666						
2196.6	1.2277			2196.6	0.011677						
2197.1	1.2282			2197.1	0.011687						
2197.6	1.2286			2197.6	0.011696						
2198	1.2291			2198	0.011706						
2198.5	1.2295			2198.5	0.011714						
2199	1.23			2199	0.011721						
2199.5	1.2304			2199.5	0.01173						
2200	1.2308			2200	0.011738						
2200.5	1.2312			2200.5	0.011746						
2200.9	1.2316			2200.9	0.011752						
2201.4	1.232			2201.4	0.011759						
2201.9	1.2324			2201.9	0.011766						
2202.4	1.2327			2202.4	0.011772						
2202.9	1.2331			2202.9	0.011777						
2203.3	1.2334			2203.3	0.011783						
2203.8	1.2338			2203.8	0.011788						
2204.3	1.2341			2204.3	0.011793						
2204.8	1.2344			2204.8	0.011799						
2205.3	1.2347			2205.3	0.011804						
2205.8	1.235			2205.8	0.011809						
2206.2	1.2353			2206.2	0.011812						
2206.7	1.2356			2206.7	0.011816						
2207.2	1.2358			2207.2	0.011819						
2207.7	1.2361			2207.7	0.011823						
2208.2	1.2364			2208.2	0.011827						
2208.7	1.2366			2208.7	0.011828						
2209.1	1.2368			2209.1	0.011831						
2209.6	1.237			2209.6	0.011833						
2210.1	1.2372			2210.1	0.011835						
2210.6	1.2374			2210.6	0.011836						
2211.1	1.2375			2211.1	0.011837						
2211.5	1.2376			2211.5	0.011836						
2212	1.2377			2212	0.011833						
2212.5	1.2376			2212.5	0.011829						
2213	1.2373			2213	0.011816						
2213.5	1.2381			2213.5	0.0090837						
2214	1.2388			2214	0.011849						
2214.4	1.2377			2214.4	0.011818						
2214.9	1.2379			2214.9	0.0090692						
2215.4	1.2389			2215.4	0.0090952						
2215.9	1.2395			2215.9	0.0091109						
2216.4	1.24			2216.4	0.0091214						
2216.9	1.2404			2216.9	0.0091305						
2217.3	1.2408			2217.3	0.0091381						
2217.8	1.2412			2217.8	0.0091445						
2218.3	1.2415			2218.3	0.0091515						
2218.8	1.2418			2218.8	0.0091574						
2219.3	1.2421			2219.3	0.0091622						
2219.7	1.2423			2219.7	0.0091658						
2220.2	1.2426			2220.2	0.0091705						
2220.7	1.2428			2220.7	0.0091739						
2221.2	1.2431			2221.2	0.0091786						
2221.7	1.2433			2221.7	0.0091805						
2222.2	1.2435			2222.2	0.0091853						
2222.6	1.2437			2222.6	0.0091867						
2223.1	1.2439			2223.1	0.0091891						
2223.6	1.2441			2223.6	0.009192						
2224.1	1.2442			2224.1	0.0091929						
2224.6	1.2444			2224.6	0.0091934						
2225	1.2445			2225	0.0091958						
2225.5	1.2446			2225.5	0.0091963						
2226	1.2447			2226	0.0091956						
2226.5	1.2448			2226.5	0.0091951						
2227	1.2448			2227	0.0091929						
2227.5	1.2447			2227.5	0.0091877						
2227.9	1.2445			2227.9	0.0091801						
2228.4	1.2439			2228.4	0.0091588						
2228.9	1.2442			2228.9	0.0064483						
2229.4	1.2453			2229.4	0.0064795						
2229.9	1.246			2229.9	0.0064983						
2230.4	1.2466			2230.4	0.0065157						
2230.8	1.2474			2230.8	0.0065355						
2231.3	1.2469			2231.3	0.0092235						
2231.8	1.2464			2231.8	0.0065017						
2232.3	1.2471			2232.3	0.0065207						
2232.8	1.2475			2232.8	0.0065298						
2233.2	1.2478			2233.2	0.0065365						
2233.7	1.2481			2233.7	0.0065446						
2234.2	1.2484			2234.2	0.0065489						
2234.7	1.2486			2234.7	0.0065536						
2235.2	1.2488			2235.2	0.0065577						
2235.7	1.249			2235.7	0.006562						
2236.1	1.2492			2236.1	0.0065656						
2236.6	1.2494			2236.6	0.0065694						
2237.1	1.2496			2237.1	0.0065703						
2237.6	1.2498			2237.6	0.0065737						
2238.1	1.2499			2238.1	0.0065751						
2238.6	1.25			2238.6	0.006578						
2239	1.2502			2239	0.0065801						
2239.5	1.2503			2239.5	0.0065808						
2240	1.2504			2240	0.0065794						
2240.5	1.2504			2240.5	0.0065799						
2241	1.2504			2241	0.0065799						
2241.4	1.2504			2241.4	0.006577						
2241.9	1.2503			2241.9	0.0065722						
2242.4	1.2501			2242.4	0.0065632						
2242.9	1.2495			2242.9	0.0065422						
2243.4	1.2497			2243.4	0.0038648						
2243.9	1.2507			2243.9	0.0038948						
2244.3	1.2513			2244.3	0.0039132						
2244.8	1.2518			2244.8	0.0039253						
2245.3	1.2522			2245.3	0.003937						
2245.8	1.2525			2245.8	0.0039449						
2246.3	1.2528			2246.3	0.0039518						
2246.7	1.2531			2246.7	0.0039601						
2247.2	1.2534			2247.2	0.0039651						
2247.7	1.2536			2247.7	0.0039706						
2248.2	1.2538			2248.2	0.0039771						
2248.7	1.2541			2248.7	0.003983						
2249.2	1.2543			2249.2	0.003988						
2249.6	1.2545			2249.6	0.003993						
2250.1	1.2547			2250.1	0.0039973						
2250.6	1.2549			2250.6	0.0040011						
2251.1	1.2551			2251.1	0.0040059						
2251.6	1.2553			2251.6	0.0040097						
2252.1	1.2555			2252.1	0.004014						
2252.5	1.2556			2252.5	0.0040169						
2253	1.2558			2253	0.0040216						
2253.5	1.256			2253.5	0.0040243						
2254	1.2561			2254	0.0040278						
2254.5	1.2563			2254.5	0.0040309						
2254.9	1.2564			2254.9	0.0040343						
2255.4	1.2566			2255.4	0.0040364						
2255.9	1.2567			2255.9	0.0040402						
2256.4	1.2568			2256.4	0.0040421						
2256.9	1.2569			2256.9	0.0040436						
2257.4	1.257			2257.4	0.0040457						
2257.8	1.2571			2257.8	0.0040462						
2258.3	1.2572			2258.3	0.0040464						
2258.8	1.2573			2258.8	0.0040474						
2259.3	1.2572			2259.3	0.004045						
2259.8	1.2569			2259.8	0.0040338						
2260.3	1.2578			2260.3	0.0014186						
2260.7	1.2587			2260.7	0.0040846						
2261.2	1.2583			2261.2	0.0040722						
2261.7	1.2582			2261.7	0.0040662						
2262.2	1.258			2262.2	0.0040603						
2262.7	1.2576			2262.7	0.004045						
2263.1	1.2583			2263.1	0.0014291						
2263.6	1.2587			2263.6	0.0040777						
2264.1	1.2592			2264.1	0.0014544						
2264.6	1.2598			2264.6	0.004107						
2265.1	1.2593			2265.1	0.0040879						
2265.6	1.2589			2265.6	0.0040777						
2266	1.2584			2266	0.0040588						
2266.5	1.259			2266.5	0.0014458						
2267	1.2596			2267	0.0040908						
2267.5	1.2584			2267.5	0.0040574						
2268	1.2585			2268	0.0014272						
2268.5	1.2595			2268.5	0.0014572						
2268.9	1.2601			2268.9	0.0014772						
2269.4	1.2609			2269.4	0.0014992						
2269.9	1.2604			2269.9	0.004108						
2270.4	1.2598			2270.4	0.0014648						
2270.9	1.2605			2270.9	0.0014842						
2271.3	1.2609			2271.3	0.0014977						
2271.8	1.2612			2271.8	0.0015049						
2272.3	1.2615			2272.3	0.0015135						
2272.8	1.2618			2272.8	0.0015216						
2273.3	1.2622			2273.3	0.0015311						
2273.8	1.2628			2273.8	0.0015492						
2274.2	1.2621			2274.2	0.0041447						
2274.7	1.2615			2274.7	0.0015082						
2275.2	1.2621			2275.2	0.0015268						
2275.7	1.2624			2275.7	0.0015361						
2276.2	1.2626			2276.2	0.0015407						
2276.6	1.2628			2276.6	0.0015473						
2277.1	1.263			2277.1	0.0015526						
2277.6	1.2632			2277.6	0.0015564						
2278.1	1.2634			2278.1	0.0015607						
2278.6	1.2635			2278.6	0.0015655						
2279.1	1.2637			2279.1	0.0015683						
2279.5	1.2638			2279.5	0.0015736						
2280	1.264			2280	0.0015767						
2280.5	1.2641			2280.5	0.0015805						
2281	1.2643			2281	0.0015836						
2281.5	1.2644			2281.5	0.0015872						
2282	1.2646			2282	0.0015917						
2282.4	1.2647			2282.4	0.001595						
2282.9	1.2648			2282.9	0.0015988						
2283.4	1.265			2283.4	0.0016022						
2283.9	1.2651			2283.9	0.0016038						
2284.4	1.2652			2284.4	0.0016074						
2284.8	1.2654			2284.8	0.0016103						
2285.3	1.2655			2285.3	0.0016136						
2285.8	1.2656			2285.8	0.0016174						
2286.3	1.2657			2286.3	0.0016193						
2286.8	1.2659			2286.8	0.0016227						
2287.3	1.266			2287.3	0.0016255						
2287.7	1.2661			2287.7	0.0016291						
2288.2	1.2662			2288.2	0.0016313						
2288.7	1.2663			2288.7	0.0016334						
2289.2	1.2665			2289.2	0.0016358						
2289.7	1.2666			2289.7	0.0016398						
2290.2	1.2667			2290.2	0.0016422						
2290.6	1.2668			2290.6	0.0016456						
2291.1	1.2669			2291.1	0.0016465						
2291.6	1.267			2291.6	0.0016494						
2292.1	1.2671			2292.1	0.0016527						
2292.6	1.2673			2292.6	0.0016546						
2293	1.2674			2293	0.0016577						
2293.5	1.2675			2293.5	0.0016608						
2294	1.2676			2294	0.0016639						
2294.5	1.2677			2294.5	0.0016646						
2295	1.2678			2295	0.001668						
2295.5	1.2679			2295.5	0.0016692						
2295.9	1.268			2295.9	0.0016718						
2296.4	1.2681			2296.4	0.0016742						
2296.9	1.2682			2296.9	0.0016782						
2297.4	1.2683			2297.4	0.0016801						
2297.9	1.2684			2297.9	0.0016809						
2298.4	1.2685			2298.4	0.0016837						
2298.8	1.2686			2298.8	0.0016861						
2299.3	1.2687			2299.3	0.0016885						
2299.8	1.2688			2299.8	0.0016909						
2300.3	1.2689			2300.3	0.0016937						
2300.8	1.269			2300.8	0.0016942						
2301.2	1.2691			2301.2	0.0016973						
2301.7	1.2692			2301.7	0.0016987						
2302.2	1.2693			2302.2	0.0017016						
2302.7	1.2694			2302.7	0.0017037						
2303.2	1.2695			2303.2	0.0017047						
2303.7	1.2696			2303.7	0.0017073						
2304.1	1.2697			2304.1	0.0017095						
2304.6	1.2698			2304.6	0.0017126						
2305.1	1.2699			2305.1	0.0017126						
2305.6	1.27			2305.6	0.0017154						
2306.1	1.2701			2306.1	0.0017178						
2306.5	1.2701			2306.5	0.001719						
2307	1.2702			2307	0.0017231						
2307.5	1.2703			2307.5	0.0017235						
2308	1.2704			2308	0.0017259						
2308.5	1.2705			2308.5	0.0017281						
2309	1.2706			2309	0.0017309						
2309.4	1.2707			2309.4	0.0017323						
2309.9	1.2708			2309.9	0.0017323						
2310.4	1.2709			2310.4	0.0017369						
2310.9	1.271			2310.9	0.0017378						
2311.4	1.271			2311.4	0.00174						
2311.9	1.2711			2311.9	0.0017414						
2312.3	1.2712			2312.3	0.0017438						
2312.8	1.2713			2312.8	0.0017457						
2313.3	1.2714			2313.3	0.0017476						
2313.8	1.2715			2313.8	0.0017505						
2314.3	1.2716			2314.3	0.0017509						
2314.7	1.2717			2314.7	0.0017514						
2315.2	1.2718			2315.2	0.0017552						
2315.7	1.2718			2315.7	0.0017576						
2316.2	1.2719			2316.2	0.0017598						
2316.7	1.272			2316.7	0.001761						
2317.2	1.2721			2317.2	0.0017622						
2317.6	1.2722			2317.6	0.0017641						
2318.1	1.2723			2318.1	0.0017664						
2318.6	1.2724			2318.6	0.0017681						
2319.1	1.2725			2319.1	0.001771						
2319.6	1.2726			2319.6	0.0017719						
2320.1	1.2727			2320.1	0.0017741						
2320.5	1.2728			2320.5	0.001776						
2321	1.2729			2321	0.0017791						
2321.5	1.273			2321.5	0.0017815						
2322	1.2731			2322	0.0017843						
2322.5	1.2732			2322.5	0.0017869						
2322.9	1.2733			2322.9	0.0017891						
2323.4	1.2735			2323.4	0.0017934						
2323.9	1.2737			2323.9	0.0017974						
2324.4	1.2739			2324.4	0.0018039						
2324.9	1.2744			2324.9	0.0018189						
2325.4	1.2738			2325.4	0.004334						
2325.8	1.2731			2325.8	0.001781						
2326.3	1.2738			2326.3	0.0017991						
2326.8	1.2745			2326.8	0.0018172						
2327.3	1.2739			2327.3	0.004333						
2327.8	1.2733			2327.8	0.0017827						
2328.2	1.274			2328.2	0.001801						
2328.7	1.2747			2328.7	0.0018206						
2329.2	1.2741			2329.2	0.004333						
2329.7	1.2736			2329.7	0.0017867						
2330.2	1.2743			2330.2	0.0018082						
2330.7	1.275			2330.7	0.0018272						
2331.1	1.2745			2331.1	0.0043383						
2331.6	1.2741			2331.6	0.0017996						
2332.1	1.2752			2332.1	0.0018306						
2332.6	1.2751			2332.6	0.0043504						
2333.1	1.2737			2333.1	0.0043135						
2333.6	1.2736			2333.6	0.0017824						
2334	1.2745			2334	0.0018077						
2334.5	1.2753			2334.5	0.0018296						
2335	1.2748			2335	0.0043371						
2335.5	1.2744			2335.5	0.0018024						
2336	1.2754			2336	0.0018311						
2336.4	1.275			2336.4	0.0043406						
2336.9	1.2747			2336.9	0.0018101						
2337.4	1.2759			2337.4	0.0018415						
2337.9	1.2758			2337.9	0.0043578						
2338.4	1.2745			2338.4	0.0043216						
2338.9	1.2745			2338.9	0.0018036						
2339.3	1.2757			2339.3	0.0018356						
2339.8	1.2754			2339.8	0.0043421						
2340.3	1.2751			2340.3	0.001816						
2340.8	1.276			2340.8	0.0018408						
2341.3	1.2769			2341.3	0.0018678						
2341.8	1.2768			2341.8	0.0043736						
2342.2	1.2771			2342.2	0.0018697						
2342.7	1.2778			2342.7	0.0043998						
2343.2	1.2779			2343.2	0.0044005						
2343.7	1.2775			2343.7	0.0068994						
2344.2	1.2764			2344.2	0.0068719						
2344.6	1.2761			2344.6	0.0068617						
2345.1	1.2746			2345.1	0.0093412						
2345.6	1.2731			2345.6	0.0067825						
2346.1	1.2726			2346.1	0.0067692						
2346.6	1.2715			2346.6	0.0067375						
2347.1	1.2706			2347.1	0.0041938						
2347.5	1.2714			2347.5	0.0017004						
2348	1.2726			2348	0.0017343						
2348.5	1.2732			2348.5	0.0017519						
2349	1.2737			2349	0.0017643						
2349.5	1.274			2349.5	0.0017736						
2349.9	1.2743			2349.9	0.0017803						
2350.4	1.2745			2350.4	0.0017855						
2350.9	1.2747			2350.9	0.001792						
2351.4	1.2749			2351.4	0.0017965						
2351.9	1.2751			2351.9	0.001802						
2352.4	1.2753			2352.4	0.0018051						
2352.8	1.2755			2352.8	0.0018096						
2353.3	1.2757			2353.3	0.0018151						
2353.8	1.2758			2353.8	0.0018194						
2354.3	1.2761			2354.3	0.0018253						
2354.8	1.2763			2354.8	0.001832						
2355.3	1.2767			2355.3	0.0018415						
2355.7	1.2774			2355.7	0.0018618						
2356.2	1.2772			2356.2	0.0043519						
2356.7	1.276			2356.7	0.0043161						
2357.2	1.2763			2357.2	0.0018277						
2357.7	1.2766			2357.7	0.0043325						
2358.1	1.2755			2358.1	0.0042996						
2358.6	1.2758			2358.6	0.001812						
2359.1	1.2758			2359.1	0.004307						
2359.6	1.2756			2359.6	0.0018063						
2360.1	1.2769			2360.1	0.0018413						
2360.6	1.2769			2360.6	0.0043311						
2361	1.2757			2361	0.0042987						
2361.5	1.276			2361.5	0.0018139						
2362	1.2761			2362	0.004308						
2362.5	1.2763			2362.5	0.0018213						
2363	1.2766			2363	0.0043182						
2363.5	1.2755			2363.5	0.0042875						
2363.9	1.2759			2363.9	0.0018075						
2364.4	1.2762			2364.4	0.0043061						
2364.9	1.2751			2364.9	0.0042739						
2365.4	1.2754			2365.4	0.0017896						
2365.9	1.2753			2365.9	0.0042758						
2366.3	1.2748			2366.3	0.0017743						
2366.8	1.2755			2366.8	0.0017924						
2367.3	1.2758			2367.3	0.0018013						
2367.8	1.2761			2367.8	0.0018075						
2368.3	1.2763			2368.3	0.0018129						
2368.8	1.2766			2368.8	0.001821						
2369.2	1.2771			2369.2	0.001833						
2369.7	1.2764			2369.7	0.0042961						
2370.2	1.2757			2370.2	0.0017939						
2370.7	1.2762			2370.7	0.0018058						
2371.2	1.2764			2371.2	0.0018125						
2371.6	1.2765			2371.6	0.0018163						
2372.1	1.2766			2372.1	0.0018172						
2372.6	1.2767			2372.6	0.001821						
2373.1	1.2768			2373.1	0.0018229						
2373.6	1.2769			2373.6	0.0018234						
2374.1	1.277			2374.1	0.0018253						
2374.5	1.277			2374.5	0.0018268						
2375	1.2771			2375	0.0018287						
2375.5	1.2772			2375.5	0.0018291						
2376	1.2772			2376	0.0018296						
2376.5	1.2773			2376.5	0.0018311						
2377	1.2773			2377	0.0018315						
2377.4	1.2774			2377.4	0.001833						
2377.9	1.2775			2377.9	0.0018339						
2378.4	1.2775			2378.4	0.0018339						
2378.9	1.2776			2378.9	0.0018346						
2379.4	1.2776			2379.4	0.0018363						
2379.8	1.2777			2379.8	0.0018377						
2380.3	1.2777			2380.3	0.0018375						
2380.8	1.2778			2380.8	0.0018389						
2381.3	1.2778			2381.3	0.0018406						
2381.8	1.2778			2381.8	0.0018401						
2382.3	1.2779			2382.3	0.0018408						
2382.7	1.2779			2382.7	0.0018425						
2383.2	1.278			2383.2	0.0018425						
2383.7	1.278			2383.7	0.0018437						
2384.2	1.2781			2384.2	0.0018435						
2384.7	1.2781			2384.7	0.0018444						
2385.2	1.2781			2385.2	0.0018449						
2385.6	1.2782			2385.6	0.0018454						
2386.1	1.2782			2386.1	0.0018461						
2386.6	1.2783			2386.6	0.0018458						
2387.1	1.2783			2387.1	0.0018458						
2387.6	1.2783			2387.6	0.0018468						
2388	1.2784			2388	0.001847						
2388.5	1.2784			2388.5	0.0018482						
2389	1.2784			2389	0.0018477						
2389.5	1.2785			2389.5	0.0018487						
2390	1.2785			2390	0.0018492						
2390.5	1.2785			2390.5	0.0018477						
2390.9	1.2785			2390.9	0.0018487						
2391.4	1.2785			2391.4	0.0018466						
2391.9	1.2785			2391.9	0.0018473						
2392.4	1.2784			2392.4	0.0018435						
2392.9	1.2781			2392.9	0.001833						
2393.4	1.2789			2393.4	0						
2393.8	1.2797			2393.8	0.0018768						
2394.3	1.2793			2394.3	0.0018678						
2394.8	1.2792			2394.8	0.001864						
2395.3	1.2792			2395.3	0.001862						
2395.8	1.2792			2395.8	0.0018613						
2396.2	1.2792			2396.2	0.0018606						
2396.7	1.2792			2396.7	0.0018604						
2397.2	1.2792			2397.2	0.0018611						
2397.7	1.2793			2397.7	0.0018606						
2398.2	1.2793			2398.2	0.0018611						
2398.7	1.2793			2398.7	0.0018616						
2399.1	1.2793			2399.1	0.001862						
2399.6	1.2794			2399.6	0.0018616						
2400.1	1.2794			2400.1	0.0018611						
2400.6	1.2794			2400.6	0.001862						
2401.1	1.2794			2401.1	0.0018611						
2401.5	1.2795			2401.5	0.001862						
2402	1.2795			2402	0.0018623						
2402.5	1.2795			2402.5	0.0018623						
2403	1.2795			2403	0.0018623						
2403.5	1.2796			2403.5	0.0018609						
2404	1.2796			2404	0.001862						
2404.4	1.2796			2404.4	0.0018611						
2404.9	1.2796			2404.9	0.0018599						
2405.4	1.2795			2405.4	0.0018592						
2405.9	1.2794			2405.9	0.0018549						
2406.4	1.2791			2406.4	0.0018449						
2406.9	1.2799			2406.9	0						
2407.3	1.2807			2407.3	0.0018902						
2407.8	1.2803			2407.8	0.0018792						
2408.3	1.2802			2408.3	0.0018759						
2408.8	1.2802			2408.8	0.001874						
2409.3	1.2802			2409.3	0.0018721						
2409.7	1.2802			2409.7	0.0018718						
2410.2	1.2802			2410.2	0.0018728						
2410.7	1.2802			2410.7	0.0018716						
2411.2	1.2802			2411.2	0.0018706						
2411.7	1.2802			2411.7	0.0018713						
2412.2	1.2803			2412.2	0.0018713						
2412.6	1.2803			2412.6	0.0018716						
2413.1	1.2803			2413.1	0.0018702						
2413.6	1.2803			2413.6	0.0018711						
2414.1	1.2803			2414.1	0.0018716						
2414.6	1.2804			2414.6	0.0018723						
2415.1	1.2804			2415.1	0.0018713						
2415.5	1.2804			2415.5	0.0018711						
2416	1.2804			2416	0.0018723						
2416.5	1.2805			2416.5	0.0018711						
2417	1.2805			2417	0.0018716						
2417.5	1.2805			2417.5	0.0018716						
2417.9	1.2805			2417.9	0.0018716						
2418.4	1.2806			2418.4	0.001873						
2418.9	1.2806			2418.9	0.0018716						
2419.4	1.2806			2419.4	0.0018725						
2419.9	1.2806			2419.9	0.0018733						
2420.4	1.2807			2420.4	0.001873						
2420.8	1.2807			2420.8	0.0018723						
2421.3	1.2807			2421.3	0.0018725						
2421.8	1.2807			2421.8	0.0018725						
2422.3	1.2807			2422.3	0.0018721						
2422.8	1.2808			2422.8	0.001873						
2423.2	1.2808			2423.2	0.001873						
2423.7	1.2808			2423.7	0.0018721						
2424.2	1.2808			2424.2	0.0018711						
2424.7	1.2808			2424.7	0.0018721						
2425.2	1.2809			2425.2	0.0018725						
2425.7	1.2809			2425.7	0.0018723						
2426.1	1.2809			2426.1	0.001873						
2426.6	1.2809			2426.6	0.0018723						
2427.1	1.2809			2427.1	0.0018716						
2427.6	1.281			2427.6	0.0018735						
2428.1	1.281			2428.1	0.0018723						
2428.6	1.281			2428.6	0.0018723						
2429	1.281			2429	0.0018706						
2429.5	1.281			2429.5	0.0018713						
2430	1.281			2430	0.0018723						
2430.5	1.281			2430.5	0.0018702						
2431	1.281			2431	0.0018711						
2431.4	1.2811			2431.4	0.0018713						
2431.9	1.2811			2431.9	0.0018699						
2432.4	1.2811			2432.4	0.0018692						
2432.9	1.2811			2432.9	0.0018687						
2433.4	1.2811			2433.4	0.0018687						
2433.9	1.281			2433.9	0.0018678						
2434.3	1.281			2434.3	0.0018668						
2434.8	1.281			2434.8	0.001864						
2435.3	1.2809			2435.3	0.0018606						
2435.8	1.2808			2435.8	0.0018559						
2436.3	1.2804			2436.3	0.0018444						
2436.8	1.2811			2436.8	0						
2437.2	1.2817			2437.2	0.0018835						
2437.7	1.2812			2437.7	0.0018666						
2438.2	1.2805			2438.2	0.001847						
2438.7	1.2809			2438.7	0						
2439.2	1.2824			2439.2	0						
2439.6	1.2827			2439.6	0.0019069						
2440.1	1.2821			2440.1	0.0018911						
2440.6	1.2819			2440.6	0.0018845						
2441.1	1.2817			2441.1	0.001878						
2441.6	1.2815			2441.6	0.0018728						
2442.1	1.2811			2442.1	0.0018587						
2442.5	1.2819			2442.5	0						
2443	1.2826			2443	0.0019007						
2443.5	1.2821			2443.5	0.0018878						
2444	1.282			2444	0.0018816						
2444.5	1.2818			2444.5	0.0018773						
2444.9	1.2817			2444.9	0.001873						
2445.4	1.2815			2445.4	0.0018663						
2445.9	1.281			2445.9	0.0018506						
2446.4	1.2814			2446.4	0						
2446.9	1.2829			2446.9	0						
2447.4	1.2832			2447.4	0.0019138						
2447.8	1.2827			2447.8	0.0018978						
2448.3	1.2825			2448.3	0.0018919						
2448.8	1.2824			2448.8	0.0018899						
2449.3	1.2823			2449.3	0.0018859						
2449.8	1.2823			2449.8	0.0018849						
2450.3	1.2823			2450.3	0.0018833						
2450.7	1.2822			2450.7	0.0018816						
2451.2	1.2822			2451.2	0.0018806						
2451.7	1.2822			2451.7	0.0018778						
2452.2	1.2821			2452.2	0.0018764						
2452.7	1.2821			2452.7	0.0018749						
2453.1	1.282			2453.1	0.001873						
2453.6	1.282			2453.6	0.0018699						
2454.1	1.2819			2454.1	0.0018675						
2454.6	1.2817			2454.6	0.0018613						
2455.1	1.2812			2455.1	0.0018456						
2455.6	1.2815			2455.6	0						
2456	1.283			2456	0						
2456.5	1.2834			2456.5	0.0019064						
2457	1.2828			2457	0.0018907						
2457.5	1.2826			2457.5	0.0018847						
2458	1.2824			2458	0.0018792						
2458.5	1.2823			2458.5	0.001874						
2458.9	1.282			2458.9	0.0018663						
2459.4	1.2815			2459.4	0.0018501						
2459.9	1.2819			2459.9	0						
2460.4	1.2833			2460.4	0						
2460.9	1.2837			2460.9	0.0019109						
2461.3	1.2831			2461.3	0.001895						
2461.8	1.2829			2461.8	0.0018878						
2462.3	1.2827			2462.3	0.0018799						
2462.8	1.2825			2462.8	0.0018742						
2463.3	1.282			2463.3	0.0018606						
2463.8	1.2827			2463.8	0						
2464.2	1.2833			2464.2	0.0018983						
2464.7	1.2828			2464.7	0.0018809						
2465.2	1.2822			2465.2	0.0018656						
2465.7	1.2829			2465.7	0						
2466.2	1.2835			2466.2	0.0019						
2466.7	1.283			2466.7	0.0018854						
2467.1	1.2827			2467.1	0.0018744						
2467.6	1.2821			2467.6	0.0018563						
2468.1	1.2824			2468.1	0						
2468.6	1.2839			2468.6	0						
2469.1	1.2842			2469.1	0.0019166						
2469.5	1.2837			2469.5	0.0019007						
2470	1.2835			2470	0.001895						
2470.5	1.2834			2470.5	0.0018909						
2471	1.2833			2471	0.0018873						
2471.5	1.2832			2471.5	0.0018845						
2472	1.2831			2472	0.0018826						
2472.4	1.2831			2472.4	0.0018811						
2472.9	1.283			2472.9	0.0018783						
2473.4	1.2829			2473.4	0.0018754						
2473.9	1.2828			2473.9	0.0018699						
2474.4	1.2824			2474.4	0.0018578						
2474.9	1.2831			2474.9	0						
2475.3	1.2838			2475.3	0.0018978						
2475.8	1.2834			2475.8	0.0018873						
2476.3	1.2833			2476.3	0.0018816						
2476.8	1.2832			2476.8	0.0018787						
2477.3	1.2831			2477.3	0.0018747						
2477.7	1.283			2477.7	0.0018716						
2478.2	1.283			2478.2	0.0018692						
2478.7	1.2829			2478.7	0.0018678						
2479.2	1.2827			2479.2	0.001863						
2479.7	1.2825			2479.7	0.0018554						
2480.2	1.282			2480.2	0.0018396						
2480.6	1.2823			2480.6	0						
2481.1	1.2837			2481.1	0						
2481.6	1.284			2481.6	0.0018969						
2482.1	1.2834			2482.1	0.0018778						
2482.6	1.2829			2482.6	0.0018647						
2483	1.2823			2483	0.0018442						
2483.5	1.2825			2483.5	0						
2484	1.2835			2484	0						
2484.5	1.2846			2484.5	0						
2485	1.2848			2485	0.001915						
2485.5	1.2842			2485.5	0.0018969						
2485.9	1.2839			2485.9	0.0018892						
2486.4	1.2838			2486.4	0.0018849						
2486.9	1.2836			2486.9	0.0018802						
2487.4	1.2835			2487.4	0.0018764						
2487.9	1.2834			2487.9	0.0018735						
2488.4	1.2833			2488.4	0.0018697						
2488.8	1.2832			2488.8	0.0018668						
2489.3	1.2831			2489.3	0.0018611						
2489.8	1.2829			2489.8	0.0018554						
2490.3	1.2826			2490.3	0.0018466						
2490.8	1.282			2490.8	0.0018303						
2491.2	1.2822			2491.2	0						
2491.7	1.2832			2491.7	0						
2492.2	1.2839			2492.2	0						
2492.7	1.2849			2492.7	0						
2493.2	1.285			2493.2	0.0019116						
2493.7	1.2843			2493.7	0.0018926						
2494.1	1.284			2494.1	0.001884						
2494.6	1.2839			2494.6	0.0018773						
2495.1	1.2837			2495.1	0.0018735						
2495.6	1.2836			2495.6	0.0018694						
2496.1	1.2835			2496.1	0.0018656						
2496.6	1.2834			2496.6	0.0018616						
2497	1.2833			2497	0.0018578						
2497.5	1.2832			2497.5	0.0018542						
2498	1.283			2498	0.0018497						
2498.5	1.2828			2498.5	0.0018439						
2499	1.2826			2499	0.001837						
2499.4	1.2822			2499.4	0.0018229						
2499.9	1.2819			2499.9	0.0018163						