Reference:	"Hudgins et al. (1993)"
DOI:	"doi:https://doi.org/10.1086/191796"
Sample Type:	"Ice"
Composition:	"CO:OCS (20:1)"
Temperature:	"20K"
OCdb page:	"https://ocdb.smce.nasa.gov/dataset/103"
n₁ Error Units:	Not Applicable
k₁ Error Units:	Not Applicable
T₁ Error Units:	Not Applicable

"Wavenumber (cm⁻¹)"	"n₁"	"Dn₁  (+/-)"	"k₁"	"Dk₁  (+/-)"		"Wavenumber (cm⁻¹)"	"T₁"	"DT₁  (+/-)"	
1600.1	1.3188		0.000305			1600.1	100		
1600.6	1.3193		0.000312			1601	100		
1601	1.3203		0.000327			1601.5	99.900001526		
1601.5	1.3202		0.003889			1602.5	99.900001526		
1602	1.319		0.003873			1603.4	99.900001526		
1602.5	1.3184		0.003864			1604.4	99.900001526		
1603	1.318		0.003859			1605.4	99.900001526		
1603.4	1.3177		0.003852			1606.3	99.900001526		
1603.9	1.3174		0.003848			1607.3	99.900001526		
1604.4	1.3171		0.003843			1608.3	99.900001526		
1604.9	1.3169		0.003839			1609.2	99.900001526		
1605.4	1.3167		0.003838			1610.2	100		
1605.9	1.3165		0.003833			1611.2	99.900001526		
1606.3	1.3164		0.003832			1612.1	99.900001526		
1606.8	1.3162		0.003827			1613.1	100		
1607.3	1.316		0.003825			1614.1	100		
1607.8	1.3158		0.003823			1615	100		
1608.3	1.3155		0.003816			1616	100		
1608.7	1.3152		0.003811			1616.9	99.900001526		
1609.2	1.3148		0.003806			1617.9	99.900001526		
1609.7	1.3139		0.003792			1618.9	99.900001526		
1610.2	1.3143		0.000238			1619.8	100		
1610.7	1.3163		0.000271			1620.8	100		
1611.2	1.3166		0.003825			1621.8	99.900001526		
1611.6	1.3155		0.00381			1622.7	99.900001526		
1612.1	1.3147		0.003798			1623.7	99.900001526		
1612.6	1.3135		0.003781			1624.7	99.900001526		
1613.1	1.3136		0.000228			1625.6	100		
1613.6	1.3148		0.000246			1626.6	100		
1614.1	1.3155		0.000259			1627.6	99.900001526		
1614.5	1.3163		0.000269			1628.5	99.900001526		
1615	1.3173		0.000286			1629.5	99.900001526		
1615.5	1.3168		0.003818			1630.4	100		
1616	1.3169		0.00028			1631.4	100		
1616.5	1.3174		0.003825			1632.4	100		
1616.9	1.3164		0.003809			1633.3	100		
1617.4	1.3158		0.003801			1634.3	99.900001526		
1617.9	1.3153		0.003796			1635.3	99.900001526		
1618.4	1.3147		0.003785			1636.2	99.900001526		
1618.9	1.3136		0.00377			1637.2	100		
1619.4	1.3137		0.00023			1638.2	100		
1619.8	1.315		0.00025			1639.1	99.900001526		
1620.3	1.3159		0.000264			1640.1	100		
1620.8	1.3171		0.000283			1641.1	100		
1621.3	1.317		0.003808			1642	99.900001526		
1621.8	1.3153		0.003786			1643	99.900001526		
1622.3	1.3157		0.000263			1644	100		
1622.7	1.3159		0.003791			1644.9	99.900001526		
1623.2	1.3161		0.00027			1645.9	99.900001526		
1623.7	1.3167		0.003801			1646.8	99.900001526		
1624.2	1.3157		0.003785			1647.8	99.900001526		
1624.7	1.3149		0.003774			1648.8	99.900001526		
1625.1	1.3137		0.003758			1649.7	99.900001526		
1625.6	1.3137		0.000231			1650.7	100		
1626.1	1.315		0.000254			1651.7	100		
1626.6	1.3159		0.000267			1652.6	99.900001526		
1627.1	1.3171		0.000287			1653.6	99.800003052		
1627.6	1.3171		0.003795			1654.6	99.900001526		
1628	1.3158		0.003777			1655.5	100		
1628.5	1.3146		0.003763			1656.5	100		
1629	1.3151		0.000253			1657.5	100		
1629.5	1.3156		0.003773			1658.4	99.900001526		
1630	1.3139		0.003752			1659.4	100		
1630.4	1.3137		0.000233			1660.3	100		
1630.9	1.3147		0.000247			1661.3	100		
1631.4	1.3153		0.000257			1662.3	100		
1631.9	1.3158		0.000264			1663.2	99.900001526		
1632.4	1.3162		0.000273			1664.2	100		
1632.9	1.3168		0.000279			1665.2	100		
1633.3	1.3178		0.000297			1666.1	100		
1633.8	1.3176		0.003791			1667.1	100		
1634.3	1.3159		0.003768			1668.1	100		
1634.8	1.3163		0.000274			1669	100		
1635.3	1.3169		0.003778			1670	99.900001526		
1635.8	1.3157		0.00376			1671	100		
1636.2	1.3144		0.003743			1671.9	100		
1636.7	1.3145		0.000245			1672.9	100		
1637.2	1.3162		0.000272			1673.8	100		
1637.7	1.3157		0.003759			1674.8	100		
1638.2	1.3153		0.000257			1675.8	99.900001526		
1638.6	1.3168		0.000282			1676.7	100		
1639.1	1.3167		0.003768			1677.7	100		
1639.6	1.3149		0.003744			1678.7	100		
1640.1	1.3147		0.000247			1679.6	100		
1640.6	1.3158		0.000267			1680.6	100		
1641.1	1.3166		0.00028			1681.6	99.900001526		
1641.5	1.3178		0.000295			1682.5	100		
1642	1.3177		0.003775			1683.5	100		
1642.5	1.3163		0.003758			1684.5	99.900001526		
1643	1.3149		0.003738			1685.4	99.900001526		
1643.5	1.3149		0.000253			1686.4	100		
1644	1.3163		0.000274			1687.4	100		
1644.4	1.3175		0.000294			1688.3	100		
1644.9	1.3172		0.003764			1689.3	100		
1645.4	1.3172		0.00029			1690.2	100		
1645.9	1.3178		0.003769			1691.2	100		
1646.4	1.3169		0.003757			1692.2	100		
1646.8	1.3164		0.003749			1693.1	100		
1647.3	1.3159		0.003742			1694.1	100		
1647.8	1.3151		0.003729			1695.1	100		
1648.3	1.316		0.000271			1696	99.900001526		
1648.8	1.3168		0.003752			1697	99.900001526		
1649.3	1.316		0.003739			1698	100		
1649.7	1.3154		0.003731			1698.9	100		
1650.2	1.3146		0.003718			1699.9	100		
1650.7	1.3153		0.00026			1700.9	99.900001526		
1651.2	1.3157		0.003732			1701.8	100		
1651.7	1.3161		0.000273			1702.8	100		
1652.2	1.3169		0.003746			1703.8	99.900001526		
1652.6	1.3162		0.003739			1704.7	99.900001526		
1653.1	1.3163		0.003738			1705.7	99.900001526		
1653.6	1.3148		0.007183			1706.6	99.900001526		
1654.1	1.3132		0.003694			1707.6	99.900001526		
1654.6	1.3132		0.003691			1708.6	99.900001526		
1655	1.3122		0.003676			1709.5	99.900001526		
1655.5	1.3123		0.000213			1710.5	99.900001526		
1656	1.3135		0.000233			1711.5	100		
1656.5	1.3141		0.000242			1712.4	100		
1657	1.3146		0.00025			1713.4	99.900001526		
1657.5	1.3151		0.000256			1714.4	99.900001526		
1657.9	1.3158		0.000269			1715.3	100		
1658.4	1.3149		0.003707			1716.3	99.900001526		
1658.9	1.314		0.000241			1717.3	99.900001526		
1659.4	1.3147		0.000252			1718.2	99.900001526		
1659.9	1.3151		0.000259			1719.2	99.900001526		
1660.3	1.3153		0.000261			1720.1	99.900001526		
1660.8	1.3155		0.000265			1721.1	100		
1661.3	1.3157		0.000268			1722.1	100		
1661.8	1.3159		0.000269			1723	100		
1662.3	1.3162		0.000277			1724	100		
1662.8	1.3169		0.000286			1725	100		
1663.2	1.3159		0.003711			1725.9	100		
1663.7	1.3149		0.000255			1726.9	100		
1664.2	1.3155		0.000265			1727.9	100		
1664.7	1.3158		0.00027			1728.8	99.900001526		
1665.2	1.316		0.000273			1729.8	100		
1665.7	1.3161		0.000275			1730.8	100		
1666.1	1.3163		0.000278			1731.7	99.900001526		
1666.6	1.3164		0.000281			1732.7	100		
1667.1	1.3166		0.000284			1733.6	99.900001526		
1667.6	1.3168		0.000286			1734.6	99.900001526		
1668.1	1.317		0.00029			1735.6	99.900001526		
1668.5	1.3173		0.000294			1736.5	99.900001526		
1669	1.3182		0.000308			1737.5	100		
1669.5	1.3177		0.003723			1738.5	100		
1670	1.3156		0.003694			1739.4	100		
1670.5	1.3151		0.000261			1740.4	99.900001526		
1671	1.316		0.000275			1741.4	99.900001526		
1671.4	1.3163		0.000281			1742.3	100		
1671.9	1.3166		0.000284			1743.3	100		
1672.4	1.3168		0.000288			1744.3	100		
1672.9	1.317		0.000291			1745.2	100		
1673.4	1.3173		0.000295			1746.2	99.900001526		
1673.8	1.3175		0.000299			1747.2	100		
1674.3	1.318		0.000306			1748.1	99.900001526		
1674.8	1.3189		0.00032			1749.1	99.900001526		
1675.3	1.3186		0.003724			1750	100		
1675.8	1.3171		0.003703			1751	100		
1676.3	1.3155		0.003681			1752	99.900001526		
1676.7	1.3153		0.000264			1752.9	99.900001526		
1677.2	1.3162		0.000279			1753.9	100		
1677.7	1.3167		0.000287			1754.9	100		
1678.2	1.317		0.000292			1755.8	100		
1678.7	1.3173		0.000297			1756.8	100		
1679.2	1.3176		0.000301			1757.8	99.900001526		
1679.6	1.318		0.000307			1758.7	99.900001526		
1680.1	1.3184		0.000313			1759.7	99.900001526		
1680.6	1.3194		0.000329			1760.7	100		
1681.1	1.3193		0.003722			1761.6	99.900001526		
1681.6	1.3179		0.003702			1762.6	99.900001526		
1682	1.3167		0.003687			1763.5	99.900001526		
1682.5	1.3171		0.000295			1764.5	100		
1683	1.3173		0.003694			1765.5	100		
1683.5	1.3175		0.0003			1766.4	100		
1684	1.318		0.003699			1767.4	100		
1684.5	1.3169		0.003684			1768.4	100		
1684.9	1.3161		0.003673			1769.3	100		
1685.4	1.3149		0.003655			1770.3	100		
1685.9	1.3148		0.000257			1771.3	99.900001526		
1686.4	1.3158		0.000274			1772.2	100		
1686.9	1.3163		0.000281			1773.2	99.900001526		
1687.4	1.3167		0.000288			1774.2	100		
1687.8	1.3172		0.000295			1775.1	100		
1688.3	1.3179		0.000306			1776.1	99.900001526		
1688.8	1.317		0.003677			1777.1	99.900001526		
1689.3	1.316		0.000278			1778	99.900001526		
1689.8	1.3167		0.000287			1779	100		
1690.2	1.3171		0.000294			1779.9	100		
1690.7	1.3173		0.000296			1780.9	100		
1691.2	1.3175		0.000301			1781.9	100		
1691.7	1.3177		0.000304			1782.8	100		
1692.2	1.3178		0.000308			1783.8	99.900001526		
1692.7	1.318		0.00031			1784.8	100		
1693.1	1.3182		0.000312			1785.7	100		
1693.6	1.3185		0.000315			1786.7	100		
1694.1	1.3188		0.000322			1787.7	100		
1694.6	1.3192		0.000329			1788.6	99.900001526		
1695.1	1.3202		0.000344			1789.6	100		
1695.6	1.32		0.003706			1790.6	99.900001526		
1696	1.3187		0.003686			1791.5	99.900001526		
1696.5	1.3178		0.003674			1792.5	99.900001526		
1697	1.3165		0.003656			1793.4	99.900001526		
1697.5	1.3164		0.000286			1794.4	100		
1698	1.3174		0.000302			1795.4	100		
1698.4	1.318		0.00031			1796.3	100		
1698.9	1.3185		0.000319			1797.3	100		
1699.4	1.3191		0.000329			1798.3	99.900001526		
1699.9	1.3201		0.000343			1799.2	99.900001526		
1700.4	1.32		0.003696			1800.2	100		
1700.9	1.3186		0.003677			1801.2	100		
1701.3	1.3173		0.003658			1802.1	100		
1701.8	1.3172		0.000299			1803.1	99.900001526		
1702.3	1.3184		0.000317			1804.1	99.900001526		
1702.8	1.3193		0.000332			1805	99.900001526		
1703.3	1.3206		0.000351			1806	99.900001526		
1703.8	1.3207		0.0037			1806.9	100		
1704.2	1.3197		0.003686			1807.9	100		
1704.7	1.3192		0.003678			1808.9	100		
1705.2	1.3189		0.003674			1809.8	100		
1705.7	1.318699956		0.0036688			1810.8	99.900001526		
1706.2	1.318500042		0.0036645			1811.8	100		
1706.6	1.318300009		0.0036619			1812.7	100		
1707.1	1.318099976		0.0036602			1813.7	100		
1707.6	1.317999959		0.0036583			1814.7	100		
1708.1	1.317800045		0.0036535			1815.6	100		
1708.6	1.317600012		0.0036492			1816.6	99.900001526		
1709.1	1.317499995		0.0036459			1817.6	100		
1709.5	1.317199945		0.0036433			1818.5	100		
1710	1.317000031		0.0036387			1819.5	100		
1710.5	1.316599965		0.0036316			1820.5	99.900001526		
1711	1.315700054		0.0036187			1821.4	99.900001526		
1711.5	1.315899968		0.00027895			1822.4	100		
1711.9	1.317399979		0.00030279			1823.3	99.900001526		
1712.4	1.318799973		0.00032616			1824.3	100		
1712.9	1.319000006		0.0036602			1825.3	99.900001526		
1713.4	1.317999959		0.0036464			1826.2	100		
1713.9	1.317299962		0.0036368			1827.2	99.900001526		
1714.4	1.316300035		0.0036221			1828.2	99.900001526		
1714.8	1.316599965		0.00029135			1829.1	99.900001526		
1715.3	1.318400025		0.00032043			1830.1	100		
1715.8	1.318600059		0.0036511			1831.1	99.900001526		
1716.3	1.317199945		0.0036306			1832	100		
1716.8	1.317899942		0.00031257			1833	99.900001526		
1717.3	1.318600059		0.0036473			1834	100		
1717.7	1.317800045		0.0036349			1834.9	100		
1718.2	1.317299962		0.0036273			1835.9	100		
1718.7	1.317000031		0.0036235			1836.8	100		
1719.2	1.316499949		0.0036159			1837.8	100		
1719.7	1.315899968		0.0036068			1838.8	100		
1720.1	1.314900041		0.0035906			1839.7	100		
1720.6	1.314900041		0.00026321			1840.7	100		
1721.1	1.315899968		0.0002811			1841.7	100		
1721.6	1.316499949		0.00028944			1842.6	100		
1722.1	1.316799998		0.00029612			1843.6	100		
1722.6	1.317100048		0.00030041			1844.6	99.900001526		
1723	1.317299962		0.00030398			1845.5	100		
1723.5	1.317600012		0.00030899			1846.5	100		
1724	1.317700028		0.00031042			1847.5	100		
1724.5	1.317899942		0.00031376			1848.4	100		
1725	1.318099976		0.0003171			1849.4	99.900001526		
1725.4	1.318300009		0.00031948			1850.3	100		
1725.9	1.318500042		0.00032377			1851.3	100		
1726.4	1.318699956		0.00032616			1852.3	100		
1726.9	1.318899989		0.00032997			1853.2	99.900001526		
1727.4	1.319200039		0.00033522			1854.2	100		
1727.9	1.319599986		0.00034237			1855.2	100		
1728.3	1.320500016		0.00035524			1856.1	99.900001526		
1728.8	1.320199966		0.0036492			1857.1	100		
1729.3	1.318300009		0.003623			1858.1	99.900001526		
1729.8	1.318099976		0.00031757			1859	100		
1730.3	1.319300056		0.0003376			1860	100		
1730.8	1.320600033		0.00035763			1861	100		
1731.2	1.320600033		0.0036495			1861.9	100		
1731.7	1.319399953		0.0036335			1862.9	100		
1732.2	1.318400025		0.0036178			1863.9	100		
1732.7	1.319100022		0.00033379			1864.8	99.900001526		
1733.2	1.319800019		0.0036366			1865.8	100		
1733.6	1.319000006		0.0036223			1866.7	99.900001526		
1734.1	1.318500042		0.0036154			1867.7	100		
1734.6	1.318099976		0.0036087			1868.7	100		
1735.1	1.317600012		0.003603			1869.6	99.900001526		
1735.6	1.316599965		0.0035906			1870.6	100		
1736.1	1.317199945		0.0003047			1871.6	99.900001526		
1736.5	1.317199945		0.0035963			1872.5	100		
1737	1.316699982		0.00029659			1873.5	99.900001526		
1737.5	1.317600012		0.00031042			1874.5	100		
1738	1.318199992		0.00031996			1875.4	100		
1738.5	1.318600059		0.00032759			1876.4	100		
1739	1.319200039		0.00033641			1877.4	99.900001526		
1739.4	1.32009995		0.00035143			1878.3	100		
1739.9	1.319800019		0.0036252			1879.3	100		
1740.4	1.318099976		0.0035999			1880.2	100		
1740.9	1.318199992		0.00032091			1881.2	99.900001526		
1741.4	1.318099976		0.0035973			1882.2	99.900001526		
1741.8	1.317399979		0.00031066			1883.1	99.900001526		
1742.3	1.318300009		0.00032449			1884.1	99.900001526		
1742.8	1.318699956		0.00032902			1885.1	99.900001526		
1743.3	1.319100022		0.00033617			1886	99.900001526		
1743.8	1.319399953		0.0003407			1887	99.900001526		
1744.3	1.319800019		0.00034761			1888	99.900001526		
1744.7	1.320299983		0.00035453			1888.9	99.900001526		
1745.2	1.32130003		0.00037026			1889.9	99.900001526		
1745.7	1.321099997		0.003633			1890.9	99.900001526		
1746.2	1.319800019		0.003613			1891.8	99.900001526		
1746.7	1.318600059		0.0035968			1892.8	99.900001526		
1747.2	1.318699956		0.00032997			1893.8	99.900001526		
1747.6	1.320500016		0.00035858			1894.7	99.900001526		
1748.1	1.320600033		0.0036221			1895.7	99.900001526		
1748.6	1.319599986		0.0036068			1896.6	99.900001526		
1749.1	1.318799973		0.0035956			1897.6	99.900001526		
1749.6	1.317700028		0.0035801			1898.6	99.900001526		
1750	1.317800045		0.00031614			1899.5	99.900001526		
1750.5	1.319100022		0.00033736			1900.5	100		
1751	1.3204		0.00036001			1901.5	99.900001526		
1751.5	1.320500016		0.0036135			1902.4	100		
1752	1.319300056		0.0035975			1903.4	100		
1752.5	1.318500042		0.0035858			1904.4	99.900001526		
1752.9	1.317299962		0.0035677			1905.3	99.900001526		
1753.4	1.317299962		0.00030851			1906.3	100		
1753.9	1.318300009		0.00032425			1907.3	99.900001526		
1754.4	1.318799973		0.00033426			1908.2	100		
1754.9	1.319200039		0.0003407			1909.2	100		
1755.3	1.319599986		0.00034666			1910.1	100		
1755.8	1.320000052		0.00035286			1911.1	100		
1756.3	1.320500016		0.00036168			1912.1	99.900001526		
1756.8	1.321499944		0.00037718			1913	99.900001526		
1757.3	1.32130003		0.0036147			1914	100		
1757.8	1.319700003		0.0035925			1915	100		
1758.2	1.32009995		0.00035453			1915.9	99.900001526		
1758.7	1.320600033		0.003603			1916.9	99.900001526		
1759.2	1.319499969		0.0035877			1917.9	99.900001526		
1759.7	1.318300009		0.003572			1918.8	99.900001526		
1760.2	1.318400025		0.00032759			1919.8	100		
1760.7	1.319700003		0.00034809			1920.8	100		
1761.1	1.320899963		0.00036955			1921.7	100		
1761.6	1.320899963		0.003603			1922.7	99.900001526		
1762.1	1.319700003		0.0035877			1923.7	100		
1762.6	1.318600059		0.0035701			1924.6	100		
1763.1	1.319200039		0.00034094			1925.6	100		
1763.5	1.319599986		0.0035801			1926.5	100		
1764	1.317899942		0.0035582			1927.5	100		
1764.5	1.317800045		0.00031853			1928.5	100		
1765	1.318699956		0.00033283			1929.4	100		
1765.5	1.319200039		0.00034165			1930.4	99.900001526		
1766	1.319499969		0.00034595			1931.4	99.900001526		
1766.4	1.319800019		0.00035143			1932.3	100		
1766.9	1.32009995		0.00035667			1933.3	99.900001526		
1767.4	1.3204		0.00036073			1934.3	99.900001526		
1767.9	1.320700049		0.00036716			1935.2	100		
1768.4	1.321400046		0.00037813			1936.2	100		
1768.9	1.320600033		0.0035872			1937.2	100		
1769.3	1.319900036		0.00035286			1938.1	99.900001526		
1769.8	1.320700049		0.00036788			1939.1	100		
1770.3	1.32130003		0.00037527			1940	100		
1770.8	1.322299957		0.00039363			1941	100		
1771.3	1.322100043		0.0036049			1942	100		
1771.7	1.320500016		0.0035815			1942.9	100		
1772.2	1.32099998		0.00037193			1943.9	100		
1772.7	1.321499944		0.003593			1944.9	100		
1773.2	1.3204		0.0035768			1945.8	99.900001526		
1773.7	1.319300056		0.0035591			1946.8	99.900001526		
1774.2	1.319300056		0.00034547			1947.8	99.900001526		
1774.6	1.320600033		0.00036645			1948.7	100		
1775.1	1.32190001		0.00038695			1949.7	100		
1775.6	1.322000027		0.0035963			1950.7	99.900001526		
1776.1	1.32099998		0.0035806			1951.6	100		
1776.6	1.3204		0.0035715			1952.6	100		
1777.1	1.319900036		0.0035639			1953.5	99.900001526		
1777.5	1.319300056		0.0035543			1954.5	99.900001526		
1778	1.318199992		0.0035391			1955.5	99.900001526		
1778.5	1.318199992		0.00032711			1956.4	99.900001526		
1779	1.319200039		0.00034523			1957.4	99.900001526		
1779.5	1.319800019		0.00035429			1958.4	99.900001526		
1779.9	1.320199966		0.00036025			1959.3	99.900001526		
1780.4	1.320700049		0.00036669			1960.3	100		
1780.9	1.321400046		0.00038028			1961.3	100		
1781.4	1.320600033		0.0035665			1962.2	100		
1781.9	1.319800019		0.00035477			1963.2	100		
1782.4	1.320600033		0.00036764			1964.2	99.900001526		
1782.8	1.321099997		0.00037575			1965.1	99.900001526		
1783.3	1.321799994		0.00038671			1966.1	100		
1783.8	1.32099998		0.0035682			1967.1	99.900001526		
1784.3	1.320199966		0.00036144			1968	100		
1784.8	1.320899963		0.00037265			1969	100		
1785.2	1.32130003		0.00037909			1969.9	100		
1785.7	1.32159996		0.00038433			1970.9	100		
1786.2	1.322000027		0.00039244			1971.9	100		
1786.7	1.32280004		0.00040483			1972.8	99.900001526		
1787.2	1.322100043		0.0035779			1973.8	99.900001526		
1787.7	1.321499944		0.0003829			1974.8	99.900001526		
1788.1	1.322900057		0.00040817			1975.7	99.900001526		
1788.6	1.32280004		0.0035863			1976.7	99.900001526		
1789.1	1.321200013		0.0035634			1977.7	100		
1789.6	1.321200013		0.00038028			1978.6	100		
1790.1	1.322900057		0.00040674			1979.6	99.900001526		
1790.6	1.323099971		0.0035863			1980.6	99.900001526		
1791	1.322199941		0.0035729			1981.5	99.900001526		
1791.5	1.321699977		0.0035648			1982.5	100		
1792	1.321200013		0.0035586			1983.4	100		
1792.5	1.320799947		0.003551			1984.4	100		
1793	1.320199966		0.0035422			1985.4	99.900001526		
1793.4	1.319200039		0.0035272			1986.3	99.900001526		
1793.9	1.319200039		0.0003469			1987.3	99.900001526		
1794.4	1.320199966		0.00036311			1988.3	99.900001526		
1794.9	1.320700049		0.00037193			1989.2	99.900001526		
1795.4	1.321099997		0.00037909			1990.2	99.900001526		
1795.9	1.321400046		0.00038242			1991.2	99.900001526		
1796.3	1.321699977		0.0003891			1992.1	99.900001526		
1796.8	1.322100043		0.00039482			1993.1	99.800003052		
1797.3	1.322600007		0.0004034			1994.1	99.699996948		
1797.8	1.323500037		0.00041723			1995	99.699996948		
1798.3	1.323300004		0.0035777			1996	99.599998474		
1798.8	1.32190001		0.0035567			1997	99.599998474		
1799.2	1.320600033		0.0035377			1997.9	99.599998474		
1799.7	1.3204		0.00036788			1998.9	99.699996948		
1800.2	1.321400046		0.00038528			1999.8	99.800003052		
1800.7	1.32190001		0.00039291			2000.8	99.800003052		
1801.2	1.322399974		0.00040007			2001.8	99.900001526		
1801.6	1.322900057		0.00040817			2002.7	99.900001526		
1802.1	1.323799968		0.00042462			2003.7	99.900001526		
1802.6	1.323600054		0.0035753			2004.7	99.900001526		
1803.1	1.322000027		0.003552			2005.6	100		
1803.6	1.322299957		0.00040007			2006.6	99.900001526		
1804.1	1.322399974		0.0035572			2007.6	99.900001526		
1804.5	1.322600007		0.0004034			2008.5	100		
1805	1.323099971		0.0035644			2009.5	99.900001526		
1805.5	1.322100043		0.0035477			2010.5	99.900001526		
1806	1.32130003		0.0035377			2011.4	99.900001526		
1806.5	1.320199966		0.0035212			2012.4	99.900001526		
1806.9	1.32009995		0.00036407			2013.3	99.900001526		
1807.4	1.321099997		0.00038052			2014.3	99.900001526		
1807.9	1.321499944		0.00038719			2015.3	99.900001526		
1808.4	1.32190001		0.00039363			2016.2	99.900001526		
1808.9	1.322199941		0.00039887			2017.2	99.900001526		
1809.4	1.32249999		0.00040388			2018.2	100		
1809.8	1.32280004		0.00040817			2019.1	100		
1810.3	1.323400021		0.00041914			2020.1	100		
1810.8	1.322600007		0.0035491			2021.1	100		
1811.3	1.321699977		0.00039196			2022	100		
1811.8	1.322399974		0.0004034			2023	100		
1812.3	1.322700024		0.00040865			2024	100		
1812.7	1.322999954		0.00041318			2024.9	100		
1813.2	1.323199987		0.00041628			2025.9	100		
1813.7	1.323400021		0.00041962			2026.8	100		
1814.2	1.323799968		0.00042534			2027.8	100		
1814.7	1.324499965		0.00043583			2028.8	100		
1815.1	1.323699951		0.003557			2029.7	99.900001526		
1815.6	1.322999954		0.00041366			2030.7	99.900001526		
1816.1	1.324100018		0.0004313			2031.7	99.900001526		
1816.6	1.323400021		0.0035517			2032.6	99.800003052		
1817.1	1.322700024		0.00040865			2033.6	99.699996948		
1817.6	1.323400021		0.00042105			2034.6	99.5		
1818	1.323899984		0.00042868			2035.5	99.199996948		
1818.5	1.324300051		0.00043511			2036.5	98.699996948		
1819	1.324800014		0.00044203			2037.5	98.099998474		
1819.5	1.325799942		0.00045729			2038.4	97.300003052		
1820	1.325700045		0.0035768			2039.4	96.300003052		
1820.5	1.324499965		0.0035605			2040.4	95		
1820.9	1.323699951		0.0035477			2041.3	93.599998474		
1821.4	1.322700024		0.0035338			2042.3	92.099998474		
1821.9	1.32280004		0.00041246			2043.2	90.699996948		
1822.4	1.324499965		0.00043774			2044.2	89.5		
1822.9	1.324499965		0.0035555			2045.2	88.199996948		
1823.3	1.322900057		0.0035334			2046.1	86.699996948		
1823.8	1.32280004		0.00040984			2047.1	85.300003052		
1824.3	1.323899984		0.00042915			2048.1	84.099998474		
1824.8	1.325000048		0.00044847			2049	83.5		
1825.3	1.324900031		0.0035582			2050	83.5		
1825.8	1.323300004		0.003535			2051	84.099998474		
1826.2	1.323300004		0.00042009			2051.9	85.300003052		
1826.7	1.324800014		0.00044489			2052.9	86.699996948		
1827.2	1.324499965		0.0035508			2053.9	88.199996948		
1827.7	1.324499965		0.0004406			2054.8	89.599998474		
1828.2	1.325000048		0.0035548			2055.8	90.800003052		
1828.7	1.323899984		0.0035398			2056.7	91.900001526		
1829.1	1.32280004		0.0035229			2057.7	92.800003052		
1829.6	1.322999954		0.00041556			2058.7	93.599998474		
1830.1	1.324599981		0.00044155			2059.6	94.5		
1830.6	1.324599981		0.0035458			2060.6	95.5		
1831.1	1.322999954		0.0035238			2061.6	96.5		
1831.5	1.322999954		0.00041676			2062.5	97.300003052		
1832	1.324499965		0.00044084			2063.5	98.099998474		
1832.5	1.324399948		0.0035391			2064.5	98.599998474		
1833	1.322700024		0.0035162			2065.4	98.900001526		
1833.5	1.322399974		0.00040817			2066.4	99.199996948		
1834	1.323300004		0.000422			2067.4	99.400001526		
1834.4	1.323699951		0.00042772			2068.3	99.5		
1834.9	1.324000001		0.00043344			2069.3	99.599998474		
1835.4	1.324200034		0.00043583			2070.3	99.599998474		
1835.9	1.324399948		0.00043941			2071.2	99.699996948		
1836.4	1.324599981		0.00044346			2072.2	99.699996948		
1836.8	1.324699998		0.00044584			2073.1	99.699996948		
1837.3	1.324900031		0.00044775			2074.1	99.699996948		
1837.8	1.325099945		0.00045013			2075.1	99.800003052		
1838.3	1.325199962		0.00045347			2076	99.800003052		
1838.8	1.325399995		0.00045633			2077	99.800003052		
1839.3	1.325700045		0.00046182			2078	99.800003052		
1839.7	1.326300025		0.00047112			2078.9	99.800003052		
1840.2	1.325500011		0.0035443			2079.9	99.800003052		
1840.7	1.324699998		0.00044584			2080.9	99.800003052		
1841.2	1.325299978		0.00045586			2081.8	99.800003052		
1841.7	1.325700045		0.00046086			2082.8	99.800003052		
1842.2	1.325899959		0.00046563			2083.8	99.800003052		
1842.6	1.326300025		0.00047183			2084.7	99.800003052		
1843.1	1.326699972		0.00047922			2085.7	99.800003052		
1843.6	1.327499986		0.0004921			2086.6	99.699996948		
1844.1	1.327299953		0.0035615			2087.6	99.599998474		
1844.6	1.325999975		0.0035443			2088.6	99.5		
1845	1.324699998		0.0035248			2089.5	99.400001526		
1845.5	1.324499965		0.00044394			2090.5	99.199996948		
1846	1.325399995		0.00045824			2091.5	99		
1846.5	1.325899959		0.00046635			2092.4	98.900001526		
1847	1.326300025		0.00047326			2093.4	99.199996948		
1847.5	1.326599956		0.00047851			2094.4	99.599998474		
1847.9	1.327100039		0.00048614			2095.3	99.699996948		
1848.4	1.327999949		0.00049973			2096.3	99.800003052		
1848.9	1.327900052		0.0035629			2097.3	99.800003052		
1849.4	1.326599956		0.0035448			2098.2	99.800003052		
1849.9	1.325299978		0.0035274			2099.2	99.800003052		
1850.3	1.325299978		0.00045776			2100.1	99.900001526		
1850.8	1.326400042		0.00047469			2101.1	99.900001526		
1851.3	1.327399969		0.00049067			2102.1	99.900001526		
1851.8	1.326900005		0.0035472			2103	99.900001526		
1852.3	1.326799989		0.00048208			2104	99.900001526		
1852.8	1.327000022		0.0035467			2105	99.900001526		
1853.2	1.325500011		0.0035253			2105.9	99.900001526		
1853.7	1.325299978		0.00045776			2106.9	99.900001526		
1854.2	1.326200008		0.00047398			2107.9	99.900001526		
1854.7	1.326699972		0.0004828			2108.8	99.900001526		
1855.2	1.327299953		0.00049067			2109.8	99.900001526		
1855.7	1.328199983		0.00050545			2110.8	99.900001526		
1856.1	1.327900052		0.0035534			2111.7	99.900001526		
1856.6	1.326200008		0.0035305			2112.7	99.900001526		
1857.1	1.325999975		0.0004704			2113.7	99.900001526		
1857.6	1.327299953		0.00049114			2114.6	100		
1858.1	1.326699972		0.0035346			2115.6	100		
1858.5	1.325999975		0.00047255			2116.5	100		
1859	1.326699972		0.00048304			2117.5	100		
1859.5	1.327100039		0.00048876			2118.5	100		
1860	1.327399969		0.00049305			2119.4	99.900001526		
1860.5	1.327600002		0.00049829			2120.4	100		
1861	1.327900052		0.00050211			2121.4	100		
1861.4	1.328099966		0.00050545			2122.3	100		
1861.9	1.328400016		0.00051045			2123.3	100		
1862.4	1.328799963		0.00051522			2124.3	100		
1862.9	1.329599977		0.00052786			2125.2	99.900001526		
1863.4	1.328999996		0.0035563			2126.2	99.900001526		
1863.9	1.328799963		0.00051546			2127.2	99.900001526		
1864.3	1.328999996		0.0035563			2128.1	99.900001526		
1864.8	1.327399969		0.0035343			2129.1	99.800003052		
1865.3	1.327299953		0.00049376			2130	99.699996948		
1865.8	1.328299999		0.00051045			2131	99.5		
1866.3	1.329200029		0.00052333			2132	99		
1866.7	1.328699946		0.0035481			2132.9	97.5		
1867.2	1.328099966		0.00050616			2133.9	92.400001526		
1867.7	1.329399943		0.00052738			2134.9	78.199996948		
1868.2	1.328799963		0.0035496			2135.8	62		
1868.7	1.328400016		0.00051045			2136.8	56.900001526		
1869.2	1.329599977		0.00052881			2137.8	58		
1869.6	1.329100013		0.0035505			2138.7	60.900001526		
1870.1	1.328699946		0.00051546			2139.7	67.699996948		
1870.6	1.33010006		0.00053763			2140.7	75.599998474		
1871.1	1.330000043		0.0035603			2141.6	82.599998474		
1871.6	1.328500032		0.0035381			2142.6	88.5		
1872.1	1.328400016		0.00051332			2143.6	93.800003052		
1872.5	1.329900026		0.0005374			2144.5	96.800003052		
1873	1.329900026		0.0035563			2145.5	97.800003052		
1873.5	1.328299999		0.0035343			2146.4	98.199996948		
1874	1.328099966		0.00050831			2147.4	98.400001526		
1874.5	1.328999996		0.00052142			2148.4	98.5		
1874.9	1.32949996		0.00053024			2149.3	98.599998474		
1875.4	1.329900026		0.00053644			2150.3	98.699996948		
1875.9	1.330299973		0.0005424			2151.3	98.800003052		
1876.4	1.330800056		0.00055122			2152.2	98.900001526		
1876.9	1.331699967		0.00056505			2153.2	98.900001526		
1877.4	1.331500053		0.0035713			2154.2	99		
1877.8	1.329900026		0.0035501			2155.1	99.099998474		
1878.3	1.32980001		0.00053549			2156.1	99.199996948		
1878.8	1.330899954		0.0005517			2157.1	99.199996948		
1879.3	1.332000017		0.00056887			2158	99.199996948		
1879.8	1.331699967		0.003572			2159	99.300003052		
1880.2	1.331799984		0.00056696			2159.9	99.300003052		
1880.7	1.332399964		0.0035782			2160.9	99.300003052		
1881.2	1.331599951		0.0035675			2161.9	99.300003052		
1881.7	1.331200004		0.0035608			2162.8	99.300003052		
1882.2	1.330500007		0.0035527			2163.8	99.300003052		
1882.7	1.331400037		0.00056171			2164.8	99.300003052		
1883.1	1.332299948		0.0035744			2165.7	99.300003052		
1883.6	1.331699967		0.0035663			2166.7	99.400001526		
1884.1	1.331500053		0.0035625			2167.7	99.400001526		
1884.6	1.331400037		0.0035601			2168.6	99.400001526		
1885.1	1.33130002		0.0035594			2169.6	99.400001526		
1885.6	1.33130002		0.0035591			2170.6	99.400001526		
1886	1.33130002		0.0035565			2171.5	99.400001526		
1886.5	1.33130002		0.0035563			2172.5	99.400001526		
1887	1.33130002		0.0035567			2173.5	99.400001526		
1887.5	1.33130002		0.0035565			2174.4	99.400001526		
1888	1.33130002		0.0035553			2175.4	99.400001526		
1888.4	1.331400037		0.0035548			2176.3	99.400001526		
1888.9	1.331400037		0.0035563			2177.3	99.400001526		
1889.4	1.331599951		0.0035572			2178.3	99.400001526		
1889.9	1.332100034		0.0035625			2179.2	99.400001526		
1890.4	1.331099987		0.0065441			2180.2	99.400001526		
1890.9	1.330199957		0.0035357			2181.2	99.400001526		
1891.3	1.33070004		0.0035403			2182.1	99.400001526		
1891.8	1.330800056		0.0035434			2183.1	99.400001526		
1892.3	1.330899954		0.0035448			2184.1	99.400001526		
1892.8	1.33099997		0.003545			2185	99.5		
1893.3	1.33099997		0.0035431			2186	99.5		
1893.8	1.331099987		0.0035448			2187	99.400001526		
1894.2	1.331099987		0.0035424			2187.9	99.400001526		
1894.7	1.331099987		0.0035427			2188.9	99.400001526		
1895.2	1.331099987		0.0035427			2189.8	99.400001526		
1895.7	1.331099987		0.0035405			2190.8	99.5		
1896.2	1.331099987		0.00354			2191.8	99.400001526		
1896.6	1.331099987		0.00354			2192.7	99.5		
1897.1	1.331099987		0.0035391			2193.7	99.5		
1897.6	1.33099997		0.0035381			2194.7	99.5		
1898.1	1.330899954		0.0035374			2195.6	99.5		
1898.6	1.330800056		0.0035334			2196.6	99.5		
1899.1	1.33070004		0.0035315			2197.6	99.5		
1899.5	1.33039999		0.0035264			2198.5	99.5		
1900	1.329599977		0.003516			2199.5	99.5		
1900.5	1.329900026		0.00054312			2200.5	99.5		
1901	1.331500053		0.00056767			2201.4	99.5		
1901.5	1.331200004		0.0035357			2202.4	99.5		
1901.9	1.330800056		0.00055766			2203.3	99.5		
1902.4	1.331699967		0.00057197			2204.3	99.5		
1902.9	1.332399964		0.00058222			2205.3	99.5		
1903.4	1.333099961		0.00059223			2206.2	99.5		
1903.9	1.334200025		0.0006094			2207.2	99.5		
1904.4	1.334200025		0.0035729			2208.2	99.5		
1904.8	1.333299994		0.0035601			2209.1	99.5		
1905.3	1.332700014		0.0035524			2210.1	99.5		
1905.8	1.332000017		0.003541			2211.1	99.5		
1906.3	1.332599998		0.00058651			2212	99.5		
1906.8	1.333199978		0.0035539			2213	99.5		
1907.3	1.331900001		0.0035384			2214	99.5		
1907.7	1.332100034		0.00057888			2214.9	99.599998474		
1908.2	1.333600044		0.00060105			2215.9	99.599998474		
1908.7	1.333400011		0.0035548			2216.9	99.599998474		
1909.2	1.333299994		0.000597			2217.8	99.599998474		
1909.7	1.333299994		0.0035524			2218.8	99.599998474		
1910.1	1.332900047		0.00059056			2219.7	99.599998474		
1910.6	1.334100008		0.0006094			2220.7	99.599998474		
1911.1	1.335199952		0.00062704			2221.7	99.599998474		
1911.6	1.335299969		0.0035763			2222.6	99.599998474		
1912.1	1.334400058		0.0035634			2223.6	99.599998474		
1912.6	1.333699942		0.0035543			2224.6	99.599998474		
1913	1.332800031		0.0035424			2225.5	99.599998474		
1913.5	1.332900047		0.00059199			2226.5	99.599998474		
1914	1.333999991		0.00060916			2227.5	99.599998474		
1914.5	1.334699988		0.00061989			2228.4	99.599998474		
1915	1.335399985		0.00063062			2229.4	99.699996948		
1915.5	1.336500049		0.00064707			2230.4	99.699996948		
1915.9	1.336599946		0.0035863			2231.3	99.599998474		
1916.4	1.335700035		0.0035758			2232.3	99.699996948		
1916.9	1.335299969		0.003571			2233.2	99.699996948		
1917.4	1.334900022		0.0035646			2234.2	99.699996948		
1917.9	1.334599972		0.0035591			2235.2	99.699996948		
1918.3	1.334200025		0.0035532			2236.1	99.699996948		
1918.8	1.333299994		0.003541			2237.1	99.699996948		
1919.3	1.333400011		0.0006032			2238.1	99.699996948		
1919.8	1.334400058		0.00061798			2239	99.699996948		
1920.3	1.335100055		0.00062704			2240	99.699996948		
1920.8	1.335600019		0.00063515			2241	99.699996948		
1921.2	1.336099982		0.00064325			2241.9	99.699996948		
1921.7	1.337000012		0.00065565			2242.9	99.699996948		
1922.2	1.336799979		0.003582			2243.9	99.800003052		
1922.7	1.335199952		0.0035622			2244.8	99.800003052		
1923.2	1.335000038		0.00062799			2245.8	99.800003052		
1923.7	1.335899949		0.00064182			2246.7	99.800003052		
1924.1	1.336400032		0.00064945			2247.7	99.800003052		
1924.6	1.336899996		0.00065613			2248.7	99.800003052		
1925.1	1.33739996		0.00066257			2249.6	99.800003052		
1925.6	1.338199973		0.0006752			2250.6	99.800003052		
1926.1	1.337700009		0.0035887			2251.6	99.800003052		
1926.5	1.33739996		0.00066376			2252.5	99.800003052		
1927	1.337200046		0.0035806			2253.5	99.800003052		
1927.5	1.336699963		0.00065494			2254.5	99.800003052		
1928	1.337599993		0.00066853			2255.4	99.800003052		
1928.5	1.338099957		0.00067377			2256.4	99.800003052		
1929	1.338600039		0.00068212			2257.4	99.800003052		
1929.4	1.33920002		0.00068951			2258.3	99.800003052		
1929.9	1.340199947		0.00070286			2259.3	99.800003052		
1930.4	1.340199947		0.0036132			2260.3	99.900001526		
1930.9	1.339300036		0.003602			2261.2	99.800003052		
1931.4	1.338700056		0.0035934			2262.2	99.800003052		
1931.8	1.337800026		0.0035813			2263.1	99.900001526		
1932.3	1.338099957		0.00067616			2264.1	99.900001526		
1932.8	1.3398		0.00069928			2265.1	99.800003052		
1933.3	1.34010005		0.0036087			2266	99.800003052		
1933.8	1.339300036		0.0035982			2267	99.800003052		
1934.3	1.338799953		0.0035906			2268	99.900001526		
1934.7	1.338000059		0.003582			2268.9	99.900001526		
1935.2	1.338600039		0.00068426			2269.9	99.800003052		
1935.7	1.338700056		0.0035882			2270.9	99.900001526		
1936.2	1.338500023		0.00068235			2271.8	99.900001526		
1936.7	1.339599967		0.00069904			2272.8	99.900001526		
1937.2	1.340800047		0.00071526			2273.8	99.900001526		
1937.6	1.340800047		0.0036101			2274.7	99.900001526		
1938.1	1.339699984		0.0035989			2275.7	99.900001526		
1938.6	1.338600039		0.0035863			2276.6	99.900001526		
1939.1	1.338600039		0.00068569			2277.6	99.900001526		
1939.6	1.339599967		0.00069714			2278.6	99.900001526		
1940	1.34010005		0.0007062			2279.5	99.900001526		
1940.5	1.340499997		0.00071096			2280.5	99.900001526		
1941	1.340800047		0.00071526			2281.5	99.900001526		
1941.5	1.341099977		0.00072002			2282.4	99.900001526		
1942	1.341400027		0.00072408			2283.4	99.900001526		
1942.5	1.341699958		0.00073123			2284.4	99.900001526		
1942.9	1.342100024		0.00073481			2285.3	99.900001526		
1943.4	1.342399955		0.00073862			2286.3	99.900001526		
1943.9	1.342700005		0.00074196			2287.3	99.900001526		
1944.4	1.343199968		0.0007503			2288.2	99.900001526		
1944.9	1.343700051		0.00075626			2289.2	99.900001526		
1945.4	1.344699979		0.00077009			2290.2	99.900001526		
1945.8	1.344699979		0.0036469			2291.1	99.900001526		
1946.3	1.343799949		0.0036359			2292.1	99.900001526		
1946.8	1.343299985		0.0036292			2293	99.900001526		
1947.3	1.342800021		0.0036221			2294	99.900001526		
1947.8	1.341899991		0.0036108			2295	99.900001526		
1948.2	1.342000008		0.00073528			2295.9	99.900001526		
1948.7	1.343099952		0.00074935			2296.9	99.900001526		
1949.2	1.343700051		0.00075817			2297.9	99.900001526		
1949.7	1.344300032		0.00076723			2298.8	99.900001526		
1950.2	1.345199943		0.0007782			2299.8	99.900001526		
1950.7	1.344699979		0.0036409			2300.8	99.900001526		
1951.1	1.344200015		0.00076532			2301.7	99.900001526		
1951.6	1.345100045		0.00077724			2302.7	99.900001526		
1952.1	1.345700026		0.00078487			2303.7	99.900001526		
1952.6	1.346400023		0.00079441			2304.6	99.900001526		
1953.1	1.347499967		0.00080943			2305.6	99.900001526		
1953.5	1.3477		0.0036702			2306.5	99.900001526		
1954	1.347000003		0.0036621			2307.5	99.900001526		
1954.5	1.346600056		0.0036583			2308.5	99.900001526		
1955	1.346500039		0.0036559			2309.4	99.900001526		
1955.5	1.346300006		0.0036533			2310.4	99.900001526		
1956	1.346099973		0.0036521			2311.4	99.900001526		
1956.4	1.345700026		0.0036442			2312.3	99.900001526		
1956.9	1.346600056		0.0007987			2313.3	99.900001526		
1957.4	1.347499967		0.003664			2314.3	99.900001526		
1957.9	1.347000003		0.0036573			2315.2	99.900001526		
1958.4	1.346699953		0.0036547			2316.2	99.900001526		
1958.9	1.346500039		0.0036521			2317.2	99.900001526		
1959.3	1.345800042		0.0036445			2318.1	99.900001526		
1959.8	1.346199989		0.00079536			2319.1	99.900001526		
1960.3	1.347900033		0.00081587			2320.1	99.900001526		
1960.8	1.347800016		0.0036631			2321	99.900001526		
1961.3	1.347900033		0.00081778			2322	99.900001526		
1961.7	1.34800005		0.0036654			2322.9	99.900001526		
1962.2	1.347800016		0.0008173			2323.9	99.900001526		
1962.7	1.348999977		0.00083303			2324.9	99.900001526		
1963.2	1.350299954		0.00084972			2325.8	99.900001526		
1963.7	1.350600004		0.0036912			2326.8	99.900001526		
1964.2	1.349799991		0.0036817			2327.8	99.900001526		
1964.6	1.349400043		0.0036762			2328.7	99.900001526		
1965.1	1.348700047		0.0036688			2329.7	99.900001526		
1965.6	1.349099994		0.00083542			2330.7	99.900001526		
1966.1	1.350800037		0.0008564			2331.6	99.900001526		
1966.6	1.351199985		0.0036943			2332.6	99.800003052		
1967.1	1.350399971		0.0036848			2333.6	99.900001526		
1967.5	1.349499941		0.0036755			2334.5	99.900001526		
1968	1.349699974		0.000844			2335.5	99.900001526		
1968.5	1.350999951		0.00085998			2336.4	99.800003052		
1969	1.352100015		0.00087214			2337.4	99.900001526		
1969.5	1.351699948		0.0036964			2338.4	99.800003052		
1969.9	1.351400018		0.00086355			2339.3	99.900001526		
1970.4	1.352300048		0.00087547			2340.3	99.900001526		
1970.9	1.353000045		0.00088477			2341.3	99.900001526		
1971.4	1.353700042		0.00089312			2342.2	99.900001526		
1971.9	1.354500055		0.00090122			2343.2	99.800003052		
1972.4	1.355700016		0.0009172			2344.2	99.699996948		
1972.8	1.355999947		0.0037327			2345.1	99.599998474		
1973.3	1.35529995		0.0037274			2346.1	99.699996948		
1973.8	1.355200052		0.003726			2347.1	99.800003052		
1974.3	1.355100036		0.0037239			2348	99.900001526		
1974.8	1.355100036		0.0037227			2349	99.900001526		
1975.3	1.355200052		0.0037241			2349.9	99.900001526		
1975.7	1.355200052		0.0037229			2350.9	99.900001526		
1976.2	1.355200052		0.0037227			2351.9	99.900001526		
1976.7	1.355100036		0.0037217			2352.8	99.900001526		
1977.2	1.354500055		0.0037155			2353.8	99.900001526		
1977.7	1.355000019		0.00090981			2354.8	99.900001526		
1978.1	1.356400013		0.00092578			2355.7	99.900001526		
1978.6	1.357499957		0.00093842			2356.7	99.800003052		
1979.1	1.358800054		0.00095415			2357.7	99.800003052		
1979.6	1.359300017		0.0037565			2358.6	99.900001526		
1980.1	1.358700037		0.0037518			2359.6	99.900001526		
1980.6	1.35860002		0.0037498			2360.6	99.800003052		
1981	1.358500004		0.0037477			2361.5	99.900001526		
1981.5	1.358399987		0.0037477			2362.5	99.900001526		
1982	1.357900023		0.0037422			2363.5	99.800003052		
1982.5	1.358399987		0.00094986			2364.4	99.800003052		
1983	1.359899998		0.00096607			2365.4	99.900001526		
1983.4	1.361299992		0.00098181			2366.3	99.900001526		
1983.9	1.361299992		0.0037684			2367.3	99.900001526		
1984.4	1.361400008		0.00098491			2368.3	99.900001526		
1984.9	1.363199949		0.0010028			2369.2	99.900001526		
1985.4	1.363800049		0.0037894			2370.2	99.900001526		
1985.9	1.363499999		0.0037861			2371.2	99.900001526		
1986.3	1.363600016		0.0037866			2372.1	99.900001526		
1986.8	1.363800049		0.0037875			2373.1	99.900001526		
1987.3	1.364099979		0.0037904			2374.1	99.900001526		
1987.8	1.364400029		0.0037928			2375	99.900001526		
1988.3	1.364799976		0.0037947			2376	99.900001526		
1988.8	1.365200043		0.0037959			2377	99.900001526		
1989.2	1.365700006		0.0038004			2377.9	99.900001526		
1989.7	1.36619997		0.0038042			2378.9	99.900001526		
1990.2	1.366700053		0.0038085			2379.8	99.900001526		
1990.7	1.367300034		0.0038118			2380.8	99.900001526		
1991.2	1.368100047		0.0038166			2381.8	99.900001526		
1991.6	1.368999958		0.0038223			2382.7	99.900001526		
1992.1	1.370399952		0.0038319			2383.7	99.900001526		
1992.6	1.371000051		0.0065966			2384.7	99.900001526		
1993.1	1.370800018		0.0065951			2385.6	99.900001526		
1993.6	1.371600032		0.0065966			2386.6	99.900001526		
1994.1	1.371700048		0.0093579			2387.6	99.900001526		
1994.5	1.371099949		0.0093541			2388.5	99.900001526		
1995	1.371000051		0.0093508			2389.5	99.900001526		
1995.5	1.371600032		0.0093517			2390.5	99.900001526		
1996	1.371299982		0.012112			2391.4	99.900001526		
1996.5	1.370200038		0.01211			2392.4	99.900001526		
1997	1.369500041		0.012105			2393.4	100		
1997.4	1.368800044		0.012103			2394.3	99.900001526		
1997.9	1.368100047		0.012098			2395.3	99.900001526		
1998.4	1.366899967		0.012094			2396.2	99.900001526		
1998.9	1.366400003		0.0093231			2397.2	99.900001526		
1999.4	1.366400003		0.0093198			2398.2	99.900001526		
1999.8	1.366799951		0.0065579			2399.1	99.900001526		
2000.3	1.367799997		0.0065622			2400.1	99.900001526		
2000.8	1.367799997		0.0065613			2401.1	99.900001526		
2001.3	1.368600011		0.0038097			2402	99.900001526		
2001.8	1.370200038		0.0038218			2403	99.900001526		
2002.3	1.371199965		0.0038278			2404	99.900001526		
2002.7	1.372099996		0.0038338			2404.9	99.900001526		
2003.2	1.372799993		0.0038397			2405.9	99.900001526		
2003.7	1.37349999		0.0038433			2406.9	100		
2004.2	1.373900056		0.0038447			2407.8	99.900001526		
2004.7	1.373999953		0.0038452			2408.8	99.900001526		
2005.1	1.375		0.0011182			2409.7	99.900001526		
2005.6	1.376899958		0.0011344			2410.7	99.900001526		
2006.1	1.378700018		0.0011497			2411.7	99.900001526		
2006.6	1.379199982		0.0038733			2412.6	99.900001526		
2007.1	1.379999995		0.0011573			2413.6	99.900001526		
2007.6	1.380800009		0.00388			2414.6	99.900001526		
2008	1.381399989		0.0011678			2415.5	99.900001526		
2008.5	1.383599997		0.0011837			2416.5	99.900001526		
2009	1.384699941		0.0038986			2417.5	99.900001526		
2009.5	1.384799957		0.0038984			2418.4	99.900001526		
2010	1.385400057		0.0038996			2419.4	99.900001526		
2010.5	1.386000037		0.0039015			2420.4	99.900001526		
2010.9	1.386700034		0.0039048			2421.3	99.900001526		
2011.4	1.387500048		0.0039077			2422.3	99.900001526		
2011.9	1.388299942		0.0039096			2423.2	99.900001526		
2012.4	1.389099956		0.003912			2424.2	99.900001526		
2012.9	1.389999986		0.0039144			2425.2	99.900001526		
2013.3	1.390799999		0.0039158			2426.1	99.900001526		
2013.8	1.391700029		0.0039201			2427.1	99.900001526		
2014.3	1.39260006		0.003922			2428.1	99.900001526		
2014.8	1.393599987		0.0039246			2429	99.900001526		
2015.3	1.394500017		0.0039277			2430	99.900001526		
2015.8	1.395499945		0.0039296			2431	99.900001526		
2016.2	1.396399975		0.0039306			2431.9	99.900001526		
2016.7	1.397400022		0.0039327			2432.9	99.900001526		
2017.2	1.398200035		0.0039339			2433.9	99.900001526		
2017.7	1.398800015		0.0039349			2434.8	99.900001526		
2018.2	1.400500059		0.0012712			2435.8	99.900001526		
2018.7	1.401800036		0.0039377			2436.8	100		
2019.1	1.402699947		0.0012796			2437.7	99.900001526		
2019.6	1.404899955		0.0012839			2438.7	100		
2020.1	1.406700015		0.0012889			2439.6	99.900001526		
2020.6	1.408400059		0.0012922			2440.6	99.900001526		
2021.1	1.4102		0.001296			2441.6	99.900001526		
2021.5	1.411900043		0.0012975			2442.5	100		
2022	1.413800001		0.0012999			2443.5	99.900001526		
2022.5	1.415599942		0.0013018			2444.5	99.900001526		
2023	1.417500019		0.0013022			2445.4	99.900001526		
2023.5	1.419499993		0.0013032			2446.4	100		
2024	1.421599984		0.0013022			2447.4	99.900001526		
2024.4	1.423699975		0.0013008			2448.3	99.900001526		
2024.9	1.425999999		0.001298			2449.3	99.900001526		
2025.4	1.428300023		0.001296			2450.3	99.900001526		
2025.9	1.430699944		0.0012913			2451.2	99.900001526		
2026.4	1.433300018		0.0012839			2452.2	99.900001526		
2026.8	1.43599999		0.0012765			2453.1	99.900001526		
2027.3	1.438899994		0.0012665			2454.1	99.900001526		
2027.8	1.442000031		0.0012538			2455.1	99.900001526		
2028.3	1.4454		0.0012383			2456	100		
2028.8	1.449399948		0.0012174			2457	99.900001526		
2029.3	1.452700019		0.003758			2458	99.900001526		
2029.7	1.455500007		0.0037336			2458.9	99.900001526		
2030.2	1.458899975		0.0037026			2459.9	100		
2030.7	1.462800026		0.003665			2460.9	99.900001526		
2031.2	1.467200041		0.0036206			2461.8	99.900001526		
2031.7	1.472100019		0.0035653			2462.8	99.900001526		
2032.2	1.477900028		0.0034926			2463.8	100		
2032.6	1.48360002		0.005928			2464.7	99.900001526		
2033.1	1.48969996		0.0058274			2465.7	100		
2033.6	1.496600032		0.0082026			2466.7	99.900001526		
2034.1	1.503299952		0.010551			2467.6	99.900001526		
2034.6	1.510800004		0.012855			2468.6	100		
2035	1.518000007		0.017607			2469.5	99.900001526		
2035.5	1.525699973		0.019836999			2470.5	99.900001526		
2036	1.534600019		0.024444999			2471.5	99.900001526		
2036.5	1.543300033		0.031466998			2472.4	99.900001526		
2037	1.551399946		0.038460001			2473.4	99.900001526		
2037.5	1.559900045		0.045378			2474.4	99.900001526		
2037.9	1.568400025		0.054696001			2475.3	99.900001526		
2038.4	1.576799989		0.063964002			2476.3	99.900001526		
2038.9	1.585000038		0.075664997			2477.3	99.900001526		
2039.4	1.592900038		0.087356001			2478.2	99.900001526		
2039.9	1.600600004		0.101510003			2479.2	99.900001526		
2040.4	1.606899977		0.118320003			2480.2	99.900001526		
2040.8	1.611400008		0.135389999			2481.1	100		
2041.3	1.614899993		0.152679995			2482.1	99.900001526		
2041.8	1.616600037		0.172920004			2483	99.900001526		
2042.3	1.61650002		0.191039994			2484	100		
2042.8	1.614199996		0.212339997			2485	99.900001526		
2043.2	1.610499978		0.228829995			2485.9	99.900001526		
2043.7	1.605900049		0.24842			2486.9	99.900001526		
2044.2	1.600900054		0.262879997			2487.9	99.900001526		
2044.7	1.59739995		0.280019999			2488.8	99.900001526		
2045.2	1.593000054		0.300359994			2489.8	99.900001526		
2045.7	1.586899996		0.321399987			2490.8	99.900001526		
2046.1	1.578099966		0.34630999			2491.7	100		
2046.6	1.565999985		0.369580001			2492.7	100		
2047.1	1.551200032		0.394050002			2493.7	99.900001526		
2047.6	1.531800032		0.420370013			2494.6	99.900001526		
2048.1	1.508000016		0.442389995			2495.6	99.900001526		
2048.6	1.480800033		0.462819993			2496.6	99.900001526		
2049	1.450799942		0.47815001			2497.5	99.900001526		
2049.5	1.418200016		0.491360009			2498.5	99.900001526		
2050	1.38440001		0.498540014			2499.4	99.900001526		
2050.5	1.348799944		0.502990007								
2051	1.3125		0.500660002								
2051.4	1.278300047		0.490319997								
2051.9	1.246700048		0.478729993								
2052.4	1.218400002		0.462080002								
2052.9	1.191499949		0.444489986								
2053.4	1.16960001		0.421279997								
2053.9	1.15139997		0.400279999								
2054.3	1.135599971		0.378320009								
2054.8	1.123299956		0.355190009								
2055.3	1.113600016		0.335020006								
2055.8	1.105700016		0.314300001								
2056.3	1.098799944		0.297039986								
2056.7	1.094099998		0.275599986								
2057.2	1.090299964		0.261390001								
2057.7	1.086599946		0.243499994								
2058.2	1.083999991		0.229120001								
2058.7	1.080199957		0.214939997								
2059.2	1.077399969		0.196960002								
2059.6	1.075600028		0.182559997								
2060.1	1.074000001		0.164570004								
2060.6	1.074599981		0.146489993								
2061.1	1.077100039		0.128460005								
2061.6	1.082000017		0.110519998								
2062.1	1.08829999		0.096298002								
2062.5	1.094799995		0.082307003								
2063	1.102499962		0.068544999								
2063.5	1.112400055		0.055052001								
2064	1.122200012		0.048457								
2064.5	1.131399989		0.038708001								
2064.9	1.141600013		0.032396								
2065.4	1.150200009		0.02936								
2065.9	1.158300042		0.023184								
2066.4	1.166599989		0.020246999								
2066.9	1.174000025		0.017324001								
2067.4	1.181100011		0.014427								
2067.8	1.188500047		0.011572								
2068.3	1.194900036		0.011768								
2068.8	1.200999975		0.0089116								
2069.3	1.20720005		0.0091031								
2069.8	1.212200046		0.0092516								
2070.3	1.216099977		0.0093646								
2070.7	1.220499992		0.0065088								
2071.2	1.225499988		0.006659								
2071.7	1.229799986		0.0067823								
2072.2	1.233500004		0.0068884								
2072.7	1.236999989		0.0069833								
2073.1	1.240100026		0.0070686								
2073.6	1.242900014		0.0071411								
2074.1	1.245100021		0.0071964								
2074.6	1.248000026		0.0043645								
2075.1	1.251799941		0.004467								
2075.6	1.254899979		0.0045505								
2076	1.257799983		0.0046263								
2076.5	1.260499954		0.0046947								
2077	1.263100028		0.0047598								
2077.5	1.265599966		0.0048184								
2078	1.26789999		0.0048778								
2078.4	1.270200014		0.004931								
2078.9	1.272500038		0.0049822								
2079.4	1.274600029		0.0050306								
2079.9	1.27670002		0.0050793								
2080.4	1.278800011		0.0051246								
2080.9	1.280799985		0.0051689								
2081.3	1.282799959		0.0052121								
2081.8	1.284800053		0.0052519								
2082.3	1.28670001		0.0052915								
2082.8	1.288699985		0.005331								
2083.3	1.290599942		0.0053701								
2083.8	1.292600036		0.0054069								
2084.2	1.294499993		0.005444								
2084.7	1.296599984		0.0054843								
2085.2	1.298699975		0.0055232								
2085.7	1.301100016		0.0055659								
2086.2	1.30400002		0.0056169								
2086.6	1.306200027		0.0084186								
2087.1	1.308099985		0.0084462								
2087.6	1.309700012		0.011229								
2088.1	1.311200023		0.011244								
2088.6	1.3125		0.014017								
2089.1	1.313799977		0.014025								
2089.5	1.315000057		0.016790001								
2090	1.316599965		0.016798001								
2090.5	1.317499995		0.02231								
2091	1.316400051		0.025064999								
2091.5	1.314599991		0.027825								
2092	1.311499953		0.030598								
2092.4	1.307199955		0.030598								
2092.9	1.303200006		0.027798001								
2093.4	1.300999999		0.022203								
2093.9	1.300999999		0.016628001								
2094.4	1.303200006		0.011106								
2094.8	1.306699991		0.0083957								
2095.3	1.309299946		0.0084329								
2095.8	1.31190002		0.0057271								
2096.3	1.314900041		0.0057755								
2096.8	1.317199945		0.0058103								
2097.3	1.319200039		0.0058389								
2097.7	1.32099998		0.0058661								
2098.2	1.322700024		0.0058866								
2098.7	1.324100018		0.0059075								
2099.2	1.325000048		0.0059187								
2099.7	1.326699972		0.0032392								
2100.1	1.329300046		0.0032792								
2100.6	1.331400037		0.0033102								
2101.1	1.333400011		0.0033379								
2101.6	1.335299969		0.0033643								
2102.1	1.337100029		0.0033894								
2102.6	1.338999987		0.0034142								
2103	1.340800047		0.0034375								
2103.5	1.342599988		0.0034614								
2104	1.344400048		0.0034823								
2104.5	1.346199989		0.0035033								
2105	1.34800005		0.0035253								
2105.5	1.349799991		0.0035453								
2105.9	1.351699948		0.0035653								
2106.4	1.353500009		0.0035868								
2106.9	1.355399966		0.0036039								
2107.4	1.35739994		0.0036237								
2107.9	1.359300017		0.0036416								
2108.3	1.361299992		0.0036602								
2108.8	1.363299966		0.0036788								
2109.3	1.365399957		0.0036957								
2109.8	1.367499948		0.0037117								
2110.3	1.369600058		0.0037289								
2110.8	1.371799946		0.0037441								
2111.2	1.373999953		0.0037594								
2111.7	1.376199961		0.0037727								
2112.2	1.378499985		0.003788								
2112.7	1.380800009		0.0038011								
2113.2	1.383200049		0.0038121								
2113.7	1.385400057		0.0038238								
2114.1	1.387400031		0.0038323								
2114.6	1.390300035		0.0012794								
2115.1	1.394000053		0.0012989								
2115.6	1.397500038		0.0013151								
2116.1	1.401000023		0.0013275								
2116.5	1.404500008		0.0013375								
2117	1.408100009		0.0013466								
2117.5	1.411800027		0.0013537								
2118	1.415699959		0.0013566								
2118.5	1.419800043		0.0013568								
2119	1.424299955		0.0013542								
2119.4	1.427800059		0.0038419								
2119.9	1.431499958		0.0013428								
2120.4	1.43659997		0.0013251								
2120.9	1.441699982		0.0013068								
2121.4	1.44690001		0.0012791								
2121.9	1.452499986		0.001246								
2122.3	1.458299994		0.0012035								
2122.8	1.46449995		0.0011523								
2123.3	1.471199989		0.0010874								
2123.8	1.478199959		0.0010102								
2124.3	1.485900044		0.00091529								
2124.7	1.494500041		0.00079489								
2125.2	1.502900004		0.0030327								
2125.7	1.511100054		0.0028758								
2126.2	1.520599961		0.0026822								
2126.7	1.531000018		0.0024462								
2127.2	1.542500019		0.0021646								
2127.6	1.555299997		0.0018182								
2128.1	1.569800019		0.001389								
2128.6	1.585199952		0.0031383								
2129.1	1.601899981		0.0025172								
2129.6	1.621700048		0.0017099								
2130	1.644199967		0.0028806								
2130.5	1.669399977		0.0037532								
2131	1.698899984		0.0041811								
2131.5	1.733899951		0.0060811								
2132	1.77579999		0.0090988								
2132.5	1.827399969		0.014653								
2132.9	1.891100049		0.027812								
2133.4	1.969300032		0.053029999								
2133.9	2.063199997		0.102779999								
2134.4	2.164700031		0.200519994								
2134.9	2.248600006		0.36796999								
2135.4	2.277800083		0.599059999								
2135.8	2.229099989		0.843909979								
2136.3	2.112799883		1.04279995								
2136.8	1.963700056		1.170799971								
2137.3	1.812999964		1.24940002								
2137.8	1.664199948		1.301699996								
2138.2	1.51849997		1.343899965								
2138.7	1.361799955		1.377400041								
2139.2	1.194900036		1.370800018								
2139.7	1.038599968		1.315899968								
2140.2	0.903829992		1.241700053								
2140.7	0.786970019		1.155400038								
2141.1	0.68866998		1.056200027								
2141.6	0.606410027		0.954490006								
2142.1	0.533200026		0.853070021								
2142.6	0.463160008		0.74229002								
2143.1	0.405880004		0.593140006								
2143.6	0.398680001		0.387389988								
2144	0.463230014		0.204789996								
2144.5	0.561010003		0.113240004								
2145	0.648639977		0.074965999								
2145.5	0.718490005		0.055181								
2146	0.773400009		0.047513999								
2146.4	0.817330003		0.040433001								
2146.9	0.853919983		0.037863001								
2147.4	0.884559989		0.035213001								
2147.9	0.909730017		0.036348								
2148.4	0.931140006		0.033449002								
2148.9	0.949620008		0.034249999								
2149.3	0.965510011		0.031238999								
2149.8	0.981360018		0.028314								
2150.3	0.995700002		0.028942								
2150.8	1.007200003		0.02942								
2151.3	1.018000007		0.026388999								
2151.7	1.028100014		0.026811								
2152.2	1.037700057		0.023801999								
2152.7	1.047000051		0.024194								
2153.2	1.054399967		0.024491001								
2153.7	1.06190002		0.021472								
2154.2	1.069499969		0.021785								
2154.6	1.075399995		0.022019001								
2155.1	1.081500053		0.019012								
2155.6	1.087700009		0.019262999								
2156.1	1.094200015		0.016321								
2156.6	1.099599957		0.019733001								
2157.1	1.104099989		0.016726								
2157.5	1.109400034		0.01694								
2158	1.113899946		0.017111								
2158.5	1.11740005		0.017244								
2159	1.121700048		0.014286								
2159.5	1.126600027		0.014481								
2159.9	1.130800009		0.014642								
2160.4	1.134600043		0.014787								
2160.9	1.138100028		0.014918								
2161.4	1.14139998		0.015037								
2161.9	1.144500017		0.015147								
2162.4	1.147500038		0.015248								
2162.8	1.150200009		0.015344								
2163.3	1.152799964		0.015433								
2163.8	1.155300021		0.015513								
2164.3	1.157500029		0.015588								
2164.8	1.159600019		0.015655								
2165.3	1.161499977		0.015711								
2165.7	1.162700057		0.015749								
2166.2	1.164899945		0.012827								
2166.7	1.167899966		0.012932								
2167.2	1.170300007		0.013012								
2167.7	1.172600031		0.013085								
2168.1	1.174600005		0.013152								
2168.6	1.176599979		0.013212								
2169.1	1.17840004		0.01327								
2169.6	1.180199981		0.013326								
2170.1	1.181900024		0.013377								
2170.6	1.183500051		0.013426								
2171	1.184999943		0.013471								
2171.5	1.18659997		0.013515								
2172	1.187999964		0.013558								
2172.5	1.189399958		0.013599								
2173	1.190799952		0.013637								
2173.5	1.192100048		0.013674								
2173.9	1.193300009		0.01371								
2174.4	1.194599986		0.013742								
2174.9	1.195799947		0.013775								
2175.4	1.19690001		0.013805								
2175.9	1.197999954		0.013835								
2176.3	1.199100018		0.013863								
2176.8	1.200099945		0.01389								
2177.3	1.201099992		0.013915								
2177.8	1.202100039		0.01394								
2178.3	1.202999949		0.013963								
2178.8	1.20389998		0.013984								
2179.2	1.204699993		0.014003								
2179.7	1.205500007		0.014021								
2180.2	1.205899954		0.014028								
2180.7	1.207599998		0.011209								
2181.2	1.209300041		0.014117								
2181.6	1.209599972		0.014122								
2182.1	1.210199952		0.014131								
2182.6	1.210800052		0.014145								
2183.1	1.211300015		0.014158								
2183.6	1.211899996		0.014166								
2184.1	1.212299943		0.014174								
2184.5	1.212200046		0.014169								
2185	1.213199973		0.011346								
2185.5	1.215199947		0.011401								
2186	1.217100024		0.011455								
2186.5	1.217900038		0.014309								
2187	1.217800021		0.0143								
2187.4	1.218000054		0.014302								
2187.9	1.218400002		0.014307								
2188.4	1.218700051		0.014311								
2188.9	1.218999982		0.014315								
2189.4	1.219300032		0.014318								
2189.8	1.219400048		0.014318								
2190.3	1.219099998		0.014306								
2190.8	1.219799995		0.011496								
2191.3	1.221699953		0.011546								
2191.8	1.221699953		0.014364								
2192.3	1.221600056		0.011539								
2192.7	1.222800016		0.011568								
2193.2	1.22360003		0.011588								
2193.7	1.224300027		0.011604								
2194.2	1.225000024		0.011618								
2194.7	1.225600004		0.011631								
2195.2	1.226099968		0.011643								
2195.6	1.226699948		0.011656								
2196.1	1.227200031		0.011666								
2196.6	1.227699995		0.011677								
2197.1	1.228199959		0.011687								
2197.6	1.228600025		0.011696								
2198	1.229099989		0.011706								
2198.5	1.229500055		0.011714								
2199	1.230000019		0.011721								
2199.5	1.230399966		0.01173								
2200	1.230800033		0.011738								
2200.5	1.23119998		0.011746								
2200.9	1.231600046		0.011752								
2201.4	1.231999993		0.011759								
2201.9	1.23239994		0.011766								
2202.4	1.23269999		0.011772								
2202.9	1.233100057		0.011777								
2203.3	1.233399987		0.011783								
2203.8	1.233800054		0.011788								
2204.3	1.234099984		0.011793								
2204.8	1.234400034		0.011799								
2205.3	1.234699965		0.011804								
2205.8	1.235000014		0.011809								
2206.2	1.235299945		0.011812								
2206.7	1.235599995		0.011816								
2207.2	1.235800028		0.011819								
2207.7	1.236099958		0.011823								
2208.2	1.236400008		0.011827								
2208.7	1.236600041		0.011828								
2209.1	1.236799955		0.011831								
2209.6	1.236999989		0.011833								
2210.1	1.237200022		0.011835								
2210.6	1.237400055		0.011836								
2211.1	1.237499952		0.011837								
2211.5	1.237599969		0.011836								
2212	1.237699986		0.011833								
2212.5	1.237599969		0.011829								
2213	1.237300038		0.011816								
2213.5	1.238100052		0.0090837								
2214	1.238800049		0.011849								
2214.4	1.237699986		0.011818								
2214.9	1.237900019		0.0090692								
2215.4	1.238899946		0.0090952								
2215.9	1.239500046		0.0091109								
2216.4	1.24000001		0.0091214								
2216.9	1.240399957		0.0091305								
2217.3	1.240800023		0.0091381								
2217.8	1.24119997		0.0091445								
2218.3	1.24150002		0.0091515								
2218.8	1.241799951		0.0091574								
2219.3	1.2421		0.0091622								
2219.7	1.242300034		0.0091658								
2220.2	1.242599964		0.0091705								
2220.7	1.242799997		0.0091739								
2221.2	1.243100047		0.0091786								
2221.7	1.243299961		0.0091805								
2222.2	1.243499994		0.0091853								
2222.6	1.243700027		0.0091867								
2223.1	1.243899941		0.0091891								
2223.6	1.244099975		0.009192								
2224.1	1.244199991		0.0091929								
2224.6	1.244400024		0.0091934								
2225	1.244500041		0.0091958								
2225.5	1.244600058		0.0091963								
2226	1.244699955		0.0091956								
2226.5	1.244799972		0.0091951								
2227	1.244799972		0.0091929								
2227.5	1.244699955		0.0091877								
2227.9	1.244500041		0.0091801								
2228.4	1.243899941		0.0091588								
2228.9	1.244199991		0.0064483								
2229.4	1.245300055		0.0064795								
2229.9	1.246000051		0.0064983								
2230.4	1.246600032		0.0065157								
2230.8	1.247400045		0.0065355								
2231.3	1.246899962		0.0092235								
2231.8	1.246399999		0.0065017								
2232.3	1.247099996		0.0065207								
2232.8	1.247499943		0.0065298								
2233.2	1.247799993		0.0065365								
2233.7	1.248100042		0.0065446								
2234.2	1.248399973		0.0065489								
2234.7	1.248600006		0.0065536								
2235.2	1.248800039		0.0065577								
2235.7	1.248999953		0.006562								
2236.1	1.249199986		0.0065656								
2236.6	1.24940002		0.0065694								
2237.1	1.249600053		0.0065703								
2237.6	1.249799967		0.0065737								
2238.1	1.249899983		0.0065751								
2238.6	1.25		0.006578								
2239	1.250200033		0.0065801								
2239.5	1.25030005		0.0065808								
2240	1.250399947		0.0065794								
2240.5	1.250399947		0.0065799								
2241	1.250399947		0.0065799								
2241.4	1.250399947		0.006577								
2241.9	1.25030005		0.0065722								
2242.4	1.250100017		0.0065632								
2242.9	1.249500036		0.0065422								
2243.4	1.24969995		0.0038648								
2243.9	1.250699997		0.0038948								
2244.3	1.251299977		0.0039132								
2244.8	1.251799941		0.0039253								
2245.3	1.252200007		0.003937								
2245.8	1.252500057		0.0039449								
2246.3	1.252799988		0.0039518								
2246.7	1.253100038		0.0039601								
2247.2	1.253399968		0.0039651								
2247.7	1.253600001		0.0039706								
2248.2	1.253800035		0.0039771								
2248.7	1.254099965		0.003983								
2249.2	1.254299998		0.003988								
2249.6	1.254500031		0.003993								
2250.1	1.254699945		0.0039973								
2250.6	1.254899979		0.0040011								
2251.1	1.255100012		0.0040059								
2251.6	1.255300045		0.0040097								
2252.1	1.255499959		0.004014								
2252.5	1.255599976		0.0040169								
2253	1.255800009		0.0040216								
2253.5	1.256000042		0.0040243								
2254	1.256100059		0.0040278								
2254.5	1.256299973		0.0040309								
2254.9	1.256399989		0.0040343								
2255.4	1.256600022		0.0040364								
2255.9	1.256700039		0.0040402								
2256.4	1.256800056		0.0040421								
2256.9	1.256899953		0.0040436								
2257.4	1.256999969		0.0040457								
2257.8	1.257099986		0.0040462								
2258.3	1.257200003		0.0040464								
2258.8	1.257300019		0.0040474								
2259.3	1.257200003		0.004045								
2259.8	1.256899953		0.0040338								
2260.3	1.257799983		0.0014186								
2260.7	1.258700013		0.0040846								
2261.2	1.258299947		0.0040722								
2261.7	1.258200049		0.0040662								
2262.2	1.258000016		0.0040603								
2262.7	1.25759995		0.004045								
2263.1	1.258299947		0.0014291								
2263.6	1.258700013		0.0040777								
2264.1	1.259199977		0.0014544								
2264.6	1.259799957		0.004107								
2265.1	1.259299994		0.0040879								
2265.6	1.258900046		0.0040777								
2266	1.258399963		0.0040588								
2266.5	1.258999944		0.0014458								
2267	1.259600043		0.0040908								
2267.5	1.258399963		0.0040574								
2268	1.25849998		0.0014272								
2268.5	1.259500027		0.0014572								
2268.9	1.260100007		0.0014772								
2269.4	1.260900021		0.0014992								
2269.9	1.260400057		0.004108								
2270.4	1.259799957		0.0014648								
2270.9	1.260499954		0.0014842								
2271.3	1.260900021		0.0014977								
2271.8	1.261199951		0.0015049								
2272.3	1.261500001		0.0015135								
2272.8	1.261800051		0.0015216								
2273.3	1.262199998		0.0015311								
2273.8	1.262799978		0.0015492								
2274.2	1.262099981		0.0041447								
2274.7	1.261500001		0.0015082								
2275.2	1.262099981		0.0015268								
2275.7	1.262400031		0.0015361								
2276.2	1.262599945		0.0015407								
2276.6	1.262799978		0.0015473								
2277.1	1.263000011		0.0015526								
2277.6	1.263200045		0.0015564								
2278.1	1.263399959		0.0015607								
2278.6	1.263499975		0.0015655								
2279.1	1.263700008		0.0015683								
2279.5	1.263800025		0.0015736								
2280	1.264000058		0.0015767								
2280.5	1.264099956		0.0015805								
2281	1.264299989		0.0015836								
2281.5	1.264400005		0.0015872								
2282	1.264600039		0.0015917								
2282.4	1.264700055		0.001595								
2282.9	1.264799953		0.0015988								
2283.4	1.264999986		0.0016022								
2283.9	1.265100002		0.0016038								
2284.4	1.265200019		0.0016074								
2284.8	1.265400052		0.0016103								
2285.3	1.265499949		0.0016136								
2285.8	1.265599966		0.0016174								
2286.3	1.265699983		0.0016193								
2286.8	1.265900016		0.0016227								
2287.3	1.266000032		0.0016255								
2287.7	1.266100049		0.0016291								
2288.2	1.266199946		0.0016313								
2288.7	1.266299963		0.0016334								
2289.2	1.266499996		0.0016358								
2289.7	1.266600013		0.0016398								
2290.2	1.266700029		0.0016422								
2290.6	1.266800046		0.0016456								
2291.1	1.266899943		0.0016465								
2291.6	1.26699996		0.0016494								
2292.1	1.267099977		0.0016527								
2292.6	1.26730001		0.0016546								
2293	1.267400026		0.0016577								
2293.5	1.267500043		0.0016608								
2294	1.26760006		0.0016639								
2294.5	1.267699957		0.0016646								
2295	1.267799973		0.001668								
2295.5	1.26789999		0.0016692								
2295.9	1.268000007		0.0016718								
2296.4	1.268100023		0.0016742								
2296.9	1.26820004		0.0016782								
2297.4	1.268300056		0.0016801								
2297.9	1.268399954		0.0016809								
2298.4	1.26849997		0.0016837								
2298.8	1.268599987		0.0016861								
2299.3	1.268700004		0.0016885								
2299.8	1.26880002		0.0016909								
2300.3	1.268900037		0.0016937								
2300.8	1.269000053		0.0016942								
2301.2	1.269099951		0.0016973								
2301.7	1.269199967		0.0016987								
2302.2	1.269299984		0.0017016								
2302.7	1.269400001		0.0017037								
2303.2	1.269500017		0.0017047								
2303.7	1.269600034		0.0017073								
2304.1	1.26970005		0.0017095								
2304.6	1.269799948		0.0017126								
2305.1	1.269899964		0.0017126								
2305.6	1.269999981		0.0017154								
2306.1	1.270099998		0.0017178								
2306.5	1.270099998		0.001719								
2307	1.270200014		0.0017231								
2307.5	1.270300031		0.0017235								
2308	1.270400047		0.0017259								
2308.5	1.270499945		0.0017281								
2309	1.270599961		0.0017309								
2309.4	1.270699978		0.0017323								
2309.9	1.270799994		0.0017323								
2310.4	1.270900011		0.0017369								
2310.9	1.271000028		0.0017378								
2311.4	1.271000028		0.00174								
2311.9	1.271100044		0.0017414								
2312.3	1.271199942		0.0017438								
2312.8	1.271299958		0.0017457								
2313.3	1.271399975		0.0017476								
2313.8	1.271499991		0.0017505								
2314.3	1.271600008		0.0017509								
2314.7	1.271700025		0.0017514								
2315.2	1.271800041		0.0017552								
2315.7	1.271800041		0.0017576								
2316.2	1.271900058		0.0017598								
2316.7	1.271999955		0.001761								
2317.2	1.272099972		0.0017622								
2317.6	1.272199988		0.0017641								
2318.1	1.272300005		0.0017664								
2318.6	1.272400022		0.0017681								
2319.1	1.272500038		0.001771								
2319.6	1.272600055		0.0017719								
2320.1	1.272699952		0.0017741								
2320.5	1.272799969		0.001776								
2321	1.272899985		0.0017791								
2321.5	1.273000002		0.0017815								
2322	1.273100019		0.0017843								
2322.5	1.273200035		0.0017869								
2322.9	1.273300052		0.0017891								
2323.4	1.273499966		0.0017934								
2323.9	1.273699999		0.0017974								
2324.4	1.273900032		0.0018039								
2324.9	1.274399996		0.0018189								
2325.4	1.273800015		0.004334								
2325.8	1.273100019		0.001781								
2326.3	1.273800015		0.0017991								
2326.8	1.274500012		0.0018172								
2327.3	1.273900032		0.004333								
2327.8	1.273300052		0.0017827								
2328.2	1.274000049		0.001801								
2328.7	1.274700046		0.0018206								
2329.2	1.274099946		0.004333								
2329.7	1.273599982		0.0017867								
2330.2	1.274299979		0.0018082								
2330.7	1.274999976		0.0018272								
2331.1	1.274500012		0.0043383								
2331.6	1.274099946		0.0017996								
2332.1	1.275200009		0.0018306								
2332.6	1.275099993		0.0043504								
2333.1	1.273699999		0.0043135								
2333.6	1.273599982		0.0017824								
2334	1.274500012		0.0018077								
2334.5	1.275300026		0.0018296								
2335	1.274799943		0.0043371								
2335.5	1.274399996		0.0018024								
2336	1.275400043		0.0018311								
2336.4	1.274999976		0.0043406								
2336.9	1.274700046		0.0018101								
2337.4	1.275900006		0.0018415								
2337.9	1.27579999		0.0043578								
2338.4	1.274500012		0.0043216								
2338.9	1.274500012		0.0018036								
2339.3	1.275699973		0.0018356								
2339.8	1.275400043		0.0043421								
2340.3	1.275099993		0.001816								
2340.8	1.276000023		0.0018408								
2341.3	1.276900053		0.0018678								
2341.8	1.276800036		0.0043736								
2342.2	1.277099967		0.0018697								
2342.7	1.277799964		0.0043998								
2343.2	1.277899981		0.0044005								
2343.7	1.277500033		0.0068994								
2344.2	1.27639997		0.0068719								
2344.6	1.276100039		0.0068617								
2345.1	1.274600029		0.0093412								
2345.6	1.273100019		0.0067825								
2346.1	1.272600055		0.0067692								
2346.6	1.271499991		0.0067375								
2347.1	1.270599961		0.0041938								
2347.5	1.271399975		0.0017004								
2348	1.272600055		0.0017343								
2348.5	1.273200035		0.0017519								
2349	1.273699999		0.0017643								
2349.5	1.274000049		0.0017736								
2349.9	1.274299979		0.0017803								
2350.4	1.274500012		0.0017855								
2350.9	1.274700046		0.001792								
2351.4	1.27489996		0.0017965								
2351.9	1.275099993		0.001802								
2352.4	1.275300026		0.0018051								
2352.8	1.275500059		0.0018096								
2353.3	1.275699973		0.0018151								
2353.8	1.27579999		0.0018194								
2354.3	1.276100039		0.0018253								
2354.8	1.276299953		0.001832								
2355.3	1.27670002		0.0018415								
2355.7	1.277400017		0.0018618								
2356.2	1.277199984		0.0043519								
2356.7	1.276000023		0.0043161								
2357.2	1.276299953		0.0018277								
2357.7	1.276600003		0.0043325								
2358.1	1.275500059		0.0042996								
2358.6	1.27579999		0.001812								
2359.1	1.27579999		0.004307								
2359.6	1.275599957		0.0018063								
2360.1	1.276900053		0.0018413								
2360.6	1.276900053		0.0043311								
2361	1.275699973		0.0042987								
2361.5	1.276000023		0.0018139								
2362	1.276100039		0.004308								
2362.5	1.276299953		0.0018213								
2363	1.276600003		0.0043182								
2363.5	1.275500059		0.0042875								
2363.9	1.275900006		0.0018075								
2364.4	1.276200056		0.0043061								
2364.9	1.275099993		0.0042739								
2365.4	1.275400043		0.0017896								
2365.9	1.275300026		0.0042758								
2366.3	1.274799943		0.0017743								
2366.8	1.275500059		0.0017924								
2367.3	1.27579999		0.0018013								
2367.8	1.276100039		0.0018075								
2368.3	1.276299953		0.0018129								
2368.8	1.276600003		0.001821								
2369.2	1.277099967		0.001833								
2369.7	1.27639997		0.0042961								
2370.2	1.275699973		0.0017939								
2370.7	1.276200056		0.0018058								
2371.2	1.27639997		0.0018125								
2371.6	1.276499987		0.0018163								
2372.1	1.276600003		0.0018172								
2372.6	1.27670002		0.001821								
2373.1	1.276800036		0.0018229								
2373.6	1.276900053		0.0018234								
2374.1	1.27699995		0.0018253								
2374.5	1.27699995		0.0018268								
2375	1.277099967		0.0018287								
2375.5	1.277199984		0.0018291								
2376	1.277199984		0.0018296								
2376.5	1.2773		0.0018311								
2377	1.2773		0.0018315								
2377.4	1.277400017		0.001833								
2377.9	1.277500033		0.0018339								
2378.4	1.277500033		0.0018339								
2378.9	1.27760005		0.0018346								
2379.4	1.27760005		0.0018363								
2379.8	1.277699947		0.0018377								
2380.3	1.277699947		0.0018375								
2380.8	1.277799964		0.0018389								
2381.3	1.277799964		0.0018406								
2381.8	1.277799964		0.0018401								
2382.3	1.277899981		0.0018408								
2382.7	1.277899981		0.0018425								
2383.2	1.277999997		0.0018425								
2383.7	1.277999997		0.0018437								
2384.2	1.278100014		0.0018435								
2384.7	1.278100014		0.0018444								
2385.2	1.278100014		0.0018449								
2385.6	1.27820003		0.0018454								
2386.1	1.27820003		0.0018461								
2386.6	1.278300047		0.0018458								
2387.1	1.278300047		0.0018458								
2387.6	1.278300047		0.0018468								
2388	1.278399944		0.001847								
2388.5	1.278399944		0.0018482								
2389	1.278399944		0.0018477								
2389.5	1.278499961		0.0018487								
2390	1.278499961		0.0018492								
2390.5	1.278499961		0.0018477								
2390.9	1.278499961		0.0018487								
2391.4	1.278499961		0.0018466								
2391.9	1.278499961		0.0018473								
2392.4	1.278399944		0.0018435								
2392.9	1.278100014		0.001833								
2393.4	1.278900027		0								
2393.8	1.279700041		0.0018768								
2394.3	1.279299974		0.0018678								
2394.8	1.279199958		0.001864								
2395.3	1.279199958		0.001862								
2395.8	1.279199958		0.0018613								
2396.2	1.279199958		0.0018606								
2396.7	1.279199958		0.0018604								
2397.2	1.279199958		0.0018611								
2397.7	1.279299974		0.0018606								
2398.2	1.279299974		0.0018611								
2398.7	1.279299974		0.0018616								
2399.1	1.279299974		0.001862								
2399.6	1.279399991		0.0018616								
2400.1	1.279399991		0.0018611								
2400.6	1.279399991		0.001862								
2401.1	1.279399991		0.0018611								
2401.5	1.279500008		0.001862								
2402	1.279500008		0.0018623								
2402.5	1.279500008		0.0018623								
2403	1.279500008		0.0018623								
2403.5	1.279600024		0.0018609								
2404	1.279600024		0.001862								
2404.4	1.279600024		0.0018611								
2404.9	1.279600024		0.0018599								
2405.4	1.279500008		0.0018592								
2405.9	1.279399991		0.0018549								
2406.4	1.279099941		0.0018449								
2406.9	1.279899955		0								
2407.3	1.280699968		0.0018902								
2407.8	1.280300021		0.0018792								
2408.3	1.280200005		0.0018759								
2408.8	1.280200005		0.001874								
2409.3	1.280200005		0.0018721								
2409.7	1.280200005		0.0018718								
2410.2	1.280200005		0.0018728								
2410.7	1.280200005		0.0018716								
2411.2	1.280200005		0.0018706								
2411.7	1.280200005		0.0018713								
2412.2	1.280300021		0.0018713								
2412.6	1.280300021		0.0018716								
2413.1	1.280300021		0.0018702								
2413.6	1.280300021		0.0018711								
2414.1	1.280300021		0.0018716								
2414.6	1.280400038		0.0018723								
2415.1	1.280400038		0.0018713								
2415.5	1.280400038		0.0018711								
2416	1.280400038		0.0018723								
2416.5	1.280500054		0.0018711								
2417	1.280500054		0.0018716								
2417.5	1.280500054		0.0018716								
2417.9	1.280500054		0.0018716								
2418.4	1.280599952		0.001873								
2418.9	1.280599952		0.0018716								
2419.4	1.280599952		0.0018725								
2419.9	1.280599952		0.0018733								
2420.4	1.280699968		0.001873								
2420.8	1.280699968		0.0018723								
2421.3	1.280699968		0.0018725								
2421.8	1.280699968		0.0018725								
2422.3	1.280699968		0.0018721								
2422.8	1.280799985		0.001873								
2423.2	1.280799985		0.001873								
2423.7	1.280799985		0.0018721								
2424.2	1.280799985		0.0018711								
2424.7	1.280799985		0.0018721								
2425.2	1.280900002		0.0018725								
2425.7	1.280900002		0.0018723								
2426.1	1.280900002		0.001873								
2426.6	1.280900002		0.0018723								
2427.1	1.280900002		0.0018716								
2427.6	1.281000018		0.0018735								
2428.1	1.281000018		0.0018723								
2428.6	1.281000018		0.0018723								
2429	1.281000018		0.0018706								
2429.5	1.281000018		0.0018713								
2430	1.281000018		0.0018723								
2430.5	1.281000018		0.0018702								
2431	1.281000018		0.0018711								
2431.4	1.281100035		0.0018713								
2431.9	1.281100035		0.0018699								
2432.4	1.281100035		0.0018692								
2432.9	1.281100035		0.0018687								
2433.4	1.281100035		0.0018687								
2433.9	1.281000018		0.0018678								
2434.3	1.281000018		0.0018668								
2434.8	1.281000018		0.001864								
2435.3	1.280900002		0.0018606								
2435.8	1.280799985		0.0018559								
2436.3	1.280400038		0.0018444								
2436.8	1.281100035		0								
2437.2	1.281700015		0.0018835								
2437.7	1.281200051		0.0018666								
2438.2	1.280500054		0.001847								
2438.7	1.280900002		0								
2439.2	1.282400012		0								
2439.6	1.282699943		0.0019069								
2440.1	1.282099962		0.0018911								
2440.6	1.281900048		0.0018845								
2441.1	1.281700015		0.001878								
2441.6	1.281499982		0.0018728								
2442.1	1.281100035		0.0018587								
2442.5	1.281900048		0								
2443	1.282600045		0.0019007								
2443.5	1.282099962		0.0018878								
2444	1.281999946		0.0018816								
2444.5	1.281800032		0.0018773								
2444.9	1.281700015		0.001873								
2445.4	1.281499982		0.0018663								
2445.9	1.281000018		0.0018506								
2446.4	1.281399965		0								
2446.9	1.282899976		0								
2447.4	1.283200026		0.0019138								
2447.8	1.282699943		0.0018978								
2448.3	1.282500029		0.0018919								
2448.8	1.282400012		0.0018899								
2449.3	1.282299995		0.0018859								
2449.8	1.282299995		0.0018849								
2450.3	1.282299995		0.0018833								
2450.7	1.282199979		0.0018816								
2451.2	1.282199979		0.0018806								
2451.7	1.282199979		0.0018778								
2452.2	1.282099962		0.0018764								
2452.7	1.282099962		0.0018749								
2453.1	1.281999946		0.001873								
2453.6	1.281999946		0.0018699								
2454.1	1.281900048		0.0018675								
2454.6	1.281700015		0.0018613								
2455.1	1.281200051		0.0018456								
2455.6	1.281499982		0								
2456	1.282999992		0								
2456.5	1.283400059		0.0019064								
2457	1.282799959		0.0018907								
2457.5	1.282600045		0.0018847								
2458	1.282400012		0.0018792								
2458.5	1.282299995		0.001874								
2458.9	1.281999946		0.0018663								
2459.4	1.281499982		0.0018501								
2459.9	1.281900048		0								
2460.4	1.283300042		0								
2460.9	1.283699989		0.0019109								
2461.3	1.283100009		0.001895								
2461.8	1.282899976		0.0018878								
2462.3	1.282699943		0.0018799								
2462.8	1.282500029		0.0018742								
2463.3	1.281999946		0.0018606								
2463.8	1.282699943		0								
2464.2	1.283300042		0.0018983								
2464.7	1.282799959		0.0018809								
2465.2	1.282199979		0.0018656								
2465.7	1.282899976		0								
2466.2	1.283499956		0.0019								
2466.7	1.282999992		0.0018854								
2467.1	1.282699943		0.0018744								
2467.6	1.282099962		0.0018563								
2468.1	1.282400012		0								
2468.6	1.283900023		0								
2469.1	1.284199953		0.0019166								
2469.5	1.283699989		0.0019007								
2470	1.283499956		0.001895								
2470.5	1.283400059		0.0018909								
2471	1.283300042		0.0018873								
2471.5	1.283200026		0.0018845								
2472	1.283100009		0.0018826								
2472.4	1.283100009		0.0018811								
2472.9	1.282999992		0.0018783								
2473.4	1.282899976		0.0018754								
2473.9	1.282799959		0.0018699								
2474.4	1.282400012		0.0018578								
2474.9	1.283100009		0								
2475.3	1.283800006		0.0018978								
2475.8	1.283400059		0.0018873								
2476.3	1.283300042		0.0018816								
2476.8	1.283200026		0.0018787								
2477.3	1.283100009		0.0018747								
2477.7	1.282999992		0.0018716								
2478.2	1.282999992		0.0018692								
2478.7	1.282899976		0.0018678								
2479.2	1.282699943		0.001863								
2479.7	1.282500029		0.0018554								
2480.2	1.281999946		0.0018396								
2480.6	1.282299995		0								
2481.1	1.283699989		0								
2481.6	1.284000039		0.0018969								
2482.1	1.283400059		0.0018778								
2482.6	1.282899976		0.0018647								
2483	1.282299995		0.0018442								
2483.5	1.282500029		0								
2484	1.283499956		0								
2484.5	1.284600019		0								
2485	1.284800053		0.001915								
2485.5	1.284199953		0.0018969								
2485.9	1.283900023		0.0018892								
2486.4	1.283800006		0.0018849								
2486.9	1.283599973		0.0018802								
2487.4	1.283499956		0.0018764								
2487.9	1.283400059		0.0018735								
2488.4	1.283300042		0.0018697								
2488.8	1.283200026		0.0018668								
2489.3	1.283100009		0.0018611								
2489.8	1.282899976		0.0018554								
2490.3	1.282600045		0.0018466								
2490.8	1.281999946		0.0018303								
2491.2	1.282199979		0								
2491.7	1.283200026		0								
2492.2	1.283900023		0								
2492.7	1.28489995		0								
2493.2	1.284999967		0.0019116								
2493.7	1.28429997		0.0018926								
2494.1	1.284000039		0.001884								
2494.6	1.283900023		0.0018773								
2495.1	1.283699989		0.0018735								
2495.6	1.283599973		0.0018694								
2496.1	1.283499956		0.0018656								
2496.6	1.283400059		0.0018616								
2497	1.283300042		0.0018578								
2497.5	1.283200026		0.0018542								
2498	1.282999992		0.0018497								
2498.5	1.282799959		0.0018439								
2499	1.282600045		0.001837								
2499.4	1.282199979		0.0018229								
2499.9	1.281900048		0.0018163								