Reference:	"Hudgins et al. (1993)"
DOI:	"doi:https://doi.org/10.1086/191796"
Sample Type:	"Ice"
Composition:	"CO:OCS (20:1)"
Temperature:	"25K"
OCdb page:	"https://ocdb.smce.nasa.gov/dataset/104"
n₁ Error Units:	Not Applicable
k₁ Error Units:	Not Applicable
T₁ Error Units:	Not Applicable

"Wavenumber (cm⁻¹)"	"n₁"	"Dn₁  (+/-)"	"k₁"	"Dk₁  (+/-)"		"Wavenumber (cm⁻¹)"	"T₁"	"DT₁  (+/-)"	
1600.1	1.3203		0.00389			1600.1	99.900001526		
1600.6	1.3208		0.000336			1601	99.900001526		
1601	1.321		0.003898			1601.5	99.900001526		
1601.5	1.3199		0.003886			1602.5	99.900001526		
1602	1.3194		0.003879			1603.4	99.900001526		
1602.5	1.319		0.003872			1604.4	99.900001526		
1603	1.3187		0.003867			1605.4	99.900001526		
1603.4	1.3185		0.003864			1606.3	99.900001526		
1603.9	1.3183		0.00386			1607.3	99.900001526		
1604.4	1.3181		0.003857			1608.3	99.900001526		
1604.9	1.318		0.003854			1609.2	99.900001526		
1605.4	1.3179		0.003851			1610.2	100		
1605.9	1.3177		0.003849			1611.2	99.900001526		
1606.3	1.3176		0.003847			1612.1	99.900001526		
1606.8	1.3175		0.003844			1613.1	99.900001526		
1607.3	1.3174		0.003844			1614.1	99.900001526		
1607.8	1.3173		0.003841			1615	99.900001526		
1608.3	1.3171		0.003836			1616	99.900001526		
1608.7	1.317		0.003832			1616.9	99.900001526		
1609.2	1.3167		0.003829			1617.9	99.900001526		
1609.7	1.3161		0.003821			1618.9	99.900001526		
1610.2	1.3172		0.000284			1619.8	99.900001526		
1610.7	1.3183		0.003847			1620.8	99.900001526		
1611.2	1.3176		0.003838			1621.8	99.900001526		
1611.6	1.3174		0.003836			1622.7	99.900001526		
1612.1	1.3173		0.003831			1623.7	99.900001526		
1612.6	1.3172		0.003828			1624.7	99.900001526		
1613.1	1.3171		0.003826			1625.6	99.900001526		
1613.6	1.317		0.003824			1626.6	99.900001526		
1614.1	1.317		0.003823			1627.6	99.900001526		
1614.5	1.3169		0.003821			1628.5	99.900001526		
1615	1.3168		0.003821			1629.5	99.900001526		
1615.5	1.3168		0.003818			1630.4	99.900001526		
1616	1.3168		0.003815			1631.4	99.900001526		
1616.5	1.3167		0.003815			1632.4	99.900001526		
1616.9	1.3167		0.003812			1633.3	99.900001526		
1617.4	1.3167		0.003811			1634.3	99.900001526		
1617.9	1.3166		0.003809			1635.3	99.900001526		
1618.4	1.3166		0.003809			1636.2	99.900001526		
1618.9	1.3166		0.003809			1637.2	99.900001526		
1619.4	1.3165		0.003805			1638.2	99.900001526		
1619.8	1.3165		0.003804			1639.1	99.900001526		
1620.3	1.3165		0.003804			1640.1	99.900001526		
1620.8	1.3164		0.003803			1641.1	99.900001526		
1621.3	1.3164		0.003802			1642	99.900001526		
1621.8	1.3164		0.0038			1643	99.900001526		
1622.3	1.3164		0.003798			1644	99.900001526		
1622.7	1.3163		0.003796			1644.9	99.900001526		
1623.2	1.3163		0.003795			1645.9	99.900001526		
1623.7	1.3163		0.003795			1646.8	99.900001526		
1624.2	1.3163		0.003794			1647.8	99.900001526		
1624.7	1.3162		0.003792			1648.8	99.900001526		
1625.1	1.3162		0.003791			1649.7	99.900001526		
1625.6	1.3162		0.003788			1650.7	99.900001526		
1626.1	1.3162		0.003788			1651.7	99.900001526		
1626.6	1.3162		0.003787			1652.6	99.900001526		
1627.1	1.3162		0.003786			1653.6	99.900001526		
1627.6	1.3161		0.003784			1654.6	99.900001526		
1628	1.3161		0.003782			1655.5	99.900001526		
1628.5	1.3161		0.003782			1656.5	99.900001526		
1629	1.3161		0.003781			1657.5	99.900001526		
1629.5	1.3161		0.003779			1658.4	99.900001526		
1630	1.3161		0.003779			1659.4	99.900001526		
1630.4	1.316		0.003778			1660.3	99.900001526		
1630.9	1.316		0.003776			1661.3	99.900001526		
1631.4	1.316		0.003774			1662.3	100		
1631.9	1.316		0.003773			1663.2	99.900001526		
1632.4	1.316		0.003773			1664.2	99.900001526		
1632.9	1.316		0.003771			1665.2	99.900001526		
1633.3	1.3159		0.00377			1666.1	100		
1633.8	1.3159		0.003769			1667.1	99.900001526		
1634.3	1.3159		0.003768			1668.1	100		
1634.8	1.3159		0.003766			1669	99.900001526		
1635.3	1.3159		0.003765			1670	99.900001526		
1635.8	1.3159		0.003764			1671	99.900001526		
1636.2	1.3159		0.003762			1671.9	99.900001526		
1636.7	1.3158		0.003761			1672.9	99.900001526		
1637.2	1.3158		0.003759			1673.8	100		
1637.7	1.3158		0.00376			1674.8	100		
1638.2	1.3158		0.003758			1675.8	99.900001526		
1638.6	1.3158		0.003758			1676.7	100		
1639.1	1.3158		0.003756			1677.7	100		
1639.6	1.3158		0.003753			1678.7	99.900001526		
1640.1	1.3158		0.003755			1679.6	100		
1640.6	1.3157		0.003753			1680.6	100		
1641.1	1.3157		0.003752			1681.6	100		
1641.5	1.3157		0.003751			1682.5	100		
1642	1.3157		0.00375			1683.5	99.900001526		
1642.5	1.3157		0.003749			1684.5	99.900001526		
1643	1.3157		0.003746			1685.4	99.900001526		
1643.5	1.3157		0.003746			1686.4	100		
1644	1.3156		0.003746			1687.4	99.900001526		
1644.4	1.3156		0.003746			1688.3	100		
1644.9	1.3156		0.003743			1689.3	100		
1645.4	1.3156		0.003741			1690.2	99.900001526		
1645.9	1.3156		0.003741			1691.2	100		
1646.4	1.3156		0.003739			1692.2	100		
1646.8	1.3156		0.003738			1693.1	100		
1647.3	1.3155		0.003737			1694.1	100		
1647.8	1.3155		0.003736			1695.1	100		
1648.3	1.3155		0.003735			1696	99.900001526		
1648.8	1.3155		0.003734			1697	99.900001526		
1649.3	1.3155		0.003733			1698	100		
1649.7	1.3155		0.003732			1698.9	100		
1650.2	1.3155		0.003732			1699.9	99.900001526		
1650.7	1.3154		0.00373			1700.9	99.900001526		
1651.2	1.3154		0.003729			1701.8	100		
1651.7	1.3154		0.003727			1702.8	99.900001526		
1652.2	1.3154		0.003725			1703.8	99.900001526		
1652.6	1.3154		0.003725			1704.7	99.900001526		
1653.1	1.3154		0.003723			1705.7	99.900001526		
1653.6	1.3153		0.003723			1706.6	99.900001526		
1654.1	1.3153		0.003722			1707.6	99.900001526		
1654.6	1.3153		0.003719			1708.6	99.900001526		
1655	1.3153		0.00372			1709.5	99.900001526		
1655.5	1.3152		0.003717			1710.5	99.900001526		
1656	1.3152		0.003717			1711.5	99.900001526		
1656.5	1.3152		0.003714			1712.4	100		
1657	1.3152		0.003714			1713.4	99.900001526		
1657.5	1.3151		0.003713			1714.4	99.900001526		
1657.9	1.3151		0.003712			1715.3	100		
1658.4	1.3151		0.003711			1716.3	99.900001526		
1658.9	1.315		0.003709			1717.3	100		
1659.4	1.315		0.003706			1718.2	99.900001526		
1659.9	1.3149		0.003704			1719.2	99.900001526		
1660.3	1.3148		0.003704			1720.1	100		
1660.8	1.3147		0.0037			1721.1	100		
1661.3	1.3144		0.003695			1722.1	100		
1661.8	1.3139		0.003685			1723	100		
1662.3	1.3149		0.000255			1724	100		
1662.8	1.3159		0.003714			1725	100		
1663.2	1.3153		0.003704			1725.9	100		
1663.7	1.315		0.003699			1726.9	100		
1664.2	1.3148		0.003695			1727.9	100		
1664.7	1.3146		0.003691			1728.8	100		
1665.2	1.3143		0.003687			1729.8	100		
1665.7	1.3136		0.003677			1730.8	99.900001526		
1666.1	1.3145		0.00025			1731.7	100		
1666.6	1.3153		0.003698			1732.7	100		
1667.1	1.3139		0.003678			1733.6	99.900001526		
1667.6	1.3143		0.000246			1734.6	99.900001526		
1668.1	1.3163		0.00028			1735.6	100		
1668.5	1.3167		0.003712			1736.5	100		
1669	1.3159		0.003699			1737.5	100		
1669.5	1.3155		0.003694			1738.5	100		
1670	1.3153		0.00369			1739.4	100		
1670.5	1.3151		0.003686			1740.4	100		
1671	1.3149		0.003683			1741.4	100		
1671.4	1.3147		0.003681			1742.3	100		
1671.9	1.3145		0.003676			1743.3	100		
1672.4	1.3142		0.003669			1744.3	100		
1672.9	1.3137		0.003664			1745.2	100		
1673.4	1.3128		0.00365			1746.2	100		
1673.8	1.3131		0.000228			1747.2	100		
1674.3	1.3146		0.000252			1748.1	100		
1674.8	1.316		0.000276			1749.1	99.900001526		
1675.3	1.3161		0.003693			1750	100		
1675.8	1.3149		0.003673			1751	100		
1676.3	1.3138		0.003659			1752	99.900001526		
1676.7	1.3143		0.000248			1752.9	100		
1677.2	1.3144		0.003665			1753.9	100		
1677.7	1.3141		0.000244			1754.9	100		
1678.2	1.3157		0.000272			1755.8	100		
1678.7	1.3157		0.00368			1756.8	100		
1679.2	1.3139		0.003654			1757.8	100		
1679.6	1.3137		0.000239			1758.7	100		
1680.1	1.3147		0.000255			1759.7	100		
1680.6	1.3153		0.000267			1760.7	100		
1681.1	1.3159		0.000275			1761.6	100		
1681.6	1.3169		0.00029			1762.6	100		
1682	1.3162		0.00368			1763.5	100		
1682.5	1.3157		0.000272			1764.5	100		
1683	1.3173		0.000296			1765.5	100		
1683.5	1.3174		0.003693			1766.4	100		
1684	1.3163		0.003677			1767.4	100		
1684.5	1.3156		0.003666			1768.4	100		
1684.9	1.315		0.003655			1769.3	100		
1685.4	1.3138		0.00364			1770.3	100		
1685.9	1.3139		0.000245			1771.3	100		
1686.4	1.3152		0.000264			1772.2	100		
1686.9	1.3165		0.000284			1773.2	99.900001526		
1687.4	1.3163		0.003669			1774.2	100		
1687.8	1.3144		0.003644			1775.1	100		
1688.3	1.3142		0.000247			1776.1	99.900001526		
1688.8	1.3152		0.000264			1777.1	100		
1689.3	1.3158		0.000274			1778	100		
1689.8	1.3167		0.000289			1779	100		
1690.2	1.3158		0.003659			1779.9	100		
1690.7	1.315		0.00026			1780.9	100		
1691.2	1.3158		0.000272			1781.9	100		
1691.7	1.3162		0.000281			1782.8	100		
1692.2	1.3165		0.000286			1783.8	100		
1692.7	1.3168		0.000291			1784.8	100		
1693.1	1.3171		0.000296			1785.7	99.900001526		
1693.6	1.3176		0.000303			1786.7	99.900001526		
1694.1	1.3185		0.000318			1787.7	100		
1694.6	1.3179		0.00368			1788.6	100		
1695.1	1.3178		0.000307			1789.6	100		
1695.6	1.3183		0.003682			1790.6	100		
1696	1.3172		0.003666			1791.5	100		
1696.5	1.3163		0.003655			1792.5	100		
1697	1.3152		0.003638			1793.4	100		
1697.5	1.3152		0.000265			1794.4	100		
1698	1.3163		0.000285			1795.4	100		
1698.4	1.317		0.000296			1796.3	100		
1698.9	1.3178		0.000306			1797.3	100		
1699.4	1.3189		0.000326			1798.3	99.900001526		
1699.9	1.3189		0.003684			1799.2	99.900001526		
1700.4	1.3178		0.003667			1800.2	100		
1700.9	1.317		0.003654			1801.2	100		
1701.3	1.316		0.003641			1802.1	100		
1701.8	1.3162		0.000283			1803.1	99.900001526		
1702.3	1.318		0.000311			1804.1	99.900001526		
1702.8	1.3178		0.003664			1805	99.900001526		
1703.3	1.3181		0.000314			1806	99.900001526		
1703.8	1.3188		0.003674			1806.9	100		
1704.2	1.318		0.003663			1807.9	100		
1704.7	1.3176		0.003657			1808.9	100		
1705.2	1.3174		0.003652			1809.8	100		
1705.7	1.317199945		0.0036488			1810.8	100		
1706.2	1.317000031		0.0036464			1811.8	100		
1706.6	1.316900015		0.0036436			1812.7	99.900001526		
1707.1	1.316799998		0.0036418			1813.7	100		
1707.6	1.316699982		0.0036389			1814.7	99.900001526		
1708.1	1.316599965		0.0036365			1815.6	100		
1708.6	1.316499949		0.0036348			1816.6	100		
1709.1	1.316400051		0.0036304			1817.6	100		
1709.5	1.316200018		0.0036292			1818.5	100		
1710	1.316100001		0.003626			1819.5	99.900001526		
1710.5	1.315899968		0.0036241			1820.5	99.900001526		
1711	1.315700054		0.0036198			1821.4	99.900001526		
1711.5	1.315500021		0.0036145			1822.4	100		
1711.9	1.314800024		0.0036062			1823.3	99.900001526		
1712.4	1.315700054		0.00027621			1824.3	100		
1712.9	1.316599965		0.0036277			1825.3	99.900001526		
1713.4	1.315799952		0.0036148			1826.2	99.900001526		
1713.9	1.315199971		0.0036075			1827.2	100		
1714.4	1.314299941		0.0035921			1828.2	99.900001526		
1714.8	1.314599991		0.00025797			1829.1	99.900001526		
1715.3	1.316400051		0.00028968			1830.1	99.900001526		
1715.8	1.316599965		0.0036229			1831.1	100		
1716.3	1.315000057		0.0035988			1832	100		
1716.8	1.315099955		0.00026655			1833	100		
1717.3	1.316900015		0.00029647			1834	100		
1717.7	1.317100048		0.003625			1834.9	100		
1718.2	1.316100001		0.003611			1835.9	99.900001526		
1718.7	1.315400004		0.0036012			1836.8	100		
1719.2	1.314700007		0.0035921			1837.8	100		
1719.7	1.313599944		0.0035753			1838.8	100		
1720.1	1.313500047		0.00023997			1839.7	99.900001526		
1720.6	1.314499974		0.00025821			1840.7	100		
1721.1	1.315000057		0.00026536			1841.7	100		
1721.6	1.315400004		0.00027263			1842.6	100		
1722.1	1.315600038		0.00027752			1843.6	100		
1722.6	1.315799952		0.00027871			1844.6	99.900001526		
1723	1.315999985		0.00028348			1845.5	100		
1723.5	1.316200018		0.00028503			1846.5	100		
1724	1.316300035		0.00028718			1847.5	99.900001526		
1724.5	1.316400051		0.00029147			1848.4	99.900001526		
1725	1.316599965		0.00029123			1849.4	99.900001526		
1725.4	1.316699982		0.00029385			1850.3	99.900001526		
1725.9	1.316799998		0.00029659			1851.3	100		
1726.4	1.316900015		0.00029743			1852.3	99.900001526		
1726.9	1.317000031		0.00029957			1853.2	100		
1727.4	1.317100048		0.00030291			1854.2	100		
1727.9	1.317299962		0.00030458			1855.2	99.900001526		
1728.3	1.317399979		0.00030625			1856.1	99.900001526		
1728.8	1.317499995		0.00030887			1857.1	100		
1729.3	1.317700028		0.00031197			1858.1	99.900001526		
1729.8	1.317999959		0.00031579			1859	100		
1730.3	1.318699956		0.00032675			1860	100		
1730.8	1.317700028		0.0036126			1861	100		
1731.2	1.316799998		0.0002979			1861.9	100		
1731.7	1.317600012		0.00030863			1862.9	100		
1732.2	1.317999959		0.00031698			1863.9	100		
1732.7	1.318500042		0.00032532			1864.8	99.900001526		
1733.2	1.319499969		0.00033951			1865.8	100		
1733.6	1.319300056		0.0036283			1866.7	99.900001526		
1734.1	1.317999959		0.0036093			1867.7	99.900001526		
1734.6	1.317000031		0.0035955			1868.7	99.900001526		
1735.1	1.315799952		0.0035778			1869.6	100		
1735.6	1.315700054		0.00028074			1870.6	100		
1736.1	1.316799998		0.00029719			1871.6	100		
1736.5	1.317700028		0.0003134			1872.5	100		
1737	1.316900015		0.0035905			1873.5	99.900001526		
1737.5	1.315999985		0.00028539			1874.5	99.900001526		
1738	1.316699982		0.00029624			1875.4	100		
1738.5	1.317000031		0.00030136			1876.4	100		
1739	1.317199945		0.00030482			1877.4	99.900001526		
1739.4	1.317399979		0.00030863			1878.3	100		
1739.9	1.317499995		0.00031137			1879.3	99.900001526		
1740.4	1.317600012		0.00031126			1880.2	99.900001526		
1740.9	1.317700028		0.00031233			1881.2	99.900001526		
1741.4	1.317800045		0.00031471			1882.2	99.900001526		
1741.8	1.317899942		0.0003165			1883.1	99.900001526		
1742.3	1.317999959		0.00031793			1884.1	99.900001526		
1742.8	1.317999959		0.00032008			1885.1	99.900001526		
1743.3	1.318099976		0.00032127			1886	99.900001526		
1743.8	1.318199992		0.00032055			1887	99.900001526		
1744.3	1.318300009		0.00032294			1888	99.900001526		
1744.7	1.318400025		0.0003252			1888.9	99.900001526		
1745.2	1.318400025		0.00032616			1889.9	99.900001526		
1745.7	1.318500042		0.00032842			1890.9	99.900001526		
1746.2	1.318600059		0.0003289			1891.8	99.900001526		
1746.7	1.318699956		0.00033045			1892.8	99.900001526		
1747.2	1.318799973		0.00033343			1893.8	99.900001526		
1747.6	1.319000006		0.00033557			1894.7	99.900001526		
1748.1	1.319300056		0.00034058			1895.7	99.900001526		
1748.6	1.319900036		0.0003494			1896.6	99.900001526		
1749.1	1.318899989		0.0035971			1897.6	99.900001526		
1749.6	1.317999959		0.00032055			1898.6	99.900001526		
1750	1.318799973		0.00033212			1899.5	100		
1750.5	1.319300056		0.0003401			1900.5	100		
1751	1.32009995		0.0003531			1901.5	99.900001526		
1751.5	1.319700003		0.0036038			1902.4	99.900001526		
1752	1.317700028		0.0035752			1903.4	99.900001526		
1752.5	1.317199945		0.00030816			1904.4	100		
1752.9	1.317999959		0.00032008			1905.3	99.900001526		
1753.4	1.318400025		0.00032628			1906.3	100		
1753.9	1.318600059		0.00032866			1907.3	99.900001526		
1754.4	1.318799973		0.00033343			1908.2	99.900001526		
1754.9	1.318899989		0.00033629			1909.2	100		
1755.3	1.319100022		0.0003382			1910.1	100		
1755.8	1.319200039		0.00034106			1911.1	100		
1756.3	1.319499969		0.00034511			1912.1	99.900001526		
1756.8	1.32009995		0.00035381			1913	100		
1757.3	1.319100022		0.0035868			1914	99.900001526		
1757.8	1.318199992		0.00032341			1915	100		
1758.2	1.318799973		0.00033438			1915.9	99.900001526		
1758.7	1.319000006		0.00033903			1916.9	99.900001526		
1759.2	1.319200039		0.00034082			1917.9	99.900001526		
1759.7	1.319300056		0.00034392			1918.8	100		
1760.2	1.319499969		0.00034511			1919.8	100		
1760.7	1.319599986		0.00034726			1920.8	100		
1761.1	1.319900036		0.00035226			1921.7	100		
1761.6	1.320500016		0.00036216			1922.7	100		
1762.1	1.319499969		0.0035828			1923.7	100		
1762.6	1.318500042		0.00033045			1924.6	100		
1763.1	1.319100022		0.00034082			1925.6	99.900001526		
1763.5	1.319399953		0.00034392			1926.5	99.900001526		
1764	1.319499969		0.0003469			1927.5	100		
1764.5	1.319700003		0.00035048			1928.5	99.900001526		
1765	1.319800019		0.00035203			1929.4	100		
1765.5	1.319900036		0.00035131			1930.4	99.900001526		
1766	1.319900036		0.00035369			1931.4	100		
1766.4	1.320000052		0.0003556			1932.3	100		
1766.9	1.32009995		0.0003581			1933.3	100		
1767.4	1.320199966		0.00035918			1934.3	100		
1767.9	1.320299983		0.00036108			1935.2	100		
1768.4	1.3204		0.00036228			1936.2	100		
1768.9	1.320600033		0.00036418			1937.2	100		
1769.3	1.320700049		0.00036705			1938.1	99.900001526		
1769.8	1.320899963		0.00037062			1939.1	100		
1770.3	1.321099997		0.00037253			1940	100		
1770.8	1.321499944		0.00038099			1941	99.900001526		
1771.3	1.322199941		0.00039232			1942	100		
1771.7	1.32159996		0.0035952			1942.9	100		
1772.2	1.321400046		0.00037825			1943.9	100		
1772.7	1.32159996		0.0035952			1944.9	100		
1773.2	1.3204		0.0035769			1945.8	99.900001526		
1773.7	1.319100022		0.0035585			1946.8	99.900001526		
1774.2	1.319000006		0.00034249			1947.8	99.900001526		
1774.6	1.32009995		0.00035918			1948.7	100		
1775.1	1.321200013		0.00037658			1949.7	100		
1775.6	1.320899963		0.0035814			1950.7	99.900001526		
1776.1	1.319100022		0.003554			1951.6	100		
1776.6	1.318799973		0.00033677			1952.6	99.900001526		
1777.1	1.319599986		0.00035036			1953.5	99.900001526		
1777.5	1.320000052		0.00035751			1954.5	100		
1778	1.3204		0.00036228			1955.5	99.900001526		
1778.5	1.320700049		0.00036943			1956.4	99.900001526		
1779	1.321400046		0.00038087			1957.4	99.900001526		
1779.5	1.320500016		0.0035677			1958.4	99.900001526		
1779.9	1.319599986		0.00035			1959.3	99.900001526		
1780.4	1.320199966		0.00036108			1960.3	99.900001526		
1780.9	1.320500016		0.00036681			1961.3	99.900001526		
1781.4	1.320700049		0.00036919			1962.2	100		
1781.9	1.320899963		0.00037289			1963.2	100		
1782.4	1.32099998		0.00037456			1964.2	99.900001526		
1782.8	1.321200013		0.00037825			1965.1	99.900001526		
1783.3	1.321400046		0.00037992			1966.1	99.900001526		
1783.8	1.32159996		0.00038254			1967.1	99.900001526		
1784.3	1.32190001		0.00038874			1968	100		
1784.8	1.322299957		0.00039518			1969	100		
1785.2	1.323199987		0.00040793			1969.9	100		
1785.7	1.322999954		0.0035924			1970.9	99.900001526		
1786.2	1.321699977		0.0035743			1971.9	99.900001526		
1786.7	1.320700049		0.0035598			1972.8	99.900001526		
1787.2	1.319499969		0.0035415			1973.8	99.900001526		
1787.7	1.319300056		0.00034702			1974.8	99.900001526		
1788.1	1.320199966		0.00036204			1975.7	100		
1788.6	1.320700049		0.00036991			1976.7	99.900001526		
1789.1	1.32099998		0.00037658			1977.7	99.900001526		
1789.6	1.32130003		0.00038123			1978.6	100		
1790.1	1.32159996		0.0003866			1979.6	99.900001526		
1790.6	1.322199941		0.00039566			1980.6	99.900001526		
1791	1.32130003		0.0035627			1981.5	99.900001526		
1791.5	1.320500016		0.00036728			1982.5	100		
1792	1.321099997		0.00037897			1983.4	99.900001526		
1792.5	1.321400046		0.00038421			1984.4	99.900001526		
1793	1.32159996		0.00038683			1985.4	99.900001526		
1793.4	1.321699977		0.00038826			1986.3	99.900001526		
1793.9	1.32190001		0.00039136			1987.3	99.900001526		
1794.4	1.322000027		0.00039434			1988.3	99.900001526		
1794.9	1.322199941		0.00039685			1989.2	99.900001526		
1795.4	1.322299957		0.00039852			1990.2	99.900001526		
1795.9	1.32249999		0.00040209			1991.2	99.800003052		
1796.3	1.322700024		0.00040615			1992.1	99.800003052		
1796.8	1.322999954		0.00040972			1993.1	99.800003052		
1797.3	1.323500037		0.00041616			1994.1	99.699996948		
1797.8	1.324399948		0.0004319			1995	99.699996948		
1798.3	1.324200034		0.0035893			1996	99.699996948		
1798.8	1.322999954		0.0035719			1997	99.699996948		
1799.2	1.322100043		0.0035584			1997.9	99.699996948		
1799.7	1.320899963		0.0035423			1998.9	99.699996948		
1800.2	1.320799947		0.00037432			1999.8	99.800003052		
1800.7	1.321799994		0.00039065			2000.8	99.800003052		
1801.2	1.322399974		0.00040126			2001.8	99.900001526		
1801.6	1.322999954		0.0004096			2002.7	99.900001526		
1802.1	1.323899984		0.00042641			2003.7	99.900001526		
1802.6	1.323699951		0.0035765			2004.7	99.900001526		
1803.1	1.322100043		0.0035535			2005.6	99.900001526		
1803.6	1.322399974		0.00040376			2006.6	99.900001526		
1804.1	1.32249999		0.0035567			2007.6	99.900001526		
1804.5	1.322600007		0.00040424			2008.5	99.900001526		
1805	1.322999954		0.0035621			2009.5	99.900001526		
1805.5	1.321799994		0.0035456			2010.5	99.900001526		
1806	1.320600033		0.0035282			2011.4	99.900001526		
1806.5	1.320500016		0.00037038			2012.4	99.900001526		
1806.9	1.321400046		0.0003854			2013.3	99.900001526		
1807.4	1.321799994		0.00039303			2014.3	99.900001526		
1807.9	1.322100043		0.00039828			2015.3	99.900001526		
1808.4	1.322399974		0.00040185			2016.2	99.900001526		
1808.9	1.322600007		0.00040495			2017.2	99.900001526		
1809.4	1.32280004		0.00040925			2018.2	99.900001526		
1809.8	1.322999954		0.00041151			2019.1	100		
1810.3	1.323199987		0.00041497			2020.1	99.900001526		
1810.8	1.323400021		0.00041878			2021.1	99.900001526		
1811.3	1.323600054		0.00042236			2022	100		
1811.8	1.323899984		0.0004276			2023	99.900001526		
1812.3	1.324599981		0.00043905			2024	99.900001526		
1812.7	1.323799968		0.0035626			2024.9	99.900001526		
1813.2	1.323099971		0.00041473			2025.9	99.900001526		
1813.7	1.324000001		0.00042975			2026.8	99.900001526		
1814.2	1.324900031		0.00044298			2027.8	99.900001526		
1814.7	1.324699998		0.0035714			2028.8	99.800003052		
1815.1	1.322900057		0.0035456			2029.7	99.699996948		
1815.6	1.322700024		0.00040913			2030.7	99.599998474		
1816.1	1.323799968		0.00042593			2031.7	99.400001526		
1816.6	1.324699998		0.00044119			2032.6	99.199996948		
1817.1	1.324100018		0.0035588			2033.6	98.800003052		
1817.6	1.323500037		0.0004226			2034.6	98.400001526		
1818	1.324599981		0.00043881			2035.5	97.800003052		
1818.5	1.325700045		0.00045764			2036.5	97.199996948		
1819	1.325799942		0.0035797			2037.5	96.400001526		
1819.5	1.324800014		0.0035654			2038.4	95.5		
1820	1.324200034		0.0035571			2039.4	94.5		
1820.5	1.323799968		0.0035504			2040.4	93.400001526		
1820.9	1.323199987		0.0035409			2041.3	92.199996948		
1821.4	1.322299957		0.0035285			2042.3	91		
1821.9	1.322399974		0.00040495			2043.2	90.300003052		
1822.4	1.323600054		0.00042379			2044.2	90.199996948		
1822.9	1.324699998		0.00044262			2045.2	90.599998474		
1823.3	1.324300051		0.0035523			2046.1	90.699996948		
1823.8	1.323899984		0.00043023			2047.1	90.400001526		
1824.3	1.325500011		0.00045598			2048.1	89.800003052		
1824.8	1.325700045		0.0035697			2049	89.099998474		
1825.3	1.324800014		0.0035555			2050	88.699996948		
1825.8	1.324200034		0.003548			2051	88.699996948		
1826.2	1.323699951		0.0035399			2051.9	89.300003052		
1826.7	1.32280004		0.0035273			2052.9	90.199996948		
1827.2	1.323199987		0.00041997			2053.9	90.900001526		
1827.7	1.325000048		0.00044847			2054.8	91.5		
1828.2	1.325299978		0.0035597			2055.8	92		
1828.7	1.324399948		0.0035456			2056.7	92.400001526		
1829.1	1.324000001		0.00354			2057.7	92.800003052		
1829.6	1.323600054		0.0035337			2058.7	93.300003052		
1830.1	1.323099971		0.0035254			2059.6	93.599998474		
1830.6	1.322299957		0.0035135			2060.6	94.099998474		
1831.1	1.32280004		0.00041485			2061.6	94.599998474		
1831.5	1.32280004		0.0035201			2062.5	95.199996948		
1832	1.322399974		0.00040734			2063.5	95.900001526		
1832.5	1.323300004		0.00042188			2064.5	96.400001526		
1833	1.323799968		0.00043011			2065.4	97		
1833.5	1.324200034		0.00043643			2066.4	97.599998474		
1834	1.324599981		0.00044155			2067.4	98.199996948		
1834.4	1.325000048		0.0004493			2068.3	98.599998474		
1834.9	1.325899959		0.00046575			2069.3	99		
1835.4	1.325600028		0.0035523			2070.3	99.199996948		
1835.9	1.323899984		0.0035286			2071.2	99.400001526		
1836.4	1.323799968		0.00042951			2072.2	99.5		
1836.8	1.325099945		0.00045049			2073.1	99.599998474		
1837.3	1.324499965		0.0035352			2074.1	99.599998474		
1837.8	1.323899984		0.00043249			2075.1	99.699996948		
1838.3	1.324699998		0.00044632			2076	99.699996948		
1838.8	1.325299978		0.00045466			2077	99.699996948		
1839.3	1.325999975		0.00046718			2078	99.699996948		
1839.7	1.325299978		0.0035411			2078.9	99.699996948		
1840.2	1.324599981		0.00044453			2079.9	99.699996948		
1840.7	1.325399995		0.00045598			2080.9	99.699996948		
1841.2	1.325899959		0.00046742			2081.8	99.699996948		
1841.7	1.326699972		0.00047982			2082.8	99.800003052		
1842.2	1.326099992		0.003549			2083.8	99.800003052		
1842.6	1.325500011		0.00045788			2084.7	99.800003052		
1843.1	1.326400042		0.00047505			2085.7	99.699996948		
1843.6	1.327499986		0.00049126			2086.6	99.699996948		
1844.1	1.327499986		0.003566			2087.6	99.599998474		
1844.6	1.326300025		0.0035492			2088.6	99.5		
1845	1.325199962		0.0035323			2089.5	99.400001526		
1845.5	1.325299978		0.0004555			2090.5	99.300003052		
1846	1.326500058		0.00047648			2091.5	99		
1846.5	1.327800035		0.00049734			2092.4	98.599998474		
1847	1.327999949		0.003569			2093.4	99		
1847.5	1.327200055		0.0035541			2094.4	99.5		
1847.9	1.326799989		0.0035497			2095.3	99.699996948		
1848.4	1.326500058		0.0035447			2096.3	99.800003052		
1848.9	1.326300025		0.003543			2097.3	99.800003052		
1849.4	1.325999975		0.003538			2098.2	99.800003052		
1849.9	1.325799942		0.0035342			2099.2	99.800003052		
1850.3	1.325500011		0.0035297			2100.1	99.800003052		
1850.8	1.324900031		0.0035197			2101.1	99.800003052		
1851.3	1.325700045		0.00046313			2102.1	99.800003052		
1851.8	1.326400042		0.0035397			2103	99.800003052		
1852.3	1.325500011		0.0035259			2104	99.800003052		
1852.8	1.324499965		0.0035132			2105	99.800003052		
1853.2	1.324699998		0.00044882			2105.9	99.800003052		
1853.7	1.325999975		0.00046766			2106.9	99.800003052		
1854.2	1.327200055		0.00048888			2107.9	99.900001526		
1854.7	1.327299953		0.0035484			2108.8	99.900001526		
1855.2	1.325899959		0.0035282			2109.8	99.900001526		
1855.7	1.326300025		0.00047672			2110.8	99.900001526		
1856.1	1.326799989		0.0035397			2111.7	99.800003052		
1856.6	1.325500011		0.0035199			2112.7	99.800003052		
1857.1	1.325600028		0.00046408			2113.7	99.800003052		
1857.6	1.327200055		0.00049102			2114.6	99.900001526		
1858.1	1.327299953		0.0035428			2115.6	99.900001526		
1858.5	1.325899959		0.0035236			2116.5	99.900001526		
1859	1.326200008		0.00047457			2117.5	99.900001526		
1859.5	1.326300025		0.0035267			2118.5	99.900001526		
1860	1.326300025		0.00047576			2119.4	99.900001526		
1860.5	1.326200008		0.0035247			2120.4	99.900001526		
1861	1.325700045		0.00046635			2121.4	99.900001526		
1861.4	1.326500058		0.00048029			2122.3	99.900001526		
1861.9	1.327000022		0.00048888			2123.3	100		
1862.4	1.327499986		0.0004946			2124.3	99.900001526		
1862.9	1.327900052		0.00050199			2125.2	100		
1863.4	1.328500032		0.00051117			2126.2	99.900001526		
1863.9	1.329399943		0.00052595			2127.2	99.900001526		
1864.3	1.329399943		0.0035611			2128.1	99.900001526		
1864.8	1.328199983		0.0035464			2129.1	99.800003052		
1865.3	1.327200055		0.0035313			2130	99.699996948		
1865.8	1.327399969		0.00049567			2131	99.5		
1866.3	1.329100013		0.00052261			2132	99.099998474		
1866.7	1.329399943		0.0035577			2132.9	98		
1867.2	1.328500032		0.0035452			2133.9	94.900001526		
1867.7	1.328099966		0.0035394			2134.9	87.099998474		
1868.2	1.327700019		0.003534			2135.8	74.699996948		
1868.7	1.327299953		0.0035278			2136.8	64.800003052		
1869.2	1.326500058		0.0035163			2137.8	55.900001526		
1869.6	1.327100039		0.00049078			2138.7	49.200000763		
1870.1	1.327200055		0.0035228			2139.7	57.599998474		
1870.6	1.326799989		0.00048721			2140.7	72.199996948		
1871.1	1.327800035		0.00050235			2141.6	82.099998474		
1871.6	1.328500032		0.00051141			2142.6	88.5		
1872.1	1.329100013		0.00052452			2143.6	93.699996948		
1872.5	1.330199957		0.00054002			2144.5	96.800003052		
1873	1.330199957		0.0035611			2145.5	97.699996948		
1873.5	1.329200029		0.0035471			2146.4	98.099998474		
1874	1.328500032		0.0035354			2147.4	98.300003052		
1874.5	1.327499986		0.0035225			2148.4	98.400001526		
1874.9	1.327499986		0.00050056			2149.3	98.599998474		
1875.4	1.328699946		0.0005163			2150.3	98.699996948		
1875.9	1.32949996		0.00053012			2151.3	98.800003052		
1876.4	1.330500007		0.00054562			2152.2	98.900001526		
1876.9	1.33039999		0.0035591			2153.2	99		
1877.4	1.32889998		0.0035379			2154.2	99		
1877.8	1.32889998		0.00052083			2155.1	99.099998474		
1878.3	1.330199957		0.00054204			2156.1	99.199996948		
1878.8	1.331500053		0.00056136			2157.1	99.199996948		
1879.3	1.331699967		0.0035733			2158	99.300003052		
1879.8	1.330899954		0.0035607			2159	99.300003052		
1880.2	1.330600023		0.0035571			2159.9	99.300003052		
1880.7	1.33039999		0.0035545			2160.9	99.300003052		
1881.2	1.330299973		0.0035509			2161.9	99.300003052		
1881.7	1.330199957		0.0035485			2162.8	99.400001526		
1882.2	1.330199957		0.0035473			2163.8	99.400001526		
1882.7	1.33010006		0.0035473			2164.8	99.400001526		
1883.1	1.33010006		0.0035461			2165.7	99.400001526		
1883.6	1.33010006		0.003544			2166.7	99.400001526		
1884.1	1.33010006		0.0035447			2167.7	99.400001526		
1884.6	1.33010006		0.0035429			2168.6	99.400001526		
1885.1	1.33010006		0.0035431			2169.6	99.400001526		
1885.6	1.33010006		0.0035411			2170.6	99.400001526		
1886	1.33010006		0.0035414			2171.5	99.400001526		
1886.5	1.33010006		0.0035415			2172.5	99.400001526		
1887	1.33010006		0.0035392			2173.5	99.400001526		
1887.5	1.33010006		0.0035397			2174.4	99.400001526		
1888	1.33010006		0.0035391			2175.4	99.400001526		
1888.4	1.330199957		0.0035388			2176.3	99.400001526		
1888.9	1.330199957		0.0035383			2177.3	99.400001526		
1889.4	1.330199957		0.0035378			2178.3	99.400001526		
1889.9	1.330199957		0.0035375			2179.2	99.400001526		
1890.4	1.330199957		0.0035373			2180.2	99.400001526		
1890.9	1.330199957		0.0035371			2181.2	99.400001526		
1891.3	1.330299973		0.0035366			2182.1	99.400001526		
1891.8	1.330299973		0.0035352			2183.1	99.400001526		
1892.3	1.330299973		0.0035363			2184.1	99.400001526		
1892.8	1.330299973		0.0035347			2185	99.400001526		
1893.3	1.330299973		0.003534			2186	99.400001526		
1893.8	1.33039999		0.0035337			2187	99.400001526		
1894.2	1.33039999		0.0035335			2187.9	99.400001526		
1894.7	1.33039999		0.0035335			2188.9	99.400001526		
1895.2	1.33039999		0.0035328			2189.8	99.400001526		
1895.7	1.33039999		0.0035331			2190.8	99.400001526		
1896.2	1.33039999		0.0035316			2191.8	99.400001526		
1896.6	1.33039999		0.0035297			2192.7	99.400001526		
1897.1	1.330299973		0.0035292			2193.7	99.400001526		
1897.6	1.330299973		0.0035279			2194.7	99.400001526		
1898.1	1.330199957		0.003527			2195.6	99.300003052		
1898.6	1.330000043		0.0035232			2196.6	99.400001526		
1899.1	1.329399943		0.0035149			2197.6	99.400001526		
1899.5	1.330199957		0.00054836			2198.5	99.400001526		
1900	1.330600023		0.0035294			2199.5	99.400001526		
1900.5	1.33099997		0.0005604			2200.5	99.400001526		
1901	1.331699967		0.0035414			2201.4	99.400001526		
1901.5	1.330600023		0.003528			2202.4	99.400001526		
1901.9	1.33130002		0.00056684			2203.3	99.400001526		
1902.4	1.332100034		0.0035466			2204.3	99.400001526		
1902.9	1.331500053		0.0035381			2205.3	99.400001526		
1903.4	1.331099987		0.0035309			2206.2	99.400001526		
1903.9	1.330500007		0.003523			2207.2	99.400001526		
1904.4	1.33130002		0.00056541			2208.2	99.400001526		
1904.8	1.332000017		0.0035428			2209.1	99.400001526		
1905.3	1.33130002		0.0035319			2210.1	99.400001526		
1905.8	1.330500007		0.0035211			2211.1	99.400001526		
1906.3	1.331200004		0.00056624			2212	99.400001526		
1906.8	1.331799984		0.0035368			2213	99.400001526		
1907.3	1.330600023		0.0035216			2214	99.400001526		
1907.7	1.331099987		0.00056398			2214.9	99.400001526		
1908.2	1.331099987		0.0035266			2215.9	99.5		
1908.7	1.33070004		0.0005585			2216.9	99.5		
1909.2	1.331599951		0.00057185			2217.8	99.5		
1909.7	1.332100034		0.00058067			2218.8	99.5		
1910.1	1.332599998		0.00058675			2219.7	99.5		
1910.6	1.332999945		0.00059462			2220.7	99.5		
1911.1	1.333600044		0.00060332			2221.7	99.5		
1911.6	1.334499955		0.00061691			2222.6	99.5		
1912.1	1.334400058		0.0035633			2223.6	99.5		
1912.6	1.332900047		0.0035427			2224.6	99.5		
1913	1.332900047		0.00059354			2225.5	99.5		
1913.5	1.334400058		0.000615			2226.5	99.5		
1914	1.334499955		0.0035623			2227.5	99.599998474		
1914.5	1.333099961		0.0035435			2228.4	99.599998474		
1915	1.333199978		0.00059879			2229.4	99.599998474		
1915.5	1.334800005		0.00062037			2230.4	99.599998474		
1915.9	1.335000038		0.0035664			2231.3	99.599998474		
1916.4	1.333999991		0.003553			2232.3	99.599998474		
1916.9	1.333099961		0.0035399			2233.2	99.599998474		
1917.4	1.333699942		0.00060666			2234.2	99.699996948		
1917.9	1.334100008		0.0035535			2235.2	99.599998474		
1918.3	1.332800031		0.0035353			2236.1	99.699996948		
1918.8	1.332700014		0.00059068			2237.1	99.699996948		
1919.3	1.333699942		0.00060737			2238.1	99.699996948		
1919.8	1.334300041		0.00061548			2239	99.699996948		
1920.3	1.334800005		0.00062358			2240	99.699996948		
1920.8	1.335600019		0.00063539			2241	99.699996948		
1921.2	1.334900022		0.0035602			2241.9	99.699996948		
1921.7	1.334300041		0.00061703			2242.9	99.699996948		
1922.2	1.335100055		0.00062799			2243.9	99.699996948		
1922.7	1.335600019		0.00063503			2244.8	99.699996948		
1923.2	1.336099982		0.00064456			2245.8	99.699996948		
1923.7	1.336899996		0.00065625			2246.7	99.699996948		
1924.1	1.336300015		0.0035732			2247.7	99.699996948		
1924.6	1.335899949		0.0006417			2248.7	99.699996948		
1925.1	1.337299943		0.00066268			2249.6	99.699996948		
1925.6	1.33739996		0.0035843			2250.6	99.699996948		
1926.1	1.336300015		0.0035695			2251.6	99.699996948		
1926.5	1.335199952		0.0035564			2252.5	99.800003052		
1927	1.335299969		0.00063241			2253.5	99.699996948		
1927.5	1.336400032		0.00065029			2254.5	99.699996948		
1928	1.337499976		0.00066733			2255.4	99.800003052		
1928.5	1.337499976		0.0035838			2256.4	99.800003052		
1929	1.335999966		0.0035638			2257.4	99.800003052		
1929.4	1.335999966		0.00064301			2258.3	99.800003052		
1929.9	1.337299943		0.00066221			2259.3	99.800003052		
1930.4	1.336899996		0.0035741			2260.3	99.800003052		
1930.9	1.336500049		0.00065124			2261.2	99.800003052		
1931.4	1.337800026		0.00067115			2262.2	99.800003052		
1931.8	1.337299943		0.0035756			2263.1	99.800003052		
1932.3	1.336699963		0.00065529			2264.1	99.800003052		
1932.8	1.337599993		0.00066864			2265.1	99.800003052		
1933.3	1.338500023		0.00068009			2266	99.800003052		
1933.8	1.337900043		0.0035814			2267	99.800003052		
1934.3	1.337299943		0.00066364			2268	99.800003052		
1934.7	1.338000059		0.00067544			2268.9	99.800003052		
1935.2	1.338400006		0.000682			2269.9	99.800003052		
1935.7	1.338799953		0.00068724			2270.9	99.800003052		
1936.2	1.33920002		0.00069213			2271.8	99.800003052		
1936.7	1.339599967		0.00069892			2272.8	99.800003052		
1937.2	1.340499997		0.00070989			2273.8	99.800003052		
1937.6	1.340199947		0.0036043			2274.7	99.800003052		
1938.1	1.338600039		0.0035855			2275.7	99.800003052		
1938.6	1.338400006		0.00068235			2276.6	99.800003052		
1939.1	1.339300036		0.00069416			2277.6	99.800003052		
1939.6	1.3398		0.00070274			2278.6	99.800003052		
1940	1.340299964		0.00070739			2279.5	99.800003052		
1940.5	1.340999961		0.000718			2280.5	99.800003052		
1941	1.340399981		0.0036014			2281.5	99.800003052		
1941.5	1.339699984		0.0006994			2282.4	99.800003052		
1942	1.340399981		0.00071144			2283.4	99.800003052		
1942.5	1.340800047		0.00071752			2284.4	99.800003052		
1942.9	1.341199994		0.00072289			2285.3	99.800003052		
1943.4	1.341500044		0.0007261			2286.3	99.800003052		
1943.9	1.341799974		0.00073016			2287.3	99.800003052		
1944.4	1.342200041		0.00073564			2288.2	99.800003052		
1944.9	1.342700005		0.00074375			2289.2	99.800003052		
1945.4	1.343500018		0.00075519			2290.2	99.800003052		
1945.8	1.343099952		0.0036291			2291.1	99.800003052		
1946.3	1.343099952		0.00074899			2292.1	99.800003052		
1946.8	1.343500018		0.0036322			2293	99.800003052		
1947.3	1.342499971		0.0036209			2294	99.800003052		
1947.8	1.341500044		0.0036079			2295	99.800003052		
1948.2	1.341500044		0.00072801			2295.9	99.800003052		
1948.7	1.342599988		0.00074208			2296.9	99.800003052		
1949.2	1.343199968		0.00075161			2297.9	99.800003052		
1949.7	1.343799949		0.00075948			2298.8	99.800003052		
1950.2	1.344699979		0.00077212			2299.8	99.800003052		
1950.7	1.344200015		0.0036353			2300.8	99.800003052		
1951.1	1.343799949		0.00076091			2301.7	99.800003052		
1951.6	1.344900012		0.00077474			2302.7	99.800003052		
1952.1	1.346099973		0.00079215			2303.7	99.800003052		
1952.6	1.346199989		0.0036553			2304.6	99.800003052		
1953.1	1.345399976		0.0036455			2305.6	99.800003052		
1953.5	1.344900012		0.0036401			2306.5	99.800003052		
1954	1.344200015		0.0036305			2307.5	99.800003052		
1954.5	1.344599962		0.00077164			2308.5	99.800003052		
1955	1.346400023		0.00079536			2309.4	99.800003052		
1955.5	1.34679997		0.0036589			2310.4	99.800003052		
1956	1.345999956		0.0036503			2311.4	99.800003052		
1956.4	1.345399976		0.0036416			2312.3	99.800003052		
1956.9	1.346300006		0.00079465			2313.3	99.800003052		
1957.4	1.347200036		0.0036619			2314.3	99.800003052		
1957.9	1.346699953		0.0036553			2315.2	99.800003052		
1958.4	1.346600056		0.0036534			2316.2	99.800003052		
1958.9	1.346600056		0.0036529			2317.2	99.800003052		
1959.3	1.346500039		0.0036523			2318.1	99.800003052		
1959.8	1.346500039		0.0036516			2319.1	99.800003052		
1960.3	1.346500039		0.0036505			2320.1	99.900001526		
1960.8	1.346500039		0.0036494			2321	99.800003052		
1961.3	1.346300006		0.0036463			2322	99.800003052		
1961.7	1.345700026		0.0036398			2322.9	99.800003052		
1962.2	1.346099973		0.00079501			2323.9	99.800003052		
1962.7	1.347499967		0.00081336			2324.9	99.800003052		
1963.2	1.348899961		0.00083244			2325.8	99.800003052		
1963.7	1.34920001		0.0036761			2326.8	99.800003052		
1964.2	1.348099947		0.0036634			2327.8	99.900001526		
1964.6	1.348899961		0.00083089			2328.7	99.800003052		
1965.1	1.349699974		0.0036806			2329.7	99.900001526		
1965.6	1.34920001		0.0036749			2330.7	99.800003052		
1966.1	1.349099994		0.0036734			2331.6	99.900001526		
1966.6	1.348899961		0.0036701			2332.6	99.900001526		
1967.1	1.348700047		0.0036663			2333.6	99.800003052		
1967.5	1.34800005		0.0036592			2334.5	99.900001526		
1968	1.348399997		0.00082576			2335.5	99.800003052		
1968.5	1.349599957		0.00084221			2336.4	99.900001526		
1969	1.350499988		0.00085413			2337.4	99.800003052		
1969.5	1.351400018		0.00086415			2338.4	99.900001526		
1969.9	1.352699995		0.00088084			2339.3	99.800003052		
1970.4	1.353000045		0.0037073			2340.3	99.900001526		
1970.9	1.352399945		0.0037011			2341.3	99.900001526		
1971.4	1.352300048		0.0037009			2342.2	99.800003052		
1971.9	1.352200031		0.0036992			2343.2	99.800003052		
1972.4	1.352200031		0.0036992			2344.2	99.699996948		
1972.8	1.352300048		0.0036975			2345.1	99.699996948		
1973.3	1.352300048		0.0036978			2346.1	99.599998474		
1973.8	1.352300048		0.0036975			2347.1	99.599998474		
1974.3	1.352100015		0.0036958			2348	99.800003052		
1974.8	1.351600051		0.0036894			2349	99.800003052		
1975.3	1.352100015		0.00087464			2349.9	99.800003052		
1975.7	1.353500009		0.00089252			2350.9	99.800003052		
1976.2	1.354799986		0.00090778			2351.9	99.900001526		
1976.7	1.354799986		0.0037202			2352.8	99.800003052		
1977.2	1.355200052		0.00091231			2353.8	99.800003052		
1977.7	1.355800033		0.0037262			2354.8	99.800003052		
1978.1	1.354799986		0.003718			2355.7	99.800003052		
1978.6	1.35529995		0.00091541			2356.7	99.900001526		
1979.1	1.35710001		0.00093603			2357.7	99.900001526		
1979.6	1.35769999		0.0037426			2358.6	99.900001526		
1980.1	1.357300043		0.0037385			2359.6	99.900001526		
1980.6	1.357200027		0.0037363			2360.6	99.900001526		
1981	1.357200027		0.0037363			2361.5	99.900001526		
1981.5	1.35710001		0.0037359			2362.5	99.900001526		
1982	1.35679996		0.0037309			2363.5	99.900001526		
1982.5	1.35739994		0.00093973			2364.4	99.900001526		
1983	1.359400034		0.0009619			2365.4	99.900001526		
1983.4	1.360100031		0.0037597			2366.3	99.900001526		
1983.9	1.359599948		0.0037553			2367.3	99.900001526		
1984.4	1.359300017		0.0037524			2368.3	99.900001526		
1984.9	1.360399961		0.0009743			2369.2	99.900001526		
1985.4	1.361500025		0.0037717			2370.2	99.900001526		
1985.9	1.361400008		0.0037698			2371.2	99.900001526		
1986.3	1.361600041		0.0037702			2372.1	99.900001526		
1986.8	1.361899972		0.0037719			2373.1	99.900001526		
1987.3	1.362200022		0.0037752			2374.1	99.900001526		
1987.8	1.362599969		0.0037783			2375	99.900001526		
1988.3	1.363100052		0.0037804			2376	99.900001526		
1988.8	1.363499999		0.0037843			2377	99.900001526		
1989.2	1.364099979		0.0037881			2377.9	99.900001526		
1989.7	1.36469996		0.0037922			2378.9	99.900001526		
1990.2	1.365499973		0.0037993			2379.8	99.900001526		
1990.7	1.366700053		0.0038061			2380.8	99.900001526		
1991.2	1.3671		0.00658			2381.8	99.900001526		
1991.6	1.366700053		0.0065757			2382.7	99.900001526		
1992.1	1.366700053		0.0065752			2383.7	99.900001526		
1992.6	1.366999984		0.0065752			2384.7	99.900001526		
1993.1	1.36740005		0.006577			2385.6	99.900001526		
1993.6	1.368399978		0.0065813			2386.6	99.900001526		
1994.1	1.368499994		0.009348			2387.6	99.900001526		
1994.5	1.367699981		0.0093429			2388.5	99.900001526		
1995	1.36740005		0.0093417			2389.5	99.900001526		
1995.5	1.367200017		0.0093391			2390.5	99.900001526		
1996	1.3671		0.0093371			2391.4	99.900001526		
1996.5	1.3671		0.0093341			2392.4	99.900001526		
1997	1.366999984		0.0093325			2393.4	99.900001526		
1997.4	1.366899967		0.0093297			2394.3	99.900001526		
1997.9	1.366799951		0.0093287			2395.3	99.900001526		
1998.4	1.36650002		0.0093254			2396.2	99.900001526		
1998.9	1.365800023		0.0093209			2397.2	99.900001526		
1999.4	1.36590004		0.0065544			2398.2	99.900001526		
1999.8	1.366899967		0.0065583			2399.1	99.900001526		
2000.3	1.367300034		0.0065585			2400.1	99.900001526		
2000.8	1.3671		0.0065579			2401.1	99.900001526		
2001.3	1.367699981		0.0038043			2402	99.900001526		
2001.8	1.369199991		0.0038153			2403	99.900001526		
2002.3	1.370300055		0.0038213			2404	99.900001526		
2002.7	1.371099949		0.0038282			2404.9	99.900001526		
2003.2	1.371999979		0.0038345			2405.9	99.900001526		
2003.7	1.372699976		0.0038384			2406.9	99.900001526		
2004.2	1.37349999		0.0038416			2407.8	99.900001526		
2004.7	1.374199986		0.0038458			2408.8	99.900001526		
2005.1	1.374899983		0.0038494			2409.7	99.900001526		
2005.6	1.37559998		0.0038538			2410.7	99.900001526		
2006.1	1.376399994		0.003858			2411.7	99.900001526		
2006.6	1.377099991		0.0038615			2412.6	99.900001526		
2007.1	1.377799988		0.0038655			2413.6	99.900001526		
2007.6	1.378600001		0.0038685			2414.6	99.900001526		
2008	1.379299998		0.0038723			2415.5	99.900001526		
2008.5	1.380100012		0.0038762			2416.5	99.900001526		
2009	1.380800009		0.0038797			2417.5	99.900001526		
2009.5	1.381600022		0.0038837			2418.4	99.900001526		
2010	1.382400036		0.0038866			2419.4	99.900001526		
2010.5	1.383200049		0.0038909			2420.4	99.900001526		
2010.9	1.38409996		0.0038933			2421.3	99.900001526		
2011.4	1.384899974		0.0038971			2422.3	99.900001526		
2011.9	1.385800004		0.0039009			2423.2	99.900001526		
2012.4	1.386700034		0.0039045			2424.2	99.900001526		
2012.9	1.387599945		0.0039064			2425.2	99.900001526		
2013.3	1.388499975		0.0039104			2426.1	99.900001526		
2013.8	1.389500022		0.0039127			2427.1	99.900001526		
2014.3	1.390499949		0.0039153			2428.1	99.900001526		
2014.8	1.391499996		0.0039181			2429	99.900001526		
2015.3	1.392500043		0.0039216			2430	99.900001526		
2015.8	1.393599987		0.003924			2431	99.900001526		
2016.2	1.39470005		0.0039259			2431.9	99.900001526		
2016.7	1.395799994		0.003929			2432.9	99.900001526		
2017.2	1.396900058		0.0039312			2433.9	99.900001526		
2017.7	1.398000002		0.0039333			2434.8	99.900001526		
2018.2	1.399099946		0.0039347			2435.8	99.900001526		
2018.7	1.399999976		0.0039368			2436.8	99.900001526		
2019.1	1.402099967		0.0012765			2437.7	99.900001526		
2019.6	1.404299974		0.0039393			2438.7	99.900001526		
2020.1	1.405200005		0.0039405			2439.6	99.900001526		
2020.6	1.406299949		0.0039414			2440.6	99.900001526		
2021.1	1.407299995		0.0039407			2441.6	99.900001526		
2021.5	1.40929997		0.0012959			2442.5	99.900001526		
2022	1.41260004		0.0012995			2443.5	99.900001526		
2022.5	1.414700031		0.0039366			2444.5	99.900001526		
2023	1.415899992		0.0039347			2445.4	99.900001526		
2023.5	1.417500019		0.0039321			2446.4	99.900001526		
2024	1.41900003		0.0039293			2447.4	99.900001526		
2024.4	1.421800017		0.0013021			2448.3	99.900001526		
2024.9	1.424399972		0.0039164			2449.3	99.900001526		
2025.4	1.427299976		0.0012981			2450.3	99.900001526		
2025.9	1.430500031		0.003894			2451.2	99.900001526		
2026.4	1.432899952		0.0038835			2452.2	99.900001526		
2026.8	1.435700059		0.0038694			2453.1	99.900001526		
2027.3	1.43900001		0.0038522			2454.1	99.900001526		
2027.8	1.442999959		0.0038289			2455.1	99.900001526		
2028.3	1.446499944		0.0063815			2456	99.900001526		
2028.8	1.449699998		0.006353			2457	99.900001526		
2029.3	1.454100013		0.0063092			2458	99.900001526		
2029.7	1.458299994		0.0088228			2458.9	99.900001526		
2030.2	1.462800026		0.0087634			2459.9	99.900001526		
2030.7	1.467900038		0.011237			2460.9	99.900001526		
2031.2	1.4727		0.013697			2461.8	99.900001526		
2031.7	1.477499962		0.016142			2462.8	99.900001526		
2032.2	1.482599974		0.018561			2463.8	99.900001526		
2032.6	1.488499999		0.020941			2464.7	99.900001526		
2033.1	1.494500041		0.025819			2465.7	99.900001526		
2033.6	1.499899983		0.030688999			2466.7	99.900001526		
2034.1	1.505200028		0.035533			2467.6	99.900001526		
2034.6	1.511100054		0.040330999			2468.6	99.900001526		
2035	1.516800046		0.047621999			2469.5	99.900001526		
2035.5	1.521800041		0.054930001			2470.5	99.900001526		
2036	1.526499987		0.062231001			2471.5	99.900001526		
2036.5	1.531700015		0.069491997			2472.4	99.900001526		
2037	1.536599994		0.079290003			2473.4	99.900001526		
2037.5	1.540599942		0.089144997			2474.4	99.900001526		
2037.9	1.544700027		0.099013001			2475.3	99.900001526		
2038.4	1.548099995		0.111510001			2476.3	99.900001526		
2038.9	1.550199986		0.124190003			2477.3	99.900001526		
2039.4	1.551300049		0.137030005			2478.2	99.900001526		
2039.9	1.55219996		0.149969995			2479.2	99.900001526		
2040.4	1.552000046		0.165790007			2480.2	99.900001526		
2040.8	1.549700022		0.182040006			2481.1	99.900001526		
2041.3	1.545300007		0.198760003			2482.1	99.900001526		
2041.8	1.538599968		0.216069996			2483	99.900001526		
2042.3	1.52820003		0.234270006			2484	100		
2042.8	1.514700055		0.247679994			2485	99.900001526		
2043.2	1.499799967		0.258720011			2485.9	99.900001526		
2043.7	1.482900023		0.267399997			2486.9	99.900001526		
2044.2	1.466300011		0.267349988			2487.9	99.900001526		
2044.7	1.453799963		0.263610005			2488.8	99.900001526		
2045.2	1.445799947		0.259039998			2489.8	99.900001526		
2045.7	1.441100001		0.256830007			2490.8	100		
2046.1	1.43840003		0.257230014			2491.7	99.900001526		
2046.6	1.436499953		0.260439992			2492.7	100		
2047.1	1.434399962		0.266669989			2493.7	99.900001526		
2047.6	1.430699944		0.276219994			2494.6	99.900001526		
2048.1	1.424900055		0.286260009			2495.6	99.900001526		
2048.6	1.417600036		0.29666999			2496.6	99.900001526		
2049	1.407099962		0.310939997			2497.5	99.900001526		
2049.5	1.391600013		0.32337001			2498.5	99.900001526		
2050	1.374300003		0.330089986			2499.4	99.900001526		
2050.5	1.354900002		0.337399989								
2051	1.333400011		0.338800013								
2051.4	1.31309998		0.333330005								
2051.9	1.294700027		0.327300012								
2052.4	1.278300047		0.317380011								
2052.9	1.265400052		0.303250015								
2053.4	1.255599976		0.295060009								
2053.9	1.246799946		0.283270001								
2054.3	1.239899993		0.274430007								
2054.8	1.233500004		0.265430003								
2055.3	1.228600025		0.256159991								
2055.8	1.224300027		0.25011								
2056.3	1.219300032		0.244139999								
2056.7	1.214300036		0.238150001								
2057.2	1.209100008		0.232170001								
2057.7	1.20389998		0.226170003								
2058.2	1.198500037		0.220149994								
2058.7	1.194499969		0.210569993								
2059.2	1.190600038		0.207660004								
2059.6	1.185099959		0.201580003								
2060.1	1.179200053		0.19551								
2060.6	1.174100041		0.185949996								
2061.1	1.16929996		0.179680005								
2061.6	1.164299965		0.170049995								
2062.1	1.16050005		0.160270005								
2062.5	1.156900048		0.150470003								
2063	1.155400038		0.137170002								
2063.5	1.156100035		0.127090007								
2064	1.156000018		0.120439999								
2064.5	1.155200005		0.110540003								
2064.9	1.155500054		0.100620002								
2065.4	1.156599998		0.090737								
2065.9	1.158599973		0.080897003								
2066.4	1.161299944		0.071124002								
2066.9	1.164999962		0.061430998								
2067.4	1.170300007		0.051840998								
2067.8	1.176100016		0.045527								
2068.3	1.181399941		0.039285								
2068.8	1.187000036		0.033116002								
2069.3	1.193500042		0.027037								
2069.8	1.200000048		0.024089999								
2070.3	1.205600023		0.021155								
2070.7	1.210800052		0.018239999								
2071.2	1.216099977		0.01535								
2071.7	1.221899986		0.012502								
2072.2	1.226999998		0.012626								
2072.7	1.23179996		0.0097874								
2073.1	1.236899972		0.0099177								
2073.6	1.241000056		0.010018								
2074.1	1.244500041		0.010101								
2074.6	1.247200012		0.010162								
2075.1	1.250499964		0.007333								
2075.6	1.254600048		0.0074302								
2076	1.2579		0.0075113								
2076.5	1.261000037		0.0075814								
2077	1.263800025		0.0076438								
2077.5	1.26639998		0.0077038								
2078	1.268900037		0.0077566								
2078.4	1.271299958		0.0078064								
2078.9	1.273599982		0.0078512								
2079.4	1.275699973		0.0078949								
2079.9	1.277699947		0.0079353								
2080.4	1.279500008		0.0079719								
2080.9	1.280900002		0.0079974								
2081.3	1.283499956		0.0052274								
2081.8	1.285599947		0.0080838								
2082.3	1.287299991		0.005304								
2082.8	1.290099978		0.0053601								
2083.3	1.292600036		0.0054097								
2083.8	1.294999957		0.0054556								
2084.2	1.297500014		0.0055021								
2084.7	1.300500035		0.0055565								
2085.2	1.30250001		0.0083681								
2085.7	1.303799987		0.0083849								
2086.2	1.305699944		0.0084133								
2086.6	1.308200002		0.0084504								
2087.1	1.310099959		0.011236								
2087.6	1.311300039		0.011249								
2088.1	1.313599944		0.011275								
2088.6	1.315700054		0.014049								
2089.1	1.316300035		0.016804								
2089.5	1.316799998		0.016804								
2090	1.318600059		0.016812								
2090.5	1.320600033		0.019569								
2091	1.322000027		0.022319								
2091.5	1.322100043		0.027819								
2092	1.319700003		0.033346001								
2092.4	1.313500047		0.038934998								
2092.9	1.305799961		0.036182001								
2093.4	1.301300049		0.027788								
2093.9	1.301200032		0.019412								
2094.4	1.30369997		0.013881								
2094.8	1.306800008		0.011153								
2095.3	1.309999943		0.0084414								
2095.8	1.312700033		0.0084795								
2096.3	1.315400004		0.0057822								
2096.8	1.318500042		0.0058306								
2097.3	1.32099998		0.0058658								
2097.7	1.323199987		0.0058976								
2098.2	1.325199962		0.0059247								
2098.7	1.327100039		0.0059489								
2099.2	1.32889998		0.0059725								
2099.7	1.33070004		0.0059937								
2100.1	1.332399964		0.0060151								
2100.6	1.334100008		0.0060349								
2101.1	1.335700035		0.006054								
2101.6	1.33739996		0.0060722								
2102.1	1.338999987		0.0060909								
2102.6	1.340600014		0.0061089								
2103	1.342200041		0.0061244								
2103.5	1.343799949		0.0061411								
2104	1.345399976		0.0061554								
2104.5	1.347100019		0.0061721								
2105	1.34860003		0.0061858								
2105.5	1.350200057		0.0062003								
2105.9	1.351699948		0.0062139								
2106.4	1.353199959		0.0062255								
2106.9	1.354200006		0.0062338								
2107.4	1.356099963		0.003611								
2107.9	1.358899951		0.0036376								
2108.3	1.361299992		0.0036604								
2108.8	1.363600016		0.0036813								
2109.3	1.366000056		0.0037005								
2109.8	1.368399978		0.0037192								
2110.3	1.370900035		0.0037379								
2110.8	1.373800039		0.0037585								
2111.2	1.37590003		0.0063683								
2111.7	1.377200007		0.0063728								
2112.2	1.378900051		0.0063795								
2112.7	1.380399942		0.006384								
2113.2	1.383100033		0.0038121								
2113.7	1.385499954		0.006399								
2114.1	1.387599945		0.0038325								
2114.6	1.390900016		0.003845								
2115.1	1.394000053		0.0038542								
2115.6	1.397099972		0.003862								
2116.1	1.400200009		0.0038692								
2116.5	1.403399944		0.0038749								
2117	1.406599998		0.0038747								
2117.5	1.409999967		0.0038747								
2118	1.413599968		0.0038732								
2118.5	1.417199969		0.0038673								
2119	1.421000004		0.0038613								
2119.4	1.424999952		0.0038515								
2119.9	1.429100037		0.003837								
2120.4	1.433400035		0.0038189								
2120.9	1.437999964		0.0037957								
2121.4	1.442700028		0.0037664								
2121.9	1.447600007		0.003733								
2122.3	1.452700019		0.003693								
2122.8	1.457800031		0.0036483								
2123.3	1.463999987		0.0011572								
2123.8	1.47179997		0.001083								
2124.3	1.478399992		0.0034149								
2124.7	1.485499978		0.00092065								
2125.2	1.494600058		0.0007956								
2125.7	1.503200054		0.0030261								
2126.2	1.511600018		0.0028654								
2126.7	1.521100044		0.0026697								
2127.2	1.531599998		0.0024333								
2127.6	1.543099999		0.0021474								
2128.1	1.555999994		0.0017983								
2128.6	1.570600033		0.001363								
2129.1	1.586099982		0.0031029								
2129.6	1.603299975		0.0024606								
2130	1.622900009		0.0038654								
2130.5	1.644400001		0.005052								
2131	1.66900003		0.0059301								
2131.5	1.698300004		0.0063373								
2132	1.732800007		0.010345								
2132.5	1.773100019		0.015496								
2132.9	1.821200013		0.025411								
2133.4	1.878900051		0.041306								
2133.9	1.946099997		0.072534002								
2134.4	2.020699978		0.12314								
2134.9	2.096400023		0.206510007								
2135.4	2.157799959		0.32881999								
2135.8	2.191499949		0.476260006								
2136.3	2.197299957		0.625370026								
2136.8	2.186000109		0.769789994								
2137.3	2.165600061		0.926389992								
2137.8	2.117399931		1.126099944								
2138.2	2.002300024		1.385400057								
2138.7	1.77760005		1.636800051								
2139.2	1.468299985		1.754500031								
2139.7	1.159999967		1.702000022								
2140.2	0.914699972		1.556800008								
2140.7	0.741129994		1.38380003								
2141.1	0.620440006		1.225700021								
2141.6	0.530809999		1.075700045								
2142.1	0.463869989		0.933700025								
2142.6	0.407709986		0.805260003								
2143.1	0.353219986		0.666220009								
2143.6	0.333270013		0.455920011								
2144	0.391570002		0.238800004								
2144.5	0.500720024		0.118830003								
2145	0.604659975		0.075163998								
2145.5	0.68423003		0.059333								
2146	0.744050026		0.051098999								
2146.4	0.791890025		0.043699								
2146.9	0.831350029		0.041033								
2147.4	0.863680005		0.038286999								
2147.9	0.891740024		0.035526998								
2148.4	0.915069997		0.036561999								
2148.9	0.934620023		0.033587001								
2149.3	0.953310013		0.030681999								
2149.8	0.969529986		0.031399999								
2150.3	0.983929992		0.028417001								
2150.8	0.996940017		0.028982								
2151.3	1.008700013		0.025978001								
2151.7	1.019600034		0.026445								
2152.2	1.029600024		0.023444001								
2152.7	1.039000034		0.023848001								
2153.2	1.047799945		0.020862								
2153.7	1.056599975		0.021242								
2154.2	1.06340003		0.021528								
2154.6	1.070299983		0.018528								
2155.1	1.077000022		0.018819001								
2155.6	1.083699942		0.015860001								
2156.1	1.09070003		0.016164999								
2156.6	1.096400023		0.016409								
2157.1	1.101099968		0.016602								
2157.5	1.106400013		0.013652								
2158	1.112300038		0.0139								
2158.5	1.117300034		0.014108								
2159	1.121799946		0.014291								
2159.5	1.126000047		0.014456								
2159.9	1.129899979		0.014606								
2160.4	1.13349998		0.014743								
2160.9	1.136800051		0.014865								
2161.4	1.139700055		0.014972								
2161.9	1.142099977		0.015054								
2162.4	1.145200014		0.01212								
2162.8	1.149199963		0.012268								
2163.3	1.152500033		0.012391								
2163.8	1.155500054		0.012503								
2164.3	1.158300042		0.012604								
2164.8	1.161000013		0.012697								
2165.3	1.163499951		0.012785								
2165.7	1.165899992		0.012868								
2166.2	1.168200016		0.012947								
2166.7	1.170400023		0.013019								
2167.2	1.172500014		0.013089								
2167.7	1.174600005		0.013153								
2168.1	1.176499963		0.013216								
2168.6	1.17840004		0.013275								
2169.1	1.180199981		0.013332								
2169.6	1.182000041		0.013385								
2170.1	1.183699965		0.013435								
2170.6	1.185299993		0.013485								
2171	1.18690002		0.013531								
2171.5	1.18840003		0.013576								
2172	1.189900041		0.013618								
2172.5	1.191300035		0.013658								
2173	1.192700028		0.013697								
2173.5	1.194000006		0.013736								
2173.9	1.195299983		0.013769								
2174.4	1.19659996		0.013804								
2174.9	1.19780004		0.013838								
2175.4	1.199000001		0.01387								
2175.9	1.200199962		0.013901								
2176.3	1.201300025		0.013929								
2176.8	1.202399969		0.013956								
2177.3	1.203400016		0.013983								
2177.8	1.20449996		0.014009								
2178.3	1.205500007		0.014034								
2178.8	1.206500053		0.014059								
2179.2	1.207399964		0.014081								
2179.7	1.208400011		0.014105								
2180.2	1.209300041		0.014126								
2180.7	1.210199952		0.014146								
2181.2	1.210999966		0.014165								
2181.6	1.211899996		0.014186								
2182.1	1.212700009		0.014204								
2182.6	1.213500023		0.014221								
2183.1	1.214300036		0.014239								
2183.6	1.215000033		0.014255								
2184.1	1.215800047		0.014272								
2184.5	1.216500044		0.014287								
2185	1.217200041		0.014302								
2185.5	1.217900038		0.014317								
2186	1.218600035		0.014332								
2186.5	1.219300032		0.014344								
2187	1.219900012		0.014358								
2187.4	1.220600009		0.014371								
2187.9	1.221199989		0.014383								
2188.4	1.22179997		0.014395								
2188.9	1.22239995		0.014406								
2189.4	1.22300005		0.014418								
2189.8	1.223500013		0.014428								
2190.3	1.224099994		0.014437								
2190.8	1.224699974		0.014449								
2191.3	1.225200057		0.014459								
2191.8	1.225700021		0.014468								
2192.3	1.226300001		0.014476								
2192.7	1.226799965		0.014486								
2193.2	1.227300048		0.014494								
2193.7	1.227800012		0.014505								
2194.2	1.228399992		0.014514								
2194.7	1.228999972		0.014525								
2195.2	1.229900002		0.014542								
2195.6	1.229400039		0.017325999								
2196.1	1.228999972		0.014511								
2196.6	1.229799986		0.014531								
2197.1	1.230399966		0.014539								
2197.6	1.230900049		0.014548								
2198	1.231299996		0.014553								
2198.5	1.231699944		0.01456								
2199	1.23210001		0.014567								
2199.5	1.232499957		0.014572								
2200	1.232900023		0.014576								
2200.5	1.233299971		0.014581								
2200.9	1.23360002		0.014584								
2201.4	1.233999968		0.01459								
2201.9	1.234300017		0.014594								
2202.4	1.234599948		0.014598								
2202.9	1.234899998		0.014601								
2203.3	1.235299945		0.014606								
2203.8	1.235599995		0.014608								
2204.3	1.235900044		0.014611								
2204.8	1.236099958		0.014614								
2205.3	1.236400008		0.014617								
2205.8	1.236700058		0.014621								
2206.2	1.236999989		0.014621								
2206.7	1.237200022		0.014625								
2207.2	1.237499952		0.014627								
2207.7	1.237699986		0.014629								
2208.2	1.237900019		0.01463								
2208.7	1.238199949		0.014631								
2209.1	1.238399982		0.014631								
2209.6	1.238600016		0.014632								
2210.1	1.238800049		0.014632								
2210.6	1.238899946		0.014632								
2211.1	1.239099979		0.014633								
2211.5	1.239199996		0.014632								
2212	1.239400029		0.014632								
2212.5	1.239500046		0.01463								
2213	1.239599943		0.014627								
2213.5	1.239599943		0.014624								
2214	1.239599943		0.014622								
2214.4	1.239599943		0.014616								
2214.9	1.239300013		0.014605								
2215.4	1.238700032		0.014585								
2215.9	1.238899946		0.011839								
2216.4	1.24000001		0.011863								
2216.9	1.24059999		0.011876								
2217.3	1.241099954		0.011884								
2217.8	1.24150002		0.011892								
2218.3	1.241799951		0.011897								
2218.8	1.2421		0.011901								
2219.3	1.24240005		0.011904								
2219.7	1.242699981		0.011908								
2220.2	1.242900014		0.01191								
2220.7	1.243100047		0.011912								
2221.2	1.243299961		0.011914								
2221.7	1.243499994		0.011916								
2222.2	1.243700027		0.011917								
2222.6	1.243800044		0.011917								
2223.1	1.243999958		0.011917								
2223.6	1.244099975		0.011917								
2224.1	1.244199991		0.011915								
2224.6	1.244199991		0.011912								
2225	1.244199991		0.011911								
2225.5	1.244199991		0.011907								
2226	1.243999958		0.011897								
2226.5	1.243399978		0.011879								
2227	1.243700027		0.0091636								
2227.5	1.245200038		0.0091999								
2227.9	1.244899988		0.011908								
2228.4	1.244500041		0.0091766								
2228.9	1.245300055		0.0091966								
2229.4	1.245800018		0.0092053								
2229.9	1.246099949		0.009213								
2230.4	1.246399999		0.0092183								
2230.8	1.246700048		0.0092204								
2231.3	1.246899962		0.0092231								
2231.8	1.246999979		0.009226								
2232.3	1.247200012		0.0092262								
2232.8	1.247200012		0.0092257								
2233.2	1.247200012		0.0092229								
2233.7	1.246899962		0.0092098								
2234.2	1.247799993		0.0065309								
2234.7	1.248600006		0.0092505								
2235.2	1.247900009		0.0092303								
2235.7	1.247099996		0.0092053								
2236.1	1.247300029		0.0065107								
2236.6	1.248299956		0.0065376								
2237.1	1.248999953		0.0065531								
2237.6	1.24940002		0.0065647								
2238.1	1.249799967		0.0065736								
2238.6	1.250100017		0.0065807								
2239	1.250499964		0.0065869								
2239.5	1.250800014		0.0065941								
2240	1.251000047		0.0065998								
2240.5	1.251299977		0.0066056								
2241	1.25150001		0.0066098								
2241.4	1.251799941		0.0066134								
2241.9	1.251999974		0.0066191								
2242.4	1.252200007		0.0066236								
2242.9	1.252400041		0.0066255								
2243.4	1.252599955		0.0066301								
2243.9	1.252799988		0.006634								
2244.3	1.253000021		0.0066371								
2244.8	1.253100038		0.00664								
2245.3	1.253299952		0.0066422								
2245.8	1.253499985		0.0066444								
2246.3	1.253600001		0.0066459								
2246.7	1.253800035		0.006647								
2247.2	1.253900051		0.0066489								
2247.7	1.253999949		0.0066515								
2248.2	1.254099965		0.006652								
2248.7	1.254199982		0.0066513								
2249.2	1.254199982		0.0066518								
2249.6	1.254199982		0.0066496								
2250.1	1.254099965		0.0066448								
2250.6	1.253700018		0.0066327								
2251.1	1.254600048		0.0039905								
2251.6	1.255300045		0.0066694								
2252.1	1.254299998		0.006642								
2252.5	1.254600048		0.0039877								
2253	1.256199956		0.0040334								
2253.5	1.256399989		0.0066941								
2254	1.255599976		0.0066688								
2254.5	1.254699945		0.0066421								
2254.9	1.254699945		0.0039847								
2255.4	1.255699992		0.0040098								
2255.9	1.256199956		0.0040252								
2256.4	1.256600022		0.0040358								
2256.9	1.256899953		0.0040427								
2257.4	1.257200003		0.0040514								
2257.8	1.257500052		0.0040575								
2258.3	1.257799983		0.0040625								
2258.8	1.258000016		0.0040692								
2259.3	1.258200049		0.0040745								
2259.8	1.258399963		0.0040797								
2260.3	1.258599997		0.004083								
2260.7	1.25880003		0.0040873								
2261.2	1.258999944		0.004092								
2261.7	1.259199977		0.0040976								
2262.2	1.25940001		0.0041012								
2262.7	1.259600043		0.0041059								
2263.1	1.259799957		0.0041097								
2263.6	1.25999999		0.0041124								
2264.1	1.260100007		0.0041163								
2264.6	1.26030004		0.0041183								
2265.1	1.260499954		0.004124								
2265.6	1.260599971		0.0041267								
2266	1.260800004		0.0041298								
2266.5	1.260900021		0.0041323								
2267	1.261100054		0.0041355								
2267.5	1.261299968		0.0041386								
2268	1.261399984		0.0041418								
2268.5	1.261600018		0.004145								
2268.9	1.261700034		0.004148								
2269.4	1.261800051		0.0041505								
2269.9	1.261999965		0.0041534								
2270.4	1.262099981		0.0041553								
2270.9	1.262300014		0.0041586								
2271.3	1.262400031		0.0041614								
2271.8	1.262500048		0.0041636								
2272.3	1.262699962		0.0041674								
2272.8	1.262799978		0.0041689								
2273.3	1.262899995		0.0041699								
2273.8	1.263100028		0.004173								
2274.2	1.263200045		0.0041767								
2274.7	1.263299942		0.0041782								
2275.2	1.263399959		0.0041798								
2275.7	1.263599992		0.0041829								
2276.2	1.263700008		0.0041844								
2276.6	1.263800025		0.0041872								
2277.1	1.263900042		0.0041881								
2277.6	1.264000058		0.0041901								
2278.1	1.264199972		0.0041932								
2278.6	1.264299989		0.0041947								
2279.1	1.264400005		0.0041959								
2279.5	1.264500022		0.0041982								
2280	1.264600039		0.0041995								
2280.5	1.264700055		0.0042015								
2281	1.264799953		0.0042037								
2281.5	1.264899969		0.0042051								
2282	1.265100002		0.0042071								
2282.4	1.265200019		0.0042086								
2282.9	1.265300035		0.0042109								
2283.4	1.265400052		0.0042115								
2283.9	1.265499949		0.0042142								
2284.4	1.265599966		0.0042149								
2284.8	1.265699983		0.0042168								
2285.3	1.265799999		0.0042177								
2285.8	1.265900016		0.0042199								
2286.3	1.266000032		0.0042216								
2286.8	1.266100049		0.0042237								
2287.3	1.266199946		0.0042233								
2287.7	1.266299963		0.004225								
2288.2	1.26639998		0.0042278								
2288.7	1.266499996		0.004228								
2289.2	1.266600013		0.0042301								
2289.7	1.266700029		0.0042303								
2290.2	1.266700029		0.0042318								
2290.6	1.266800046		0.0042335								
2291.1	1.266899943		0.0042351								
2291.6	1.26699996		0.0042359								
2292.1	1.267099977		0.0042361								
2292.6	1.267199993		0.0042377								
2293	1.26730001		0.0042399								
2293.5	1.267400026		0.0042408								
2294	1.267500043		0.0042421								
2294.5	1.267500043		0.0042421								
2295	1.26760006		0.004244								
2295.5	1.267699957		0.0042456								
2295.9	1.267799973		0.0042466								
2296.4	1.26789999		0.0042473								
2296.9	1.268000007		0.0042466								
2297.4	1.268000007		0.0042493								
2297.9	1.268100023		0.0042498								
2298.4	1.26820004		0.0042497								
2298.8	1.268300056		0.0042526								
2299.3	1.268300056		0.0042523								
2299.8	1.268399954		0.0042542								
2300.3	1.26849997		0.0042537								
2300.8	1.268599987		0.0042552								
2301.2	1.268599987		0.0042576								
2301.7	1.268700004		0.0042565								
2302.2	1.26880002		0.004258								
2302.7	1.268900037		0.0042578								
2303.2	1.268900037		0.0042589								
2303.7	1.269000053		0.0042596								
2304.1	1.269099951		0.004261								
2304.6	1.269099951		0.0042608								
2305.1	1.269199967		0.0042604								
2305.6	1.269299984		0.0042617								
2306.1	1.269299984		0.0042611								
2306.5	1.269400001		0.0042624								
2307	1.269500017		0.0042642								
2307.5	1.269500017		0.0042642								
2308	1.269600034		0.0042647								
2308.5	1.26970005		0.0042645								
2309	1.26970005		0.0042648								
2309.4	1.269799948		0.0042661								
2309.9	1.269799948		0.004265								
2310.4	1.269899964		0.0042683								
2310.9	1.269999981		0.0042676								
2311.4	1.269999981		0.0042678								
2311.9	1.270099998		0.0042672								
2312.3	1.270099998		0.0042678								
2312.8	1.270200014		0.0042692								
2313.3	1.270200014		0.0042683								
2313.8	1.270300031		0.0042671								
2314.3	1.270300031		0.0042681								
2314.7	1.270400047		0.0042676								
2315.2	1.270400047		0.0042678								
2315.7	1.270400047		0.0042675								
2316.2	1.270499945		0.0042676								
2316.7	1.270499945		0.0042672								
2317.2	1.270499945		0.0042661								
2317.6	1.270499945		0.0042639								
2318.1	1.270499945		0.0042626								
2318.6	1.270400047		0.0042616								
2319.1	1.270300031		0.0042566								
2319.6	1.269899964		0.004244								
2320.1	1.270699978		0.001718								
2320.5	1.271399975		0.0042812								
2321	1.270599961		0.0042571								
2321.5	1.271199942		0.0017298								
2322	1.271900058		0.0042917								
2322.5	1.271399975		0.0042757								
2322.9	1.270799994		0.0042593								
2323.4	1.271600008		0.0017368								
2323.9	1.272300005		0.0042986								
2324.4	1.271800041		0.0042844								
2324.9	1.271600008		0.0042781								
2325.4	1.271499991		0.0042709								
2325.8	1.271299958		0.0042673								
2326.3	1.271100044		0.0042574								
2326.8	1.270499945		0.0042413								
2327.3	1.270799994		0.0017122								
2327.8	1.272300005		0.0017544								
2328.2	1.272500038		0.0042924								
2328.7	1.271299958		0.0042602								
2329.2	1.271499991		0.0017275								
2329.7	1.272899985		0.0017668								
2330.2	1.273000002		0.0043002								
2330.7	1.271800041		0.0042669								
2331.1	1.271900058		0.0017343								
2331.6	1.273100019		0.0017725								
2332.1	1.272899985		0.0042922								
2332.6	1.272600055		0.0017549								
2333.1	1.273900032		0.0017921								
2333.6	1.273900032		0.0043176								
2334	1.272699952		0.0042845								
2334.5	1.272899985		0.0017598								
2335	1.274199963		0.0018001								
2335.5	1.274399996		0.0043243								
2336	1.273300052		0.0042945								
2336.4	1.273699999		0.0017838								
2336.9	1.274199963		0.0043179								
2337.4	1.273100019		0.0042871								
2337.9	1.273300052		0.001768								
2338.4	1.274700046		0.0018095								
2338.9	1.274799943		0.0043286								
2339.3	1.273699999		0.0042983								
2339.8	1.273900032		0.0017824								
2340.3	1.275200009		0.0018206								
2340.8	1.275099993		0.0043312								
2341.3	1.274999976		0.0018119								
2341.8	1.276499987		0.0018542								
2342.2	1.276900053		0.0043761								
2342.7	1.276499987		0.0043653								
2343.2	1.276600003		0.0043675								
2343.7	1.2773		0.0043808								
2344.2	1.277199984		0.0068908								
2344.6	1.276499987		0.006871								
2345.1	1.276499987		0.0068704								
2345.6	1.27579999		0.0093666								
2346.1	1.274299979		0.0093293								
2346.6	1.273000002		0.0092978								
2347.1	1.271399975		0.0092567								
2347.5	1.270300031		0.0067029								
2348	1.270799994		0.0041975								
2348.5	1.271800041		0.0042228								
2349	1.272199988		0.0042332								
2349.5	1.272500038		0.0042384								
2349.9	1.272600055		0.0042411								
2350.4	1.272699952		0.0042406								
2350.9	1.272600055		0.0042385								
2351.4	1.272300005		0.004228								
2351.9	1.273100019		0.0017442								
2352.4	1.273900032		0.004271								
2352.8	1.273499966		0.0042582								
2353.3	1.273300052		0.0042535								
2353.8	1.273200035		0.0042483								
2354.3	1.273100019		0.0042428								
2354.8	1.272899985		0.0042363								
2355.3	1.272600055		0.0042278								
2355.7	1.271900058		0.0042084								
2356.2	1.272099972		0.0017081								
2356.7	1.273399949		0.0017462								
2357.2	1.273100019		0.0042359								
2357.7	1.272600055		0.0017213								
2358.1	1.273300052		0.0017408								
2358.6	1.273800015		0.0017529								
2359.1	1.274099946		0.0017632								
2359.6	1.274700046		0.0017802								
2360.1	1.274099946		0.004257								
2360.6	1.273499966		0.0017427								
2361	1.274099946		0.0017592								
2361.5	1.274399996		0.001767								
2362	1.274600029		0.0017732								
2362.5	1.274799943		0.0017788								
2363	1.275099993		0.0017859								
2363.5	1.275599957		0.0017996								
2363.9	1.27489996		0.00427								
2364.4	1.274199963		0.0017582								
2364.9	1.274700046		0.0017735								
2365.4	1.274999976		0.0017768								
2365.9	1.275099993		0.001783								
2366.3	1.275200009		0.0017852								
2366.8	1.275400043		0.0017891								
2367.3	1.275500059		0.001791								
2367.8	1.275599957		0.0017923								
2368.3	1.275699973		0.0017949								
2368.8	1.275699973		0.0017976								
2369.2	1.27579999		0.0017991								
2369.7	1.275900006		0.0018015								
2370.2	1.276000023		0.0018018								
2370.7	1.276100039		0.0018057								
2371.2	1.276200056		0.0018071								
2371.6	1.276299953		0.0018097								
2372.1	1.27639997		0.0018133								
2372.6	1.276600003		0.0018182								
2373.1	1.277099967		0.0018307								
2373.6	1.276299953		0.0042852								
2374.1	1.275599957		0.0017872								
2374.5	1.276100039		0.0017992								
2375	1.276299953		0.0018051								
2375.5	1.27639997		0.001807								
2376	1.276499987		0.0018101								
2376.5	1.276600003		0.0018115								
2377	1.27670002		0.0018145								
2377.4	1.27670002		0.0018147								
2377.9	1.276800036		0.0018163								
2378.4	1.276900053		0.0018188								
2378.9	1.276900053		0.0018185								
2379.4	1.27699995		0.0018197								
2379.8	1.277099967		0.001821								
2380.3	1.277099967		0.0018209								
2380.8	1.277199984		0.0018216								
2381.3	1.277199984		0.0018238								
2381.8	1.2773		0.0018252								
2382.3	1.2773		0.0018246								
2382.7	1.277400017		0.001826								
2383.2	1.277400017		0.0018259								
2383.7	1.277500033		0.0018281								
2384.2	1.277500033		0.0018287								
2384.7	1.27760005		0.0018294								
2385.2	1.27760005		0.0018302								
2385.6	1.277699947		0.00183								
2386.1	1.277699947		0.0018319								
2386.6	1.277799964		0.0018321								
2387.1	1.277799964		0.0018319								
2387.6	1.277899981		0.0018344								
2388	1.277899981		0.0018355								
2388.5	1.277999997		0.0018348								
2389	1.277999997		0.0018355								
2389.5	1.278100014		0.0018382								
2390	1.278100014		0.0018359								
2390.5	1.278100014		0.0018371								
2390.9	1.27820003		0.0018392								
2391.4	1.27820003		0.0018389								
2391.9	1.278300047		0.0018398								
2392.4	1.278300047		0.0018413								
2392.9	1.278399944		0.0018409								
2393.4	1.278399944		0.001842								
2393.8	1.278399944		0.0018405								
2394.3	1.278499961		0.0018439								
2394.8	1.278499961		0.0018429								
2395.3	1.278599977		0.001844								
2395.8	1.278599977		0.0018448								
2396.2	1.278699994		0.0018444								
2396.7	1.278699994		0.0018464								
2397.2	1.278699994		0.0018462								
2397.7	1.278800011		0.0018474								
2398.2	1.278800011		0.0018475								
2398.7	1.278900027		0.0018462								
2399.1	1.278900027		0.0018486								
2399.6	1.278900027		0.0018491								
2400.1	1.279000044		0.0018489								
2400.6	1.279000044		0.0018504								
2401.1	1.279000044		0.0018495								
2401.5	1.279099941		0.0018505								
2402	1.279099941		0.0018517								
2402.5	1.279199958		0.0018518								
2403	1.279199958		0.0018517								
2403.5	1.279199958		0.0018525								
2404	1.279299974		0.0018535								
2404.4	1.279299974		0.0018536								
2404.9	1.279299974		0.0018536								
2405.4	1.279399991		0.0018533								
2405.9	1.279399991		0.0018543								
2406.4	1.279399991		0.0018549								
2406.9	1.279500008		0.0018555								
2407.3	1.279500008		0.001856								
2407.8	1.279500008		0.0018564								
2408.3	1.279600024		0.0018568								
2408.8	1.279600024		0.0018579								
2409.3	1.279700041		0.0018576								
2409.7	1.279700041		0.001857								
2410.2	1.279700041		0.0018591								
2410.7	1.279800057		0.0018595								
2411.2	1.279800057		0.0018576								
2411.7	1.279800057		0.0018594								
2412.2	1.279899955		0.0018603								
2412.6	1.279899955		0.0018607								
2413.1	1.279899955		0.0018603								
2413.6	1.279999971		0.0018605								
2414.1	1.279999971		0.0018607								
2414.6	1.279999971		0.001861								
2415.1	1.279999971		0.0018631								
2415.5	1.280099988		0.0018631								
2416	1.280099988		0.0018629								
2416.5	1.280099988		0.0018631								
2417	1.280200005		0.0018622								
2417.5	1.280200005		0.0018626								
2417.9	1.280200005		0.0018641								
2418.4	1.280300021		0.0018638								
2418.9	1.280300021		0.001864								
2419.4	1.280300021		0.0018644								
2419.9	1.280400038		0.0018646								
2420.4	1.280400038		0.0018657								
2420.8	1.280400038		0.0018656								
2421.3	1.280400038		0.0018644								
2421.8	1.280500054		0.0018662								
2422.3	1.280500054		0.0018643								
2422.8	1.280500054		0.0018669								
2423.2	1.280599952		0.0018667								
2423.7	1.280599952		0.0018671								
2424.2	1.280599952		0.0018667								
2424.7	1.280599952		0.0018672								
2425.2	1.280699968		0.0018674								
2425.7	1.280699968		0.0018679								
2426.1	1.280699968		0.0018681								
2426.6	1.280799985		0.0018679								
2427.1	1.280799985		0.0018682								
2427.6	1.280799985		0.0018677								
2428.1	1.280799985		0.0018696								
2428.6	1.280900002		0.0018705								
2429	1.280900002		0.0018694								
2429.5	1.280900002		0.00187								
2430	1.281000018		0.0018702								
2430.5	1.281000018		0.0018692								
2431	1.281000018		0.0018698								
2431.4	1.281000018		0.0018703								
2431.9	1.281100035		0.0018703								
2432.4	1.281100035		0.0018703								
2432.9	1.281100035		0.0018705								
2433.4	1.281100035		0.0018706								
2433.9	1.281200051		0.0018705								
2434.3	1.281200051		0.001871								
2434.8	1.281200051		0.0018723								
2435.3	1.281200051		0.001871								
2435.8	1.281299949		0.001871								
2436.3	1.281299949		0.0018717								
2436.8	1.281299949		0.0018708								
2437.2	1.281299949		0.0018719								
2437.7	1.281399965		0.0018723								
2438.2	1.281399965		0.0018722								
2438.7	1.281399965		0.0018729								
2439.2	1.281399965		0.0018725								
2439.6	1.281499982		0.0018719								
2440.1	1.281499982		0.0018727								
2440.6	1.281499982		0.0018724								
2441.1	1.281499982		0.001873								
2441.6	1.281499982		0.0018729								
2442.1	1.281599998		0.0018729								
2442.5	1.281599998		0.0018727								
2443	1.281599998		0.0018728								
2443.5	1.281599998		0.0018724								
2444	1.281700015		0.0018729								
2444.5	1.281700015		0.0018734								
2444.9	1.281700015		0.0018736								
2445.4	1.281700015		0.0018735								
2445.9	1.281700015		0.0018721								
2446.4	1.281800032		0.0018729								
2446.9	1.281800032		0.0018734								
2447.4	1.281800032		0.0018734								
2447.8	1.281800032		0.0018741								
2448.3	1.281900048		0.0018752								
2448.8	1.281900048		0.0018737								
2449.3	1.281900048		0.001874								
2449.8	1.281900048		0.0018753								
2450.3	1.281900048		0.0018729								
2450.7	1.281999946		0.0018733								
2451.2	1.281999946		0.0018741								
2451.7	1.281999946		0.0018737								
2452.2	1.281999946		0.0018742								
2452.7	1.281999946		0.0018746								
2453.1	1.282099962		0.0018739								
2453.6	1.282099962		0.0018722								
2454.1	1.282099962		0.0018736								
2454.6	1.282099962		0.0018744								
2455.1	1.282099962		0.0018737								
2455.6	1.282199979		0.0018744								
2456	1.282199979		0.0018736								
2456.5	1.282199979		0.0018727								
2457	1.282199979		0.0018731								
2457.5	1.282199979		0.0018743								
2458	1.282199979		0.0018737								
2458.5	1.282299995		0.0018734								
2458.9	1.282299995		0.0018731								
2459.4	1.282299995		0.0018728								
2459.9	1.282299995		0.0018731								
2460.4	1.282299995		0.0018731								
2460.9	1.282299995		0.0018725								
2461.3	1.282400012		0.0018736								
2461.8	1.282400012		0.0018725								
2462.3	1.282400012		0.0018727								
2462.8	1.282400012		0.0018724								
2463.3	1.282400012		0.0018729								
2463.8	1.282400012		0.0018724								
2464.2	1.282500029		0.0018725								
2464.7	1.282500029		0.0018715								
2465.2	1.282500029		0.0018721								
2465.7	1.282500029		0.0018725								
2466.2	1.282500029		0.0018716								
2466.7	1.282500029		0.0018719								
2467.1	1.282500029		0.0018719								
2467.6	1.282600045		0.0018717								
2468.1	1.282600045		0.0018713								
2468.6	1.282600045		0.0018717								
2469.1	1.282600045		0.0018719								
2469.5	1.282600045		0.0018708								
2470	1.282600045		0.0018699								
2470.5	1.282600045		0.0018693								
2471	1.282600045		0.0018688								
2471.5	1.282699943		0.0018698								
2472	1.282699943		0.0018697								
2472.4	1.282699943		0.0018698								
2472.9	1.282699943		0.0018687								
2473.4	1.282699943		0.0018692								
2473.9	1.282699943		0.0018684								
2474.4	1.282699943		0.0018684								
2474.9	1.282699943		0.0018674								
2475.3	1.282699943		0.0018679								
2475.8	1.282699943		0.0018677								
2476.3	1.282699943		0.0018672								
2476.8	1.282799959		0.0018663								
2477.3	1.282799959		0.001866								
2477.7	1.282799959		0.0018665								
2478.2	1.282799959		0.001865								
2478.7	1.282799959		0.0018644								
2479.2	1.282799959		0.0018642								
2479.7	1.282799959		0.0018626								
2480.2	1.282799959		0.0018626								
2480.6	1.282699943		0.0018622								
2481.1	1.282699943		0.0018607								
2481.6	1.282699943		0.0018595								
2482.1	1.282699943		0.0018584								
2482.6	1.282600045		0.0018553								
2483	1.282500029		0.0018518								
2483.5	1.282099962		0.0018407								
2484	1.282899976		1.19E-7								
2484.5	1.283599973		0.0018823								
2485	1.283200026		0.001871								
2485.5	1.283100009		0.0018666								
2485.9	1.282999992		0.0018643								
2486.4	1.282999992		0.0018624								
2486.9	1.282899976		0.0018593								
2487.4	1.282899976		0.0018584								
2487.9	1.282899976		0.0018553								
2488.4	1.282799959		0.0018553								
2488.8	1.282699943		0.0018512								
2489.3	1.282699943		0.0018497								
2489.8	1.282500029		0.0018442								
2490.3	1.282099962		0.0018321								
2490.8	1.282799959		1.19E-7								
2491.2	1.283499956		0.0018705								
2491.7	1.282899976		0.001855								
2492.2	1.282400012		0.0018396								
2492.7	1.283100009		1.19E-7								
2493.2	1.283800006		0.0018779								
2493.7	1.283400059		0.0018646								
2494.1	1.283200026		0.0018576								
2494.6	1.283100009		0.0018553								
2495.1	1.282999992		0.0018528								
2495.6	1.282899976		0.0018487								
2496.1	1.282799959		0.0018462								
2496.6	1.282799959		0.0018433								
2497	1.282699943		0.0018402								
2497.5	1.282600045		0.0018369								
2498	1.282400012		0.0018332								
2498.5	1.282299995		0.0018281								
2499	1.282099962		0.0018216								
2499.4	1.281599998		0.0018078								
2499.9	1.281399965		0.0018007								