Reference:	"Hudgins et al. (1993)"
DOI:	"doi:https://doi.org/10.1086/191796"
Sample Type:	"Ice"
Composition:	"CO:OCS (20:1)"
Temperature:	"25K"
OCdb page:	"https://ocdb.smce.nasa.gov/dataset/104"
n₁ Error Units:	Not Applicable
k₁ Error Units:	Not Applicable
T₁ Error Units:	Not Applicable

"Wavenumber (cm⁻¹)"	"n₁"	"Dn₁  (+/-)"		"Wavenumber (cm⁻¹)"	"k₁"	"Dk₁  (+/-)"		"Wavenumber (cm⁻¹)"	"T₁"	"DT₁  (+/-)"	
1600.1	1.3203			1600.1	0.0038904			1600.1	99.9		
1600.6	1.3208			1600.6	0.00033629			1601	99.9		
1601	1.321			1601	0.0038977			1601.5	99.9		
1601.5	1.3199			1601.5	0.003886			1602.5	99.9		
1602	1.3194			1602	0.0038786			1603.4	99.9		
1602.5	1.319			1602.5	0.0038722			1604.4	99.9		
1603	1.3187			1603	0.0038668			1605.4	99.9		
1603.4	1.3185			1603.4	0.0038637			1606.3	99.9		
1603.9	1.3183			1603.9	0.0038601			1607.3	99.9		
1604.4	1.3181			1604.4	0.0038565			1608.3	99.9		
1604.9	1.318			1604.9	0.0038544			1609.2	99.9		
1605.4	1.3179			1605.4	0.0038505			1610.2	100		
1605.9	1.3177			1605.9	0.0038489			1611.2	99.9		
1606.3	1.3176			1606.3	0.0038472			1612.1	99.9		
1606.8	1.3175			1606.8	0.0038441			1613.1	99.9		
1607.3	1.3174			1607.3	0.0038435			1614.1	99.9		
1607.8	1.3173			1607.8	0.003841			1615	99.9		
1608.3	1.3171			1608.3	0.0038364			1616	99.9		
1608.7	1.317			1608.7	0.0038325			1616.9	99.9		
1609.2	1.3167			1609.2	0.0038294			1617.9	99.9		
1609.7	1.3161			1609.7	0.0038213			1618.9	99.9		
1610.2	1.3172			1610.2	0.00028419			1619.8	99.9		
1610.7	1.3183			1610.7	0.0038465			1620.8	99.9		
1611.2	1.3176			1611.2	0.0038377			1621.8	99.9		
1611.6	1.3174			1611.6	0.0038356			1622.7	99.9		
1612.1	1.3173			1612.1	0.0038314			1623.7	99.9		
1612.6	1.3172			1612.6	0.0038275			1624.7	99.9		
1613.1	1.3171			1613.1	0.0038259			1625.6	99.9		
1613.6	1.317			1613.6	0.0038239			1626.6	99.9		
1614.1	1.317			1614.1	0.0038229			1627.6	99.9		
1614.5	1.3169			1614.5	0.003821			1628.5	99.9		
1615	1.3168			1615	0.0038205			1629.5	99.9		
1615.5	1.3168			1615.5	0.0038177			1630.4	99.9		
1616	1.3168			1616	0.0038153			1631.4	99.9		
1616.5	1.3167			1616.5	0.0038151			1632.4	99.9		
1616.9	1.3167			1616.9	0.0038117			1633.3	99.9		
1617.4	1.3167			1617.4	0.0038111			1634.3	99.9		
1617.9	1.3166			1617.9	0.0038092			1635.3	99.9		
1618.4	1.3166			1618.4	0.0038092			1636.2	99.9		
1618.9	1.3166			1618.9	0.0038093			1637.2	99.9		
1619.4	1.3165			1619.4	0.0038054			1638.2	99.9		
1619.8	1.3165			1619.8	0.0038042			1639.1	99.9		
1620.3	1.3165			1620.3	0.0038037			1640.1	99.9		
1620.8	1.3164			1620.8	0.0038027			1641.1	99.9		
1621.3	1.3164			1621.3	0.0038017			1642	99.9		
1621.8	1.3164			1621.8	0.0037996			1643	99.9		
1622.3	1.3164			1622.3	0.0037979			1644	99.9		
1622.7	1.3163			1622.7	0.0037962			1644.9	99.9		
1623.2	1.3163			1623.2	0.003795			1645.9	99.9		
1623.7	1.3163			1623.7	0.0037946			1646.8	99.9		
1624.2	1.3163			1624.2	0.0037941			1647.8	99.9		
1624.7	1.3162			1624.7	0.0037918			1648.8	99.9		
1625.1	1.3162			1625.1	0.0037905			1649.7	99.9		
1625.6	1.3162			1625.6	0.0037876			1650.7	99.9		
1626.1	1.3162			1626.1	0.0037884			1651.7	99.9		
1626.6	1.3162			1626.6	0.0037872			1652.6	99.9		
1627.1	1.3162			1627.1	0.0037856			1653.6	99.9		
1627.6	1.3161			1627.6	0.0037836			1654.6	99.9		
1628	1.3161			1628	0.003782			1655.5	99.9		
1628.5	1.3161			1628.5	0.0037823			1656.5	99.9		
1629	1.3161			1629	0.003781			1657.5	99.9		
1629.5	1.3161			1629.5	0.0037788			1658.4	99.9		
1630	1.3161			1630	0.0037785			1659.4	99.9		
1630.4	1.316			1630.4	0.0037779			1660.3	99.9		
1630.9	1.316			1630.9	0.0037764			1661.3	99.9		
1631.4	1.316			1631.4	0.0037742			1662.3	100		
1631.9	1.316			1631.9	0.0037731			1663.2	99.9		
1632.4	1.316			1632.4	0.0037732			1664.2	99.9		
1632.9	1.316			1632.9	0.0037707			1665.2	99.9		
1633.3	1.3159			1633.3	0.0037701			1666.1	100		
1633.8	1.3159			1633.8	0.003769			1667.1	99.9		
1634.3	1.3159			1634.3	0.0037678			1668.1	100		
1634.8	1.3159			1634.8	0.0037661			1669	99.9		
1635.3	1.3159			1635.3	0.0037652			1670	99.9		
1635.8	1.3159			1635.8	0.0037643			1671	99.9		
1636.2	1.3159			1636.2	0.0037624			1671.9	99.9		
1636.7	1.3158			1636.7	0.0037612			1672.9	99.9		
1637.2	1.3158			1637.2	0.0037595			1673.8	100		
1637.7	1.3158			1637.7	0.0037596			1674.8	100		
1638.2	1.3158			1638.2	0.0037583			1675.8	99.9		
1638.6	1.3158			1638.6	0.0037582			1676.7	100		
1639.1	1.3158			1639.1	0.0037558			1677.7	100		
1639.6	1.3158			1639.6	0.0037534			1678.7	99.9		
1640.1	1.3158			1640.1	0.0037546			1679.6	100		
1640.6	1.3157			1640.6	0.0037531			1680.6	100		
1641.1	1.3157			1641.1	0.003752			1681.6	100		
1641.5	1.3157			1641.5	0.0037509			1682.5	100		
1642	1.3157			1642	0.0037497			1683.5	99.9		
1642.5	1.3157			1642.5	0.0037487			1684.5	99.9		
1643	1.3157			1643	0.0037464			1685.4	99.9		
1643.5	1.3157			1643.5	0.003746			1686.4	100		
1644	1.3156			1644	0.0037457			1687.4	99.9		
1644.4	1.3156			1644.4	0.0037458			1688.3	100		
1644.9	1.3156			1644.9	0.0037435			1689.3	100		
1645.4	1.3156			1645.4	0.0037409			1690.2	99.9		
1645.9	1.3156			1645.9	0.0037414			1691.2	100		
1646.4	1.3156			1646.4	0.0037394			1692.2	100		
1646.8	1.3156			1646.8	0.0037383			1693.1	100		
1647.3	1.3155			1647.3	0.0037373			1694.1	100		
1647.8	1.3155			1647.8	0.003736			1695.1	100		
1648.3	1.3155			1648.3	0.0037354			1696	99.9		
1648.8	1.3155			1648.8	0.0037342			1697	99.9		
1649.3	1.3155			1649.3	0.0037328			1698	100		
1649.7	1.3155			1649.7	0.0037323			1698.9	100		
1650.2	1.3155			1650.2	0.0037315			1699.9	99.9		
1650.7	1.3154			1650.7	0.0037298			1700.9	99.9		
1651.2	1.3154			1651.2	0.0037293			1701.8	100		
1651.7	1.3154			1651.7	0.0037271			1702.8	99.9		
1652.2	1.3154			1652.2	0.0037249			1703.8	99.9		
1652.6	1.3154			1652.6	0.0037249			1704.7	99.9		
1653.1	1.3154			1653.1	0.003723			1705.7	99.9		
1653.6	1.3153			1653.6	0.0037235			1706.6	99.9		
1654.1	1.3153			1654.1	0.0037217			1707.6	99.9		
1654.6	1.3153			1654.6	0.0037194			1708.6	99.9		
1655	1.3153			1655	0.0037197			1709.5	99.9		
1655.5	1.3152			1655.5	0.0037173			1710.5	99.9		
1656	1.3152			1656	0.0037166			1711.5	99.9		
1656.5	1.3152			1656.5	0.0037143			1712.4	100		
1657	1.3152			1657	0.0037144			1713.4	99.9		
1657.5	1.3151			1657.5	0.0037125			1714.4	99.9		
1657.9	1.3151			1657.9	0.0037116			1715.3	100		
1658.4	1.3151			1658.4	0.0037106			1716.3	99.9		
1658.9	1.315			1658.9	0.0037087			1717.3	100		
1659.4	1.315			1659.4	0.0037059			1718.2	99.9		
1659.9	1.3149			1659.9	0.0037038			1719.2	99.9		
1660.3	1.3148			1660.3	0.0037042			1720.1	100		
1660.8	1.3147			1660.8	0.0037			1721.1	100		
1661.3	1.3144			1661.3	0.0036951			1722.1	100		
1661.8	1.3139			1661.8	0.0036851			1723	100		
1662.3	1.3149			1662.3	0.00025475			1724	100		
1662.8	1.3159			1662.8	0.0037141			1725	100		
1663.2	1.3153			1663.2	0.0037038			1725.9	100		
1663.7	1.315			1663.7	0.0036994			1726.9	100		
1664.2	1.3148			1664.2	0.0036948			1727.9	100		
1664.7	1.3146			1664.7	0.0036906			1728.8	100		
1665.2	1.3143			1665.2	0.0036871			1729.8	100		
1665.7	1.3136			1665.7	0.003677			1730.8	99.9		
1666.1	1.3145			1666.1	0.00024951			1731.7	100		
1666.6	1.3153			1666.6	0.003698			1732.7	100		
1667.1	1.3139			1667.1	0.0036775			1733.6	99.9		
1667.6	1.3143			1667.6	0.00024581			1734.6	99.9		
1668.1	1.3163			1668.1	0.00027978			1735.6	100		
1668.5	1.3167			1668.5	0.0037116			1736.5	100		
1669	1.3159			1669	0.0036993			1737.5	100		
1669.5	1.3155			1669.5	0.0036937			1738.5	100		
1670	1.3153			1670	0.0036898			1739.4	100		
1670.5	1.3151			1670.5	0.0036858			1740.4	100		
1671	1.3149			1671	0.0036834			1741.4	100		
1671.4	1.3147			1671.4	0.0036806			1742.3	100		
1671.9	1.3145			1671.9	0.0036756			1743.3	100		
1672.4	1.3142			1672.4	0.0036691			1744.3	100		
1672.9	1.3137			1672.9	0.0036637			1745.2	100		
1673.4	1.3128			1673.4	0.0036503			1746.2	100		
1673.8	1.3131			1673.8	0.00022781			1747.2	100		
1674.3	1.3146			1674.3	0.00025189			1748.1	100		
1674.8	1.316			1674.8	0.00027573			1749.1	99.9		
1675.3	1.3161			1675.3	0.0036925			1750	100		
1675.8	1.3149			1675.8	0.0036734			1751	100		
1676.3	1.3138			1676.3	0.0036594			1752	99.9		
1676.7	1.3143			1676.7	0.0002476			1752.9	100		
1677.2	1.3144			1677.2	0.003665			1753.9	100		
1677.7	1.3141			1677.7	0.0002445			1754.9	100		
1678.2	1.3157			1678.2	0.00027227			1755.8	100		
1678.7	1.3157			1678.7	0.0036795			1756.8	100		
1679.2	1.3139			1679.2	0.0036538			1757.8	100		
1679.6	1.3137			1679.6	0.00023937			1758.7	100		
1680.1	1.3147			1680.1	0.00025475			1759.7	100		
1680.6	1.3153			1680.6	0.00026679			1760.7	100		
1681.1	1.3159			1681.1	0.00027549			1761.6	100		
1681.6	1.3169			1681.6	0.00029039			1762.6	100		
1682	1.3162			1682	0.0036799			1763.5	100		
1682.5	1.3157			1682.5	0.00027192			1764.5	100		
1683	1.3173			1683	0.000296			1765.5	100		
1683.5	1.3174			1683.5	0.003693			1766.4	100		
1684	1.3163			1684	0.0036772			1767.4	100		
1684.5	1.3156			1684.5	0.003666			1768.4	100		
1684.9	1.315			1684.9	0.0036548			1769.3	100		
1685.4	1.3138			1685.4	0.0036401			1770.3	100		
1685.9	1.3139			1685.9	0.00024462			1771.3	100		
1686.4	1.3152			1686.4	0.00026405			1772.2	100		
1686.9	1.3165			1686.9	0.00028408			1773.2	99.9		
1687.4	1.3163			1687.4	0.0036694			1774.2	100		
1687.8	1.3144			1687.8	0.0036443			1775.1	100		
1688.3	1.3142			1688.3	0.000247			1776.1	99.9		
1688.8	1.3152			1688.8	0.00026429			1777.1	100		
1689.3	1.3158			1689.3	0.00027382			1778	100		
1689.8	1.3167			1689.8	0.00028884			1779	100		
1690.2	1.3158			1690.2	0.0036595			1779.9	100		
1690.7	1.315			1690.7	0.00026023			1780.9	100		
1691.2	1.3158			1691.2	0.00027215			1781.9	100		
1691.7	1.3162			1691.7	0.00028121			1782.8	100		
1692.2	1.3165			1692.2	0.0002861			1783.8	100		
1692.7	1.3168			1692.7	0.00029051			1784.8	100		
1693.1	1.3171			1693.1	0.00029612			1785.7	99.9		
1693.6	1.3176			1693.6	0.00030339			1786.7	99.9		
1694.1	1.3185			1694.1	0.00031769			1787.7	100		
1694.6	1.3179			1694.6	0.00368			1788.6	100		
1695.1	1.3178			1695.1	0.0003072			1789.6	100		
1695.6	1.3183			1695.6	0.0036819			1790.6	100		
1696	1.3172			1696	0.0036658			1791.5	100		
1696.5	1.3163			1696.5	0.0036548			1792.5	100		
1697	1.3152			1697	0.0036377			1793.4	100		
1697.5	1.3152			1697.5	0.00026524			1794.4	100		
1698	1.3163			1698	0.00028455			1795.4	100		
1698.4	1.317			1698.4	0.00029564			1796.3	100		
1698.9	1.3178			1698.9	0.00030649			1797.3	100		
1699.4	1.3189			1699.4	0.00032556			1798.3	99.9		
1699.9	1.3189			1699.9	0.0036836			1799.2	99.9		
1700.4	1.3178			1700.4	0.0036671			1800.2	100		
1700.9	1.317			1700.9	0.003654			1801.2	100		
1701.3	1.316			1701.3	0.0036405			1802.1	100		
1701.8	1.3162			1701.8	0.00028265			1803.1	99.9		
1702.3	1.318			1702.3	0.00031102			1804.1	99.9		
1702.8	1.3178			1702.8	0.0036639			1805	99.9		
1703.3	1.3181			1703.3	0.00031364			1806	99.9		
1703.8	1.3188			1703.8	0.0036744			1806.9	100		
1704.2	1.318			1704.2	0.0036628			1807.9	100		
1704.7	1.3176			1704.7	0.0036565			1808.9	100		
1705.2	1.3174			1705.2	0.0036525			1809.8	100		
1705.7	1.3172			1705.7	0.0036488			1810.8	100		
1706.2	1.317			1706.2	0.0036464			1811.8	100		
1706.6	1.3169			1706.6	0.0036436			1812.7	99.9		
1707.1	1.3168			1707.1	0.0036418			1813.7	100		
1707.6	1.3167			1707.6	0.0036389			1814.7	99.9		
1708.1	1.3166			1708.1	0.0036365			1815.6	100		
1708.6	1.3165			1708.6	0.0036348			1816.6	100		
1709.1	1.3164			1709.1	0.0036304			1817.6	100		
1709.5	1.3162			1709.5	0.0036292			1818.5	100		
1710	1.3161			1710	0.003626			1819.5	99.9		
1710.5	1.3159			1710.5	0.0036241			1820.5	99.9		
1711	1.3157			1711	0.0036198			1821.4	99.9		
1711.5	1.3155			1711.5	0.0036145			1822.4	100		
1711.9	1.3148			1711.9	0.0036062			1823.3	99.9		
1712.4	1.3157			1712.4	0.00027621			1824.3	100		
1712.9	1.3166			1712.9	0.0036277			1825.3	99.9		
1713.4	1.3158			1713.4	0.0036148			1826.2	99.9		
1713.9	1.3152			1713.9	0.0036075			1827.2	100		
1714.4	1.3143			1714.4	0.0035921			1828.2	99.9		
1714.8	1.3146			1714.8	0.00025797			1829.1	99.9		
1715.3	1.3164			1715.3	0.00028968			1830.1	99.9		
1715.8	1.3166			1715.8	0.0036229			1831.1	100		
1716.3	1.315			1716.3	0.0035988			1832	100		
1716.8	1.3151			1716.8	0.00026655			1833	100		
1717.3	1.3169			1717.3	0.00029647			1834	100		
1717.7	1.3171			1717.7	0.003625			1834.9	100		
1718.2	1.3161			1718.2	0.003611			1835.9	99.9		
1718.7	1.3154			1718.7	0.0036012			1836.8	100		
1719.2	1.3147			1719.2	0.0035921			1837.8	100		
1719.7	1.3136			1719.7	0.0035753			1838.8	100		
1720.1	1.3135			1720.1	0.00023997			1839.7	99.9		
1720.6	1.3145			1720.6	0.00025821			1840.7	100		
1721.1	1.315			1721.1	0.00026536			1841.7	100		
1721.6	1.3154			1721.6	0.00027263			1842.6	100		
1722.1	1.3156			1722.1	0.00027752			1843.6	100		
1722.6	1.3158			1722.6	0.00027871			1844.6	99.9		
1723	1.316			1723	0.00028348			1845.5	100		
1723.5	1.3162			1723.5	0.00028503			1846.5	100		
1724	1.3163			1724	0.00028718			1847.5	99.9		
1724.5	1.3164			1724.5	0.00029147			1848.4	99.9		
1725	1.3166			1725	0.00029123			1849.4	99.9		
1725.4	1.3167			1725.4	0.00029385			1850.3	99.9		
1725.9	1.3168			1725.9	0.00029659			1851.3	100		
1726.4	1.3169			1726.4	0.00029743			1852.3	99.9		
1726.9	1.317			1726.9	0.00029957			1853.2	100		
1727.4	1.3171			1727.4	0.00030291			1854.2	100		
1727.9	1.3173			1727.9	0.00030458			1855.2	99.9		
1728.3	1.3174			1728.3	0.00030625			1856.1	99.9		
1728.8	1.3175			1728.8	0.00030887			1857.1	100		
1729.3	1.3177			1729.3	0.00031197			1858.1	99.9		
1729.8	1.318			1729.8	0.00031579			1859	100		
1730.3	1.3187			1730.3	0.00032675			1860	100		
1730.8	1.3177			1730.8	0.0036126			1861	100		
1731.2	1.3168			1731.2	0.0002979			1861.9	100		
1731.7	1.3176			1731.7	0.00030863			1862.9	100		
1732.2	1.318			1732.2	0.00031698			1863.9	100		
1732.7	1.3185			1732.7	0.00032532			1864.8	99.9		
1733.2	1.3195			1733.2	0.00033951			1865.8	100		
1733.6	1.3193			1733.6	0.0036283			1866.7	99.9		
1734.1	1.318			1734.1	0.0036093			1867.7	99.9		
1734.6	1.317			1734.6	0.0035955			1868.7	99.9		
1735.1	1.3158			1735.1	0.0035778			1869.6	100		
1735.6	1.3157			1735.6	0.00028074			1870.6	100		
1736.1	1.3168			1736.1	0.00029719			1871.6	100		
1736.5	1.3177			1736.5	0.0003134			1872.5	100		
1737	1.3169			1737	0.0035905			1873.5	99.9		
1737.5	1.316			1737.5	0.00028539			1874.5	99.9		
1738	1.3167			1738	0.00029624			1875.4	100		
1738.5	1.317			1738.5	0.00030136			1876.4	100		
1739	1.3172			1739	0.00030482			1877.4	99.9		
1739.4	1.3174			1739.4	0.00030863			1878.3	100		
1739.9	1.3175			1739.9	0.00031137			1879.3	99.9		
1740.4	1.3176			1740.4	0.00031126			1880.2	99.9		
1740.9	1.3177			1740.9	0.00031233			1881.2	99.9		
1741.4	1.3178			1741.4	0.00031471			1882.2	99.9		
1741.8	1.3179			1741.8	0.0003165			1883.1	99.9		
1742.3	1.318			1742.3	0.00031793			1884.1	99.9		
1742.8	1.318			1742.8	0.00032008			1885.1	99.9		
1743.3	1.3181			1743.3	0.00032127			1886	99.9		
1743.8	1.3182			1743.8	0.00032055			1887	99.9		
1744.3	1.3183			1744.3	0.00032294			1888	99.9		
1744.7	1.3184			1744.7	0.0003252			1888.9	99.9		
1745.2	1.3184			1745.2	0.00032616			1889.9	99.9		
1745.7	1.3185			1745.7	0.00032842			1890.9	99.9		
1746.2	1.3186			1746.2	0.0003289			1891.8	99.9		
1746.7	1.3187			1746.7	0.00033045			1892.8	99.9		
1747.2	1.3188			1747.2	0.00033343			1893.8	99.9		
1747.6	1.319			1747.6	0.00033557			1894.7	99.9		
1748.1	1.3193			1748.1	0.00034058			1895.7	99.9		
1748.6	1.3199			1748.6	0.0003494			1896.6	99.9		
1749.1	1.3189			1749.1	0.0035971			1897.6	99.9		
1749.6	1.318			1749.6	0.00032055			1898.6	99.9		
1750	1.3188			1750	0.00033212			1899.5	100		
1750.5	1.3193			1750.5	0.0003401			1900.5	100		
1751	1.3201			1751	0.0003531			1901.5	99.9		
1751.5	1.3197			1751.5	0.0036038			1902.4	99.9		
1752	1.3177			1752	0.0035752			1903.4	99.9		
1752.5	1.3172			1752.5	0.00030816			1904.4	100		
1752.9	1.318			1752.9	0.00032008			1905.3	99.9		
1753.4	1.3184			1753.4	0.00032628			1906.3	100		
1753.9	1.3186			1753.9	0.00032866			1907.3	99.9		
1754.4	1.3188			1754.4	0.00033343			1908.2	99.9		
1754.9	1.3189			1754.9	0.00033629			1909.2	100		
1755.3	1.3191			1755.3	0.0003382			1910.1	100		
1755.8	1.3192			1755.8	0.00034106			1911.1	100		
1756.3	1.3195			1756.3	0.00034511			1912.1	99.9		
1756.8	1.3201			1756.8	0.00035381			1913	100		
1757.3	1.3191			1757.3	0.0035868			1914	99.9		
1757.8	1.3182			1757.8	0.00032341			1915	100		
1758.2	1.3188			1758.2	0.00033438			1915.9	99.9		
1758.7	1.319			1758.7	0.00033903			1916.9	99.9		
1759.2	1.3192			1759.2	0.00034082			1917.9	99.9		
1759.7	1.3193			1759.7	0.00034392			1918.8	100		
1760.2	1.3195			1760.2	0.00034511			1919.8	100		
1760.7	1.3196			1760.7	0.00034726			1920.8	100		
1761.1	1.3199			1761.1	0.00035226			1921.7	100		
1761.6	1.3205			1761.6	0.00036216			1922.7	100		
1762.1	1.3195			1762.1	0.0035828			1923.7	100		
1762.6	1.3185			1762.6	0.00033045			1924.6	100		
1763.1	1.3191			1763.1	0.00034082			1925.6	99.9		
1763.5	1.3194			1763.5	0.00034392			1926.5	99.9		
1764	1.3195			1764	0.0003469			1927.5	100		
1764.5	1.3197			1764.5	0.00035048			1928.5	99.9		
1765	1.3198			1765	0.00035203			1929.4	100		
1765.5	1.3199			1765.5	0.00035131			1930.4	99.9		
1766	1.3199			1766	0.00035369			1931.4	100		
1766.4	1.32			1766.4	0.0003556			1932.3	100		
1766.9	1.3201			1766.9	0.0003581			1933.3	100		
1767.4	1.3202			1767.4	0.00035918			1934.3	100		
1767.9	1.3203			1767.9	0.00036108			1935.2	100		
1768.4	1.3204			1768.4	0.00036228			1936.2	100		
1768.9	1.3206			1768.9	0.00036418			1937.2	100		
1769.3	1.3207			1769.3	0.00036705			1938.1	99.9		
1769.8	1.3209			1769.8	0.00037062			1939.1	100		
1770.3	1.3211			1770.3	0.00037253			1940	100		
1770.8	1.3215			1770.8	0.00038099			1941	99.9		
1771.3	1.3222			1771.3	0.00039232			1942	100		
1771.7	1.3216			1771.7	0.0035952			1942.9	100		
1772.2	1.3214			1772.2	0.00037825			1943.9	100		
1772.7	1.3216			1772.7	0.0035952			1944.9	100		
1773.2	1.3204			1773.2	0.0035769			1945.8	99.9		
1773.7	1.3191			1773.7	0.0035585			1946.8	99.9		
1774.2	1.319			1774.2	0.00034249			1947.8	99.9		
1774.6	1.3201			1774.6	0.00035918			1948.7	100		
1775.1	1.3212			1775.1	0.00037658			1949.7	100		
1775.6	1.3209			1775.6	0.0035814			1950.7	99.9		
1776.1	1.3191			1776.1	0.003554			1951.6	100		
1776.6	1.3188			1776.6	0.00033677			1952.6	99.9		
1777.1	1.3196			1777.1	0.00035036			1953.5	99.9		
1777.5	1.32			1777.5	0.00035751			1954.5	100		
1778	1.3204			1778	0.00036228			1955.5	99.9		
1778.5	1.3207			1778.5	0.00036943			1956.4	99.9		
1779	1.3214			1779	0.00038087			1957.4	99.9		
1779.5	1.3205			1779.5	0.0035677			1958.4	99.9		
1779.9	1.3196			1779.9	0.00035			1959.3	99.9		
1780.4	1.3202			1780.4	0.00036108			1960.3	99.9		
1780.9	1.3205			1780.9	0.00036681			1961.3	99.9		
1781.4	1.3207			1781.4	0.00036919			1962.2	100		
1781.9	1.3209			1781.9	0.00037289			1963.2	100		
1782.4	1.321			1782.4	0.00037456			1964.2	99.9		
1782.8	1.3212			1782.8	0.00037825			1965.1	99.9		
1783.3	1.3214			1783.3	0.00037992			1966.1	99.9		
1783.8	1.3216			1783.8	0.00038254			1967.1	99.9		
1784.3	1.3219			1784.3	0.00038874			1968	100		
1784.8	1.3223			1784.8	0.00039518			1969	100		
1785.2	1.3232			1785.2	0.00040793			1969.9	100		
1785.7	1.323			1785.7	0.0035924			1970.9	99.9		
1786.2	1.3217			1786.2	0.0035743			1971.9	99.9		
1786.7	1.3207			1786.7	0.0035598			1972.8	99.9		
1787.2	1.3195			1787.2	0.0035415			1973.8	99.9		
1787.7	1.3193			1787.7	0.00034702			1974.8	99.9		
1788.1	1.3202			1788.1	0.00036204			1975.7	100		
1788.6	1.3207			1788.6	0.00036991			1976.7	99.9		
1789.1	1.321			1789.1	0.00037658			1977.7	99.9		
1789.6	1.3213			1789.6	0.00038123			1978.6	100		
1790.1	1.3216			1790.1	0.0003866			1979.6	99.9		
1790.6	1.3222			1790.6	0.00039566			1980.6	99.9		
1791	1.3213			1791	0.0035627			1981.5	99.9		
1791.5	1.3205			1791.5	0.00036728			1982.5	100		
1792	1.3211			1792	0.00037897			1983.4	99.9		
1792.5	1.3214			1792.5	0.00038421			1984.4	99.9		
1793	1.3216			1793	0.00038683			1985.4	99.9		
1793.4	1.3217			1793.4	0.00038826			1986.3	99.9		
1793.9	1.3219			1793.9	0.00039136			1987.3	99.9		
1794.4	1.322			1794.4	0.00039434			1988.3	99.9		
1794.9	1.3222			1794.9	0.00039685			1989.2	99.9		
1795.4	1.3223			1795.4	0.00039852			1990.2	99.9		
1795.9	1.3225			1795.9	0.00040209			1991.2	99.8		
1796.3	1.3227			1796.3	0.00040615			1992.1	99.8		
1796.8	1.323			1796.8	0.00040972			1993.1	99.8		
1797.3	1.3235			1797.3	0.00041616			1994.1	99.7		
1797.8	1.3244			1797.8	0.0004319			1995	99.7		
1798.3	1.3242			1798.3	0.0035893			1996	99.7		
1798.8	1.323			1798.8	0.0035719			1997	99.7		
1799.2	1.3221			1799.2	0.0035584			1997.9	99.7		
1799.7	1.3209			1799.7	0.0035423			1998.9	99.7		
1800.2	1.3208			1800.2	0.00037432			1999.8	99.8		
1800.7	1.3218			1800.7	0.00039065			2000.8	99.8		
1801.2	1.3224			1801.2	0.00040126			2001.8	99.9		
1801.6	1.323			1801.6	0.0004096			2002.7	99.9		
1802.1	1.3239			1802.1	0.00042641			2003.7	99.9		
1802.6	1.3237			1802.6	0.0035765			2004.7	99.9		
1803.1	1.3221			1803.1	0.0035535			2005.6	99.9		
1803.6	1.3224			1803.6	0.00040376			2006.6	99.9		
1804.1	1.3225			1804.1	0.0035567			2007.6	99.9		
1804.5	1.3226			1804.5	0.00040424			2008.5	99.9		
1805	1.323			1805	0.0035621			2009.5	99.9		
1805.5	1.3218			1805.5	0.0035456			2010.5	99.9		
1806	1.3206			1806	0.0035282			2011.4	99.9		
1806.5	1.3205			1806.5	0.00037038			2012.4	99.9		
1806.9	1.3214			1806.9	0.0003854			2013.3	99.9		
1807.4	1.3218			1807.4	0.00039303			2014.3	99.9		
1807.9	1.3221			1807.9	0.00039828			2015.3	99.9		
1808.4	1.3224			1808.4	0.00040185			2016.2	99.9		
1808.9	1.3226			1808.9	0.00040495			2017.2	99.9		
1809.4	1.3228			1809.4	0.00040925			2018.2	99.9		
1809.8	1.323			1809.8	0.00041151			2019.1	100		
1810.3	1.3232			1810.3	0.00041497			2020.1	99.9		
1810.8	1.3234			1810.8	0.00041878			2021.1	99.9		
1811.3	1.3236			1811.3	0.00042236			2022	100		
1811.8	1.3239			1811.8	0.0004276			2023	99.9		
1812.3	1.3246			1812.3	0.00043905			2024	99.9		
1812.7	1.3238			1812.7	0.0035626			2024.9	99.9		
1813.2	1.3231			1813.2	0.00041473			2025.9	99.9		
1813.7	1.324			1813.7	0.00042975			2026.8	99.9		
1814.2	1.3249			1814.2	0.00044298			2027.8	99.9		
1814.7	1.3247			1814.7	0.0035714			2028.8	99.8		
1815.1	1.3229			1815.1	0.0035456			2029.7	99.7		
1815.6	1.3227			1815.6	0.00040913			2030.7	99.6		
1816.1	1.3238			1816.1	0.00042593			2031.7	99.4		
1816.6	1.3247			1816.6	0.00044119			2032.6	99.2		
1817.1	1.3241			1817.1	0.0035588			2033.6	98.8		
1817.6	1.3235			1817.6	0.0004226			2034.6	98.4		
1818	1.3246			1818	0.00043881			2035.5	97.8		
1818.5	1.3257			1818.5	0.00045764			2036.5	97.2		
1819	1.3258			1819	0.0035797			2037.5	96.4		
1819.5	1.3248			1819.5	0.0035654			2038.4	95.5		
1820	1.3242			1820	0.0035571			2039.4	94.5		
1820.5	1.3238			1820.5	0.0035504			2040.4	93.4		
1820.9	1.3232			1820.9	0.0035409			2041.3	92.2		
1821.4	1.3223			1821.4	0.0035285			2042.3	91		
1821.9	1.3224			1821.9	0.00040495			2043.2	90.3		
1822.4	1.3236			1822.4	0.00042379			2044.2	90.2		
1822.9	1.3247			1822.9	0.00044262			2045.2	90.6		
1823.3	1.3243			1823.3	0.0035523			2046.1	90.7		
1823.8	1.3239			1823.8	0.00043023			2047.1	90.4		
1824.3	1.3255			1824.3	0.00045598			2048.1	89.8		
1824.8	1.3257			1824.8	0.0035697			2049	89.1		
1825.3	1.3248			1825.3	0.0035555			2050	88.7		
1825.8	1.3242			1825.8	0.003548			2051	88.7		
1826.2	1.3237			1826.2	0.0035399			2051.9	89.3		
1826.7	1.3228			1826.7	0.0035273			2052.9	90.2		
1827.2	1.3232			1827.2	0.00041997			2053.9	90.9		
1827.7	1.325			1827.7	0.00044847			2054.8	91.5		
1828.2	1.3253			1828.2	0.0035597			2055.8	92		
1828.7	1.3244			1828.7	0.0035456			2056.7	92.4		
1829.1	1.324			1829.1	0.00354			2057.7	92.8		
1829.6	1.3236			1829.6	0.0035337			2058.7	93.3		
1830.1	1.3231			1830.1	0.0035254			2059.6	93.6		
1830.6	1.3223			1830.6	0.0035135			2060.6	94.1		
1831.1	1.3228			1831.1	0.00041485			2061.6	94.6		
1831.5	1.3228			1831.5	0.0035201			2062.5	95.2		
1832	1.3224			1832	0.00040734			2063.5	95.9		
1832.5	1.3233			1832.5	0.00042188			2064.5	96.4		
1833	1.3238			1833	0.00043011			2065.4	97		
1833.5	1.3242			1833.5	0.00043643			2066.4	97.6		
1834	1.3246			1834	0.00044155			2067.4	98.2		
1834.4	1.325			1834.4	0.0004493			2068.3	98.6		
1834.9	1.3259			1834.9	0.00046575			2069.3	99		
1835.4	1.3256			1835.4	0.0035523			2070.3	99.2		
1835.9	1.3239			1835.9	0.0035286			2071.2	99.4		
1836.4	1.3238			1836.4	0.00042951			2072.2	99.5		
1836.8	1.3251			1836.8	0.00045049			2073.1	99.6		
1837.3	1.3245			1837.3	0.0035352			2074.1	99.6		
1837.8	1.3239			1837.8	0.00043249			2075.1	99.7		
1838.3	1.3247			1838.3	0.00044632			2076	99.7		
1838.8	1.3253			1838.8	0.00045466			2077	99.7		
1839.3	1.326			1839.3	0.00046718			2078	99.7		
1839.7	1.3253			1839.7	0.0035411			2078.9	99.7		
1840.2	1.3246			1840.2	0.00044453			2079.9	99.7		
1840.7	1.3254			1840.7	0.00045598			2080.9	99.7		
1841.2	1.3259			1841.2	0.00046742			2081.8	99.7		
1841.7	1.3267			1841.7	0.00047982			2082.8	99.8		
1842.2	1.3261			1842.2	0.003549			2083.8	99.8		
1842.6	1.3255			1842.6	0.00045788			2084.7	99.8		
1843.1	1.3264			1843.1	0.00047505			2085.7	99.7		
1843.6	1.3275			1843.6	0.00049126			2086.6	99.7		
1844.1	1.3275			1844.1	0.003566			2087.6	99.6		
1844.6	1.3263			1844.6	0.0035492			2088.6	99.5		
1845	1.3252			1845	0.0035323			2089.5	99.4		
1845.5	1.3253			1845.5	0.0004555			2090.5	99.3		
1846	1.3265			1846	0.00047648			2091.5	99		
1846.5	1.3278			1846.5	0.00049734			2092.4	98.6		
1847	1.328			1847	0.003569			2093.4	99		
1847.5	1.3272			1847.5	0.0035541			2094.4	99.5		
1847.9	1.3268			1847.9	0.0035497			2095.3	99.7		
1848.4	1.3265			1848.4	0.0035447			2096.3	99.8		
1848.9	1.3263			1848.9	0.003543			2097.3	99.8		
1849.4	1.326			1849.4	0.003538			2098.2	99.8		
1849.9	1.3258			1849.9	0.0035342			2099.2	99.8		
1850.3	1.3255			1850.3	0.0035297			2100.1	99.8		
1850.8	1.3249			1850.8	0.0035197			2101.1	99.8		
1851.3	1.3257			1851.3	0.00046313			2102.1	99.8		
1851.8	1.3264			1851.8	0.0035397			2103	99.8		
1852.3	1.3255			1852.3	0.0035259			2104	99.8		
1852.8	1.3245			1852.8	0.0035132			2105	99.8		
1853.2	1.3247			1853.2	0.00044882			2105.9	99.8		
1853.7	1.326			1853.7	0.00046766			2106.9	99.8		
1854.2	1.3272			1854.2	0.00048888			2107.9	99.9		
1854.7	1.3273			1854.7	0.0035484			2108.8	99.9		
1855.2	1.3259			1855.2	0.0035282			2109.8	99.9		
1855.7	1.3263			1855.7	0.00047672			2110.8	99.9		
1856.1	1.3268			1856.1	0.0035397			2111.7	99.8		
1856.6	1.3255			1856.6	0.0035199			2112.7	99.8		
1857.1	1.3256			1857.1	0.00046408			2113.7	99.8		
1857.6	1.3272			1857.6	0.00049102			2114.6	99.9		
1858.1	1.3273			1858.1	0.0035428			2115.6	99.9		
1858.5	1.3259			1858.5	0.0035236			2116.5	99.9		
1859	1.3262			1859	0.00047457			2117.5	99.9		
1859.5	1.3263			1859.5	0.0035267			2118.5	99.9		
1860	1.3263			1860	0.00047576			2119.4	99.9		
1860.5	1.3262			1860.5	0.0035247			2120.4	99.9		
1861	1.3257			1861	0.00046635			2121.4	99.9		
1861.4	1.3265			1861.4	0.00048029			2122.3	99.9		
1861.9	1.327			1861.9	0.00048888			2123.3	100		
1862.4	1.3275			1862.4	0.0004946			2124.3	99.9		
1862.9	1.3279			1862.9	0.00050199			2125.2	100		
1863.4	1.3285			1863.4	0.00051117			2126.2	99.9		
1863.9	1.3294			1863.9	0.00052595			2127.2	99.9		
1864.3	1.3294			1864.3	0.0035611			2128.1	99.9		
1864.8	1.3282			1864.8	0.0035464			2129.1	99.8		
1865.3	1.3272			1865.3	0.0035313			2130	99.7		
1865.8	1.3274			1865.8	0.00049567			2131	99.5		
1866.3	1.3291			1866.3	0.00052261			2132	99.1		
1866.7	1.3294			1866.7	0.0035577			2132.9	98		
1867.2	1.3285			1867.2	0.0035452			2133.9	94.9		
1867.7	1.3281			1867.7	0.0035394			2134.9	87.1		
1868.2	1.3277			1868.2	0.003534			2135.8	74.7		
1868.7	1.3273			1868.7	0.0035278			2136.8	64.8		
1869.2	1.3265			1869.2	0.0035163			2137.8	55.9		
1869.6	1.3271			1869.6	0.00049078			2138.7	49.2		
1870.1	1.3272			1870.1	0.0035228			2139.7	57.6		
1870.6	1.3268			1870.6	0.00048721			2140.7	72.2		
1871.1	1.3278			1871.1	0.00050235			2141.6	82.1		
1871.6	1.3285			1871.6	0.00051141			2142.6	88.5		
1872.1	1.3291			1872.1	0.00052452			2143.6	93.7		
1872.5	1.3302			1872.5	0.00054002			2144.5	96.8		
1873	1.3302			1873	0.0035611			2145.5	97.7		
1873.5	1.3292			1873.5	0.0035471			2146.4	98.1		
1874	1.3285			1874	0.0035354			2147.4	98.3		
1874.5	1.3275			1874.5	0.0035225			2148.4	98.4		
1874.9	1.3275			1874.9	0.00050056			2149.3	98.6		
1875.4	1.3287			1875.4	0.0005163			2150.3	98.7		
1875.9	1.3295			1875.9	0.00053012			2151.3	98.8		
1876.4	1.3305			1876.4	0.00054562			2152.2	98.9		
1876.9	1.3304			1876.9	0.0035591			2153.2	99		
1877.4	1.3289			1877.4	0.0035379			2154.2	99		
1877.8	1.3289			1877.8	0.00052083			2155.1	99.1		
1878.3	1.3302			1878.3	0.00054204			2156.1	99.2		
1878.8	1.3315			1878.8	0.00056136			2157.1	99.2		
1879.3	1.3317			1879.3	0.0035733			2158	99.3		
1879.8	1.3309			1879.8	0.0035607			2159	99.3		
1880.2	1.3306			1880.2	0.0035571			2159.9	99.3		
1880.7	1.3304			1880.7	0.0035545			2160.9	99.3		
1881.2	1.3303			1881.2	0.0035509			2161.9	99.3		
1881.7	1.3302			1881.7	0.0035485			2162.8	99.4		
1882.2	1.3302			1882.2	0.0035473			2163.8	99.4		
1882.7	1.3301			1882.7	0.0035473			2164.8	99.4		
1883.1	1.3301			1883.1	0.0035461			2165.7	99.4		
1883.6	1.3301			1883.6	0.003544			2166.7	99.4		
1884.1	1.3301			1884.1	0.0035447			2167.7	99.4		
1884.6	1.3301			1884.6	0.0035429			2168.6	99.4		
1885.1	1.3301			1885.1	0.0035431			2169.6	99.4		
1885.6	1.3301			1885.6	0.0035411			2170.6	99.4		
1886	1.3301			1886	0.0035414			2171.5	99.4		
1886.5	1.3301			1886.5	0.0035415			2172.5	99.4		
1887	1.3301			1887	0.0035392			2173.5	99.4		
1887.5	1.3301			1887.5	0.0035397			2174.4	99.4		
1888	1.3301			1888	0.0035391			2175.4	99.4		
1888.4	1.3302			1888.4	0.0035388			2176.3	99.4		
1888.9	1.3302			1888.9	0.0035383			2177.3	99.4		
1889.4	1.3302			1889.4	0.0035378			2178.3	99.4		
1889.9	1.3302			1889.9	0.0035375			2179.2	99.4		
1890.4	1.3302			1890.4	0.0035373			2180.2	99.4		
1890.9	1.3302			1890.9	0.0035371			2181.2	99.4		
1891.3	1.3303			1891.3	0.0035366			2182.1	99.4		
1891.8	1.3303			1891.8	0.0035352			2183.1	99.4		
1892.3	1.3303			1892.3	0.0035363			2184.1	99.4		
1892.8	1.3303			1892.8	0.0035347			2185	99.4		
1893.3	1.3303			1893.3	0.003534			2186	99.4		
1893.8	1.3304			1893.8	0.0035337			2187	99.4		
1894.2	1.3304			1894.2	0.0035335			2187.9	99.4		
1894.7	1.3304			1894.7	0.0035335			2188.9	99.4		
1895.2	1.3304			1895.2	0.0035328			2189.8	99.4		
1895.7	1.3304			1895.7	0.0035331			2190.8	99.4		
1896.2	1.3304			1896.2	0.0035316			2191.8	99.4		
1896.6	1.3304			1896.6	0.0035297			2192.7	99.4		
1897.1	1.3303			1897.1	0.0035292			2193.7	99.4		
1897.6	1.3303			1897.6	0.0035279			2194.7	99.4		
1898.1	1.3302			1898.1	0.003527			2195.6	99.3		
1898.6	1.33			1898.6	0.0035232			2196.6	99.4		
1899.1	1.3294			1899.1	0.0035149			2197.6	99.4		
1899.5	1.3302			1899.5	0.00054836			2198.5	99.4		
1900	1.3306			1900	0.0035294			2199.5	99.4		
1900.5	1.331			1900.5	0.0005604			2200.5	99.4		
1901	1.3317			1901	0.0035414			2201.4	99.4		
1901.5	1.3306			1901.5	0.003528			2202.4	99.4		
1901.9	1.3313			1901.9	0.00056684			2203.3	99.4		
1902.4	1.3321			1902.4	0.0035466			2204.3	99.4		
1902.9	1.3315			1902.9	0.0035381			2205.3	99.4		
1903.4	1.3311			1903.4	0.0035309			2206.2	99.4		
1903.9	1.3305			1903.9	0.003523			2207.2	99.4		
1904.4	1.3313			1904.4	0.00056541			2208.2	99.4		
1904.8	1.332			1904.8	0.0035428			2209.1	99.4		
1905.3	1.3313			1905.3	0.0035319			2210.1	99.4		
1905.8	1.3305			1905.8	0.0035211			2211.1	99.4		
1906.3	1.3312			1906.3	0.00056624			2212	99.4		
1906.8	1.3318			1906.8	0.0035368			2213	99.4		
1907.3	1.3306			1907.3	0.0035216			2214	99.4		
1907.7	1.3311			1907.7	0.00056398			2214.9	99.4		
1908.2	1.3311			1908.2	0.0035266			2215.9	99.5		
1908.7	1.3307			1908.7	0.0005585			2216.9	99.5		
1909.2	1.3316			1909.2	0.00057185			2217.8	99.5		
1909.7	1.3321			1909.7	0.00058067			2218.8	99.5		
1910.1	1.3326			1910.1	0.00058675			2219.7	99.5		
1910.6	1.333			1910.6	0.00059462			2220.7	99.5		
1911.1	1.3336			1911.1	0.00060332			2221.7	99.5		
1911.6	1.3345			1911.6	0.00061691			2222.6	99.5		
1912.1	1.3344			1912.1	0.0035633			2223.6	99.5		
1912.6	1.3329			1912.6	0.0035427			2224.6	99.5		
1913	1.3329			1913	0.00059354			2225.5	99.5		
1913.5	1.3344			1913.5	0.000615			2226.5	99.5		
1914	1.3345			1914	0.0035623			2227.5	99.6		
1914.5	1.3331			1914.5	0.0035435			2228.4	99.6		
1915	1.3332			1915	0.00059879			2229.4	99.6		
1915.5	1.3348			1915.5	0.00062037			2230.4	99.6		
1915.9	1.335			1915.9	0.0035664			2231.3	99.6		
1916.4	1.334			1916.4	0.003553			2232.3	99.6		
1916.9	1.3331			1916.9	0.0035399			2233.2	99.6		
1917.4	1.3337			1917.4	0.00060666			2234.2	99.7		
1917.9	1.3341			1917.9	0.0035535			2235.2	99.6		
1918.3	1.3328			1918.3	0.0035353			2236.1	99.7		
1918.8	1.3327			1918.8	0.00059068			2237.1	99.7		
1919.3	1.3337			1919.3	0.00060737			2238.1	99.7		
1919.8	1.3343			1919.8	0.00061548			2239	99.7		
1920.3	1.3348			1920.3	0.00062358			2240	99.7		
1920.8	1.3356			1920.8	0.00063539			2241	99.7		
1921.2	1.3349			1921.2	0.0035602			2241.9	99.7		
1921.7	1.3343			1921.7	0.00061703			2242.9	99.7		
1922.2	1.3351			1922.2	0.00062799			2243.9	99.7		
1922.7	1.3356			1922.7	0.00063503			2244.8	99.7		
1923.2	1.3361			1923.2	0.00064456			2245.8	99.7		
1923.7	1.3369			1923.7	0.00065625			2246.7	99.7		
1924.1	1.3363			1924.1	0.0035732			2247.7	99.7		
1924.6	1.3359			1924.6	0.0006417			2248.7	99.7		
1925.1	1.3373			1925.1	0.00066268			2249.6	99.7		
1925.6	1.3374			1925.6	0.0035843			2250.6	99.7		
1926.1	1.3363			1926.1	0.0035695			2251.6	99.7		
1926.5	1.3352			1926.5	0.0035564			2252.5	99.8		
1927	1.3353			1927	0.00063241			2253.5	99.7		
1927.5	1.3364			1927.5	0.00065029			2254.5	99.7		
1928	1.3375			1928	0.00066733			2255.4	99.8		
1928.5	1.3375			1928.5	0.0035838			2256.4	99.8		
1929	1.336			1929	0.0035638			2257.4	99.8		
1929.4	1.336			1929.4	0.00064301			2258.3	99.8		
1929.9	1.3373			1929.9	0.00066221			2259.3	99.8		
1930.4	1.3369			1930.4	0.0035741			2260.3	99.8		
1930.9	1.3365			1930.9	0.00065124			2261.2	99.8		
1931.4	1.3378			1931.4	0.00067115			2262.2	99.8		
1931.8	1.3373			1931.8	0.0035756			2263.1	99.8		
1932.3	1.3367			1932.3	0.00065529			2264.1	99.8		
1932.8	1.3376			1932.8	0.00066864			2265.1	99.8		
1933.3	1.3385			1933.3	0.00068009			2266	99.8		
1933.8	1.3379			1933.8	0.0035814			2267	99.8		
1934.3	1.3373			1934.3	0.00066364			2268	99.8		
1934.7	1.338			1934.7	0.00067544			2268.9	99.8		
1935.2	1.3384			1935.2	0.000682			2269.9	99.8		
1935.7	1.3388			1935.7	0.00068724			2270.9	99.8		
1936.2	1.3392			1936.2	0.00069213			2271.8	99.8		
1936.7	1.3396			1936.7	0.00069892			2272.8	99.8		
1937.2	1.3405			1937.2	0.00070989			2273.8	99.8		
1937.6	1.3402			1937.6	0.0036043			2274.7	99.8		
1938.1	1.3386			1938.1	0.0035855			2275.7	99.8		
1938.6	1.3384			1938.6	0.00068235			2276.6	99.8		
1939.1	1.3393			1939.1	0.00069416			2277.6	99.8		
1939.6	1.3398			1939.6	0.00070274			2278.6	99.8		
1940	1.3403			1940	0.00070739			2279.5	99.8		
1940.5	1.341			1940.5	0.000718			2280.5	99.8		
1941	1.3404			1941	0.0036014			2281.5	99.8		
1941.5	1.3397			1941.5	0.0006994			2282.4	99.8		
1942	1.3404			1942	0.00071144			2283.4	99.8		
1942.5	1.3408			1942.5	0.00071752			2284.4	99.8		
1942.9	1.3412			1942.9	0.00072289			2285.3	99.8		
1943.4	1.3415			1943.4	0.0007261			2286.3	99.8		
1943.9	1.3418			1943.9	0.00073016			2287.3	99.8		
1944.4	1.3422			1944.4	0.00073564			2288.2	99.8		
1944.9	1.3427			1944.9	0.00074375			2289.2	99.8		
1945.4	1.3435			1945.4	0.00075519			2290.2	99.8		
1945.8	1.3431			1945.8	0.0036291			2291.1	99.8		
1946.3	1.3431			1946.3	0.00074899			2292.1	99.8		
1946.8	1.3435			1946.8	0.0036322			2293	99.8		
1947.3	1.3425			1947.3	0.0036209			2294	99.8		
1947.8	1.3415			1947.8	0.0036079			2295	99.8		
1948.2	1.3415			1948.2	0.00072801			2295.9	99.8		
1948.7	1.3426			1948.7	0.00074208			2296.9	99.8		
1949.2	1.3432			1949.2	0.00075161			2297.9	99.8		
1949.7	1.3438			1949.7	0.00075948			2298.8	99.8		
1950.2	1.3447			1950.2	0.00077212			2299.8	99.8		
1950.7	1.3442			1950.7	0.0036353			2300.8	99.8		
1951.1	1.3438			1951.1	0.00076091			2301.7	99.8		
1951.6	1.3449			1951.6	0.00077474			2302.7	99.8		
1952.1	1.3461			1952.1	0.00079215			2303.7	99.8		
1952.6	1.3462			1952.6	0.0036553			2304.6	99.8		
1953.1	1.3454			1953.1	0.0036455			2305.6	99.8		
1953.5	1.3449			1953.5	0.0036401			2306.5	99.8		
1954	1.3442			1954	0.0036305			2307.5	99.8		
1954.5	1.3446			1954.5	0.00077164			2308.5	99.8		
1955	1.3464			1955	0.00079536			2309.4	99.8		
1955.5	1.3468			1955.5	0.0036589			2310.4	99.8		
1956	1.346			1956	0.0036503			2311.4	99.8		
1956.4	1.3454			1956.4	0.0036416			2312.3	99.8		
1956.9	1.3463			1956.9	0.00079465			2313.3	99.8		
1957.4	1.3472			1957.4	0.0036619			2314.3	99.8		
1957.9	1.3467			1957.9	0.0036553			2315.2	99.8		
1958.4	1.3466			1958.4	0.0036534			2316.2	99.8		
1958.9	1.3466			1958.9	0.0036529			2317.2	99.8		
1959.3	1.3465			1959.3	0.0036523			2318.1	99.8		
1959.8	1.3465			1959.8	0.0036516			2319.1	99.8		
1960.3	1.3465			1960.3	0.0036505			2320.1	99.9		
1960.8	1.3465			1960.8	0.0036494			2321	99.8		
1961.3	1.3463			1961.3	0.0036463			2322	99.8		
1961.7	1.3457			1961.7	0.0036398			2322.9	99.8		
1962.2	1.3461			1962.2	0.00079501			2323.9	99.8		
1962.7	1.3475			1962.7	0.00081336			2324.9	99.8		
1963.2	1.3489			1963.2	0.00083244			2325.8	99.8		
1963.7	1.3492			1963.7	0.0036761			2326.8	99.8		
1964.2	1.3481			1964.2	0.0036634			2327.8	99.9		
1964.6	1.3489			1964.6	0.00083089			2328.7	99.8		
1965.1	1.3497			1965.1	0.0036806			2329.7	99.9		
1965.6	1.3492			1965.6	0.0036749			2330.7	99.8		
1966.1	1.3491			1966.1	0.0036734			2331.6	99.9		
1966.6	1.3489			1966.6	0.0036701			2332.6	99.9		
1967.1	1.3487			1967.1	0.0036663			2333.6	99.8		
1967.5	1.348			1967.5	0.0036592			2334.5	99.9		
1968	1.3484			1968	0.00082576			2335.5	99.8		
1968.5	1.3496			1968.5	0.00084221			2336.4	99.9		
1969	1.3505			1969	0.00085413			2337.4	99.8		
1969.5	1.3514			1969.5	0.00086415			2338.4	99.9		
1969.9	1.3527			1969.9	0.00088084			2339.3	99.8		
1970.4	1.353			1970.4	0.0037073			2340.3	99.9		
1970.9	1.3524			1970.9	0.0037011			2341.3	99.9		
1971.4	1.3523			1971.4	0.0037009			2342.2	99.8		
1971.9	1.3522			1971.9	0.0036992			2343.2	99.8		
1972.4	1.3522			1972.4	0.0036992			2344.2	99.7		
1972.8	1.3523			1972.8	0.0036975			2345.1	99.7		
1973.3	1.3523			1973.3	0.0036978			2346.1	99.6		
1973.8	1.3523			1973.8	0.0036975			2347.1	99.6		
1974.3	1.3521			1974.3	0.0036958			2348	99.8		
1974.8	1.3516			1974.8	0.0036894			2349	99.8		
1975.3	1.3521			1975.3	0.00087464			2349.9	99.8		
1975.7	1.3535			1975.7	0.00089252			2350.9	99.8		
1976.2	1.3548			1976.2	0.00090778			2351.9	99.9		
1976.7	1.3548			1976.7	0.0037202			2352.8	99.8		
1977.2	1.3552			1977.2	0.00091231			2353.8	99.8		
1977.7	1.3558			1977.7	0.0037262			2354.8	99.8		
1978.1	1.3548			1978.1	0.003718			2355.7	99.8		
1978.6	1.3553			1978.6	0.00091541			2356.7	99.9		
1979.1	1.3571			1979.1	0.00093603			2357.7	99.9		
1979.6	1.3577			1979.6	0.0037426			2358.6	99.9		
1980.1	1.3573			1980.1	0.0037385			2359.6	99.9		
1980.6	1.3572			1980.6	0.0037363			2360.6	99.9		
1981	1.3572			1981	0.0037363			2361.5	99.9		
1981.5	1.3571			1981.5	0.0037359			2362.5	99.9		
1982	1.3568			1982	0.0037309			2363.5	99.9		
1982.5	1.3574			1982.5	0.00093973			2364.4	99.9		
1983	1.3594			1983	0.0009619			2365.4	99.9		
1983.4	1.3601			1983.4	0.0037597			2366.3	99.9		
1983.9	1.3596			1983.9	0.0037553			2367.3	99.9		
1984.4	1.3593			1984.4	0.0037524			2368.3	99.9		
1984.9	1.3604			1984.9	0.0009743			2369.2	99.9		
1985.4	1.3615			1985.4	0.0037717			2370.2	99.9		
1985.9	1.3614			1985.9	0.0037698			2371.2	99.9		
1986.3	1.3616			1986.3	0.0037702			2372.1	99.9		
1986.8	1.3619			1986.8	0.0037719			2373.1	99.9		
1987.3	1.3622			1987.3	0.0037752			2374.1	99.9		
1987.8	1.3626			1987.8	0.0037783			2375	99.9		
1988.3	1.3631			1988.3	0.0037804			2376	99.9		
1988.8	1.3635			1988.8	0.0037843			2377	99.9		
1989.2	1.3641			1989.2	0.0037881			2377.9	99.9		
1989.7	1.3647			1989.7	0.0037922			2378.9	99.9		
1990.2	1.3655			1990.2	0.0037993			2379.8	99.9		
1990.7	1.3667			1990.7	0.0038061			2380.8	99.9		
1991.2	1.3671			1991.2	0.00658			2381.8	99.9		
1991.6	1.3667			1991.6	0.0065757			2382.7	99.9		
1992.1	1.3667			1992.1	0.0065752			2383.7	99.9		
1992.6	1.367			1992.6	0.0065752			2384.7	99.9		
1993.1	1.3674			1993.1	0.006577			2385.6	99.9		
1993.6	1.3684			1993.6	0.0065813			2386.6	99.9		
1994.1	1.3685			1994.1	0.009348			2387.6	99.9		
1994.5	1.3677			1994.5	0.0093429			2388.5	99.9		
1995	1.3674			1995	0.0093417			2389.5	99.9		
1995.5	1.3672			1995.5	0.0093391			2390.5	99.9		
1996	1.3671			1996	0.0093371			2391.4	99.9		
1996.5	1.3671			1996.5	0.0093341			2392.4	99.9		
1997	1.367			1997	0.0093325			2393.4	99.9		
1997.4	1.3669			1997.4	0.0093297			2394.3	99.9		
1997.9	1.3668			1997.9	0.0093287			2395.3	99.9		
1998.4	1.3665			1998.4	0.0093254			2396.2	99.9		
1998.9	1.3658			1998.9	0.0093209			2397.2	99.9		
1999.4	1.3659			1999.4	0.0065544			2398.2	99.9		
1999.8	1.3669			1999.8	0.0065583			2399.1	99.9		
2000.3	1.3673			2000.3	0.0065585			2400.1	99.9		
2000.8	1.3671			2000.8	0.0065579			2401.1	99.9		
2001.3	1.3677			2001.3	0.0038043			2402	99.9		
2001.8	1.3692			2001.8	0.0038153			2403	99.9		
2002.3	1.3703			2002.3	0.0038213			2404	99.9		
2002.7	1.3711			2002.7	0.0038282			2404.9	99.9		
2003.2	1.372			2003.2	0.0038345			2405.9	99.9		
2003.7	1.3727			2003.7	0.0038384			2406.9	99.9		
2004.2	1.3735			2004.2	0.0038416			2407.8	99.9		
2004.7	1.3742			2004.7	0.0038458			2408.8	99.9		
2005.1	1.3749			2005.1	0.0038494			2409.7	99.9		
2005.6	1.3756			2005.6	0.0038538			2410.7	99.9		
2006.1	1.3764			2006.1	0.003858			2411.7	99.9		
2006.6	1.3771			2006.6	0.0038615			2412.6	99.9		
2007.1	1.3778			2007.1	0.0038655			2413.6	99.9		
2007.6	1.3786			2007.6	0.0038685			2414.6	99.9		
2008	1.3793			2008	0.0038723			2415.5	99.9		
2008.5	1.3801			2008.5	0.0038762			2416.5	99.9		
2009	1.3808			2009	0.0038797			2417.5	99.9		
2009.5	1.3816			2009.5	0.0038837			2418.4	99.9		
2010	1.3824			2010	0.0038866			2419.4	99.9		
2010.5	1.3832			2010.5	0.0038909			2420.4	99.9		
2010.9	1.3841			2010.9	0.0038933			2421.3	99.9		
2011.4	1.3849			2011.4	0.0038971			2422.3	99.9		
2011.9	1.3858			2011.9	0.0039009			2423.2	99.9		
2012.4	1.3867			2012.4	0.0039045			2424.2	99.9		
2012.9	1.3876			2012.9	0.0039064			2425.2	99.9		
2013.3	1.3885			2013.3	0.0039104			2426.1	99.9		
2013.8	1.3895			2013.8	0.0039127			2427.1	99.9		
2014.3	1.3905			2014.3	0.0039153			2428.1	99.9		
2014.8	1.3915			2014.8	0.0039181			2429	99.9		
2015.3	1.3925			2015.3	0.0039216			2430	99.9		
2015.8	1.3936			2015.8	0.003924			2431	99.9		
2016.2	1.3947			2016.2	0.0039259			2431.9	99.9		
2016.7	1.3958			2016.7	0.003929			2432.9	99.9		
2017.2	1.3969			2017.2	0.0039312			2433.9	99.9		
2017.7	1.398			2017.7	0.0039333			2434.8	99.9		
2018.2	1.3991			2018.2	0.0039347			2435.8	99.9		
2018.7	1.4			2018.7	0.0039368			2436.8	99.9		
2019.1	1.4021			2019.1	0.0012765			2437.7	99.9		
2019.6	1.4043			2019.6	0.0039393			2438.7	99.9		
2020.1	1.4052			2020.1	0.0039405			2439.6	99.9		
2020.6	1.4063			2020.6	0.0039414			2440.6	99.9		
2021.1	1.4073			2021.1	0.0039407			2441.6	99.9		
2021.5	1.4093			2021.5	0.0012959			2442.5	99.9		
2022	1.4126			2022	0.0012995			2443.5	99.9		
2022.5	1.4147			2022.5	0.0039366			2444.5	99.9		
2023	1.4159			2023	0.0039347			2445.4	99.9		
2023.5	1.4175			2023.5	0.0039321			2446.4	99.9		
2024	1.419			2024	0.0039293			2447.4	99.9		
2024.4	1.4218			2024.4	0.0013021			2448.3	99.9		
2024.9	1.4244			2024.9	0.0039164			2449.3	99.9		
2025.4	1.4273			2025.4	0.0012981			2450.3	99.9		
2025.9	1.4305			2025.9	0.003894			2451.2	99.9		
2026.4	1.4329			2026.4	0.0038835			2452.2	99.9		
2026.8	1.4357			2026.8	0.0038694			2453.1	99.9		
2027.3	1.439			2027.3	0.0038522			2454.1	99.9		
2027.8	1.443			2027.8	0.0038289			2455.1	99.9		
2028.3	1.4465			2028.3	0.0063815			2456	99.9		
2028.8	1.4497			2028.8	0.006353			2457	99.9		
2029.3	1.4541			2029.3	0.0063092			2458	99.9		
2029.7	1.4583			2029.7	0.0088228			2458.9	99.9		
2030.2	1.4628			2030.2	0.0087634			2459.9	99.9		
2030.7	1.4679			2030.7	0.011237			2460.9	99.9		
2031.2	1.4727			2031.2	0.013697			2461.8	99.9		
2031.7	1.4775			2031.7	0.016142			2462.8	99.9		
2032.2	1.4826			2032.2	0.018561			2463.8	99.9		
2032.6	1.4885			2032.6	0.020941			2464.7	99.9		
2033.1	1.4945			2033.1	0.025819			2465.7	99.9		
2033.6	1.4999			2033.6	0.030689			2466.7	99.9		
2034.1	1.5052			2034.1	0.035533			2467.6	99.9		
2034.6	1.5111			2034.6	0.040331			2468.6	99.9		
2035	1.5168			2035	0.047622			2469.5	99.9		
2035.5	1.5218			2035.5	0.05493			2470.5	99.9		
2036	1.5265			2036	0.062231			2471.5	99.9		
2036.5	1.5317			2036.5	0.069492			2472.4	99.9		
2037	1.5366			2037	0.07929			2473.4	99.9		
2037.5	1.5406			2037.5	0.089145			2474.4	99.9		
2037.9	1.5447			2037.9	0.099013			2475.3	99.9		
2038.4	1.5481			2038.4	0.11151			2476.3	99.9		
2038.9	1.5502			2038.9	0.12419			2477.3	99.9		
2039.4	1.5513			2039.4	0.13703			2478.2	99.9		
2039.9	1.5522			2039.9	0.14997			2479.2	99.9		
2040.4	1.552			2040.4	0.16579			2480.2	99.9		
2040.8	1.5497			2040.8	0.18204			2481.1	99.9		
2041.3	1.5453			2041.3	0.19876			2482.1	99.9		
2041.8	1.5386			2041.8	0.21607			2483	99.9		
2042.3	1.5282			2042.3	0.23427			2484	100		
2042.8	1.5147			2042.8	0.24768			2485	99.9		
2043.2	1.4998			2043.2	0.25872			2485.9	99.9		
2043.7	1.4829			2043.7	0.2674			2486.9	99.9		
2044.2	1.4663			2044.2	0.26735			2487.9	99.9		
2044.7	1.4538			2044.7	0.26361			2488.8	99.9		
2045.2	1.4458			2045.2	0.25904			2489.8	99.9		
2045.7	1.4411			2045.7	0.25683			2490.8	100		
2046.1	1.4384			2046.1	0.25723			2491.7	99.9		
2046.6	1.4365			2046.6	0.26044			2492.7	100		
2047.1	1.4344			2047.1	0.26667			2493.7	99.9		
2047.6	1.4307			2047.6	0.27622			2494.6	99.9		
2048.1	1.4249			2048.1	0.28626			2495.6	99.9		
2048.6	1.4176			2048.6	0.29667			2496.6	99.9		
2049	1.4071			2049	0.31094			2497.5	99.9		
2049.5	1.3916			2049.5	0.32337			2498.5	99.9		
2050	1.3743			2050	0.33009			2499.4	99.9		
2050.5	1.3549			2050.5	0.3374						
2051	1.3334			2051	0.3388						
2051.4	1.3131			2051.4	0.33333						
2051.9	1.2947			2051.9	0.3273						
2052.4	1.2783			2052.4	0.31738						
2052.9	1.2654			2052.9	0.30325						
2053.4	1.2556			2053.4	0.29506						
2053.9	1.2468			2053.9	0.28327						
2054.3	1.2399			2054.3	0.27443						
2054.8	1.2335			2054.8	0.26543						
2055.3	1.2286			2055.3	0.25616						
2055.8	1.2243			2055.8	0.25011						
2056.3	1.2193			2056.3	0.24414						
2056.7	1.2143			2056.7	0.23815						
2057.2	1.2091			2057.2	0.23217						
2057.7	1.2039			2057.7	0.22617						
2058.2	1.1985			2058.2	0.22015						
2058.7	1.1945			2058.7	0.21057						
2059.2	1.1906			2059.2	0.20766						
2059.6	1.1851			2059.6	0.20158						
2060.1	1.1792			2060.1	0.19551						
2060.6	1.1741			2060.6	0.18595						
2061.1	1.1693			2061.1	0.17968						
2061.6	1.1643			2061.6	0.17005						
2062.1	1.1605			2062.1	0.16027						
2062.5	1.1569			2062.5	0.15047						
2063	1.1554			2063	0.13717						
2063.5	1.1561			2063.5	0.12709						
2064	1.156			2064	0.12044						
2064.5	1.1552			2064.5	0.11054						
2064.9	1.1555			2064.9	0.10062						
2065.4	1.1566			2065.4	0.090737						
2065.9	1.1586			2065.9	0.080897						
2066.4	1.1613			2066.4	0.071124						
2066.9	1.165			2066.9	0.061431						
2067.4	1.1703			2067.4	0.051841						
2067.8	1.1761			2067.8	0.045527						
2068.3	1.1814			2068.3	0.039285						
2068.8	1.187			2068.8	0.033116						
2069.3	1.1935			2069.3	0.027037						
2069.8	1.2			2069.8	0.02409						
2070.3	1.2056			2070.3	0.021155						
2070.7	1.2108			2070.7	0.01824						
2071.2	1.2161			2071.2	0.01535						
2071.7	1.2219			2071.7	0.012502						
2072.2	1.227			2072.2	0.012626						
2072.7	1.2318			2072.7	0.0097874						
2073.1	1.2369			2073.1	0.0099177						
2073.6	1.241			2073.6	0.010018						
2074.1	1.2445			2074.1	0.010101						
2074.6	1.2472			2074.6	0.010162						
2075.1	1.2505			2075.1	0.007333						
2075.6	1.2546			2075.6	0.0074302						
2076	1.2579			2076	0.0075113						
2076.5	1.261			2076.5	0.0075814						
2077	1.2638			2077	0.0076438						
2077.5	1.2664			2077.5	0.0077038						
2078	1.2689			2078	0.0077566						
2078.4	1.2713			2078.4	0.0078064						
2078.9	1.2736			2078.9	0.0078512						
2079.4	1.2757			2079.4	0.0078949						
2079.9	1.2777			2079.9	0.0079353						
2080.4	1.2795			2080.4	0.0079719						
2080.9	1.2809			2080.9	0.0079974						
2081.3	1.2835			2081.3	0.0052274						
2081.8	1.2856			2081.8	0.0080838						
2082.3	1.2873			2082.3	0.005304						
2082.8	1.2901			2082.8	0.0053601						
2083.3	1.2926			2083.3	0.0054097						
2083.8	1.295			2083.8	0.0054556						
2084.2	1.2975			2084.2	0.0055021						
2084.7	1.3005			2084.7	0.0055565						
2085.2	1.3025			2085.2	0.0083681						
2085.7	1.3038			2085.7	0.0083849						
2086.2	1.3057			2086.2	0.0084133						
2086.6	1.3082			2086.6	0.0084504						
2087.1	1.3101			2087.1	0.011236						
2087.6	1.3113			2087.6	0.011249						
2088.1	1.3136			2088.1	0.011275						
2088.6	1.3157			2088.6	0.014049						
2089.1	1.3163			2089.1	0.016804						
2089.5	1.3168			2089.5	0.016804						
2090	1.3186			2090	0.016812						
2090.5	1.3206			2090.5	0.019569						
2091	1.322			2091	0.022319						
2091.5	1.3221			2091.5	0.027819						
2092	1.3197			2092	0.033346						
2092.4	1.3135			2092.4	0.038935						
2092.9	1.3058			2092.9	0.036182						
2093.4	1.3013			2093.4	0.027788						
2093.9	1.3012			2093.9	0.019412						
2094.4	1.3037			2094.4	0.013881						
2094.8	1.3068			2094.8	0.011153						
2095.3	1.31			2095.3	0.0084414						
2095.8	1.3127			2095.8	0.0084795						
2096.3	1.3154			2096.3	0.0057822						
2096.8	1.3185			2096.8	0.0058306						
2097.3	1.321			2097.3	0.0058658						
2097.7	1.3232			2097.7	0.0058976						
2098.2	1.3252			2098.2	0.0059247						
2098.7	1.3271			2098.7	0.0059489						
2099.2	1.3289			2099.2	0.0059725						
2099.7	1.3307			2099.7	0.0059937						
2100.1	1.3324			2100.1	0.0060151						
2100.6	1.3341			2100.6	0.0060349						
2101.1	1.3357			2101.1	0.006054						
2101.6	1.3374			2101.6	0.0060722						
2102.1	1.339			2102.1	0.0060909						
2102.6	1.3406			2102.6	0.0061089						
2103	1.3422			2103	0.0061244						
2103.5	1.3438			2103.5	0.0061411						
2104	1.3454			2104	0.0061554						
2104.5	1.3471			2104.5	0.0061721						
2105	1.3486			2105	0.0061858						
2105.5	1.3502			2105.5	0.0062003						
2105.9	1.3517			2105.9	0.0062139						
2106.4	1.3532			2106.4	0.0062255						
2106.9	1.3542			2106.9	0.0062338						
2107.4	1.3561			2107.4	0.003611						
2107.9	1.3589			2107.9	0.0036376						
2108.3	1.3613			2108.3	0.0036604						
2108.8	1.3636			2108.8	0.0036813						
2109.3	1.366			2109.3	0.0037005						
2109.8	1.3684			2109.8	0.0037192						
2110.3	1.3709			2110.3	0.0037379						
2110.8	1.3738			2110.8	0.0037585						
2111.2	1.3759			2111.2	0.0063683						
2111.7	1.3772			2111.7	0.0063728						
2112.2	1.3789			2112.2	0.0063795						
2112.7	1.3804			2112.7	0.006384						
2113.2	1.3831			2113.2	0.0038121						
2113.7	1.3855			2113.7	0.006399						
2114.1	1.3876			2114.1	0.0038325						
2114.6	1.3909			2114.6	0.003845						
2115.1	1.394			2115.1	0.0038542						
2115.6	1.3971			2115.6	0.003862						
2116.1	1.4002			2116.1	0.0038692						
2116.5	1.4034			2116.5	0.0038749						
2117	1.4066			2117	0.0038747						
2117.5	1.41			2117.5	0.0038747						
2118	1.4136			2118	0.0038732						
2118.5	1.4172			2118.5	0.0038673						
2119	1.421			2119	0.0038613						
2119.4	1.425			2119.4	0.0038515						
2119.9	1.4291			2119.9	0.003837						
2120.4	1.4334			2120.4	0.0038189						
2120.9	1.438			2120.9	0.0037957						
2121.4	1.4427			2121.4	0.0037664						
2121.9	1.4476			2121.9	0.003733						
2122.3	1.4527			2122.3	0.003693						
2122.8	1.4578			2122.8	0.0036483						
2123.3	1.464			2123.3	0.0011572						
2123.8	1.4718			2123.8	0.001083						
2124.3	1.4784			2124.3	0.0034149						
2124.7	1.4855			2124.7	0.00092065						
2125.2	1.4946			2125.2	0.0007956						
2125.7	1.5032			2125.7	0.0030261						
2126.2	1.5116			2126.2	0.0028654						
2126.7	1.5211			2126.7	0.0026697						
2127.2	1.5316			2127.2	0.0024333						
2127.6	1.5431			2127.6	0.0021474						
2128.1	1.556			2128.1	0.0017983						
2128.6	1.5706			2128.6	0.001363						
2129.1	1.5861			2129.1	0.0031029						
2129.6	1.6033			2129.6	0.0024606						
2130	1.6229			2130	0.0038654						
2130.5	1.6444			2130.5	0.005052						
2131	1.669			2131	0.0059301						
2131.5	1.6983			2131.5	0.0063373						
2132	1.7328			2132	0.010345						
2132.5	1.7731			2132.5	0.015496						
2132.9	1.8212			2132.9	0.025411						
2133.4	1.8789			2133.4	0.041306						
2133.9	1.9461			2133.9	0.072534						
2134.4	2.0207			2134.4	0.12314						
2134.9	2.0964			2134.9	0.20651						
2135.4	2.1578			2135.4	0.32882						
2135.8	2.1915			2135.8	0.47626						
2136.3	2.1973			2136.3	0.62537						
2136.8	2.186			2136.8	0.76979						
2137.3	2.1656			2137.3	0.92639						
2137.8	2.1174			2137.8	1.1261						
2138.2	2.0023			2138.2	1.3854						
2138.7	1.7776			2138.7	1.6368						
2139.2	1.4683			2139.2	1.7545						
2139.7	1.16			2139.7	1.702						
2140.2	0.9147			2140.2	1.5568						
2140.7	0.74113			2140.7	1.3838						
2141.1	0.62044			2141.1	1.2257						
2141.6	0.53081			2141.6	1.0757						
2142.1	0.46387			2142.1	0.9337						
2142.6	0.40771			2142.6	0.80526						
2143.1	0.35322			2143.1	0.66622						
2143.6	0.33327			2143.6	0.45592						
2144	0.39157			2144	0.2388						
2144.5	0.50072			2144.5	0.11883						
2145	0.60466			2145	0.075164						
2145.5	0.68423			2145.5	0.059333						
2146	0.74405			2146	0.051099						
2146.4	0.79189			2146.4	0.043699						
2146.9	0.83135			2146.9	0.041033						
2147.4	0.86368			2147.4	0.038287						
2147.9	0.89174			2147.9	0.035527						
2148.4	0.91507			2148.4	0.036562						
2148.9	0.93462			2148.9	0.033587						
2149.3	0.95331			2149.3	0.030682						
2149.8	0.96953			2149.8	0.0314						
2150.3	0.98393			2150.3	0.028417						
2150.8	0.99694			2150.8	0.028982						
2151.3	1.0087			2151.3	0.025978						
2151.7	1.0196			2151.7	0.026445						
2152.2	1.0296			2152.2	0.023444						
2152.7	1.039			2152.7	0.023848						
2153.2	1.0478			2153.2	0.020862						
2153.7	1.0566			2153.7	0.021242						
2154.2	1.0634			2154.2	0.021528						
2154.6	1.0703			2154.6	0.018528						
2155.1	1.077			2155.1	0.018819						
2155.6	1.0837			2155.6	0.01586						
2156.1	1.0907			2156.1	0.016165						
2156.6	1.0964			2156.6	0.016409						
2157.1	1.1011			2157.1	0.016602						
2157.5	1.1064			2157.5	0.013652						
2158	1.1123			2158	0.0139						
2158.5	1.1173			2158.5	0.014108						
2159	1.1218			2159	0.014291						
2159.5	1.126			2159.5	0.014456						
2159.9	1.1299			2159.9	0.014606						
2160.4	1.1335			2160.4	0.014743						
2160.9	1.1368			2160.9	0.014865						
2161.4	1.1397			2161.4	0.014972						
2161.9	1.1421			2161.9	0.015054						
2162.4	1.1452			2162.4	0.01212						
2162.8	1.1492			2162.8	0.012268						
2163.3	1.1525			2163.3	0.012391						
2163.8	1.1555			2163.8	0.012503						
2164.3	1.1583			2164.3	0.012604						
2164.8	1.161			2164.8	0.012697						
2165.3	1.1635			2165.3	0.012785						
2165.7	1.1659			2165.7	0.012868						
2166.2	1.1682			2166.2	0.012947						
2166.7	1.1704			2166.7	0.013019						
2167.2	1.1725			2167.2	0.013089						
2167.7	1.1746			2167.7	0.013153						
2168.1	1.1765			2168.1	0.013216						
2168.6	1.1784			2168.6	0.013275						
2169.1	1.1802			2169.1	0.013332						
2169.6	1.182			2169.6	0.013385						
2170.1	1.1837			2170.1	0.013435						
2170.6	1.1853			2170.6	0.013485						
2171	1.1869			2171	0.013531						
2171.5	1.1884			2171.5	0.013576						
2172	1.1899			2172	0.013618						
2172.5	1.1913			2172.5	0.013658						
2173	1.1927			2173	0.013697						
2173.5	1.194			2173.5	0.013736						
2173.9	1.1953			2173.9	0.013769						
2174.4	1.1966			2174.4	0.013804						
2174.9	1.1978			2174.9	0.013838						
2175.4	1.199			2175.4	0.01387						
2175.9	1.2002			2175.9	0.013901						
2176.3	1.2013			2176.3	0.013929						
2176.8	1.2024			2176.8	0.013956						
2177.3	1.2034			2177.3	0.013983						
2177.8	1.2045			2177.8	0.014009						
2178.3	1.2055			2178.3	0.014034						
2178.8	1.2065			2178.8	0.014059						
2179.2	1.2074			2179.2	0.014081						
2179.7	1.2084			2179.7	0.014105						
2180.2	1.2093			2180.2	0.014126						
2180.7	1.2102			2180.7	0.014146						
2181.2	1.211			2181.2	0.014165						
2181.6	1.2119			2181.6	0.014186						
2182.1	1.2127			2182.1	0.014204						
2182.6	1.2135			2182.6	0.014221						
2183.1	1.2143			2183.1	0.014239						
2183.6	1.215			2183.6	0.014255						
2184.1	1.2158			2184.1	0.014272						
2184.5	1.2165			2184.5	0.014287						
2185	1.2172			2185	0.014302						
2185.5	1.2179			2185.5	0.014317						
2186	1.2186			2186	0.014332						
2186.5	1.2193			2186.5	0.014344						
2187	1.2199			2187	0.014358						
2187.4	1.2206			2187.4	0.014371						
2187.9	1.2212			2187.9	0.014383						
2188.4	1.2218			2188.4	0.014395						
2188.9	1.2224			2188.9	0.014406						
2189.4	1.223			2189.4	0.014418						
2189.8	1.2235			2189.8	0.014428						
2190.3	1.2241			2190.3	0.014437						
2190.8	1.2247			2190.8	0.014449						
2191.3	1.2252			2191.3	0.014459						
2191.8	1.2257			2191.8	0.014468						
2192.3	1.2263			2192.3	0.014476						
2192.7	1.2268			2192.7	0.014486						
2193.2	1.2273			2193.2	0.014494						
2193.7	1.2278			2193.7	0.014505						
2194.2	1.2284			2194.2	0.014514						
2194.7	1.229			2194.7	0.014525						
2195.2	1.2299			2195.2	0.014542						
2195.6	1.2294			2195.6	0.017326						
2196.1	1.229			2196.1	0.014511						
2196.6	1.2298			2196.6	0.014531						
2197.1	1.2304			2197.1	0.014539						
2197.6	1.2309			2197.6	0.014548						
2198	1.2313			2198	0.014553						
2198.5	1.2317			2198.5	0.01456						
2199	1.2321			2199	0.014567						
2199.5	1.2325			2199.5	0.014572						
2200	1.2329			2200	0.014576						
2200.5	1.2333			2200.5	0.014581						
2200.9	1.2336			2200.9	0.014584						
2201.4	1.234			2201.4	0.01459						
2201.9	1.2343			2201.9	0.014594						
2202.4	1.2346			2202.4	0.014598						
2202.9	1.2349			2202.9	0.014601						
2203.3	1.2353			2203.3	0.014606						
2203.8	1.2356			2203.8	0.014608						
2204.3	1.2359			2204.3	0.014611						
2204.8	1.2361			2204.8	0.014614						
2205.3	1.2364			2205.3	0.014617						
2205.8	1.2367			2205.8	0.014621						
2206.2	1.237			2206.2	0.014621						
2206.7	1.2372			2206.7	0.014625						
2207.2	1.2375			2207.2	0.014627						
2207.7	1.2377			2207.7	0.014629						
2208.2	1.2379			2208.2	0.01463						
2208.7	1.2382			2208.7	0.014631						
2209.1	1.2384			2209.1	0.014631						
2209.6	1.2386			2209.6	0.014632						
2210.1	1.2388			2210.1	0.014632						
2210.6	1.2389			2210.6	0.014632						
2211.1	1.2391			2211.1	0.014633						
2211.5	1.2392			2211.5	0.014632						
2212	1.2394			2212	0.014632						
2212.5	1.2395			2212.5	0.01463						
2213	1.2396			2213	0.014627						
2213.5	1.2396			2213.5	0.014624						
2214	1.2396			2214	0.014622						
2214.4	1.2396			2214.4	0.014616						
2214.9	1.2393			2214.9	0.014605						
2215.4	1.2387			2215.4	0.014585						
2215.9	1.2389			2215.9	0.011839						
2216.4	1.24			2216.4	0.011863						
2216.9	1.2406			2216.9	0.011876						
2217.3	1.2411			2217.3	0.011884						
2217.8	1.2415			2217.8	0.011892						
2218.3	1.2418			2218.3	0.011897						
2218.8	1.2421			2218.8	0.011901						
2219.3	1.2424			2219.3	0.011904						
2219.7	1.2427			2219.7	0.011908						
2220.2	1.2429			2220.2	0.01191						
2220.7	1.2431			2220.7	0.011912						
2221.2	1.2433			2221.2	0.011914						
2221.7	1.2435			2221.7	0.011916						
2222.2	1.2437			2222.2	0.011917						
2222.6	1.2438			2222.6	0.011917						
2223.1	1.244			2223.1	0.011917						
2223.6	1.2441			2223.6	0.011917						
2224.1	1.2442			2224.1	0.011915						
2224.6	1.2442			2224.6	0.011912						
2225	1.2442			2225	0.011911						
2225.5	1.2442			2225.5	0.011907						
2226	1.244			2226	0.011897						
2226.5	1.2434			2226.5	0.011879						
2227	1.2437			2227	0.0091636						
2227.5	1.2452			2227.5	0.0091999						
2227.9	1.2449			2227.9	0.011908						
2228.4	1.2445			2228.4	0.0091766						
2228.9	1.2453			2228.9	0.0091966						
2229.4	1.2458			2229.4	0.0092053						
2229.9	1.2461			2229.9	0.009213						
2230.4	1.2464			2230.4	0.0092183						
2230.8	1.2467			2230.8	0.0092204						
2231.3	1.2469			2231.3	0.0092231						
2231.8	1.247			2231.8	0.009226						
2232.3	1.2472			2232.3	0.0092262						
2232.8	1.2472			2232.8	0.0092257						
2233.2	1.2472			2233.2	0.0092229						
2233.7	1.2469			2233.7	0.0092098						
2234.2	1.2478			2234.2	0.0065309						
2234.7	1.2486			2234.7	0.0092505						
2235.2	1.2479			2235.2	0.0092303						
2235.7	1.2471			2235.7	0.0092053						
2236.1	1.2473			2236.1	0.0065107						
2236.6	1.2483			2236.6	0.0065376						
2237.1	1.249			2237.1	0.0065531						
2237.6	1.2494			2237.6	0.0065647						
2238.1	1.2498			2238.1	0.0065736						
2238.6	1.2501			2238.6	0.0065807						
2239	1.2505			2239	0.0065869						
2239.5	1.2508			2239.5	0.0065941						
2240	1.251			2240	0.0065998						
2240.5	1.2513			2240.5	0.0066056						
2241	1.2515			2241	0.0066098						
2241.4	1.2518			2241.4	0.0066134						
2241.9	1.252			2241.9	0.0066191						
2242.4	1.2522			2242.4	0.0066236						
2242.9	1.2524			2242.9	0.0066255						
2243.4	1.2526			2243.4	0.0066301						
2243.9	1.2528			2243.9	0.006634						
2244.3	1.253			2244.3	0.0066371						
2244.8	1.2531			2244.8	0.00664						
2245.3	1.2533			2245.3	0.0066422						
2245.8	1.2535			2245.8	0.0066444						
2246.3	1.2536			2246.3	0.0066459						
2246.7	1.2538			2246.7	0.006647						
2247.2	1.2539			2247.2	0.0066489						
2247.7	1.254			2247.7	0.0066515						
2248.2	1.2541			2248.2	0.006652						
2248.7	1.2542			2248.7	0.0066513						
2249.2	1.2542			2249.2	0.0066518						
2249.6	1.2542			2249.6	0.0066496						
2250.1	1.2541			2250.1	0.0066448						
2250.6	1.2537			2250.6	0.0066327						
2251.1	1.2546			2251.1	0.0039905						
2251.6	1.2553			2251.6	0.0066694						
2252.1	1.2543			2252.1	0.006642						
2252.5	1.2546			2252.5	0.0039877						
2253	1.2562			2253	0.0040334						
2253.5	1.2564			2253.5	0.0066941						
2254	1.2556			2254	0.0066688						
2254.5	1.2547			2254.5	0.0066421						
2254.9	1.2547			2254.9	0.0039847						
2255.4	1.2557			2255.4	0.0040098						
2255.9	1.2562			2255.9	0.0040252						
2256.4	1.2566			2256.4	0.0040358						
2256.9	1.2569			2256.9	0.0040427						
2257.4	1.2572			2257.4	0.0040514						
2257.8	1.2575			2257.8	0.0040575						
2258.3	1.2578			2258.3	0.0040625						
2258.8	1.258			2258.8	0.0040692						
2259.3	1.2582			2259.3	0.0040745						
2259.8	1.2584			2259.8	0.0040797						
2260.3	1.2586			2260.3	0.004083						
2260.7	1.2588			2260.7	0.0040873						
2261.2	1.259			2261.2	0.004092						
2261.7	1.2592			2261.7	0.0040976						
2262.2	1.2594			2262.2	0.0041012						
2262.7	1.2596			2262.7	0.0041059						
2263.1	1.2598			2263.1	0.0041097						
2263.6	1.26			2263.6	0.0041124						
2264.1	1.2601			2264.1	0.0041163						
2264.6	1.2603			2264.6	0.0041183						
2265.1	1.2605			2265.1	0.004124						
2265.6	1.2606			2265.6	0.0041267						
2266	1.2608			2266	0.0041298						
2266.5	1.2609			2266.5	0.0041323						
2267	1.2611			2267	0.0041355						
2267.5	1.2613			2267.5	0.0041386						
2268	1.2614			2268	0.0041418						
2268.5	1.2616			2268.5	0.004145						
2268.9	1.2617			2268.9	0.004148						
2269.4	1.2618			2269.4	0.0041505						
2269.9	1.262			2269.9	0.0041534						
2270.4	1.2621			2270.4	0.0041553						
2270.9	1.2623			2270.9	0.0041586						
2271.3	1.2624			2271.3	0.0041614						
2271.8	1.2625			2271.8	0.0041636						
2272.3	1.2627			2272.3	0.0041674						
2272.8	1.2628			2272.8	0.0041689						
2273.3	1.2629			2273.3	0.0041699						
2273.8	1.2631			2273.8	0.004173						
2274.2	1.2632			2274.2	0.0041767						
2274.7	1.2633			2274.7	0.0041782						
2275.2	1.2634			2275.2	0.0041798						
2275.7	1.2636			2275.7	0.0041829						
2276.2	1.2637			2276.2	0.0041844						
2276.6	1.2638			2276.6	0.0041872						
2277.1	1.2639			2277.1	0.0041881						
2277.6	1.264			2277.6	0.0041901						
2278.1	1.2642			2278.1	0.0041932						
2278.6	1.2643			2278.6	0.0041947						
2279.1	1.2644			2279.1	0.0041959						
2279.5	1.2645			2279.5	0.0041982						
2280	1.2646			2280	0.0041995						
2280.5	1.2647			2280.5	0.0042015						
2281	1.2648			2281	0.0042037						
2281.5	1.2649			2281.5	0.0042051						
2282	1.2651			2282	0.0042071						
2282.4	1.2652			2282.4	0.0042086						
2282.9	1.2653			2282.9	0.0042109						
2283.4	1.2654			2283.4	0.0042115						
2283.9	1.2655			2283.9	0.0042142						
2284.4	1.2656			2284.4	0.0042149						
2284.8	1.2657			2284.8	0.0042168						
2285.3	1.2658			2285.3	0.0042177						
2285.8	1.2659			2285.8	0.0042199						
2286.3	1.266			2286.3	0.0042216						
2286.8	1.2661			2286.8	0.0042237						
2287.3	1.2662			2287.3	0.0042233						
2287.7	1.2663			2287.7	0.004225						
2288.2	1.2664			2288.2	0.0042278						
2288.7	1.2665			2288.7	0.004228						
2289.2	1.2666			2289.2	0.0042301						
2289.7	1.2667			2289.7	0.0042303						
2290.2	1.2667			2290.2	0.0042318						
2290.6	1.2668			2290.6	0.0042335						
2291.1	1.2669			2291.1	0.0042351						
2291.6	1.267			2291.6	0.0042359						
2292.1	1.2671			2292.1	0.0042361						
2292.6	1.2672			2292.6	0.0042377						
2293	1.2673			2293	0.0042399						
2293.5	1.2674			2293.5	0.0042408						
2294	1.2675			2294	0.0042421						
2294.5	1.2675			2294.5	0.0042421						
2295	1.2676			2295	0.004244						
2295.5	1.2677			2295.5	0.0042456						
2295.9	1.2678			2295.9	0.0042466						
2296.4	1.2679			2296.4	0.0042473						
2296.9	1.268			2296.9	0.0042466						
2297.4	1.268			2297.4	0.0042493						
2297.9	1.2681			2297.9	0.0042498						
2298.4	1.2682			2298.4	0.0042497						
2298.8	1.2683			2298.8	0.0042526						
2299.3	1.2683			2299.3	0.0042523						
2299.8	1.2684			2299.8	0.0042542						
2300.3	1.2685			2300.3	0.0042537						
2300.8	1.2686			2300.8	0.0042552						
2301.2	1.2686			2301.2	0.0042576						
2301.7	1.2687			2301.7	0.0042565						
2302.2	1.2688			2302.2	0.004258						
2302.7	1.2689			2302.7	0.0042578						
2303.2	1.2689			2303.2	0.0042589						
2303.7	1.269			2303.7	0.0042596						
2304.1	1.2691			2304.1	0.004261						
2304.6	1.2691			2304.6	0.0042608						
2305.1	1.2692			2305.1	0.0042604						
2305.6	1.2693			2305.6	0.0042617						
2306.1	1.2693			2306.1	0.0042611						
2306.5	1.2694			2306.5	0.0042624						
2307	1.2695			2307	0.0042642						
2307.5	1.2695			2307.5	0.0042642						
2308	1.2696			2308	0.0042647						
2308.5	1.2697			2308.5	0.0042645						
2309	1.2697			2309	0.0042648						
2309.4	1.2698			2309.4	0.0042661						
2309.9	1.2698			2309.9	0.004265						
2310.4	1.2699			2310.4	0.0042683						
2310.9	1.27			2310.9	0.0042676						
2311.4	1.27			2311.4	0.0042678						
2311.9	1.2701			2311.9	0.0042672						
2312.3	1.2701			2312.3	0.0042678						
2312.8	1.2702			2312.8	0.0042692						
2313.3	1.2702			2313.3	0.0042683						
2313.8	1.2703			2313.8	0.0042671						
2314.3	1.2703			2314.3	0.0042681						
2314.7	1.2704			2314.7	0.0042676						
2315.2	1.2704			2315.2	0.0042678						
2315.7	1.2704			2315.7	0.0042675						
2316.2	1.2705			2316.2	0.0042676						
2316.7	1.2705			2316.7	0.0042672						
2317.2	1.2705			2317.2	0.0042661						
2317.6	1.2705			2317.6	0.0042639						
2318.1	1.2705			2318.1	0.0042626						
2318.6	1.2704			2318.6	0.0042616						
2319.1	1.2703			2319.1	0.0042566						
2319.6	1.2699			2319.6	0.004244						
2320.1	1.2707			2320.1	0.001718						
2320.5	1.2714			2320.5	0.0042812						
2321	1.2706			2321	0.0042571						
2321.5	1.2712			2321.5	0.0017298						
2322	1.2719			2322	0.0042917						
2322.5	1.2714			2322.5	0.0042757						
2322.9	1.2708			2322.9	0.0042593						
2323.4	1.2716			2323.4	0.0017368						
2323.9	1.2723			2323.9	0.0042986						
2324.4	1.2718			2324.4	0.0042844						
2324.9	1.2716			2324.9	0.0042781						
2325.4	1.2715			2325.4	0.0042709						
2325.8	1.2713			2325.8	0.0042673						
2326.3	1.2711			2326.3	0.0042574						
2326.8	1.2705			2326.8	0.0042413						
2327.3	1.2708			2327.3	0.0017122						
2327.8	1.2723			2327.8	0.0017544						
2328.2	1.2725			2328.2	0.0042924						
2328.7	1.2713			2328.7	0.0042602						
2329.2	1.2715			2329.2	0.0017275						
2329.7	1.2729			2329.7	0.0017668						
2330.2	1.273			2330.2	0.0043002						
2330.7	1.2718			2330.7	0.0042669						
2331.1	1.2719			2331.1	0.0017343						
2331.6	1.2731			2331.6	0.0017725						
2332.1	1.2729			2332.1	0.0042922						
2332.6	1.2726			2332.6	0.0017549						
2333.1	1.2739			2333.1	0.0017921						
2333.6	1.2739			2333.6	0.0043176						
2334	1.2727			2334	0.0042845						
2334.5	1.2729			2334.5	0.0017598						
2335	1.2742			2335	0.0018001						
2335.5	1.2744			2335.5	0.0043243						
2336	1.2733			2336	0.0042945						
2336.4	1.2737			2336.4	0.0017838						
2336.9	1.2742			2336.9	0.0043179						
2337.4	1.2731			2337.4	0.0042871						
2337.9	1.2733			2337.9	0.001768						
2338.4	1.2747			2338.4	0.0018095						
2338.9	1.2748			2338.9	0.0043286						
2339.3	1.2737			2339.3	0.0042983						
2339.8	1.2739			2339.8	0.0017824						
2340.3	1.2752			2340.3	0.0018206						
2340.8	1.2751			2340.8	0.0043312						
2341.3	1.275			2341.3	0.0018119						
2341.8	1.2765			2341.8	0.0018542						
2342.2	1.2769			2342.2	0.0043761						
2342.7	1.2765			2342.7	0.0043653						
2343.2	1.2766			2343.2	0.0043675						
2343.7	1.2773			2343.7	0.0043808						
2344.2	1.2772			2344.2	0.0068908						
2344.6	1.2765			2344.6	0.006871						
2345.1	1.2765			2345.1	0.0068704						
2345.6	1.2758			2345.6	0.0093666						
2346.1	1.2743			2346.1	0.0093293						
2346.6	1.273			2346.6	0.0092978						
2347.1	1.2714			2347.1	0.0092567						
2347.5	1.2703			2347.5	0.0067029						
2348	1.2708			2348	0.0041975						
2348.5	1.2718			2348.5	0.0042228						
2349	1.2722			2349	0.0042332						
2349.5	1.2725			2349.5	0.0042384						
2349.9	1.2726			2349.9	0.0042411						
2350.4	1.2727			2350.4	0.0042406						
2350.9	1.2726			2350.9	0.0042385						
2351.4	1.2723			2351.4	0.004228						
2351.9	1.2731			2351.9	0.0017442						
2352.4	1.2739			2352.4	0.004271						
2352.8	1.2735			2352.8	0.0042582						
2353.3	1.2733			2353.3	0.0042535						
2353.8	1.2732			2353.8	0.0042483						
2354.3	1.2731			2354.3	0.0042428						
2354.8	1.2729			2354.8	0.0042363						
2355.3	1.2726			2355.3	0.0042278						
2355.7	1.2719			2355.7	0.0042084						
2356.2	1.2721			2356.2	0.0017081						
2356.7	1.2734			2356.7	0.0017462						
2357.2	1.2731			2357.2	0.0042359						
2357.7	1.2726			2357.7	0.0017213						
2358.1	1.2733			2358.1	0.0017408						
2358.6	1.2738			2358.6	0.0017529						
2359.1	1.2741			2359.1	0.0017632						
2359.6	1.2747			2359.6	0.0017802						
2360.1	1.2741			2360.1	0.004257						
2360.6	1.2735			2360.6	0.0017427						
2361	1.2741			2361	0.0017592						
2361.5	1.2744			2361.5	0.001767						
2362	1.2746			2362	0.0017732						
2362.5	1.2748			2362.5	0.0017788						
2363	1.2751			2363	0.0017859						
2363.5	1.2756			2363.5	0.0017996						
2363.9	1.2749			2363.9	0.00427						
2364.4	1.2742			2364.4	0.0017582						
2364.9	1.2747			2364.9	0.0017735						
2365.4	1.275			2365.4	0.0017768						
2365.9	1.2751			2365.9	0.001783						
2366.3	1.2752			2366.3	0.0017852						
2366.8	1.2754			2366.8	0.0017891						
2367.3	1.2755			2367.3	0.001791						
2367.8	1.2756			2367.8	0.0017923						
2368.3	1.2757			2368.3	0.0017949						
2368.8	1.2757			2368.8	0.0017976						
2369.2	1.2758			2369.2	0.0017991						
2369.7	1.2759			2369.7	0.0018015						
2370.2	1.276			2370.2	0.0018018						
2370.7	1.2761			2370.7	0.0018057						
2371.2	1.2762			2371.2	0.0018071						
2371.6	1.2763			2371.6	0.0018097						
2372.1	1.2764			2372.1	0.0018133						
2372.6	1.2766			2372.6	0.0018182						
2373.1	1.2771			2373.1	0.0018307						
2373.6	1.2763			2373.6	0.0042852						
2374.1	1.2756			2374.1	0.0017872						
2374.5	1.2761			2374.5	0.0017992						
2375	1.2763			2375	0.0018051						
2375.5	1.2764			2375.5	0.001807						
2376	1.2765			2376	0.0018101						
2376.5	1.2766			2376.5	0.0018115						
2377	1.2767			2377	0.0018145						
2377.4	1.2767			2377.4	0.0018147						
2377.9	1.2768			2377.9	0.0018163						
2378.4	1.2769			2378.4	0.0018188						
2378.9	1.2769			2378.9	0.0018185						
2379.4	1.277			2379.4	0.0018197						
2379.8	1.2771			2379.8	0.001821						
2380.3	1.2771			2380.3	0.0018209						
2380.8	1.2772			2380.8	0.0018216						
2381.3	1.2772			2381.3	0.0018238						
2381.8	1.2773			2381.8	0.0018252						
2382.3	1.2773			2382.3	0.0018246						
2382.7	1.2774			2382.7	0.001826						
2383.2	1.2774			2383.2	0.0018259						
2383.7	1.2775			2383.7	0.0018281						
2384.2	1.2775			2384.2	0.0018287						
2384.7	1.2776			2384.7	0.0018294						
2385.2	1.2776			2385.2	0.0018302						
2385.6	1.2777			2385.6	0.00183						
2386.1	1.2777			2386.1	0.0018319						
2386.6	1.2778			2386.6	0.0018321						
2387.1	1.2778			2387.1	0.0018319						
2387.6	1.2779			2387.6	0.0018344						
2388	1.2779			2388	0.0018355						
2388.5	1.278			2388.5	0.0018348						
2389	1.278			2389	0.0018355						
2389.5	1.2781			2389.5	0.0018382						
2390	1.2781			2390	0.0018359						
2390.5	1.2781			2390.5	0.0018371						
2390.9	1.2782			2390.9	0.0018392						
2391.4	1.2782			2391.4	0.0018389						
2391.9	1.2783			2391.9	0.0018398						
2392.4	1.2783			2392.4	0.0018413						
2392.9	1.2784			2392.9	0.0018409						
2393.4	1.2784			2393.4	0.001842						
2393.8	1.2784			2393.8	0.0018405						
2394.3	1.2785			2394.3	0.0018439						
2394.8	1.2785			2394.8	0.0018429						
2395.3	1.2786			2395.3	0.001844						
2395.8	1.2786			2395.8	0.0018448						
2396.2	1.2787			2396.2	0.0018444						
2396.7	1.2787			2396.7	0.0018464						
2397.2	1.2787			2397.2	0.0018462						
2397.7	1.2788			2397.7	0.0018474						
2398.2	1.2788			2398.2	0.0018475						
2398.7	1.2789			2398.7	0.0018462						
2399.1	1.2789			2399.1	0.0018486						
2399.6	1.2789			2399.6	0.0018491						
2400.1	1.279			2400.1	0.0018489						
2400.6	1.279			2400.6	0.0018504						
2401.1	1.279			2401.1	0.0018495						
2401.5	1.2791			2401.5	0.0018505						
2402	1.2791			2402	0.0018517						
2402.5	1.2792			2402.5	0.0018518						
2403	1.2792			2403	0.0018517						
2403.5	1.2792			2403.5	0.0018525						
2404	1.2793			2404	0.0018535						
2404.4	1.2793			2404.4	0.0018536						
2404.9	1.2793			2404.9	0.0018536						
2405.4	1.2794			2405.4	0.0018533						
2405.9	1.2794			2405.9	0.0018543						
2406.4	1.2794			2406.4	0.0018549						
2406.9	1.2795			2406.9	0.0018555						
2407.3	1.2795			2407.3	0.001856						
2407.8	1.2795			2407.8	0.0018564						
2408.3	1.2796			2408.3	0.0018568						
2408.8	1.2796			2408.8	0.0018579						
2409.3	1.2797			2409.3	0.0018576						
2409.7	1.2797			2409.7	0.001857						
2410.2	1.2797			2410.2	0.0018591						
2410.7	1.2798			2410.7	0.0018595						
2411.2	1.2798			2411.2	0.0018576						
2411.7	1.2798			2411.7	0.0018594						
2412.2	1.2799			2412.2	0.0018603						
2412.6	1.2799			2412.6	0.0018607						
2413.1	1.2799			2413.1	0.0018603						
2413.6	1.28			2413.6	0.0018605						
2414.1	1.28			2414.1	0.0018607						
2414.6	1.28			2414.6	0.001861						
2415.1	1.28			2415.1	0.0018631						
2415.5	1.2801			2415.5	0.0018631						
2416	1.2801			2416	0.0018629						
2416.5	1.2801			2416.5	0.0018631						
2417	1.2802			2417	0.0018622						
2417.5	1.2802			2417.5	0.0018626						
2417.9	1.2802			2417.9	0.0018641						
2418.4	1.2803			2418.4	0.0018638						
2418.9	1.2803			2418.9	0.001864						
2419.4	1.2803			2419.4	0.0018644						
2419.9	1.2804			2419.9	0.0018646						
2420.4	1.2804			2420.4	0.0018657						
2420.8	1.2804			2420.8	0.0018656						
2421.3	1.2804			2421.3	0.0018644						
2421.8	1.2805			2421.8	0.0018662						
2422.3	1.2805			2422.3	0.0018643						
2422.8	1.2805			2422.8	0.0018669						
2423.2	1.2806			2423.2	0.0018667						
2423.7	1.2806			2423.7	0.0018671						
2424.2	1.2806			2424.2	0.0018667						
2424.7	1.2806			2424.7	0.0018672						
2425.2	1.2807			2425.2	0.0018674						
2425.7	1.2807			2425.7	0.0018679						
2426.1	1.2807			2426.1	0.0018681						
2426.6	1.2808			2426.6	0.0018679						
2427.1	1.2808			2427.1	0.0018682						
2427.6	1.2808			2427.6	0.0018677						
2428.1	1.2808			2428.1	0.0018696						
2428.6	1.2809			2428.6	0.0018705						
2429	1.2809			2429	0.0018694						
2429.5	1.2809			2429.5	0.00187						
2430	1.281			2430	0.0018702						
2430.5	1.281			2430.5	0.0018692						
2431	1.281			2431	0.0018698						
2431.4	1.281			2431.4	0.0018703						
2431.9	1.2811			2431.9	0.0018703						
2432.4	1.2811			2432.4	0.0018703						
2432.9	1.2811			2432.9	0.0018705						
2433.4	1.2811			2433.4	0.0018706						
2433.9	1.2812			2433.9	0.0018705						
2434.3	1.2812			2434.3	0.001871						
2434.8	1.2812			2434.8	0.0018723						
2435.3	1.2812			2435.3	0.001871						
2435.8	1.2813			2435.8	0.001871						
2436.3	1.2813			2436.3	0.0018717						
2436.8	1.2813			2436.8	0.0018708						
2437.2	1.2813			2437.2	0.0018719						
2437.7	1.2814			2437.7	0.0018723						
2438.2	1.2814			2438.2	0.0018722						
2438.7	1.2814			2438.7	0.0018729						
2439.2	1.2814			2439.2	0.0018725						
2439.6	1.2815			2439.6	0.0018719						
2440.1	1.2815			2440.1	0.0018727						
2440.6	1.2815			2440.6	0.0018724						
2441.1	1.2815			2441.1	0.001873						
2441.6	1.2815			2441.6	0.0018729						
2442.1	1.2816			2442.1	0.0018729						
2442.5	1.2816			2442.5	0.0018727						
2443	1.2816			2443	0.0018728						
2443.5	1.2816			2443.5	0.0018724						
2444	1.2817			2444	0.0018729						
2444.5	1.2817			2444.5	0.0018734						
2444.9	1.2817			2444.9	0.0018736						
2445.4	1.2817			2445.4	0.0018735						
2445.9	1.2817			2445.9	0.0018721						
2446.4	1.2818			2446.4	0.0018729						
2446.9	1.2818			2446.9	0.0018734						
2447.4	1.2818			2447.4	0.0018734						
2447.8	1.2818			2447.8	0.0018741						
2448.3	1.2819			2448.3	0.0018752						
2448.8	1.2819			2448.8	0.0018737						
2449.3	1.2819			2449.3	0.001874						
2449.8	1.2819			2449.8	0.0018753						
2450.3	1.2819			2450.3	0.0018729						
2450.7	1.282			2450.7	0.0018733						
2451.2	1.282			2451.2	0.0018741						
2451.7	1.282			2451.7	0.0018737						
2452.2	1.282			2452.2	0.0018742						
2452.7	1.282			2452.7	0.0018746						
2453.1	1.2821			2453.1	0.0018739						
2453.6	1.2821			2453.6	0.0018722						
2454.1	1.2821			2454.1	0.0018736						
2454.6	1.2821			2454.6	0.0018744						
2455.1	1.2821			2455.1	0.0018737						
2455.6	1.2822			2455.6	0.0018744						
2456	1.2822			2456	0.0018736						
2456.5	1.2822			2456.5	0.0018727						
2457	1.2822			2457	0.0018731						
2457.5	1.2822			2457.5	0.0018743						
2458	1.2822			2458	0.0018737						
2458.5	1.2823			2458.5	0.0018734						
2458.9	1.2823			2458.9	0.0018731						
2459.4	1.2823			2459.4	0.0018728						
2459.9	1.2823			2459.9	0.0018731						
2460.4	1.2823			2460.4	0.0018731						
2460.9	1.2823			2460.9	0.0018725						
2461.3	1.2824			2461.3	0.0018736						
2461.8	1.2824			2461.8	0.0018725						
2462.3	1.2824			2462.3	0.0018727						
2462.8	1.2824			2462.8	0.0018724						
2463.3	1.2824			2463.3	0.0018729						
2463.8	1.2824			2463.8	0.0018724						
2464.2	1.2825			2464.2	0.0018725						
2464.7	1.2825			2464.7	0.0018715						
2465.2	1.2825			2465.2	0.0018721						
2465.7	1.2825			2465.7	0.0018725						
2466.2	1.2825			2466.2	0.0018716						
2466.7	1.2825			2466.7	0.0018719						
2467.1	1.2825			2467.1	0.0018719						
2467.6	1.2826			2467.6	0.0018717						
2468.1	1.2826			2468.1	0.0018713						
2468.6	1.2826			2468.6	0.0018717						
2469.1	1.2826			2469.1	0.0018719						
2469.5	1.2826			2469.5	0.0018708						
2470	1.2826			2470	0.0018699						
2470.5	1.2826			2470.5	0.0018693						
2471	1.2826			2471	0.0018688						
2471.5	1.2827			2471.5	0.0018698						
2472	1.2827			2472	0.0018697						
2472.4	1.2827			2472.4	0.0018698						
2472.9	1.2827			2472.9	0.0018687						
2473.4	1.2827			2473.4	0.0018692						
2473.9	1.2827			2473.9	0.0018684						
2474.4	1.2827			2474.4	0.0018684						
2474.9	1.2827			2474.9	0.0018674						
2475.3	1.2827			2475.3	0.0018679						
2475.8	1.2827			2475.8	0.0018677						
2476.3	1.2827			2476.3	0.0018672						
2476.8	1.2828			2476.8	0.0018663						
2477.3	1.2828			2477.3	0.001866						
2477.7	1.2828			2477.7	0.0018665						
2478.2	1.2828			2478.2	0.001865						
2478.7	1.2828			2478.7	0.0018644						
2479.2	1.2828			2479.2	0.0018642						
2479.7	1.2828			2479.7	0.0018626						
2480.2	1.2828			2480.2	0.0018626						
2480.6	1.2827			2480.6	0.0018622						
2481.1	1.2827			2481.1	0.0018607						
2481.6	1.2827			2481.6	0.0018595						
2482.1	1.2827			2482.1	0.0018584						
2482.6	1.2826			2482.6	0.0018553						
2483	1.2825			2483	0.0018518						
2483.5	1.2821			2483.5	0.0018407						
2484	1.2829			2484	1.19E-7						
2484.5	1.2836			2484.5	0.0018823						
2485	1.2832			2485	0.001871						
2485.5	1.2831			2485.5	0.0018666						
2485.9	1.283			2485.9	0.0018643						
2486.4	1.283			2486.4	0.0018624						
2486.9	1.2829			2486.9	0.0018593						
2487.4	1.2829			2487.4	0.0018584						
2487.9	1.2829			2487.9	0.0018553						
2488.4	1.2828			2488.4	0.0018553						
2488.8	1.2827			2488.8	0.0018512						
2489.3	1.2827			2489.3	0.0018497						
2489.8	1.2825			2489.8	0.0018442						
2490.3	1.2821			2490.3	0.0018321						
2490.8	1.2828			2490.8	1.19E-7						
2491.2	1.2835			2491.2	0.0018705						
2491.7	1.2829			2491.7	0.001855						
2492.2	1.2824			2492.2	0.0018396						
2492.7	1.2831			2492.7	1.19E-7						
2493.2	1.2838			2493.2	0.0018779						
2493.7	1.2834			2493.7	0.0018646						
2494.1	1.2832			2494.1	0.0018576						
2494.6	1.2831			2494.6	0.0018553						
2495.1	1.283			2495.1	0.0018528						
2495.6	1.2829			2495.6	0.0018487						
2496.1	1.2828			2496.1	0.0018462						
2496.6	1.2828			2496.6	0.0018433						
2497	1.2827			2497	0.0018402						
2497.5	1.2826			2497.5	0.0018369						
2498	1.2824			2498	0.0018332						
2498.5	1.2823			2498.5	0.0018281						
2499	1.2821			2499	0.0018216						
2499.4	1.2816			2499.4	0.0018078						
2499.9	1.2814			2499.9	0.0018007						