Reference:	"Hudgins et al. (1993)"
DOI:	"doi:https://doi.org/10.1086/191796"
Sample Type:	"Ice"
Composition:	"CO:OCS (20:1)"
Temperature:	"30K"
OCdb page:	"https://ocdb.smce.nasa.gov/dataset/105"
n₁ Error Units:	Not Applicable
k₁ Error Units:	Not Applicable
T₁ Error Units:	Not Applicable

"Wavenumber (cm⁻¹)"	"n₁"	"Dn₁  (+/-)"	"k₁"	"Dk₁  (+/-)"		"Wavenumber (cm⁻¹)"	"T₁"	"DT₁  (+/-)"	
1600.1	1.3166		0.000274			1600.1	100		
1600.6	1.3168		0.000275			1601	100		
1601	1.3171		0.000279			1601.5	100		
1601.5	1.3178		0.00029			1602.5	100		
1602	1.3169		0.003846			1603.4	100		
1602.5	1.3161		0.000265			1604.4	99.900001526		
1603	1.3171		0.000281			1605.4	99.900001526		
1603.4	1.3184		0.000299			1606.3	99.900001526		
1603.9	1.3183		0.00386			1607.3	99.900001526		
1604.4	1.3171		0.003843			1608.3	99.900001526		
1604.9	1.3163		0.003832			1609.2	99.900001526		
1605.4	1.3153		0.003817			1610.2	100		
1605.9	1.316		0.000265			1611.2	99.900001526		
1606.3	1.3168		0.003838			1612.1	99.900001526		
1606.8	1.3157		0.00382			1613.1	99.900001526		
1607.3	1.3147		0.003808			1614.1	100		
1607.8	1.3154		0.000257			1615	99.900001526		
1608.3	1.3162		0.003824			1616	99.900001526		
1608.7	1.3151		0.003808			1616.9	99.900001526		
1609.2	1.3139		0.003794			1617.9	100		
1609.7	1.314		0.000233			1618.9	99.900001526		
1610.2	1.3154		0.000256			1619.8	100		
1610.7	1.3169		0.000279			1620.8	99.900001526		
1611.2	1.317		0.00383			1621.8	99.900001526		
1611.6	1.3159		0.003815			1622.7	100		
1612.1	1.3152		0.003806			1623.7	99.900001526		
1612.6	1.3146		0.003795			1624.7	99.900001526		
1613.1	1.3135		0.00378			1625.6	100		
1613.6	1.3136		0.000228			1626.6	100		
1614.1	1.315		0.00025			1627.6	100		
1614.5	1.3164		0.000272			1628.5	99.900001526		
1615	1.316		0.003808			1629.5	100		
1615.5	1.3161		0.000268			1630.4	99.900001526		
1616	1.3167		0.003816			1631.4	99.900001526		
1616.5	1.3156		0.003801			1632.4	99.900001526		
1616.9	1.315		0.003791			1633.3	99.900001526		
1617.4	1.314		0.003778			1634.3	99.900001526		
1617.9	1.3147		0.000245			1635.3	99.900001526		
1618.4	1.3153		0.003793			1636.2	99.900001526		
1618.9	1.3137		0.003771			1637.2	99.900001526		
1619.4	1.3138		0.00023			1638.2	99.900001526		
1619.8	1.3152		0.000254			1639.1	99.900001526		
1620.3	1.3166		0.000276			1640.1	99.900001526		
1620.8	1.3166		0.003806			1641.1	99.900001526		
1621.3	1.3154		0.003787			1642	99.900001526		
1621.8	1.3141		0.003769			1643	99.900001526		
1622.3	1.3144		0.000241			1644	99.900001526		
1622.7	1.3163		0.000272			1644.9	99.900001526		
1623.2	1.3166		0.003799			1645.9	99.900001526		
1623.7	1.3155		0.003784			1646.8	99.900001526		
1624.2	1.3149		0.003774			1647.8	99.900001526		
1624.7	1.3142		0.003765			1648.8	99.900001526		
1625.1	1.313		0.00375			1649.7	99.900001526		
1625.6	1.3131		0.000222			1650.7	99.900001526		
1626.1	1.3143		0.000239			1651.7	99.900001526		
1626.6	1.3149		0.000251			1652.6	99.900001526		
1627.1	1.3155		0.000262			1653.6	99.900001526		
1627.6	1.3161		0.000269			1654.6	99.900001526		
1628	1.3171		0.000284			1655.5	99.900001526		
1628.5	1.3164		0.003786			1656.5	99.900001526		
1629	1.3159		0.000266			1657.5	100		
1629.5	1.3176		0.000292			1658.4	99.900001526		
1630	1.3176		0.003799			1659.4	99.900001526		
1630.4	1.3161		0.003778			1660.3	99.900001526		
1630.9	1.3168		0.00028			1661.3	99.900001526		
1631.4	1.3176		0.003795			1662.3	99.900001526		
1631.9	1.3168		0.003783			1663.2	99.900001526		
1632.4	1.3165		0.003779			1664.2	99.900001526		
1632.9	1.3163		0.003774			1665.2	99.900001526		
1633.3	1.3161		0.003772			1666.1	100		
1633.8	1.316		0.003769			1667.1	99.900001526		
1634.3	1.3159		0.003767			1668.1	99.900001526		
1634.8	1.3158		0.003765			1669	100		
1635.3	1.3157		0.003764			1670	99.900001526		
1635.8	1.3156		0.003761			1671	99.900001526		
1636.2	1.3156		0.003759			1671.9	99.900001526		
1636.7	1.3155		0.00376			1672.9	99.900001526		
1637.2	1.3154		0.003757			1673.8	100		
1637.7	1.3154		0.003756			1674.8	100		
1638.2	1.3153		0.003752			1675.8	99.900001526		
1638.6	1.3153		0.003751			1676.7	99.900001526		
1639.1	1.3153		0.00375			1677.7	100		
1639.6	1.3152		0.00375			1678.7	100		
1640.1	1.3152		0.003746			1679.6	100		
1640.6	1.3151		0.003744			1680.6	99.900001526		
1641.1	1.3151		0.003744			1681.6	99.900001526		
1641.5	1.3151		0.003742			1682.5	100		
1642	1.315		0.003741			1683.5	99.900001526		
1642.5	1.315		0.00374			1684.5	99.900001526		
1643	1.315		0.003738			1685.4	99.900001526		
1643.5	1.3149		0.003736			1686.4	100		
1644	1.3149		0.003734			1687.4	99.900001526		
1644.4	1.3149		0.003735			1688.3	99.900001526		
1644.9	1.3149		0.003732			1689.3	100		
1645.4	1.3148		0.003732			1690.2	100		
1645.9	1.3148		0.00373			1691.2	100		
1646.4	1.3148		0.003728			1692.2	100		
1646.8	1.3148		0.003729			1693.1	100		
1647.3	1.3147		0.003728			1694.1	100		
1647.8	1.3147		0.003725			1695.1	100		
1648.3	1.3147		0.003724			1696	99.900001526		
1648.8	1.3146		0.003721			1697	99.900001526		
1649.3	1.3146		0.003722			1698	100		
1649.7	1.3146		0.00372			1698.9	100		
1650.2	1.3146		0.003719			1699.9	99.900001526		
1650.7	1.3145		0.003718			1700.9	99.900001526		
1651.2	1.3145		0.003717			1701.8	100		
1651.7	1.3145		0.003716			1702.8	99.900001526		
1652.2	1.3144		0.003714			1703.8	99.900001526		
1652.6	1.3144		0.003714			1704.7	99.900001526		
1653.1	1.3144		0.003712			1705.7	99.900001526		
1653.6	1.3143		0.003708			1706.6	99.900001526		
1654.1	1.3143		0.003707			1707.6	99.900001526		
1654.6	1.3142		0.003705			1708.6	99.900001526		
1655	1.3142		0.003703			1709.5	99.900001526		
1655.5	1.3141		0.003703			1710.5	99.900001526		
1656	1.314		0.0037			1711.5	99.900001526		
1656.5	1.3138		0.003696			1712.4	99.900001526		
1657	1.3132		0.003688			1713.4	99.900001526		
1657.5	1.3143		0.000245			1714.4	99.900001526		
1657.9	1.3153		0.003716			1715.3	99.900001526		
1658.4	1.3148		0.003706			1716.3	99.900001526		
1658.9	1.3145		0.003701			1717.3	100		
1659.4	1.3144		0.003698			1718.2	99.900001526		
1659.9	1.3143		0.003698			1719.2	99.900001526		
1660.3	1.3142		0.003695			1720.1	99.900001526		
1660.8	1.3142		0.003693			1721.1	100		
1661.3	1.3141		0.003691			1722.1	99.900001526		
1661.8	1.314		0.003688			1723	99.900001526		
1662.3	1.3139		0.003686			1724	100		
1662.8	1.3138		0.003684			1725	100		
1663.2	1.3137		0.00368			1725.9	99.900001526		
1663.7	1.3136		0.003679			1726.9	99.900001526		
1664.2	1.3134		0.003676			1727.9	100		
1664.7	1.313		0.00367			1728.8	100		
1665.2	1.3122		0.003657			1729.8	99.900001526		
1665.7	1.3127		0.00022			1730.8	100		
1666.1	1.3147		0.000252			1731.7	99.900001526		
1666.6	1.315		0.003693			1732.7	99.900001526		
1667.1	1.3136		0.003673			1733.6	99.900001526		
1667.6	1.3143		0.000247			1734.6	99.900001526		
1668.1	1.315		0.003691			1735.6	99.900001526		
1668.5	1.3138		0.003671			1736.5	100		
1669	1.3146		0.000251			1737.5	100		
1669.5	1.3154		0.003692			1738.5	100		
1670	1.3147		0.003683			1739.4	100		
1670.5	1.3144		0.003675			1740.4	99.900001526		
1671	1.3142		0.003674			1741.4	100		
1671.4	1.3139		0.003669			1742.3	99.900001526		
1671.9	1.3137		0.003665			1743.3	100		
1672.4	1.3134		0.003658			1744.3	100		
1672.9	1.313		0.003653			1745.2	100		
1673.4	1.3121		0.003638			1746.2	99.900001526		
1673.8	1.3123		0.000213			1747.2	100		
1674.3	1.3139		0.000241			1748.1	99.900001526		
1674.8	1.3153		0.000266			1749.1	99.900001526		
1675.3	1.3155		0.003683			1750	100		
1675.8	1.3145		0.003668			1751	99.900001526		
1676.3	1.3139		0.003658			1752	99.900001526		
1676.7	1.3132		0.003649			1752.9	100		
1677.2	1.3121		0.003632			1753.9	100		
1677.7	1.3122		0.000213			1754.9	100		
1678.2	1.3134		0.000232			1755.8	100		
1678.7	1.3141		0.000246			1756.8	100		
1679.2	1.3147		0.000256			1757.8	100		
1679.6	1.3154		0.000265			1758.7	100		
1680.1	1.3165		0.000283			1759.7	100		
1680.6	1.3164		0.003685			1760.7	99.900001526		
1681.1	1.3152		0.003666			1761.6	100		
1681.6	1.314		0.00365			1762.6	100		
1682	1.3142		0.000248			1763.5	100		
1682.5	1.3161		0.000278			1764.5	100		
1683	1.3164		0.003681			1765.5	100		
1683.5	1.3155		0.003667			1766.4	100		
1684	1.315		0.00366			1767.4	99.900001526		
1684.5	1.3147		0.003654			1768.4	100		
1684.9	1.3143		0.003649			1769.3	100		
1685.4	1.3138		0.00364			1770.3	100		
1685.9	1.3129		0.003627			1771.3	99.900001526		
1686.4	1.3133		0.000234			1772.2	99.900001526		
1686.9	1.3152		0.000264			1773.2	99.900001526		
1687.4	1.3155		0.00366			1774.2	100		
1687.8	1.3144		0.003644			1775.1	100		
1688.3	1.3137		0.003635			1776.1	99.900001526		
1688.8	1.3125		0.003616			1777.1	99.900001526		
1689.3	1.3126		0.000221			1778	99.900001526		
1689.8	1.3138		0.000242			1779	100		
1690.2	1.3149		0.000259			1779.9	100		
1690.7	1.3142		0.003636			1780.9	100		
1691.2	1.3135		0.000236			1781.9	100		
1691.7	1.3143		0.000248			1782.8	100		
1692.2	1.3147		0.000257			1783.8	99.900001526		
1692.7	1.3151		0.000263			1784.8	100		
1693.1	1.3154		0.000268			1785.7	99.900001526		
1693.6	1.3157		0.000273			1786.7	100		
1694.1	1.3161		0.000281			1787.7	100		
1694.6	1.3167		0.000289			1788.6	100		
1695.1	1.3177		0.000307			1789.6	100		
1695.6	1.3176		0.003673			1790.6	100		
1696	1.3164		0.003658			1791.5	99.900001526		
1696.5	1.3155		0.003644			1792.5	99.900001526		
1697	1.3143		0.003625			1793.4	99.900001526		
1697.5	1.3143		0.00025			1794.4	99.900001526		
1698	1.3155		0.00027			1795.4	100		
1698.4	1.3162		0.000281			1796.3	99.900001526		
1698.9	1.317		0.000293			1797.3	100		
1699.4	1.3181		0.000314			1798.3	100		
1699.9	1.3182		0.003674			1799.2	99.900001526		
1700.4	1.3171		0.003658			1800.2	100		
1700.9	1.3165		0.003649			1801.2	100		
1701.3	1.3157		0.003635			1802.1	100		
1701.8	1.3166		0.000288			1803.1	99.900001526		
1702.3	1.3175		0.003659			1804.1	99.900001526		
1702.8	1.3168		0.00365			1805	99.900001526		
1703.3	1.3165		0.003645			1806	99.900001526		
1703.8	1.3163		0.003641			1806.9	99.900001526		
1704.2	1.3162		0.003639			1807.9	100		
1704.7	1.3161		0.003636			1808.9	100		
1705.2	1.316		0.003635			1809.8	100		
1705.7	1.315899968		0.0036317			1810.8	100		
1706.2	1.315899968		0.0036297			1811.8	100		
1706.6	1.315799952		0.0036279			1812.7	100		
1707.1	1.315700054		0.003626			1813.7	100		
1707.6	1.315700054		0.0036255			1814.7	99.900001526		
1708.1	1.315600038		0.003623			1815.6	100		
1708.6	1.315600038		0.0036215			1816.6	99.900001526		
1709.1	1.315500021		0.0036206			1817.6	100		
1709.5	1.315500021		0.0036176			1818.5	100		
1710	1.315400004		0.0036169			1819.5	100		
1710.5	1.315400004		0.0036151			1820.5	100		
1711	1.315299988		0.0036152			1821.4	99.900001526		
1711.5	1.315299988		0.0036124			1822.4	100		
1711.9	1.315199971		0.0036107			1823.3	99.900001526		
1712.4	1.315199971		0.0036095			1824.3	100		
1712.9	1.315099955		0.0036065			1825.3	99.900001526		
1713.4	1.315000057		0.0036057			1826.2	99.900001526		
1713.9	1.315000057		0.0036038			1827.2	100		
1714.4	1.314900041		0.0036017			1828.2	99.900001526		
1714.8	1.314800024		0.0036009			1829.1	99.900001526		
1715.3	1.314700007		0.0035973			1830.1	99.900001526		
1715.8	1.314499974		0.0035947			1831.1	99.900001526		
1716.3	1.314299941		0.0035888			1832	100		
1716.8	1.313699961		0.0035806			1833	100		
1717.3	1.314599991		0.00026066			1834	100		
1717.7	1.315600038		0.0036051			1834.9	100		
1718.2	1.314900041		0.003595			1835.9	100		
1718.7	1.314599991		0.0035886			1836.8	100		
1719.2	1.314200044		0.0035845			1837.8	100		
1719.7	1.313799977		0.0035771			1838.8	100		
1720.1	1.312899947		0.0035625			1839.7	100		
1720.6	1.31309998		0.0002328			1840.7	100		
1721.1	1.314499974		0.00025712			1841.7	100		
1721.6	1.315899968		0.00028171			1842.6	100		
1722.1	1.315999985		0.0036027			1843.6	99.900001526		
1722.6	1.314700007		0.0035839			1844.6	99.900001526		
1723	1.313500047		0.0035649			1845.5	99.900001526		
1723.5	1.31340003		0.00024103			1846.5	100		
1724	1.314599991		0.00025919			1847.5	99.900001526		
1724.5	1.315299988		0.00027104			1848.4	100		
1725	1.315999985		0.0002837			1849.4	99.900001526		
1725.4	1.317100048		0.00030238			1850.3	99.900001526		
1725.9	1.317100048		0.0036128			1851.3	100		
1726.4	1.315999985		0.0035951			1852.3	100		
1726.9	1.315199971		0.0035844			1853.2	99.900001526		
1727.4	1.314100027		0.003566			1854.2	100		
1727.9	1.314200044		0.00025262			1855.2	100		
1728.3	1.315500021		0.0002755			1856.1	99.900001526		
1728.8	1.316799998		0.00029689			1857.1	100		
1729.3	1.316699982		0.0036003			1858.1	100		
1729.8	1.315000057		0.0035753			1859	99.900001526		
1730.3	1.314900041		0.00026648			1860	100		
1730.8	1.316300035		0.00028743			1861	100		
1731.2	1.317600012		0.00031026			1861.9	100		
1731.7	1.317800045		0.0036111			1862.9	100		
1732.2	1.316799998		0.0035978			1863.9	99.900001526		
1732.7	1.316400051		0.0035885			1864.8	100		
1733.2	1.315999985		0.0035833			1865.8	100		
1733.6	1.315799952		0.0035793			1866.7	100		
1734.1	1.315500021		0.0035754			1867.7	100		
1734.6	1.315299988		0.0035709			1868.7	100		
1735.1	1.314900041		0.0035633			1869.6	99.900001526		
1735.6	1.314499974		0.0035573			1870.6	100		
1736.1	1.313699961		0.0035455			1871.6	100		
1736.5	1.314200044		0.00025581			1872.5	100		
1737	1.314299941		0.0035554			1873.5	99.900001526		
1737.5	1.313899994		0.00024901			1874.5	100		
1738	1.314900041		0.00026675			1875.4	100		
1738.5	1.315600038		0.00027685			1876.4	100		
1739	1.316200018		0.00028945			1877.4	99.900001526		
1739.4	1.317199945		0.00030511			1878.3	100		
1739.9	1.317000031		0.0035864			1879.3	99.900001526		
1740.4	1.315299988		0.0035612			1880.2	100		
1740.9	1.315299988		0.00027329			1881.2	99.900001526		
1741.4	1.317000031		0.00030148			1882.2	99.900001526		
1741.8	1.317000031		0.003583			1883.1	99.900001526		
1742.3	1.315799952		0.003564			1884.1	99.900001526		
1742.8	1.314499974		0.0035465			1885.1	99.900001526		
1743.3	1.314499974		0.00026111			1886	99.900001526		
1743.8	1.315700054		0.00028155			1887	99.900001526		
1744.3	1.316799998		0.00029983			1888	99.900001526		
1744.7	1.316300035		0.0035684			1888.9	99.900001526		
1745.2	1.315799952		0.00028213			1889.9	99.900001526		
1745.7	1.317299962		0.00030832			1890.9	99.900001526		
1746.2	1.317199945		0.0035787			1891.8	99.900001526		
1746.7	1.315600038		0.0035542			1892.8	99.900001526		
1747.2	1.315700054		0.00028005			1893.8	99.900001526		
1747.6	1.317399979		0.00030924			1894.7	99.900001526		
1748.1	1.317499995		0.0035802			1895.7	99.900001526		
1748.6	1.316499949		0.0035635			1896.6	99.900001526		
1749.1	1.315700054		0.0035523			1897.6	99.900001526		
1749.6	1.314700007		0.0035358			1898.6	99.900001526		
1750	1.314900041		0.00026833			1899.5	99.900001526		
1750.5	1.316699982		0.00029731			1900.5	99.900001526		
1751	1.316799998		0.0035648			1901.5	99.900001526		
1751.5	1.315500021		0.0035458			1902.4	100		
1752	1.314200044		0.0035248			1903.4	99.900001526		
1752.5	1.314100027		0.00025503			1904.4	100		
1752.9	1.315099955		0.00027068			1905.3	100		
1753.4	1.315500021		0.00027945			1906.3	100		
1753.9	1.315899968		0.00028462			1907.3	99.900001526		
1754.4	1.316200018		0.00029028			1908.2	100		
1754.9	1.316400051		0.00029505			1909.2	99.900001526		
1755.3	1.316699982		0.00029774			1910.1	100		
1755.8	1.316900015		0.00030307			1911.1	100		
1756.3	1.317299962		0.0003104			1912.1	99.900001526		
1756.8	1.318099976		0.00032183			1913	100		
1757.3	1.317299962		0.0035602			1914	100		
1757.8	1.317000031		0.00030523			1915	100		
1758.2	1.316599965		0.0035485			1915.9	99.900001526		
1758.7	1.315999985		0.00028922			1916.9	99.900001526		
1759.2	1.316799998		0.00030232			1917.9	99.900001526		
1759.7	1.317499995		0.00031246			1918.8	99.900001526		
1760.2	1.318400025		0.00032752			1919.8	100		
1760.7	1.318099976		0.0035656			1920.8	100		
1761.1	1.316400051		0.0035418			1921.7	100		
1761.6	1.316499949		0.00029906			1922.7	100		
1762.1	1.316300035		0.0035396			1923.7	99.900001526		
1762.6	1.315700054		0.00028332			1924.6	99.900001526		
1763.1	1.316499949		0.00029626			1925.6	100		
1763.5	1.316900015		0.00030356			1926.5	100		
1764	1.317100048		0.00030813			1927.5	100		
1764.5	1.317399979		0.0003141			1928.5	100		
1765	1.317600012		0.00031648			1929.4	99.900001526		
1765.5	1.317899942		0.00032212			1930.4	99.900001526		
1766	1.318300009		0.00032828			1931.4	100		
1766.4	1.319200039		0.00034128			1932.3	100		
1766.9	1.318799973		0.0035657			1933.3	100		
1767.4	1.316900015		0.0035354			1934.3	100		
1767.9	1.316499949		0.00029881			1935.2	99.900001526		
1768.4	1.317399979		0.00031317			1936.2	99.900001526		
1768.9	1.317899942		0.00032073			1937.2	99.900001526		
1769.3	1.318300009		0.00032585			1938.1	99.900001526		
1769.8	1.318699956		0.00033417			1939.1	99.900001526		
1770.3	1.319200039		0.00034409			1940	100		
1770.8	1.320199966		0.00035943			1941	99.900001526		
1771.3	1.320199966		0.0035774			1942	100		
1771.7	1.319100022		0.0035614			1942.9	99.900001526		
1772.2	1.318500042		0.0035521			1943.9	99.900001526		
1772.7	1.317999959		0.0035441			1944.9	100		
1773.2	1.317399979		0.0035352			1945.8	100		
1773.7	1.316400051		0.0035202			1946.8	99.900001526		
1774.2	1.316499949		0.00029974			1947.8	99.900001526		
1774.6	1.317899942		0.00032209			1948.7	100		
1775.1	1.319200039		0.00034194			1949.7	100		
1775.6	1.319300056		0.0035598			1950.7	99.900001526		
1776.1	1.318300009		0.0035432			1951.6	99.900001526		
1776.6	1.317700028		0.0035349			1952.6	99.900001526		
1777.1	1.317199945		0.0035259			1953.5	100		
1777.5	1.316599965		0.0035157			1954.5	99.900001526		
1778	1.315500021		0.0034999			1955.5	99.900001526		
1778.5	1.315500021		0.00028167			1956.4	99.900001526		
1779	1.316499949		0.00029983			1957.4	99.900001526		
1779.5	1.317000031		0.00030835			1958.4	99.900001526		
1779.9	1.317399979		0.00031354			1959.3	99.900001526		
1780.4	1.317700028		0.00031914			1960.3	99.900001526		
1780.9	1.317899942		0.00032404			1961.3	99.900001526		
1781.4	1.318199992		0.00032912			1962.2	100		
1781.9	1.318500042		0.00033411			1963.2	99.900001526		
1782.4	1.318899989		0.00034084			1964.2	99.900001526		
1782.8	1.319800019		0.00035449			1965.1	99.900001526		
1783.3	1.319399953		0.0035468			1966.1	99.900001526		
1783.8	1.317499995		0.0035201			1967.1	99.900001526		
1784.3	1.317199945		0.00031279			1968	100		
1784.8	1.318199992		0.00032808			1969	100		
1785.2	1.319100022		0.00034265			1969.9	99.900001526		
1785.7	1.318300009		0.0035278			1970.9	99.900001526		
1786.2	1.317499995		0.00031786			1971.9	99.900001526		
1786.7	1.318199992		0.00032929			1972.8	99.900001526		
1787.2	1.318600059		0.00033574			1973.8	99.900001526		
1787.7	1.318899989		0.00034083			1974.8	100		
1788.1	1.319100022		0.00034519			1975.7	99.900001526		
1788.6	1.319399953		0.00034963			1976.7	99.900001526		
1789.1	1.319700003		0.00035419			1977.7	99.900001526		
1789.6	1.320000052		0.00035998			1978.6	99.900001526		
1790.1	1.320500016		0.00036842			1979.6	100		
1790.6	1.321499944		0.00038404			1980.6	99.900001526		
1791	1.321499944		0.0035641			1981.5	100		
1791.5	1.3204		0.0035475			1982.5	100		
1792	1.319800019		0.0035398			1983.4	99.900001526		
1792.5	1.319399953		0.003532			1984.4	99.900001526		
1793	1.318899989		0.0035231			1985.4	99.900001526		
1793.4	1.317999959		0.0035111			1986.3	99.900001526		
1793.9	1.318699956		0.00033875			1987.3	99.900001526		
1794.4	1.319200039		0.0035264			1988.3	99.900001526		
1794.9	1.317800045		0.0035054			1989.2	99.800003052		
1795.4	1.317899942		0.0003254			1990.2	99.800003052		
1795.9	1.319399953		0.00035146			1991.2	99.800003052		
1796.3	1.319000006		0.0035201			1992.1	99.800003052		
1796.8	1.318600059		0.00033803			1993.1	99.800003052		
1797.3	1.320000052		0.00036296			1994.1	99.800003052		
1797.8	1.319700003		0.0035278			1995	99.800003052		
1798.3	1.319700003		0.00035619			1996	99.800003052		
1798.8	1.32009995		0.0035327			1997	99.800003052		
1799.2	1.319000006		0.0035139			1997.9	99.800003052		
1799.7	1.317800045		0.0034979			1998.9	99.800003052		
1800.2	1.317800045		0.00032498			1999.8	99.900001526		
1800.7	1.318799973		0.00034327			2000.8	99.900001526		
1801.2	1.319499969		0.00035362			2001.8	99.900001526		
1801.6	1.320199966		0.00036409			2002.7	99.900001526		
1802.1	1.321200013		0.00038283			2003.7	99.900001526		
1802.6	1.321099997		0.0035411			2004.7	99.900001526		
1803.1	1.319599986		0.0035183			2005.6	100		
1803.6	1.320199966		0.00036554			2006.6	99.900001526		
1804.1	1.320799947		0.0035342			2007.6	100		
1804.5	1.320000052		0.0035218			2008.5	100		
1805	1.319599986		0.0035149			2009.5	99.900001526		
1805.5	1.319300056		0.0035093			2010.5	99.900001526		
1806	1.318899989		0.0035029			2011.4	99.900001526		
1806.5	1.318500042		0.0034966			2012.4	99.900001526		
1806.9	1.317999959		0.0034887			2013.3	99.900001526		
1807.4	1.317000031		0.0034738			2014.3	99.900001526		
1807.9	1.317000031		0.00031298			2015.3	100		
1808.4	1.317999959		0.00033028			2016.2	100		
1808.9	1.318600059		0.00033847			2017.2	99.900001526		
1809.4	1.318899989		0.00034631			2018.2	100		
1809.8	1.319200039		0.00035053			2019.1	99.900001526		
1810.3	1.319499969		0.00035439			2020.1	99.900001526		
1810.8	1.319700003		0.00035969			2021.1	99.900001526		
1811.3	1.320000052		0.00036249			2022	99.900001526		
1811.8	1.320199966		0.00036671			2023	99.800003052		
1812.3	1.320500016		0.00037128			2024	99.699996948		
1812.7	1.320799947		0.00037732			2024.9	99.599998474		
1813.2	1.32130003		0.0003861			2025.9	99.5		
1813.7	1.322299957		0.00040158			2026.8	99.300003052		
1814.2	1.322100043		0.0035374			2027.8	99.199996948		
1814.7	1.320899963		0.003519			2028.8	99		
1815.1	1.319800019		0.0035024			2029.7	98.699996948		
1815.6	1.3204		0.00037023			2030.7	98.5		
1816.1	1.320899963		0.0035167			2031.7	98.199996948		
1816.6	1.319900036		0.0035004			2032.6	97.900001526		
1817.1	1.318699956		0.0034838			2033.6	97.599998474		
1817.6	1.318699956		0.00034223			2034.6	97.199996948		
1818	1.319800019		0.00036151			2035.5	96.800003052		
1818.5	1.320799947		0.00037873			2036.5	96.300003052		
1819	1.320199966		0.0035024			2037.5	95.800003052		
1819.5	1.319599986		0.00035899			2038.4	95.199996948		
1820	1.3204		0.00037194			2039.4	94.400001526		
1820.5	1.32099998		0.00038265			2040.4	93.699996948		
1820.9	1.322000027		0.00039844			2041.3	93		
1821.4	1.321799994		0.003521			2042.3	92.099998474		
1821.9	1.32009995		0.003495			2043.2	91.300003052		
1822.4	1.319900036		0.00036376			2044.2	91.300003052		
1822.9	1.32130003		0.00038771			2045.2	92		
1823.3	1.320799947		0.0035024			2046.1	92.5		
1823.8	1.320299983		0.00037055			2047.1	92.599998474		
1824.3	1.32130003		0.00038846			2048.1	92.5		
1824.8	1.322399974		0.00040593			2049	92.300003052		
1825.3	1.322399974		0.0035229			2050	92.099998474		
1825.8	1.321200013		0.003505			2051	92.199996948		
1826.2	1.320000052		0.0034878			2051.9	92.599998474		
1826.7	1.320000052		0.00036734			2052.9	93		
1827.2	1.32130003		0.00038865			2053.9	93.300003052		
1827.7	1.322600007		0.00040986			2054.8	93.599998474		
1828.2	1.322700024		0.0035233			2055.8	93.900001526		
1828.7	1.321699977		0.0035084			2056.7	94.099998474		
1829.1	1.321200013		0.0035007			2057.7	94.300003052		
1829.6	1.320799947		0.0034931			2058.7	94.400001526		
1830.1	1.320299983		0.0034862			2059.6	94.5		
1830.6	1.319800019		0.0034772			2060.6	94.699996948		
1831.1	1.318799973		0.0034627			2061.6	94.900001526		
1831.5	1.318799973		0.00034702			2062.5	95.099998474		
1832	1.319800019		0.000364			2063.5	95.400001526		
1832.5	1.320299983		0.0003732			2064.5	95.699996948		
1833	1.320700049		0.00037888			2065.4	96		
1833.5	1.321200013		0.00038669			2066.4	96.300003052		
1834	1.32190001		0.00039862			2067.4	96.599998474		
1834.4	1.32099998		0.0034893			2068.3	96.900001526		
1834.9	1.320199966		0.00037132			2069.3	97.300003052		
1835.4	1.320899963		0.00038271			2070.3	97.699996948		
1835.9	1.321200013		0.00038785			2071.2	98		
1836.4	1.321400046		0.00039171			2072.2	98.300003052		
1836.8	1.32159996		0.00039503			2073.1	98.599998474		
1837.3	1.321799994		0.00039813			2074.1	98.800003052		
1837.8	1.322000027		0.00040102			2075.1	99		
1838.3	1.322100043		0.0004041			2076	99.199996948		
1838.8	1.322299957		0.00040696			2077	99.300003052		
1839.3	1.32249999		0.00040999			2078	99.400001526		
1839.7	1.322700024		0.00041353			2078.9	99.5		
1840.2	1.322900057		0.00041753			2079.9	99.599998474		
1840.7	1.323199987		0.0004226			2080.9	99.599998474		
1841.2	1.323600054		0.00042984			2081.8	99.599998474		
1841.7	1.324399948		0.00044177			2082.8	99.699996948		
1842.2	1.323899984		0.0035198			2083.8	99.699996948		
1842.6	1.323899984		0.00043165			2084.7	99.699996948		
1843.1	1.324300051		0.0035244			2085.7	99.699996948		
1843.6	1.323400021		0.0035092			2086.6	99.599998474		
1844.1	1.322900057		0.0035012			2087.6	99.599998474		
1844.6	1.322399974		0.0034946			2088.6	99.400001526		
1845	1.321799994		0.0034859			2089.5	99.400001526		
1845.5	1.320899963		0.0034713			2090.5	99.400001526		
1846	1.320899963		0.00038599			2091.5	99.099998474		
1846.5	1.322100043		0.00040637			2092.4	98.599998474		
1847	1.323099971		0.00042179			2093.4	99.099998474		
1847.5	1.322600007		0.0034921			2094.4	99.599998474		
1847.9	1.322000027		0.0004043			2095.3	99.699996948		
1848.4	1.322999954		0.00042071			2096.3	99.699996948		
1848.9	1.324100018		0.00043892			2097.3	99.699996948		
1849.4	1.324100018		0.003511			2098.2	99.699996948		
1849.9	1.32280004		0.0034919			2099.2	99.800003052		
1850.3	1.32159996		0.0034751			2100.1	99.800003052		
1850.8	1.321699977		0.00039937			2101.1	99.800003052		
1851.3	1.323099971		0.0004229			2102.1	99.800003052		
1851.8	1.322600007		0.0034875			2103	99.800003052		
1852.3	1.322100043		0.00040744			2104	99.800003052		
1852.8	1.323300004		0.00042608			2105	99.800003052		
1853.2	1.322700024		0.0034859			2105.9	99.800003052		
1853.7	1.322000027		0.00040502			2106.9	99.800003052		
1854.2	1.32280004		0.00041831			2107.9	99.800003052		
1854.7	1.323199987		0.00042474			2108.8	99.800003052		
1855.2	1.323600054		0.00043026			2109.8	99.800003052		
1855.7	1.324300051		0.00044244			2110.8	99.900001526		
1856.1	1.323500037		0.0034936			2111.7	99.800003052		
1856.6	1.322700024		0.00041672			2112.7	99.800003052		
1857.1	1.323400021		0.00042723			2113.7	99.800003052		
1857.6	1.323799968		0.00043544			2114.6	99.900001526		
1858.1	1.324100018		0.000441			2115.6	99.900001526		
1858.5	1.324800014		0.00045204			2116.5	99.900001526		
1859	1.324000001		0.0034965			2117.5	99.900001526		
1859.5	1.323199987		0.00042495			2118.5	99.900001526		
1860	1.323799968		0.00043704			2119.4	99.900001526		
1860.5	1.324200034		0.00044145			2120.4	99.900001526		
1861	1.324399948		0.00044708			2121.4	99.900001526		
1861.4	1.324699998		0.00045106			2122.3	99.900001526		
1861.9	1.325000048		0.00045685			2123.3	99.900001526		
1862.4	1.325399995		0.0004627			2124.3	99.900001526		
1862.9	1.326200008		0.00047378			2125.2	100		
1863.4	1.325899959		0.0035157			2126.2	99.900001526		
1863.9	1.324200034		0.0034913			2127.2	99.900001526		
1864.3	1.324000001		0.00043984			2128.1	99.900001526		
1864.8	1.325299978		0.00046043			2129.1	99.900001526		
1865.3	1.324699998		0.003496			2130	99.800003052		
1865.8	1.324000001		0.0004408			2131	99.599998474		
1866.3	1.324800014		0.00045277			2132	99.300003052		
1866.7	1.325199962		0.00045913			2132.9	98.599998474		
1867.2	1.325500011		0.00046502			2133.9	96.699996948		
1867.7	1.325899959		0.0004725			2134.9	92.099998474		
1868.2	1.326400042		0.00047871			2135.8	83.300003052		
1868.7	1.327299953		0.00049291			2136.8	74.099998474		
1869.2	1.327100039		0.0035253			2137.8	62.599998474		
1869.6	1.325899959		0.0035073			2138.7	51.799999237		
1870.1	1.324699998		0.0034903			2139.7	59.200000763		
1870.6	1.324599981		0.00045181			2140.7	74		
1871.1	1.325799942		0.0004703			2141.6	83.599998474		
1871.6	1.326799989		0.00048671			2142.6	89.699996948		
1872.1	1.326400042		0.0035105			2143.6	94.699996948		
1872.5	1.326300025		0.00047934			2144.5	97.099998474		
1873	1.326500058		0.0035116			2145.5	97.900001526		
1873.5	1.325000048		0.0034906			2146.4	98.199996948		
1874	1.324900031		0.0004561			2147.4	98.400001526		
1874.5	1.325799942		0.00047222			2148.4	98.599998474		
1874.9	1.326400042		0.00048045			2149.3	98.699996948		
1875.4	1.326900005		0.00048999			2150.3	98.800003052		
1875.9	1.327499986		0.0004989			2151.3	98.900001526		
1876.4	1.328500032		0.00051533			2152.2	98.900001526		
1876.9	1.328400016		0.0035323			2153.2	99		
1877.4	1.327299953		0.0035154			2154.2	99.099998474		
1877.8	1.326300025		0.0035003			2155.1	99.099998474		
1878.3	1.326500058		0.00048305			2156.1	99.199996948		
1878.8	1.328199983		0.00051067			2157.1	99.300003052		
1879.3	1.328400016		0.0035263			2158	99.300003052		
1879.8	1.327200055		0.0035108			2159	99.400001526		
1880.2	1.327800035		0.00050545			2159.9	99.400001526		
1880.7	1.328600049		0.0035291			2160.9	99.400001526		
1881.2	1.327999949		0.0035212			2161.9	99.400001526		
1881.7	1.327800035		0.0035162			2162.8	99.400001526		
1882.2	1.327600002		0.0035139			2163.8	99.400001526		
1882.7	1.327499986		0.00351			2164.8	99.400001526		
1883.1	1.327499986		0.0035094			2165.7	99.400001526		
1883.6	1.327399969		0.0035091			2166.7	99.400001526		
1884.1	1.327399969		0.0035082			2167.7	99.400001526		
1884.6	1.327299953		0.0035049			2168.6	99.400001526		
1885.1	1.327299953		0.0035054			2169.6	99.400001526		
1885.6	1.327299953		0.0035048			2170.6	99.400001526		
1886	1.327299953		0.003504			2171.5	99.400001526		
1886.5	1.327299953		0.0035032			2172.5	99.400001526		
1887	1.327299953		0.0035018			2173.5	99.400001526		
1887.5	1.327299953		0.0035012			2174.4	99.400001526		
1888	1.327299953		0.0035003			2175.4	99.5		
1888.4	1.327299953		0.0035008			2176.3	99.400001526		
1888.9	1.327299953		0.003501			2177.3	99.400001526		
1889.4	1.327299953		0.0034991			2178.3	99.400001526		
1889.9	1.327299953		0.0034974			2179.2	99.400001526		
1890.4	1.327399969		0.0034986			2180.2	99.400001526		
1890.9	1.327399969		0.0034973			2181.2	99.400001526		
1891.3	1.327399969		0.0034969			2182.1	99.400001526		
1891.8	1.327399969		0.0034976			2183.1	99.400001526		
1892.3	1.327399969		0.0034974			2184.1	99.400001526		
1892.8	1.327399969		0.0034958			2185	99.400001526		
1893.3	1.327399969		0.0034952			2186	99.400001526		
1893.8	1.327399969		0.0034971			2187	99.400001526		
1894.2	1.327499986		0.0034952			2187.9	99.400001526		
1894.7	1.327499986		0.0034944			2188.9	99.400001526		
1895.2	1.327499986		0.0034954			2189.8	99.400001526		
1895.7	1.327499986		0.0034932			2190.8	99.400001526		
1896.2	1.327499986		0.003491			2191.8	99.400001526		
1896.6	1.327499986		0.0034914			2192.7	99.400001526		
1897.1	1.327499986		0.0034897			2193.7	99.400001526		
1897.6	1.327499986		0.0034893			2194.7	99.400001526		
1898.1	1.327499986		0.0034898			2195.6	99.400001526		
1898.6	1.327399969		0.0034878			2196.6	99.400001526		
1899.1	1.327399969		0.0034872			2197.6	99.400001526		
1899.5	1.327299953		0.0034864			2198.5	99.400001526		
1900	1.327299953		0.0034843			2199.5	99.400001526		
1900.5	1.327100039		0.0034813			2200.5	99.400001526		
1901	1.326900005		0.0034775			2201.4	99.400001526		
1901.5	1.326200008		0.0034674			2202.4	99.400001526		
1901.9	1.326599956		0.00049198			2203.3	99.400001526		
1902.4	1.328400016		0.00051971			2204.3	99.400001526		
1902.9	1.328799963		0.0035026			2205.3	99.400001526		
1903.4	1.327900052		0.0034885			2206.2	99.400001526		
1903.9	1.327000022		0.0034753			2207.2	99.5		
1904.4	1.327600002		0.00050721			2208.2	99.5		
1904.8	1.327800035		0.0034865			2209.1	99.5		
1905.3	1.327900052		0.00051108			2210.1	99.400001526		
1905.8	1.327900052		0.0034868			2211.1	99.5		
1906.3	1.327700019		0.000509			2212	99.5		
1906.8	1.328999996		0.0005306			2213	99.5		
1907.3	1.328600049		0.0034936			2214	99.5		
1907.7	1.328199983		0.0005186			2214.9	99.5		
1908.2	1.329200029		0.0005336			2215.9	99.5		
1908.7	1.330299973		0.00055109			2216.9	99.5		
1909.2	1.330199957		0.0035123			2217.8	99.5		
1909.7	1.328600049		0.003493			2218.8	99.5		
1910.1	1.328600049		0.00052538			2219.7	99.5		
1910.6	1.329699993		0.00054298			2220.7	99.5		
1911.1	1.330899954		0.00056115			2221.7	99.599998474		
1911.6	1.330899954		0.0035188			2222.6	99.599998474		
1912.1	1.32980001		0.0035032			2223.6	99.599998474		
1912.6	1.328699946		0.0034873			2224.6	99.599998474		
1913	1.328600049		0.0005277			2225.5	99.599998474		
1913.5	1.329699993		0.00054322			2226.5	99.599998474		
1914	1.330299973		0.00055155			2227.5	99.599998474		
1914.5	1.330800056		0.00056121			2228.4	99.599998474		
1915	1.331400037		0.00057175			2229.4	99.699996948		
1915.5	1.332499981		0.00058829			2230.4	99.699996948		
1915.9	1.332599998		0.0035342			2231.3	99.699996948		
1916.4	1.331699967		0.0035234			2232.3	99.699996948		
1916.9	1.331200004		0.0035161			2233.2	99.699996948		
1917.4	1.330800056		0.0035101			2234.2	99.699996948		
1917.9	1.330500007		0.0035041			2235.2	99.699996948		
1918.3	1.330000043		0.0034971			2236.1	99.699996948		
1918.8	1.329100013		0.0034854			2237.1	99.699996948		
1919.3	1.329200029		0.00053819			2238.1	99.699996948		
1919.8	1.330199957		0.000552			2239	99.699996948		
1920.3	1.33070004		0.00056268			2240	99.699996948		
1920.8	1.331200004		0.00056832			2241	99.699996948		
1921.2	1.331500053		0.00057261			2241.9	99.699996948		
1921.7	1.331900001		0.00057922			2242.9	99.800003052		
1922.2	1.332299948		0.0005851			2243.9	99.800003052		
1922.7	1.332700014		0.00059485			2244.8	99.800003052		
1923.2	1.333500028		0.000605			2245.8	99.800003052		
1923.7	1.332999945		0.003531			2246.7	99.800003052		
1924.1	1.332800031		0.00059475			2247.7	99.800003052		
1924.6	1.332700014		0.0035261			2248.7	99.800003052		
1925.1	1.332299948		0.00058623			2249.6	99.800003052		
1925.6	1.333699942		0.0006077			2250.6	99.800003052		
1926.1	1.333299994		0.0035321			2251.6	99.800003052		
1926.5	1.333199978		0.00060109			2252.5	99.800003052		
1927	1.333199978		0.0035283			2253.5	99.800003052		
1927.5	1.332800031		0.00059572			2254.5	99.800003052		
1928	1.333899975		0.00061247			2255.4	99.800003052		
1928.5	1.335100055		0.00062989			2256.4	99.800003052		
1929	1.335199952		0.0035531			2257.4	99.800003052		
1929.4	1.334300041		0.0035406			2258.3	99.800003052		
1929.9	1.333799958		0.0035322			2259.3	99.800003052		
1930.4	1.333299994		0.0035261			2260.3	99.800003052		
1930.9	1.332399964		0.0035137			2261.2	99.800003052		
1931.4	1.332499981		0.00059116			2262.2	99.800003052		
1931.8	1.333500028		0.00060685			2263.1	99.800003052		
1932.3	1.334200025		0.00061681			2264.1	99.800003052		
1932.8	1.334699988		0.00062404			2265.1	99.800003052		
1933.3	1.335199952		0.00063435			2266	99.800003052		
1933.8	1.335899949		0.00064365			2267	99.800003052		
1934.3	1.337000012		0.00065865			2268	99.800003052		
1934.7	1.337100029		0.003572			2268.9	99.800003052		
1935.2	1.336300015		0.003561			2269.9	99.800003052		
1935.7	1.335899949		0.003555			2270.9	99.800003052		
1936.2	1.335700035		0.0035508			2271.8	99.800003052		
1936.7	1.335600019		0.0035472			2272.8	99.800003052		
1937.2	1.335399985		0.0035452			2273.8	99.800003052		
1937.6	1.335299969		0.0035431			2274.7	99.800003052		
1938.1	1.335100055		0.0035395			2275.7	99.800003052		
1938.6	1.334800005		0.0035354			2276.6	99.800003052		
1939.1	1.334100008		0.0035263			2277.6	99.800003052		
1939.6	1.334300041		0.00062235			2278.6	99.800003052		
1940	1.335600019		0.00064256			2279.5	99.800003052		
1940.5	1.336899996		0.00066051			2280.5	99.800003052		
1941	1.337000012		0.0035607			2281.5	99.800003052		
1941.5	1.335700035		0.0035428			2282.4	99.800003052		
1942	1.335800052		0.00064471			2283.4	99.800003052		
1942.5	1.33739996		0.0006696			2284.4	99.800003052		
1942.9	1.337700009		0.0035676			2285.3	99.800003052		
1943.4	1.336699963		0.003553			2286.3	99.800003052		
1943.9	1.335700035		0.003541			2287.3	99.800003052		
1944.4	1.335800052		0.0006458			2288.2	99.800003052		
1944.9	1.336899996		0.00066175			2289.2	99.800003052		
1945.4	1.337599993		0.00067296			2290.2	99.800003052		
1945.8	1.338400006		0.00068417			2291.1	99.900001526		
1946.3	1.33949995		0.00069916			2292.1	99.800003052		
1946.8	1.339599967		0.0035864			2293	99.800003052		
1947.3	1.338700056		0.0035759			2294	99.900001526		
1947.8	1.338099957		0.0035683			2295	99.900001526		
1948.2	1.337299943		0.0035568			2295.9	99.900001526		
1948.7	1.337499976		0.00066989			2296.9	99.900001526		
1949.2	1.338700056		0.00068899			2297.9	99.800003052		
1949.7	1.339599967		0.0007018			2298.8	99.900001526		
1950.2	1.340899944		0.00072001			2299.8	99.800003052		
1950.7	1.341099977		0.0036			2300.8	99.900001526		
1951.1	1.340399981		0.0035903			2301.7	99.800003052		
1951.6	1.34010005		0.0035872			2302.7	99.900001526		
1952.1	1.339900017		0.0035857			2303.7	99.900001526		
1952.6	1.339699984		0.0035823			2304.6	99.800003052		
1953.1	1.339300036		0.0035743			2305.6	99.900001526		
1953.5	1.340199947		0.00071179			2306.5	99.900001526		
1954	1.341199994		0.0035977			2307.5	99.900001526		
1954.5	1.34070003		0.0035903			2308.5	99.800003052		
1955	1.340600014		0.0035878			2309.4	99.900001526		
1955.5	1.340499997		0.0035859			2310.4	99.900001526		
1956	1.340399981		0.0035845			2311.4	99.900001526		
1956.4	1.340000033		0.0035807			2312.3	99.900001526		
1956.9	1.340999961		0.0007233			2313.3	99.900001526		
1957.4	1.341899991		0.0036015			2314.3	99.900001526		
1957.9	1.341500044		0.0035974			2315.2	99.900001526		
1958.4	1.341400027		0.0035954			2316.2	99.900001526		
1958.9	1.341199994		0.0035916			2317.2	99.900001526		
1959.3	1.340800047		0.003587			2318.1	99.900001526		
1959.8	1.341799974		0.00073659			2319.1	99.900001526		
1960.3	1.342800021		0.0036068			2320.1	99.900001526		
1960.8	1.342300057		0.0036026			2321	99.900001526		
1961.3	1.342200041		0.0035995			2322	99.900001526		
1961.7	1.341699958		0.0035954			2322.9	99.900001526		
1962.2	1.342700005		0.00074946			2323.9	99.900001526		
1962.7	1.343700051		0.0036157			2324.9	99.900001526		
1963.2	1.343400002		0.0036131			2325.8	99.900001526		
1963.7	1.343299985		0.0036096			2326.8	99.900001526		
1964.2	1.343299985		0.0036101			2327.8	99.900001526		
1964.6	1.343400002		0.0036108			2328.7	99.900001526		
1965.1	1.343400002		0.0036108			2329.7	99.900001526		
1965.6	1.343500018		0.0036104			2330.7	99.900001526		
1966.1	1.343500018		0.0036101			2331.6	99.900001526		
1966.6	1.343500018		0.0036089			2332.6	99.900001526		
1967.1	1.343299985		0.0036078			2333.6	99.900001526		
1967.5	1.342800021		0.0036007			2334.5	99.900001526		
1968	1.343199968		0.0007588			2335.5	99.900001526		
1968.5	1.344699979		0.00077816			2336.4	99.900001526		
1969	1.346099973		0.00079815			2337.4	99.900001526		
1969.5	1.346400023		0.0036396			2338.4	99.900001526		
1969.9	1.345499992		0.0036283			2339.3	99.900001526		
1970.4	1.346300006		0.00079956			2340.3	99.900001526		
1970.9	1.347200036		0.0036468			2341.3	99.900001526		
1971.4	1.34679997		0.0036405			2342.2	99.900001526		
1971.9	1.346699953		0.0036396			2343.2	99.900001526		
1972.4	1.346699953		0.0036383			2344.2	99.900001526		
1972.8	1.346699953		0.0036395			2345.1	99.900001526		
1973.3	1.346699953		0.0036367			2346.1	99.900001526		
1973.8	1.346600056		0.0036358			2347.1	99.900001526		
1974.3	1.346099973		0.0036312			2348	99.900001526		
1974.8	1.346699953		0.00080767			2349	99.900001526		
1975.3	1.34860003		0.00083222			2349.9	99.900001526		
1975.7	1.349099994		0.0036623			2350.9	99.900001526		
1976.2	1.348500013		0.003656			2351.9	99.900001526		
1976.7	1.34800005		0.0036504			2352.8	99.900001526		
1977.2	1.348899961		0.00083689			2353.8	99.900001526		
1977.7	1.349799991		0.0036669			2354.8	99.900001526		
1978.1	1.34920001		0.003661			2355.7	99.900001526		
1978.6	1.348500013		0.0036528			2356.7	99.900001526		
1979.1	1.348899961		0.00083815			2357.7	99.900001526		
1979.6	1.350299954		0.00085505			2358.6	99.900001526		
1980.1	1.351799965		0.00087227			2359.6	99.900001526		
1980.6	1.351999998		0.0036879			2360.6	99.900001526		
1981	1.350900054		0.0036754			2361.5	99.900001526		
1981.5	1.351199985		0.00086705			2362.5	99.900001526		
1982	1.352699995		0.00088463			2363.5	99.900001526		
1982.5	1.354200006		0.0009034			2364.4	99.900001526		
1983	1.354699969		0.0037109			2365.4	99.900001526		
1983.4	1.354200006		0.0037073			2366.3	99.900001526		
1983.9	1.354200006		0.0037067			2367.3	99.900001526		
1984.4	1.354400039		0.0037075			2368.3	99.900001526		
1984.9	1.354599953		0.0037087			2369.2	99.900001526		
1985.4	1.354900002		0.0037102			2370.2	99.900001526		
1985.9	1.355100036		0.0037117			2371.2	99.900001526		
1986.3	1.355499983		0.0037156			2372.1	99.900001526		
1986.8	1.355900049		0.003719			2373.1	99.900001526		
1987.3	1.356299996		0.0037214			2374.1	99.900001526		
1987.8	1.35679996		0.003726			2375	99.900001526		
1988.3	1.35739994		0.0037305			2376	99.900001526		
1988.8	1.358299971		0.0037389			2377	99.900001526		
1989.2	1.358199954		0.0065285			2377.9	99.900001526		
1989.7	1.358399987		0.0037392			2378.9	99.900001526		
1990.2	1.359099984		0.0065325			2379.8	99.900001526		
1990.7	1.35860002		0.0065278			2380.8	99.900001526		
1991.2	1.358500004		0.0065264			2381.8	99.900001526		
1991.6	1.35860002		0.0065253			2382.7	99.900001526		
1992.1	1.35860002		0.0065234			2383.7	99.900001526		
1992.6	1.358800054		0.0065238			2384.7	99.900001526		
1993.1	1.358899951		0.006525			2385.6	99.900001526		
1993.6	1.359099984		0.0065237			2386.6	99.900001526		
1994.1	1.359300017		0.0065246			2387.6	99.900001526		
1994.5	1.359500051		0.0065255			2388.5	99.900001526		
1995	1.359699965		0.0065257			2389.5	99.900001526		
1995.5	1.359899998		0.0065247			2390.5	99.900001526		
1996	1.360100031		0.0065256			2391.4	99.800003052		
1996.5	1.360299945		0.0065254			2392.4	99.900001526		
1997	1.360399961		0.0065251			2393.4	99.900001526		
1997.4	1.360599995		0.0065243			2394.3	99.900001526		
1997.9	1.360700011		0.0065237			2395.3	99.900001526		
1998.4	1.360599995		0.0065224			2396.2	99.900001526		
1998.9	1.360100031		0.0065188			2397.2	99.900001526		
1999.4	1.360499978		0.0037479			2398.2	99.900001526		
1999.8	1.361799955		0.00376			2399.1	99.900001526		
2000.3	1.362699986		0.0037659			2400.1	99.900001526		
2000.8	1.363399982		0.0037712			2401.1	99.900001526		
2001.3	1.363999963		0.0037762			2402	99.900001526		
2001.8	1.364599943		0.0037798			2403	99.900001526		
2002.3	1.365200043		0.003785			2404	99.900001526		
2002.7	1.365700006		0.0037887			2404.9	99.900001526		
2003.2	1.36619997		0.003792			2405.9	99.900001526		
2003.7	1.366700053		0.0037968			2406.9	99.900001526		
2004.2	1.366999984		0.003796			2407.8	99.900001526		
2004.7	1.366999984		0.0037964			2408.8	99.900001526		
2005.1	1.367799997		0.0010575			2409.7	99.900001526		
2005.6	1.369699955		0.0010752			2410.7	99.900001526		
2006.1	1.371500015		0.0010914			2411.7	99.900001526		
2006.6	1.372200012		0.0038319			2412.6	99.900001526		
2007.1	1.371600032		0.0038277			2413.6	99.900001526		
2007.6	1.372300029		0.0010987			2414.6	99.900001526		
2008	1.374199986		0.0011156			2415.5	99.900001526		
2008.5	1.376099944		0.0011303			2416.5	99.900001526		
2009	1.377099991		0.0038601			2417.5	99.900001526		
2009.5	1.377200007		0.0038598			2418.4	99.900001526		
2010	1.377599955		0.0038618			2419.4	99.900001526		
2010.5	1.378299952		0.0038649			2420.4	99.900001526		
2010.9	1.378900051		0.0038686			2421.3	99.900001526		
2011.4	1.379699945		0.0038727			2422.3	99.900001526		
2011.9	1.380499959		0.0038752			2423.2	99.900001526		
2012.4	1.381299973		0.0038796			2424.2	99.900001526		
2012.9	1.382099986		0.0038825			2425.2	99.900001526		
2013.3	1.3829		0.0038863			2426.1	99.900001526		
2013.8	1.383700013		0.0038899			2427.1	99.900001526		
2014.3	1.38440001		0.0038925			2428.1	99.900001526		
2014.8	1.384699941		0.0038931			2429	99.900001526		
2015.3	1.386000037		0.0012014			2430	99.900001526		
2015.8	1.388200045		0.0012139			2431	99.900001526		
2016.2	1.390100002		0.0012244			2431.9	99.900001526		
2016.7	1.39230001		0.0012361			2432.9	99.900001526		
2017.2	1.39320004		0.0039221			2433.9	99.900001526		
2017.7	1.394099951		0.0012455			2434.8	99.900001526		
2018.2	1.396600008		0.0012558			2435.8	99.900001526		
2018.7	1.399199963		0.001266			2436.8	99.900001526		
2019.1	1.401000023		0.003937			2437.7	99.900001526		
2019.6	1.40199995		0.0039383			2438.7	99.900001526		
2020.1	1.403499961		0.003938			2439.6	99.900001526		
2020.6	1.405300021		0.0039403			2440.6	99.900001526		
2021.1	1.407299995		0.0039409			2441.6	99.900001526		
2021.5	1.409700036		0.0039406			2442.5	99.900001526		
2022	1.412700057		0.0039372			2443.5	99.900001526		
2022.5	1.415199995		0.0065735			2444.5	99.900001526		
2023	1.417500019		0.006566			2445.4	99.900001526		
2023.5	1.419499993		0.0091909			2446.4	99.900001526		
2024	1.421300054		0.0091793			2447.4	99.900001526		
2024.4	1.424399972		0.0091578			2448.3	99.900001526		
2024.9	1.42750001		0.011759			2449.3	99.900001526		
2025.4	1.429399967		0.01436			2450.3	99.900001526		
2025.9	1.431699991		0.01433			2451.2	99.900001526		
2026.4	1.434599996		0.016909			2452.2	99.900001526		
2026.8	1.436499953		0.019494999			2453.1	99.900001526		
2027.3	1.439100027		0.019452			2454.1	99.900001526		
2027.8	1.442399979		0.022001			2455.1	99.900001526		
2028.3	1.445299983		0.024549			2456	99.900001526		
2028.8	1.448099971		0.02709			2457	99.900001526		
2029.3	1.451300025		0.029611999			2458	99.900001526		
2029.7	1.453699946		0.034752999			2458.9	99.900001526		
2030.2	1.455299973		0.037303999			2459.9	99.900001526		
2030.7	1.457599998		0.039833002			2460.9	99.900001526		
2031.2	1.460500002		0.042330001			2461.8	99.900001526		
2031.7	1.463000059		0.047444999			2462.8	99.900001526		
2032.2	1.465299964		0.049950998			2463.8	99.900001526		
2032.6	1.467599988		0.055063002			2464.7	99.900001526		
2033.1	1.470000029		0.057553999			2465.7	99.900001526		
2033.6	1.472900033		0.062625997			2466.7	99.900001526		
2034.1	1.475200057		0.067723997			2467.6	99.900001526		
2034.6	1.477300048		0.072829999			2468.6	99.900001526		
2035	1.479300022		0.077941			2469.5	99.900001526		
2035.5	1.48179996		0.083024003			2470.5	99.900001526		
2036	1.483500004		0.090788998			2471.5	99.900001526		
2036.5	1.484799981		0.095951997			2472.4	99.900001526		
2037	1.485900044		0.10379			2473.4	99.900001526		
2037.5	1.487100005		0.10898			2474.4	99.900001526		
2037.9	1.488800049		0.116800003			2475.3	99.900001526		
2038.4	1.490200043		0.12466			2476.3	99.900001526		
2038.9	1.490800023		0.135309994			2477.3	99.900001526		
2039.4	1.489300013		0.146239996			2478.2	99.900001526		
2039.9	1.487400055		0.15456			2479.2	99.900001526		
2040.4	1.484899998		0.165739998			2480.2	99.900001526		
2040.8	1.481899977		0.174319997			2481.1	99.900001526		
2041.3	1.479099989		0.185729995			2482.1	99.900001526		
2041.8	1.47360003		0.200409994			2483	99.900001526		
2042.3	1.465199947		0.212860003			2484	99.900001526		
2042.8	1.454699993		0.225820005			2485	99.900001526		
2043.2	1.439700007		0.239710003			2485.9	99.900001526		
2043.7	1.421200037		0.245550007			2486.9	99.900001526		
2044.2	1.4023		0.245519996			2487.9	99.900001526		
2044.7	1.387500048		0.235750005			2488.8	99.900001526		
2045.2	1.378100038		0.228070006			2489.8	99.900001526		
2045.7	1.371999979		0.219870001			2490.8	99.900001526		
2046.1	1.368999958		0.214220002			2491.7	99.900001526		
2046.6	1.36740005		0.211390004			2492.7	99.900001526		
2047.1	1.365499973		0.211590007			2493.7	99.900001526		
2047.6	1.363399982		0.211820006			2494.6	99.900001526		
2048.1	1.360399961		0.215210006			2495.6	99.900001526		
2048.6	1.357200027		0.215580001			2496.6	99.900001526		
2049	1.353000045		0.222189993			2497.5	99.900001526		
2049.5	1.345900059		0.226199999			2498.5	99.900001526		
2050	1.337299943		0.230460003			2499.4	99.900001526		
2050.5	1.326799989		0.23195								
2051	1.316100001		0.230350003								
2051.4	1.306499958		0.225409999								
2051.9	1.298799992		0.220159993								
2052.4	1.292500019		0.214670002								
2052.9	1.286800027		0.209069997								
2053.4	1.283100009		0.203209996								
2053.9	1.279099941		0.200499997								
2054.3	1.275400043		0.194600001								
2054.8	1.272099972		0.19179								
2055.3	1.269299984		0.185760006								
2055.8	1.267500043		0.182769999								
2056.3	1.265300035		0.179820001								
2056.7	1.263000011		0.176870003								
2057.2	1.260800004		0.173920006								
2057.7	1.258700013		0.170939997								
2058.2	1.257500052		0.167879999								
2058.7	1.255399942		0.168050006								
2059.2	1.252699971		0.165110007								
2059.6	1.24969995		0.165360004								
2060.1	1.245800018		0.162530005								
2060.6	1.24240005		0.159639999								
2061.1	1.239199996		0.156739995								
2061.6	1.235999942		0.153809994								
2062.1	1.23269999		0.150879994								
2062.5	1.228800058		0.147990003								
2063	1.225900054		0.141839996								
2063.5	1.223899961		0.138789997								
2064	1.220700026		0.135820001								
2064.5	1.218199968		0.129620001								
2064.9	1.215999961		0.126560003								
2065.4	1.214100003		0.12032								
2065.9	1.21239996		0.117219999								
2066.4	1.210700035		0.110969998								
2066.9	1.209200025		0.107859999								
2067.4	1.207399964		0.101609997								
2067.8	1.207100034		0.095312998								
2068.3	1.206500053		0.092174999								
2068.8	1.205299973		0.085924								
2069.3	1.205199957		0.079657003								
2069.8	1.205800056		0.073393002								
2070.3	1.207499981		0.067139								
2070.7	1.208699942		0.064014003								
2071.2	1.209599972		0.057824999								
2071.7	1.212100029		0.051658999								
2072.2	1.214400053		0.048586								
2072.7	1.216899991		0.042491999								
2073.1	1.219799995		0.039462999								
2073.6	1.223399997		0.033452								
2074.1	1.226600051		0.033470999								
2074.6	1.229799986		0.027522								
2075.1	1.233299971		0.027559999								
2075.6	1.235700011		0.024618								
2076	1.238700032		0.021702001								
2076.5	1.24240005		0.018819001								
2077	1.245599985		0.01887								
2077.5	1.248600006		0.015998								
2078	1.25150001		0.016049								
2078.4	1.254500031		0.0132								
2078.9	1.257799983		0.013263								
2079.4	1.259899974		0.013301								
2079.9	1.262599945		0.010476								
2080.4	1.266000032		0.010542								
2080.9	1.268700004		0.010594								
2081.3	1.271000028		0.010635								
2081.8	1.272899985		0.010671								
2082.3	1.274299979		0.010696								
2082.8	1.276600003		0.0078988								
2083.3	1.279600024		0.0079595								
2083.8	1.282099962		0.0080077								
2084.2	1.284500003		0.0080519								
2084.7	1.286800027		0.0080952								
2085.2	1.289100051		0.0081364								
2085.7	1.291599989		0.0081771								
2086.2	1.294399977		0.0082269								
2086.6	1.296499968		0.01105								
2087.1	1.297799945		0.011068								
2087.6	1.300199986		0.011099								
2088.1	1.302299976		0.013906								
2088.6	1.302600026		0.016688								
2089.1	1.302600026		0.016683999								
2089.5	1.302999973		0.016685								
2090	1.305299997		0.013927								
2090.5	1.308500051		0.016728999								
2091	1.310700059		0.019509001								
2091.5	1.311499953		0.025048001								
2092	1.309999943		0.0306								
2092.4	1.303799987		0.039005999								
2092.9	1.294700027		0.036226999								
2093.4	1.290199995		0.024938								
2093.9	1.291300058		0.016520999								
2094.4	1.295099974		0.010987								
2094.8	1.298599958		0.011036								
2095.3	1.301300049		0.008308								
2095.8	1.304399967		0.0083545								
2096.3	1.306599975		0.008388								
2096.8	1.308500051		0.0084152								
2097.3	1.310199976		0.0084368								
2097.7	1.31159997		0.0084567								
2098.2	1.31280005		0.0084734								
2098.7	1.313500047		0.0084814								
2099.2	1.315099955		0.0057708								
2099.7	1.317499995		0.0058061								
2100.1	1.319399953		0.0058348								
2100.6	1.321099997		0.0058596								
2101.1	1.322700024		0.0058834								
2101.6	1.324300051		0.0059035								
2102.1	1.325899959		0.0059238								
2102.6	1.327399969		0.0059444								
2103	1.32889998		0.0059644								
2103.5	1.330500007		0.0059829								
2104	1.332000017		0.0060007								
2104.5	1.333500028		0.0060194								
2105	1.335000038		0.0060353								
2105.5	1.336500049		0.0060544								
2105.9	1.338000059		0.0060705								
2106.4	1.339599967		0.0060868								
2106.9	1.341099977		0.0061045								
2107.4	1.342700005		0.0061191								
2107.9	1.344200015		0.006135								
2108.3	1.345800042		0.0061502								
2108.8	1.34739995		0.0061655								
2109.3	1.348999977		0.0061805								
2109.8	1.350600004		0.0061936								
2110.3	1.351799965		0.0062058								
2110.8	1.354400039		0.003591								
2111.2	1.356999993		0.0062467								
2111.7	1.358299971		0.006257								
2112.2	1.360000014		0.006268								
2112.7	1.361700058		0.0062804								
2113.2	1.363299966		0.0062914								
2113.7	1.364599943		0.0062998								
2114.1	1.366799951		0.0037038								
2114.6	1.369899988		0.0037282								
2115.1	1.372699976		0.0037471								
2115.6	1.37530005		0.0037662								
2116.1	1.378100038		0.0037814								
2116.5	1.380800009		0.0037972								
2117	1.383599997		0.0038115								
2117.5	1.386500001		0.0038252								
2118	1.389500022		0.0038371								
2118.5	1.39260006		0.0038452								
2119	1.395900011		0.0038557								
2119.4	1.399199963		0.0038637								
2119.9	1.402699947		0.0038699								
2120.4	1.406299949		0.003873								
2120.9	1.410099983		0.0038731								
2121.4	1.414100051		0.0038706								
2121.9	1.418300033		0.0038654								
2122.3	1.422700047		0.0038547								
2122.8	1.427299976		0.0038415								
2123.3	1.432199955		0.0038229								
2123.8	1.43719995		0.003799								
2124.3	1.442299962		0.0037672								
2124.7	1.448600054		0.001273								
2125.2	1.456500053		0.0012205								
2125.7	1.463600039		0.0035897								
2126.2	1.470399976		0.0035136								
2126.7	1.478000045		0.0034191								
2127.2	1.486099958		0.0033047								
2127.6	1.496199965		0.00077035								
2128.1	1.507200003		0.0029488								
2128.6	1.51820004		0.0027302								
2129.1	1.530799985		0.0024482								
2129.6	1.54550004		0.0020841								
2130	1.56159997		0.0039158								
2130.5	1.57889998		0.005615								
2131	1.598199964		0.0071312								
2131.5	1.620700002		0.0083835								
2132	1.646600008		0.011489								
2132.5	1.677600026		0.014042								
2132.9	1.714300036		0.022267999								
2133.4	1.756999969		0.033597								
2133.9	1.806599975		0.05384								
2134.4	1.862900019		0.084592								
2134.9	1.924399972		0.134369999								
2135.4	1.981999993		0.212860003								
2135.8	2.026599884		0.310869992								
2136.3	2.059600115		0.415520012								
2136.8	2.087500095		0.52929002								
2137.3	2.114900112		0.66742003								
2137.8	2.117899895		0.874819994								
2138.2	2.043900013		1.166300058								
2138.7	1.836899996		1.470900059								
2139.2	1.523000002		1.622300029								
2139.7	1.201599956		1.586099982								
2140.2	0.946280003		1.435099959								
2140.7	0.770640016		1.254999995								
2141.1	0.654510021		1.086099982								
2141.6	0.574999988		0.930750012								
2142.1	0.51572001		0.792569995								
2142.6	0.464630008		0.654389977								
2143.1	0.442750007		0.467330009								
2143.6	0.483179986		0.270909995								
2144	0.57269001		0.143079996								
2144.5	0.66553998		0.090976998								
2145	0.74000001		0.065444998								
2145.5	0.798680007		0.052951999								
2146	0.845340014		0.045901								
2146.4	0.882480025		0.043193001								
2146.9	0.912349999		0.040391002								
2147.4	0.937430024		0.037547								
2147.9	0.959240019		0.034692001								
2148.4	0.979070008		0.031861998								
2148.9	0.995869994		0.032540001								
2149.3	1.010499954		0.029603999								
2149.8	1.023599982		0.030119								
2150.3	1.035400033		0.027153								
2150.8	1.046200037		0.027573001								
2151.3	1.056200027		0.024608999								
2151.7	1.065799952		0.024983								
2152.2	1.073400021		0.025265001								
2152.7	1.080899954		0.022281								
2153.2	1.088500023		0.022570999								
2153.7	1.094400048		0.022784								
2154.2	1.100399971		0.019807								
2154.6	1.10679996		0.020043001								
2155.1	1.111500025		0.020217								
2155.6	1.116600037		0.017258								
2156.1	1.122099996		0.017463								
2156.6	1.126199961		0.017611001								
2157.1	1.130699992		0.014678								
2157.5	1.135800004		0.014871								
2158	1.139899969		0.015022								
2158.5	1.143100023		0.015136								
2159	1.146999955		0.012228								
2159.5	1.151499987		0.012398								
2159.9	1.155400038		0.01254								
2160.4	1.158800006		0.012666								
2160.9	1.162099957		0.01278								
2161.4	1.165099978		0.012885								
2161.9	1.167899966		0.012982								
2162.4	1.170600057		0.013072								
2162.8	1.173200011		0.013156								
2163.3	1.175600052		0.013235								
2163.8	1.177899957		0.013308								
2164.3	1.180099964		0.013378								
2164.8	1.182299972		0.013442								
2165.3	1.184299946		0.013504								
2165.7	1.186200023		0.013563								
2166.2	1.18809998		0.013618								
2166.7	1.189900041		0.01367								
2167.2	1.191599965		0.013719								
2167.7	1.193199992		0.013766								
2168.1	1.194800019		0.01381								
2168.6	1.19630003		0.013853								
2169.1	1.19780004		0.013892								
2169.6	1.199200034		0.013931								
2170.1	1.200600028		0.013967								
2170.6	1.201900005		0.014003								
2171	1.203199983		0.014034								
2171.5	1.204399943		0.014067								
2172	1.205600023		0.014095								
2172.5	1.206699967		0.014124								
2173	1.207800031		0.01415								
2173.5	1.208799958		0.014175								
2173.9	1.209800005		0.014198								
2174.4	1.210600019		0.014216								
2174.9	1.210999966		0.014222								
2175.4	1.21239996		0.011397								
2175.9	1.215199947		0.011475								
2176.3	1.216500044		0.014362								
2176.8	1.216799974		0.014365								
2177.3	1.217399955		0.014378								
2177.8	1.218099952		0.014391								
2178.3	1.218799949		0.014407								
2178.8	1.219499946		0.01442								
2179.2	1.220199943		0.014434								
2179.7	1.220800042		0.014446								
2180.2	1.220999956		0.014447								
2180.7	1.2227		0.011655								
2181.2	1.224300027		0.014522								
2181.6	1.224499941		0.014525								
2182.1	1.225000024		0.014532								
2182.6	1.225499988		0.014542								
2183.1	1.226099968		0.014554								
2183.6	1.226699948		0.014564								
2184.1	1.227300048		0.014574								
2184.5	1.227800012		0.014584								
2185	1.228399992		0.014595								
2185.5	1.228899956		0.014604								
2186	1.229500055		0.014611								
2186.5	1.230000019		0.014622								
2187	1.230499983		0.014631								
2187.4	1.230999947		0.014639								
2187.9	1.23150003		0.014645								
2188.4	1.231999993		0.014653								
2188.9	1.232499957		0.014661								
2189.4	1.232900023		0.014668								
2189.8	1.233399987		0.014674								
2190.3	1.233800054		0.014681								
2190.8	1.234200001		0.014689								
2191.3	1.234599948		0.014694								
2191.8	1.235100031		0.014698								
2192.3	1.235499978		0.014703								
2192.7	1.235800028		0.014709								
2193.2	1.236199975		0.014715								
2193.7	1.236600041		0.01472								
2194.2	1.236899972		0.014723								
2194.7	1.237300038		0.014728								
2195.2	1.237599969		0.014731								
2195.6	1.238000035		0.014737								
2196.1	1.238299966		0.014738								
2196.6	1.238600016		0.014742								
2197.1	1.238899946		0.014745								
2197.6	1.239199996		0.014748								
2198	1.239500046		0.014751								
2198.5	1.239799976		0.014754								
2199	1.240100026		0.014756								
2199.5	1.240300059		0.014758								
2200	1.24059999		0.014762								
2200.5	1.240800023		0.014762								
2200.9	1.241099954		0.014763								
2201.4	1.241299987		0.014764								
2201.9	1.24150002		0.014765								
2202.4	1.241700053		0.014766								
2202.9	1.241899967		0.014766								
2203.3	1.2421		0.014765								
2203.8	1.242200017		0.014764								
2204.3	1.242300034		0.014764								
2204.8	1.24240005		0.014762								
2205.3	1.242499948		0.01476								
2205.8	1.242499948		0.014757								
2206.2	1.24240005		0.014749								
2206.7	1.241899967		0.014733								
2207.2	1.242599964		0.011993								
2207.7	1.242799997		0.014747								
2208.2	1.242699981		0.011989								
2208.7	1.243700027		0.012011								
2209.1	1.244400024		0.012024								
2209.6	1.245300055		0.012042								
2210.1	1.244799972		0.01477								
2210.6	1.244199991		0.01201								
2211.1	1.245000005		0.012025								
2211.5	1.245399952		0.012032								
2212	1.245700002		0.012038								
2212.5	1.246000051		0.012042								
2213	1.246299982		0.012046								
2213.5	1.246500015		0.012048								
2214	1.246700048		0.01205								
2214.4	1.246899962		0.01205								
2214.9	1.247099996		0.012052								
2215.4	1.247300029		0.012052								
2215.9	1.247400045		0.012054								
2216.4	1.247599959		0.012053								
2216.9	1.247699976		0.012054								
2217.3	1.247799993		0.012051								
2217.8	1.247900009		0.012051								
2218.3	1.247900009		0.012048								
2218.8	1.247900009		0.012047								
2219.3	1.247900009		0.012042								
2219.7	1.247799993		0.012036								
2220.2	1.247499943		0.012026								
2220.7	1.246899962		0.012005								
2221.2	1.246999979		0.0092844								
2221.7	1.248100042		0.009309								
2222.2	1.248600006		0.0093211								
2222.6	1.24909997		0.0093304								
2223.1	1.24940002		0.0093369								
2223.6	1.24969995		0.0093404								
2224.1	1.249899983		0.0093457								
2224.6	1.250200033		0.0093476								
2225	1.250399947		0.0093513								
2225.5	1.250499964		0.0093523								
2226	1.250699997		0.0093531								
2226.5	1.250800014		0.0093527								
2227	1.250800014		0.0093528								
2227.5	1.250800014		0.0093496								
2227.9	1.250800014		0.0093449								
2228.4	1.25059998		0.0093374								
2228.9	1.249899983		0.0093177								
2229.4	1.250100017		0.006619								
2229.9	1.251199961		0.0066473								
2230.4	1.251799941		0.0066626								
2230.8	1.252300024		0.0066738								
2231.3	1.252699971		0.0066828								
2231.8	1.253000021		0.0066899								
2232.3	1.253299952		0.0066973								
2232.8	1.253600001		0.0067024								
2233.2	1.253900051		0.006707								
2233.7	1.254099965		0.0067137								
2234.2	1.254299998		0.0067163								
2234.7	1.254600048		0.0067204								
2235.2	1.254799962		0.0067232								
2235.7	1.254999995		0.0067273								
2236.1	1.255100012		0.0067303								
2236.6	1.255300045		0.0067319								
2237.1	1.255499959		0.0067359								
2237.6	1.255599976		0.0067365								
2238.1	1.255699992		0.0067391								
2238.6	1.255900025		0.0067406								
2239	1.256000042		0.0067411								
2239.5	1.256000042		0.0067417								
2240	1.256100059		0.0067405								
2240.5	1.256100059		0.0067394								
2241	1.256100059		0.0067361								
2241.4	1.255900025		0.006729								
2241.9	1.255300045		0.0067117								
2242.4	1.255699992		0.0040505								
2242.9	1.257300019		0.0040931								
2243.4	1.257099986		0.0067551								
2243.9	1.257200003		0.0040875								
2244.3	1.257099986		0.0067504								
2244.8	1.256800056		0.0040723								
2245.3	1.25759995		0.0040969								
2245.8	1.258100033		0.0041087								
2246.3	1.258399963		0.0041181								
2246.7	1.258700013		0.0041243								
2247.2	1.258999944		0.0041311								
2247.7	1.259299994		0.0041381								
2248.2	1.259500027		0.0041434								
2248.7	1.259799957		0.004149								
2249.2	1.25999999		0.0041535								
2249.6	1.260200024		0.0041597								
2250.1	1.260400057		0.0041637								
2250.6	1.260599971		0.0041686								
2251.1	1.260800004		0.0041722								
2251.6	1.261000037		0.004176								
2252.1	1.261199951		0.0041801								
2252.5	1.261399984		0.004183								
2253	1.261500001		0.004187								
2253.5	1.261700034		0.0041904								
2254	1.261899948		0.0041946								
2254.5	1.261999965		0.0041978								
2254.9	1.262199998		0.0042016								
2255.4	1.262400031		0.0042041								
2255.9	1.262500048		0.0042067								
2256.4	1.262699962		0.0042101								
2256.9	1.262799978		0.0042132								
2257.4	1.263000011		0.0042169								
2257.8	1.263100028		0.0042196								
2258.3	1.263299942		0.0042215								
2258.8	1.263399959		0.0042246								
2259.3	1.263499975		0.0042266								
2259.8	1.263700008		0.0042301								
2260.3	1.263800025		0.0042303								
2260.7	1.263900042		0.0042338								
2261.2	1.264099956		0.0042366								
2261.7	1.264199972		0.0042392								
2262.2	1.264299989		0.004241								
2262.7	1.264500022		0.0042434								
2263.1	1.264600039		0.0042447								
2263.6	1.264700055		0.0042475								
2264.1	1.264799953		0.0042479								
2264.6	1.264999986		0.0042524								
2265.1	1.265100002		0.0042538								
2265.6	1.265200019		0.0042555								
2266	1.265300035		0.0042583								
2266.5	1.265400052		0.0042589								
2267	1.265499949		0.00426								
2267.5	1.265599966		0.0042613								
2268	1.265699983		0.0042644								
2268.5	1.265900016		0.0042655								
2268.9	1.266000032		0.0042677								
2269.4	1.266100049		0.0042694								
2269.9	1.266199946		0.0042705								
2270.4	1.266299963		0.0042713								
2270.9	1.26639998		0.0042736								
2271.3	1.266499996		0.0042752								
2271.8	1.266600013		0.0042776								
2272.3	1.266700029		0.0042779								
2272.8	1.266800046		0.0042807								
2273.3	1.266800046		0.0042815								
2273.8	1.266899943		0.0042826								
2274.2	1.26699996		0.0042832								
2274.7	1.267099977		0.0042847								
2275.2	1.267199993		0.0042842								
2275.7	1.26730001		0.0042873								
2276.2	1.267400026		0.004287								
2276.6	1.267500043		0.0042883								
2277.1	1.267500043		0.0042897								
2277.6	1.26760006		0.0042898								
2278.1	1.267699957		0.0042903								
2278.6	1.267799973		0.0042916								
2279.1	1.26789999		0.0042907								
2279.5	1.26789999		0.0042935								
2280	1.268000007		0.0042931								
2280.5	1.268100023		0.0042946								
2281	1.268100023		0.0042956								
2281.5	1.26820004		0.0042944								
2282	1.268300056		0.004297								
2282.4	1.268300056		0.0042959								
2282.9	1.268399954		0.0042986								
2283.4	1.26849997		0.0042981								
2283.9	1.26849997		0.0042982								
2284.4	1.268599987		0.0042985								
2284.8	1.268599987		0.0042998								
2285.3	1.268700004		0.0042979								
2285.8	1.268700004		0.0042977								
2286.3	1.26880002		0.0042973								
2286.8	1.26880002		0.0042984								
2287.3	1.26880002		0.0042972								
2287.7	1.26880002		0.0042969								
2288.2	1.26880002		0.0042954								
2288.7	1.26880002		0.0042945								
2289.2	1.26880002		0.0042926								
2289.7	1.26880002		0.0042896								
2290.2	1.268599987		0.0042852								
2290.6	1.26820004		0.0042727								
2291.1	1.269000053		0.0017098								
2291.6	1.269799948		0.0043122								
2292.1	1.269299984		0.0042992								
2292.6	1.269000053		0.0042895								
2293	1.268700004		0.0042785								
2293.5	1.268000007		0.0042573								
2294	1.26820004		0.0016809								
2294.5	1.269299984		0.001711								
2295	1.270200014		0.0017396								
2295.5	1.269799948		0.0043027								
2295.9	1.269400001		0.0017146								
2296.4	1.270300031		0.001741								
2296.9	1.271299958		0.0017674								
2297.4	1.271199942		0.0043338								
2297.9	1.269799948		0.0042967								
2298.4	1.269799948		0.0017224								
2298.8	1.270799994		0.0017499								
2299.3	1.271800041		0.0017784								
2299.8	1.271700025		0.0043426								
2300.3	1.270499945		0.0043106								
2300.8	1.270900011		0.0017498								
2301.2	1.271199942		0.0043257								
2301.7	1.269899964		0.0042892								
2302.2	1.269799948		0.0017178								
2302.7	1.270699978		0.0017413								
2303.2	1.271100044		0.001755								
2303.7	1.271600008		0.0017657								
2304.1	1.272199988		0.0017847								
2304.6	1.271700025		0.0043296								
2305.1	1.271199942		0.0017533								
2305.6	1.272199988		0.0017814								
2306.1	1.271600008		0.0043258								
2306.5	1.271100044		0.0017474								
2307	1.271700025		0.001767								
2307.5	1.272099972		0.0017772								
2308	1.272699952		0.0017924								
2308.5	1.272099972		0.00433								
2309	1.271399975		0.0017549								
2309.4	1.271999955		0.0017702								
2309.9	1.272199988		0.0017765								
2310.4	1.272400022		0.0017805								
2310.9	1.272600055		0.0017852								
2311.4	1.272699952		0.0017878								
2311.9	1.272799969		0.0017907								
2312.3	1.272899985		0.0017942								
2312.8	1.273100019		0.0017949								
2313.3	1.273200035		0.0017985								
2313.8	1.273300052		0.0018005								
2314.3	1.273399949		0.0018035								
2314.7	1.273399949		0.0018041								
2315.2	1.273499966		0.0018066								
2315.7	1.273599982		0.0018078								
2316.2	1.273699999		0.0018113								
2316.7	1.273800015		0.0018132								
2317.2	1.273900032		0.0018143								
2317.6	1.274000049		0.0018156								
2318.1	1.274099946		0.0018174								
2318.6	1.274099946		0.0018185								
2319.1	1.274199963		0.0018209								
2319.6	1.274299979		0.0018213								
2320.1	1.274399996		0.0018237								
2320.5	1.274399996		0.0018251								
2321	1.274500012		0.0018271								
2321.5	1.274600029		0.001828								
2322	1.274700046		0.0018303								
2322.5	1.274700046		0.0018307								
2322.9	1.274799943		0.0018321								
2323.4	1.27489996		0.001834								
2323.9	1.274999976		0.0018351								
2324.4	1.274999976		0.0018357								
2324.9	1.275099993		0.001837								
2325.4	1.275200009		0.0018394								
2325.8	1.275200009		0.0018396								
2326.3	1.275300026		0.0018403								
2326.8	1.275400043		0.0018414								
2327.3	1.275400043		0.0018437								
2327.8	1.275500059		0.0018463								
2328.2	1.275599957		0.0018461								
2328.7	1.275599957		0.0018472								
2329.2	1.275699973		0.0018487								
2329.7	1.27579999		0.0018501								
2330.2	1.27579999		0.0018518								
2330.7	1.275900006		0.0018515								
2331.1	1.276000023		0.0018536								
2331.6	1.276000023		0.0018541								
2332.1	1.276100039		0.0018561								
2332.6	1.276100039		0.001856								
2333.1	1.276200056		0.001857								
2333.6	1.276299953		0.0018592								
2334	1.276299953		0.0018597								
2334.5	1.27639997		0.0018613								
2335	1.27639997		0.0018615								
2335.5	1.276499987		0.0018631								
2336	1.276600003		0.0018642								
2336.4	1.276600003		0.0018658								
2336.9	1.27670002		0.0018658								
2337.4	1.27670002		0.0018664								
2337.9	1.276800036		0.0018671								
2338.4	1.276800036		0.0018691								
2338.9	1.276900053		0.0018699								
2339.3	1.276900053		0.0018712								
2339.8	1.27699995		0.0018721								
2340.3	1.277099967		0.0018716								
2340.8	1.277099967		0.0018736								
2341.3	1.277199984		0.0018743								
2341.8	1.277199984		0.0018758								
2342.2	1.2773		0.0018756								
2342.7	1.2773		0.0018768								
2343.2	1.277400017		0.0018775								
2343.7	1.277400017		0.0018793								
2344.2	1.277500033		0.0018798								
2344.6	1.277500033		0.0018805								
2345.1	1.27760005		0.0018815								
2345.6	1.27760005		0.0018828								
2346.1	1.277699947		0.0018827								
2346.6	1.277699947		0.0018836								
2347.1	1.277799964		0.0018838								
2347.5	1.277799964		0.001884								
2348	1.277899981		0.0018863								
2348.5	1.277899981		0.0018871								
2349	1.277999997		0.0018869								
2349.5	1.277999997		0.001888								
2349.9	1.278100014		0.0018896								
2350.4	1.278100014		0.0018893								
2350.9	1.27820003		0.0018895								
2351.4	1.27820003		0.0018903								
2351.9	1.278300047		0.0018915								
2352.4	1.278300047		0.0018912								
2352.8	1.278399944		0.0018912								
2353.3	1.278399944		0.0018934								
2353.8	1.278399944		0.0018943								
2354.3	1.278499961		0.0018949								
2354.8	1.278499961		0.0018953								
2355.3	1.278599977		0.0018953								
2355.7	1.278599977		0.0018974								
2356.2	1.278699994		0.0018964								
2356.7	1.278699994		0.0018971								
2357.2	1.278800011		0.0018977								
2357.7	1.278800011		0.0018992								
2358.1	1.278800011		0.0018998								
2358.6	1.278900027		0.0019007								
2359.1	1.278900027		0.0019015								
2359.6	1.279000044		0.001901								
2360.1	1.279000044		0.001903								
2360.6	1.279099941		0.0019022								
2361	1.279099941		0.0019028								
2361.5	1.279199958		0.0019033								
2362	1.279199958		0.001904								
2362.5	1.279199958		0.0019052								
2363	1.279299974		0.0019055								
2363.5	1.279299974		0.0019053								
2363.9	1.279399991		0.0019065								
2364.4	1.279399991		0.0019078								
2364.9	1.279399991		0.0019071								
2365.4	1.279500008		0.0019077								
2365.9	1.279500008		0.0019082								
2366.3	1.279600024		0.0019096								
2366.8	1.279600024		0.0019089								
2367.3	1.279600024		0.0019096								
2367.8	1.279700041		0.0019114								
2368.3	1.279700041		0.0019099								
2368.8	1.279800057		0.0019119								
2369.2	1.279800057		0.0019124								
2369.7	1.279800057		0.0019112								
2370.2	1.279899955		0.001913								
2370.7	1.279899955		0.0019138								
2371.2	1.279999971		0.0019131								
2371.6	1.279999971		0.0019146								
2372.1	1.279999971		0.0019152								
2372.6	1.280099988		0.0019153								
2373.1	1.280099988		0.0019153								
2373.6	1.280099988		0.0019152								
2374.1	1.280200005		0.0019148								
2374.5	1.280200005		0.0019166								
2375	1.280300021		0.0019175								
2375.5	1.280300021		0.0019177								
2376	1.280300021		0.0019176								
2376.5	1.280400038		0.0019192								
2377	1.280400038		0.0019193								
2377.4	1.280400038		0.0019197								
2377.9	1.280500054		0.0019202								
2378.4	1.280500054		0.0019207								
2378.9	1.280500054		0.0019206								
2379.4	1.280599952		0.0019206								
2379.8	1.280599952		0.001921								
2380.3	1.280699968		0.0019219								
2380.8	1.280699968		0.0019215								
2381.3	1.280699968		0.0019233								
2381.8	1.280799985		0.0019233								
2382.3	1.280799985		0.0019231								
2382.7	1.280799985		0.0019244								
2383.2	1.280900002		0.0019248								
2383.7	1.280900002		0.0019258								
2384.2	1.280900002		0.0019254								
2384.7	1.281000018		0.0019258								
2385.2	1.281000018		0.0019262								
2385.6	1.281100035		0.0019264								
2386.1	1.281100035		0.0019268								
2386.6	1.281100035		0.0019273								
2387.1	1.281200051		0.0019275								
2387.6	1.281200051		0.0019287								
2388	1.281299949		0.001929								
2388.5	1.281299949		0.0019302								
2389	1.281399965		0.0019316								
2389.5	1.281399965		0.0019321								
2390	1.281499982		0.0019348								
2390.5	1.281700015		0.0019385								
2390.9	1.282099962		0.0019491								
2391.4	1.281299949		0.0043776								
2391.9	1.280599952		0.0019059								
2392.4	1.281000018		0.0019183								
2392.9	1.281200051		0.0019218								
2393.4	1.281299949		0.0019229								
2393.8	1.281399965		0.0019243								
2394.3	1.281399965		0.0019264								
2394.8	1.281499982		0.001927								
2395.3	1.281499982		0.0019272								
2395.8	1.281599998		0.0019282								
2396.2	1.281599998		0.0019277								
2396.7	1.281599998		0.0019282								
2397.2	1.281700015		0.0019297								
2397.7	1.281700015		0.0019301								
2398.2	1.281700015		0.00193								
2398.7	1.281800032		0.0019307								
2399.1	1.281800032		0.0019309								
2399.6	1.281800032		0.0019308								
2400.1	1.281900048		0.0019318								
2400.6	1.281900048		0.0019313								
2401.1	1.281900048		0.0019328								
2401.5	1.281999946		0.0019319								
2402	1.281999946		0.0019323								
2402.5	1.281999946		0.001933								
2403	1.281999946		0.0019321								
2403.5	1.282099962		0.001933								
2404	1.282099962		0.0019337								
2404.4	1.282099962		0.0019326								
2404.9	1.282199979		0.0019336								
2405.4	1.282199979		0.0019333								
2405.9	1.282199979		0.0019344								
2406.4	1.282199979		0.0019344								
2406.9	1.282299995		0.0019355								
2407.3	1.282299995		0.0019348								
2407.8	1.282299995		0.0019338								
2408.3	1.282299995		0.001935								
2408.8	1.282400012		0.0019358								
2409.3	1.282400012		0.0019351								
2409.7	1.282400012		0.0019365								
2410.2	1.282400012		0.0019361								
2410.7	1.282500029		0.0019352								
2411.2	1.282500029		0.0019357								
2411.7	1.282500029		0.0019359								
2412.2	1.282600045		0.0019367								
2412.6	1.282600045		0.0019356								
2413.1	1.282600045		0.0019368								
2413.6	1.282600045		0.0019364								
2414.1	1.282699943		0.0019368								
2414.6	1.282699943		0.0019358								
2415.1	1.282699943		0.0019367								
2415.5	1.282699943		0.0019364								
2416	1.282799959		0.0019359								
2416.5	1.282799959		0.0019368								
2417	1.282799959		0.0019369								
2417.5	1.282799959		0.0019365								
2417.9	1.282899976		0.001938								
2418.4	1.282899976		0.0019387								
2418.9	1.282899976		0.0019385								
2419.4	1.282899976		0.0019389								
2419.9	1.282899976		0.0019372								
2420.4	1.282999992		0.0019381								
2420.8	1.282999992		0.0019381								
2421.3	1.282999992		0.0019378								
2421.8	1.282999992		0.0019383								
2422.3	1.283100009		0.0019374								
2422.8	1.283100009		0.0019382								
2423.2	1.283100009		0.0019387								
2423.7	1.283100009		0.0019389								
2424.2	1.283100009		0.0019367								
2424.7	1.283200026		0.0019379								
2425.2	1.283200026		0.0019384								
2425.7	1.283200026		0.0019384								
2426.1	1.283200026		0.0019389								
2426.6	1.283300042		0.0019389								
2427.1	1.283300042		0.0019385								
2427.6	1.283300042		0.0019374								
2428.1	1.283300042		0.0019376								
2428.6	1.283300042		0.0019388								
2429	1.283400059		0.0019391								
2429.5	1.283400059		0.0019386								
2430	1.283400059		0.00194								
2430.5	1.283400059		0.0019394								
2431	1.283499956		0.0019383								
2431.4	1.283499956		0.0019382								
2431.9	1.283499956		0.0019387								
2432.4	1.283499956		0.0019389								
2432.9	1.283499956		0.0019399								
2433.4	1.283599973		0.0019392								
2433.9	1.283599973		0.0019394								
2434.3	1.283599973		0.0019388								
2434.8	1.283599973		0.0019391								
2435.3	1.283599973		0.0019392								
2435.8	1.283699989		0.0019376								
2436.3	1.283699989		0.0019387								
2436.8	1.283699989		0.0019387								
2437.2	1.283699989		0.0019385								
2437.7	1.283699989		0.0019389								
2438.2	1.283800006		0.0019391								
2438.7	1.283800006		0.0019385								
2439.2	1.283800006		0.0019388								
2439.6	1.283800006		0.0019394								
2440.1	1.283800006		0.0019386								
2440.6	1.283800006		0.0019386								
2441.1	1.283900023		0.0019392								
2441.6	1.283900023		0.0019389								
2442.1	1.283900023		0.0019376								
2442.5	1.283900023		0.001939								
2443	1.283900023		0.0019382								
2443.5	1.284000039		0.0019394								
2444	1.284000039		0.0019392								
2444.5	1.284000039		0.0019385								
2444.9	1.284000039		0.0019388								
2445.4	1.284000039		0.0019373								
2445.9	1.284000039		0.0019368								
2446.4	1.284100056		0.0019384								
2446.9	1.284100056		0.001937								
2447.4	1.284100056		0.0019389								
2447.8	1.284100056		0.0019386								
2448.3	1.284100056		0.0019381								
2448.8	1.284100056		0.0019374								
2449.3	1.284199953		0.001936								
2449.8	1.284199953		0.0019372								
2450.3	1.284199953		0.0019376								
2450.7	1.284199953		0.0019388								
2451.2	1.284199953		0.0019362								
2451.7	1.284199953		0.0019366								
2452.2	1.284199953		0.0019358								
2452.7	1.28429997		0.0019364								
2453.1	1.28429997		0.0019364								
2453.6	1.28429997		0.0019357								
2454.1	1.28429997		0.0019372								
2454.6	1.28429997		0.0019356								
2455.1	1.28429997		0.001936								
2455.6	1.284399986		0.0019357								
2456	1.284399986		0.0019359								
2456.5	1.284399986		0.0019346								
2457	1.284399986		0.0019343								
2457.5	1.284399986		0.0019356								
2458	1.284399986		0.0019354								
2458.5	1.284399986		0.0019341								
2458.9	1.284500003		0.0019352								
2459.4	1.284500003		0.0019351								
2459.9	1.284500003		0.0019344								
2460.4	1.284500003		0.0019345								
2460.9	1.284500003		0.0019342								
2461.3	1.284500003		0.001934								
2461.8	1.284500003		0.0019337								
2462.3	1.284500003		0.0019325								
2462.8	1.284600019		0.0019332								
2463.3	1.284600019		0.0019331								
2463.8	1.284600019		0.0019329								
2464.2	1.284600019		0.001933								
2464.7	1.284600019		0.0019322								
2465.2	1.284600019		0.0019314								
2465.7	1.284600019		0.0019317								
2466.2	1.284600019		0.0019323								
2466.7	1.284600019		0.0019304								
2467.1	1.284700036		0.0019323								
2467.6	1.284700036		0.0019317								
2468.1	1.284700036		0.0019313								
2468.6	1.284700036		0.0019302								
2469.1	1.284700036		0.0019298								
2469.5	1.284700036		0.0019299								
2470	1.284700036		0.0019298								
2470.5	1.284700036		0.0019292								
2471	1.284700036		0.0019292								
2471.5	1.284700036		0.0019287								
2472	1.284800053		0.0019275								
2472.4	1.284800053		0.0019278								
2472.9	1.284800053		0.0019268								
2473.4	1.284800053		0.0019289								
2473.9	1.284800053		0.0019271								
2474.4	1.284800053		0.001927								
2474.9	1.284800053		0.0019266								
2475.3	1.284800053		0.0019274								
2475.8	1.284800053		0.0019268								
2476.3	1.284800053		0.0019258								
2476.8	1.284800053		0.0019256								
2477.3	1.284800053		0.0019253								
2477.7	1.284800053		0.0019243								
2478.2	1.284800053		0.0019231								
2478.7	1.28489995		0.0019239								
2479.2	1.28489995		0.0019224								
2479.7	1.28489995		0.0019235								
2480.2	1.28489995		0.0019226								
2480.6	1.28489995		0.0019207								
2481.1	1.28489995		0.0019206								
2481.6	1.28489995		0.001921								
2482.1	1.28489995		0.0019196								
2482.6	1.28489995		0.0019194								
2483	1.28489995		0.0019199								
2483.5	1.28489995		0.00192								
2484	1.28489995		0.0019176								
2484.5	1.28489995		0.0019171								
2485	1.28489995		0.0019174								
2485.5	1.28489995		0.0019167								
2485.9	1.28489995		0.001916								
2486.4	1.28489995		0.0019156								
2486.9	1.28489995		0.0019143								
2487.4	1.28489995		0.0019138								
2487.9	1.284800053		0.001914								
2488.4	1.284800053		0.0019126								
2488.8	1.284800053		0.0019112								
2489.3	1.284800053		0.0019118								
2489.8	1.284800053		0.0019101								
2490.3	1.284800053		0.0019085								
2490.8	1.284800053		0.0019087								
2491.2	1.284800053		0.0019072								
2491.7	1.284800053		0.0019066								
2492.2	1.284700036		0.0019057								
2492.7	1.284700036		0.001904								
2493.2	1.284700036		0.0019025								
2493.7	1.284700036		0.0019027								
2494.1	1.284600019		0.0018999								
2494.6	1.284600019		0.0018991								
2495.1	1.284500003		0.0018974								
2495.6	1.284500003		0.0018945								
2496.1	1.284399986		0.0018923								
2496.6	1.284399986		0.0018906								
2497	1.28429997		0.0018883								
2497.5	1.284199953		0.0018852								
2498	1.284100056		0.0018805								
2498.5	1.283900023		0.0018765								
2499	1.283699989		0.001869								
2499.4	1.283300042		0.0018555								
2499.9	1.282999992		0.0018476								