Reference:	"Hudgins et al. (1993)"
DOI:	"doi:https://doi.org/10.1086/191796"
Sample Type:	"Ice"
Composition:	"CO:OCS (20:1)"
Temperature:	"30K"
OCdb page:	"https://ocdb.smce.nasa.gov/dataset/105"
n₁ Error Units:	Not Applicable
k₁ Error Units:	Not Applicable
T₁ Error Units:	Not Applicable

"Wavenumber (cm⁻¹)"	"n₁"	"Dn₁  (+/-)"		"Wavenumber (cm⁻¹)"	"k₁"	"Dk₁  (+/-)"		"Wavenumber (cm⁻¹)"	"T₁"	"DT₁  (+/-)"	
1600.1	1.3166			1600.1	0.00027442			1600.1	100		
1600.6	1.3168			1600.6	0.000275			1601	100		
1601	1.3171			1601	0.00027948			1601.5	100		
1601.5	1.3178			1601.5	0.00029031			1602.5	100		
1602	1.3169			1602	0.0038459			1603.4	100		
1602.5	1.3161			1602.5	0.00026478			1604.4	99.9		
1603	1.3171			1603	0.00028093			1605.4	99.9		
1603.4	1.3184			1603.4	0.00029944			1606.3	99.9		
1603.9	1.3183			1603.9	0.00386			1607.3	99.9		
1604.4	1.3171			1604.4	0.0038429			1608.3	99.9		
1604.9	1.3163			1604.9	0.0038325			1609.2	99.9		
1605.4	1.3153			1605.4	0.0038174			1610.2	100		
1605.9	1.316			1605.9	0.00026503			1611.2	99.9		
1606.3	1.3168			1606.3	0.0038375			1612.1	99.9		
1606.8	1.3157			1606.8	0.0038201			1613.1	99.9		
1607.3	1.3147			1607.3	0.0038075			1614.1	100		
1607.8	1.3154			1607.8	0.00025665			1615	99.9		
1608.3	1.3162			1608.3	0.0038244			1616	99.9		
1608.7	1.3151			1608.7	0.0038084			1616.9	99.9		
1609.2	1.3139			1609.2	0.0037943			1617.9	100		
1609.7	1.314			1609.7	0.00023285			1618.9	99.9		
1610.2	1.3154			1610.2	0.0002561			1619.8	100		
1610.7	1.3169			1610.7	0.00027874			1620.8	99.9		
1611.2	1.317			1611.2	0.0038301			1621.8	99.9		
1611.6	1.3159			1611.6	0.0038154			1622.7	100		
1612.1	1.3152			1612.1	0.0038056			1623.7	99.9		
1612.6	1.3146			1612.6	0.003795			1624.7	99.9		
1613.1	1.3135			1613.1	0.0037797			1625.6	100		
1613.6	1.3136			1613.6	0.00022756			1626.6	100		
1614.1	1.315			1614.1	0.00025006			1627.6	100		
1614.5	1.3164			1614.5	0.00027153			1628.5	99.9		
1615	1.316			1615	0.0038078			1629.5	100		
1615.5	1.3161			1615.5	0.00026779			1630.4	99.9		
1616	1.3167			1616	0.0038156			1631.4	99.9		
1616.5	1.3156			1616.5	0.0038008			1632.4	99.9		
1616.9	1.315			1616.9	0.0037907			1633.3	99.9		
1617.4	1.314			1617.4	0.0037775			1634.3	99.9		
1617.9	1.3147			1617.9	0.00024468			1635.3	99.9		
1618.4	1.3153			1618.4	0.0037928			1636.2	99.9		
1618.9	1.3137			1618.9	0.0037713			1637.2	99.9		
1619.4	1.3138			1619.4	0.00023046			1638.2	99.9		
1619.8	1.3152			1619.8	0.00025392			1639.1	99.9		
1620.3	1.3166			1620.3	0.00027622			1640.1	99.9		
1620.8	1.3166			1620.8	0.0038057			1641.1	99.9		
1621.3	1.3154			1621.3	0.0037874			1642	99.9		
1621.8	1.3141			1621.8	0.0037691			1643	99.9		
1622.3	1.3144			1622.3	0.0002412			1644	99.9		
1622.7	1.3163			1622.7	0.00027179			1644.9	99.9		
1623.2	1.3166			1623.2	0.0037991			1645.9	99.9		
1623.7	1.3155			1623.7	0.003784			1646.8	99.9		
1624.2	1.3149			1624.2	0.0037742			1647.8	99.9		
1624.7	1.3142			1624.7	0.003765			1648.8	99.9		
1625.1	1.313			1625.1	0.0037497			1649.7	99.9		
1625.6	1.3131			1625.6	0.00022154			1650.7	99.9		
1626.1	1.3143			1626.1	0.00023931			1651.7	99.9		
1626.6	1.3149			1626.6	0.00025068			1652.6	99.9		
1627.1	1.3155			1627.1	0.0002615			1653.6	99.9		
1627.6	1.3161			1627.6	0.00026895			1654.6	99.9		
1628	1.3171			1628	0.00028398			1655.5	99.9		
1628.5	1.3164			1628.5	0.0037857			1656.5	99.9		
1629	1.3159			1629	0.00026597			1657.5	100		
1629.5	1.3176			1629.5	0.00029164			1658.4	99.9		
1630	1.3176			1630	0.0037987			1659.4	99.9		
1630.4	1.3161			1630.4	0.0037776			1660.3	99.9		
1630.9	1.3168			1630.9	0.00027967			1661.3	99.9		
1631.4	1.3176			1631.4	0.0037954			1662.3	99.9		
1631.9	1.3168			1631.9	0.003783			1663.2	99.9		
1632.4	1.3165			1632.4	0.0037793			1664.2	99.9		
1632.9	1.3163			1632.9	0.0037742			1665.2	99.9		
1633.3	1.3161			1633.3	0.0037718			1666.1	100		
1633.8	1.316			1633.8	0.0037692			1667.1	99.9		
1634.3	1.3159			1634.3	0.0037674			1668.1	99.9		
1634.8	1.3158			1634.8	0.003765			1669	100		
1635.3	1.3157			1635.3	0.0037636			1670	99.9		
1635.8	1.3156			1635.8	0.0037613			1671	99.9		
1636.2	1.3156			1636.2	0.0037592			1671.9	99.9		
1636.7	1.3155			1636.7	0.0037599			1672.9	99.9		
1637.2	1.3154			1637.2	0.0037568			1673.8	100		
1637.7	1.3154			1637.7	0.0037557			1674.8	100		
1638.2	1.3153			1638.2	0.003752			1675.8	99.9		
1638.6	1.3153			1638.6	0.0037511			1676.7	99.9		
1639.1	1.3153			1639.1	0.0037499			1677.7	100		
1639.6	1.3152			1639.6	0.0037498			1678.7	100		
1640.1	1.3152			1640.1	0.0037457			1679.6	100		
1640.6	1.3151			1640.6	0.0037445			1680.6	99.9		
1641.1	1.3151			1641.1	0.0037437			1681.6	99.9		
1641.5	1.3151			1641.5	0.0037423			1682.5	100		
1642	1.315			1642	0.0037408			1683.5	99.9		
1642.5	1.315			1642.5	0.0037403			1684.5	99.9		
1643	1.315			1643	0.0037383			1685.4	99.9		
1643.5	1.3149			1643.5	0.0037361			1686.4	100		
1644	1.3149			1644	0.0037339			1687.4	99.9		
1644.4	1.3149			1644.4	0.0037346			1688.3	99.9		
1644.9	1.3149			1644.9	0.0037323			1689.3	100		
1645.4	1.3148			1645.4	0.003732			1690.2	100		
1645.9	1.3148			1645.9	0.0037305			1691.2	100		
1646.4	1.3148			1646.4	0.0037283			1692.2	100		
1646.8	1.3148			1646.8	0.0037288			1693.1	100		
1647.3	1.3147			1647.3	0.0037278			1694.1	100		
1647.8	1.3147			1647.8	0.0037249			1695.1	100		
1648.3	1.3147			1648.3	0.0037238			1696	99.9		
1648.8	1.3146			1648.8	0.0037213			1697	99.9		
1649.3	1.3146			1649.3	0.0037224			1698	100		
1649.7	1.3146			1649.7	0.0037198			1698.9	100		
1650.2	1.3146			1650.2	0.0037192			1699.9	99.9		
1650.7	1.3145			1650.7	0.0037178			1700.9	99.9		
1651.2	1.3145			1651.2	0.0037173			1701.8	100		
1651.7	1.3145			1651.7	0.0037156			1702.8	99.9		
1652.2	1.3144			1652.2	0.0037136			1703.8	99.9		
1652.6	1.3144			1652.6	0.0037139			1704.7	99.9		
1653.1	1.3144			1653.1	0.0037121			1705.7	99.9		
1653.6	1.3143			1653.6	0.0037083			1706.6	99.9		
1654.1	1.3143			1654.1	0.0037072			1707.6	99.9		
1654.6	1.3142			1654.6	0.0037046			1708.6	99.9		
1655	1.3142			1655	0.0037033			1709.5	99.9		
1655.5	1.3141			1655.5	0.0037025			1710.5	99.9		
1656	1.314			1656	0.0037005			1711.5	99.9		
1656.5	1.3138			1656.5	0.0036955			1712.4	99.9		
1657	1.3132			1657	0.0036877			1713.4	99.9		
1657.5	1.3143			1657.5	0.00024478			1714.4	99.9		
1657.9	1.3153			1657.9	0.0037157			1715.3	99.9		
1658.4	1.3148			1658.4	0.0037061			1716.3	99.9		
1658.9	1.3145			1658.9	0.0037011			1717.3	100		
1659.4	1.3144			1659.4	0.0036984			1718.2	99.9		
1659.9	1.3143			1659.9	0.0036981			1719.2	99.9		
1660.3	1.3142			1660.3	0.0036947			1720.1	99.9		
1660.8	1.3142			1660.8	0.0036932			1721.1	100		
1661.3	1.3141			1661.3	0.0036913			1722.1	99.9		
1661.8	1.314			1661.8	0.0036884			1723	99.9		
1662.3	1.3139			1662.3	0.0036864			1724	100		
1662.8	1.3138			1662.8	0.0036839			1725	100		
1663.2	1.3137			1663.2	0.0036804			1725.9	99.9		
1663.7	1.3136			1663.7	0.003679			1726.9	99.9		
1664.2	1.3134			1664.2	0.0036763			1727.9	100		
1664.7	1.313			1664.7	0.0036701			1728.8	100		
1665.2	1.3122			1665.2	0.0036574			1729.8	99.9		
1665.7	1.3127			1665.7	0.00021964			1730.8	100		
1666.1	1.3147			1666.1	0.00025201			1731.7	99.9		
1666.6	1.315			1666.6	0.0036928			1732.7	99.9		
1667.1	1.3136			1667.1	0.0036727			1733.6	99.9		
1667.6	1.3143			1667.6	0.00024653			1734.6	99.9		
1668.1	1.315			1668.1	0.0036915			1735.6	99.9		
1668.5	1.3138			1668.5	0.0036715			1736.5	100		
1669	1.3146			1669	0.00025053			1737.5	100		
1669.5	1.3154			1669.5	0.0036916			1738.5	100		
1670	1.3147			1670	0.003683			1739.4	100		
1670.5	1.3144			1670.5	0.0036753			1740.4	99.9		
1671	1.3142			1671	0.0036738			1741.4	100		
1671.4	1.3139			1671.4	0.0036694			1742.3	99.9		
1671.9	1.3137			1671.9	0.0036651			1743.3	100		
1672.4	1.3134			1672.4	0.0036585			1744.3	100		
1672.9	1.313			1672.9	0.0036528			1745.2	100		
1673.4	1.3121			1673.4	0.0036384			1746.2	99.9		
1673.8	1.3123			1673.8	0.00021325			1747.2	100		
1674.3	1.3139			1674.3	0.00024076			1748.1	99.9		
1674.8	1.3153			1674.8	0.00026636			1749.1	99.9		
1675.3	1.3155			1675.3	0.0036826			1750	100		
1675.8	1.3145			1675.8	0.0036677			1751	99.9		
1676.3	1.3139			1676.3	0.0036583			1752	99.9		
1676.7	1.3132			1676.7	0.003649			1752.9	100		
1677.2	1.3121			1677.2	0.003632			1753.9	100		
1677.7	1.3122			1677.7	0.00021301			1754.9	100		
1678.2	1.3134			1678.2	0.00023217			1755.8	100		
1678.7	1.3141			1678.7	0.00024581			1756.8	100		
1679.2	1.3147			1679.2	0.00025552			1757.8	100		
1679.6	1.3154			1679.6	0.00026455			1758.7	100		
1680.1	1.3165			1680.1	0.00028343			1759.7	100		
1680.6	1.3164			1680.6	0.0036851			1760.7	99.9		
1681.1	1.3152			1681.1	0.0036663			1761.6	100		
1681.6	1.314			1681.6	0.0036497			1762.6	100		
1682	1.3142			1682	0.00024808			1763.5	100		
1682.5	1.3161			1682.5	0.00027836			1764.5	100		
1683	1.3164			1683	0.0036808			1765.5	100		
1683.5	1.3155			1683.5	0.0036672			1766.4	100		
1684	1.315			1684	0.0036604			1767.4	99.9		
1684.5	1.3147			1684.5	0.0036543			1768.4	100		
1684.9	1.3143			1684.9	0.0036493			1769.3	100		
1685.4	1.3138			1685.4	0.0036398			1770.3	100		
1685.9	1.3129			1685.9	0.0036272			1771.3	99.9		
1686.4	1.3133			1686.4	0.00023377			1772.2	99.9		
1686.9	1.3152			1686.9	0.00026414			1773.2	99.9		
1687.4	1.3155			1687.4	0.0036601			1774.2	100		
1687.8	1.3144			1687.8	0.0036441			1775.1	100		
1688.3	1.3137			1688.3	0.0036346			1776.1	99.9		
1688.8	1.3125			1688.8	0.0036159			1777.1	99.9		
1689.3	1.3126			1689.3	0.0002213			1778	99.9		
1689.8	1.3138			1689.8	0.00024164			1779	100		
1690.2	1.3149			1690.2	0.00025943			1779.9	100		
1690.7	1.3142			1690.7	0.0036356			1780.9	100		
1691.2	1.3135			1691.2	0.00023566			1781.9	100		
1691.7	1.3143			1691.7	0.00024827			1782.8	100		
1692.2	1.3147			1692.2	0.00025653			1783.8	99.9		
1692.7	1.3151			1692.7	0.00026289			1784.8	100		
1693.1	1.3154			1693.1	0.00026776			1785.7	99.9		
1693.6	1.3157			1693.6	0.00027304			1786.7	100		
1694.1	1.3161			1694.1	0.00028108			1787.7	100		
1694.6	1.3167			1694.6	0.00028906			1788.6	100		
1695.1	1.3177			1695.1	0.00030669			1789.6	100		
1695.6	1.3176			1695.6	0.0036734			1790.6	100		
1696	1.3164			1696	0.0036576			1791.5	99.9		
1696.5	1.3155			1696.5	0.0036439			1792.5	99.9		
1697	1.3143			1697	0.0036252			1793.4	99.9		
1697.5	1.3143			1697.5	0.00024977			1794.4	99.9		
1698	1.3155			1698	0.00027025			1795.4	100		
1698.4	1.3162			1698.4	0.00028145			1796.3	99.9		
1698.9	1.317			1698.9	0.00029324			1797.3	100		
1699.4	1.3181			1699.4	0.00031396			1798.3	100		
1699.9	1.3182			1699.9	0.0036735			1799.2	99.9		
1700.4	1.3171			1700.4	0.0036575			1800.2	100		
1700.9	1.3165			1700.9	0.0036486			1801.2	100		
1701.3	1.3157			1701.3	0.0036355			1802.1	100		
1701.8	1.3166			1701.8	0.00028836			1803.1	99.9		
1702.3	1.3175			1702.3	0.0036589			1804.1	99.9		
1702.8	1.3168			1702.8	0.0036499			1805	99.9		
1703.3	1.3165			1703.3	0.0036447			1806	99.9		
1703.8	1.3163			1703.8	0.003641			1806.9	99.9		
1704.2	1.3162			1704.2	0.0036392			1807.9	100		
1704.7	1.3161			1704.7	0.0036365			1808.9	100		
1705.2	1.316			1705.2	0.0036353			1809.8	100		
1705.7	1.3159			1705.7	0.0036317			1810.8	100		
1706.2	1.3159			1706.2	0.0036297			1811.8	100		
1706.6	1.3158			1706.6	0.0036279			1812.7	100		
1707.1	1.3157			1707.1	0.003626			1813.7	100		
1707.6	1.3157			1707.6	0.0036255			1814.7	99.9		
1708.1	1.3156			1708.1	0.003623			1815.6	100		
1708.6	1.3156			1708.6	0.0036215			1816.6	99.9		
1709.1	1.3155			1709.1	0.0036206			1817.6	100		
1709.5	1.3155			1709.5	0.0036176			1818.5	100		
1710	1.3154			1710	0.0036169			1819.5	100		
1710.5	1.3154			1710.5	0.0036151			1820.5	100		
1711	1.3153			1711	0.0036152			1821.4	99.9		
1711.5	1.3153			1711.5	0.0036124			1822.4	100		
1711.9	1.3152			1711.9	0.0036107			1823.3	99.9		
1712.4	1.3152			1712.4	0.0036095			1824.3	100		
1712.9	1.3151			1712.9	0.0036065			1825.3	99.9		
1713.4	1.315			1713.4	0.0036057			1826.2	99.9		
1713.9	1.315			1713.9	0.0036038			1827.2	100		
1714.4	1.3149			1714.4	0.0036017			1828.2	99.9		
1714.8	1.3148			1714.8	0.0036009			1829.1	99.9		
1715.3	1.3147			1715.3	0.0035973			1830.1	99.9		
1715.8	1.3145			1715.8	0.0035947			1831.1	99.9		
1716.3	1.3143			1716.3	0.0035888			1832	100		
1716.8	1.3137			1716.8	0.0035806			1833	100		
1717.3	1.3146			1717.3	0.00026066			1834	100		
1717.7	1.3156			1717.7	0.0036051			1834.9	100		
1718.2	1.3149			1718.2	0.003595			1835.9	100		
1718.7	1.3146			1718.7	0.0035886			1836.8	100		
1719.2	1.3142			1719.2	0.0035845			1837.8	100		
1719.7	1.3138			1719.7	0.0035771			1838.8	100		
1720.1	1.3129			1720.1	0.0035625			1839.7	100		
1720.6	1.3131			1720.6	0.0002328			1840.7	100		
1721.1	1.3145			1721.1	0.00025712			1841.7	100		
1721.6	1.3159			1721.6	0.00028171			1842.6	100		
1722.1	1.316			1722.1	0.0036027			1843.6	99.9		
1722.6	1.3147			1722.6	0.0035839			1844.6	99.9		
1723	1.3135			1723	0.0035649			1845.5	99.9		
1723.5	1.3134			1723.5	0.00024103			1846.5	100		
1724	1.3146			1724	0.00025919			1847.5	99.9		
1724.5	1.3153			1724.5	0.00027104			1848.4	100		
1725	1.316			1725	0.0002837			1849.4	99.9		
1725.4	1.3171			1725.4	0.00030238			1850.3	99.9		
1725.9	1.3171			1725.9	0.0036128			1851.3	100		
1726.4	1.316			1726.4	0.0035951			1852.3	100		
1726.9	1.3152			1726.9	0.0035844			1853.2	99.9		
1727.4	1.3141			1727.4	0.003566			1854.2	100		
1727.9	1.3142			1727.9	0.00025262			1855.2	100		
1728.3	1.3155			1728.3	0.0002755			1856.1	99.9		
1728.8	1.3168			1728.8	0.00029689			1857.1	100		
1729.3	1.3167			1729.3	0.0036003			1858.1	100		
1729.8	1.315			1729.8	0.0035753			1859	99.9		
1730.3	1.3149			1730.3	0.00026648			1860	100		
1730.8	1.3163			1730.8	0.00028743			1861	100		
1731.2	1.3176			1731.2	0.00031026			1861.9	100		
1731.7	1.3178			1731.7	0.0036111			1862.9	100		
1732.2	1.3168			1732.2	0.0035978			1863.9	99.9		
1732.7	1.3164			1732.7	0.0035885			1864.8	100		
1733.2	1.316			1733.2	0.0035833			1865.8	100		
1733.6	1.3158			1733.6	0.0035793			1866.7	100		
1734.1	1.3155			1734.1	0.0035754			1867.7	100		
1734.6	1.3153			1734.6	0.0035709			1868.7	100		
1735.1	1.3149			1735.1	0.0035633			1869.6	99.9		
1735.6	1.3145			1735.6	0.0035573			1870.6	100		
1736.1	1.3137			1736.1	0.0035455			1871.6	100		
1736.5	1.3142			1736.5	0.00025581			1872.5	100		
1737	1.3143			1737	0.0035554			1873.5	99.9		
1737.5	1.3139			1737.5	0.00024901			1874.5	100		
1738	1.3149			1738	0.00026675			1875.4	100		
1738.5	1.3156			1738.5	0.00027685			1876.4	100		
1739	1.3162			1739	0.00028945			1877.4	99.9		
1739.4	1.3172			1739.4	0.00030511			1878.3	100		
1739.9	1.317			1739.9	0.0035864			1879.3	99.9		
1740.4	1.3153			1740.4	0.0035612			1880.2	100		
1740.9	1.3153			1740.9	0.00027329			1881.2	99.9		
1741.4	1.317			1741.4	0.00030148			1882.2	99.9		
1741.8	1.317			1741.8	0.003583			1883.1	99.9		
1742.3	1.3158			1742.3	0.003564			1884.1	99.9		
1742.8	1.3145			1742.8	0.0035465			1885.1	99.9		
1743.3	1.3145			1743.3	0.00026111			1886	99.9		
1743.8	1.3157			1743.8	0.00028155			1887	99.9		
1744.3	1.3168			1744.3	0.00029983			1888	99.9		
1744.7	1.3163			1744.7	0.0035684			1888.9	99.9		
1745.2	1.3158			1745.2	0.00028213			1889.9	99.9		
1745.7	1.3173			1745.7	0.00030832			1890.9	99.9		
1746.2	1.3172			1746.2	0.0035787			1891.8	99.9		
1746.7	1.3156			1746.7	0.0035542			1892.8	99.9		
1747.2	1.3157			1747.2	0.00028005			1893.8	99.9		
1747.6	1.3174			1747.6	0.00030924			1894.7	99.9		
1748.1	1.3175			1748.1	0.0035802			1895.7	99.9		
1748.6	1.3165			1748.6	0.0035635			1896.6	99.9		
1749.1	1.3157			1749.1	0.0035523			1897.6	99.9		
1749.6	1.3147			1749.6	0.0035358			1898.6	99.9		
1750	1.3149			1750	0.00026833			1899.5	99.9		
1750.5	1.3167			1750.5	0.00029731			1900.5	99.9		
1751	1.3168			1751	0.0035648			1901.5	99.9		
1751.5	1.3155			1751.5	0.0035458			1902.4	100		
1752	1.3142			1752	0.0035248			1903.4	99.9		
1752.5	1.3141			1752.5	0.00025503			1904.4	100		
1752.9	1.3151			1752.9	0.00027068			1905.3	100		
1753.4	1.3155			1753.4	0.00027945			1906.3	100		
1753.9	1.3159			1753.9	0.00028462			1907.3	99.9		
1754.4	1.3162			1754.4	0.00029028			1908.2	100		
1754.9	1.3164			1754.9	0.00029505			1909.2	99.9		
1755.3	1.3167			1755.3	0.00029774			1910.1	100		
1755.8	1.3169			1755.8	0.00030307			1911.1	100		
1756.3	1.3173			1756.3	0.0003104			1912.1	99.9		
1756.8	1.3181			1756.8	0.00032183			1913	100		
1757.3	1.3173			1757.3	0.0035602			1914	100		
1757.8	1.317			1757.8	0.00030523			1915	100		
1758.2	1.3166			1758.2	0.0035485			1915.9	99.9		
1758.7	1.316			1758.7	0.00028922			1916.9	99.9		
1759.2	1.3168			1759.2	0.00030232			1917.9	99.9		
1759.7	1.3175			1759.7	0.00031246			1918.8	99.9		
1760.2	1.3184			1760.2	0.00032752			1919.8	100		
1760.7	1.3181			1760.7	0.0035656			1920.8	100		
1761.1	1.3164			1761.1	0.0035418			1921.7	100		
1761.6	1.3165			1761.6	0.00029906			1922.7	100		
1762.1	1.3163			1762.1	0.0035396			1923.7	99.9		
1762.6	1.3157			1762.6	0.00028332			1924.6	99.9		
1763.1	1.3165			1763.1	0.00029626			1925.6	100		
1763.5	1.3169			1763.5	0.00030356			1926.5	100		
1764	1.3171			1764	0.00030813			1927.5	100		
1764.5	1.3174			1764.5	0.0003141			1928.5	100		
1765	1.3176			1765	0.00031648			1929.4	99.9		
1765.5	1.3179			1765.5	0.00032212			1930.4	99.9		
1766	1.3183			1766	0.00032828			1931.4	100		
1766.4	1.3192			1766.4	0.00034128			1932.3	100		
1766.9	1.3188			1766.9	0.0035657			1933.3	100		
1767.4	1.3169			1767.4	0.0035354			1934.3	100		
1767.9	1.3165			1767.9	0.00029881			1935.2	99.9		
1768.4	1.3174			1768.4	0.00031317			1936.2	99.9		
1768.9	1.3179			1768.9	0.00032073			1937.2	99.9		
1769.3	1.3183			1769.3	0.00032585			1938.1	99.9		
1769.8	1.3187			1769.8	0.00033417			1939.1	99.9		
1770.3	1.3192			1770.3	0.00034409			1940	100		
1770.8	1.3202			1770.8	0.00035943			1941	99.9		
1771.3	1.3202			1771.3	0.0035774			1942	100		
1771.7	1.3191			1771.7	0.0035614			1942.9	99.9		
1772.2	1.3185			1772.2	0.0035521			1943.9	99.9		
1772.7	1.318			1772.7	0.0035441			1944.9	100		
1773.2	1.3174			1773.2	0.0035352			1945.8	100		
1773.7	1.3164			1773.7	0.0035202			1946.8	99.9		
1774.2	1.3165			1774.2	0.00029974			1947.8	99.9		
1774.6	1.3179			1774.6	0.00032209			1948.7	100		
1775.1	1.3192			1775.1	0.00034194			1949.7	100		
1775.6	1.3193			1775.6	0.0035598			1950.7	99.9		
1776.1	1.3183			1776.1	0.0035432			1951.6	99.9		
1776.6	1.3177			1776.6	0.0035349			1952.6	99.9		
1777.1	1.3172			1777.1	0.0035259			1953.5	100		
1777.5	1.3166			1777.5	0.0035157			1954.5	99.9		
1778	1.3155			1778	0.0034999			1955.5	99.9		
1778.5	1.3155			1778.5	0.00028167			1956.4	99.9		
1779	1.3165			1779	0.00029983			1957.4	99.9		
1779.5	1.317			1779.5	0.00030835			1958.4	99.9		
1779.9	1.3174			1779.9	0.00031354			1959.3	99.9		
1780.4	1.3177			1780.4	0.00031914			1960.3	99.9		
1780.9	1.3179			1780.9	0.00032404			1961.3	99.9		
1781.4	1.3182			1781.4	0.00032912			1962.2	100		
1781.9	1.3185			1781.9	0.00033411			1963.2	99.9		
1782.4	1.3189			1782.4	0.00034084			1964.2	99.9		
1782.8	1.3198			1782.8	0.00035449			1965.1	99.9		
1783.3	1.3194			1783.3	0.0035468			1966.1	99.9		
1783.8	1.3175			1783.8	0.0035201			1967.1	99.9		
1784.3	1.3172			1784.3	0.00031279			1968	100		
1784.8	1.3182			1784.8	0.00032808			1969	100		
1785.2	1.3191			1785.2	0.00034265			1969.9	99.9		
1785.7	1.3183			1785.7	0.0035278			1970.9	99.9		
1786.2	1.3175			1786.2	0.00031786			1971.9	99.9		
1786.7	1.3182			1786.7	0.00032929			1972.8	99.9		
1787.2	1.3186			1787.2	0.00033574			1973.8	99.9		
1787.7	1.3189			1787.7	0.00034083			1974.8	100		
1788.1	1.3191			1788.1	0.00034519			1975.7	99.9		
1788.6	1.3194			1788.6	0.00034963			1976.7	99.9		
1789.1	1.3197			1789.1	0.00035419			1977.7	99.9		
1789.6	1.32			1789.6	0.00035998			1978.6	99.9		
1790.1	1.3205			1790.1	0.00036842			1979.6	100		
1790.6	1.3215			1790.6	0.00038404			1980.6	99.9		
1791	1.3215			1791	0.0035641			1981.5	100		
1791.5	1.3204			1791.5	0.0035475			1982.5	100		
1792	1.3198			1792	0.0035398			1983.4	99.9		
1792.5	1.3194			1792.5	0.003532			1984.4	99.9		
1793	1.3189			1793	0.0035231			1985.4	99.9		
1793.4	1.318			1793.4	0.0035111			1986.3	99.9		
1793.9	1.3187			1793.9	0.00033875			1987.3	99.9		
1794.4	1.3192			1794.4	0.0035264			1988.3	99.9		
1794.9	1.3178			1794.9	0.0035054			1989.2	99.8		
1795.4	1.3179			1795.4	0.0003254			1990.2	99.8		
1795.9	1.3194			1795.9	0.00035146			1991.2	99.8		
1796.3	1.319			1796.3	0.0035201			1992.1	99.8		
1796.8	1.3186			1796.8	0.00033803			1993.1	99.8		
1797.3	1.32			1797.3	0.00036296			1994.1	99.8		
1797.8	1.3197			1797.8	0.0035278			1995	99.8		
1798.3	1.3197			1798.3	0.00035619			1996	99.8		
1798.8	1.3201			1798.8	0.0035327			1997	99.8		
1799.2	1.319			1799.2	0.0035139			1997.9	99.8		
1799.7	1.3178			1799.7	0.0034979			1998.9	99.8		
1800.2	1.3178			1800.2	0.00032498			1999.8	99.9		
1800.7	1.3188			1800.7	0.00034327			2000.8	99.9		
1801.2	1.3195			1801.2	0.00035362			2001.8	99.9		
1801.6	1.3202			1801.6	0.00036409			2002.7	99.9		
1802.1	1.3212			1802.1	0.00038283			2003.7	99.9		
1802.6	1.3211			1802.6	0.0035411			2004.7	99.9		
1803.1	1.3196			1803.1	0.0035183			2005.6	100		
1803.6	1.3202			1803.6	0.00036554			2006.6	99.9		
1804.1	1.3208			1804.1	0.0035342			2007.6	100		
1804.5	1.32			1804.5	0.0035218			2008.5	100		
1805	1.3196			1805	0.0035149			2009.5	99.9		
1805.5	1.3193			1805.5	0.0035093			2010.5	99.9		
1806	1.3189			1806	0.0035029			2011.4	99.9		
1806.5	1.3185			1806.5	0.0034966			2012.4	99.9		
1806.9	1.318			1806.9	0.0034887			2013.3	99.9		
1807.4	1.317			1807.4	0.0034738			2014.3	99.9		
1807.9	1.317			1807.9	0.00031298			2015.3	100		
1808.4	1.318			1808.4	0.00033028			2016.2	100		
1808.9	1.3186			1808.9	0.00033847			2017.2	99.9		
1809.4	1.3189			1809.4	0.00034631			2018.2	100		
1809.8	1.3192			1809.8	0.00035053			2019.1	99.9		
1810.3	1.3195			1810.3	0.00035439			2020.1	99.9		
1810.8	1.3197			1810.8	0.00035969			2021.1	99.9		
1811.3	1.32			1811.3	0.00036249			2022	99.9		
1811.8	1.3202			1811.8	0.00036671			2023	99.8		
1812.3	1.3205			1812.3	0.00037128			2024	99.7		
1812.7	1.3208			1812.7	0.00037732			2024.9	99.6		
1813.2	1.3213			1813.2	0.0003861			2025.9	99.5		
1813.7	1.3223			1813.7	0.00040158			2026.8	99.3		
1814.2	1.3221			1814.2	0.0035374			2027.8	99.2		
1814.7	1.3209			1814.7	0.003519			2028.8	99		
1815.1	1.3198			1815.1	0.0035024			2029.7	98.7		
1815.6	1.3204			1815.6	0.00037023			2030.7	98.5		
1816.1	1.3209			1816.1	0.0035167			2031.7	98.2		
1816.6	1.3199			1816.6	0.0035004			2032.6	97.9		
1817.1	1.3187			1817.1	0.0034838			2033.6	97.6		
1817.6	1.3187			1817.6	0.00034223			2034.6	97.2		
1818	1.3198			1818	0.00036151			2035.5	96.8		
1818.5	1.3208			1818.5	0.00037873			2036.5	96.3		
1819	1.3202			1819	0.0035024			2037.5	95.8		
1819.5	1.3196			1819.5	0.00035899			2038.4	95.2		
1820	1.3204			1820	0.00037194			2039.4	94.4		
1820.5	1.321			1820.5	0.00038265			2040.4	93.7		
1820.9	1.322			1820.9	0.00039844			2041.3	93		
1821.4	1.3218			1821.4	0.003521			2042.3	92.1		
1821.9	1.3201			1821.9	0.003495			2043.2	91.3		
1822.4	1.3199			1822.4	0.00036376			2044.2	91.3		
1822.9	1.3213			1822.9	0.00038771			2045.2	92		
1823.3	1.3208			1823.3	0.0035024			2046.1	92.5		
1823.8	1.3203			1823.8	0.00037055			2047.1	92.6		
1824.3	1.3213			1824.3	0.00038846			2048.1	92.5		
1824.8	1.3224			1824.8	0.00040593			2049	92.3		
1825.3	1.3224			1825.3	0.0035229			2050	92.1		
1825.8	1.3212			1825.8	0.003505			2051	92.2		
1826.2	1.32			1826.2	0.0034878			2051.9	92.6		
1826.7	1.32			1826.7	0.00036734			2052.9	93		
1827.2	1.3213			1827.2	0.00038865			2053.9	93.3		
1827.7	1.3226			1827.7	0.00040986			2054.8	93.6		
1828.2	1.3227			1828.2	0.0035233			2055.8	93.9		
1828.7	1.3217			1828.7	0.0035084			2056.7	94.1		
1829.1	1.3212			1829.1	0.0035007			2057.7	94.3		
1829.6	1.3208			1829.6	0.0034931			2058.7	94.4		
1830.1	1.3203			1830.1	0.0034862			2059.6	94.5		
1830.6	1.3198			1830.6	0.0034772			2060.6	94.7		
1831.1	1.3188			1831.1	0.0034627			2061.6	94.9		
1831.5	1.3188			1831.5	0.00034702			2062.5	95.1		
1832	1.3198			1832	0.000364			2063.5	95.4		
1832.5	1.3203			1832.5	0.0003732			2064.5	95.7		
1833	1.3207			1833	0.00037888			2065.4	96		
1833.5	1.3212			1833.5	0.00038669			2066.4	96.3		
1834	1.3219			1834	0.00039862			2067.4	96.6		
1834.4	1.321			1834.4	0.0034893			2068.3	96.9		
1834.9	1.3202			1834.9	0.00037132			2069.3	97.3		
1835.4	1.3209			1835.4	0.00038271			2070.3	97.7		
1835.9	1.3212			1835.9	0.00038785			2071.2	98		
1836.4	1.3214			1836.4	0.00039171			2072.2	98.3		
1836.8	1.3216			1836.8	0.00039503			2073.1	98.6		
1837.3	1.3218			1837.3	0.00039813			2074.1	98.8		
1837.8	1.322			1837.8	0.00040102			2075.1	99		
1838.3	1.3221			1838.3	0.0004041			2076	99.2		
1838.8	1.3223			1838.8	0.00040696			2077	99.3		
1839.3	1.3225			1839.3	0.00040999			2078	99.4		
1839.7	1.3227			1839.7	0.00041353			2078.9	99.5		
1840.2	1.3229			1840.2	0.00041753			2079.9	99.6		
1840.7	1.3232			1840.7	0.0004226			2080.9	99.6		
1841.2	1.3236			1841.2	0.00042984			2081.8	99.6		
1841.7	1.3244			1841.7	0.00044177			2082.8	99.7		
1842.2	1.3239			1842.2	0.0035198			2083.8	99.7		
1842.6	1.3239			1842.6	0.00043165			2084.7	99.7		
1843.1	1.3243			1843.1	0.0035244			2085.7	99.7		
1843.6	1.3234			1843.6	0.0035092			2086.6	99.6		
1844.1	1.3229			1844.1	0.0035012			2087.6	99.6		
1844.6	1.3224			1844.6	0.0034946			2088.6	99.4		
1845	1.3218			1845	0.0034859			2089.5	99.4		
1845.5	1.3209			1845.5	0.0034713			2090.5	99.4		
1846	1.3209			1846	0.00038599			2091.5	99.1		
1846.5	1.3221			1846.5	0.00040637			2092.4	98.6		
1847	1.3231			1847	0.00042179			2093.4	99.1		
1847.5	1.3226			1847.5	0.0034921			2094.4	99.6		
1847.9	1.322			1847.9	0.0004043			2095.3	99.7		
1848.4	1.323			1848.4	0.00042071			2096.3	99.7		
1848.9	1.3241			1848.9	0.00043892			2097.3	99.7		
1849.4	1.3241			1849.4	0.003511			2098.2	99.7		
1849.9	1.3228			1849.9	0.0034919			2099.2	99.8		
1850.3	1.3216			1850.3	0.0034751			2100.1	99.8		
1850.8	1.3217			1850.8	0.00039937			2101.1	99.8		
1851.3	1.3231			1851.3	0.0004229			2102.1	99.8		
1851.8	1.3226			1851.8	0.0034875			2103	99.8		
1852.3	1.3221			1852.3	0.00040744			2104	99.8		
1852.8	1.3233			1852.8	0.00042608			2105	99.8		
1853.2	1.3227			1853.2	0.0034859			2105.9	99.8		
1853.7	1.322			1853.7	0.00040502			2106.9	99.8		
1854.2	1.3228			1854.2	0.00041831			2107.9	99.8		
1854.7	1.3232			1854.7	0.00042474			2108.8	99.8		
1855.2	1.3236			1855.2	0.00043026			2109.8	99.8		
1855.7	1.3243			1855.7	0.00044244			2110.8	99.9		
1856.1	1.3235			1856.1	0.0034936			2111.7	99.8		
1856.6	1.3227			1856.6	0.00041672			2112.7	99.8		
1857.1	1.3234			1857.1	0.00042723			2113.7	99.8		
1857.6	1.3238			1857.6	0.00043544			2114.6	99.9		
1858.1	1.3241			1858.1	0.000441			2115.6	99.9		
1858.5	1.3248			1858.5	0.00045204			2116.5	99.9		
1859	1.324			1859	0.0034965			2117.5	99.9		
1859.5	1.3232			1859.5	0.00042495			2118.5	99.9		
1860	1.3238			1860	0.00043704			2119.4	99.9		
1860.5	1.3242			1860.5	0.00044145			2120.4	99.9		
1861	1.3244			1861	0.00044708			2121.4	99.9		
1861.4	1.3247			1861.4	0.00045106			2122.3	99.9		
1861.9	1.325			1861.9	0.00045685			2123.3	99.9		
1862.4	1.3254			1862.4	0.0004627			2124.3	99.9		
1862.9	1.3262			1862.9	0.00047378			2125.2	100		
1863.4	1.3259			1863.4	0.0035157			2126.2	99.9		
1863.9	1.3242			1863.9	0.0034913			2127.2	99.9		
1864.3	1.324			1864.3	0.00043984			2128.1	99.9		
1864.8	1.3253			1864.8	0.00046043			2129.1	99.9		
1865.3	1.3247			1865.3	0.003496			2130	99.8		
1865.8	1.324			1865.8	0.0004408			2131	99.6		
1866.3	1.3248			1866.3	0.00045277			2132	99.3		
1866.7	1.3252			1866.7	0.00045913			2132.9	98.6		
1867.2	1.3255			1867.2	0.00046502			2133.9	96.7		
1867.7	1.3259			1867.7	0.0004725			2134.9	92.1		
1868.2	1.3264			1868.2	0.00047871			2135.8	83.3		
1868.7	1.3273			1868.7	0.00049291			2136.8	74.1		
1869.2	1.3271			1869.2	0.0035253			2137.8	62.6		
1869.6	1.3259			1869.6	0.0035073			2138.7	51.8		
1870.1	1.3247			1870.1	0.0034903			2139.7	59.2		
1870.6	1.3246			1870.6	0.00045181			2140.7	74		
1871.1	1.3258			1871.1	0.0004703			2141.6	83.6		
1871.6	1.3268			1871.6	0.00048671			2142.6	89.7		
1872.1	1.3264			1872.1	0.0035105			2143.6	94.7		
1872.5	1.3263			1872.5	0.00047934			2144.5	97.1		
1873	1.3265			1873	0.0035116			2145.5	97.9		
1873.5	1.325			1873.5	0.0034906			2146.4	98.2		
1874	1.3249			1874	0.0004561			2147.4	98.4		
1874.5	1.3258			1874.5	0.00047222			2148.4	98.6		
1874.9	1.3264			1874.9	0.00048045			2149.3	98.7		
1875.4	1.3269			1875.4	0.00048999			2150.3	98.8		
1875.9	1.3275			1875.9	0.0004989			2151.3	98.9		
1876.4	1.3285			1876.4	0.00051533			2152.2	98.9		
1876.9	1.3284			1876.9	0.0035323			2153.2	99		
1877.4	1.3273			1877.4	0.0035154			2154.2	99.1		
1877.8	1.3263			1877.8	0.0035003			2155.1	99.1		
1878.3	1.3265			1878.3	0.00048305			2156.1	99.2		
1878.8	1.3282			1878.8	0.00051067			2157.1	99.3		
1879.3	1.3284			1879.3	0.0035263			2158	99.3		
1879.8	1.3272			1879.8	0.0035108			2159	99.4		
1880.2	1.3278			1880.2	0.00050545			2159.9	99.4		
1880.7	1.3286			1880.7	0.0035291			2160.9	99.4		
1881.2	1.328			1881.2	0.0035212			2161.9	99.4		
1881.7	1.3278			1881.7	0.0035162			2162.8	99.4		
1882.2	1.3276			1882.2	0.0035139			2163.8	99.4		
1882.7	1.3275			1882.7	0.00351			2164.8	99.4		
1883.1	1.3275			1883.1	0.0035094			2165.7	99.4		
1883.6	1.3274			1883.6	0.0035091			2166.7	99.4		
1884.1	1.3274			1884.1	0.0035082			2167.7	99.4		
1884.6	1.3273			1884.6	0.0035049			2168.6	99.4		
1885.1	1.3273			1885.1	0.0035054			2169.6	99.4		
1885.6	1.3273			1885.6	0.0035048			2170.6	99.4		
1886	1.3273			1886	0.003504			2171.5	99.4		
1886.5	1.3273			1886.5	0.0035032			2172.5	99.4		
1887	1.3273			1887	0.0035018			2173.5	99.4		
1887.5	1.3273			1887.5	0.0035012			2174.4	99.4		
1888	1.3273			1888	0.0035003			2175.4	99.5		
1888.4	1.3273			1888.4	0.0035008			2176.3	99.4		
1888.9	1.3273			1888.9	0.003501			2177.3	99.4		
1889.4	1.3273			1889.4	0.0034991			2178.3	99.4		
1889.9	1.3273			1889.9	0.0034974			2179.2	99.4		
1890.4	1.3274			1890.4	0.0034986			2180.2	99.4		
1890.9	1.3274			1890.9	0.0034973			2181.2	99.4		
1891.3	1.3274			1891.3	0.0034969			2182.1	99.4		
1891.8	1.3274			1891.8	0.0034976			2183.1	99.4		
1892.3	1.3274			1892.3	0.0034974			2184.1	99.4		
1892.8	1.3274			1892.8	0.0034958			2185	99.4		
1893.3	1.3274			1893.3	0.0034952			2186	99.4		
1893.8	1.3274			1893.8	0.0034971			2187	99.4		
1894.2	1.3275			1894.2	0.0034952			2187.9	99.4		
1894.7	1.3275			1894.7	0.0034944			2188.9	99.4		
1895.2	1.3275			1895.2	0.0034954			2189.8	99.4		
1895.7	1.3275			1895.7	0.0034932			2190.8	99.4		
1896.2	1.3275			1896.2	0.003491			2191.8	99.4		
1896.6	1.3275			1896.6	0.0034914			2192.7	99.4		
1897.1	1.3275			1897.1	0.0034897			2193.7	99.4		
1897.6	1.3275			1897.6	0.0034893			2194.7	99.4		
1898.1	1.3275			1898.1	0.0034898			2195.6	99.4		
1898.6	1.3274			1898.6	0.0034878			2196.6	99.4		
1899.1	1.3274			1899.1	0.0034872			2197.6	99.4		
1899.5	1.3273			1899.5	0.0034864			2198.5	99.4		
1900	1.3273			1900	0.0034843			2199.5	99.4		
1900.5	1.3271			1900.5	0.0034813			2200.5	99.4		
1901	1.3269			1901	0.0034775			2201.4	99.4		
1901.5	1.3262			1901.5	0.0034674			2202.4	99.4		
1901.9	1.3266			1901.9	0.00049198			2203.3	99.4		
1902.4	1.3284			1902.4	0.00051971			2204.3	99.4		
1902.9	1.3288			1902.9	0.0035026			2205.3	99.4		
1903.4	1.3279			1903.4	0.0034885			2206.2	99.4		
1903.9	1.327			1903.9	0.0034753			2207.2	99.5		
1904.4	1.3276			1904.4	0.00050721			2208.2	99.5		
1904.8	1.3278			1904.8	0.0034865			2209.1	99.5		
1905.3	1.3279			1905.3	0.00051108			2210.1	99.4		
1905.8	1.3279			1905.8	0.0034868			2211.1	99.5		
1906.3	1.3277			1906.3	0.000509			2212	99.5		
1906.8	1.329			1906.8	0.0005306			2213	99.5		
1907.3	1.3286			1907.3	0.0034936			2214	99.5		
1907.7	1.3282			1907.7	0.0005186			2214.9	99.5		
1908.2	1.3292			1908.2	0.0005336			2215.9	99.5		
1908.7	1.3303			1908.7	0.00055109			2216.9	99.5		
1909.2	1.3302			1909.2	0.0035123			2217.8	99.5		
1909.7	1.3286			1909.7	0.003493			2218.8	99.5		
1910.1	1.3286			1910.1	0.00052538			2219.7	99.5		
1910.6	1.3297			1910.6	0.00054298			2220.7	99.5		
1911.1	1.3309			1911.1	0.00056115			2221.7	99.6		
1911.6	1.3309			1911.6	0.0035188			2222.6	99.6		
1912.1	1.3298			1912.1	0.0035032			2223.6	99.6		
1912.6	1.3287			1912.6	0.0034873			2224.6	99.6		
1913	1.3286			1913	0.0005277			2225.5	99.6		
1913.5	1.3297			1913.5	0.00054322			2226.5	99.6		
1914	1.3303			1914	0.00055155			2227.5	99.6		
1914.5	1.3308			1914.5	0.00056121			2228.4	99.6		
1915	1.3314			1915	0.00057175			2229.4	99.7		
1915.5	1.3325			1915.5	0.00058829			2230.4	99.7		
1915.9	1.3326			1915.9	0.0035342			2231.3	99.7		
1916.4	1.3317			1916.4	0.0035234			2232.3	99.7		
1916.9	1.3312			1916.9	0.0035161			2233.2	99.7		
1917.4	1.3308			1917.4	0.0035101			2234.2	99.7		
1917.9	1.3305			1917.9	0.0035041			2235.2	99.7		
1918.3	1.33			1918.3	0.0034971			2236.1	99.7		
1918.8	1.3291			1918.8	0.0034854			2237.1	99.7		
1919.3	1.3292			1919.3	0.00053819			2238.1	99.7		
1919.8	1.3302			1919.8	0.000552			2239	99.7		
1920.3	1.3307			1920.3	0.00056268			2240	99.7		
1920.8	1.3312			1920.8	0.00056832			2241	99.7		
1921.2	1.3315			1921.2	0.00057261			2241.9	99.7		
1921.7	1.3319			1921.7	0.00057922			2242.9	99.8		
1922.2	1.3323			1922.2	0.0005851			2243.9	99.8		
1922.7	1.3327			1922.7	0.00059485			2244.8	99.8		
1923.2	1.3335			1923.2	0.000605			2245.8	99.8		
1923.7	1.333			1923.7	0.003531			2246.7	99.8		
1924.1	1.3328			1924.1	0.00059475			2247.7	99.8		
1924.6	1.3327			1924.6	0.0035261			2248.7	99.8		
1925.1	1.3323			1925.1	0.00058623			2249.6	99.8		
1925.6	1.3337			1925.6	0.0006077			2250.6	99.8		
1926.1	1.3333			1926.1	0.0035321			2251.6	99.8		
1926.5	1.3332			1926.5	0.00060109			2252.5	99.8		
1927	1.3332			1927	0.0035283			2253.5	99.8		
1927.5	1.3328			1927.5	0.00059572			2254.5	99.8		
1928	1.3339			1928	0.00061247			2255.4	99.8		
1928.5	1.3351			1928.5	0.00062989			2256.4	99.8		
1929	1.3352			1929	0.0035531			2257.4	99.8		
1929.4	1.3343			1929.4	0.0035406			2258.3	99.8		
1929.9	1.3338			1929.9	0.0035322			2259.3	99.8		
1930.4	1.3333			1930.4	0.0035261			2260.3	99.8		
1930.9	1.3324			1930.9	0.0035137			2261.2	99.8		
1931.4	1.3325			1931.4	0.00059116			2262.2	99.8		
1931.8	1.3335			1931.8	0.00060685			2263.1	99.8		
1932.3	1.3342			1932.3	0.00061681			2264.1	99.8		
1932.8	1.3347			1932.8	0.00062404			2265.1	99.8		
1933.3	1.3352			1933.3	0.00063435			2266	99.8		
1933.8	1.3359			1933.8	0.00064365			2267	99.8		
1934.3	1.337			1934.3	0.00065865			2268	99.8		
1934.7	1.3371			1934.7	0.003572			2268.9	99.8		
1935.2	1.3363			1935.2	0.003561			2269.9	99.8		
1935.7	1.3359			1935.7	0.003555			2270.9	99.8		
1936.2	1.3357			1936.2	0.0035508			2271.8	99.8		
1936.7	1.3356			1936.7	0.0035472			2272.8	99.8		
1937.2	1.3354			1937.2	0.0035452			2273.8	99.8		
1937.6	1.3353			1937.6	0.0035431			2274.7	99.8		
1938.1	1.3351			1938.1	0.0035395			2275.7	99.8		
1938.6	1.3348			1938.6	0.0035354			2276.6	99.8		
1939.1	1.3341			1939.1	0.0035263			2277.6	99.8		
1939.6	1.3343			1939.6	0.00062235			2278.6	99.8		
1940	1.3356			1940	0.00064256			2279.5	99.8		
1940.5	1.3369			1940.5	0.00066051			2280.5	99.8		
1941	1.337			1941	0.0035607			2281.5	99.8		
1941.5	1.3357			1941.5	0.0035428			2282.4	99.8		
1942	1.3358			1942	0.00064471			2283.4	99.8		
1942.5	1.3374			1942.5	0.0006696			2284.4	99.8		
1942.9	1.3377			1942.9	0.0035676			2285.3	99.8		
1943.4	1.3367			1943.4	0.003553			2286.3	99.8		
1943.9	1.3357			1943.9	0.003541			2287.3	99.8		
1944.4	1.3358			1944.4	0.0006458			2288.2	99.8		
1944.9	1.3369			1944.9	0.00066175			2289.2	99.8		
1945.4	1.3376			1945.4	0.00067296			2290.2	99.8		
1945.8	1.3384			1945.8	0.00068417			2291.1	99.9		
1946.3	1.3395			1946.3	0.00069916			2292.1	99.8		
1946.8	1.3396			1946.8	0.0035864			2293	99.8		
1947.3	1.3387			1947.3	0.0035759			2294	99.9		
1947.8	1.3381			1947.8	0.0035683			2295	99.9		
1948.2	1.3373			1948.2	0.0035568			2295.9	99.9		
1948.7	1.3375			1948.7	0.00066989			2296.9	99.9		
1949.2	1.3387			1949.2	0.00068899			2297.9	99.8		
1949.7	1.3396			1949.7	0.0007018			2298.8	99.9		
1950.2	1.3409			1950.2	0.00072001			2299.8	99.8		
1950.7	1.3411			1950.7	0.0036			2300.8	99.9		
1951.1	1.3404			1951.1	0.0035903			2301.7	99.8		
1951.6	1.3401			1951.6	0.0035872			2302.7	99.9		
1952.1	1.3399			1952.1	0.0035857			2303.7	99.9		
1952.6	1.3397			1952.6	0.0035823			2304.6	99.8		
1953.1	1.3393			1953.1	0.0035743			2305.6	99.9		
1953.5	1.3402			1953.5	0.00071179			2306.5	99.9		
1954	1.3412			1954	0.0035977			2307.5	99.9		
1954.5	1.3407			1954.5	0.0035903			2308.5	99.8		
1955	1.3406			1955	0.0035878			2309.4	99.9		
1955.5	1.3405			1955.5	0.0035859			2310.4	99.9		
1956	1.3404			1956	0.0035845			2311.4	99.9		
1956.4	1.34			1956.4	0.0035807			2312.3	99.9		
1956.9	1.341			1956.9	0.0007233			2313.3	99.9		
1957.4	1.3419			1957.4	0.0036015			2314.3	99.9		
1957.9	1.3415			1957.9	0.0035974			2315.2	99.9		
1958.4	1.3414			1958.4	0.0035954			2316.2	99.9		
1958.9	1.3412			1958.9	0.0035916			2317.2	99.9		
1959.3	1.3408			1959.3	0.003587			2318.1	99.9		
1959.8	1.3418			1959.8	0.00073659			2319.1	99.9		
1960.3	1.3428			1960.3	0.0036068			2320.1	99.9		
1960.8	1.3423			1960.8	0.0036026			2321	99.9		
1961.3	1.3422			1961.3	0.0035995			2322	99.9		
1961.7	1.3417			1961.7	0.0035954			2322.9	99.9		
1962.2	1.3427			1962.2	0.00074946			2323.9	99.9		
1962.7	1.3437			1962.7	0.0036157			2324.9	99.9		
1963.2	1.3434			1963.2	0.0036131			2325.8	99.9		
1963.7	1.3433			1963.7	0.0036096			2326.8	99.9		
1964.2	1.3433			1964.2	0.0036101			2327.8	99.9		
1964.6	1.3434			1964.6	0.0036108			2328.7	99.9		
1965.1	1.3434			1965.1	0.0036108			2329.7	99.9		
1965.6	1.3435			1965.6	0.0036104			2330.7	99.9		
1966.1	1.3435			1966.1	0.0036101			2331.6	99.9		
1966.6	1.3435			1966.6	0.0036089			2332.6	99.9		
1967.1	1.3433			1967.1	0.0036078			2333.6	99.9		
1967.5	1.3428			1967.5	0.0036007			2334.5	99.9		
1968	1.3432			1968	0.0007588			2335.5	99.9		
1968.5	1.3447			1968.5	0.00077816			2336.4	99.9		
1969	1.3461			1969	0.00079815			2337.4	99.9		
1969.5	1.3464			1969.5	0.0036396			2338.4	99.9		
1969.9	1.3455			1969.9	0.0036283			2339.3	99.9		
1970.4	1.3463			1970.4	0.00079956			2340.3	99.9		
1970.9	1.3472			1970.9	0.0036468			2341.3	99.9		
1971.4	1.3468			1971.4	0.0036405			2342.2	99.9		
1971.9	1.3467			1971.9	0.0036396			2343.2	99.9		
1972.4	1.3467			1972.4	0.0036383			2344.2	99.9		
1972.8	1.3467			1972.8	0.0036395			2345.1	99.9		
1973.3	1.3467			1973.3	0.0036367			2346.1	99.9		
1973.8	1.3466			1973.8	0.0036358			2347.1	99.9		
1974.3	1.3461			1974.3	0.0036312			2348	99.9		
1974.8	1.3467			1974.8	0.00080767			2349	99.9		
1975.3	1.3486			1975.3	0.00083222			2349.9	99.9		
1975.7	1.3491			1975.7	0.0036623			2350.9	99.9		
1976.2	1.3485			1976.2	0.003656			2351.9	99.9		
1976.7	1.348			1976.7	0.0036504			2352.8	99.9		
1977.2	1.3489			1977.2	0.00083689			2353.8	99.9		
1977.7	1.3498			1977.7	0.0036669			2354.8	99.9		
1978.1	1.3492			1978.1	0.003661			2355.7	99.9		
1978.6	1.3485			1978.6	0.0036528			2356.7	99.9		
1979.1	1.3489			1979.1	0.00083815			2357.7	99.9		
1979.6	1.3503			1979.6	0.00085505			2358.6	99.9		
1980.1	1.3518			1980.1	0.00087227			2359.6	99.9		
1980.6	1.352			1980.6	0.0036879			2360.6	99.9		
1981	1.3509			1981	0.0036754			2361.5	99.9		
1981.5	1.3512			1981.5	0.00086705			2362.5	99.9		
1982	1.3527			1982	0.00088463			2363.5	99.9		
1982.5	1.3542			1982.5	0.0009034			2364.4	99.9		
1983	1.3547			1983	0.0037109			2365.4	99.9		
1983.4	1.3542			1983.4	0.0037073			2366.3	99.9		
1983.9	1.3542			1983.9	0.0037067			2367.3	99.9		
1984.4	1.3544			1984.4	0.0037075			2368.3	99.9		
1984.9	1.3546			1984.9	0.0037087			2369.2	99.9		
1985.4	1.3549			1985.4	0.0037102			2370.2	99.9		
1985.9	1.3551			1985.9	0.0037117			2371.2	99.9		
1986.3	1.3555			1986.3	0.0037156			2372.1	99.9		
1986.8	1.3559			1986.8	0.003719			2373.1	99.9		
1987.3	1.3563			1987.3	0.0037214			2374.1	99.9		
1987.8	1.3568			1987.8	0.003726			2375	99.9		
1988.3	1.3574			1988.3	0.0037305			2376	99.9		
1988.8	1.3583			1988.8	0.0037389			2377	99.9		
1989.2	1.3582			1989.2	0.0065285			2377.9	99.9		
1989.7	1.3584			1989.7	0.0037392			2378.9	99.9		
1990.2	1.3591			1990.2	0.0065325			2379.8	99.9		
1990.7	1.3586			1990.7	0.0065278			2380.8	99.9		
1991.2	1.3585			1991.2	0.0065264			2381.8	99.9		
1991.6	1.3586			1991.6	0.0065253			2382.7	99.9		
1992.1	1.3586			1992.1	0.0065234			2383.7	99.9		
1992.6	1.3588			1992.6	0.0065238			2384.7	99.9		
1993.1	1.3589			1993.1	0.006525			2385.6	99.9		
1993.6	1.3591			1993.6	0.0065237			2386.6	99.9		
1994.1	1.3593			1994.1	0.0065246			2387.6	99.9		
1994.5	1.3595			1994.5	0.0065255			2388.5	99.9		
1995	1.3597			1995	0.0065257			2389.5	99.9		
1995.5	1.3599			1995.5	0.0065247			2390.5	99.9		
1996	1.3601			1996	0.0065256			2391.4	99.8		
1996.5	1.3603			1996.5	0.0065254			2392.4	99.9		
1997	1.3604			1997	0.0065251			2393.4	99.9		
1997.4	1.3606			1997.4	0.0065243			2394.3	99.9		
1997.9	1.3607			1997.9	0.0065237			2395.3	99.9		
1998.4	1.3606			1998.4	0.0065224			2396.2	99.9		
1998.9	1.3601			1998.9	0.0065188			2397.2	99.9		
1999.4	1.3605			1999.4	0.0037479			2398.2	99.9		
1999.8	1.3618			1999.8	0.00376			2399.1	99.9		
2000.3	1.3627			2000.3	0.0037659			2400.1	99.9		
2000.8	1.3634			2000.8	0.0037712			2401.1	99.9		
2001.3	1.364			2001.3	0.0037762			2402	99.9		
2001.8	1.3646			2001.8	0.0037798			2403	99.9		
2002.3	1.3652			2002.3	0.003785			2404	99.9		
2002.7	1.3657			2002.7	0.0037887			2404.9	99.9		
2003.2	1.3662			2003.2	0.003792			2405.9	99.9		
2003.7	1.3667			2003.7	0.0037968			2406.9	99.9		
2004.2	1.367			2004.2	0.003796			2407.8	99.9		
2004.7	1.367			2004.7	0.0037964			2408.8	99.9		
2005.1	1.3678			2005.1	0.0010575			2409.7	99.9		
2005.6	1.3697			2005.6	0.0010752			2410.7	99.9		
2006.1	1.3715			2006.1	0.0010914			2411.7	99.9		
2006.6	1.3722			2006.6	0.0038319			2412.6	99.9		
2007.1	1.3716			2007.1	0.0038277			2413.6	99.9		
2007.6	1.3723			2007.6	0.0010987			2414.6	99.9		
2008	1.3742			2008	0.0011156			2415.5	99.9		
2008.5	1.3761			2008.5	0.0011303			2416.5	99.9		
2009	1.3771			2009	0.0038601			2417.5	99.9		
2009.5	1.3772			2009.5	0.0038598			2418.4	99.9		
2010	1.3776			2010	0.0038618			2419.4	99.9		
2010.5	1.3783			2010.5	0.0038649			2420.4	99.9		
2010.9	1.3789			2010.9	0.0038686			2421.3	99.9		
2011.4	1.3797			2011.4	0.0038727			2422.3	99.9		
2011.9	1.3805			2011.9	0.0038752			2423.2	99.9		
2012.4	1.3813			2012.4	0.0038796			2424.2	99.9		
2012.9	1.3821			2012.9	0.0038825			2425.2	99.9		
2013.3	1.3829			2013.3	0.0038863			2426.1	99.9		
2013.8	1.3837			2013.8	0.0038899			2427.1	99.9		
2014.3	1.3844			2014.3	0.0038925			2428.1	99.9		
2014.8	1.3847			2014.8	0.0038931			2429	99.9		
2015.3	1.386			2015.3	0.0012014			2430	99.9		
2015.8	1.3882			2015.8	0.0012139			2431	99.9		
2016.2	1.3901			2016.2	0.0012244			2431.9	99.9		
2016.7	1.3923			2016.7	0.0012361			2432.9	99.9		
2017.2	1.3932			2017.2	0.0039221			2433.9	99.9		
2017.7	1.3941			2017.7	0.0012455			2434.8	99.9		
2018.2	1.3966			2018.2	0.0012558			2435.8	99.9		
2018.7	1.3992			2018.7	0.001266			2436.8	99.9		
2019.1	1.401			2019.1	0.003937			2437.7	99.9		
2019.6	1.402			2019.6	0.0039383			2438.7	99.9		
2020.1	1.4035			2020.1	0.003938			2439.6	99.9		
2020.6	1.4053			2020.6	0.0039403			2440.6	99.9		
2021.1	1.4073			2021.1	0.0039409			2441.6	99.9		
2021.5	1.4097			2021.5	0.0039406			2442.5	99.9		
2022	1.4127			2022	0.0039372			2443.5	99.9		
2022.5	1.4152			2022.5	0.0065735			2444.5	99.9		
2023	1.4175			2023	0.006566			2445.4	99.9		
2023.5	1.4195			2023.5	0.0091909			2446.4	99.9		
2024	1.4213			2024	0.0091793			2447.4	99.9		
2024.4	1.4244			2024.4	0.0091578			2448.3	99.9		
2024.9	1.4275			2024.9	0.011759			2449.3	99.9		
2025.4	1.4294			2025.4	0.01436			2450.3	99.9		
2025.9	1.4317			2025.9	0.01433			2451.2	99.9		
2026.4	1.4346			2026.4	0.016909			2452.2	99.9		
2026.8	1.4365			2026.8	0.019495			2453.1	99.9		
2027.3	1.4391			2027.3	0.019452			2454.1	99.9		
2027.8	1.4424			2027.8	0.022001			2455.1	99.9		
2028.3	1.4453			2028.3	0.024549			2456	99.9		
2028.8	1.4481			2028.8	0.02709			2457	99.9		
2029.3	1.4513			2029.3	0.029612			2458	99.9		
2029.7	1.4537			2029.7	0.034753			2458.9	99.9		
2030.2	1.4553			2030.2	0.037304			2459.9	99.9		
2030.7	1.4576			2030.7	0.039833			2460.9	99.9		
2031.2	1.4605			2031.2	0.04233			2461.8	99.9		
2031.7	1.463			2031.7	0.047445			2462.8	99.9		
2032.2	1.4653			2032.2	0.049951			2463.8	99.9		
2032.6	1.4676			2032.6	0.055063			2464.7	99.9		
2033.1	1.47			2033.1	0.057554			2465.7	99.9		
2033.6	1.4729			2033.6	0.062626			2466.7	99.9		
2034.1	1.4752			2034.1	0.067724			2467.6	99.9		
2034.6	1.4773			2034.6	0.07283			2468.6	99.9		
2035	1.4793			2035	0.077941			2469.5	99.9		
2035.5	1.4818			2035.5	0.083024			2470.5	99.9		
2036	1.4835			2036	0.090789			2471.5	99.9		
2036.5	1.4848			2036.5	0.095952			2472.4	99.9		
2037	1.4859			2037	0.10379			2473.4	99.9		
2037.5	1.4871			2037.5	0.10898			2474.4	99.9		
2037.9	1.4888			2037.9	0.1168			2475.3	99.9		
2038.4	1.4902			2038.4	0.12466			2476.3	99.9		
2038.9	1.4908			2038.9	0.13531			2477.3	99.9		
2039.4	1.4893			2039.4	0.14624			2478.2	99.9		
2039.9	1.4874			2039.9	0.15456			2479.2	99.9		
2040.4	1.4849			2040.4	0.16574			2480.2	99.9		
2040.8	1.4819			2040.8	0.17432			2481.1	99.9		
2041.3	1.4791			2041.3	0.18573			2482.1	99.9		
2041.8	1.4736			2041.8	0.20041			2483	99.9		
2042.3	1.4652			2042.3	0.21286			2484	99.9		
2042.8	1.4547			2042.8	0.22582			2485	99.9		
2043.2	1.4397			2043.2	0.23971			2485.9	99.9		
2043.7	1.4212			2043.7	0.24555			2486.9	99.9		
2044.2	1.4023			2044.2	0.24552			2487.9	99.9		
2044.7	1.3875			2044.7	0.23575			2488.8	99.9		
2045.2	1.3781			2045.2	0.22807			2489.8	99.9		
2045.7	1.372			2045.7	0.21987			2490.8	99.9		
2046.1	1.369			2046.1	0.21422			2491.7	99.9		
2046.6	1.3674			2046.6	0.21139			2492.7	99.9		
2047.1	1.3655			2047.1	0.21159			2493.7	99.9		
2047.6	1.3634			2047.6	0.21182			2494.6	99.9		
2048.1	1.3604			2048.1	0.21521			2495.6	99.9		
2048.6	1.3572			2048.6	0.21558			2496.6	99.9		
2049	1.353			2049	0.22219			2497.5	99.9		
2049.5	1.3459			2049.5	0.2262			2498.5	99.9		
2050	1.3373			2050	0.23046			2499.4	99.9		
2050.5	1.3268			2050.5	0.23195						
2051	1.3161			2051	0.23035						
2051.4	1.3065			2051.4	0.22541						
2051.9	1.2988			2051.9	0.22016						
2052.4	1.2925			2052.4	0.21467						
2052.9	1.2868			2052.9	0.20907						
2053.4	1.2831			2053.4	0.20321						
2053.9	1.2791			2053.9	0.2005						
2054.3	1.2754			2054.3	0.1946						
2054.8	1.2721			2054.8	0.19179						
2055.3	1.2693			2055.3	0.18576						
2055.8	1.2675			2055.8	0.18277						
2056.3	1.2653			2056.3	0.17982						
2056.7	1.263			2056.7	0.17687						
2057.2	1.2608			2057.2	0.17392						
2057.7	1.2587			2057.7	0.17094						
2058.2	1.2575			2058.2	0.16788						
2058.7	1.2554			2058.7	0.16805						
2059.2	1.2527			2059.2	0.16511						
2059.6	1.2497			2059.6	0.16536						
2060.1	1.2458			2060.1	0.16253						
2060.6	1.2424			2060.6	0.15964						
2061.1	1.2392			2061.1	0.15674						
2061.6	1.236			2061.6	0.15381						
2062.1	1.2327			2062.1	0.15088						
2062.5	1.2288			2062.5	0.14799						
2063	1.2259			2063	0.14184						
2063.5	1.2239			2063.5	0.13879						
2064	1.2207			2064	0.13582						
2064.5	1.2182			2064.5	0.12962						
2064.9	1.216			2064.9	0.12656						
2065.4	1.2141			2065.4	0.12032						
2065.9	1.2124			2065.9	0.11722						
2066.4	1.2107			2066.4	0.11097						
2066.9	1.2092			2066.9	0.10786						
2067.4	1.2074			2067.4	0.10161						
2067.8	1.2071			2067.8	0.095313						
2068.3	1.2065			2068.3	0.092175						
2068.8	1.2053			2068.8	0.085924						
2069.3	1.2052			2069.3	0.079657						
2069.8	1.2058			2069.8	0.073393						
2070.3	1.2075			2070.3	0.067139						
2070.7	1.2087			2070.7	0.064014						
2071.2	1.2096			2071.2	0.057825						
2071.7	1.2121			2071.7	0.051659						
2072.2	1.2144			2072.2	0.048586						
2072.7	1.2169			2072.7	0.042492						
2073.1	1.2198			2073.1	0.039463						
2073.6	1.2234			2073.6	0.033452						
2074.1	1.2266			2074.1	0.033471						
2074.6	1.2298			2074.6	0.027522						
2075.1	1.2333			2075.1	0.02756						
2075.6	1.2357			2075.6	0.024618						
2076	1.2387			2076	0.021702						
2076.5	1.2424			2076.5	0.018819						
2077	1.2456			2077	0.01887						
2077.5	1.2486			2077.5	0.015998						
2078	1.2515			2078	0.016049						
2078.4	1.2545			2078.4	0.0132						
2078.9	1.2578			2078.9	0.013263						
2079.4	1.2599			2079.4	0.013301						
2079.9	1.2626			2079.9	0.010476						
2080.4	1.266			2080.4	0.010542						
2080.9	1.2687			2080.9	0.010594						
2081.3	1.271			2081.3	0.010635						
2081.8	1.2729			2081.8	0.010671						
2082.3	1.2743			2082.3	0.010696						
2082.8	1.2766			2082.8	0.0078988						
2083.3	1.2796			2083.3	0.0079595						
2083.8	1.2821			2083.8	0.0080077						
2084.2	1.2845			2084.2	0.0080519						
2084.7	1.2868			2084.7	0.0080952						
2085.2	1.2891			2085.2	0.0081364						
2085.7	1.2916			2085.7	0.0081771						
2086.2	1.2944			2086.2	0.0082269						
2086.6	1.2965			2086.6	0.01105						
2087.1	1.2978			2087.1	0.011068						
2087.6	1.3002			2087.6	0.011099						
2088.1	1.3023			2088.1	0.013906						
2088.6	1.3026			2088.6	0.016688						
2089.1	1.3026			2089.1	0.016684						
2089.5	1.303			2089.5	0.016685						
2090	1.3053			2090	0.013927						
2090.5	1.3085			2090.5	0.016729						
2091	1.3107			2091	0.019509						
2091.5	1.3115			2091.5	0.025048						
2092	1.31			2092	0.0306						
2092.4	1.3038			2092.4	0.039006						
2092.9	1.2947			2092.9	0.036227						
2093.4	1.2902			2093.4	0.024938						
2093.9	1.2913			2093.9	0.016521						
2094.4	1.2951			2094.4	0.010987						
2094.8	1.2986			2094.8	0.011036						
2095.3	1.3013			2095.3	0.008308						
2095.8	1.3044			2095.8	0.0083545						
2096.3	1.3066			2096.3	0.008388						
2096.8	1.3085			2096.8	0.0084152						
2097.3	1.3102			2097.3	0.0084368						
2097.7	1.3116			2097.7	0.0084567						
2098.2	1.3128			2098.2	0.0084734						
2098.7	1.3135			2098.7	0.0084814						
2099.2	1.3151			2099.2	0.0057708						
2099.7	1.3175			2099.7	0.0058061						
2100.1	1.3194			2100.1	0.0058348						
2100.6	1.3211			2100.6	0.0058596						
2101.1	1.3227			2101.1	0.0058834						
2101.6	1.3243			2101.6	0.0059035						
2102.1	1.3259			2102.1	0.0059238						
2102.6	1.3274			2102.6	0.0059444						
2103	1.3289			2103	0.0059644						
2103.5	1.3305			2103.5	0.0059829						
2104	1.332			2104	0.0060007						
2104.5	1.3335			2104.5	0.0060194						
2105	1.335			2105	0.0060353						
2105.5	1.3365			2105.5	0.0060544						
2105.9	1.338			2105.9	0.0060705						
2106.4	1.3396			2106.4	0.0060868						
2106.9	1.3411			2106.9	0.0061045						
2107.4	1.3427			2107.4	0.0061191						
2107.9	1.3442			2107.9	0.006135						
2108.3	1.3458			2108.3	0.0061502						
2108.8	1.3474			2108.8	0.0061655						
2109.3	1.349			2109.3	0.0061805						
2109.8	1.3506			2109.8	0.0061936						
2110.3	1.3518			2110.3	0.0062058						
2110.8	1.3544			2110.8	0.003591						
2111.2	1.357			2111.2	0.0062467						
2111.7	1.3583			2111.7	0.006257						
2112.2	1.36			2112.2	0.006268						
2112.7	1.3617			2112.7	0.0062804						
2113.2	1.3633			2113.2	0.0062914						
2113.7	1.3646			2113.7	0.0062998						
2114.1	1.3668			2114.1	0.0037038						
2114.6	1.3699			2114.6	0.0037282						
2115.1	1.3727			2115.1	0.0037471						
2115.6	1.3753			2115.6	0.0037662						
2116.1	1.3781			2116.1	0.0037814						
2116.5	1.3808			2116.5	0.0037972						
2117	1.3836			2117	0.0038115						
2117.5	1.3865			2117.5	0.0038252						
2118	1.3895			2118	0.0038371						
2118.5	1.3926			2118.5	0.0038452						
2119	1.3959			2119	0.0038557						
2119.4	1.3992			2119.4	0.0038637						
2119.9	1.4027			2119.9	0.0038699						
2120.4	1.4063			2120.4	0.003873						
2120.9	1.4101			2120.9	0.0038731						
2121.4	1.4141			2121.4	0.0038706						
2121.9	1.4183			2121.9	0.0038654						
2122.3	1.4227			2122.3	0.0038547						
2122.8	1.4273			2122.8	0.0038415						
2123.3	1.4322			2123.3	0.0038229						
2123.8	1.4372			2123.8	0.003799						
2124.3	1.4423			2124.3	0.0037672						
2124.7	1.4486			2124.7	0.001273						
2125.2	1.4565			2125.2	0.0012205						
2125.7	1.4636			2125.7	0.0035897						
2126.2	1.4704			2126.2	0.0035136						
2126.7	1.478			2126.7	0.0034191						
2127.2	1.4861			2127.2	0.0033047						
2127.6	1.4962			2127.6	0.00077035						
2128.1	1.5072			2128.1	0.0029488						
2128.6	1.5182			2128.6	0.0027302						
2129.1	1.5308			2129.1	0.0024482						
2129.6	1.5455			2129.6	0.0020841						
2130	1.5616			2130	0.0039158						
2130.5	1.5789			2130.5	0.005615						
2131	1.5982			2131	0.0071312						
2131.5	1.6207			2131.5	0.0083835						
2132	1.6466			2132	0.011489						
2132.5	1.6776			2132.5	0.014042						
2132.9	1.7143			2132.9	0.022268						
2133.4	1.757			2133.4	0.033597						
2133.9	1.8066			2133.9	0.05384						
2134.4	1.8629			2134.4	0.084592						
2134.9	1.9244			2134.9	0.13437						
2135.4	1.982			2135.4	0.21286						
2135.8	2.0266			2135.8	0.31087						
2136.3	2.0596			2136.3	0.41552						
2136.8	2.0875			2136.8	0.52929						
2137.3	2.1149			2137.3	0.66742						
2137.8	2.1179			2137.8	0.87482						
2138.2	2.0439			2138.2	1.1663						
2138.7	1.8369			2138.7	1.4709						
2139.2	1.523			2139.2	1.6223						
2139.7	1.2016			2139.7	1.5861						
2140.2	0.94628			2140.2	1.4351						
2140.7	0.77064			2140.7	1.255						
2141.1	0.65451			2141.1	1.0861						
2141.6	0.575			2141.6	0.93075						
2142.1	0.51572			2142.1	0.79257						
2142.6	0.46463			2142.6	0.65439						
2143.1	0.44275			2143.1	0.46733						
2143.6	0.48318			2143.6	0.27091						
2144	0.57269			2144	0.14308						
2144.5	0.66554			2144.5	0.090977						
2145	0.74			2145	0.065445						
2145.5	0.79868			2145.5	0.052952						
2146	0.84534			2146	0.045901						
2146.4	0.88248			2146.4	0.043193						
2146.9	0.91235			2146.9	0.040391						
2147.4	0.93743			2147.4	0.037547						
2147.9	0.95924			2147.9	0.034692						
2148.4	0.97907			2148.4	0.031862						
2148.9	0.99587			2148.9	0.03254						
2149.3	1.0105			2149.3	0.029604						
2149.8	1.0236			2149.8	0.030119						
2150.3	1.0354			2150.3	0.027153						
2150.8	1.0462			2150.8	0.027573						
2151.3	1.0562			2151.3	0.024609						
2151.7	1.0658			2151.7	0.024983						
2152.2	1.0734			2152.2	0.025265						
2152.7	1.0809			2152.7	0.022281						
2153.2	1.0885			2153.2	0.022571						
2153.7	1.0944			2153.7	0.022784						
2154.2	1.1004			2154.2	0.019807						
2154.6	1.1068			2154.6	0.020043						
2155.1	1.1115			2155.1	0.020217						
2155.6	1.1166			2155.6	0.017258						
2156.1	1.1221			2156.1	0.017463						
2156.6	1.1262			2156.6	0.017611						
2157.1	1.1307			2157.1	0.014678						
2157.5	1.1358			2157.5	0.014871						
2158	1.1399			2158	0.015022						
2158.5	1.1431			2158.5	0.015136						
2159	1.147			2159	0.012228						
2159.5	1.1515			2159.5	0.012398						
2159.9	1.1554			2159.9	0.01254						
2160.4	1.1588			2160.4	0.012666						
2160.9	1.1621			2160.9	0.01278						
2161.4	1.1651			2161.4	0.012885						
2161.9	1.1679			2161.9	0.012982						
2162.4	1.1706			2162.4	0.013072						
2162.8	1.1732			2162.8	0.013156						
2163.3	1.1756			2163.3	0.013235						
2163.8	1.1779			2163.8	0.013308						
2164.3	1.1801			2164.3	0.013378						
2164.8	1.1823			2164.8	0.013442						
2165.3	1.1843			2165.3	0.013504						
2165.7	1.1862			2165.7	0.013563						
2166.2	1.1881			2166.2	0.013618						
2166.7	1.1899			2166.7	0.01367						
2167.2	1.1916			2167.2	0.013719						
2167.7	1.1932			2167.7	0.013766						
2168.1	1.1948			2168.1	0.01381						
2168.6	1.1963			2168.6	0.013853						
2169.1	1.1978			2169.1	0.013892						
2169.6	1.1992			2169.6	0.013931						
2170.1	1.2006			2170.1	0.013967						
2170.6	1.2019			2170.6	0.014003						
2171	1.2032			2171	0.014034						
2171.5	1.2044			2171.5	0.014067						
2172	1.2056			2172	0.014095						
2172.5	1.2067			2172.5	0.014124						
2173	1.2078			2173	0.01415						
2173.5	1.2088			2173.5	0.014175						
2173.9	1.2098			2173.9	0.014198						
2174.4	1.2106			2174.4	0.014216						
2174.9	1.211			2174.9	0.014222						
2175.4	1.2124			2175.4	0.011397						
2175.9	1.2152			2175.9	0.011475						
2176.3	1.2165			2176.3	0.014362						
2176.8	1.2168			2176.8	0.014365						
2177.3	1.2174			2177.3	0.014378						
2177.8	1.2181			2177.8	0.014391						
2178.3	1.2188			2178.3	0.014407						
2178.8	1.2195			2178.8	0.01442						
2179.2	1.2202			2179.2	0.014434						
2179.7	1.2208			2179.7	0.014446						
2180.2	1.221			2180.2	0.014447						
2180.7	1.2227			2180.7	0.011655						
2181.2	1.2243			2181.2	0.014522						
2181.6	1.2245			2181.6	0.014525						
2182.1	1.225			2182.1	0.014532						
2182.6	1.2255			2182.6	0.014542						
2183.1	1.2261			2183.1	0.014554						
2183.6	1.2267			2183.6	0.014564						
2184.1	1.2273			2184.1	0.014574						
2184.5	1.2278			2184.5	0.014584						
2185	1.2284			2185	0.014595						
2185.5	1.2289			2185.5	0.014604						
2186	1.2295			2186	0.014611						
2186.5	1.23			2186.5	0.014622						
2187	1.2305			2187	0.014631						
2187.4	1.231			2187.4	0.014639						
2187.9	1.2315			2187.9	0.014645						
2188.4	1.232			2188.4	0.014653						
2188.9	1.2325			2188.9	0.014661						
2189.4	1.2329			2189.4	0.014668						
2189.8	1.2334			2189.8	0.014674						
2190.3	1.2338			2190.3	0.014681						
2190.8	1.2342			2190.8	0.014689						
2191.3	1.2346			2191.3	0.014694						
2191.8	1.2351			2191.8	0.014698						
2192.3	1.2355			2192.3	0.014703						
2192.7	1.2358			2192.7	0.014709						
2193.2	1.2362			2193.2	0.014715						
2193.7	1.2366			2193.7	0.01472						
2194.2	1.2369			2194.2	0.014723						
2194.7	1.2373			2194.7	0.014728						
2195.2	1.2376			2195.2	0.014731						
2195.6	1.238			2195.6	0.014737						
2196.1	1.2383			2196.1	0.014738						
2196.6	1.2386			2196.6	0.014742						
2197.1	1.2389			2197.1	0.014745						
2197.6	1.2392			2197.6	0.014748						
2198	1.2395			2198	0.014751						
2198.5	1.2398			2198.5	0.014754						
2199	1.2401			2199	0.014756						
2199.5	1.2403			2199.5	0.014758						
2200	1.2406			2200	0.014762						
2200.5	1.2408			2200.5	0.014762						
2200.9	1.2411			2200.9	0.014763						
2201.4	1.2413			2201.4	0.014764						
2201.9	1.2415			2201.9	0.014765						
2202.4	1.2417			2202.4	0.014766						
2202.9	1.2419			2202.9	0.014766						
2203.3	1.2421			2203.3	0.014765						
2203.8	1.2422			2203.8	0.014764						
2204.3	1.2423			2204.3	0.014764						
2204.8	1.2424			2204.8	0.014762						
2205.3	1.2425			2205.3	0.01476						
2205.8	1.2425			2205.8	0.014757						
2206.2	1.2424			2206.2	0.014749						
2206.7	1.2419			2206.7	0.014733						
2207.2	1.2426			2207.2	0.011993						
2207.7	1.2428			2207.7	0.014747						
2208.2	1.2427			2208.2	0.011989						
2208.7	1.2437			2208.7	0.012011						
2209.1	1.2444			2209.1	0.012024						
2209.6	1.2453			2209.6	0.012042						
2210.1	1.2448			2210.1	0.01477						
2210.6	1.2442			2210.6	0.01201						
2211.1	1.245			2211.1	0.012025						
2211.5	1.2454			2211.5	0.012032						
2212	1.2457			2212	0.012038						
2212.5	1.246			2212.5	0.012042						
2213	1.2463			2213	0.012046						
2213.5	1.2465			2213.5	0.012048						
2214	1.2467			2214	0.01205						
2214.4	1.2469			2214.4	0.01205						
2214.9	1.2471			2214.9	0.012052						
2215.4	1.2473			2215.4	0.012052						
2215.9	1.2474			2215.9	0.012054						
2216.4	1.2476			2216.4	0.012053						
2216.9	1.2477			2216.9	0.012054						
2217.3	1.2478			2217.3	0.012051						
2217.8	1.2479			2217.8	0.012051						
2218.3	1.2479			2218.3	0.012048						
2218.8	1.2479			2218.8	0.012047						
2219.3	1.2479			2219.3	0.012042						
2219.7	1.2478			2219.7	0.012036						
2220.2	1.2475			2220.2	0.012026						
2220.7	1.2469			2220.7	0.012005						
2221.2	1.247			2221.2	0.0092844						
2221.7	1.2481			2221.7	0.009309						
2222.2	1.2486			2222.2	0.0093211						
2222.6	1.2491			2222.6	0.0093304						
2223.1	1.2494			2223.1	0.0093369						
2223.6	1.2497			2223.6	0.0093404						
2224.1	1.2499			2224.1	0.0093457						
2224.6	1.2502			2224.6	0.0093476						
2225	1.2504			2225	0.0093513						
2225.5	1.2505			2225.5	0.0093523						
2226	1.2507			2226	0.0093531						
2226.5	1.2508			2226.5	0.0093527						
2227	1.2508			2227	0.0093528						
2227.5	1.2508			2227.5	0.0093496						
2227.9	1.2508			2227.9	0.0093449						
2228.4	1.2506			2228.4	0.0093374						
2228.9	1.2499			2228.9	0.0093177						
2229.4	1.2501			2229.4	0.006619						
2229.9	1.2512			2229.9	0.0066473						
2230.4	1.2518			2230.4	0.0066626						
2230.8	1.2523			2230.8	0.0066738						
2231.3	1.2527			2231.3	0.0066828						
2231.8	1.253			2231.8	0.0066899						
2232.3	1.2533			2232.3	0.0066973						
2232.8	1.2536			2232.8	0.0067024						
2233.2	1.2539			2233.2	0.006707						
2233.7	1.2541			2233.7	0.0067137						
2234.2	1.2543			2234.2	0.0067163						
2234.7	1.2546			2234.7	0.0067204						
2235.2	1.2548			2235.2	0.0067232						
2235.7	1.255			2235.7	0.0067273						
2236.1	1.2551			2236.1	0.0067303						
2236.6	1.2553			2236.6	0.0067319						
2237.1	1.2555			2237.1	0.0067359						
2237.6	1.2556			2237.6	0.0067365						
2238.1	1.2557			2238.1	0.0067391						
2238.6	1.2559			2238.6	0.0067406						
2239	1.256			2239	0.0067411						
2239.5	1.256			2239.5	0.0067417						
2240	1.2561			2240	0.0067405						
2240.5	1.2561			2240.5	0.0067394						
2241	1.2561			2241	0.0067361						
2241.4	1.2559			2241.4	0.006729						
2241.9	1.2553			2241.9	0.0067117						
2242.4	1.2557			2242.4	0.0040505						
2242.9	1.2573			2242.9	0.0040931						
2243.4	1.2571			2243.4	0.0067551						
2243.9	1.2572			2243.9	0.0040875						
2244.3	1.2571			2244.3	0.0067504						
2244.8	1.2568			2244.8	0.0040723						
2245.3	1.2576			2245.3	0.0040969						
2245.8	1.2581			2245.8	0.0041087						
2246.3	1.2584			2246.3	0.0041181						
2246.7	1.2587			2246.7	0.0041243						
2247.2	1.259			2247.2	0.0041311						
2247.7	1.2593			2247.7	0.0041381						
2248.2	1.2595			2248.2	0.0041434						
2248.7	1.2598			2248.7	0.004149						
2249.2	1.26			2249.2	0.0041535						
2249.6	1.2602			2249.6	0.0041597						
2250.1	1.2604			2250.1	0.0041637						
2250.6	1.2606			2250.6	0.0041686						
2251.1	1.2608			2251.1	0.0041722						
2251.6	1.261			2251.6	0.004176						
2252.1	1.2612			2252.1	0.0041801						
2252.5	1.2614			2252.5	0.004183						
2253	1.2615			2253	0.004187						
2253.5	1.2617			2253.5	0.0041904						
2254	1.2619			2254	0.0041946						
2254.5	1.262			2254.5	0.0041978						
2254.9	1.2622			2254.9	0.0042016						
2255.4	1.2624			2255.4	0.0042041						
2255.9	1.2625			2255.9	0.0042067						
2256.4	1.2627			2256.4	0.0042101						
2256.9	1.2628			2256.9	0.0042132						
2257.4	1.263			2257.4	0.0042169						
2257.8	1.2631			2257.8	0.0042196						
2258.3	1.2633			2258.3	0.0042215						
2258.8	1.2634			2258.8	0.0042246						
2259.3	1.2635			2259.3	0.0042266						
2259.8	1.2637			2259.8	0.0042301						
2260.3	1.2638			2260.3	0.0042303						
2260.7	1.2639			2260.7	0.0042338						
2261.2	1.2641			2261.2	0.0042366						
2261.7	1.2642			2261.7	0.0042392						
2262.2	1.2643			2262.2	0.004241						
2262.7	1.2645			2262.7	0.0042434						
2263.1	1.2646			2263.1	0.0042447						
2263.6	1.2647			2263.6	0.0042475						
2264.1	1.2648			2264.1	0.0042479						
2264.6	1.265			2264.6	0.0042524						
2265.1	1.2651			2265.1	0.0042538						
2265.6	1.2652			2265.6	0.0042555						
2266	1.2653			2266	0.0042583						
2266.5	1.2654			2266.5	0.0042589						
2267	1.2655			2267	0.00426						
2267.5	1.2656			2267.5	0.0042613						
2268	1.2657			2268	0.0042644						
2268.5	1.2659			2268.5	0.0042655						
2268.9	1.266			2268.9	0.0042677						
2269.4	1.2661			2269.4	0.0042694						
2269.9	1.2662			2269.9	0.0042705						
2270.4	1.2663			2270.4	0.0042713						
2270.9	1.2664			2270.9	0.0042736						
2271.3	1.2665			2271.3	0.0042752						
2271.8	1.2666			2271.8	0.0042776						
2272.3	1.2667			2272.3	0.0042779						
2272.8	1.2668			2272.8	0.0042807						
2273.3	1.2668			2273.3	0.0042815						
2273.8	1.2669			2273.8	0.0042826						
2274.2	1.267			2274.2	0.0042832						
2274.7	1.2671			2274.7	0.0042847						
2275.2	1.2672			2275.2	0.0042842						
2275.7	1.2673			2275.7	0.0042873						
2276.2	1.2674			2276.2	0.004287						
2276.6	1.2675			2276.6	0.0042883						
2277.1	1.2675			2277.1	0.0042897						
2277.6	1.2676			2277.6	0.0042898						
2278.1	1.2677			2278.1	0.0042903						
2278.6	1.2678			2278.6	0.0042916						
2279.1	1.2679			2279.1	0.0042907						
2279.5	1.2679			2279.5	0.0042935						
2280	1.268			2280	0.0042931						
2280.5	1.2681			2280.5	0.0042946						
2281	1.2681			2281	0.0042956						
2281.5	1.2682			2281.5	0.0042944						
2282	1.2683			2282	0.004297						
2282.4	1.2683			2282.4	0.0042959						
2282.9	1.2684			2282.9	0.0042986						
2283.4	1.2685			2283.4	0.0042981						
2283.9	1.2685			2283.9	0.0042982						
2284.4	1.2686			2284.4	0.0042985						
2284.8	1.2686			2284.8	0.0042998						
2285.3	1.2687			2285.3	0.0042979						
2285.8	1.2687			2285.8	0.0042977						
2286.3	1.2688			2286.3	0.0042973						
2286.8	1.2688			2286.8	0.0042984						
2287.3	1.2688			2287.3	0.0042972						
2287.7	1.2688			2287.7	0.0042969						
2288.2	1.2688			2288.2	0.0042954						
2288.7	1.2688			2288.7	0.0042945						
2289.2	1.2688			2289.2	0.0042926						
2289.7	1.2688			2289.7	0.0042896						
2290.2	1.2686			2290.2	0.0042852						
2290.6	1.2682			2290.6	0.0042727						
2291.1	1.269			2291.1	0.0017098						
2291.6	1.2698			2291.6	0.0043122						
2292.1	1.2693			2292.1	0.0042992						
2292.6	1.269			2292.6	0.0042895						
2293	1.2687			2293	0.0042785						
2293.5	1.268			2293.5	0.0042573						
2294	1.2682			2294	0.0016809						
2294.5	1.2693			2294.5	0.001711						
2295	1.2702			2295	0.0017396						
2295.5	1.2698			2295.5	0.0043027						
2295.9	1.2694			2295.9	0.0017146						
2296.4	1.2703			2296.4	0.001741						
2296.9	1.2713			2296.9	0.0017674						
2297.4	1.2712			2297.4	0.0043338						
2297.9	1.2698			2297.9	0.0042967						
2298.4	1.2698			2298.4	0.0017224						
2298.8	1.2708			2298.8	0.0017499						
2299.3	1.2718			2299.3	0.0017784						
2299.8	1.2717			2299.8	0.0043426						
2300.3	1.2705			2300.3	0.0043106						
2300.8	1.2709			2300.8	0.0017498						
2301.2	1.2712			2301.2	0.0043257						
2301.7	1.2699			2301.7	0.0042892						
2302.2	1.2698			2302.2	0.0017178						
2302.7	1.2707			2302.7	0.0017413						
2303.2	1.2711			2303.2	0.001755						
2303.7	1.2716			2303.7	0.0017657						
2304.1	1.2722			2304.1	0.0017847						
2304.6	1.2717			2304.6	0.0043296						
2305.1	1.2712			2305.1	0.0017533						
2305.6	1.2722			2305.6	0.0017814						
2306.1	1.2716			2306.1	0.0043258						
2306.5	1.2711			2306.5	0.0017474						
2307	1.2717			2307	0.001767						
2307.5	1.2721			2307.5	0.0017772						
2308	1.2727			2308	0.0017924						
2308.5	1.2721			2308.5	0.00433						
2309	1.2714			2309	0.0017549						
2309.4	1.272			2309.4	0.0017702						
2309.9	1.2722			2309.9	0.0017765						
2310.4	1.2724			2310.4	0.0017805						
2310.9	1.2726			2310.9	0.0017852						
2311.4	1.2727			2311.4	0.0017878						
2311.9	1.2728			2311.9	0.0017907						
2312.3	1.2729			2312.3	0.0017942						
2312.8	1.2731			2312.8	0.0017949						
2313.3	1.2732			2313.3	0.0017985						
2313.8	1.2733			2313.8	0.0018005						
2314.3	1.2734			2314.3	0.0018035						
2314.7	1.2734			2314.7	0.0018041						
2315.2	1.2735			2315.2	0.0018066						
2315.7	1.2736			2315.7	0.0018078						
2316.2	1.2737			2316.2	0.0018113						
2316.7	1.2738			2316.7	0.0018132						
2317.2	1.2739			2317.2	0.0018143						
2317.6	1.274			2317.6	0.0018156						
2318.1	1.2741			2318.1	0.0018174						
2318.6	1.2741			2318.6	0.0018185						
2319.1	1.2742			2319.1	0.0018209						
2319.6	1.2743			2319.6	0.0018213						
2320.1	1.2744			2320.1	0.0018237						
2320.5	1.2744			2320.5	0.0018251						
2321	1.2745			2321	0.0018271						
2321.5	1.2746			2321.5	0.001828						
2322	1.2747			2322	0.0018303						
2322.5	1.2747			2322.5	0.0018307						
2322.9	1.2748			2322.9	0.0018321						
2323.4	1.2749			2323.4	0.001834						
2323.9	1.275			2323.9	0.0018351						
2324.4	1.275			2324.4	0.0018357						
2324.9	1.2751			2324.9	0.001837						
2325.4	1.2752			2325.4	0.0018394						
2325.8	1.2752			2325.8	0.0018396						
2326.3	1.2753			2326.3	0.0018403						
2326.8	1.2754			2326.8	0.0018414						
2327.3	1.2754			2327.3	0.0018437						
2327.8	1.2755			2327.8	0.0018463						
2328.2	1.2756			2328.2	0.0018461						
2328.7	1.2756			2328.7	0.0018472						
2329.2	1.2757			2329.2	0.0018487						
2329.7	1.2758			2329.7	0.0018501						
2330.2	1.2758			2330.2	0.0018518						
2330.7	1.2759			2330.7	0.0018515						
2331.1	1.276			2331.1	0.0018536						
2331.6	1.276			2331.6	0.0018541						
2332.1	1.2761			2332.1	0.0018561						
2332.6	1.2761			2332.6	0.001856						
2333.1	1.2762			2333.1	0.001857						
2333.6	1.2763			2333.6	0.0018592						
2334	1.2763			2334	0.0018597						
2334.5	1.2764			2334.5	0.0018613						
2335	1.2764			2335	0.0018615						
2335.5	1.2765			2335.5	0.0018631						
2336	1.2766			2336	0.0018642						
2336.4	1.2766			2336.4	0.0018658						
2336.9	1.2767			2336.9	0.0018658						
2337.4	1.2767			2337.4	0.0018664						
2337.9	1.2768			2337.9	0.0018671						
2338.4	1.2768			2338.4	0.0018691						
2338.9	1.2769			2338.9	0.0018699						
2339.3	1.2769			2339.3	0.0018712						
2339.8	1.277			2339.8	0.0018721						
2340.3	1.2771			2340.3	0.0018716						
2340.8	1.2771			2340.8	0.0018736						
2341.3	1.2772			2341.3	0.0018743						
2341.8	1.2772			2341.8	0.0018758						
2342.2	1.2773			2342.2	0.0018756						
2342.7	1.2773			2342.7	0.0018768						
2343.2	1.2774			2343.2	0.0018775						
2343.7	1.2774			2343.7	0.0018793						
2344.2	1.2775			2344.2	0.0018798						
2344.6	1.2775			2344.6	0.0018805						
2345.1	1.2776			2345.1	0.0018815						
2345.6	1.2776			2345.6	0.0018828						
2346.1	1.2777			2346.1	0.0018827						
2346.6	1.2777			2346.6	0.0018836						
2347.1	1.2778			2347.1	0.0018838						
2347.5	1.2778			2347.5	0.001884						
2348	1.2779			2348	0.0018863						
2348.5	1.2779			2348.5	0.0018871						
2349	1.278			2349	0.0018869						
2349.5	1.278			2349.5	0.001888						
2349.9	1.2781			2349.9	0.0018896						
2350.4	1.2781			2350.4	0.0018893						
2350.9	1.2782			2350.9	0.0018895						
2351.4	1.2782			2351.4	0.0018903						
2351.9	1.2783			2351.9	0.0018915						
2352.4	1.2783			2352.4	0.0018912						
2352.8	1.2784			2352.8	0.0018912						
2353.3	1.2784			2353.3	0.0018934						
2353.8	1.2784			2353.8	0.0018943						
2354.3	1.2785			2354.3	0.0018949						
2354.8	1.2785			2354.8	0.0018953						
2355.3	1.2786			2355.3	0.0018953						
2355.7	1.2786			2355.7	0.0018974						
2356.2	1.2787			2356.2	0.0018964						
2356.7	1.2787			2356.7	0.0018971						
2357.2	1.2788			2357.2	0.0018977						
2357.7	1.2788			2357.7	0.0018992						
2358.1	1.2788			2358.1	0.0018998						
2358.6	1.2789			2358.6	0.0019007						
2359.1	1.2789			2359.1	0.0019015						
2359.6	1.279			2359.6	0.001901						
2360.1	1.279			2360.1	0.001903						
2360.6	1.2791			2360.6	0.0019022						
2361	1.2791			2361	0.0019028						
2361.5	1.2792			2361.5	0.0019033						
2362	1.2792			2362	0.001904						
2362.5	1.2792			2362.5	0.0019052						
2363	1.2793			2363	0.0019055						
2363.5	1.2793			2363.5	0.0019053						
2363.9	1.2794			2363.9	0.0019065						
2364.4	1.2794			2364.4	0.0019078						
2364.9	1.2794			2364.9	0.0019071						
2365.4	1.2795			2365.4	0.0019077						
2365.9	1.2795			2365.9	0.0019082						
2366.3	1.2796			2366.3	0.0019096						
2366.8	1.2796			2366.8	0.0019089						
2367.3	1.2796			2367.3	0.0019096						
2367.8	1.2797			2367.8	0.0019114						
2368.3	1.2797			2368.3	0.0019099						
2368.8	1.2798			2368.8	0.0019119						
2369.2	1.2798			2369.2	0.0019124						
2369.7	1.2798			2369.7	0.0019112						
2370.2	1.2799			2370.2	0.001913						
2370.7	1.2799			2370.7	0.0019138						
2371.2	1.28			2371.2	0.0019131						
2371.6	1.28			2371.6	0.0019146						
2372.1	1.28			2372.1	0.0019152						
2372.6	1.2801			2372.6	0.0019153						
2373.1	1.2801			2373.1	0.0019153						
2373.6	1.2801			2373.6	0.0019152						
2374.1	1.2802			2374.1	0.0019148						
2374.5	1.2802			2374.5	0.0019166						
2375	1.2803			2375	0.0019175						
2375.5	1.2803			2375.5	0.0019177						
2376	1.2803			2376	0.0019176						
2376.5	1.2804			2376.5	0.0019192						
2377	1.2804			2377	0.0019193						
2377.4	1.2804			2377.4	0.0019197						
2377.9	1.2805			2377.9	0.0019202						
2378.4	1.2805			2378.4	0.0019207						
2378.9	1.2805			2378.9	0.0019206						
2379.4	1.2806			2379.4	0.0019206						
2379.8	1.2806			2379.8	0.001921						
2380.3	1.2807			2380.3	0.0019219						
2380.8	1.2807			2380.8	0.0019215						
2381.3	1.2807			2381.3	0.0019233						
2381.8	1.2808			2381.8	0.0019233						
2382.3	1.2808			2382.3	0.0019231						
2382.7	1.2808			2382.7	0.0019244						
2383.2	1.2809			2383.2	0.0019248						
2383.7	1.2809			2383.7	0.0019258						
2384.2	1.2809			2384.2	0.0019254						
2384.7	1.281			2384.7	0.0019258						
2385.2	1.281			2385.2	0.0019262						
2385.6	1.2811			2385.6	0.0019264						
2386.1	1.2811			2386.1	0.0019268						
2386.6	1.2811			2386.6	0.0019273						
2387.1	1.2812			2387.1	0.0019275						
2387.6	1.2812			2387.6	0.0019287						
2388	1.2813			2388	0.001929						
2388.5	1.2813			2388.5	0.0019302						
2389	1.2814			2389	0.0019316						
2389.5	1.2814			2389.5	0.0019321						
2390	1.2815			2390	0.0019348						
2390.5	1.2817			2390.5	0.0019385						
2390.9	1.2821			2390.9	0.0019491						
2391.4	1.2813			2391.4	0.0043776						
2391.9	1.2806			2391.9	0.0019059						
2392.4	1.281			2392.4	0.0019183						
2392.9	1.2812			2392.9	0.0019218						
2393.4	1.2813			2393.4	0.0019229						
2393.8	1.2814			2393.8	0.0019243						
2394.3	1.2814			2394.3	0.0019264						
2394.8	1.2815			2394.8	0.001927						
2395.3	1.2815			2395.3	0.0019272						
2395.8	1.2816			2395.8	0.0019282						
2396.2	1.2816			2396.2	0.0019277						
2396.7	1.2816			2396.7	0.0019282						
2397.2	1.2817			2397.2	0.0019297						
2397.7	1.2817			2397.7	0.0019301						
2398.2	1.2817			2398.2	0.00193						
2398.7	1.2818			2398.7	0.0019307						
2399.1	1.2818			2399.1	0.0019309						
2399.6	1.2818			2399.6	0.0019308						
2400.1	1.2819			2400.1	0.0019318						
2400.6	1.2819			2400.6	0.0019313						
2401.1	1.2819			2401.1	0.0019328						
2401.5	1.282			2401.5	0.0019319						
2402	1.282			2402	0.0019323						
2402.5	1.282			2402.5	0.001933						
2403	1.282			2403	0.0019321						
2403.5	1.2821			2403.5	0.001933						
2404	1.2821			2404	0.0019337						
2404.4	1.2821			2404.4	0.0019326						
2404.9	1.2822			2404.9	0.0019336						
2405.4	1.2822			2405.4	0.0019333						
2405.9	1.2822			2405.9	0.0019344						
2406.4	1.2822			2406.4	0.0019344						
2406.9	1.2823			2406.9	0.0019355						
2407.3	1.2823			2407.3	0.0019348						
2407.8	1.2823			2407.8	0.0019338						
2408.3	1.2823			2408.3	0.001935						
2408.8	1.2824			2408.8	0.0019358						
2409.3	1.2824			2409.3	0.0019351						
2409.7	1.2824			2409.7	0.0019365						
2410.2	1.2824			2410.2	0.0019361						
2410.7	1.2825			2410.7	0.0019352						
2411.2	1.2825			2411.2	0.0019357						
2411.7	1.2825			2411.7	0.0019359						
2412.2	1.2826			2412.2	0.0019367						
2412.6	1.2826			2412.6	0.0019356						
2413.1	1.2826			2413.1	0.0019368						
2413.6	1.2826			2413.6	0.0019364						
2414.1	1.2827			2414.1	0.0019368						
2414.6	1.2827			2414.6	0.0019358						
2415.1	1.2827			2415.1	0.0019367						
2415.5	1.2827			2415.5	0.0019364						
2416	1.2828			2416	0.0019359						
2416.5	1.2828			2416.5	0.0019368						
2417	1.2828			2417	0.0019369						
2417.5	1.2828			2417.5	0.0019365						
2417.9	1.2829			2417.9	0.001938						
2418.4	1.2829			2418.4	0.0019387						
2418.9	1.2829			2418.9	0.0019385						
2419.4	1.2829			2419.4	0.0019389						
2419.9	1.2829			2419.9	0.0019372						
2420.4	1.283			2420.4	0.0019381						
2420.8	1.283			2420.8	0.0019381						
2421.3	1.283			2421.3	0.0019378						
2421.8	1.283			2421.8	0.0019383						
2422.3	1.2831			2422.3	0.0019374						
2422.8	1.2831			2422.8	0.0019382						
2423.2	1.2831			2423.2	0.0019387						
2423.7	1.2831			2423.7	0.0019389						
2424.2	1.2831			2424.2	0.0019367						
2424.7	1.2832			2424.7	0.0019379						
2425.2	1.2832			2425.2	0.0019384						
2425.7	1.2832			2425.7	0.0019384						
2426.1	1.2832			2426.1	0.0019389						
2426.6	1.2833			2426.6	0.0019389						
2427.1	1.2833			2427.1	0.0019385						
2427.6	1.2833			2427.6	0.0019374						
2428.1	1.2833			2428.1	0.0019376						
2428.6	1.2833			2428.6	0.0019388						
2429	1.2834			2429	0.0019391						
2429.5	1.2834			2429.5	0.0019386						
2430	1.2834			2430	0.00194						
2430.5	1.2834			2430.5	0.0019394						
2431	1.2835			2431	0.0019383						
2431.4	1.2835			2431.4	0.0019382						
2431.9	1.2835			2431.9	0.0019387						
2432.4	1.2835			2432.4	0.0019389						
2432.9	1.2835			2432.9	0.0019399						
2433.4	1.2836			2433.4	0.0019392						
2433.9	1.2836			2433.9	0.0019394						
2434.3	1.2836			2434.3	0.0019388						
2434.8	1.2836			2434.8	0.0019391						
2435.3	1.2836			2435.3	0.0019392						
2435.8	1.2837			2435.8	0.0019376						
2436.3	1.2837			2436.3	0.0019387						
2436.8	1.2837			2436.8	0.0019387						
2437.2	1.2837			2437.2	0.0019385						
2437.7	1.2837			2437.7	0.0019389						
2438.2	1.2838			2438.2	0.0019391						
2438.7	1.2838			2438.7	0.0019385						
2439.2	1.2838			2439.2	0.0019388						
2439.6	1.2838			2439.6	0.0019394						
2440.1	1.2838			2440.1	0.0019386						
2440.6	1.2838			2440.6	0.0019386						
2441.1	1.2839			2441.1	0.0019392						
2441.6	1.2839			2441.6	0.0019389						
2442.1	1.2839			2442.1	0.0019376						
2442.5	1.2839			2442.5	0.001939						
2443	1.2839			2443	0.0019382						
2443.5	1.284			2443.5	0.0019394						
2444	1.284			2444	0.0019392						
2444.5	1.284			2444.5	0.0019385						
2444.9	1.284			2444.9	0.0019388						
2445.4	1.284			2445.4	0.0019373						
2445.9	1.284			2445.9	0.0019368						
2446.4	1.2841			2446.4	0.0019384						
2446.9	1.2841			2446.9	0.001937						
2447.4	1.2841			2447.4	0.0019389						
2447.8	1.2841			2447.8	0.0019386						
2448.3	1.2841			2448.3	0.0019381						
2448.8	1.2841			2448.8	0.0019374						
2449.3	1.2842			2449.3	0.001936						
2449.8	1.2842			2449.8	0.0019372						
2450.3	1.2842			2450.3	0.0019376						
2450.7	1.2842			2450.7	0.0019388						
2451.2	1.2842			2451.2	0.0019362						
2451.7	1.2842			2451.7	0.0019366						
2452.2	1.2842			2452.2	0.0019358						
2452.7	1.2843			2452.7	0.0019364						
2453.1	1.2843			2453.1	0.0019364						
2453.6	1.2843			2453.6	0.0019357						
2454.1	1.2843			2454.1	0.0019372						
2454.6	1.2843			2454.6	0.0019356						
2455.1	1.2843			2455.1	0.001936						
2455.6	1.2844			2455.6	0.0019357						
2456	1.2844			2456	0.0019359						
2456.5	1.2844			2456.5	0.0019346						
2457	1.2844			2457	0.0019343						
2457.5	1.2844			2457.5	0.0019356						
2458	1.2844			2458	0.0019354						
2458.5	1.2844			2458.5	0.0019341						
2458.9	1.2845			2458.9	0.0019352						
2459.4	1.2845			2459.4	0.0019351						
2459.9	1.2845			2459.9	0.0019344						
2460.4	1.2845			2460.4	0.0019345						
2460.9	1.2845			2460.9	0.0019342						
2461.3	1.2845			2461.3	0.001934						
2461.8	1.2845			2461.8	0.0019337						
2462.3	1.2845			2462.3	0.0019325						
2462.8	1.2846			2462.8	0.0019332						
2463.3	1.2846			2463.3	0.0019331						
2463.8	1.2846			2463.8	0.0019329						
2464.2	1.2846			2464.2	0.001933						
2464.7	1.2846			2464.7	0.0019322						
2465.2	1.2846			2465.2	0.0019314						
2465.7	1.2846			2465.7	0.0019317						
2466.2	1.2846			2466.2	0.0019323						
2466.7	1.2846			2466.7	0.0019304						
2467.1	1.2847			2467.1	0.0019323						
2467.6	1.2847			2467.6	0.0019317						
2468.1	1.2847			2468.1	0.0019313						
2468.6	1.2847			2468.6	0.0019302						
2469.1	1.2847			2469.1	0.0019298						
2469.5	1.2847			2469.5	0.0019299						
2470	1.2847			2470	0.0019298						
2470.5	1.2847			2470.5	0.0019292						
2471	1.2847			2471	0.0019292						
2471.5	1.2847			2471.5	0.0019287						
2472	1.2848			2472	0.0019275						
2472.4	1.2848			2472.4	0.0019278						
2472.9	1.2848			2472.9	0.0019268						
2473.4	1.2848			2473.4	0.0019289						
2473.9	1.2848			2473.9	0.0019271						
2474.4	1.2848			2474.4	0.001927						
2474.9	1.2848			2474.9	0.0019266						
2475.3	1.2848			2475.3	0.0019274						
2475.8	1.2848			2475.8	0.0019268						
2476.3	1.2848			2476.3	0.0019258						
2476.8	1.2848			2476.8	0.0019256						
2477.3	1.2848			2477.3	0.0019253						
2477.7	1.2848			2477.7	0.0019243						
2478.2	1.2848			2478.2	0.0019231						
2478.7	1.2849			2478.7	0.0019239						
2479.2	1.2849			2479.2	0.0019224						
2479.7	1.2849			2479.7	0.0019235						
2480.2	1.2849			2480.2	0.0019226						
2480.6	1.2849			2480.6	0.0019207						
2481.1	1.2849			2481.1	0.0019206						
2481.6	1.2849			2481.6	0.001921						
2482.1	1.2849			2482.1	0.0019196						
2482.6	1.2849			2482.6	0.0019194						
2483	1.2849			2483	0.0019199						
2483.5	1.2849			2483.5	0.00192						
2484	1.2849			2484	0.0019176						
2484.5	1.2849			2484.5	0.0019171						
2485	1.2849			2485	0.0019174						
2485.5	1.2849			2485.5	0.0019167						
2485.9	1.2849			2485.9	0.001916						
2486.4	1.2849			2486.4	0.0019156						
2486.9	1.2849			2486.9	0.0019143						
2487.4	1.2849			2487.4	0.0019138						
2487.9	1.2848			2487.9	0.001914						
2488.4	1.2848			2488.4	0.0019126						
2488.8	1.2848			2488.8	0.0019112						
2489.3	1.2848			2489.3	0.0019118						
2489.8	1.2848			2489.8	0.0019101						
2490.3	1.2848			2490.3	0.0019085						
2490.8	1.2848			2490.8	0.0019087						
2491.2	1.2848			2491.2	0.0019072						
2491.7	1.2848			2491.7	0.0019066						
2492.2	1.2847			2492.2	0.0019057						
2492.7	1.2847			2492.7	0.001904						
2493.2	1.2847			2493.2	0.0019025						
2493.7	1.2847			2493.7	0.0019027						
2494.1	1.2846			2494.1	0.0018999						
2494.6	1.2846			2494.6	0.0018991						
2495.1	1.2845			2495.1	0.0018974						
2495.6	1.2845			2495.6	0.0018945						
2496.1	1.2844			2496.1	0.0018923						
2496.6	1.2844			2496.6	0.0018906						
2497	1.2843			2497	0.0018883						
2497.5	1.2842			2497.5	0.0018852						
2498	1.2841			2498	0.0018805						
2498.5	1.2839			2498.5	0.0018765						
2499	1.2837			2499	0.001869						
2499.4	1.2833			2499.4	0.0018555						
2499.9	1.283			2499.9	0.0018476						