Reference:	"Hudgins et al. (1993)"
DOI:	"doi:https://doi.org/10.1086/191796"
Sample Type:	"Ice"
Composition:	"H2O (1)"
Temperature:	"120K"
OCdb page:	"https://ocdb.smce.nasa.gov/dataset/108"
n₁ Error Units:	Not Applicable
k₁ Error Units:	Not Applicable
T₁ Error Units:	Not Applicable

"Wavenumber (cm⁻¹)"	"n₁"	"Dn₁  (+/-)"	"k₁"	"Dk₁  (+/-)"		"Wavenumber (cm⁻¹)"	"T₁"	"DT₁  (+/-)"	
500.1	1.4912		0.00035			500.08	100		
503.9	1.4927		0.00033			501.05	99.900001526		
507.8	1.496		0			502.01	100.199996948		
511.6	1.502		0			502.98	99.900001526		
515.5	1.5045		0.006946			503.94	100		
519.4	1.5013		0.010304			504.9	100.099998474		
523.2	1.5024		0.000241			505.87	100		
527.1	1.5066		0.003478			506.83	99.800003052		
530.9	1.511		0.000139			507.8	100.099998474		
534.8	1.5148		0.006537			508.76	100		
538.7	1.5165		0.00646			509.73	100		
542.5	1.5204		0.006344			510.69	100		
546.4	1.5224		0.012561			511.65	100.099998474		
550.2	1.5245		0.009297			512.62	99.900001526		
554.1	1.5286		0.012239			513.58	99.900001526		
558	1.5315		0.015158			514.55	100		
561.8	1.5334		0.018055			515.51	99.800003052		
565.7	1.536		0.017855			516.48	100		
569.5	1.5391		0.020648			517.44	100		
573.4	1.543		0.020381			518.41	99.900001526		
577.2	1.5467		0.02604			519.37	99.699996948		
581.1	1.5489		0.028726			520.34	100		
585	1.5514		0.031359			521.3	100		
588.8	1.5539		0.03395			522.26	100.099998474		
592.7	1.5562		0.036508			523.23	100		
596.5	1.5602		0.036086			524.19	100		
600.4	1.5649		0.041314			525.16	100		
604.2	1.5677		0.046558			526.12	99.900001526		
608.1	1.5706		0.04891			527.09	99.900001526		
612	1.5735		0.054019			528.05	99.900001526		
615.8	1.5766		0.056264			529.02	99.800003052		
619.7	1.5804		0.061198			529.98	99.900001526		
623.5	1.5835		0.066101			530.94	100		
627.4	1.5865		0.070948			531.91	99.800003052		
631.2	1.5895		0.075728			532.87	99.800003052		
635.1	1.5931		0.080405			533.84	99.900001526		
639	1.596		0.087771			534.8	99.800003052		
642.8	1.5988		0.092373			535.77	100		
646.7	1.6019		0.099571			536.73	99.800003052		
650.5	1.6042		0.10677			537.7	99.800003052		
654.4	1.6062		0.11393			538.66	99.800003052		
658.3	1.6079		0.12105			539.63	99.800003052		
662.1	1.6096		0.12811			540.59	99.900001526		
666	1.6118		0.13505			541.55	99.699996948		
669.8	1.6136		0.14464			542.52	99.800003052		
673.7	1.6138		0.15436			543.48	99.800003052		
677.5	1.6141		0.16137			544.45	99.699996948		
681.4	1.6146		0.17095			545.41	99.800003052		
685.3	1.6143		0.18062			546.38	99.599998474		
689.1	1.6132		0.19034			547.34	99.800003052		
693	1.6116		0.20014			548.3	99.800003052		
696.8	1.609		0.21007			549.27	99.699996948		
700.7	1.6067		0.21726			550.23	99.699996948		
704.5	1.6049		0.22703			551.2	99.699996948		
708.4	1.6022		0.23694			552.16	99.599998474		
712.3	1.599		0.24694			553.13	99.699996948		
716.1	1.5951		0.25707			554.09	99.599998474		
720	1.5902		0.26738			555.06	99.5		
723.8	1.5859		0.27489			556.02	99.599998474		
727.7	1.5807		0.28805			556.99	99.599998474		
731.6	1.5743		0.296			557.95	99.5		
735.4	1.5682		0.30667			558.91	99.599998474		
739.3	1.5603		0.31776			559.88	99.5		
743.1	1.5516		0.32629			560.84	99.599998474		
747	1.5429		0.33487			561.81	99.400001526		
750.9	1.5334		0.34367			562.77	99.400001526		
754.7	1.5243		0.34961			563.74	99.300003052		
758.6	1.5153		0.35838			564.7	99.400001526		
762.4	1.5046		0.3676			565.67	99.400001526		
766.3	1.4928		0.37427			566.63	99.400001526		
770.1	1.4806		0.38108			567.59	99.400001526		
774	1.4687		0.38497			568.56	99.300003052		
777.9	1.4565		0.39188			569.52	99.300003052		
781.7	1.4429		0.39627			570.49	99.300003052		
785.6	1.4302		0.3975			571.45	99.300003052		
789.4	1.4183		0.40152			572.42	99.300003052		
793.3	1.4048		0.40594			573.38	99.300003052		
797.1	1.3906		0.40761			574.35	99.300003052		
801	1.3763		0.40933			575.31	99.199996948		
804.9	1.3626		0.4079			576.28	99.199996948		
808.7	1.3489		0.40949			577.24	99.099998474		
812.6	1.3345		0.40824			578.2	99.099998474		
816.4	1.3199		0.40703			579.17	99.099998474		
820.3	1.3062		0.40257			580.13	99.099998474		
824.1	1.2926		0.40107			581.1	99		
828	1.2786		0.39665			582.06	99		
831.9	1.2652		0.39206			583.03	99.099998474		
835.7	1.2514		0.38751			583.99	99		
839.6	1.2385		0.3797			584.96	98.900001526		
843.4	1.2259		0.37483			585.92	98.900001526		
847.3	1.2128		0.36699			586.89	98.900001526		
851.1	1.2		0.35906			587.85	98.900001526		
855	1.1887		0.34773			588.81	98.800003052		
858.9	1.1785		0.33917			589.78	98.800003052		
862.7	1.1674		0.33077			590.74	98.800003052		
866.6	1.1566		0.3193			591.71	98.699996948		
870.4	1.1468		0.30759			592.67	98.699996948		
874.3	1.1374		0.29582			593.64	98.699996948		
878.2	1.1296		0.28079			594.6	98.599998474		
882	1.1234		0.26856			595.56	98.599998474		
885.9	1.1167		0.25645			596.53	98.699996948		
889.7	1.1112		0.24128			597.49	98.599998474		
893.6	1.1064		0.22905			598.46	98.599998474		
897.5	1.1019		0.21396			599.42	98.5		
901.3	1.0991		0.19883			600.39	98.5		
905.2	1.0977		0.18375			601.35	98.400001526		
909	1.0978		0.16875			602.32	98.400001526		
912.9	1.0983		0.15673			603.28	98.300003052		
916.7	1.0993		0.14211			604.24	98.300003052		
920.6	1.1009		0.13043			605.21	98.300003052		
924.5	1.1029		0.11623			606.17	98.300003052		
928.3	1.1071		0.10226			607.14	98.199996948		
932.2	1.1121		0.091192			608.1	98.199996948		
936	1.1171		0.080363			609.07	98.199996948		
939.9	1.1227		0.069773			610.03	98.099998474		
943.7	1.1292		0.059434			611	98		
947.6	1.1358		0.051806			611.96	98		
951.5	1.143		0.041944			612.93	98		
955.3	1.1504		0.037112			613.89	97.900001526		
959.2	1.1569		0.029997			614.85	97.900001526		
963	1.1645		0.023085			615.82	97.900001526		
966.9	1.1724		0.018647			616.78	97.800003052		
970.8	1.1801		0.014305			617.75	97.800003052		
974.6	1.1875		0.01228			618.71	97.800003052		
978.5	1.1937		0.010246			619.68	97.699996948		
982.3	1.1993		0.008218			620.64	97.699996948		
986.2	1.2057		0.004086			621.61	97.599998474		
990	1.2118		0.00433			622.57	97.599998474		
993.9	1.217		0.002387			623.53	97.5		
997.8	1.2228		0.000506			624.5	97.400001526		
1001.6	1.2284		0.00074			625.46	97.300003052		
1005.5	1.2331		0.000928			626.43	97.300003052		
1009.3	1.2372		0.001089			627.39	97.300003052		
1013.2	1.241		0.00123			628.36	97.300003052		
1017	1.2444		0.001352			629.32	97.199996948		
1020.9	1.2472		0.001448			630.29	97.099998474		
1024.8	1.2505		0			631.25	97.099998474		
1028.6	1.2543		0			632.22	97		
1032.5	1.2575		0			633.18	97		
1036.3	1.2605		0			634.14	96.900001526		
1040.2	1.2633		2.8E-5			635.11	96.900001526		
1044	1.2659		0.000121			636.07	96.800003052		
1047.9	1.2685		0.000207			637.04	96.699996948		
1051.8	1.2709		0.00029			638	96.599998474		
1055.6	1.2732		0.000366			638.97	96.599998474		
1059.5	1.2755		0.00044			639.93	96.599998474		
1063.3	1.2776		0.000509			640.9	96.5		
1067.2	1.2797		0.000575			641.86	96.400001526		
1071.1	1.2817		0.00064			642.82	96.400001526		
1074.9	1.2837		0.000701			643.79	96.300003052		
1078.8	1.2857		0.000762			644.75	96.199996948		
1082.6	1.2879		0.000827			645.72	96.199996948		
1086.5	1.2891		0.002701			646.68	96.099998474		
1090.3	1.2904		0.000895			647.65	96		
1094.2	1.2927		0.000964			648.61	95.900001526		
1098.1	1.2939		0.002812			649.58	95.900001526		
1101.9	1.2951		0.001028			650.54	95.800003052		
1105.8	1.2972		0.00109			651.5	95.699996948		
1109.6	1.2993		0.00115			652.47	95.699996948		
1113.5	1.3008		0.00297			653.43	95.5		
1117.3	1.3016		0.002981			654.4	95.5		
1121.2	1.3027		0.003			655.36	95.400001526		
1125.1	1.3038		0.00302			656.33	95.400001526		
1128.9	1.3047		0.003034			657.29	95.300003052		
1132.8	1.3065		0.001331			658.26	95.199996948		
1136.6	1.3082		0.003114			659.22	95.099998474		
1140.5	1.3092		0.003127			660.18	95.099998474		
1144.4	1.3103		0.003147			661.15	94.900001526		
1148.2	1.3115		0.003169			662.11	94.900001526		
1152.1	1.3127		0.003191			663.08	94.800003052		
1155.9	1.314		0.003214			664.04	94.699996948		
1159.8	1.3153		0.003242			665.01	94.599998474		
1163.6	1.317		0.003274			665.97	94.599998474		
1167.5	1.318		0.004971			666.94	94.5		
1171.4	1.3186		0.004967			667.9	93.800003052		
1175.2	1.3195		0.004973			668.87	94.099998474		
1179.1	1.3204		0.004981			669.83	94.199996948		
1182.9	1.3215		0.004992			670.79	94.199996948		
1186.8	1.3226		0.005005			671.76	94.099998474		
1190.6	1.3241		0.005025			672.72	94		
1194.5	1.3251		0.006667			673.69	93.800003052		
1198.4	1.3255		0.006657			674.65	93.800003052		
1202.2	1.3263		0.006655			675.62	93.699996948		
1206.1	1.3273		0.006657			676.58	93.5		
1209.9	1.3286		0.006666			677.55	93.5		
1213.8	1.3295		0.008271			678.51	93.400001526		
1217.7	1.3299		0.008253			679.47	93.300003052		
1221.5	1.3306		0.008245			680.44	93.199996948		
1225.4	1.3317		0.008242			681.4	93.099998474		
1229.2	1.3322		0.009812			682.37	93		
1233.1	1.333		0.00822			683.33	92.900001526		
1236.9	1.3341		0.009792			684.3	92.800003052		
1240.8	1.3347		0.009774			685.26	92.699996948		
1244.7	1.3358		0.009767			686.23	92.599998474		
1248.5	1.3366		0.011308			687.19	92.5		
1252.4	1.337		0.011283			688.15	92.5		
1256.2	1.3379		0.011267			689.12	92.300003052		
1260.1	1.3385		0.012788			690.08	92.199996948		
1263.9	1.3389		0.012755			691.05	92.099998474		
1267.8	1.3397		0.012733			692.01	92		
1271.7	1.3403		0.014233			692.98	91.900001526		
1275.5	1.3405		0.014196			693.94	91.900001526		
1279.4	1.3413		0.014167			694.91	91.800003052		
1283.2	1.3418		0.015649			695.87	91.599998474		
1287.1	1.342		0.015606			696.84	91.5		
1291	1.3427		0.015572			697.8	91.5		
1294.8	1.3431		0.017035			698.76	91.400001526		
1298.7	1.3432		0.016988			699.73	91.300003052		
1302.5	1.3439		0.016949			700.69	91.199996948		
1306.4	1.3442		0.018395			701.66	91.099998474		
1310.2	1.3442		0.018343			702.62	91		
1314.1	1.3447		0.018296			703.59	90.800003052		
1318	1.3455		0.018254			704.55	90.800003052		
1321.8	1.346		0.019682			705.52	90.699996948		
1325.7	1.3463		0.01963			706.48	90.599998474		
1329.5	1.3466		0.021042			707.44	90.5		
1333.4	1.3465		0.020983			708.41	90.400001526		
1337.2	1.3471		0.020931			709.37	90.300003052		
1341.1	1.3473		0.022328			710.34	90.199996948		
1345	1.347300053		0.022266001			711.3	90.099998474		
1348.8	1.347800016		0.022209			712.27	90		
1352.7	1.34800005		0.023591001			713.23	89.800003052		
1356.5	1.347900033		0.023526			714.2	89.699996948		
1360.4	1.348399997		0.023465			715.16	89.699996948		
1364.3	1.34860003		0.024832999			716.12	89.599998474		
1368.1	1.348399997		0.024765			717.09	89.5		
1372	1.348700047		0.024698			718.05	89.400001526		
1375.8	1.349300027		0.024636			719.02	89.199996948		
1379.7	1.349699974		0.025986999			719.98	89.199996948		
1383.5	1.349900007		0.025917999			720.95	89.099998474		
1387.4	1.350000024		0.027257999			721.91	89		
1391.3	1.35010004		0.027185			722.88	88.900001526		
1395.1	1.350000024		0.028515			723.84	88.900001526		
1399	1.349699974		0.028436			724.8	88.699996948		
1402.8	1.349699974		0.02836			725.77	88.599998474		
1406.7	1.35010004		0.028286001			726.73	88.5		
1410.5	1.350200057		0.029601			727.7	88.400001526		
1414.4	1.35010004		0.029521			728.66	88.300003052		
1418.3	1.350399971		0.029444			729.63	88.199996948		
1422.1	1.350499988		0.030746			730.59	88.099998474		
1426	1.350299954		0.030663			731.56	88.099998474		
1429.8	1.350700021		0.030584			732.52	88		
1433.7	1.350900054		0.031874001			733.48	87.900001526		
1437.6	1.350200057		0.033156			734.45	87.800003052		
1441.4	1.349799991		0.031702999			735.41	87.699996948		
1445.3	1.350499988		0.031622			736.38	87.599998474		
1449.1	1.350700021		0.032896999			737.34	87.5		
1453	1.350900054		0.032811001			738.31	87.5		
1456.8	1.350200057		0.035429999			739.27	87.300003052		
1460.7	1.349799991		0.032637998			740.24	87.300003052		
1464.6	1.350399971		0.033899002			741.2	87.199996948		
1468.4	1.350600004		0.033812001			742.17	87.099998474		
1472.3	1.350600004		0.035064001			743.13	87		
1476.1	1.350299954		0.034972001			744.09	86.900001526		
1480	1.350299954		0.034883			745.06	86.900001526		
1483.8	1.350800037		0.034793999			746.02	86.800003052		
1487.7	1.350999951		0.036031999			746.99	86.699996948		
1491.6	1.351099968		0.035939999			747.95	86.599998474		
1495.4	1.351199985		0.037168998			748.92	86.599998474		
1499.3	1.350600004		0.038394			749.88	86.5		
1503.1	1.350600004		0.036979999			750.85	86.400001526		
1507	1.350299954		0.039515			751.81	86.300003052		
1510.9	1.349699974		0.038102001			752.78	86.300003052		
1514.7	1.350200057		0.038006			753.74	86.199996948		
1518.6	1.350299954		0.039214998			754.7	86.199996948		
1522.4	1.350299954		0.039117001			755.67	86.099998474		
1526.3	1.350200057		0.040318001			756.63	86		
1530.1	1.35010004		0.040217001			757.6	86		
1534	1.349900007		0.041412			758.56	85.900001526		
1537.9	1.349400043		0.041308999			759.53	85.800003052		
1541.7	1.349499941		0.041205999			760.49	85.800003052		
1545.6	1.349400043		0.042390998			761.46	85.699996948		
1549.4	1.349099994		0.042286001			762.42	85.599998474		
1553.3	1.349400043		0.042181			763.38	85.599998474		
1557.1	1.349799991		0.043354999			764.35	85.599998474		
1561	1.348899961		0.045809001			765.31	85.5		
1564.9	1.34800005		0.04442			766.28	85.400001526		
1568.7	1.348399997		0.04431			767.24	85.400001526		
1572.6	1.348899961		0.045471001			768.21	85.300003052		
1576.4	1.34739995		0.049180999			769.17	85.300003052		
1580.3	1.345900059		0.046521999			770.13	85.199996948		
1584.2	1.346300006		0.046408001			771.1	85.199996948		
1588	1.346099973		0.047557998			772.06	85.199996948		
1591.9	1.345900059		0.047442999			773.03	85.099998474		
1595.7	1.345600009		0.048588			773.99	85.099998474		
1599.6	1.345199943		0.048471			774.96	85		
1603.4	1.344900012		0.04961			775.92	85		
1607.3	1.344499946		0.049490999			776.89	85		
1611.2	1.344300032		0.050624002			777.85	84.900001526		
1615	1.343500018		0.051755			778.82	84.900001526		
1618.9	1.342900038		0.051631998			779.78	84.900001526		
1622.7	1.342300057		0.052756999			780.74	84.900001526		
1626.6	1.341799974		0.052632			781.71	84.800003052		
1630.4	1.341400027		0.053750999			782.67	84.800003052		
1634.3	1.34070003		0.054869			783.64	84.800003052		
1638.2	1.339599967		0.055985			784.6	84.800003052		
1642	1.33889997		0.055853002			785.57	84.800003052		
1645.9	1.337900043		0.058205999			786.53	84.699996948		
1649.7	1.336899996		0.058072001			787.5	84.800003052		
1653.6	1.334200025		0.062916003			788.46	84.699996948		
1657.5	1.331599951		0.059053			789.42	84.699996948		
1661.3	1.330600023		0.060153			790.39	84.699996948		
1665.2	1.329200029		0.060015			791.35	84.699996948		
1669	1.327399969		0.061113			792.32	84.599998474		
1672.9	1.325399995		0.060972001			793.28	84.599998474		
1676.7	1.323699951		0.060828999			794.25	84.699996948		
1680.6	1.321499944		0.061919998			795.21	84.599998474		
1684.5	1.318600059		0.061774001			796.18	84.599998474		
1688.3	1.315999985		0.060392998			797.14	84.599998474		
1692.2	1.314200044		0.059016			798.11	84.699996948		
1696	1.311100006		0.061321001			799.07	84.599998474		
1699.9	1.307299972		0.057475001			800.03	84.699996948		
1703.8	1.305099964		0.054877002			801	84.599998474		
1707.6	1.30309999		0.052290998			801.96	84.599998474		
1711.5	1.301399946		0.049720999			802.93	84.599998474		
1715.3	1.299900055		0.047164999			803.89	84.699996948		
1719.2	1.298099995		0.044617999			804.86	84.699996948		
1723	1.297299981		0.039717			805.82	84.699996948		
1726.9	1.297299981		0.037245002			806.78	84.699996948		
1730.8	1.297399998		0.03362			807.75	84.699996948		
1734.6	1.297299981		0.032359999			808.71	84.699996948		
1738.5	1.297500014		0.027620999			809.68	84.800003052		
1742.3	1.298699975		0.025272001			810.64	84.800003052		
1746.2	1.299700022		0.022939			811.61	84.800003052		
1750	1.300999999		0.020634999			812.57	84.800003052		
1753.9	1.302099943		0.019482			813.54	84.800003052		
1757.8	1.303200006		0.017205			814.5	84.900001526		
1761.6	1.304399967		0.016075			815.47	84.900001526		
1765.5	1.305799961		0.01384			816.43	84.900001526		
1769.3	1.307600021		0.012757			817.39	85		
1773.2	1.308300018		0.013861			818.36	85		
1777.1	1.309100032		0.010534			819.32	85		
1780.9	1.310600042		0.010562			820.29	85.099998474		
1784.8	1.31159997		0.0094751			821.25	85.099998474		
1788.6	1.312999964		0.0084065			822.22	85.099998474		
1792.5	1.314100027		0.0084258			823.18	85.199996948		
1796.3	1.315099955		0.0073574			824.15	85.199996948		
1800.2	1.315999985		0.0073739			825.11	85.300003052		
1804.1	1.317000031		0.006313			826.08	85.300003052		
1807.9	1.317899942		0.0063313			827.04	85.300003052		
1811.8	1.318799973		0.0052792			828	85.400001526		
1815.6	1.319800019		0.0053002			828.97	85.5		
1819.5	1.320700049		0.004261			829.93	85.5		
1823.3	1.32190001		0.0042924			830.9	85.5		
1827.2	1.322700024		0.004312			831.86	85.599998474		
1831.1	1.323300004		0.0043216			832.83	85.599998474		
1834.9	1.324100018		0.0032902			833.79	85.699996948		
1838.8	1.325099945		0.0033178			834.76	85.800003052		
1842.6	1.325799942		0.003337			835.72	85.800003052		
1846.5	1.326300025		0.0033466			836.68	85.900001526		
1850.3	1.327100039		0.0023279			837.65	85.900001526		
1854.2	1.328099966		0.0023579			838.61	86		
1858.1	1.32889998		0.0023801			839.58	86.099998474		
1861.9	1.32949996		0.0023984			840.54	86.099998474		
1865.8	1.33010006		0.0024127			841.51	86.199996948		
1869.6	1.330500007		0.0024207			842.47	86.199996948		
1873.5	1.331099987		0.0014186			843.44	86.300003052		
1877.4	1.332100034		0.0014485			844.4	86.400001526		
1881.2	1.332900047		0.0014712			845.36	86.400001526		
1885.1	1.333500028		0.0014918			846.33	86.5		
1888.9	1.334200025		0.0015102			847.29	86.599998474		
1892.8	1.334800005		0.0015278			848.26	86.599998474		
1896.6	1.335399985		0.0015444			849.22	86.699996948		
1900.5	1.335899949		0.0015597			850.19	86.900001526		
1904.4	1.336500049		0.0015749			851.15	86.900001526		
1908.2	1.337000012		0.0015888			852.12	87		
1912.1	1.337499976		0.0016024			853.08	87.099998474		
1915.9	1.338000059		0.0016153			854.04	87.199996948		
1919.8	1.338400006		0.0016276			855.01	87.300003052		
1923.7	1.338799953		0.0016374			855.97	87.300003052		
1927.5	1.339100003		0.001644			856.94	87.400001526		
1931.4	1.339699984		0.00067884			857.9	87.5		
1935.2	1.340800047		0.00071073			858.87	87.599998474		
1939.1	1.341300011		0.001703			859.83	87.699996948		
1942.9	1.341400027		0.0017031			860.8	87.800003052		
1946.8	1.342000008		0.00074625			861.76	87.800003052		
1950.7	1.342499971		0.001731			862.72	87.900001526		
1954.5	1.342800021		0.00077266			863.69	88		
1958.4	1.343700051		0.00079685			864.65	88.099998474		
1962.2	1.344599962		0.00082183			865.62	88.199996948		
1966.1	1.345100045		0.001797			866.58	88.300003052		
1969.9	1.345299959		0.0018006			867.55	88.400001526		
1973.8	1.345600009		0.001808			868.51	88.5		
1977.7	1.345999956		0.0018166			869.48	88.599998474		
1981.5	1.346400023		0.0018262			870.44	88.699996948		
1985.4	1.34679997		0.0018356			871.41	88.800003052		
1989.2	1.347300053		0.0018451			872.37	88.900001526		
1993.1	1.3477		0.0018553			873.33	89		
1997	1.348199964		0.0018655			874.3	89.099998474		
2000.8	1.34860003		0.0018768			875.26	89.199996948		
2004.7	1.349099994		0.0018874			876.23	89.300003052		
2008.5	1.349599957		0.001899			877.19	89.400001526		
2012.4	1.350200057		0.0019116			878.16	89.599998474		
2016.2	1.350999951		0.0019284			879.12	89.599998474		
2020.1	1.351400018		0.0028694			880.09	89.800003052		
2024	1.351600051		0.0028699			881.05	89.900001526		
2027.8	1.351899981		0.0028738			882.02	90		
2031.7	1.352300048		0.0028798			882.98	90.099998474		
2035.5	1.352699995		0.0028874			883.94	90.199996948		
2039.4	1.353299975		0.0028961			884.91	90.300003052		
2043.2	1.353999972		0.0029088			885.87	90.400001526		
2047.1	1.354400039		0.0038341			886.84	90.5		
2051	1.354599953		0.0038326			887.8	90.699996948		
2054.8	1.354900002		0.0038353			888.77	90.800003052		
2058.7	1.355399966		0.0038403			889.73	90.900001526		
2062.5	1.356099963		0.0038491			890.7	91		
2066.4	1.35650003		0.0047634			891.66	91.099998474		
2070.3	1.356699944		0.0047605			892.62	91.199996948		
2074.1	1.35710001		0.0047616			893.59	91.300003052		
2078	1.35769999		0.0047676			894.55	91.5		
2081.8	1.358100057		0.0056725			895.52	91.599998474		
2085.7	1.358299971		0.0056685			896.48	91.699996948		
2089.5	1.358899951		0.0056703			897.45	91.800003052		
2093.4	1.359300017		0.0065678			898.41	91.900001526		
2097.3	1.359400034		0.0065613			899.38	92.099998474		
2101.1	1.360000014		0.0065608			900.34	92.199996948		
2105	1.360299945		0.0074523			901.3	92.300003052		
2108.8	1.360499978		0.0074434			902.27	92.400001526		
2112.7	1.361099958		0.0074407			903.23	92.5		
2116.5	1.361500025		0.0083271			904.2	92.599998474		
2120.4	1.361899972		0.0083196			905.16	92.800003052		
2124.3	1.362200022		0.0091999			906.13	92.900001526		
2128.1	1.362599969		0.0091903			907.09	93		
2132	1.363000035		0.010068			908.06	93.099998474		
2135.8	1.363000035		0.010937			909.02	93.300003052		
2139.7	1.363199949		0.010921			909.98	93.400001526		
2143.6	1.363299966		0.011788			910.95	93.5		
2147.4	1.363499999		0.011771			911.91	93.599998474		
2151.3	1.363800049		0.012637			912.88	93.699996948		
2155.1	1.363800049		0.013495			913.84	93.800003052		
2159	1.363800049		0.013473			914.81	94		
2162.8	1.363999963		0.014331			915.77	94.099998474		
2166.7	1.363800049		0.015182			916.74	94.199996948		
2170.6	1.363800049		0.015156			917.7	94.300003052		
2174.4	1.363899946		0.016007001			918.66	94.400001526		
2178.3	1.363600016		0.016852001			919.63	94.5		
2182.1	1.363399982		0.016821001			920.59	94.599998474		
2186	1.363299966		0.017665001			921.56	94.800003052		
2189.8	1.362900019		0.018503999			922.52	94.900001526		
2193.7	1.362499952		0.018468			923.49	95		
2197.6	1.362100005		0.019304			924.45	95.099998474		
2201.4	1.361700058		0.019266			925.42	95.199996948		
2205.3	1.361199975		0.020098001			926.38	95.300003052		
2209.1	1.360499978		0.020055			927.35	95.5		
2213	1.359899998		0.020014999			928.31	95.599998474		
2216.9	1.359500051		0.019974999			929.27	95.699996948		
2220.7	1.359099984		0.019936001			930.24	95.800003052		
2224.6	1.358700037		0.019897001			931.2	95.900001526		
2228.4	1.358299971		0.019858001			932.17	96		
2232.3	1.357800007		0.019819001			933.13	96.099998474		
2236.1	1.357300043		0.019777			934.1	96.199996948		
2240	1.356999993		0.018882001			935.06	96.300003052		
2243.9	1.356899977		0.018848			936.03	96.400001526		
2247.7	1.356600046		0.018812999			936.99	96.5		
2251.6	1.356099963		0.018774001			937.95	96.599998474		
2255.4	1.355800033		0.017888			938.92	96.699996948		
2259.3	1.355700016		0.017854			939.88	96.800003052		
2263.1	1.355499983		0.016975001			940.85	96.900001526		
2267	1.355499983		0.016945999			941.81	97		
2270.9	1.355499983		0.016074			942.78	97.099998474		
2274.7	1.355599999		0.01605			943.74	97.199996948		
2278.6	1.355399966		0.016019			944.71	97.300003052		
2282.4	1.355200052		0.015153			945.67	97.400001526		
2286.3	1.355499983		0.014298			946.63	97.5		
2290.2	1.355900049		0.01428			947.6	97.5		
2294	1.355900049		0.014257			948.56	97.599998474		
2297.9	1.356099963		0.013408			949.53	97.699996948		
2301.7	1.35650003		0.013392			950.49	97.800003052		
2305.6	1.356699944		0.013372			951.46	97.900001526		
2309.4	1.356600046		0.01335			952.42	97.900001526		
2313.3	1.35679996		0.01251			953.39	98		
2317.2	1.357200027		0.012495			954.35	98.099998474		
2321	1.357300043		0.012478			955.31	98.099998474		
2324.9	1.357300043		0.012457			956.28	98.199996948		
2328.7	1.357499957		0.011625			957.24	98.300003052		
2332.6	1.357900023		0.011613			958.21	98.400001526		
2336.4	1.35800004		0.011597			959.17	98.400001526		
2340.3	1.35800004		0.011578			960.14	98.5		
2344.2	1.358199954		0.010755			961.1	98.5		
2348	1.35860002		0.010744			962.07	98.599998474		
2351.9	1.358700037		0.010728			963.03	98.699996948		
2355.7	1.358899951		0.0099137			964	98.699996948		
2359.6	1.359400034		0.0099054			964.96	98.800003052		
2363.5	1.359699965		0.0098943			965.92	98.800003052		
2367.3	1.359699965		0.0098802			966.89	98.900001526		
2371.2	1.360000014		0.009074			967.85	98.900001526		
2375	1.360499978		0.0090681			968.82	99		
2378.9	1.360900044		0.0090593			969.78	99		
2382.7	1.361099958		0.0090488			970.75	99.099998474		
2386.6	1.361199975		0.0090358			971.71	99.099998474		
2390.5	1.361500025		0.0082397			972.68	99.099998474		
2394.3	1.361999989		0.008235			973.64	99.199996948		
2398.2	1.362300038		0.0082274			974.6	99.199996948		
2402	1.362599969		0.0082188			975.57	99.199996948		
2405.9	1.362699986		0.0082078			976.53	99.300003052		
2409.7	1.363000035		0.0074214			977.5	99.300003052		
2413.6	1.363600016		0.0074186			978.46	99.300003052		
2417.5	1.363999963		0.0074133			979.43	99.400001526		
2421.3	1.364300013		0.0074069			980.39	99.400001526		
2425.2	1.364599943		0.0073999			981.36	99.400001526		
2429	1.364799976		0.007392			982.32	99.400001526		
2432.9	1.364899993		0.0073822			983.28	99.5		
2436.8	1.365200043		0.0066078			984.25	99.5		
2440.6	1.365800023		0.0066054			985.21	99.5		
2444.5	1.36619997		0.0066015			986.18	99.599998474		
2448.3	1.36650002		0.0065962			987.14	99.599998474		
2452.2	1.366799951		0.0065901			988.11	99.599998474		
2456	1.3671		0.0065836			989.07	99.599998474		
2459.9	1.367200017		0.006575			990.04	99.599998474		
2463.8	1.367499948		0.0058123			991	99.599998474		
2467.6	1.368000031		0.0058108			991.97	99.699996948		
2471.5	1.368399978		0.0058076			992.93	99.699996948		
2475.3	1.368800044		0.0058027			993.89	99.699996948		
2479.2	1.368899941		0.0057966			994.86	99.699996948		
2483	1.369300008		0.0050431			995.82	99.699996948		
2486.9	1.369899988		0.0050429			996.79	99.699996948		
2490.8	1.370399952		0.0050414			997.75	99.800003052		
2494.6	1.370800018		0.005039			998.72	99.699996948		
2498.5	1.371199965		0.0050358			999.68	99.800003052		
2502.3	1.371600032		0.0050324			1000.6	99.699996948		
2506.2	1.371899962		0.0050282			1001.6	99.800003052		
2510.1	1.371999979		0.005023			1002.6	99.800003052		
2513.9	1.372400045		0.0042818			1003.5	99.800003052		
2517.8	1.373100042		0.004282			1004.5	99.800003052		
2521.6	1.373600006		0.0042807			1005.5	99.800003052		
2525.5	1.373999953		0.0042792			1006.4	99.800003052		
2529.3	1.37440002		0.0042767			1007.4	99.800003052		
2533.2	1.374799967		0.004274			1008.4	99.800003052		
2537.1	1.375100017		0.0042704			1009.3	99.800003052		
2540.9	1.37530005		0.0042662			1010.3	99.900001526		
2544.8	1.375699997		0.0035369			1011.3	99.800003052		
2548.6	1.376399994		0.0035377			1012.2	99.800003052		
2552.5	1.376899958		0.0035367			1013.2	99.800003052		
2556.3	1.377400041		0.0035353			1014.1	99.800003052		
2560.2	1.377799988		0.0035334			1015.1	99.800003052		
2564.1	1.378100038		0.0035302			1016.1	99.800003052		
2567.9	1.378700018		0.0028114			1017	99.800003052		
2571.8	1.379199982		0.0035276			1018	99.800003052		
2575.6	1.379500031		0.0028093			1019	99.800003052		
2579.5	1.380200028		0.0028094			1019.9	99.900001526		
2583.4	1.380800009		0.0028086			1020.9	99.800003052		
2587.2	1.381299973		0.0028074			1021.9	99.900001526		
2591.1	1.381800056		0.0028061			1022.8	99.900001526		
2594.9	1.382300019		0.0028043			1023.8	99.900001526		
2598.8	1.382699966		0.0028023			1024.8	99.900001526		
2602.6	1.383100033		0.0027996			1025.7	99.900001526		
2606.5	1.38349998		0.0027967			1026.7	99.900001526		
2610.4	1.383999944		0.0020913			1027.7	99.900001526		
2614.2	1.384699941		0.0020908			1028.6	99.900001526		
2618.1	1.385400057		0.0020899			1029.6	99.900001526		
2621.9	1.386000037		0.0020884			1030.5	99.900001526		
2625.8	1.386600018		0.0020868			1031.5	99.900001526		
2629.6	1.387199998		0.0020844			1032.5	99.900001526		
2633.5	1.387699962		0.0020823			1033.4	99.900001526		
2637.4	1.388299942		0.0020795			1034.4	99.900001526		
2641.2	1.388900042		0.0020768			1035.4	99.900001526		
2645.1	1.389400005		0.002074			1036.3	99.900001526		
2648.9	1.389999986		0.0020704			1037.3	99.900001526		
2652.8	1.390499949		0.002067			1038.3	99.900001526		
2656.7	1.391000032		0.0020633			1039.2	99.900001526		
2660.5	1.39139998		0.0020594			1040.2	99.900001526		
2664.4	1.392099977		0.0013692			1041.2	100		
2668.2	1.39289999		0.0013657			1042.1	99.900001526		
2672.1	1.393700004		0.0013617			1043.1	99.900001526		
2675.9	1.394400001		0.0013574			1044	99.900001526		
2679.8	1.395200014		0.0013526			1045	99.900001526		
2683.7	1.395699978		0.0020285			1046	99.900001526		
2687.5	1.396199942		0.0013438			1046.9	99.900001526		
2691.4	1.397099972		0.0013378			1047.9	99.900001526		
2695.2	1.397899985		0.0013316			1048.9	99.900001526		
2699.1	1.398699999		0.0013251			1049.8	99.900001526		
2702.9	1.399600029		0.0013171			1050.8	99.900001526		
2706.8	1.400200009		0.0019834			1051.8	99.900001526		
2710.7	1.400699973		0.0019761			1052.7	99.900001526		
2714.5	1.401200056		0.0019687			1053.7	99.900001526		
2718.4	1.402099967		0.0012887			1054.7	99.900001526		
2722.2	1.402999997		0.0019477			1055.6	99.900001526		
2726.1	1.403599977		0.0019385			1056.6	99.900001526		
2730	1.404199958		0.0019285			1057.6	99.900001526		
2733.8	1.404899955		0.0019175			1058.5	99.900001526		
2737.7	1.405699968		0.0019063			1059.5	99.900001526		
2741.5	1.406399965		0.0018945			1060.4	99.900001526		
2745.4	1.407199979		0.0018821			1061.4	99.900001526		
2749.2	1.407999992		0.001869			1062.4	99.900001526		
2753.1	1.408800006		0.0018553			1063.3	99.900001526		
2757	1.409700036		0.0018406			1064.3	99.900001526		
2760.8	1.410599947		0.001825			1065.3	99.900001526		
2764.7	1.411599994		0.0018076			1066.2	99.900001526		
2768.5	1.412400007		0.0024483			1067.2	99.900001526		
2772.4	1.412899971		0.0024349			1068.2	99.900001526		
2776.2	1.413800001		0.0017611			1069.1	99.900001526		
2780.1	1.414899945		0.0023941			1070.1	99.900001526		
2784	1.415599942		0.0023766			1071.1	99.900001526		
2787.8	1.416399956		0.0023571			1072	99.900001526		
2791.7	1.417299986		0.0023366			1073	99.900001526		
2795.5	1.418200016		0.0023148			1073.9	99.900001526		
2799.4	1.419100046		0.002292			1074.9	99.900001526		
2803.3	1.420099974		0.0022684			1075.9	99.900001526		
2807.1	1.42110002		0.0022429			1076.8	99.900001526		
2811	1.422099948		0.0022166			1077.8	99.900001526		
2814.8	1.423200011		0.0021883			1078.8	99.900001526		
2818.7	1.424499989		0.0021567			1079.7	99.800003052		
2822.5	1.425500035		0.0027702			1080.7	99.900001526		
2826.4	1.426300049		0.0027442			1081.7	99.800003052		
2830.3	1.427299976		0.0027146			1082.6	99.900001526		
2834.1	1.428300023		0.0026832			1083.6	99.900001526		
2838	1.429299951		0.0026529			1084.6	99.800003052		
2841.8	1.430500031		0.0019774			1085.5	99.800003052		
2845.7	1.432100058		0.0019311			1086.5	99.800003052		
2849.5	1.433400035		0.0025246			1087.4	99.800003052		
2853.4	1.434499979		0.0024865			1088.4	99.900001526		
2857.3	1.435799956		0.0024439			1089.4	99.800003052		
2861.1	1.437100053		0.002398			1090.3	99.900001526		
2865	1.438500047		0.0023482			1091.3	99.800003052		
2868.8	1.440099955		0.0022931			1092.3	99.900001526		
2872.7	1.441499949		0.0028709			1093.2	99.800003052		
2876.6	1.442800045		0.002821			1094.2	99.900001526		
2880.4	1.444200039		0.0027645			1095.2	99.900001526		
2884.3	1.445799947		0.0027025			1096.1	99.800003052		
2888.1	1.44749999		0.0026329			1097.1	99.800003052		
2892	1.449200034		0.0031899			1098.1	99.800003052		
2895.8	1.450799942		0.0031201			1099	99.800003052		
2899.7	1.452399969		0.0036734			1100	99.800003052		
2903.6	1.453999996		0.0036023			1101	99.800003052		
2907.4	1.455800056		0.0035182			1101.9	99.900001526		
2911.3	1.457599998		0.004056			1102.9	99.800003052		
2915.1	1.459300041		0.0039714			1103.8	99.900001526		
2919	1.461400032		0.0038704			1104.8	99.900001526		
2922.8	1.463600039		0.0043834			1105.8	99.900001526		
2926.7	1.465499997		0.0048994			1106.7	99.900001526		
2930.6	1.467399955		0.0054187			1107.7	99.900001526		
2934.4	1.469400048		0.0053074			1108.7	99.900001526		
2938.3	1.471600056		0.0058016			1109.6	99.900001526		
2942.1	1.473799944		0.0062966			1110.6	99.900001526		
2946	1.475800037		0.0067933			1111.6	99.800003052		
2949.9	1.478099942		0.0066567			1112.5	99.900001526		
2953.7	1.480599999		0.0071198			1113.5	99.800003052		
2957.6	1.483100057		0.0075784			1114.5	99.900001526		
2961.4	1.485700011		0.0080245			1115.4	99.800003052		
2965.3	1.488299966		0.0090893			1116.4	99.800003052		
2969.1	1.490700006		0.0095373			1117.3	99.800003052		
2973	1.493399978		0.0099635			1118.3	99.800003052		
2976.9	1.496099949		0.011003			1119.3	99.800003052		
2980.7	1.498900056		0.011417			1120.2	99.800003052		
2984.6	1.501700044		0.012439			1121.2	99.800003052		
2988.4	1.504699945		0.012829			1122.2	99.800003052		
2992.3	1.507799983		0.013817			1123.1	99.800003052		
2996.1	1.511000037		0.014801			1124.1	99.800003052		
3000	1.514199972		0.015776001			1125.1	99.800003052		
3003.9	1.517500043		0.016736999			1126	99.800003052		
3007.7	1.521000028		0.017673999			1127	99.800003052		
3011.6	1.524500012		0.019230001			1128	99.800003052		
3015.4	1.528100014		0.02015			1128.9	99.800003052		
3019.3	1.531800032		0.021671001			1129.9	99.800003052		
3023.2	1.53550005		0.023196001			1130.8	99.800003052		
3027	1.539600015		0.024054			1131.8	99.800003052		
3030.9	1.543799996		0.026148001			1132.8	99.900001526		
3034.7	1.548099995		0.027604001			1133.7	99.800003052		
3038.6	1.552600026		0.029669			1134.7	99.800003052		
3042.4	1.557100058		0.031730998			1135.7	99.800003052		
3046.3	1.561800003		0.033771999			1136.6	99.800003052		
3050.2	1.566799998		0.035776			1137.6	99.800003052		
3054	1.572000027		0.038396999			1138.6	99.800003052		
3057.9	1.577499986		0.040994			1139.5	99.800003052		
3061.7	1.583299994		0.044218			1140.5	99.800003052		
3065.6	1.58889997		0.048124			1141.5	99.800003052		
3069.4	1.594799995		0.051355001			1142.4	99.800003052		
3073.3	1.600999951		0.055904001			1143.4	99.800003052		
3077.2	1.607200027		0.060486998			1144.4	99.800003052		
3081	1.613399982		0.065783001			1145.3	99.800003052		
3084.9	1.619799972		0.071121			1146.3	99.800003052		
3088.7	1.626299977		0.077183001			1147.2	99.800003052		
3092.6	1.6329		0.084031001			1148.2	99.800003052		
3096.5	1.639199972		0.091732003			1149.2	99.800003052		
3100.3	1.645400047		0.099574			1150.1	99.800003052		
3104.2	1.651499987		0.1083			1151.1	99.800003052		
3108	1.657199979		0.118019998			1152.1	99.800003052		
3111.9	1.662400007		0.128000006			1153	99.800003052		
3115.7	1.667299986		0.138219997			1154	99.800003052		
3119.6	1.671900034		0.149519995			1155	99.800003052		
3123.5	1.675899982		0.161170006			1155.9	99.800003052		
3127.3	1.679299951		0.17317			1156.9	99.800003052		
3131.2	1.682399988		0.185489997			1157.9	99.699996948		
3135	1.684599996		0.19912			1158.8	99.800003052		
3138.9	1.685899973		0.212310001			1159.8	99.800003052		
3142.7	1.68659997		0.225909993			1160.7	99.800003052		
3146.6	1.686800003		0.238949999			1161.7	99.800003052		
3150.5	1.686400056		0.25334999			1162.7	99.800003052		
3154.3	1.685099959		0.267230004			1163.6	99.800003052		
3158.2	1.682999969		0.28154999			1164.6	99.800003052		
3162	1.680199981		0.295240015			1165.6	99.699996948		
3165.9	1.676800013		0.309320003			1166.5	99.699996948		
3169.8	1.672700047		0.322699994			1167.5	99.699996948		
3173.6	1.668300033		0.336400002			1168.5	99.800003052		
3177.5	1.662899971		0.350529999			1169.4	99.800003052		
3181.3	1.656700015		0.363900006			1170.4	99.699996948		
3185.2	1.650099993		0.376359999			1171.4	99.699996948		
3189	1.643300056		0.389079988			1172.3	99.699996948		
3192.9	1.635699987		0.402139992			1173.3	99.699996948		
3196.8	1.627599955		0.414229989			1174.3	99.699996948		
3200.6	1.618800044		0.426609993			1175.2	99.699996948		
3204.5	1.609599948		0.437940001			1176.2	99.699996948		
3208.3	1.600000024		0.449479997			1177.1	99.699996948		
3212.2	1.590199947		0.459859997			1178.1	99.699996948		
3216.1	1.57980001		0.471870005			1179.1	99.699996948		
3219.9	1.568799973		0.481279999			1180	99.699996948		
3223.8	1.557600021		0.49228999			1181	99.699996948		
3227.6	1.545699954		0.502080023			1182	99.699996948		
3231.5	1.533100009		0.512080014			1182.9	99.699996948		
3235.3	1.520200014		0.520749986			1183.9	99.699996948		
3239.2	1.507099986		0.529519975			1184.9	99.699996948		
3243.1	1.493199944		0.538500011			1185.8	99.699996948		
3246.9	1.478700042		0.54606998			1186.8	99.699996948		
3250.8	1.464100003		0.553740025			1187.8	99.699996948		
3254.6	1.448500037		0.561609983			1188.7	99.599998474		
3258.5	1.431699991		0.568069994			1189.7	99.699996948		
3262.3	1.414800048		0.572950006			1190.6	99.699996948		
3266.2	1.397600055		0.577889979			1191.6	99.599998474		
3270.1	1.379999995		0.581239998			1192.6	99.599998474		
3273.9	1.361899972		0.584659994			1193.5	99.599998474		
3277.8	1.343099952		0.586489975			1194.5	99.599998474		
3281.6	1.324200034		0.586660028			1195.5	99.599998474		
3285.5	1.305600047		0.585070014			1196.4	99.599998474		
3289.4	1.287199974		0.583459973			1197.4	99.599998474		
3293.2	1.268599987		0.580169976			1198.4	99.599998474		
3297.1	1.250699997		0.575139999			1199.3	99.599998474		
3300.9	1.232900023		0.570110023			1200.3	99.599998474		
3304.8	1.216099977		0.561670005			1201.3	99.599998474		
3308.6	1.200199962		0.554820001			1202.2	99.599998474		
3312.5	1.185199976		0.544679999			1203.2	99.599998474		
3316.4	1.171399951		0.536080003			1204.2	99.599998474		
3320.2	1.158100009		0.525919974			1205.1	99.599998474		
3324.1	1.146100044		0.51572001			1206.1	99.599998474		
3327.9	1.134600043		0.505569994			1207	99.599998474		
3331.8	1.124300003		0.493880004			1208	99.599998474		
3335.6	1.115300059		0.483700007			1209	99.599998474		
3339.5	1.106699944		0.473580003			1209.9	99.599998474		
3343.4	1.098500013		0.463539988			1210.9	99.599998474		
3347.2	1.090999961		0.453539997			1211.9	99.599998474		
3351.1	1.083899975		0.443599999			1212.8	99.5		
3354.9	1.077600002		0.433710009			1213.8	99.5		
3358.8	1.071400046		0.425289989			1214.8	99.5		
3362.7	1.065500021		0.415580004			1215.7	99.599998474		
3366.5	1.059900045		0.407270014			1216.7	99.5		
3370.4	1.05400002		0.399060011			1217.7	99.5		
3374.2	1.048499942		0.389589995			1218.6	99.5		
3378.1	1.043200016		0.381489992			1219.6	99.5		
3381.9	1.038900018		0.37086001			1220.5	99.5		
3385.8	1.034600019		0.36541			1221.5	99.5		
3389.7	1.029000044		0.357520014			1222.5	99.5		
3393.5	1.023300052		0.34968999			1223.4	99.5		
3397.4	1.01760006		0.340689987			1224.4	99.5		
3401.2	1.012199998		0.331750005			1225.4	99.5		
3405.1	1.007300019		0.321689993			1226.3	99.5		
3408.9	1.002300024		0.312909991			1227.3	99.5		
3412.8	0.998989999		0.29956001			1228.3	99.5		
3416.7	0.996070027		0.293309987			1229.2	99.400001526		
3420.5	0.991559982		0.283659995			1230.2	99.5		
3424.4	0.98773998		0.273009986			1231.2	99.400001526		
3428.2	0.984489977		0.262499988			1232.1	99.400001526		
3432.1	0.981509984		0.252139986			1233.1	99.5		
3436	0.978789985		0.24086			1234	99.800003052		
3439.8	0.977090001		0.228750005			1235	99.599998474		
3443.7	0.976019979		0.217930004			1236	99.400001526		
3447.5	0.975269973		0.206300005			1236.9	99.400001526		
3451.4	0.975149989		0.194930002			1237.9	99.400001526		
3455.2	0.975870013		0.182889998			1238.9	99.400001526		
3459.1	0.97724998		0.172120005			1239.8	99.400001526		
3463	0.979189992		0.160710007			1240.8	99.400001526		
3466.8	0.981660008		0.150549993			1241.8	99.400001526		
3470.7	0.984570026		0.139770001			1242.7	99.300003052		
3474.5	0.988049984		0.130209997			1243.7	99.400001526		
3478.4	0.992079973		0.120099999			1244.7	99.400001526		
3482.2	0.996420026		0.11197			1245.6	99.300003052		
3486.1	1.000699997		0.103210002			1246.6	99.300003052		
3490	1.005699992		0.094768003			1247.6	99.300003052		
3493.8	1.011000037		0.087389998			1248.5	99.300003052		
3497.7	1.016199946		0.080946997			1249.5	99.300003052		
3501.5	1.021600008		0.073925003			1250.4	99.300003052		
3505.4	1.02699995		0.068581			1251.4	99.300003052		
3509.3	1.032400012		0.062618002			1252.4	99.300003052		
3513.1	1.037799954		0.058224			1253.3	99.300003052		
3517	1.042999983		0.053179			1254.3	99.300003052		
3520.8	1.048200011		0.048953999			1255.3	99.300003052		
3524.7	1.05340004		0.044801001			1256.2	99.300003052		
3528.5	1.058500051		0.041379999			1257.2	99.300003052		
3532.4	1.063599944		0.037358999			1258.2	99.300003052		
3536.3	1.068699956		0.034736998			1259.1	99.199996948		
3540.1	1.073300004		0.032086			1260.1	99.199996948		
3544	1.077800035		0.029445			1261.1	99.199996948		
3547.8	1.08220005		0.026830999			1262	99.199996948		
3551.7	1.086699963		0.024266001			1263	99.199996948		
3555.5	1.090999961		0.022348			1263.9	99.199996948		
3559.4	1.095199943		0.020419			1264.9	99.199996948		
3563.3	1.099300027		0.018505			1265.9	99.199996948		
3567.1	1.103099942		0.017189			1266.8	99.199996948		
3571	1.106899977		0.015261			1267.8	99.199996948		
3574.8	1.110599995		0.013958			1268.8	99.199996948		
3578.7	1.114199996		0.012634			1269.7	99.099998474		
3582.6	1.117599964		0.011306			1270.7	99.199996948		
3586.4	1.121000051		0.0099831			1271.7	99.099998474		
3590.3	1.12440002		0.0086765			1272.6	99.099998474		
3594.1	1.127599955		0.0079361			1273.6	99.099998474		
3598	1.130800009		0.0066108			1274.6	99.099998474		
3601.8	1.133999944		0.0058733			1275.5	99.099998474		
3605.7	1.136899948		0.0051113			1276.5	99.099998474		
3609.6	1.139799953		0.0043388			1277.5	99.099998474		
3613.4	1.14260006		0.0035612			1278.4	99.099998474		
3617.3	1.145400047		0.0027836			1279.4	99.099998474		
3621.1	1.148200035		0.0020102			1280.3	99.099998474		
3625	1.151100039		0.0012572			1281.3	99.099998474		
3628.8	1.153599977		0.0015684			1282.3	99		
3632.7	1.155799985		0.00073272			1283.2	99		
3636.6	1.158400059		0			1284.2	99		
3640.4	1.160899997		0			1285.2	99		
3644.3	1.163300037		0			1286.1	99		
3648.1	1.165500045		0			1287.1	99		
3652	1.167600036		0			1288.1	99		
3655.9	1.169800043		0			1289	99		
3659.7	1.172299981		0			1290	99		
3663.6	1.174700022		0			1291	99		
3667.4	1.176800013		0			1291.9	99		
3671.3	1.17809999		0			1292.9	98.900001526		
3675.1	1.179299951		0			1293.8	98.900001526		
3679	1.180799961		0			1294.8	98.900001526		
3682.9	1.182500005		0			1295.8	98.900001526		
3686.7	1.184399962		0			1296.7	98.900001526		
3690.6	1.186300039		0			1297.7	98.900001526		
3694.4	1.18809998		0			1298.7	98.900001526		
3698.3	1.189800024		0			1299.6	98.900001526		
3702.1	1.191400051		0			1300.6	98.900001526		
3706	1.192999959		0			1301.6	98.900001526		
3709.9	1.194599986		0			1302.5	98.900001526		
3713.7	1.19599998		0			1303.5	98.900001526		
3717.6	1.197399974		0			1304.5	98.900001526		
3721.4	1.199000001		0			1305.4	98.800003052		
3725.3	1.200299978		0			1306.4	98.800003052		
3729.2	1.201699972		0			1307.3	98.800003052		
3733	1.202999949		0			1308.3	98.800003052		
3736.9	1.204100013		0			1309.3	98.800003052		
3740.7	1.20539999		0			1310.2	98.800003052		
3744.6	1.206500053		0			1311.2	98.800003052		
3748.4	1.207599998		0			1312.2	98.800003052		
3752.3	1.208899975		0			1313.1	98.800003052		
3756.2	1.210000038		0			1314.1	98.800003052		
3760	1.210999966		0			1315.1	98.800003052		
3763.9	1.212100029		0			1316	98.800003052		
3767.7	1.21329999		0			1317	98.800003052		
3771.6	1.214400053		0			1318	98.800003052		
3775.4	1.215399981		0			1318.9	98.699996948		
3779.3	1.216300011		0			1319.9	98.699996948		
3783.2	1.217300057		0			1320.9	98.699996948		
3787	1.218400002		0			1321.8	98.699996948		
3790.9	1.219300032		0			1322.8	98.699996948		
3794.7	1.220399976		0			1323.7	98.699996948		
3798.6	1.221500039		0			1324.7	98.699996948		
3802.5	1.222100019		0			1325.7	98.699996948		
3806.3	1.222800016		0			1326.6	98.599998474		
3810.2	1.223899961		0			1327.6	98.599998474		
3814	1.224900007		0			1328.6	98.599998474		
3817.9	1.225900054		0			1329.5	98.599998474		
3821.7	1.226600051		0			1330.5	98.599998474		
3825.6	1.227200031		0			1331.5	98.599998474		
3829.5	1.228099942		0			1332.4	98.599998474		
3833.3	1.228899956		0			1333.4	98.599998474		
3837.2	1.229599953		0			1334.4	98.599998474		
3841	1.230499983		0			1335.3	98.599998474		
3844.9	1.231299996		0			1336.3	98.599998474		
3848.7	1.23210001		0			1337.2	98.599998474		
3852.6	1.232599974		0			1338.2	98.599998474		
3856.5	1.233100057		0			1339.2	98.599998474		
3860.3	1.233999968		0			1340.1	98.5		
3864.2	1.234799981		0			1341.1	98.5		
3868	1.235499978		0			1342.1	98.5		
3871.9	1.236199975		0			1343	98.599998474		
3875.8	1.236899972		0			1344	98.599998474		
3879.6	1.237599969		0			1345	98.5		
3883.5	1.238299966		0			1345.9	98.5		
3887.3	1.238899946		0			1346.9	98.5		
3891.2	1.239599943		0			1347.9	98.5		
3895	1.240200043		0			1348.8	98.5		
3898.9	1.24090004		0			1349.8	98.400001526		
3902.8	1.241299987		0			1350.8	98.400001526		
3906.6	1.241700053		0			1351.7	98.400001526		
3910.5	1.24240005		0			1352.7	98.400001526		
3914.3	1.243000031		0			1353.6	98.400001526		
3918.2	1.243499994		0			1354.6	98.400001526		
3922	1.244099975		0			1355.6	98.400001526		
3925.9	1.244500041		0			1356.5	98.400001526		
3929.8	1.245200038		0			1357.5	98.400001526		
3933.6	1.245800018		0			1358.5	98.400001526		
3937.5	1.246299982		0			1359.4	98.400001526		
3941.3	1.246999979		0			1360.4	98.400001526		
3945.2	1.247799993		0			1361.4	98.300003052		
3949.1	1.248299956		0			1362.3	98.300003052		
3952.9	1.248700023		0			1363.3	98.300003052		
3956.8	1.249199986		0			1364.3	98.300003052		
3960.6	1.249600053		0			1365.2	98.300003052		
3964.5	1.250100017		0			1366.2	98.300003052		
3968.3	1.25059998		0			1367.1	98.300003052		
3972.2	1.251000047		0			1368.1	98.300003052		
3976.1	1.251600027		0			1369.1	98.300003052		
3979.9	1.252200007		0			1370	98.300003052		
3983.8	1.252799988		0			1371	98.300003052		
3987.6	1.253499985		0			1372	98.300003052		
3991.5	1.254099965		0			1372.9	98.199996948		
3995.3	1.254799962		0			1373.9	98.199996948		
3999.2	1.255499959		0			1374.9	98.199996948		