Reference:	"Hudgins et al. (1993)"
DOI:	"doi:https://doi.org/10.1086/191796"
Sample Type:	"Ice"
Composition:	"H2O (1)"
Temperature:	"80K"
OCdb page:	"https://ocdb.smce.nasa.gov/dataset/111"
n₁ Error Units:	Not Applicable
k₁ Error Units:	Not Applicable
T₁ Error Units:	Not Applicable

"Wavenumber (cm⁻¹)"	"n₁"	"Dn₁  (+/-)"	"k₁"	"Dk₁  (+/-)"		"Wavenumber (cm⁻¹)"	"T₁"	"DT₁  (+/-)"	
500.1	1.5128		0.01394			500.08	99.599998474		
503.9	1.5152		0.006921			501.05	99.699996948		
507.8	1.5173		0.013635			502.01	99.699996948		
511.6	1.5166		0.01693			502.98	99.599998474		
515.5	1.519		0.013393			503.94	99.800003052		
519.4	1.5179		0.026673			504.9	99.599998474		
523.2	1.516		0.016572			505.87	99.699996948		
527.1	1.5204		0.016346			506.83	99.599998474		
530.9	1.5237		0.019397			507.8	99.599998474		
534.8	1.5252		0.022445			508.76	99.599998474		
538.7	1.5266		0.022243			509.73	99.599998474		
542.5	1.5296		0.021991			510.69	99.599998474		
546.4	1.5328		0.02489			511.65	99.5		
550.2	1.5347		0.027783			512.62	99.5		
554.1	1.5372		0.027499			513.58	99.400001526		
558	1.5404		0.030275			514.55	99.5		
561.8	1.543		0.033029			515.51	99.599998474		
565.7	1.5448		0.035764			516.48	99.5		
569.5	1.5477		0.035398			517.44	99.699996948		
573.4	1.552		0.037965			518.41	99.599998474		
577.2	1.555		0.043516			519.37	99.199996948		
581.1	1.557		0.04608			520.34	99.5		
585	1.5599		0.04856			521.3	99.400001526		
588.8	1.5617		0.053977			522.26	99.699996948		
592.7	1.5643		0.053473			523.23	99.5		
596.5	1.5678		0.058685			524.19	99.5		
600.4	1.5708		0.060977			525.16	99.400001526		
604.2	1.5742		0.066064			526.12	99.400001526		
608.1	1.5764		0.071158			527.09	99.5		
612	1.5791		0.073325			528.05	99.400001526		
615.8	1.5828		0.078197			529.02	99.300003052		
619.7	1.5864		0.083001			529.98	99.400001526		
623.5	1.5891		0.090587			530.94	99.400001526		
627.4	1.5913		0.095366			531.91	99.400001526		
631.2	1.5932		0.10288			532.87	99.300003052		
635.1	1.5946		0.10761			533.84	99.5		
639	1.5973		0.11216			534.8	99.300003052		
642.8	1.6006		0.11933			535.77	99.5		
646.7	1.6021		0.12934			536.73	99.400001526		
650.5	1.6019		0.13674			537.7	99.300003052		
654.4	1.6031		0.14122			538.66	99.300003052		
658.3	1.6043		0.15107			539.63	99.300003052		
662.1	1.6043		0.15831			540.59	99.300003052		
666	1.6049		0.16543			541.55	99.300003052		
669.8	1.6048		0.1753			542.52	99.300003052		
673.7	1.6043		0.18246			543.48	99.199996948		
677.5	1.6038		0.19231			544.45	99.300003052		
681.4	1.6017		0.20236			545.41	99.199996948		
685.3	1.5996		0.20968			546.38	99.199996948		
689.1	1.5972		0.21975			547.34	99.300003052		
693	1.5945		0.22712			548.3	99.199996948		
696.8	1.5916		0.23726			549.27	99.199996948		
700.7	1.5883		0.2447			550.23	99.099998474		
704.5	1.585		0.25489			551.2	99.199996948		
708.4	1.5801		0.26539			552.16	99.199996948		
712.3	1.5745		0.27326			553.13	99.199996948		
716.1	1.5697		0.28098			554.09	99.099998474		
720	1.5641		0.29167			555.06	99.099998474		
723.8	1.5572		0.29984			556.02	99		
727.7	1.5504		0.30802			556.99	99.099998474		
731.6	1.5433		0.31629			557.95	99		
735.4	1.5356		0.32471			558.91	99.099998474		
739.3	1.5269		0.33339			559.88	99		
743.1	1.5182		0.33926			560.84	99		
747	1.509		0.34812			561.81	98.900001526		
750.9	1.4987		0.3544			562.77	98.900001526		
754.7	1.488		0.36081			563.74	98.900001526		
758.6	1.4779		0.36423			564.7	98.900001526		
762.4	1.4682		0.37047			565.67	98.800003052		
766.3	1.4567		0.37715			566.63	98.800003052		
770.1	1.4446		0.38112			567.59	98.900001526		
774	1.4321		0.3852			568.56	98.699996948		
777.9	1.4202		0.3862			569.52	98.800003052		
781.7	1.4083		0.39018			570.49	98.699996948		
785.6	1.3956		0.3914			571.45	98.699996948		
789.4	1.3833		0.39253			572.42	98.699996948		
793.3	1.3705		0.39381			573.38	98.699996948		
797.1	1.3582		0.39195			574.35	98.599998474		
801	1.346		0.39308			575.31	98.599998474		
804.9	1.3332		0.39134			576.28	98.5		
808.7	1.3209		0.38948			577.24	98.5		
812.6	1.3088		0.38757			578.2	98.5		
816.4	1.296		0.38582			579.17	98.5		
820.3	1.2838		0.3809			580.13	98.5		
824.1	1.2715		0.379			581.1	98.400001526		
828	1.2582		0.37431			582.06	98.400001526		
831.9	1.2463		0.36622			583.03	98.400001526		
835.7	1.2356		0.36086			583.99	98.400001526		
839.6	1.224		0.35571			584.96	98.300003052		
843.4	1.2124		0.34749			585.92	98.300003052		
847.3	1.202		0.33901			586.89	98.300003052		
851.1	1.1922		0.33039			587.85	98.199996948		
855	1.183		0.32165			588.81	98.099998474		
858.9	1.174		0.31286			589.78	98.199996948		
862.7	1.1648		0.30412			590.74	98.199996948		
866.6	1.1567		0.29221			591.71	98.199996948		
870.4	1.1491		0.2832			592.67	98.099998474		
874.3	1.1416		0.27122			593.64	98		
878.2	1.1358		0.25903			594.6	98		
882	1.1296		0.24989			595.56	97.900001526		
885.9	1.1245		0.23481			596.53	97.900001526		
889.7	1.1201		0.22553			597.49	97.900001526		
893.6	1.116		0.21053			598.46	97.900001526		
897.5	1.1139		0.19832			599.42	97.800003052		
901.3	1.1122		0.1862			600.39	97.800003052		
905.2	1.1109		0.17418			601.35	97.699996948		
909	1.1102		0.16227			602.32	97.699996948		
912.9	1.1099		0.15048			603.28	97.699996948		
916.7	1.1098		0.13885			604.24	97.599998474		
920.6	1.1111		0.12461			605.21	97.599998474		
924.5	1.114		0.11324			606.17	97.5		
928.3	1.1171		0.10207			607.14	97.5		
932.2	1.1209		0.091102			608.1	97.400001526		
936	1.1256		0.080348			609.07	97.5		
939.9	1.1304		0.072344			610.03	97.300003052		
943.7	1.1355		0.062011			611	97.300003052		
947.6	1.1415		0.054374			611.96	97.300003052		
951.5	1.1472		0.046898			612.93	97.199996948		
955.3	1.1532		0.039588			613.89	97.099998474		
959.2	1.1599		0.032461			614.85	97.099998474		
963	1.1665		0.027819			615.82	97.099998474		
966.9	1.1735		0.020992			616.78	97		
970.8	1.1805		0.01886			617.75	96.900001526		
974.6	1.1867		0.014489			618.71	97		
978.5	1.1926		0.012418			619.68	96.900001526		
982.3	1.1986		0.008184			620.64	96.900001526		
986.2	1.205		0.006228			621.61	96.699996948		
990	1.2111		0.004297			622.57	96.699996948		
993.9	1.2163		0.004492			623.53	96.599998474		
997.8	1.2209		0.002534			624.5	96.599998474		
1001.6	1.2263		0.000642			625.46	96.5		
1005.5	1.2314		0.000854			626.43	96.5		
1009.3	1.2358		0.001023			627.39	96.400001526		
1013.2	1.2396		0.001168			628.36	96.400001526		
1017	1.243		0.00129			629.32	96.300003052		
1020.9	1.2458		0.001386			630.29	96.199996948		
1024.8	1.249		0			631.25	96.099998474		
1028.6	1.2526		0			632.22	96.099998474		
1032.5	1.2555		0			633.18	96.099998474		
1036.3	1.259		0			634.14	96		
1040.2	1.2623		0			635.11	95.900001526		
1044	1.2645		6.2E-5			636.07	95.900001526		
1047.9	1.2665		0.000129			637.04	95.800003052		
1051.8	1.2693		0			638	95.699996948		
1055.6	1.2718		0.000311			638.97	95.699996948		
1059.5	1.274		0			639.93	95.599998474		
1063.3	1.2772		0			640.9	95.5		
1067.2	1.2794		0.000565			641.86	95.5		
1071.1	1.2809		0.00061			642.82	95.400001526		
1074.9	1.2827		0.000663			643.79	95.300003052		
1078.8	1.2844		0.000715			644.75	95.199996948		
1082.6	1.2862		0.000767			645.72	95.099998474		
1086.5	1.2879		0.000817			646.68	95		
1090.3	1.2896		0.000867			647.65	95		
1094.2	1.2912		0.000915			648.61	94.900001526		
1098.1	1.2929		0.000962			649.58	94.800003052		
1101.9	1.2945		0.001009			650.54	94.699996948		
1105.8	1.2962		0.001055			651.5	94.699996948		
1109.6	1.2979		0.001104			652.47	94.599998474		
1113.5	1.2998		0.001159			653.43	94.5		
1117.3	1.3012		0.002968			654.4	94.5		
1121.2	1.302		0.002978			655.36	94.400001526		
1125.1	1.303		0.002996			656.33	94.300003052		
1128.9	1.3041		0.003017			657.29	94.300003052		
1132.8	1.3053		0.003038			658.26	94.099998474		
1136.6	1.3064		0.00306			659.22	94.099998474		
1140.5	1.3076		0.003081			660.18	94		
1144.4	1.3088		0.003103			661.15	93.900001526		
1148.2	1.31		0.003125			662.11	93.800003052		
1152.1	1.3112		0.003149			663.08	93.800003052		
1155.9	1.3125		0.003173			664.04	93.699996948		
1159.8	1.3138		0.0032			665.01	93.599998474		
1163.6	1.3154		0.003232			665.97	93.5		
1167.5	1.3165		0.00493			666.94	93.400001526		
1171.4	1.317		0.004927			667.9	92.400001526		
1175.2	1.3179		0.004932			668.87	92.900001526		
1179.1	1.3188		0.00494			669.83	93.099998474		
1182.9	1.3199		0.00495			670.79	93.099998474		
1186.8	1.321		0.004963			671.76	92.900001526		
1190.6	1.3225		0.004984			672.72	92.900001526		
1194.5	1.3234		0.006627			673.69	92.800003052		
1198.4	1.3238		0.006617			674.65	92.699996948		
1202.2	1.3246		0.006615			675.62	92.599998474		
1206.1	1.3256		0.006617			676.58	92.5		
1209.9	1.3269		0.006626			677.55	92.400001526		
1213.8	1.3277		0.008231			678.51	92.300003052		
1217.7	1.3281		0.008214			679.47	92.199996948		
1221.5	1.3288		0.008205			680.44	92.099998474		
1225.4	1.3298		0.008202			681.4	92		
1229.2	1.3303		0.009773			682.37	91.900001526		
1233.1	1.3311		0.008179			683.33	91.900001526		
1236.9	1.3321		0.009752			684.3	91.800003052		
1240.8	1.3327		0.009734			685.26	91.699996948		
1244.7	1.3337		0.009726			686.23	91.599998474		
1248.5	1.3344		0.011269			687.19	91.5		
1252.4	1.3346		0.011241			688.15	91.5		
1256.2	1.3353		0.011219			689.12	91.300003052		
1260.1	1.3363		0.011206			690.08	91.199996948		
1263.9	1.337		0.012724			691.05	91.199996948		
1267.8	1.3373		0.012693			692.01	91.099998474		
1271.7	1.3382		0.01267			692.98	91		
1275.5	1.3387		0.014168			693.94	90.900001526		
1279.4	1.3389		0.014129			694.91	90.800003052		
1283.2	1.3397		0.014101			695.87	90.699996948		
1287.1	1.3401		0.01558			696.84	90.599998474		
1291	1.3402		0.015535			697.8	90.5		
1294.8	1.3406		0.015498			698.76	90.400001526		
1298.7	1.3415		0.015467			699.73	90.300003052		
1302.5	1.3421		0.016924			700.69	90.300003052		
1306.4	1.3425		0.016882			701.66	90.199996948		
1310.2	1.3427		0.018323			702.62	90.099998474		
1314.1	1.3426		0.018271			703.59	90		
1318	1.3429		0.018224			704.55	89.900001526		
1321.8	1.3437		0.018181			705.52	89.800003052		
1325.7	1.344		0.019604			706.48	89.699996948		
1329.5	1.3441		0.019549			707.44	89.599998474		
1333.4	1.3447		0.019502			708.41	89.5		
1337.2	1.345		0.020909			709.37	89.5		
1341.1	1.345		0.020851			710.34	89.400001526		
1345	1.345499992		0.020798			711.3	89.300003052		
1348.8	1.345700026		0.022189001			712.27	89.199996948		
1352.7	1.345600009		0.022127001			713.23	89.099998474		
1356.5	1.345800042		0.022067999			714.2	89		
1360.4	1.346500039		0.022014			715.16	89		
1364.3	1.34679997		0.023388			716.12	88.900001526		
1368.1	1.346899986		0.023324			717.09	88.699996948		
1372	1.34679997		0.024684001			718.05	88.699996948		
1375.8	1.347000003		0.023197999			719.02	88.599998474		
1379.7	1.3477		0.024556			719.98	88.5		
1383.5	1.34800005		0.024491999			720.95	88.400001526		
1387.4	1.348199964		0.025837			721.91	88.300003052		
1391.3	1.34829998		0.025768001			722.88	88.300003052		
1395.1	1.34829998		0.027101001			723.84	88.199996948		
1399	1.34800005		0.027026			724.8	88.099998474		
1402.8	1.34800005		0.026954001			725.77	88		
1406.7	1.348500013		0.026884001			726.73	87.900001526		
1410.5	1.34860003		0.028201999			727.7	87.900001526		
1414.4	1.348500013		0.028125999			728.66	87.800003052		
1418.3	1.348799944		0.028053001			729.63	87.699996948		
1422.1	1.348899961		0.029358			730.59	87.699996948		
1426	1.348700047		0.029278999			731.56	87.599998474		
1429.8	1.348999977		0.029203			732.52	87.5		
1433.7	1.348999977		0.030495999			733.48	87.400001526		
1437.6	1.348700047		0.030414			734.45	87.300003052		
1441.4	1.348799944		0.030334			735.41	87.300003052		
1445.3	1.34920001		0.030257			736.38	87.300003052		
1449.1	1.349400043		0.031535			737.34	87.099998474		
1453	1.349300027		0.031452			738.31	87.099998474		
1456.8	1.348999977		0.03272			739.27	87		
1460.7	1.348999977		0.031287			740.24	86.900001526		
1464.6	1.349400043		0.032552			741.2	86.900001526		
1468.4	1.349599957		0.032467999			742.17	86.800003052		
1472.3	1.349499941		0.033721998			743.13	86.800003052		
1476.1	1.34920001		0.033634			744.09	86.699996948		
1480	1.34920001		0.033546999			745.06	86.699996948		
1483.8	1.349599957		0.033461999			746.02	86.599998474		
1487.7	1.349699974		0.034701999			746.99	86.5		
1491.6	1.349499941		0.034612998			747.95	86.400001526		
1495.4	1.349799991		0.034526002			748.92	86.400001526		
1499.3	1.349900007		0.035755001			749.88	86.300003052		
1503.1	1.349900007		0.035664			750.85	86.300003052		
1507	1.349900007		0.036885001			751.81	86.199996948		
1510.9	1.349599957		0.036791999			752.78	86.199996948		
1514.7	1.349799991		0.036697999			753.74	86.199996948		
1518.6	1.349799991		0.037909999			754.7	86.099998474		
1522.4	1.349799991		0.037813999			755.67	86.099998474		
1526.3	1.349699974		0.039018001			756.63	86		
1530.1	1.349599957		0.03892			757.6	85.900001526		
1534	1.349300027		0.040116001			758.56	86		
1537.9	1.348899961		0.040015999			759.53	85.900001526		
1541.7	1.348999977		0.039917			760.49	85.800003052		
1545.6	1.348899961		0.041103002			761.46	85.800003052		
1549.4	1.34860003		0.041002002			762.42	85.800003052		
1553.3	1.348799944		0.040899999			763.38	85.699996948		
1557.1	1.348999977		0.042075999			764.35	85.699996948		
1561	1.348500013		0.043249998			765.31	85.699996948		
1564.9	1.34800005		0.043143999			766.28	85.599998474		
1568.7	1.348199964		0.043037001			767.24	85.599998474		
1572.6	1.348500013		0.044201002			768.21	85.599998474		
1576.4	1.347499967		0.046633001			769.17	85.5		
1580.3	1.346400023		0.045253001			770.13	85.5		
1584.2	1.346600056		0.045141999			771.1	85.5		
1588	1.346500039		0.046294			772.06	85.5		
1591.9	1.346400023		0.046181001			773.03	85.400001526		
1595.7	1.346300006		0.047325999			773.99	85.400001526		
1599.6	1.345700026		0.048470002			774.96	85.400001526		
1603.4	1.345299959		0.048353001			775.92	85.400001526		
1607.3	1.344799995		0.049490001			776.89	85.400001526		
1611.2	1.344400048		0.049371			777.85	85.400001526		
1615	1.344099998		0.050501999			778.82	85.400001526		
1618.9	1.343999982		0.050379999			779.78	85.300003052		
1622.7	1.343600035		0.052751999			780.74	85.300003052		
1626.6	1.342800021		0.052629001			781.71	85.300003052		
1630.4	1.342499971		0.053746998			782.67	85.300003052		
1634.3	1.342100024		0.054862			783.64	85.300003052		
1638.2	1.340999961		0.057222001			784.6	85.300003052		
1642	1.339400053		0.058336999			785.57	85.300003052		
1645.9	1.337700009		0.059450999			786.53	85.300003052		
1649.7	1.336500049		0.059315			787.5	85.300003052		
1653.6	1.334400058		0.062916003			788.46	85.300003052		
1657.5	1.331599951		0.061537001			789.42	85.300003052		
1661.3	1.33010006		0.061395999			790.39	85.300003052		
1665.2	1.328199983		0.062498			791.35	85.300003052		
1669	1.325999975		0.062357001			792.32	85.300003052		
1672.9	1.323899984		0.062213			793.28	85.300003052		
1676.7	1.322000027		0.062068			794.25	85.300003052		
1680.6	1.319399953		0.063160002			795.21	85.300003052		
1684.5	1.316499949		0.061774001			796.18	85.300003052		
1688.3	1.314299941		0.060389001			797.14	85.400001526		
1692.2	1.312100053		0.060238			798.11	85.400001526		
1696	1.309000015		0.060083002			799.07	85.300003052		
1699.9	1.305799961		0.057466			800.03	85.400001526		
1703.8	1.303500056		0.054862			801	85.400001526		
1707.6	1.301499963		0.052271999			801.96	85.400001526		
1711.5	1.299700022		0.049695998			802.93	85.400001526		
1715.3	1.297899961		0.047132			803.89	85.400001526		
1719.2	1.296399951		0.043384999			804.86	85.5		
1723	1.295699954		0.039680999			805.82	85.5		
1726.9	1.295600057		0.036022998			806.78	85.5		
1730.8	1.295799971		0.033578999			807.75	85.5		
1734.6	1.29550004		0.031141			808.71	85.599998474		
1738.5	1.29610002		0.026416			809.68	85.599998474		
1742.3	1.297500014		0.024080001			810.64	85.599998474		
1746.2	1.298900008		0.021764001			811.61	85.699996948		
1750	1.299900055		0.0206			812.57	85.699996948		
1753.9	1.300799966		0.018301001			813.54	85.699996948		
1757.8	1.302299976		0.016040999			814.5	85.800003052		
1761.6	1.303799987		0.014929			815.47	85.800003052		
1765.5	1.305099964		0.013816			816.43	85.800003052		
1769.3	1.306200027		0.012707			817.39	85.900001526		
1773.2	1.307299972		0.011605			818.36	85.900001526		
1777.1	1.308500051		0.010512			819.32	86		
1780.9	1.309700012		0.0094291			820.29	86		
1784.8	1.311200023		0.0083622			821.25	86		
1788.6	1.312299967		0.0083845			822.22	86.099998474		
1792.5	1.31340003		0.0073143			823.18	86.099998474		
1796.3	1.314399958		0.0073335			824.15	86.099998474		
1800.2	1.315400004		0.0062699			825.11	86.199996948		
1804.1	1.316300035		0.0062894			826.08	86.199996948		
1807.9	1.317199945		0.0052347			827.04	86.300003052		
1811.8	1.318199992		0.0052563			828	86.300003052		
1815.6	1.319200039		0.0042143			828.97	86.400001526		
1819.5	1.320299983		0.0042453			829.93	86.400001526		
1823.3	1.32099998		0.0042602			830.9	86.5		
1827.2	1.32190001		0.0032277			831.86	86.599998474		
1831.1	1.322999954		0.0032604			832.83	86.599998474		
1834.9	1.323899984		0.0032848			833.79	86.699996948		
1838.8	1.324699998		0.0033035			834.76	86.699996948		
1842.6	1.325299978		0.0033178			835.72	86.800003052		
1846.5	1.325700045		0.0033245			836.68	86.900001526		
1850.3	1.326300025		0.002303			837.65	86.900001526		
1854.2	1.327299953		0.0023308			838.61	87		
1858.1	1.327999949		0.0023499			839.58	87		
1861.9	1.328400016		0.0023621			840.54	87.099998474		
1865.8	1.329300046		0.001362			841.51	87.199996948		
1869.6	1.330000043		0.0024045			842.47	87.199996948		
1873.5	1.33039999		0.0013957			843.44	87.300003052		
1877.4	1.33130002		0.0014224			844.4	87.400001526		
1881.2	1.332000017		0.0014439			845.36	87.400001526		
1885.1	1.332700014		0.0014632			846.33	87.5		
1888.9	1.333299994		0.0014804			847.29	87.599998474		
1892.8	1.333799958		0.0014967			848.26	87.599998474		
1896.6	1.334300041		0.0015115			849.22	87.699996948		
1900.5	1.334800005		0.001525			850.19	87.800003052		
1904.4	1.335199952		0.0015361			851.15	87.900001526		
1908.2	1.335500002		0.0015426			852.12	87.900001526		
1912.1	1.336099982		0.00056511			853.08	88		
1915.9	1.337000012		0.00059456			854.04	88.099998474		
1919.8	1.337900043		0.00062144			855.01	88.199996948		
1923.7	1.338199973		0.0016178			855.97	88.300003052		
1927.5	1.338500023		0.00064158			856.94	88.300003052		
1931.4	1.339300036		0.0006659			857.9	88.400001526		
1935.2	1.34010005		0.00069046			858.87	88.5		
1939.1	1.340499997		0.0016794			859.83	88.599998474		
1942.9	1.340399981		0.0016754			860.8	88.699996948		
1946.8	1.340800047		0.00071263			861.76	88.699996948		
1950.7	1.341599941		0.00073522			862.72	88.800003052		
1954.5	1.342200041		0.00075293			863.69	88.900001526		
1958.4	1.342800021		0.00077033			864.65	89		
1962.2	1.343299985		0.00078726			865.62	89.099998474		
1966.1	1.343899965		0.00080431			866.58	89.199996948		
1969.9	1.344699979		0.00082558			867.55	89.199996948		
1973.8	1.345000029		0.0017911			868.51	89.300003052		
1977.7	1.345399976		0.00084782			869.48	89.400001526		
1981.5	1.346099973		0.0018172			870.44	89.5		
1985.4	1.346300006		0.0018213			871.41	89.599998474		
1989.2	1.346600056		0.0018284			872.37	89.699996948		
1993.1	1.347000003		0.0018369			873.33	89.800003052		
1997	1.34739995		0.0018463			874.3	89.900001526		
2000.8	1.347900033		0.0018567			875.26	90		
2004.7	1.34829998		0.0018665			876.23	90.099998474		
2008.5	1.348799944		0.0018773			877.19	90.199996948		
2012.4	1.349300027		0.0018886			878.16	90.300003052		
2016.2	1.349900007		0.0019012			879.12	90.400001526		
2020.1	1.350600004		0.0019184			880.09	90.400001526		
2024	1.351099968		0.0028584			881.05	90.599998474		
2027.8	1.351300001		0.0028593			882.02	90.599998474		
2031.7	1.351600051		0.0028642			882.98	90.800003052		
2035.5	1.352100015		0.0028722			883.94	90.900001526		
2039.4	1.352800012		0.0028847			884.91	90.900001526		
2043.2	1.353199959		0.0038116			885.87	91.099998474		
2047.1	1.353299975		0.00381			886.84	91.099998474		
2051	1.353600025		0.0038122			887.8	91.300003052		
2054.8	1.354099989		0.0038171			888.77	91.400001526		
2058.7	1.354799986		0.003826			889.73	91.400001526		
2062.5	1.355200052		0.0047424			890.7	91.5		
2066.4	1.35529995		0.0047393			891.66	91.599998474		
2070.3	1.355700016		0.0047404			892.62	91.699996948		
2074.1	1.356299996		0.0047464			893.59	91.900001526		
2078	1.356699944		0.005654			894.55	91.900001526		
2081.8	1.356899977		0.0056496			895.52	92		
2085.7	1.357499957		0.0056515			896.48	92.199996948		
2089.5	1.357800007		0.0065514			897.45	92.300003052		
2093.4	1.35800004		0.0065448			898.41	92.400001526		
2097.3	1.358500004		0.0065443			899.38	92.5		
2101.1	1.358899951		0.0074385			900.34	92.599998474		
2105	1.359200001		0.007432			901.3	92.699996948		
2108.8	1.359400034		0.0083193			902.27	92.800003052		
2112.7	1.359500051		0.0083076			903.23	92.900001526		
2116.5	1.360000014		0.008302			904.2	93		
2120.4	1.360299945		0.0091851			905.16	93.099998474		
2124.3	1.360599995		0.0091745			906.13	93.199996948		
2128.1	1.360900044		0.010052			907.09	93.300003052		
2132	1.361099958		0.010039			908.06	93.400001526		
2135.8	1.361299992		0.010912			909.02	93.5		
2139.7	1.361600041		0.010898			909.98	93.599998474		
2143.6	1.361899972		0.011768			910.95	93.699996948		
2147.4	1.361799955		0.01263			911.91	93.800003052		
2151.3	1.361799955		0.012609			912.88	93.900001526		
2155.1	1.361899972		0.01347			913.84	94		
2159	1.361999989		0.013448			914.81	94.099998474		
2162.8	1.362100005		0.014307			915.77	94.199996948		
2166.7	1.361899972		0.015159			916.74	94.300003052		
2170.6	1.361799955		0.015131			917.7	94.5		
2174.4	1.361600041		0.01598			918.66	94.5		
2178.3	1.361500025		0.015951			919.63	94.599998474		
2182.1	1.361500025		0.016798999			920.59	94.800003052		
2186	1.360999942		0.017639			921.56	94.800003052		
2189.8	1.360499978		0.017602			922.52	95		
2193.7	1.360399961		0.01757			923.49	95.099998474		
2197.6	1.360100031		0.018408			924.45	95.199996948		
2201.4	1.359599948		0.018371001			925.42	95.300003052		
2205.3	1.359400034		0.018337			926.38	95.400001526		
2209.1	1.359099984		0.019169999			927.35	95.5		
2213	1.358399987		0.019129001			928.31	95.599998474		
2216.9	1.35800004		0.019090001			929.27	95.699996948		
2220.7	1.357599974		0.019052001			930.24	95.800003052		
2224.6	1.357200027		0.019014001			931.2	95.900001526		
2228.4	1.35679996		0.018975999			932.17	96		
2232.3	1.35619998		0.018936001			933.13	96.099998474		
2236.1	1.355900049		0.018041			934.1	96.199996948		
2240	1.355900049		0.01801			935.06	96.199996948		
2243.9	1.355700016		0.017976001			936.03	96.400001526		
2247.7	1.355200052		0.017938999			936.99	96.400001526		
2251.6	1.355000019		0.017054001			937.95	96.5		
2255.4	1.355000019		0.017026			938.92	96.599998474		
2259.3	1.354699969		0.016992001			939.88	96.699996948		
2263.1	1.354599953		0.016115			940.85	96.800003052		
2267	1.354599953		0.016086999			941.81	96.900001526		
2270.9	1.354599953		0.015219			942.78	97		
2274.7	1.354799986		0.015197			943.74	97.099998474		
2278.6	1.354699969		0.01517			944.71	97.199996948		
2282.4	1.354699969		0.014309			945.67	97.300003052		
2286.3	1.355000019		0.014289			946.63	97.300003052		
2290.2	1.354900002		0.014264			947.6	97.400001526		
2294	1.355000019		0.013412			948.56	97.5		
2297.9	1.35529995		0.013394			949.53	97.599998474		
2301.7	1.35529995		0.013372			950.49	97.599998474		
2305.6	1.355499983		0.012528			951.46	97.699996948		
2309.4	1.355800033		0.012514			952.42	97.800003052		
2313.3	1.355999947		0.012496			953.39	97.900001526		
2317.2	1.355900049		0.012475			954.35	97.900001526		
2321	1.356099963		0.01164			955.31	98		
2324.9	1.35650003		0.011628			956.28	98.099998474		
2328.7	1.356699944		0.011612			957.24	98.099998474		
2332.6	1.356699944		0.011593			958.21	98.199996948		
2336.4	1.35679996		0.010767			959.17	98.300003052		
2340.3	1.357200027		0.010756			960.14	98.300003052		
2344.2	1.35739994		0.010742			961.1	98.400001526		
2348	1.357499957		0.010726			962.07	98.5		
2351.9	1.35769999		0.0099086			963.03	98.5		
2355.7	1.358100057		0.0099002			964	98.599998474		
2359.6	1.358299971		0.0098888			964.96	98.699996948		
2363.5	1.358399987		0.0098737			965.92	98.699996948		
2367.3	1.35860002		0.0090654			966.89	98.800003052		
2371.2	1.359099984		0.0090589			967.85	98.800003052		
2375	1.359400034		0.0090494			968.82	98.900001526		
2378.9	1.359400034		0.0090365			969.78	98.900001526		
2382.7	1.359699965		0.0082374			970.75	98.900001526		
2386.6	1.360299945		0.0082331			971.71	99		
2390.5	1.360599995		0.0082261			972.68	99		
2394.3	1.360900044		0.0082176			973.64	99.099998474		
2398.2	1.360900044		0.0082062			974.6	99.099998474		
2402	1.361299992		0.0074172			975.57	99.099998474		
2405.9	1.361799955		0.0074145			976.53	99.199996948		
2409.7	1.362200022		0.0074095			977.5	99.199996948		
2413.6	1.362499952		0.0074034			978.46	99.199996948		
2417.5	1.362800002		0.0073966			979.43	99.300003052		
2421.3	1.363000035		0.0073884			980.39	99.300003052		
2425.2	1.363100052		0.0073788			981.36	99.300003052		
2429	1.363399982		0.0066015			982.32	99.400001526		
2432.9	1.363999963		0.0065997			983.28	99.400001526		
2436.8	1.364400029		0.0065961			984.25	99.400001526		
2440.6	1.364799976		0.0065914			985.21	99.400001526		
2444.5	1.365100026		0.0065862			986.18	99.5		
2448.3	1.365300059		0.0065802			987.14	99.5		
2452.2	1.36559999		0.0065732			988.11	99.5		
2456	1.365700006		0.0065649			989.07	99.599998474		
2459.9	1.366000056		0.0058001			990.04	99.599998474		
2463.8	1.36650002		0.0057994			991	99.599998474		
2467.6	1.366899967		0.0057963			991.97	99.599998474		
2471.5	1.367300034		0.0057923			992.93	99.699996948		
2475.3	1.367499948		0.0057871			993.89	99.599998474		
2479.2	1.367699981		0.0057806			994.86	99.699996948		
2483	1.368000031		0.0050269			995.82	99.699996948		
2486.9	1.368600011		0.005027			996.79	99.699996948		
2490.8	1.369099975		0.0050257			997.75	99.699996948		
2494.6	1.369500041		0.0050234			998.72	99.699996948		
2498.5	1.369899988		0.0050203			999.68	99.699996948		
2502.3	1.370200038		0.0050169			1000.6	99.699996948		
2506.2	1.370499969		0.005013			1001.6	99.800003052		
2510.1	1.370599985		0.0050073			1002.6	99.800003052		
2513.9	1.371000051		0.0042659			1003.5	99.800003052		
2517.8	1.371600032		0.0042666			1004.5	99.699996948		
2521.6	1.372099996		0.0042656			1005.5	99.800003052		
2525.5	1.372499943		0.0042639			1006.4	99.800003052		
2529.3	1.372900009		0.0042617			1007.4	99.800003052		
2533.2	1.373200059		0.0042588			1008.4	99.800003052		
2537.1	1.373399973		0.0042546			1009.3	99.800003052		
2540.9	1.373800039		0.0035242			1010.3	99.800003052		
2544.8	1.374500036		0.0035255			1011.3	99.800003052		
2548.6	1.375		0.0035251			1012.2	99.800003052		
2552.5	1.375499964		0.0035247			1013.2	99.800003052		
2556.3	1.37590003		0.0035235			1014.1	99.800003052		
2560.2	1.376399994		0.0035219			1015.1	99.800003052		
2564.1	1.376700044		0.0035197			1016.1	99.800003052		
2567.9	1.376999974		0.0035168			1017	99.800003052		
2571.8	1.377500057		0.0027982			1018	99.800003052		
2575.6	1.378299952		0.0028006			1019	99.800003052		
2579.5	1.378700018		0.0035135			1019.9	99.800003052		
2583.4	1.378999949		0.0027969			1020.9	99.800003052		
2587.2	1.379600048		0.0027973			1021.9	99.900001526		
2591.1	1.380200028		0.0027964			1022.8	99.900001526		
2594.9	1.380699992		0.0027956			1023.8	99.900001526		
2598.8	1.381199956		0.0027939			1024.8	99.900001526		
2602.6	1.381600022		0.0027921			1025.7	99.900001526		
2606.5	1.382099986		0.0027904			1026.7	99.900001526		
2610.4	1.38259995		0.0027882			1027.7	99.900001526		
2614.2	1.383000016		0.0027857			1028.6	99.900001526		
2618.1	1.383299947		0.0027827			1029.6	99.900001526		
2621.9	1.38380003		0.00208			1030.5	99.900001526		
2625.8	1.384600043		0.0020798			1031.5	99.900001526		
2629.6	1.385200024		0.0020787			1032.5	99.900001526		
2633.5	1.385800004		0.0020771			1033.4	99.900001526		
2637.4	1.386399984		0.0020755			1034.4	99.900001526		
2641.2	1.386999965		0.002073			1035.4	99.900001526		
2645.1	1.387599945		0.0020709			1036.3	100		
2648.9	1.388100028		0.0020683			1037.3	99.900001526		
2652.8	1.388700008		0.0020653			1038.3	99.900001526		
2656.7	1.389299989		0.0020621			1039.2	100		
2660.5	1.389899969		0.002059			1040.2	99.900001526		
2664.4	1.390499949		0.0020555			1041.2	100		
2668.2	1.391100049		0.0020517			1042.1	99.900001526		
2672.1	1.391700029		0.0020474			1043.1	100		
2675.9	1.39230001		0.0020431			1044	99.900001526		
2679.8	1.39289999		0.0020384			1045	99.900001526		
2683.7	1.39349997		0.0020334			1046	100		
2687.5	1.394099951		0.0020283			1046.9	100		
2691.4	1.39470005		0.0020227			1047.9	99.900001526		
2695.2	1.395400047		0.0020168			1048.9	99.900001526		
2699.1	1.396000028		0.0020105			1049.8	99.900001526		
2702.9	1.396600008		0.0020041			1050.8	99.900001526		
2706.8	1.397300005		0.0019975			1051.8	100		
2710.7	1.398000002		0.0019903			1052.7	99.900001526		
2714.5	1.398599982		0.001983			1053.7	99.900001526		
2718.4	1.399299979		0.0019748			1054.7	99.900001526		
2722.2	1.399999976		0.0019667			1055.6	99.900001526		
2726.1	1.400699973		0.0019581			1056.6	99.900001526		
2730	1.40139997		0.0019488			1057.6	99.900001526		
2733.8	1.402099967		0.0019393			1058.5	99.900001526		
2737.7	1.402799964		0.0019293			1059.5	100		
2741.5	1.403599977		0.001919			1060.4	99.900001526		
2745.4	1.404299974		0.0019081			1061.4	100		
2749.2	1.405099988		0.0018964			1062.4	99.900001526		
2753.1	1.405900002		0.0018846			1063.3	100		
2757	1.406700015		0.0018715			1064.3	99.900001526		
2760.8	1.407600045		0.0018581			1065.3	99.900001526		
2764.7	1.408499956		0.001843			1066.2	99.900001526		
2768.5	1.409199953		0.0024877			1067.2	99.900001526		
2772.4	1.40989995		0.0018172			1068.2	99.900001526		
2776.2	1.411000013		0.0017984			1069.1	99.900001526		
2780.1	1.411800027		0.0024362			1070.1	99.900001526		
2784	1.412400007		0.0024223			1071.1	99.900001526		
2787.8	1.413400054		0.0017505			1072	99.900001526		
2791.7	1.414399981		0.0023809			1073	99.900001526		
2795.5	1.415199995		0.0023631			1073.9	99.900001526		
2799.4	1.416000009		0.0023431			1074.9	99.900001526		
2803.3	1.417000055		0.0023217			1075.9	99.900001526		
2807.1	1.417899966		0.0022992			1076.8	99.900001526		
2811	1.418900013		0.0022748			1077.8	99.900001526		
2814.8	1.420099974		0.0022477			1078.8	99.900001526		
2818.7	1.42110002		0.002867			1079.7	99.900001526		
2822.5	1.421800017		0.0028441			1080.7	99.900001526		
2826.4	1.422700047		0.0028186			1081.7	99.900001526		
2830.3	1.423699975		0.0027912			1082.6	99.900001526		
2834.1	1.424700022		0.0027621			1083.6	99.900001526		
2838	1.425699949		0.0027319			1084.6	99.900001526		
2841.8	1.426800013		0.0026999			1085.5	99.900001526		
2845.7	1.427899957		0.0026667			1086.5	99.900001526		
2849.5	1.429100037		0.0026316			1087.4	99.900001526		
2853.4	1.430199981		0.0025949			1088.4	99.900001526		
2857.3	1.431499958		0.0025563			1089.4	99.900001526		
2861.1	1.432700038		0.0025153			1090.3	99.900001526		
2865	1.434100032		0.0024717			1091.3	99.900001526		
2868.8	1.435500026		0.0024233			1092.3	99.900001526		
2872.7	1.436800003		0.0030085			1093.2	99.900001526		
2876.6	1.437999964		0.0029656			1094.2	99.900001526		
2880.4	1.439299941		0.0029179			1095.2	99.900001526		
2884.3	1.440600038		0.0028665			1096.1	99.900001526		
2888.1	1.442100048		0.0028118			1097.1	99.900001526		
2892	1.443600059		0.0027525			1098.1	99.900001526		
2895.8	1.445299983		0.0026872			1099	99.900001526		
2899.7	1.446799994		0.0032485			1100	99.900001526		
2903.6	1.448199987		0.0031887			1101	99.900001526		
2907.4	1.449800014		0.0031215			1101.9	99.900001526		
2911.3	1.451500058		0.0030486			1102.9	99.900001526		
2915.1	1.453299999		0.0029695			1103.8	99.900001526		
2919	1.455299973		0.0028807			1104.8	99.900001526		
2922.8	1.45720005		0.0034114			1105.8	99.900001526		
2926.7	1.459100008		0.0033207			1106.7	99.900001526		
2930.6	1.460999966		0.0038445			1107.7	99.900001526		
2934.4	1.463000059		0.0037457			1108.7	99.900001526		
2938.3	1.465000033		0.004259			1109.6	99.900001526		
2942.1	1.467100024		0.0041503			1110.6	99.900001526		
2946	1.469200015		0.0046514			1111.6	99.900001526		
2949.9	1.471400023		0.0045302			1112.5	99.900001526		
2953.7	1.47360003		0.0050157			1113.5	99.900001526		
2957.6	1.475999951		0.0048772			1114.5	99.900001526		
2961.4	1.478700042		0.005337			1115.4	99.900001526		
2965.3	1.48119998		0.0057948			1116.4	99.900001526		
2969.1	1.483800054		0.0062461			1117.3	99.800003052		
2973	1.486500025		0.0066879			1118.3	99.900001526		
2976.9	1.489300013		0.0071145			1119.3	99.800003052		
2980.7	1.491999984		0.0081546			1120.2	99.800003052		
2984.6	1.494699955		0.0085824			1121.2	99.800003052		
2988.4	1.497499943		0.0089899			1122.2	99.800003052		
2992.3	1.500699997		0.0093741			1123.1	99.800003052		
2996.1	1.503800035		0.010364			1124.1	99.800003052		
3000	1.507099986		0.010728			1125.1	99.800003052		
3003.9	1.510599971		0.011682			1126	99.800003052		
3007.7	1.514000058		0.01263			1127	99.900001526		
3011.6	1.51760006		0.013566			1128	99.800003052		
3015.4	1.521299958		0.014484			1128.9	99.800003052		
3019.3	1.525200009		0.015373			1129.9	99.800003052		
3023.2	1.529199958		0.016869999			1130.8	99.800003052		
3027	1.533300042		0.017727001			1131.8	99.800003052		
3030.9	1.537799954		0.019167			1132.8	99.800003052		
3034.7	1.542500019		0.020582			1133.7	99.800003052		
3038.6	1.547299981		0.022600999			1134.7	99.800003052		
3042.4	1.552000046		0.024617			1135.7	99.800003052		
3046.3	1.557000041		0.026611			1136.6	99.800003052		
3050.2	1.562399983		0.028555			1137.6	99.800003052		
3054	1.567899942		0.031757001			1138.6	99.800003052		
3057.9	1.573500037		0.034322001			1139.5	99.800003052		
3061.7	1.579399943		0.037487999			1140.5	99.800003052		
3065.6	1.585399985		0.041304			1141.5	99.800003052		
3069.4	1.591500044		0.045120001			1142.4	99.800003052		
3073.3	1.59800005		0.049586002			1143.4	99.800003052		
3077.2	1.604400039		0.054744001			1144.4	99.800003052		
3081	1.610800028		0.060644001			1145.3	99.800003052		
3084.9	1.616999984		0.066619001			1146.3	99.800003052		
3088.7	1.623299956		0.073351003			1147.2	99.800003052		
3092.6	1.629400015		0.080916002			1148.2	99.800003052		
3096.5	1.635200024		0.088627003			1149.2	99.800003052		
3100.3	1.640900016		0.097222999			1150.1	99.800003052		
3104.2	1.646199942		0.106009997			1151.1	99.800003052		
3108	1.651200056		0.115759999			1152.1	99.800003052		
3111.9	1.655699968		0.12579			1153	99.800003052		
3115.7	1.659700036		0.136069998			1154	99.800003052		
3119.6	1.663599968		0.146599993			1155	99.800003052		
3123.5	1.667000055		0.158240005			1155.9	99.800003052		
3127.3	1.669399977		0.170279995			1156.9	99.800003052		
3131.2	1.671300054		0.181799993			1157.9	99.699996948		
3135	1.672999978		0.19359			1158.8	99.800003052		
3138.9	1.674000025		0.206650004			1159.8	99.800003052		
3142.7	1.674000025		0.219229996			1160.7	99.800003052		
3146.6	1.673699975		0.231179997			1161.7	99.699996948		
3150.5	1.672999978		0.244409993			1162.7	99.699996948		
3154.3	1.671499968		0.257059991			1163.6	99.800003052		
3158.2	1.66929996		0.270069987			1164.6	99.699996948		
3162	1.666599989		0.282400012			1165.6	99.699996948		
3165.9	1.663699985		0.294999987			1166.5	99.699996948		
3169.8	1.65989995		0.307980001			1167.5	99.699996948		
3173.6	1.655699968		0.320179999			1168.5	99.699996948		
3177.5	1.651000023		0.33265999			1169.4	99.699996948		
3181.3	1.645599961		0.345490009			1170.4	99.699996948		
3185.2	1.639400005		0.357499987			1171.4	99.699996948		
3189	1.633100033		0.368539989			1172.3	99.699996948		
3192.9	1.626299977		0.381040007			1173.3	99.699996948		
3196.8	1.619099975		0.391350001			1174.3	99.699996948		
3200.6	1.611600041		0.40309			1175.2	99.699996948		
3204.5	1.603600025		0.413819999			1176.2	99.699996948		
3208.3	1.595399976		0.424739987			1177.1	99.699996948		
3212.2	1.586300015		0.435950011			1178.1	99.699996948		
3216.1	1.576699972		0.446040004			1179.1	99.699996948		
3219.9	1.566699982		0.456330001			1180	99.699996948		
3223.8	1.556399941		0.46540001			1181	99.699996948		
3227.6	1.546300054		0.474550009			1182	99.699996948		
3231.5	1.535099983		0.485390007			1182.9	99.699996948		
3235.3	1.523100019		0.49357			1183.9	99.699996948		
3239.2	1.511500001		0.501789987			1184.9	99.699996948		
3243.1	1.498800039		0.511740029			1185.8	99.699996948		
3246.9	1.485299945		0.518899977			1186.8	99.699996948		
3250.8	1.471899986		0.526090026			1187.8	99.699996948		
3254.6	1.458099961		0.533389986			1188.7	99.599998474		
3258.5	1.443199992		0.540910006			1189.7	99.699996948		
3262.3	1.427399993		0.547039986			1190.6	99.699996948		
3266.2	1.411299944		0.551649988			1191.6	99.699996948		
3270.1	1.394899964		0.556320012			1192.6	99.599998474		
3273.9	1.377799988		0.559480011			1193.5	99.699996948		
3277.8	1.360700011		0.561020017			1194.5	99.599998474		
3281.6	1.343700051		0.562539995			1195.5	99.599998474		
3285.5	1.326500058		0.562460005			1196.4	99.599998474		
3289.4	1.308899999		0.562399983			1197.4	99.599998474		
3293.2	1.291499972		0.559069991			1198.4	99.599998474		
3297.1	1.275200009		0.555589974			1199.3	99.599998474		
3300.9	1.258900046		0.55211997			1200.3	99.599998474		
3304.8	1.242599964		0.547029972			1201.3	99.599998474		
3308.6	1.227200031		0.540269971			1202.2	99.599998474		
3312.5	1.212599993		0.533450007			1203.2	99.599998474		
3316.4	1.199200034		0.524980009			1204.2	99.599998474		
3320.2	1.186300039		0.518040001			1205.1	99.599998474		
3324.1	1.173699975		0.509609997			1206.1	99.599998474		
3327.9	1.162299991		0.499590009			1207	99.599998474		
3331.8	1.152199984		0.491030008			1208	99.599998474		
3335.6	1.14230001		0.48251			1209	99.599998474		
3339.5	1.132699966		0.474029988			1209.9	99.599998474		
3343.4	1.123900056		0.464120001			1210.9	99.599998474		
3347.2	1.116099954		0.455639988			1211.9	99.599998474		
3351.1	1.108299971		0.447219998			1212.8	99.5		
3354.9	1.100900054		0.438849986			1213.8	99.5		
3358.8	1.093799949		0.430519998			1214.8	99.5		
3362.7	1.086899996		0.422239989			1215.7	99.599998474		
3366.5	1.080199957		0.414009988			1216.7	99.5		
3370.4	1.073799968		0.405829996			1217.7	99.5		
3374.2	1.067600012		0.397709996			1218.6	99.5		
3378.1	1.061499953		0.389640003			1219.6	99.5		
3381.9	1.056300044		0.380309999			1220.5	99.5		
3385.8	1.050799966		0.374900013			1221.5	99.5		
3389.7	1.04429996		0.367020011			1222.5	99.5		
3393.5	1.037899971		0.359189987			1223.4	99.5		
3397.4	1.031599998		0.350169986			1224.4	99.5		
3401.2	1.025699973		0.341210008			1225.4	99.5		
3405.1	1.020499945		0.331110001			1226.3	99.5		
3408.9	1.014899969		0.323500007			1227.3	99.5		
3412.8	1.010699987		0.310050011			1228.3	99.400001526		
3416.7	1.007099986		0.303750008			1229.2	99.400001526		
3420.5	1.001899958		0.294039994			1230.2	99.400001526		
3424.4	0.997569978		0.283300012			1231.2	99.400001526		
3428.2	0.993860006		0.272709996			1232.1	99.400001526		
3432.1	0.990499973		0.26225999			1233.1	99.5		
3436	0.987590015		0.250880003			1234	99.699996948		
3439.8	0.985390007		0.239700004			1235	99.599998474		
3443.7	0.983519971		0.228719994			1236	99.400001526		
3447.5	0.982179999		0.216920003			1236.9	99.400001526		
3451.4	0.981580019		0.205379993			1237.9	99.400001526		
3455.2	0.981930017		0.193149999			1238.9	99.400001526		
3459.1	0.983110011		0.182229996			1239.8	99.400001526		
3463	0.984570026		0.171560004			1240.8	99.400001526		
3466.8	0.986320019		0.161149994			1241.8	99.400001526		
3470.7	0.988730013		0.150140002			1242.7	99.400001526		
3474.5	0.991890013		0.140359998			1243.7	99.400001526		
3478.4	0.995270014		0.130850002			1244.7	99.400001526		
3482.2	0.999109983		0.121619999			1245.6	99.400001526		
3486.1	1.003100038		0.113470003			1246.6	99.300003052		
3490	1.007300019		0.104740001			1247.6	99.300003052		
3493.8	1.011999965		0.097080998			1248.5	99.300003052		
3497.7	1.016899943		0.089642003			1249.5	99.300003052		
3501.5	1.021900058		0.083168998			1250.4	99.300003052		
3505.4	1.026800036		0.076835997			1251.4	99.300003052		
3509.3	1.031900048		0.07068			1252.4	99.300003052		
3513.1	1.037099957		0.065403			1253.3	99.300003052		
3517	1.042299986		0.060238998			1254.3	99.300003052		
3520.8	1.047299981		0.055877998			1255.3	99.300003052		
3524.7	1.05219996		0.051566999			1256.2	99.300003052		
3528.5	1.057000041		0.047338001			1257.2	99.300003052		
3532.4	1.062100053		0.043221999			1258.2	99.300003052		
3536.3	1.066900015		0.040484998			1259.1	99.300003052		
3540.1	1.07130003		0.037067998			1260.1	99.300003052		
3544	1.075899959		0.033732999			1261.1	99.300003052		
3547.8	1.080500007		0.031091999			1262	99.199996948		
3551.7	1.084800005		0.028458999			1263	99.199996948		
3555.5	1.08920002		0.025862001			1263.9	99.199996948		
3559.4	1.093299985		0.023901001			1264.9	99.199996948		
3563.3	1.09739995		0.021333			1265.9	99.199996948		
3567.1	1.101699948		0.019436			1266.8	99.199996948		
3571	1.105499983		0.018118			1267.8	99.199996948		
3574.8	1.109300017		0.016181			1268.8	99.199996948		
3578.7	1.112900019		0.014856			1269.7	99.199996948		
3582.6	1.11650002		0.012944			1270.7	99.199996948		
3586.4	1.120300055		0.011662			1271.7	99.199996948		
3590.3	1.123700023		0.010929			1272.6	99.199996948		
3594.1	1.126899958		0.0095831			1273.6	99.199996948		
3598	1.130200028		0.0082717			1274.6	99.099998474		
3601.8	1.13349998		0.007537			1275.5	99.099998474		
3605.7	1.136500001		0.0067723			1276.5	99.099998474		
3609.6	1.139400005		0.0059915			1277.5	99.099998474		
3613.4	1.142099977		0.0051954			1278.4	99.099998474		
3617.3	1.144999981		0.0038596			1279.4	99.099998474		
3621.1	1.148100019		0.0031234			1280.3	99.099998474		
3625	1.151000023		0.0029178			1281.3	99.099998474		
3628.8	1.153499961		0.0026626			1282.3	99		
3632.7	1.155900002		0.0018468			1283.2	99.099998474		
3636.6	1.158599973		0.0010651			1284.2	99.099998474		
3640.4	1.161299944		0.00083375			1285.2	99.099998474		
3644.3	1.163800001		0.0005815			1286.1	99		
3648.1	1.166300058		0.00032729			1287.1	99		
3652	1.168599963		0.0005917			1288.1	99		
3655.9	1.170799971		0.00030529			1289	99		
3659.7	1.172899961		0.0010723			1290	99		
3663.6	1.174399972		0.0012438			1291	99		
3667.4	1.175799966		0.0013945			1291.9	99		
3671.3	1.176800013		0.0014999			1292.9	99		
3675.1	1.177999973		2.1219E-5			1293.8	99		
3679	1.179700017		0			1294.8	99		
3682.9	1.181699991		0			1295.8	99		
3686.7	1.183699965		0			1296.7	98.900001526		
3690.6	1.185700059		0			1297.7	99		
3694.4	1.1875		0			1298.7	99		
3698.3	1.189100027		0			1299.6	98.900001526		
3702.1	1.190700054		0			1300.6	99		
3706	1.192100048		0			1301.6	98.900001526		
3709.9	1.193699956		0			1302.5	98.900001526		
3713.7	1.1954		0			1303.5	98.900001526		
3717.6	1.197100043		0			1304.5	98.900001526		
3721.4	1.198500037		0			1305.4	98.900001526		
3725.3	1.199900031		0			1306.4	98.900001526		
3729.2	1.201400042		0			1307.3	98.900001526		
3733	1.202800035		0			1308.3	98.900001526		
3736.9	1.20389998		0			1309.3	98.900001526		
3740.7	1.205199957		0			1310.2	98.800003052		
3744.6	1.206599951		0			1311.2	98.800003052		
3748.4	1.207800031		0			1312.2	98.800003052		
3752.3	1.208799958		0			1313.1	98.800003052		
3756.2	1.210000038		0			1314.1	98.800003052		
3760	1.211199999		0			1315.1	98.800003052		
3763.9	1.212299943		0			1316	98.800003052		
3767.7	1.21329999		0			1317	98.800003052		
3771.6	1.214300036		0			1318	98.800003052		
3775.4	1.215499997		0			1318.9	98.800003052		
3779.3	1.216500044		0			1319.9	98.800003052		
3783.2	1.217399955		0			1320.9	98.800003052		
3787	1.218500018		0			1321.8	98.800003052		
3790.9	1.219599962		0			1322.8	98.800003052		
3794.7	1.220700026		0			1323.7	98.800003052		
3798.6	1.221699953		0			1324.7	98.699996948		
3802.5	1.222499967		0			1325.7	98.699996948		
3806.3	1.223199964		0			1326.6	98.699996948		
3810.2	1.224099994		0			1327.6	98.699996948		
3814	1.224900007		0			1328.6	98.699996948		
3817.9	1.225800037		0			1329.5	98.699996948		
3821.7	1.226699948		0			1330.5	98.699996948		
3825.6	1.227399945		0			1331.5	98.699996948		
3829.5	1.228299975		0			1332.4	98.699996948		
3833.3	1.229200006		0			1333.4	98.699996948		
3837.2	1.230000019		0			1334.4	98.699996948		
3841	1.230700016		0			1335.3	98.599998474		
3844.9	1.23150003		0			1336.3	98.599998474		
3848.7	1.23210001		0			1337.2	98.599998474		
3852.6	1.23269999		0			1338.2	98.599998474		
3856.5	1.233500004		0			1339.2	98.599998474		
3860.3	1.234400034		0			1340.1	98.599998474		
3864.2	1.235100031		0			1341.1	98.599998474		
3868	1.235900044		0			1342.1	98.599998474		
3871.9	1.236600041		0			1343	98.599998474		
3875.8	1.237300038		0			1344	98.699996948		
3879.6	1.238000035		0			1345	98.599998474		
3883.5	1.238600016		0			1345.9	98.599998474		
3887.3	1.239300013		0			1346.9	98.5		
3891.2	1.239899993		0			1347.9	98.5		
3895	1.240499973		0			1348.8	98.5		
3898.9	1.24119997		0			1349.8	98.5		
3902.8	1.241799951		0			1350.8	98.5		
3906.6	1.24240005		0			1351.7	98.5		
3910.5	1.243000031		0			1352.7	98.5		
3914.3	1.243499994		0			1353.6	98.5		
3918.2	1.244099975		0			1354.6	98.5		
3922	1.244699955		0			1355.6	98.5		
3925.9	1.245200038		0			1356.5	98.5		
3929.8	1.245800018		0			1357.5	98.5		
3933.6	1.246299982		0			1358.5	98.5		
3937.5	1.246899962		0			1359.4	98.400001526		
3941.3	1.247400045		0			1360.4	98.5		
3945.2	1.247900009		0			1361.4	98.400001526		
3949.1	1.248399973		0			1362.3	98.400001526		
3952.9	1.248900056		0			1363.3	98.400001526		
3956.8	1.24940002		0			1364.3	98.400001526		
3960.6	1.249899983		0			1365.2	98.400001526		
3964.5	1.250399947		0			1366.2	98.400001526		
3968.3	1.25090003		0			1367.1	98.400001526		
3972.2	1.251299977		0			1368.1	98.400001526		
3976.1	1.251999974		0			1369.1	98.400001526		
3979.9	1.252500057		0			1370	98.400001526		
3983.8	1.253100038		0			1371	98.300003052		
3987.6	1.253700018		0			1372	98.300003052		
3991.5	1.254299998		0			1372.9	98.300003052		
3995.3	1.255399942		0			1373.9	98.300003052		
3999.2	1.256100059		0			1374.9	98.300003052		