# {"full": "OCN-", "name": "OCN-", "ratio": "1", "url": "https://icedb.strw.leidenuniv.nl/data/158", "author": "Novozamsky"}
516.36696 0.00234
526.55719 0.00239
538.28966 0.0024
547.66249 0.00205
557.12132 0.00225
567.31155 0.00229
577.48978 0.00183
587.66801 0.00136
597.84079 6.6526E-4
608.03102 7.11757E-4
617.98462 0.00153
622.09342 0.00294
631.03291 0.00397
641.21223 0.00355
648.82318 0.00223
657.7113 0.00106
666.60546 1.53797E-4
676.79133 1.43067E-5
686.98374 1.53797E-4
697.17505 2.4679E-4
707.36964 4.79273E-4
717.56096 5.72267E-4
727.75773 8.97743E-4
737.95013 0.00104
748.14472 0.00127
758.33931 0.0015
768.53499 0.00178
778.73176 0.00211
788.92853 0.00243
799.1253 0.00276
809.32534 0.00322
819.5232 0.00359
829.72105 0.00397
839.91782 0.00429
850.11459 0.00462
860.31027 0.0049
870.50268 0.00504
880.69509 0.00518
890.88313 0.00513
901.069 0.00499
911.25159 0.00471
921.43309 0.00438
931.61459 0.00406
941.79392 0.00364
951.96997 0.00308
962.14602 0.00253
972.32098 0.00192
982.50139 0.00155
992.68289 0.00122
1002.86548 9.4424E-4
1013.05353 8.97743E-4
1023.24812 0.00113
1033.45252 0.00178
1043.66456 0.00276
1053.87877 0.00383
1057.21576 0.00492
1065.81953 0.00611
1071.79809 0.00759
1080.73975 0.00871
1087.13631 0.00992
1097.34944 0.01094
1107.54184 0.01108
1117.72226 0.01071
1127.89176 0.00987
1137.79368 0.00849
1147.43846 0.007
1156.56943 0.00532
1165.95818 0.00378
1176.12332 0.00276
1186.28847 0.00173
1196.46779 0.00132
1206.66238 0.00155
1212.02868 0.00227
1221.97334 0.00271
1232.14939 0.00215
1241.91071 0.00201
1247.70462 0.00287
1258.48986 0.00294
1267.04478 0.00205
1277.99614 0.00197
1288.19836 0.00253
1295.86675 0.00366
1303.28949 0.00518
1308.03795 0.00671
1316.32644 0.00713
1321.6343 0.00536
1327.18511 0.00309
1334.01931 0.00124
1344.18627 2.93287E-4
1354.37213 1.53797E-4
1364.56127 1.53797E-4
1374.76131 6.18763E-4
1384.96571 0.00127
1395.18102 0.00239
1405.40505 0.00387
1415.62581 0.00522
1425.84002 0.00629
1435.79711 0.00726
1443.47473 0.00878
1448.86045 0.01034
1453.98882 0.01178
1459.3717 0.01321
1465.52211 0.01478
1474.01888 0.01503
1483.75439 0.01379
1495.01885 0.01258
1502.11809 0.01116
1507.43489 0.00978
1512.74341 0.00804
1518.81262 0.00615
1525.13903 0.00437
1532.74162 0.0027
1542.91258 0.00192
1553.09409 0.0016
1563.27995 0.00146
1573.46909 0.00146
1583.66149 0.0016
1593.8539 0.00173
1604.05285 0.00215
1614.26052 0.00294
1624.47474 0.00401
1634.67042 0.00429
1644.84538 0.00369
1655.00943 0.00262
1665.18439 0.00201
1675.37353 0.00201
1685.57357 0.00248
1695.77143 0.00285
1705.96711 0.00313
1716.15188 0.00294
1726.32684 0.00234
1736.50071 0.00169
1746.68003 0.00127
1756.86917 0.00127
1767.0594 0.00132
1777.25507 0.0016
1787.4453 0.00164
1797.64316 0.00201
1807.8323 0.00201
1818.02906 0.00234
1828.21929 0.00239
1838.41279 0.00257
1848.6052 0.00271
1858.79542 0.00276
1868.98456 0.00276
1879.17369 0.00276
1889.36283 0.00276
1899.55197 0.00276
1909.7411 0.00276
1919.93024 0.00276
1930.12264 0.0029
1940.31723 0.00313
1950.51291 0.00341
1960.70532 0.00355
1970.90209 0.00387
1981.09777 0.00415
1991.28908 0.00425
2001.48149 0.00438
2011.67499 0.00457
2021.86521 0.00462
2032.05435 0.00462
2042.24349 0.00462
2052.43262 0.00462
2062.62176 0.00462
2072.81525 0.0048
2083.01202 0.00513
2093.21315 0.00564
2096.54251 0.0064
2105.99428 0.00755
2116.20741 0.00857
2122.60724 0.00992
2127.73888 0.0115
2129.68751 0.01313
2132.90906 0.01472
2132.94904 0.01643
2135.57847 0.01993
2136.17567 0.01824
2138.16501 0.0216
2138.19845 0.02303
2138.23334 0.02452
2138.26824 0.02601
2139.58114 0.02768
2140.92602 0.03072
2141.52213 0.02898
2142.23747 0.03233
2142.27236 0.03382
2142.30725 0.03531
2143.6565 0.03853
2143.6914 0.04002
2144.25588 0.03693
2145.00284 0.04163
2145.03773 0.04312
2145.07263 0.0446
2145.10752 0.04609
2145.14242 0.04758
2145.17731 0.04907
2145.2122 0.05056
2145.2471 0.05204
2146.56436 0.0539
2146.63415 0.05688
2146.66904 0.05837
2146.70394 0.05986
2147.8729 0.05539
2148.45737 0.06221
2149.37626 0.06519
2149.46059 0.06878
2152.17653 0.07597
2152.40043 0.0638
2152.64469 0.07421
2153.25316 0.06757
2153.32677 0.07071
2153.37747 0.07287
2154.76961 0.07793
2154.86629 0.08205
2154.90119 0.08354
2154.93608 0.08503
2154.97098 0.08651
2155.46459 0.08041
2156.28133 0.08808
2157.58878 0.08952
2157.61422 0.09061
2157.64912 0.09209
2157.68401 0.09358
2157.7189 0.09507
2157.80032 0.09854
2158.78347 0.09702
2159.09577 0.09947
2163.50812 0.10171
2166.22107 0.10072
2166.72018 0.09873
2169.98454 0.09672
2171.72751 0.09501
2172.42278 0.09207
2172.97934 0.09408
2174.12649 0.08868
2174.16139 0.09017
2175.31436 0.08503
2175.35652 0.08682
2176.51675 0.08199
2176.55165 0.08348
2177.22773 0.07972
2177.69298 0.07783
2179.54384 0.07529
2180.07016 0.07058
2180.1036 0.07201
2180.13849 0.07349
2180.21119 0.07659
2181.31036 0.06915
2181.80215 0.06297
2182.47932 0.06469
2182.51421 0.06618
2182.54911 0.06767
2183.61338 0.05874
2183.64828 0.06023
2183.68317 0.06172
2184.32697 0.05658
2184.79397 0.05477
2186.76259 0.05182
2187.15515 0.04684
2187.19005 0.04832
2187.22494 0.04981
2187.3209 0.0539
2189.12319 0.04386
2189.51779 0.03896
2189.55123 0.04039
2189.58612 0.04188
2189.67627 0.04572
2191.48379 0.0359
2191.88188 0.03115
2191.91241 0.03245
2191.94731 0.03394
2192.04036 0.03791
2193.66403 0.02568
2194.34047 0.02737
2194.38264 0.02917
2196.15352 0.02322
2196.71765 0.02012
2196.74818 0.02142
2196.82088 0.02452
2198.70604 0.01801
2201.70026 0.01534
2201.73225 0.01671
2202.9361 0.01373
2206.73086 0.01261
2215.39162 0.01261
2219.50363 0.01416
2223.37398 0.01627
2227.2498 0.01861
2229.84833 0.0208
2232.4436 0.02284
2235.66587 0.02447
2236.33867 0.02601
2238.28621 0.02759
2240.24247 0.02954
2242.82901 0.03121
2242.86391 0.0327
2245.45045 0.03438
2245.48389 0.0358
2245.51878 0.03729
2248.1155 0.0394
2248.15039 0.04088
2248.19183 0.04265
2250.6497 0.03884
2250.82562 0.04634
2250.86052 0.04783
2251.42282 0.04465
2252.1676 0.04925
2253.51539 0.05242
2253.55029 0.0539
2254.11296 0.05074
2255.59705 0.05972
2256.17899 0.05738
2256.7791 0.05581
2261.80133 0.06178
2265.14901 0.0597
2267.64758 0.05762
2268.36379 0.05558
2270.71828 0.05279
2271.31439 0.05105
2271.39 0.05428
2272.55896 0.04981
2273.72137 0.04507
2273.74536 0.04609
2273.7868 0.04786
2275.70991 0.04297
2276.13998 0.03958
2276.17342 0.04101
2277.95885 0.03568
2278.64365 0.03772
2280.44943 0.03326
2281.01355 0.03016
2281.04409 0.03146
2281.11678 0.03456
2282.88222 0.02838
2284.76324 0.02712
2285.47334 0.02482
2285.93656 0.02284
2287.92379 0.02069
2290.27981 0.01796
2290.94825 0.01931
2292.90146 0.0157
2294.64487 0.01401
2298.4418 0.01299
2300.31519 0.01141
2304.7235 0.0093
2311.54898 0.00707
2319.9356 0.00624
2329.68529 0.00561
2336.06949 0.00629
2337.87236 0.01076
2339.18962 0.01261
2339.60748 0.00871
2343.05635 0.01457
2344.71165 0.01274
2345.94749 0.01113
2348.03606 0.00967
2351.80064 0.00727
2355.58231 0.00559
2365.75945 0.00508
2375.94641 0.00499
2386.12682 0.00462
2396.31596 0.00462
2406.51381 0.00499
2416.70404 0.00504
2426.90081 0.00536
2437.09213 0.00545
2447.2889 0.00578
2457.48566 0.00611
2467.68134 0.00638
2477.88029 0.0068
2488.08033 0.00727
2498.28146 0.00778
2508.48369 0.00834
2518.68482 0.00885
2528.88595 0.00936
2539.08599 0.00983
2549.28821 0.01038
2559.49043 0.01094
2569.69265 0.0115
2579.89487 0.01206
2590.09818 0.01266
2600.30259 0.01331
2610.50481 0.01387
2620.70921 0.01452
2630.9147 0.01522
2641.1191 0.01587
2651.32132 0.01643
2661.52682 0.01713
2671.73231 0.01782
2681.93562 0.01843
2692.13784 0.01898
2702.34006 0.01954
2712.54119 0.02005
2722.74014 0.02047
2732.94018 0.02094
2743.13804 0.02131
2753.33808 0.02177
2763.53485 0.0221
2773.73162 0.02243
2783.92839 0.02275
2794.1208 0.02289
2804.31539 0.02312
2814.51216 0.02345
2823.84965 0.02334
2834.88716 0.02331
2845.07847 0.0234
2855.26652 0.02336
2865.45238 0.02322
2875.64152 0.02322
2885.83065 0.02322
2896.02197 0.02331
2906.21874 0.02363
2916.41551 0.02396
2926.61337 0.02433
2936.80905 0.02461
2947.00036 0.0247
2957.1895 0.0247
2967.37536 0.02456
2977.55905 0.02433
2987.74273 0.0241
2997.93732 0.02433
3008.13518 0.0247
3018.33413 0.02512
3028.53199 0.02549
3038.72112 0.02549
3048.90917 0.02545
3059.09394 0.02526
3069.27326 0.02484
3079.44932 0.02429
3089.621 0.02354
3099.7916 0.02275
3109.96438 0.02205
3120.14152 0.02154
3130.3263 0.02136
3140.51216 0.02122
3150.70457 0.02136
3160.89698 0.0215
3171.09374 0.02182
3181.2916 0.02219
3191.48728 0.02247
3201.68514 0.02284
3209.97231 0.02295
3222.05905 0.02266
3232.22965 0.02187
3242.39807 0.02098
3252.56103 0.01987
3262.71527 0.01838
3272.86952 0.01689
3283.02812 0.01559
3293.19435 0.01461
3303.36168 0.01368
3313.52683 0.01266
3323.69634 0.01182
3333.88329 0.01173
3344.09205 0.01257
3349.47646 0.01407
3355.63443 0.01596
3360.77262 0.01782
3364.63062 0.0194
3369.76117 0.02094
3374.24727 0.02215
3382.54775 0.02308
3390.92479 0.02184
3396.48985 0.02018
3398.36142 0.01852
3401.5059 0.01683
3404.01247 0.01509
3405.25304 0.01368
3409.02853 0.01175
3411.50457 0.00871
3411.53801 0.01014
3416.06787 0.00778
3421.19574 0.00558
3429.73946 0.00421
3440.67948 0.00364
3450.86534 0.0035
3461.05012 0.00332
3471.23053 0.00294
3481.4153 0.00276
3491.59572 0.00239
3501.78158 0.00225
3511.96526 0.00201
3522.1544 0.00201
3532.34354 0.00201
3542.53267 0.00201
3552.72181 0.00201
3562.90549 0.00178
3573.09027 0.0016
3583.27286 0.00132
3593.45872 0.00118
3603.64132 8.97743E-4
3613.82609 7.11757E-4
3624.01086 5.2577E-4
3634.19782 4.32777E-4
3644.38477 3.39783E-4
3654.57282 2.93287E-4
3664.75868 1.53797E-4
3674.94782 1.53797E-4
3685.13696 1.53797E-4
3695.32718 2.00293E-4
3705.51523 1.53797E-4
3715.70436 1.53797E-4
3725.8935 1.53797E-4
3736.08263 1.53797E-4
3746.27395 2.4679E-4
