# {"full": "Pure C^18O2 (10000 L)", "name": "C^18O2 (10000 L)", "ratio": "1", "url": "https://icedb.strw.leidenuniv.nl/data/15", "author": "\u00d6berg et al"}
399.264 -0.0249267
400.228 0.0219995
401.193 0.0530694
402.157 0.0332864
403.122 0.0250058
404.086 0.0210257
405.050 0.0216087
406.015 0.0160511
406.979 -0.000203008
407.944 -0.00478347
408.908 0.00651897
409.872 0.0124039
410.837 0.0137399
411.801 0.0167823
412.766 0.0290641
413.730 0.0458083
414.694 0.00922609
415.659 -0.0187380
416.623 -0.00157665
417.588 0.00252392
418.552 0.00674759
419.516 0.00809142
420.481 0.0130388
421.445 0.0100755
422.410 0.00312782
423.374 0.00337731
424.339 0.00589909
425.303 0.00751366
426.267 0.00809298
427.232 0.00864498
428.196 0.0115279
429.161 0.0109721
430.125 0.0112366
431.089 0.0117732
432.054 0.0141593
433.018 0.0160563
433.983 0.0315470
434.947 0.0777201
435.911 0.0455584
436.876 -0.00323013
437.840 0.00245900
438.805 0.000989331
439.769 0.00132832
440.733 -0.00427461
441.698 -0.0106606
442.662 0.0128561
443.627 0.0244131
444.591 0.0153652
445.555 0.0151071
446.520 0.0130508
447.484 0.0114200
448.449 0.0112742
449.413 0.0111606
450.377 0.00777538
451.342 0.00786978
452.306 0.00853161
453.271 0.00783499
454.235 0.00749567
455.199 0.00783585
456.164 0.00767445
457.128 0.00783895
458.093 0.00711436
459.057 0.00680070
460.022 0.00750595
460.986 0.00752806
461.950 0.00640606
462.915 0.00760347
463.879 0.0103848
464.844 0.00903590
465.808 0.00793120
466.772 0.00822335
467.737 0.00876833
468.701 0.00913332
469.666 0.0102534
470.630 0.0123413
471.594 0.00973081
472.559 0.00775195
473.523 0.00808755
474.488 0.00778055
475.452 0.00806959
476.416 0.00875389
477.381 0.00722404
478.345 0.00553460
479.310 0.00674015
480.274 0.00791354
481.238 0.00794643
482.203 0.00798633
483.167 0.00861603
484.132 0.00821699
485.096 0.00772117
486.060 0.00875985
487.025 0.00837611
487.989 0.00890631
488.954 0.00993611
489.918 0.0118205
490.883 0.0124189
491.847 0.00672224
492.811 0.00566938
493.776 0.00746550
494.740 0.00792816
495.705 0.00853083
496.669 0.00838829
497.633 0.00878041
498.598 0.00822605
499.562 0.00708880
500.527 0.00733013
501.491 0.00738011
502.455 0.00706308
503.420 0.00764755
504.384 0.00804051
505.349 0.00729314
506.313 0.00691114
507.277 0.00778854
508.242 0.00792337
509.206 0.00815274
510.171 0.00832782
511.135 0.00857154
512.099 0.00770307
513.064 0.00614362
514.028 0.00678392
514.993 0.00762053
515.957 0.00799590
516.921 0.00788933
517.886 0.00765667
518.850 0.00788325
519.815 0.00772657
520.779 0.00763626
521.743 0.00791810
522.708 0.00820565
523.672 0.00821699
524.637 0.00811938
525.601 0.00852955
526.565 0.00766375
527.530 0.00692187
528.494 0.00706339
529.459 0.00696889
530.423 0.00763165
531.388 0.00805389
532.352 0.00808345
533.316 0.00372002
534.281 0.00253060
535.245 0.00657711
536.210 0.00706609
537.174 0.00683391
538.138 0.00697109
539.103 0.00700005
540.067 0.00679098
541.032 0.00661800
541.996 0.00634647
542.960 0.00605112
543.925 0.00573764
544.889 0.00578339
545.854 0.00473998
546.818 0.00170917
547.782 0.00710668
548.747 0.0117650
549.711 0.00945578
550.676 0.00851001
551.640 0.00811442
552.604 0.00852340
553.569 0.00868227
554.533 0.00923073
555.498 0.00879752
556.462 0.00774475
557.427 0.00764200
558.391 0.00788462
559.355 0.00745106
560.320 0.00666250
561.284 0.00730492
562.249 0.00767627
563.213 0.00693644
564.177 0.00679362
565.142 0.00701235
566.106 0.00719417
567.071 0.00707506
568.035 0.00782323
568.999 0.00822421
569.964 0.00703240
570.928 0.00661262
571.893 0.00670276
572.857 0.00655294
573.821 0.00671454
574.786 0.00663861
575.750 0.00681783
576.715 0.00782253
577.679 0.00742117
578.643 0.00673848
579.608 0.00660755
580.572 0.00635546
581.537 0.00458673
582.501 0.00275727
583.465 0.00667038
584.430 0.00848350
585.394 0.00750025
586.359 0.00752908
587.323 0.00696590
588.287 0.00617922
589.252 0.00509980
590.216 0.00746897
591.181 0.00900803
592.145 0.00761567
593.109 0.00713782
594.074 0.00718626
595.038 0.00681836
596.003 0.00655158
596.967 0.00699541
597.932 0.00645018
598.896 0.00609924
599.860 0.00592587
600.825 0.00611372
601.789 0.00527840
602.754 0.00667639
603.718 0.0143690
604.682 0.0125395
605.647 0.00761132
606.611 0.00767838
607.576 0.00716355
608.540 0.00706727
609.504 0.00705420
610.469 0.00761809
611.433 0.00661121
612.398 0.00602160
613.362 0.00612352
614.326 0.00609263
615.291 0.00632808
616.255 0.00627550
617.220 0.00608576
618.184 0.00615451
619.148 0.00623634
620.113 0.00631666
621.077 0.00629861
622.042 0.00616697
623.006 0.00620979
623.971 0.00700244
624.935 0.00895490
625.899 0.0100644
626.864 0.0109996
627.828 0.0126084
628.793 0.0122128
629.757 0.0109122
630.721 0.0101148
631.686 0.00887857
632.650 0.00805254
633.615 0.00790711
634.579 0.00791856
635.543 0.00855895
636.508 0.00965724
637.472 0.0129951
638.437 0.0154004
639.401 0.0150213
640.365 0.0222720
641.330 0.0408634
642.294 0.0906199
643.259 0.179991
644.223 0.251569
645.187 0.266376
646.152 0.244152
647.116 0.220993
648.081 0.221114
649.045 0.240525
650.009 0.261760
650.974 0.265756
651.938 0.246678
652.903 0.213517
653.867 0.181245
654.831 0.153849
655.796 0.130391
656.760 0.110817
657.725 0.0944683
658.689 0.0793293
659.654 0.0671982
660.618 0.0594948
661.582 0.0511313
662.547 0.0434098
663.511 0.0371308
664.476 0.0320496
665.440 0.0277871
666.404 0.0195974
667.369 0.0146745
668.333 0.0167864
669.298 0.0166343
670.262 0.0164124
671.226 0.0162755
672.191 0.0159727
673.155 0.0156324
674.120 0.0150983
675.084 0.0148154
676.048 0.0145653
677.013 0.0139127
677.977 0.0134184
678.942 0.0135015
679.906 0.0126531
680.870 0.0126024
681.835 0.0138314
682.799 0.0133827
683.764 0.0126818
684.728 0.0123962
685.692 0.0120982
686.657 0.0117681
687.621 0.0116121
688.586 0.0120125
689.550 0.0117938
690.514 0.0113266
691.479 0.0109678
692.443 0.0112718
693.408 0.0108353
694.372 0.0120780
695.337 0.0129541
696.301 0.0103930
697.265 0.00944625
698.230 0.00980171
699.194 0.00919627
700.159 0.00850028
701.123 0.00501118
702.087 0.00270606
703.052 0.00917826
704.016 0.0122162
704.981 0.0109801
705.945 0.0107253
706.909 0.0104492
707.874 0.0105520
708.838 0.0100522
709.803 0.00915818
710.767 0.00923002
711.731 0.00981274
712.696 0.00961169
713.660 0.00935458
714.625 0.00924917
715.589 0.00849711
716.553 0.00850336
717.518 0.00945930
718.482 0.00947321
719.447 0.00935047
720.411 0.00937601
721.375 0.00935935
722.340 0.00942894
723.304 0.00942420
724.269 0.00930939
725.233 0.00941276
726.198 0.00932677
727.162 0.00925012
728.126 0.00923285
729.091 0.00914842
730.055 0.00907365
731.020 0.00917518
731.984 0.00912067
732.948 0.00914693
733.913 0.00923716
734.877 0.00917089
735.842 0.00899299
736.806 0.00876505
737.770 0.00886447
738.735 0.00898555
739.699 0.00907665
740.664 0.00920920
741.628 0.00906190
742.592 0.00909850
743.557 0.00952615
744.521 0.00894880
745.486 0.00849748
746.450 0.00874545
747.414 0.00884802
748.379 0.00896723
749.343 0.00865975
750.308 0.00821143
751.272 0.00841229
752.236 0.00893646
753.201 0.00906991
754.165 0.00888271
755.130 0.00875633
756.094 0.00873865
757.058 0.00859343
758.023 0.00949137
758.987 0.00979031
759.952 0.00915067
760.916 0.00890432
761.880 0.00852942
762.845 0.00866373
763.809 0.00874062
764.774 0.00859433
765.738 0.00891993
766.703 0.00870609
767.667 0.00853558
768.631 0.00856985
769.596 0.00853572
770.560 0.00848359
771.525 0.00822534
772.489 0.00836232
773.453 0.00849889
774.418 0.00823729
775.382 0.00816083
776.347 0.00816735
777.311 0.00825605
778.275 0.00807237
779.240 0.00713463
780.204 0.00748726
781.169 0.00805670
782.133 0.00795620
783.097 0.00799132
784.062 0.00804828
785.026 0.00808049
785.991 0.00809478
786.955 0.00810614
787.919 0.00803306
788.884 0.00812467
789.848 0.00822910
790.813 0.00831307
791.777 0.00838330
792.742 0.00843011
793.706 0.00792095
794.670 0.00781397
795.635 0.00799950
796.599 0.00805605
797.564 0.00811527
798.528 0.00786191
799.492 0.00793158
800.457 0.00794974
801.421 0.00806620
802.386 0.00800122
803.350 0.00778232
804.314 0.00777459
805.279 0.00784792
806.243 0.00769461
807.208 0.00700324
808.172 0.00721028
809.136 0.00794130
810.101 0.00814496
811.065 0.00810791
812.030 0.00803359
812.994 0.00828508
813.958 0.00805927
814.923 0.00724585
815.887 0.00735455
816.852 0.00765184
817.816 0.00763046
818.780 0.00782483
819.745 0.00785890
820.709 0.00781923
821.674 0.00773648
822.638 0.00783231
823.602 0.00794242
824.567 0.00789327
825.531 0.00787771
826.496 0.00791150
827.460 0.00815335
828.424 0.00783245
829.389 0.00749891
830.353 0.00777870
831.318 0.00795042
832.282 0.00788544
833.247 0.00783208
834.211 0.00770554
835.175 0.00760056
836.140 0.00775687
837.104 0.00768260
838.069 0.00767639
839.033 0.00782360
839.997 0.00776364
840.962 0.00784662
841.926 0.00799674
842.891 0.00775524
843.855 0.00753844
844.819 0.00754824
845.784 0.00762492
846.748 0.00772824
847.713 0.00768718
848.677 0.00772519
849.641 0.00751981
850.606 0.00740990
851.570 0.00767804
852.535 0.00769943
853.499 0.00770945
854.463 0.00765836
855.428 0.00771707
856.392 0.00771024
857.357 0.00739114
858.321 0.00745486
859.286 0.00750105
860.250 0.00752515
861.214 0.00761778
862.179 0.00769740
863.143 0.00779607
864.108 0.00739815
865.072 0.00714293
866.036 0.00733536
867.001 0.00736147
867.965 0.00731241
868.930 0.00723391
869.894 0.00744153
870.858 0.00817284
871.823 0.00830836
872.787 0.00790228
873.752 0.00776613
874.716 0.00770100
875.680 0.00759791
876.645 0.00762934
877.609 0.00768022
878.574 0.00764192
879.538 0.00737133
880.502 0.00708104
881.467 0.00715778
882.431 0.00713109
883.396 0.00722375
884.360 0.00726724
885.324 0.00718341
886.289 0.00726210
887.253 0.00723216
888.218 0.00724724
889.182 0.00730181
890.146 0.00725246
891.111 0.00695911
892.075 0.00700537
893.040 0.00732271
894.004 0.00733905
894.969 0.00735682
895.933 0.00747384
896.897 0.00738232
897.862 0.00730800
898.826 0.00751729
899.791 0.00753994
900.755 0.00743525
901.719 0.00748354
902.684 0.00729020
903.648 0.00706193
904.613 0.00706064
905.577 0.00735850
906.541 0.00747068
907.506 0.00731831
908.470 0.00731767
909.435 0.00736427
910.399 0.00744687
911.363 0.00760947
912.328 0.00694170
913.292 0.00639504
914.257 0.00709716
915.221 0.00723408
916.185 0.00723422
917.150 0.00737546
918.114 0.00763010
919.079 0.00759378
920.043 0.00657931
921.007 0.00620327
921.972 0.00651399
922.936 0.00679964
923.901 0.00688145
924.865 0.00686633
925.829 0.00649852
926.794 0.00631867
927.758 0.00699591
928.723 0.00727771
929.687 0.00712697
930.651 0.00680354
931.616 0.00683160
932.580 0.00664658
933.545 0.00738331
934.509 0.00855531
935.474 0.00801110
936.438 0.00747436
937.402 0.00731451
938.367 0.00722149
939.331 0.00738390
940.296 0.00729334
941.260 0.00684083
942.224 0.00686389
943.189 0.00688536
944.153 0.00688611
945.118 0.00704604
946.082 0.00664450
947.046 0.00754006
948.011 0.00855401
948.975 0.00781254
949.940 0.00726657
950.904 0.00727416
951.868 0.00736099
952.833 0.00717010
953.797 0.00712072
954.762 0.00713133
955.726 0.00691633
956.690 0.00719809
957.655 0.00737558
958.619 0.00723168
959.584 0.00707156
960.548 0.00731175
961.513 0.00780304
962.477 0.00681712
963.441 0.00637957
964.406 0.00673079
965.370 0.00680793
966.335 0.00690834
967.299 0.00712725
968.263 0.00704437
969.228 0.00635558
970.192 0.00664050
971.157 0.00685776
972.121 0.00658232
973.085 0.00660235
974.050 0.00683373
975.014 0.00706194
975.979 0.00672523
976.943 0.00663186
977.907 0.00671155
978.872 0.00672938
979.836 0.00675191
980.801 0.00665389
981.765 0.00593913
982.729 0.00619542
983.694 0.00768255
984.658 0.00762728
985.623 0.00724976
986.587 0.00708573
987.551 0.00707896
988.516 0.00671047
989.480 0.00632386
990.445 0.00735741
991.409 0.00772427
992.373 0.00734995
993.338 0.00721726
994.302 0.00713275
995.267 0.00725369
996.231 0.00722751
997.195 0.00658204
998.160 0.00644538
999.124 0.00676318
1000.09 0.00670044
1001.05 0.00684154
1002.02 0.00708970
1002.98 0.00693335
1003.95 0.00711004
1004.91 0.00753597
1005.88 0.00707956
1006.84 0.00686491
1007.80 0.00690448
1008.77 0.00701152
1009.73 0.00699719
1010.70 0.00699909
1011.66 0.00678057
1012.63 0.00640044
1013.59 0.00644804
1014.55 0.00649778
1015.52 0.00664645
1016.48 0.00669489
1017.45 0.00659156
1018.41 0.00646648
1019.38 0.00645104
1020.34 0.00657903
1021.31 0.00663381
1022.27 0.00657816
1023.23 0.00661290
1024.20 0.00636822
1025.16 0.00637728
1026.13 0.00677004
1027.09 0.00676716
1028.06 0.00679885
1029.02 0.00681199
1029.99 0.00678226
1030.95 0.00650843
1031.91 0.00658435
1032.88 0.00697957
1033.84 0.00691387
1034.81 0.00690876
1035.77 0.00689588
1036.74 0.00666137
1037.70 0.00656488
1038.66 0.00629571
1039.63 0.00613545
1040.59 0.00642784
1041.56 0.00651709
1042.52 0.00654468
1043.49 0.00655564
1044.45 0.00653987
1045.42 0.00692730
1046.38 0.00699854
1047.34 0.00655985
1048.31 0.00648857
1049.27 0.00648022
1050.24 0.00635606
1051.20 0.00641527
1052.17 0.00661119
1053.13 0.00620731
1054.10 0.00613428
1055.06 0.00646812
1056.02 0.00632563
1056.99 0.00635018
1057.95 0.00642468
1058.92 0.00660249
1059.88 0.00687637
1060.85 0.00638520
1061.81 0.00609264
1062.78 0.00627260
1063.74 0.00628419
1064.70 0.00649917
1065.67 0.00660851
1066.63 0.00678523
1067.60 0.00658929
1068.56 0.00616712
1069.53 0.00611792
1070.49 0.00619166
1071.45 0.00627766
1072.42 0.00618548
1073.38 0.00611501
1074.35 0.00616573
1075.31 0.00617517
1076.28 0.00615518
1077.24 0.00618558
1078.21 0.00620161
1079.17 0.00623614
1080.13 0.00607689
1081.10 0.00584592
1082.06 0.00609608
1083.03 0.00626066
1083.99 0.00630071
1084.96 0.00629401
1085.92 0.00614497
1086.89 0.00628743
1087.85 0.00630639
1088.81 0.00610425
1089.78 0.00602693
1090.74 0.00599648
1091.71 0.00599180
1092.67 0.00593824
1093.64 0.00593113
1094.60 0.00613848
1095.56 0.00620354
1096.53 0.00609445
1097.49 0.00597834
1098.46 0.00580497
1099.42 0.00553184
1100.39 0.00543896
1101.35 0.00512331
1102.32 0.00543994
1103.28 0.00644137
1104.24 0.00637514
1105.21 0.00619649
1106.17 0.00636602
1107.14 0.00633079
1108.10 0.00607186
1109.07 0.00621629
1110.03 0.00630344
1111.00 0.00607029
1111.96 0.00614157
1112.92 0.00613148
1113.89 0.00611409
1114.85 0.00609772
1115.82 0.00622394
1116.78 0.00617904
1117.75 0.00601956
1118.71 0.00604253
1119.68 0.00595991
1120.64 0.00593343
1121.60 0.00597668
1122.57 0.00598669
1123.53 0.00643983
1124.50 0.00651839
1125.46 0.00595804
1126.43 0.00591223
1127.39 0.00593034
1128.35 0.00596335
1129.32 0.00584728
1130.28 0.00571617
1131.25 0.00597569
1132.21 0.00597823
1133.18 0.00574133
1134.14 0.00576758
1135.11 0.00581779
1136.07 0.00570964
1137.03 0.00552828
1138.00 0.00553924
1138.96 0.00574225
1139.93 0.00587799
1140.89 0.00592244
1141.86 0.00580776
1142.82 0.00566064
1143.79 0.00554509
1144.75 0.00563888
1145.71 0.00571469
1146.68 0.00571062
1147.64 0.00574190
1148.61 0.00562431
1149.57 0.00564191
1150.54 0.00586941
1151.50 0.00595064
1152.46 0.00582134
1153.43 0.00573899
1154.39 0.00578894
1155.36 0.00576487
1156.32 0.00553099
1157.29 0.00550102
1158.25 0.00544234
1159.22 0.00533977
1160.18 0.00562188
1161.14 0.00574406
1162.11 0.00563816
1163.07 0.00566002
1164.04 0.00568024
1165.00 0.00579485
1165.97 0.00580462
1166.93 0.00568375
1167.90 0.00570161
1168.86 0.00559113
1169.82 0.00550822
1170.79 0.00555046
1171.75 0.00533081
1172.72 0.00519820
1173.68 0.00559348
1174.65 0.00576167
1175.61 0.00574478
1176.57 0.00578087
1177.54 0.00559242
1178.50 0.00556263
1179.47 0.00562875
1180.43 0.00543421
1181.40 0.00542630
1182.36 0.00538917
1183.33 0.00530497
1184.29 0.00545598
1185.25 0.00541170
1186.22 0.00530869
1187.18 0.00559605
1188.15 0.00572309
1189.11 0.00556533
1190.08 0.00553488
1191.04 0.00551511
1192.01 0.00552913
1192.97 0.00566044
1193.93 0.00562900
1194.90 0.00546930
1195.86 0.00543307
1196.83 0.00534264
1197.79 0.00532435
1198.76 0.00541040
1199.72 0.00530652
1200.69 0.00525627
1201.65 0.00550119
1202.61 0.00553443
1203.58 0.00540895
1204.54 0.00540207
1205.51 0.00552086
1206.47 0.00568459
1207.44 0.00554906
1208.40 0.00526868
1209.36 0.00528533
1210.33 0.00534452
1211.29 0.00522971
1212.26 0.00512068
1213.22 0.00520235
1214.19 0.00528778
1215.15 0.00537801
1216.12 0.00544517
1217.08 0.00542101
1218.04 0.00543044
1219.01 0.00541658
1219.97 0.00546488
1220.94 0.00541720
1221.90 0.00534568
1222.87 0.00530694
1223.83 0.00532792
1224.80 0.00538978
1225.76 0.00554667
1226.72 0.00596000
1227.69 0.00612374
1228.65 0.00580569
1229.62 0.00544567
1230.58 0.00529537
1231.55 0.00526565
1232.51 0.00534214
1233.47 0.00512952
1234.44 0.00498373
1235.40 0.00486671
1236.37 0.00493047
1237.33 0.00530447
1238.30 0.00526689
1239.26 0.00523711
1240.23 0.00538516
1241.19 0.00541307
1242.15 0.00525110
1243.12 0.00517994
1244.08 0.00520732
1245.05 0.00523910
1246.01 0.00529776
1246.98 0.00535674
1247.94 0.00518495
1248.91 0.00510013
1249.87 0.00515774
1250.83 0.00520307
1251.80 0.00530136
1252.76 0.00520824
1253.73 0.00519073
1254.69 0.00513548
1255.66 0.00512909
1256.62 0.00517604
1257.59 0.00517694
1258.55 0.00525415
1259.51 0.00515239
1260.48 0.00515230
1261.44 0.00527275
1262.41 0.00522224
1263.37 0.00512695
1264.34 0.00512472
1265.30 0.00524362
1266.26 0.00532669
1267.23 0.00517843
1268.19 0.00507695
1269.16 0.00529559
1270.12 0.00542204
1271.09 0.00508001
1272.05 0.00493450
1273.02 0.00504778
1273.98 0.00499501
1274.94 0.00501462
1275.91 0.00503631
1276.87 0.00506951
1277.84 0.00514202
1278.80 0.00510645
1279.77 0.00514773
1280.73 0.00522029
1281.70 0.00529294
1282.66 0.00535795
1283.62 0.00520385
1284.59 0.00520015
1285.55 0.00519242
1286.52 0.00510840
1287.48 0.00513175
1288.45 0.00519194
1289.41 0.00534932
1290.37 0.00527263
1291.34 0.00513269
1292.30 0.00521539
1293.27 0.00524684
1294.23 0.00520910
1295.20 0.00516821
1296.16 0.00516256
1297.13 0.00523542
1298.09 0.00529248
1299.05 0.00526454
1300.02 0.00525528
1300.98 0.00525981
1301.95 0.00516249
1302.91 0.00521029
1303.88 0.00521061
1304.84 0.00516477
1305.81 0.00534401
1306.77 0.00536395
1307.73 0.00515301
1308.70 0.00497250
1309.66 0.00500936
1310.63 0.00505682
1311.59 0.00508658
1312.56 0.00510444
1313.52 0.00500439
1314.48 0.00510563
1315.45 0.00518212
1316.41 0.00505982
1317.38 0.00501300
1318.34 0.00500833
1319.31 0.00516760
1320.27 0.00528313
1321.24 0.00515349
1322.20 0.00510029
1323.16 0.00517152
1324.13 0.00516521
1325.09 0.00507583
1326.06 0.00507336
1327.02 0.00489583
1327.99 0.00481777
1328.95 0.00494888
1329.92 0.00501818
1330.88 0.00510265
1331.84 0.00513508
1332.81 0.00512549
1333.77 0.00515444
1334.74 0.00518682
1335.70 0.00517869
1336.67 0.00516223
1337.63 0.00507163
1338.60 0.00486304
1339.56 0.00479424
1340.52 0.00480804
1341.49 0.00473219
1342.45 0.00480559
1343.42 0.00488144
1344.38 0.00492164
1345.35 0.00492879
1346.31 0.00487439
1347.27 0.00476310
1348.24 0.00452354
1349.20 0.00432114
1350.17 0.00418679
1351.13 0.00422959
1352.10 0.00425964
1353.06 0.00421884
1354.03 0.00419739
1354.99 0.00412829
1355.95 0.00400359
1356.92 0.00398293
1357.88 0.00422813
1358.85 0.00431628
1359.81 0.00414218
1360.78 0.00419342
1361.74 0.00418142
1362.71 0.00409007
1363.67 0.00428957
1364.63 0.00444497
1365.60 0.00451151
1366.56 0.00443831
1367.53 0.00445456
1368.49 0.00458276
1369.46 0.00452020
1370.42 0.00445920
1371.38 0.00447210
1372.35 0.00452804
1373.31 0.00455864
1374.28 0.00453348
1375.24 0.00458218
1376.21 0.00466453
1377.17 0.00462032
1378.14 0.00445757
1379.10 0.00438887
1380.06 0.00435646
1381.03 0.00420801
1381.99 0.00424700
1382.96 0.00422174
1383.92 0.00401064
1384.89 0.00401609
1385.85 0.00409208
1386.82 0.00398242
1387.78 0.00387622
1388.74 0.00376952
1389.71 0.00389876
1390.67 0.00402116
1391.64 0.00385220
1392.60 0.00383599
1393.57 0.00390704
1394.53 0.00388063
1395.50 0.00374207
1396.46 0.00363687
1397.42 0.00362326
1398.39 0.00369291
1399.35 0.00371650
1400.32 0.00376544
1401.28 0.00383534
1402.25 0.00376768
1403.21 0.00376557
1404.17 0.00373457
1405.14 0.00374421
1406.10 0.00386760
1407.07 0.00383574
1408.03 0.00382574
1409.00 0.00386317
1409.96 0.00384417
1410.93 0.00400001
1411.89 0.00401450
1412.85 0.00379830
1413.82 0.00371913
1414.78 0.00369623
1415.75 0.00370137
1416.71 0.00370586
1417.68 0.00374880
1418.64 0.00376629
1419.61 0.00373353
1420.57 0.00376802
1421.53 0.00371591
1422.50 0.00369685
1423.46 0.00385624
1424.43 0.00393378
1425.39 0.00390187
1426.36 0.00386061
1427.32 0.00378530
1428.28 0.00378060
1429.25 0.00378773
1430.21 0.00374522
1431.18 0.00373986
1432.14 0.00370625
1433.11 0.00370609
1434.07 0.00377898
1435.04 0.00386732
1436.00 0.00393381
1436.96 0.00382970
1437.93 0.00370603
1438.89 0.00385152
1439.86 0.00396366
1440.82 0.00383745
1441.79 0.00376958
1442.75 0.00375178
1443.72 0.00379951
1444.68 0.00381530
1445.64 0.00377269
1446.61 0.00376252
1447.57 0.00373271
1448.54 0.00376745
1449.50 0.00367124
1450.47 0.00368757
1451.43 0.00377376
1452.40 0.00368110
1453.36 0.00361149
1454.32 0.00362617
1455.29 0.00366611
1456.25 0.00361820
1457.22 0.00361393
1458.18 0.00366832
1459.15 0.00363285
1460.11 0.00364484
1461.07 0.00367473
1462.04 0.00355786
1463.00 0.00358095
1463.97 0.00368038
1464.93 0.00368247
1465.90 0.00354940
1466.86 0.00348859
1467.83 0.00358642
1468.79 0.00355641
1469.75 0.00350339
1470.72 0.00351413
1471.68 0.00355141
1472.65 0.00353824
1473.61 0.00353803
1474.58 0.00352576
1475.54 0.00357535
1476.51 0.00366258
1477.47 0.00367796
1478.43 0.00363835
1479.40 0.00352348
1480.36 0.00351927
1481.33 0.00349390
1482.29 0.00347008
1483.26 0.00359051
1484.22 0.00361420
1485.18 0.00356298
1486.15 0.00353421
1487.11 0.00349260
1488.08 0.00351233
1489.04 0.00351501
1490.01 0.00349864
1490.97 0.00342233
1491.94 0.00334825
1492.90 0.00332714
1493.86 0.00336432
1494.83 0.00348725
1495.79 0.00336324
1496.76 0.00325576
1497.72 0.00336975
1498.69 0.00350827
1499.65 0.00347296
1500.62 0.00327589
1501.58 0.00323287
1502.54 0.00332485
1503.51 0.00348258
1504.47 0.00342976
1505.44 0.00333899
1506.40 0.00337747
1507.37 0.00341060
1508.33 0.00343508
1509.29 0.00338637
1510.26 0.00341419
1511.22 0.00341268
1512.19 0.00326710
1513.15 0.00322648
1514.12 0.00323861
1515.08 0.00318419
1516.05 0.00320882
1517.01 0.00317400
1517.97 0.00320468
1518.94 0.00339611
1519.90 0.00338939
1520.87 0.00328851
1521.83 0.00331149
1522.80 0.00332882
1523.76 0.00323590
1524.73 0.00313912
1525.69 0.00320940
1526.65 0.00332588
1527.62 0.00330631
1528.58 0.00328769
1529.55 0.00329191
1530.51 0.00328689
1531.48 0.00323781
1532.44 0.00319069
1533.41 0.00321162
1534.37 0.00317880
1535.33 0.00322818
1536.30 0.00327560
1537.26 0.00324548
1538.23 0.00327240
1539.19 0.00328238
1540.16 0.00321471
1541.12 0.00312398
1542.08 0.00312246
1543.05 0.00312718
1544.01 0.00310766
1544.98 0.00312508
1545.94 0.00306106
1546.91 0.00302378
1547.87 0.00308796
1548.84 0.00316108
1549.80 0.00308166
1550.76 0.00304204
1551.73 0.00313356
1552.69 0.00305744
1553.66 0.00300776
1554.62 0.00304363
1555.59 0.00301136
1556.55 0.00304043
1557.52 0.00305015
1558.48 0.00299033
1559.44 0.00295251
1560.41 0.00292862
1561.37 0.00291560
1562.34 0.00289292
1563.30 0.00289600
1564.27 0.00284202
1565.23 0.00280380
1566.19 0.00284157
1567.16 0.00290069
1568.12 0.00296386
1569.09 0.00289548
1570.05 0.00272416
1571.02 0.00276188
1571.98 0.00289485
1572.95 0.00287597
1573.91 0.00285735
1574.87 0.00290892
1575.84 0.00289254
1576.80 0.00280461
1577.77 0.00275263
1578.73 0.00280041
1579.70 0.00267602
1580.66 0.00252530
1581.63 0.00266292
1582.59 0.00274889
1583.55 0.00276136
1584.52 0.00276458
1585.48 0.00270985
1586.45 0.00274807
1587.41 0.00276754
1588.38 0.00272706
1589.34 0.00273353
1590.31 0.00258885
1591.27 0.00258422
1592.23 0.00265160
1593.20 0.00264841
1594.16 0.00273078
1595.13 0.00268990
1596.09 0.00265937
1597.06 0.00277539
1598.02 0.00291686
1598.98 0.00301833
1599.95 0.00308854
1600.91 0.00325852
1601.88 0.00344063
1602.84 0.00352770
1603.81 0.00356492
1604.77 0.00370399
1605.74 0.00402350
1606.70 0.00428087
1607.66 0.00458524
1608.63 0.00495926
1609.59 0.00520223
1610.56 0.00544044
1611.52 0.00566841
1612.49 0.00593073
1613.45 0.00625370
1614.42 0.00616141
1615.38 0.00557698
1616.34 0.00484655
1617.31 0.00436136
1618.27 0.00414103
1619.24 0.00391805
1620.20 0.00378221
1621.17 0.00363203
1622.13 0.00336549
1623.09 0.00321546
1624.06 0.00311568
1625.02 0.00300745
1625.99 0.00287596
1626.95 0.00278813
1627.92 0.00281884
1628.88 0.00274590
1629.85 0.00280092
1630.81 0.00302699
1631.77 0.00302125
1632.74 0.00283147
1633.70 0.00276413
1634.67 0.00270774
1635.63 0.00261371
1636.60 0.00266412
1637.56 0.00268759
1638.53 0.00265250
1639.49 0.00254816
1640.45 0.00251403
1641.42 0.00248964
1642.38 0.00235441
1643.35 0.00232102
1644.31 0.00238288
1645.28 0.00238689
1646.24 0.00236196
1647.20 0.00236433
1648.17 0.00233393
1649.13 0.00237120
1650.10 0.00234241
1651.06 0.00229398
1652.03 0.00225959
1652.99 0.00223315
1653.96 0.00229986
1654.92 0.00240023
1655.88 0.00229459
1656.85 0.00208260
1657.81 0.00206526
1658.78 0.00210747
1659.74 0.00207543
1660.71 0.00210534
1661.67 0.00207191
1662.64 0.00203821
1663.60 0.00201578
1664.56 0.00198574
1665.53 0.00210795
1666.49 0.00219371
1667.46 0.00210202
1668.42 0.00200458
1669.39 0.00206389
1670.35 0.00204175
1671.32 0.00198406
1672.28 0.00197842
1673.24 0.00201838
1674.21 0.00195779
1675.17 0.00196585
1676.14 0.00201426
1677.10 0.00187922
1678.07 0.00184762
1679.03 0.00199439
1679.99 0.00200225
1680.96 0.00193626
1681.92 0.00196472
1682.89 0.00195962
1683.85 0.00192108
1684.82 0.00189709
1685.78 0.00185355
1686.75 0.00187525
1687.71 0.00199901
1688.67 0.00200297
1689.64 0.00191908
1690.60 0.00189184
1691.57 0.00183874
1692.53 0.00180010
1693.50 0.00183481
1694.46 0.00178817
1695.43 0.00178567
1696.39 0.00182603
1697.35 0.00181249
1698.32 0.00185839
1699.28 0.00187185
1700.25 0.00179796
1701.21 0.00180742
1702.18 0.00178252
1703.14 0.00171798
1704.10 0.00166584
1705.07 0.00160654
1706.03 0.00168840
1707.00 0.00167790
1707.96 0.00170596
1708.93 0.00173616
1709.89 0.00163822
1710.86 0.00163222
1711.82 0.00169598
1712.78 0.00170844
1713.75 0.00161944
1714.71 0.00152310
1715.68 0.00156250
1716.64 0.00156555
1717.61 0.00156245
1718.57 0.00155811
1719.54 0.00154591
1720.50 0.00157667
1721.46 0.00151743
1722.43 0.00150183
1723.39 0.00154308
1724.36 0.00149398
1725.32 0.00152094
1726.29 0.00166304
1727.25 0.00161420
1728.22 0.00156359
1729.18 0.00161035
1730.14 0.00161341
1731.11 0.00159191
1732.07 0.00163026
1733.04 0.00163726
1734.00 0.00160521
1734.97 0.00156001
1735.93 0.00155117
1736.89 0.00148783
1737.86 0.00139582
1738.82 0.00142008
1739.79 0.00143117
1740.75 0.00143583
1741.72 0.00152363
1742.68 0.00155688
1743.65 0.00142938
1744.61 0.00143013
1745.57 0.00146189
1746.54 0.00142599
1747.50 0.00143984
1748.47 0.00147414
1749.43 0.00149919
1750.40 0.00147528
1751.36 0.00135654
1752.33 0.00134194
1753.29 0.00132489
1754.25 0.00138794
1755.22 0.00159604
1756.18 0.00144819
1757.15 0.00141469
1758.11 0.00153514
1759.08 0.00153644
1760.04 0.00156689
1761.00 0.00152574
1761.97 0.00142413
1762.93 0.00141229
1763.90 0.00139538
1764.86 0.00141703
1765.83 0.00139243
1766.79 0.00133958
1767.76 0.00131967
1768.72 0.00122752
1769.68 0.00120168
1770.65 0.00129147
1771.61 0.00132422
1772.58 0.00135041
1773.54 0.00146126
1774.51 0.00141306
1775.47 0.00137971
1776.44 0.00154870
1777.40 0.00154105
1778.36 0.00133160
1779.33 0.00129449
1780.29 0.00130515
1781.26 0.00126034
1782.22 0.00123029
1783.19 0.00121648
1784.15 0.00122913
1785.11 0.00141048
1786.08 0.00145317
1787.04 0.00137822
1788.01 0.00136321
1788.97 0.00128256
1789.94 0.00124145
1790.90 0.00125350
1791.87 0.00130329
1792.83 0.00129564
1793.79 0.00129389
1794.76 0.00135238
1795.72 0.00124263
1796.69 0.00117132
1797.65 0.00127587
1798.62 0.00131796
1799.58 0.00119781
1800.55 0.00114990
1801.51 0.00122814
1802.47 0.00113139
1803.44 0.00109798
1804.40 0.00123263
1805.37 0.00124412
1806.33 0.00119616
1807.30 0.00116605
1808.26 0.00111760
1809.23 0.00113609
1810.19 0.00113284
1811.15 0.00117128
1812.12 0.00131747
1813.08 0.00130792
1814.05 0.00119171
1815.01 0.00116295
1815.98 0.00118714
1816.94 0.00119389
1817.90 0.00107523
1818.87 0.000958918
1819.83 0.00100846
1820.80 0.00110465
1821.76 0.00112490
1822.73 0.00111848
1823.69 0.00106183
1824.66 0.00110481
1825.62 0.00123036
1826.58 0.00117730
1827.55 0.00106499
1828.51 0.000967037
1829.48 0.00101842
1830.44 0.00108206
1831.41 0.00103205
1832.37 0.000996396
1833.34 0.00109878
1834.30 0.00116593
1835.26 0.00111487
1836.23 0.00119286
1837.19 0.00114960
1838.16 0.00112509
1839.12 0.00119343
1840.09 0.00106931
1841.05 0.000997456
1842.01 0.00102670
1842.98 0.00101608
1843.94 0.00102033
1844.91 0.00104741
1845.87 0.000973053
1846.84 0.000856536
1847.80 0.000914477
1848.77 0.00103986
1849.73 0.00106170
1850.69 0.00110785
1851.66 0.00112043
1852.62 0.00111447
1853.59 0.00111946
1854.55 0.00113400
1855.52 0.00114708
1856.48 0.00108922
1857.45 0.00100780
1858.41 0.00101024
1859.37 0.000966184
1860.34 0.000973066
1861.30 0.000959707
1862.27 0.000886891
1863.23 0.000962229
1864.20 0.000964213
1865.16 0.000969050
1866.12 0.000888791
1867.09 0.000931673
1868.05 0.00107421
1869.02 0.00103280
1869.98 0.00104083
1870.95 0.00101252
1871.91 0.000933953
1872.88 0.000914736
1873.84 0.000860676
1874.80 0.000958912
1875.77 0.00104369
1876.73 0.000900032
1877.70 0.000905212
1878.66 0.000962749
1879.63 0.000971932
1880.59 0.000960570
1881.56 0.000800250
1882.52 0.000658387
1883.48 0.000671724
1884.45 0.000702403
1885.41 0.000680542
1886.38 0.000730623
1887.34 0.000777958
1888.31 0.000713337
1889.27 0.000667773
1890.24 0.000690153
1891.20 0.000676490
1892.16 0.000734529
1893.13 0.000763306
1894.09 0.000689641
1895.06 0.000616221
1896.02 0.000678955
1896.99 0.000830336
1897.95 0.000774771
1898.91 0.000668107
1899.88 0.000577884
1900.84 0.000505019
1901.81 0.000655998
1902.77 0.000753334
1903.74 0.000593111
1904.70 0.000513444
1905.67 0.000544623
1906.63 0.000646558
1907.59 0.000707893
1908.56 0.000645069
1909.52 0.000574904
1910.49 0.000580179
1911.45 0.000634711
1912.42 0.000613291
1913.38 0.000453226
1914.35 0.000436302
1915.31 0.000526235
1916.27 0.000523567
1917.24 0.000549143
1918.20 0.000480875
1919.17 0.000398953
1920.13 0.000401186
1921.10 0.000362061
1922.06 0.000349395
1923.03 0.000427667
1923.99 0.000295101
1924.95 0.000300633
1925.92 0.000383409
1926.88 0.000315540
1927.85 0.000355512
1928.81 0.000306046
1929.78 0.000260022
1930.74 0.000304954
1931.70 0.000295186
1932.67 0.000232359
1933.63 0.000220288
1934.60 0.000255365
1935.56 0.000237796
1936.53 0.000258770
1937.49 0.000288302
1938.46 0.000198573
1939.42 0.000228602
1940.38 0.000274733
1941.35 0.000229606
1942.31 0.000263138
1943.28 0.000239912
1944.24 0.000245441
1945.21 0.000291813
1946.17 0.000283241
1947.14 0.000294514
1948.10 0.000231346
1949.06 0.000151375
1950.03 6.28456e-05
1950.99 4.17233e-06
1951.96 1.92467e-05
1952.92 0.000102874
1953.89 0.000109550
1954.85 4.05777e-05
1955.81 2.85059e-05
1956.78 4.74751e-05
1957.74 5.25042e-05
1958.71 -3.55262e-05
1959.67 -8.19564e-06
1960.64 1.14758e-05
1961.60 -1.59983e-05
1962.57 -2.88300e-05
1963.53 -9.35011e-05
1964.49 -0.000122273
1965.46 -0.000149801
1966.42 -8.15764e-05
1967.39 3.41944e-05
1968.35 3.05194e-05
1969.32 -7.17100e-05
1970.28 -0.000105582
1971.25 -0.000119211
1972.21 -0.000119586
1973.17 -5.74589e-05
1974.14 -4.15910e-05
1975.10 -7.78642e-05
1976.07 -0.000119496
1977.03 -0.000184469
1978.00 -0.000156399
1978.96 -0.000126375
1979.92 -0.000163749
1980.89 -0.000172982
1981.85 -7.86539e-05
1982.82 2.91318e-06
1983.78 -0.000134960
1984.75 -0.000116894
1985.71 -0.000100171
1986.68 -0.000211103
1987.64 -0.000133477
1988.60 -0.000113552
1989.57 -0.000200186
1990.53 -0.000213461
1991.50 -0.000279294
1992.46 -0.000272470
1993.43 -0.000325603
1994.39 -0.000309579
1995.36 -0.000291612
1996.32 -0.000408191
1997.28 -0.000379067
1998.25 -0.000272200
1999.21 -0.000249676
2000.18 -0.000361810
2001.14 -0.000448985
2002.11 -0.000428921
2003.07 -0.000367600
2004.04 -0.000370534
2005.00 -0.000342611
2005.96 -0.000342987
2006.93 -0.000505721
2007.89 -0.000508001
2008.86 -0.000408739
2009.82 -0.000461116
2010.79 -0.000418149
2011.75 -0.000417328
2012.71 -0.000425607
2013.68 -0.000412442
2014.64 -0.000430720
2015.61 -0.000456857
2016.57 -0.000516135
2017.54 -0.000508670
2018.50 -0.000457451
2019.47 -0.000551390
2020.43 -0.000680769
2021.39 -0.000636047
2022.36 -0.000604184
2023.32 -0.000644863
2024.29 -0.000615699
2025.25 -0.000664880
2026.22 -0.000764716
2027.18 -0.000669897
2028.15 -0.000676634
2029.11 -0.000751713
2030.07 -0.000676895
2031.04 -0.000604933
2032.00 -0.000632213
2032.97 -0.000832854
2033.93 -0.000888232
2034.90 -0.000820270
2035.86 -0.000822552
2036.82 -0.000852436
2037.79 -0.000838574
2038.75 -0.000889156
2039.72 -0.000935793
2040.68 -0.000822075
2041.65 -0.000797113
2042.61 -0.000874097
2043.58 -0.000841536
2044.54 -0.000853818
2045.50 -0.000880402
2046.47 -0.000863440
2047.43 -0.000912121
2048.40 -0.000909561
2049.36 -0.000926046
2050.33 -0.000907786
2051.29 -0.000896169
2052.26 -0.000925006
2053.22 -0.000907993
2054.18 -0.000909677
2055.15 -0.000931019
2056.11 -0.000953199
2057.08 -0.00101474
2058.04 -0.00101442
2059.01 -0.00102767
2059.97 -0.00109955
2060.94 -0.00104589
2061.90 -0.00102768
2062.86 -0.00114446
2063.83 -0.00119190
2064.79 -0.00112259
2065.76 -0.00104343
2066.72 -0.00105422
2067.69 -0.00104676
2068.65 -0.000993842
2069.61 -0.00100593
2070.58 -0.00101047
2071.54 -0.00102646
2072.51 -0.00115360
2073.47 -0.00116549
2074.44 -0.00107743
2075.40 -0.00114771
2076.37 -0.00115796
2077.33 -0.00124474
2078.29 -0.00124183
2079.26 -0.00116527
2080.22 -0.00114926
2081.19 -0.00111280
2082.15 -0.00118099
2083.12 -0.00126263
2084.08 -0.00138592
2085.05 -0.00141647
2086.01 -0.00132245
2086.97 -0.00130274
2087.94 -0.00129339
2088.90 -0.00138457
2089.87 -0.00145052
2090.83 -0.00129041
2091.80 -0.00127885
2092.76 -0.00143024
2093.72 -0.00147743
2094.69 -0.00150108
2095.65 -0.00152886
2096.62 -0.00146521
2097.58 -0.00143360
2098.55 -0.00147044
2099.51 -0.00141913
2100.48 -0.00145358
2101.44 -0.00157987
2102.40 -0.00146686
2103.37 -0.00139750
2104.33 -0.00144459
2105.30 -0.00151094
2106.26 -0.00173993
2107.23 -0.00172898
2108.19 -0.00160537
2109.16 -0.00166002
2110.12 -0.00165050
2111.08 -0.00156390
2112.05 -0.00157624
2113.01 -0.00164783
2113.98 -0.00171558
2114.94 -0.00173387
2115.91 -0.00172182
2116.87 -0.00169451
2117.83 -0.00165310
2118.80 -0.00163985
2119.76 -0.00154834
2120.73 -0.00156809
2121.69 -0.00178678
2122.66 -0.00187563
2123.62 -0.00180713
2124.59 -0.00175237
2125.55 -0.00175657
2126.51 -0.00176866
2127.48 -0.00174311
2128.44 -0.00170970
2129.41 -0.00171775
2130.37 -0.00178754
2131.34 -0.00176179
2132.30 -0.00170998
2133.27 -0.00180924
2134.23 -0.00198613
2135.19 -0.00204103
2136.16 -0.00201838
2137.12 -0.00194867
2138.09 -0.00190112
2139.05 -0.00197691
2140.02 -0.00195116
2140.98 -0.00198396
2141.95 -0.00197481
2142.91 -0.00200130
2143.87 -0.00210099
2144.84 -0.00218865
2145.80 -0.00219894
2146.77 -0.00204350
2147.73 -0.00202219
2148.70 -0.00208724
2149.66 -0.00213354
2150.62 -0.00219413
2151.59 -0.00217289
2152.55 -0.00225368
2153.52 -0.00237303
2154.48 -0.00233053
2155.45 -0.00232468
2156.41 -0.00232238
2157.38 -0.00226483
2158.34 -0.00229023
2159.30 -0.00230662
2160.27 -0.00225738
2161.23 -0.00224307
2162.20 -0.00217983
2163.16 -0.00215092
2164.13 -0.00217498
2165.09 -0.00215708
2166.06 -0.00223483
2167.02 -0.00225073
2167.98 -0.00223992
2168.95 -0.00223758
2169.91 -0.00221818
2170.88 -0.00229373
2171.84 -0.00231083
2172.81 -0.00223108
2173.77 -0.00233438
2174.73 -0.00242248
2175.70 -0.00242424
2176.66 -0.00241154
2177.63 -0.00242139
2178.59 -0.00241059
2179.56 -0.00236984
2180.52 -0.00232214
2181.49 -0.00238940
2182.45 -0.00257600
2183.41 -0.00260230
2184.38 -0.00258785
2185.34 -0.00256815
2186.31 -0.00255651
2187.27 -0.00258901
2188.24 -0.00253607
2189.20 -0.00250197
2190.17 -0.00252882
2191.13 -0.00253193
2192.09 -0.00250923
2193.06 -0.00253768
2194.02 -0.00261788
2194.99 -0.00264454
2195.95 -0.00250724
2196.92 -0.00254840
2197.88 -0.00267120
2198.84 -0.00263380
2199.81 -0.00261666
2200.77 -0.00248736
2201.74 -0.00244272
2202.70 -0.00251422
2203.67 -0.00260838
2204.63 -0.00258709
2205.60 -0.00248304
2206.56 -0.00257734
2207.52 -0.00266654
2208.49 -0.00273720
2209.45 -0.00276011
2210.42 -0.00269607
2211.38 -0.00262087
2212.35 -0.00263953
2213.31 -0.00265573
2214.28 -0.00258529
2215.24 -0.00259480
2216.20 -0.00260270
2217.17 -0.00258736
2218.13 -0.00259226
2219.10 -0.00256212
2220.06 -0.00260033
2221.03 -0.00262859
2221.99 -0.00257389
2222.96 -0.00241456
2223.92 -0.00235036
2224.88 -0.00241276
2225.85 -0.00247763
2226.81 -0.00250293
2227.78 -0.00248309
2228.74 -0.00244200
2229.71 -0.00236556
2230.67 -0.00218516
2231.63 -0.00209637
2232.60 -0.00202933
2233.56 -0.00194614
2234.53 -0.00191010
2235.49 -0.00183560
2236.46 -0.00168777
2237.42 -0.00150117
2238.39 -0.00101864
2239.35 -0.000201743
2240.31 0.000988752
2241.28 0.00260939
2242.24 0.00497778
2243.21 0.00863312
2244.17 0.0149819
2245.14 0.0286734
2246.10 0.0518818
2247.07 0.0668587
2248.03 0.0550276
2248.99 0.0307389
2249.96 0.0133818
2250.92 0.00474689
2251.89 0.000956524
2252.85 -0.000479681
2253.82 -0.000816347
2254.78 -0.000677655
2255.74 -0.000533463
2256.71 -0.000459131
2257.67 -0.000320639
2258.64 -6.43022e-05
2259.60 0.000248089
2260.57 0.000498222
2261.53 0.000936814
2262.50 0.00155845
2263.46 0.00244994
2264.42 0.00377953
2265.39 0.00458286
2266.35 0.00423835
2267.32 0.00378649
2268.28 0.00371188
2269.25 0.00398231
2270.21 0.00459270
2271.18 0.00540664
2272.14 0.00609622
2273.10 0.00687121
2274.07 0.00762845
2275.03 0.00840594
2276.00 0.00929855
2276.96 0.0104135
2277.93 0.0115887
2278.89 0.0128925
2279.86 0.0143205
2280.82 0.0160787
2281.78 0.0178409
2282.75 0.0195593
2283.71 0.0215888
2284.68 0.0240613
2285.64 0.0268660
2286.61 0.0304384
2287.57 0.0347588
2288.53 0.0402485
2289.50 0.0484004
2290.46 0.0610412
2291.43 0.0784331
2292.39 0.0987748
2293.36 0.119541
2294.32 0.140773
2295.29 0.162833
2296.25 0.187345
2297.21 0.214927
2298.18 0.245343
2299.14 0.279659
2300.11 0.320045
2301.07 0.370511
2302.04 0.433579
2303.00 0.517864
2303.97 0.627682
2304.93 0.774048
2305.89 0.944997
2306.86 1.10665
2307.82 1.21817
2308.79 1.26351
2309.75 1.24733
2310.72 1.19354
2311.68 1.11080
2312.65 1.02948
2313.61 0.939290
2314.57 0.862791
2315.54 0.786119
2316.50 0.724941
2317.47 0.663953
2318.43 0.614880
2319.40 0.568011
2320.36 0.530175
2321.32 0.494385
2322.29 0.463991
2323.25 0.435446
2324.22 0.411018
2325.18 0.387725
2326.15 0.367070
2327.11 0.347618
2328.08 0.329419
2329.04 0.312539
2330.00 0.296768
2330.97 0.281529
2331.93 0.266743
2332.90 0.251913
2333.86 0.238285
2334.83 0.225783
2335.79 0.214208
2336.76 0.203618
2337.72 0.193438
2338.68 0.183714
2339.65 0.174172
2340.61 0.164470
2341.58 0.153618
2342.54 0.141094
2343.51 0.126269
2344.47 0.109065
2345.43 0.0911140
2346.40 0.0754882
2347.36 0.0650141
2348.33 0.0595113
2349.29 0.0569021
2350.26 0.0567565
2351.22 0.0593583
2352.19 0.0651393
2353.15 0.0718382
2354.11 0.0735600
2355.08 0.0668116
2356.04 0.0570081
2357.01 0.0494422
2357.97 0.0449223
2358.94 0.0417608
2359.90 0.0396388
2360.87 0.0380236
2361.83 0.0366976
2362.79 0.0352929
2363.76 0.0339807
2364.72 0.0327961
2365.69 0.0317883
2366.65 0.0307451
2367.62 0.0299315
2368.58 0.0290551
2369.54 0.0281403
2370.51 0.0272330
2371.47 0.0264195
2372.44 0.0257505
2373.40 0.0250616
2374.37 0.0243879
2375.33 0.0238360
2376.30 0.0232654
2377.26 0.0226730
2378.22 0.0220658
2379.19 0.0215836
2380.15 0.0211364
2381.12 0.0207797
2382.08 0.0202461
2383.05 0.0198619
2384.01 0.0195876
2384.98 0.0192824
2385.94 0.0189131
2386.90 0.0184889
2387.87 0.0181163
2388.83 0.0178843
2389.80 0.0176781
2390.76 0.0174099
2391.73 0.0171392
2392.69 0.0169100
2393.66 0.0166883
2394.62 0.0165126
2395.58 0.0162495
2396.55 0.0161369
2397.51 0.0160919
2398.48 0.0158386
2399.44 0.0155376
2400.41 0.0153343
2401.37 0.0151144
2402.33 0.0150163
2403.30 0.0148843
2404.26 0.0147248
2405.23 0.0146319
2406.19 0.0144554
2407.16 0.0143279
2408.12 0.0142611
2409.09 0.0140821
2410.05 0.0139106
2411.01 0.0138507
2411.98 0.0137291
2412.94 0.0135070
2413.91 0.0134759
2414.87 0.0133962
2415.84 0.0132377
2416.80 0.0131133
2417.77 0.0129839
2418.73 0.0127779
2419.69 0.0126423
2420.66 0.0125351
2421.62 0.0123475
2422.59 0.0121134
2423.55 0.0119049
2424.52 0.0117414
2425.48 0.0114757
2426.44 0.0112750
2427.41 0.0110899
2428.37 0.0108255
2429.34 0.0106328
2430.30 0.0103755
2431.27 0.0100821
2432.23 0.00979025
2433.20 0.00959006
2434.16 0.00927423
2435.12 0.00906570
2436.09 0.00901641
2437.05 0.00877278
2438.02 0.00846460
2438.98 0.00836336
2439.95 0.00823918
2440.91 0.00804054
2441.88 0.00791396
2442.84 0.00778443
2443.80 0.00761590
2444.77 0.00750901
2445.73 0.00734498
2446.70 0.00719699
2447.66 0.00717616
2448.63 0.00721357
2449.59 0.00717934
2450.55 0.00696621
2451.52 0.00675152
2452.48 0.00665828
2453.45 0.00665519
2454.41 0.00652686
2455.38 0.00638267
2456.34 0.00638454
2457.31 0.00639115
2458.27 0.00632162
2459.23 0.00619008
2460.20 0.00616639
2461.16 0.00613086
2462.13 0.00606747
2463.09 0.00598254
2464.06 0.00584405
2465.02 0.00574852
2465.99 0.00566332
2466.95 0.00557869
2467.91 0.00549255
2468.88 0.00543236
2469.84 0.00540053
2470.81 0.00531134
2471.77 0.00518230
2472.74 0.00516661
2473.70 0.00523238
2474.67 0.00518558
2475.63 0.00506975
2476.59 0.00494632
2477.56 0.00489062
2478.52 0.00494199
2479.49 0.00493909
2480.45 0.00482816
2481.42 0.00475917
2482.38 0.00472423
2483.34 0.00463650
2484.31 0.00458220
2485.27 0.00460926
2486.24 0.00461007
2487.20 0.00452313
2488.17 0.00452394
2489.13 0.00451720
2490.10 0.00433911
2491.06 0.00426537
2492.02 0.00421304
2492.99 0.00413484
2493.95 0.00406441
2494.92 0.00403341
2495.88 0.00404257
2496.85 0.00394048
2497.81 0.00393014
2498.78 0.00399995
2499.74 0.00395461
2500.70 0.00385017
2501.67 0.00372748
2502.63 0.00367604
2503.60 0.00364144
2504.56 0.00362030
2505.53 0.00358761
2506.49 0.00351607
2507.45 0.00350783
2508.42 0.00350853
2509.38 0.00347930
2510.35 0.00344360
2511.31 0.00343936
2512.28 0.00345157
2513.24 0.00341212
2514.21 0.00341093
2515.17 0.00335559
2516.13 0.00326255
2517.10 0.00323345
2518.06 0.00324931
2519.03 0.00320281
2519.99 0.00307687
2520.96 0.00314177
2521.92 0.00313143
2522.89 0.00306574
2523.85 0.00305570
2524.81 0.00304336
2525.78 0.00293426
2526.74 0.00273472
2527.71 0.00278842
2528.67 0.00290648
2529.64 0.00287638
2530.60 0.00286454
2531.56 0.00295909
2532.53 0.00290559
2533.49 0.00274935
2534.46 0.00265255
2535.42 0.00265371
2536.39 0.00262431
2537.35 0.00256377
2538.32 0.00262887
2539.28 0.00265593
2540.24 0.00259299
2541.21 0.00260928
2542.17 0.00251084
2543.14 0.00247474
2544.10 0.00251790
2545.07 0.00242290
2546.03 0.00246486
2547.00 0.00256435
2547.96 0.00254481
2548.92 0.00240206
2549.89 0.00231386
2550.85 0.00230292
2551.82 0.00233342
2552.78 0.00248258
2553.75 0.00245077
2554.71 0.00233243
2555.68 0.00237873
2556.64 0.00232638
2557.60 0.00224384
2558.57 0.00221053
2559.53 0.00215759
2560.50 0.00208809
2561.46 0.00197274
2562.43 0.00202704
2563.39 0.00207789
2564.35 0.00213775
2565.32 0.00225965
2566.28 0.00213770
2567.25 0.00188349
2568.21 0.00179605
2569.18 0.00184024
2570.14 0.00193340
2571.11 0.00183580
2572.07 0.00179755
2573.03 0.00189430
2574.00 0.00189230
2574.96 0.00181535
2575.93 0.00175675
2576.89 0.00189240
2577.86 0.00183849
2578.82 0.00163035
2579.79 0.00159474
2580.75 0.00165929
2581.71 0.00163475
2582.68 0.00162014
2583.64 0.00178179
2584.61 0.00169189
2585.57 0.00168304
2586.54 0.00178484
2587.50 0.00166409
2588.46 0.00156614
2589.43 0.00151573
2590.39 0.00157648
2591.36 0.00148418
2592.32 0.00139133
2593.29 0.00142072
2594.25 0.00143577
2595.22 0.00142306
2596.18 0.00148132
2597.14 0.00167196
2598.11 0.00157406
2599.07 0.00143451
2600.04 0.00145920
2601.00 0.00136935
2601.97 0.00119854
2602.93 0.00105059
2603.90 0.00104488
2604.86 0.00118933
2605.82 0.00126428
2606.79 0.00129918
2607.75 0.00123172
2608.72 0.00116002
2609.68 0.00118187
2610.65 0.00122446
2611.61 0.00113191
2612.58 0.000975896
2613.54 0.00113955
2614.50 0.00126369
2615.47 0.00120318
2616.43 0.00110483
2617.40 0.00101562
2618.36 0.00107257
2619.33 0.00115306
2620.29 0.00118591
2621.25 0.00111706
2622.22 0.00106055
2623.18 0.00106269
2624.15 0.00100448
2625.11 0.000927927
2626.08 0.000956018
2627.04 0.000955265
2628.01 0.000941355
2628.97 0.00100270
2629.93 0.000974046
2630.90 0.00100163
2631.86 0.000945780
2632.83 0.000867670
2633.79 0.000979016
2634.76 0.000900503
2635.72 0.000855949
2636.69 0.000846837
2637.65 0.000874884
2638.61 0.000885332
2639.58 0.000787318
2640.54 0.000793062
2641.51 0.000742549
2642.47 0.000760695
2643.44 0.000834480
2644.40 0.000794327
2645.36 0.000835571
2646.33 0.000799857
2647.29 0.000705300
2648.26 0.000740187
2649.22 0.000721933
2650.19 0.000625517
2651.15 0.000566462
2652.12 0.000638749
2653.08 0.000637293
2654.04 0.000622438
2655.01 0.000604022
2655.97 0.000580966
2656.94 0.000636049
2657.90 0.000557994
2658.87 0.000480479
2659.83 0.000634922
2660.80 0.000759708
2661.76 0.000617649
2662.72 0.000596093
2663.69 0.000728875
2664.65 0.000580616
2665.62 0.000450004
2666.58 0.000474047
2667.55 0.000377730
2668.51 0.000364171
2669.48 0.000414655
2670.44 0.000472296
2671.40 0.000540137
2672.37 0.000513721
2673.33 0.000504564
2674.30 0.000618346
2675.26 0.000621786
2676.23 0.000454269
2677.19 0.000383910
2678.15 0.000441851
2679.12 0.000505835
2680.08 0.000496674
2681.05 0.000451759
2682.01 0.000360899
2682.98 0.000347981
2683.94 0.000384919
2684.91 0.000351101
2685.87 0.000333244
2686.83 0.000342879
2687.80 0.000409260
2688.76 0.000429703
2689.73 0.000368483
2690.69 0.000418624
2691.66 0.000390904
2692.62 0.000301642
2693.59 0.000250822
2694.55 0.000122063
2695.51 0.000139901
2696.48 0.000287982
2697.44 0.000351621
2698.41 0.000252400
2699.37 0.000185939
2700.34 0.000221919
2701.30 0.000153556
2702.26 6.18957e-05
2703.23 0.000101874
2704.19 0.000208113
2705.16 0.000160590
2706.12 0.000115428
2707.09 5.26067e-05
2708.05 9.44547e-06
2709.02 3.93223e-05
2709.98 -4.05405e-05
2710.94 4.63948e-05
2711.91 0.000108877
2712.87 0.000135314
2713.84 0.000143193
2714.80 4.64283e-05
2715.77 -2.33967e-05
2716.73 -5.53597e-05
2717.70 -5.20796e-05
2718.66 -8.02465e-05
2719.62 -0.000180010
2720.59 -0.000114532
2721.55 0.000106504
2722.52 6.17821e-05
2723.48 -0.000103185
2724.45 -0.000183005
2725.41 -0.000150772
2726.38 -7.62977e-05
2727.34 -9.38606e-05
2728.30 -6.33262e-05
2729.27 -5.24502e-05
2730.23 -6.71148e-05
2731.20 -8.54377e-05
2732.16 -0.000191605
2733.13 -0.000136631
2734.09 -0.000130594
2735.05 -0.000203960
2736.02 -0.000197984
2736.98 -0.000139149
2737.95 -0.000122476
2738.91 -0.000198744
2739.88 -0.000119569
2740.84 3.11658e-05
2741.81 -1.33589e-05
2742.77 -7.86278e-05
2743.73 -0.000151092
2744.70 -0.000243720
2745.66 -8.47857e-05
2746.63 -0.000164613
2747.59 -0.000371078
2748.56 -0.000298304
2749.52 -0.000217572
2750.49 -0.000208501
2751.45 -0.000142667
2752.41 -0.000207437
2753.38 -0.000328362
2754.34 -0.000247128
2755.31 -0.000295557
2756.27 -0.000442626
2757.24 -0.000439456
2758.20 -0.000347322
2759.16 -0.000288492
2760.13 -0.000369119
2761.09 -0.000332190
2762.06 -0.000248317
2763.02 -0.000334486
2763.99 -0.000370516
2764.95 -0.000306582
2765.92 -0.000285810
2766.88 -0.000364181
2767.84 -0.000362450
2768.81 -0.000326179
2769.77 -0.000338949
2770.74 -0.000346078
2771.70 -0.000382850
2772.67 -0.000509579
2773.63 -0.000512751
2774.60 -0.000470778
2775.56 -0.000466850
2776.52 -0.000413919
2777.49 -0.000458449
2778.45 -0.000487823
2779.42 -0.000387553
2780.38 -0.000299923
2781.35 -0.000356551
2782.31 -0.000445923
2783.27 -0.000425396
2784.24 -0.000455528
2785.20 -0.000575600
2786.17 -0.000592131
2787.13 -0.000528403
2788.10 -0.000411132
2789.06 -0.000329407
2790.03 -0.000450736
2790.99 -0.000547512
2791.95 -0.000396185
2792.92 -0.000364713
2793.88 -0.000388287
2794.85 -0.000396919
2795.81 -0.000454392
2796.78 -0.000419624
2797.74 -0.000531100
2798.71 -0.000643229
2799.67 -0.000609003
2800.63 -0.000586180
2801.60 -0.000554912
2802.56 -0.000722686
2803.53 -0.000883818
2804.49 -0.000842294
2805.46 -0.000741025
2806.42 -0.000677699
2807.39 -0.000634933
2808.35 -0.000517609
2809.31 -0.000496883
2810.28 -0.000651916
2811.24 -0.000647193
2812.21 -0.000539826
2813.17 -0.000679102
2814.14 -0.000713736
2815.10 -0.000616411
2816.06 -0.000604188
2817.03 -0.000764020
2817.99 -0.000679301
2818.96 -0.000513932
2819.92 -0.000556011
2820.89 -0.000615345
2821.85 -0.000673920
2822.82 -0.000563456
2823.78 -0.000697535
2824.74 -0.000917811
2825.71 -0.000839746
2826.67 -0.000749823
2827.64 -0.000764158
2828.60 -0.000766635
2829.57 -0.000705171
2830.53 -0.000718549
2831.50 -0.000677485
2832.46 -0.000590263
2833.42 -0.000684742
2834.39 -0.000864677
2835.35 -0.000945056
2836.32 -0.000799092
2837.28 -0.000674473
2838.25 -0.000723908
2839.21 -0.000816686
2840.17 -0.000799365
2841.14 -0.000756403
2842.10 -0.000906281
2843.07 -0.000952119
2844.03 -0.000781000
2845.00 -0.000719137
2845.96 -0.000754915
2846.93 -0.000920955
2847.89 -0.00103654
2848.85 -0.000926515
2849.82 -0.000967054
2850.78 -0.000904232
2851.75 -0.000860171
2852.71 -0.00101805
2853.68 -0.00110049
2854.64 -0.00102077
2855.61 -0.000964910
2856.57 -0.00106179
2857.53 -0.00100637
2858.50 -0.000904912
2859.46 -0.000936093
2860.43 -0.00104214
2861.39 -0.000990516
2862.36 -0.000962153
2863.32 -0.000935735
2864.28 -0.00100912
2865.25 -0.00110696
2866.21 -0.000987241
2867.18 -0.00104008
2868.14 -0.00107336
2869.11 -0.000987604
2870.07 -0.00101889
2871.04 -0.00104933
2872.00 -0.00110931
2872.96 -0.00104509
2873.93 -0.00101863
2874.89 -0.00107772
2875.86 -0.00111726
2876.82 -0.00119724
2877.79 -0.00103949
2878.75 -0.000939069
2879.72 -0.00108001
2880.68 -0.00110700
2881.64 -0.00106108
2882.61 -0.00107122
2883.57 -0.00102841
2884.54 -0.000836248
2885.50 -0.000817930
2886.47 -0.000992574
2887.43 -0.00108396
2888.40 -0.00118360
2889.36 -0.00118979
2890.32 -0.00119697
2891.29 -0.00113812
2892.25 -0.00102800
2893.22 -0.00111104
2894.18 -0.00118783
2895.15 -0.00116687
2896.11 -0.00118416
2897.07 -0.00124894
2898.04 -0.00117639
2899.00 -0.00110238
2899.97 -0.00110802
2900.93 -0.00113761
2901.90 -0.00117095
2902.86 -0.00115524
2903.83 -0.00124288
2904.79 -0.00123947
2905.75 -0.00123196
2906.72 -0.00122030
2907.68 -0.00117429
2908.65 -0.00119453
2909.61 -0.00138162
2910.58 -0.00156277
2911.54 -0.00141115
2912.51 -0.00135030
2913.47 -0.00143609
2914.43 -0.00140398
2915.40 -0.00133042
2916.36 -0.00129141
2917.33 -0.00134626
2918.29 -0.00136285
2919.26 -0.00124049
2920.22 -0.00132448
2921.18 -0.00130627
2922.15 -0.00125672
2923.11 -0.00135281
2924.08 -0.00133425
2925.04 -0.00129514
2926.01 -0.00136009
2926.97 -0.00147888
2927.94 -0.00138993
2928.90 -0.00124882
2929.86 -0.00128601
2930.83 -0.00128986
2931.79 -0.00136455
2932.76 -0.00143160
2933.72 -0.00142428
2934.69 -0.00144954
2935.65 -0.00145703
2936.62 -0.00150217
2937.58 -0.00156436
2938.54 -0.00147166
2939.51 -0.00136091
2940.47 -0.00132190
2941.44 -0.00120735
2942.40 -0.00121024
2943.37 -0.00127668
2944.33 -0.00127078
2945.30 -0.00121733
2946.26 -0.00134682
2947.22 -0.00145741
2948.19 -0.00137256
2949.15 -0.00143085
2950.12 -0.00154511
2951.08 -0.00142050
2952.05 -0.00137435
2953.01 -0.00133674
2953.97 -0.00128443
2954.94 -0.00130849
2955.90 -0.00139888
2956.87 -0.00147653
2957.83 -0.00136102
2958.80 -0.00143998
2959.76 -0.00144397
2960.73 -0.00139022
2961.69 -0.00140591
2962.65 -0.00130301
2963.62 -0.00133716
2964.58 -0.00142016
2965.55 -0.00136381
2966.51 -0.00132640
2967.48 -0.00130805
2968.44 -0.00124575
2969.41 -0.00117510
2970.37 -0.00117280
2971.33 -0.00126959
2972.30 -0.00130324
2973.26 -0.00131464
2974.23 -0.00138769
2975.19 -0.00156259
2976.16 -0.00148884
2977.12 -0.00121574
2978.08 -0.00126203
2979.05 -0.00137679
2980.01 -0.00131078
2980.98 -0.00117814
2981.94 -0.00118113
2982.91 -0.00119359
2983.87 -0.00119518
2984.84 -0.00119634
2985.80 -0.00115044
2986.76 -0.00117753
2987.73 -0.00123919
2988.69 -0.00117598
2989.66 -0.00112494
2990.62 -0.00127504
2991.59 -0.00141880
2992.55 -0.00131089
2993.52 -0.00125475
2994.48 -0.00136675
2995.44 -0.00137144
2996.41 -0.00136780
2997.37 -0.00134900
2998.34 -0.00139815
2999.30 -0.00135465
3000.27 -0.00123161
3001.23 -0.00119881
3002.20 -0.00116667
3003.16 -0.00116936
3004.12 -0.00125506
3005.09 -0.00137212
3006.05 -0.00140172
3007.02 -0.00120007
3007.98 -0.00115198
3008.95 -0.00132843
3009.91 -0.00134424
3010.87 -0.00126783
3011.84 -0.00137809
3012.80 -0.00138509
3013.77 -0.00118845
3014.73 -0.00118745
3015.70 -0.00137131
3016.66 -0.00138661
3017.63 -0.00124357
3018.59 -0.00124547
3019.55 -0.00138417
3020.52 -0.00136793
3021.48 -0.00135933
3022.45 -0.00123109
3023.41 -0.00117119
3024.38 -0.00139875
3025.34 -0.00138805
3026.31 -0.00150571
3027.27 -0.00143871
3028.23 -0.00147262
3029.20 -0.00153238
3030.16 -0.00142728
3031.13 -0.00149614
3032.09 -0.00145624
3033.06 -0.00132100
3034.02 -0.00123760
3034.98 -0.00126421
3035.95 -0.00125387
3036.91 -0.00116447
3037.88 -0.00112523
3038.84 -0.00122874
3039.81 -0.00136970
3040.77 -0.00146020
3041.74 -0.00141186
3042.70 -0.00123337
3043.66 -0.00120017
3044.63 -0.00126273
3045.59 -0.00136133
3046.56 -0.00136400
3047.52 -0.00139970
3048.49 -0.00150326
3049.45 -0.00143257
3050.42 -0.00153013
3051.38 -0.00149944
3052.34 -0.00126794
3053.31 -0.00134540
3054.27 -0.00129461
3055.24 -0.00120197
3056.20 -0.00121608
3057.17 -0.00120084
3058.13 -0.00139465
3059.09 -0.00137035
3060.06 -0.00127142
3061.02 -0.00133972
3061.99 -0.00131119
3062.95 -0.00126899
3063.92 -0.00131736
3064.88 -0.00144326
3065.85 -0.00138353
3066.81 -0.00126624
3067.77 -0.00132594
3068.74 -0.00124491
3069.70 -0.00122251
3070.67 -0.00135468
3071.63 -0.00135089
3072.60 -0.00133395
3073.56 -0.00133496
3074.53 -0.00134352
3075.49 -0.00136403
3076.45 -0.00128644
3077.42 -0.00129941
3078.38 -0.00135912
3079.35 -0.00141068
3080.31 -0.00149189
3081.28 -0.00156735
3082.24 -0.00135326
3083.21 -0.00115913
3084.17 -0.00127844
3085.13 -0.00137545
3086.10 -0.00147541
3087.06 -0.00151512
3088.03 -0.00145789
3088.99 -0.00133170
3089.96 -0.00121727
3090.92 -0.00137318
3091.88 -0.00139429
3092.85 -0.00110686
3093.81 -0.00124287
3094.78 -0.00135994
3095.74 -0.00127285
3096.71 -0.00124411
3097.67 -0.00120422
3098.64 -0.00129589
3099.60 -0.00142060
3100.56 -0.00143052
3101.53 -0.00140938
3102.49 -0.00129049
3103.46 -0.00128316
3104.42 -0.00134147
3105.39 -0.00132524
3106.35 -0.00144535
3107.32 -0.00132303
3108.28 -0.00124254
3109.24 -0.00141025
3110.21 -0.00136842
3111.17 -0.00130013
3112.14 -0.00139870
3113.10 -0.00139601
3114.07 -0.00138028
3115.03 -0.00141740
3115.99 -0.00141041
3116.96 -0.00132788
3117.92 -0.00121059
3118.89 -0.00121797
3119.85 -0.00116228
3120.82 -0.00125825
3121.78 -0.00136986
3122.75 -0.00132563
3123.71 -0.00137655
3124.67 -0.00134746
3125.64 -0.00139493
3126.60 -0.00136395
3127.57 -0.00130132
3128.53 -0.00137973
3129.50 -0.00144221
3130.46 -0.00152892
3131.43 -0.00146919
3132.39 -0.00146571
3133.35 -0.00143452
3134.32 -0.00139070
3135.28 -0.00146681
3136.25 -0.00138418
3137.21 -0.00137200
3138.18 -0.00145837
3139.14 -0.00139908
3140.10 -0.00135390
3141.07 -0.00130688
3142.03 -0.00133309
3143.00 -0.00139247
3143.96 -0.00140468
3144.93 -0.00140256
3145.89 -0.00129087
3146.86 -0.00121415
3147.82 -0.00116546
3148.78 -0.00118388
3149.75 -0.00124655
3150.71 -0.00130797
3151.68 -0.00125705
3152.64 -0.00122786
3153.61 -0.00131434
3154.57 -0.00131336
3155.54 -0.00128793
3156.50 -0.00141785
3157.46 -0.00147827
3158.43 -0.00138875
3159.39 -0.00138796
3160.36 -0.00148824
3161.32 -0.00156385
3162.29 -0.00149663
3163.25 -0.00136615
3164.22 -0.00134653
3165.18 -0.00146775
3166.14 -0.00152867
3167.11 -0.00144154
3168.07 -0.00147226
3169.04 -0.00143444
3170.00 -0.00135646
3170.97 -0.00135504
3171.93 -0.00133675
3172.89 -0.00128417
3173.86 -0.00131025
3174.82 -0.00128577
3175.79 -0.00113345
3176.75 -0.00126117
3177.72 -0.00144705
3178.68 -0.00147727
3179.65 -0.00139175
3180.61 -0.00132687
3181.57 -0.00128009
3182.54 -0.00115057
3183.50 -0.00118569
3184.47 -0.00128227
3185.43 -0.00113019
3186.40 -0.00116397
3187.36 -0.00123109
3188.33 -0.00126507
3189.29 -0.00126189
3190.25 -0.00118671
3191.22 -0.00118559
3192.18 -0.00125481
3193.15 -0.00137169
3194.11 -0.00119902
3195.08 -0.00126900
3196.04 -0.00160512
3197.00 -0.00150514
3197.97 -0.00136912
3198.93 -0.00146445
3199.90 -0.00121933
3200.86 -0.00115365
3201.83 -0.00140403
3202.79 -0.00132065
3203.76 -0.00129914
3204.72 -0.00128706
3205.68 -0.00110398
3206.65 -0.00112006
3207.61 -0.00139999
3208.58 -0.00156927
3209.54 -0.00137779
3210.51 -0.00114958
3211.47 -0.00115590
3212.44 -0.00121408
3213.40 -0.00127141
3214.36 -0.00127603
3215.33 -0.00123942
3216.29 -0.00129024
3217.26 -0.00142192
3218.22 -0.00136145
3219.19 -0.00116653
3220.15 -0.00111066
3221.11 -0.00125818
3222.08 -0.00139247
3223.04 -0.00125659
3224.01 -0.00122598
3224.97 -0.00131020
3225.94 -0.00136648
3226.90 -0.00149881
3227.87 -0.00157730
3228.83 -0.00145182
3229.79 -0.00136425
3230.76 -0.00133233
3231.72 -0.00124916
3232.69 -0.00121575
3233.65 -0.00136447
3234.62 -0.00159226
3235.58 -0.00150348
3236.55 -0.00134317
3237.51 -0.00140630
3238.47 -0.00140172
3239.44 -0.00131011
3240.40 -0.00138244
3241.37 -0.00147873
3242.33 -0.00133155
3243.30 -0.00125114
3244.26 -0.00140707
3245.23 -0.00136895
3246.19 -0.00122849
3247.15 -0.00123851
3248.12 -0.00136710
3249.08 -0.00139803
3250.05 -0.00141861
3251.01 -0.00136605
3251.98 -0.00133913
3252.94 -0.00135856
3253.90 -0.00133269
3254.87 -0.00116258
3255.83 -0.00103231
3256.80 -0.00116540
3257.76 -0.00147983
3258.73 -0.00157521
3259.69 -0.00140364
3260.66 -0.00134133
3261.62 -0.00142506
3262.58 -0.00146749
3263.55 -0.00114718
3264.51 -0.00106991
3265.48 -0.00130190
3266.44 -0.00148403
3267.41 -0.00140782
3268.37 -0.00129455
3269.34 -0.00134344
3270.30 -0.00131987
3271.26 -0.00117330
3272.23 -0.00121680
3273.19 -0.00136623
3274.16 -0.00143132
3275.12 -0.00146695
3276.09 -0.00128154
3277.05 -0.00119237
3278.02 -0.00120216
3278.98 -0.00125930
3279.94 -0.00127133
3280.91 -0.00117412
3281.87 -0.00122375
3282.84 -0.00138674
3283.80 -0.00132037
3284.77 -0.00126627
3285.73 -0.00138130
3286.69 -0.00137454
3287.66 -0.00147403
3288.62 -0.00134286
3289.59 -0.00132655
3290.55 -0.00137359
3291.52 -0.00126008
3292.48 -0.00127421
3293.45 -0.00128350
3294.41 -0.00133924
3295.37 -0.00127407
3296.34 -0.00125077
3297.30 -0.00142770
3298.27 -0.00145769
3299.23 -0.00135623
3300.20 -0.00133922
3301.16 -0.00124046
3302.13 -0.00112905
3303.09 -0.00122059
3304.05 -0.00125572
3305.02 -0.00103232
3305.98 -0.000878949
3306.95 -0.000961347
3307.91 -0.00106638
3308.88 -0.00116588
3309.84 -0.00110201
3310.80 -0.00106205
3311.77 -0.00114014
3312.73 -0.00122328
3313.70 -0.00118048
3314.66 -0.00103201
3315.63 -0.00118111
3316.59 -0.00126194
3317.56 -0.00120574
3318.52 -0.00119758
3319.48 -0.00137021
3320.45 -0.00140031
3321.41 -0.00115285
3322.38 -0.00105094
3323.34 -0.00133818
3324.31 -0.00140308
3325.27 -0.00112762
3326.24 -0.000949211
3327.20 -0.000875950
3328.16 -0.000908988
3329.13 -0.00103828
3330.09 -0.00121022
3331.06 -0.00125352
3332.02 -0.00120076
3332.99 -0.00116396
3333.95 -0.00128940
3334.92 -0.00130559
3335.88 -0.00120053
3336.84 -0.00123057
3337.81 -0.00135097
3338.77 -0.00123181
3339.74 -0.00107171
3340.70 -0.000995349
3341.67 -0.000985349
3342.63 -0.00107639
3343.59 -0.00116423
3344.56 -0.00117813
3345.52 -0.00108887
3346.49 -0.000970267
3347.45 -0.000912709
3348.42 -0.00112681
3349.38 -0.00121715
3350.35 -0.00109605
3351.31 -0.00109909
3352.27 -0.00101943
3353.24 -0.000909630
3354.20 -0.00101407
3355.17 -0.00103867
3356.13 -0.000817513
3357.10 -0.000929512
3358.06 -0.00119985
3359.03 -0.00101396
3359.99 -0.000828801
3360.95 -0.000904141
3361.92 -0.000851143
3362.88 -0.000825884
3363.85 -0.000992587
3364.81 -0.00115433
3365.78 -0.00103363
3366.74 -0.000933874
3367.70 -0.000923615
3368.67 -0.000847416
3369.63 -0.000803161
3370.60 -0.000924164
3371.56 -0.00114011
3372.53 -0.00114421
3373.49 -0.00108285
3374.46 -0.000986256
3375.42 -0.000967000
3376.38 -0.000989346
3377.35 -0.000994349
3378.31 -0.000959491
3379.28 -0.00103750
3380.24 -0.00112094
3381.21 -0.000992246
3382.17 -0.000917889
3383.14 -0.000950294
3384.10 -0.000970436
3385.06 -0.000962680
3386.03 -0.00117399
3386.99 -0.00119893
3387.96 -0.000939835
3388.92 -0.00102358
3389.89 -0.00107829
3390.85 -0.00113563
3391.81 -0.00117698
3392.78 -0.00115718
3393.74 -0.00115363
3394.71 -0.00105324
3395.67 -0.000951981
3396.64 -0.000937086
3397.60 -0.00113323
3398.57 -0.00127004
3399.53 -0.00110589
3400.49 -0.000918334
3401.46 -0.00101114
3402.42 -0.00105089
3403.39 -0.00101389
3404.35 -0.00100304
3405.32 -0.000998048
3406.28 -0.00105369
3407.25 -0.000983799
3408.21 -0.000931850
3409.17 -0.000918897
3410.14 -0.000883205
3411.10 -0.000893252
3412.07 -0.000858260
3413.03 -0.000920009
3414.00 -0.00101741
3414.96 -0.000920963
3415.93 -0.000706472
3416.89 -0.000666624
3417.85 -0.000970671
3418.82 -0.000977280
3419.78 -0.000848427
3420.75 -0.000986435
3421.71 -0.000976587
3422.68 -0.000911197
3423.64 -0.000852346
3424.60 -0.000874294
3425.57 -0.000778804
3426.53 -0.000838354
3427.50 -0.00113226
3428.46 -0.00119541
3429.43 -0.00109772
3430.39 -0.00100107
3431.36 -0.000974681
3432.32 -0.000934932
3433.28 -0.000771785
3434.25 -0.000822695
3435.21 -0.000839146
3436.18 -0.000759358
3437.14 -0.000879508
3438.11 -0.000838717
3439.07 -0.000752568
3440.04 -0.000629183
3441.00 -0.000227634
3441.96 3.35146e-05
3442.93 -0.000166496
3443.89 -0.000396248
3444.86 -0.000517862
3445.82 -0.000589613
3446.79 -0.000700125
3447.75 -0.000910876
3448.71 -0.000945527
3449.68 -0.000817839
3450.64 -0.000889596
3451.61 -0.00102991
3452.57 -0.000873460
3453.54 -0.000771672
3454.50 -0.000825925
3455.47 -0.000772137
3456.43 -0.000832392
3457.39 -0.000840249
3458.36 -0.000751559
3459.32 -0.000854515
3460.29 -0.000867026
3461.25 -0.000628879
3462.22 -0.000627995
3463.18 -0.000764951
3464.15 -0.000702163
3465.11 -0.000643618
3466.07 -0.000646371
3467.04 -0.000907786
3468.00 -0.000987744
3468.97 -0.000662459
3469.93 -0.000586413
3470.90 -0.000571227
3471.86 -0.000531383
3472.82 -0.000580236
3473.79 -0.000774555
3474.75 -0.000808209
3475.72 -0.000784324
3476.68 -0.000688080
3477.65 -0.000594996
3478.61 -0.000742750
3479.58 -0.000632569
3480.54 -0.000544826
3481.50 -0.000553383
3482.47 -0.000376398
3483.43 -0.000342555
3484.40 -0.000443570
3485.36 -0.000607528
3486.33 -0.000643045
3487.29 -0.000607701
3488.26 -0.000809319
3489.22 -0.000788577
3490.18 -0.000394136
3491.15 -0.000454554
3492.11 -0.000546411
3493.08 -0.000451727
3494.04 -0.000728887
3495.01 -0.000687603
3495.97 -0.000499560
3496.94 -0.000523081
3497.90 -0.000663441
3498.86 -0.000679797
3499.83 -0.000568617
3500.79 -0.000457775
3501.76 -0.000663793
3502.72 -0.000766154
3503.69 -0.000522172
3504.65 -0.000715133
3505.61 -0.000963289
3506.58 -0.000814710
3507.54 -0.000464167
3508.51 -0.000228088
3509.47 7.91494e-05
3510.44 0.000503330
3511.40 0.00102007
3512.37 0.00189525
3513.33 0.00299299
3514.29 0.00444743
3515.26 0.00667641
3516.22 0.0108627
3517.19 0.0230540
3518.15 0.0469281
3519.12 0.0659912
3520.08 0.0633341
3521.05 0.0463313
3522.01 0.0283751
3522.97 0.0156767
3523.94 0.00860262
3524.90 0.00547466
3525.87 0.00437033
3526.83 0.00384177
3527.80 0.00338905
3528.76 0.00321599
3529.72 0.00308363
3530.69 0.00280741
3531.65 0.00246684
3532.62 0.00219042
3533.58 0.00233096
3534.55 0.00240703
3535.51 0.00240317
3536.48 0.00234435
3537.44 0.00221528
3538.40 0.00231662
3539.37 0.00251300
3540.33 0.00266724
3541.30 0.00271791
3542.26 0.00235165
3543.23 0.00167782
3544.19 0.00156736
3545.16 0.00167893
3546.12 0.00148967
3547.08 0.00123271
3548.05 0.00108428
3549.01 0.00105891
3549.98 0.00108269
3550.94 0.000915326
3551.91 0.000816902
3552.87 0.000959236
3553.83 0.00101527
3554.80 0.000856945
3555.76 0.000775279
3556.73 0.000974054
3557.69 0.000887988
3558.66 0.000921763
3559.62 0.000953898
3560.59 0.000622770
3561.55 0.000675805
3562.51 0.000861738
3563.48 0.000690512
3564.44 0.000513747
3565.41 0.000548720
3566.37 0.000493150
3567.34 0.000429325
3568.30 0.000136258
3569.27 -1.39680e-05
3570.23 0.000145366
3571.19 9.88953e-05
3572.16 -4.29340e-05
3573.12 -0.000157500
3574.09 -0.000148026
3575.05 2.65054e-05
3576.02 0.000142079
3576.98 7.26115e-05
3577.95 8.48807e-05
3578.91 -3.96874e-05
3579.87 -0.000169156
3580.84 -8.45827e-05
3581.80 -3.76515e-05
3582.77 8.71904e-06
3583.73 0.000335647
3584.70 0.000423320
3585.66 5.27501e-05
3586.62 -7.66180e-05
3587.59 5.46556e-05
3588.55 9.37842e-05
3589.52 -0.000182947
3590.48 -0.000407716
3591.45 -0.000401145
3592.41 -0.000136815
3593.38 -0.000190245
3594.34 -0.000327714
3595.30 -8.14870e-05
3596.27 0.000162883
3597.23 0.000178112
3598.20 0.000104683
3599.16 0.000110911
3600.13 0.000194382
3601.09 0.000435010
3602.06 0.000542779
3603.02 0.000465607
3603.98 0.000370536
3604.95 0.000693206
3605.91 0.000943130
3606.88 0.000935700
3607.84 0.000965031
3608.81 0.000912497
3609.77 0.000986425
3610.74 0.000918696
3611.70 0.000751719
3612.66 0.000852946
3613.63 0.000946116
3614.59 0.000987845
3615.56 0.000992911
3616.52 0.00102544
3617.49 0.00106410
3618.45 0.00118893
3619.41 0.00173416
3620.38 0.00245232
3621.34 0.00308625
3622.31 0.00428542
3623.27 0.00585014
3624.24 0.00821951
3625.20 0.0137819
3626.17 0.0264580
3627.13 0.0435191
3628.09 0.0508423
3629.06 0.0431838
3630.02 0.0299301
3630.99 0.0189780
3631.95 0.0118217
3632.92 0.00721200
3633.88 0.00432882
3634.85 0.00277479
3635.81 0.00217511
3636.77 0.00181944
3637.74 0.00176750
3638.70 0.00200043
3639.67 0.00204619
3640.63 0.00212571
3641.60 0.00208528
3642.56 0.00228280
3643.52 0.00215623
3644.49 0.00161289
3645.45 0.00146852
3646.42 0.00149688
3647.38 0.00134460
3648.35 0.00140647
3649.31 0.00168279
3650.28 0.00147525
3651.24 0.00138027
3652.20 0.00153949
3653.17 0.00158166
3654.13 0.00143988
3655.10 0.00114615
3656.06 0.00117927
3657.03 0.00145943
3657.99 0.00154265
3658.96 0.00151061
3659.92 0.00170963
3660.88 0.00183926
3661.85 0.00165232
3662.81 0.00160644
3663.78 0.00168050
3664.74 0.00177962
3665.71 0.00189198
3666.67 0.00206440
3667.64 0.00184816
3668.60 0.00165759
3669.56 0.00180051
3670.53 0.00180006
3671.49 0.00199499
3672.46 0.00194035
3673.42 0.00162247
3674.39 0.00172293
3675.35 0.00181195
3676.31 0.00158907
3677.28 0.00169393
3678.24 0.00167935
3679.21 0.00147491
3680.17 0.00164753
3681.14 0.00203808
3682.10 0.00199470
3683.07 0.00166236
3684.03 0.00177028
3684.99 0.00207580
3685.96 0.00213976
3686.92 0.00219078
3687.89 0.00229174
3688.85 0.00239365
3689.82 0.00239071
3690.78 0.00231013
3691.75 0.00239039
3692.71 0.00242610
3693.67 0.00241712
3694.64 0.00252498
3695.60 0.00230900
3696.57 0.00211446
3697.53 0.00225977
3698.50 0.00246373
3699.46 0.00259905
3700.42 0.00277156
3701.39 0.00274712
3702.35 0.00282284
3703.32 0.00364559
3704.28 0.00494881
3705.25 0.00654387
3706.21 0.00783968
3707.18 0.00816324
3708.14 0.00755585
3709.10 0.00660807
3710.07 0.00542772
3711.03 0.00435874
3712.00 0.00365650
3712.96 0.00312301
3713.93 0.00244937
3714.89 0.00176538
3715.86 0.00150124
3716.82 0.00136695
3717.78 0.00121957
3718.75 0.00113692
3719.71 0.00110164
3720.68 0.00106079
3721.64 0.000889402
3722.61 0.000766359
3723.57 0.000869473
3724.53 0.000936888
3725.50 0.000796141
3726.46 0.000742754
3727.43 0.000780806
3728.39 0.000776719
3729.36 0.000782276
3730.32 0.000819590
3731.29 0.000710744
3732.25 0.000325855
3733.21 0.000246266
3734.18 0.000442920
3735.14 0.000587331
3736.11 0.000669185
3737.07 0.000490298
3738.04 0.000359854
3739.00 0.000493761
3739.97 0.000692513
3740.93 0.000844525
3741.89 0.000506736
3742.86 0.000345390
3743.82 0.000530601
3744.79 0.000569951
3745.75 0.000784263
3746.72 0.000672316
3747.68 0.000567527
3748.65 0.000646878
3749.61 0.000433888
3750.57 0.000603497
3751.54 0.000691248
3752.50 0.000476459
3753.47 0.000284210
3754.43 0.000155119
3755.40 0.000557471
3756.36 0.000768481
3757.32 0.000597090
3758.29 0.000455240
3759.25 0.000560150
3760.22 0.000543501
3761.18 0.000624008
3762.15 0.000732956
3763.11 0.000367368
3764.08 0.000736516
3765.04 0.000985928
3766.00 0.000617035
3766.97 0.000383781
3767.93 0.000323391
3768.90 0.000521539
3769.86 0.000438049
3770.83 0.000404099
3771.79 0.000687506
3772.76 0.000771353
3773.72 0.000780961
3774.68 0.00100687
3775.65 0.00101132
3776.61 0.000760924
3777.58 0.000689670
3778.54 0.000690978
3779.51 0.000620324
3780.47 0.000496631
3781.43 0.000674838
3782.40 0.00111539
3783.36 0.00101409
3784.33 0.000458941
3785.29 0.000604145
3786.26 0.00103919
3787.22 0.000906698
3788.19 0.000743546
3789.15 0.000911351
3790.11 0.000845356
3791.08 0.000466103
3792.04 0.000500707
3793.01 0.000830255
3793.97 0.000699159
3794.94 0.000677507
3795.90 0.000857109
3796.87 0.000767054
3797.83 0.000788160
3798.79 0.000986464
3799.76 0.00116271
3800.72 0.000874516
3801.69 0.000767758
3802.65 0.000876961
3803.62 0.000853708
3804.58 0.000759911
3805.54 0.000916716
3806.51 0.000894861
3807.47 0.000495663
3808.44 0.000622505
3809.40 0.000618810
3810.37 0.000701856
3811.33 0.000942560
3812.30 0.000722300
3813.26 0.000619404
3814.22 0.000788305
3815.19 0.000765348
3816.15 0.000801951
3817.12 0.000841696
3818.08 0.000983899
3819.05 0.00118244
3820.01 0.00115124
3820.98 0.00106428
3821.94 0.000941785
3822.90 0.000886388
3823.87 0.000748832
3824.83 0.000910832
3825.80 0.00131097
3826.76 0.00142007
3827.73 0.00121132
3828.69 0.000887716
3829.66 0.000841459
3830.62 0.00104556
3831.58 0.00118616
3832.55 0.00105800
3833.51 0.00110660
3834.48 0.00137044
3835.44 0.00123764
3836.41 0.000974279
3837.37 0.00100618
3838.33 0.00101368
3839.30 0.000971122
3840.26 0.00126132
3841.23 0.00129336
3842.19 0.00105896
3843.16 0.000912299
3844.12 0.000789400
3845.09 0.000741640
3846.05 0.00108464
3847.01 0.00121564
3847.98 0.00121607
3848.94 0.00124427
3849.91 0.00109191
3850.87 0.000946213
3851.84 0.00114055
3852.80 0.00132605
3853.77 0.00110139
3854.73 0.00106798
3855.69 0.00134568
3856.66 0.00125282
3857.62 0.00105112
3858.59 0.00118436
3859.55 0.00114925
3860.52 0.00104399
3861.48 0.00109589
3862.44 0.00152159
3863.41 0.00167922
3864.37 0.00133752
3865.34 0.00106875
3866.30 0.000821052
3867.27 0.000841986
3868.23 0.00129678
3869.20 0.00135952
3870.16 0.00106242
3871.12 0.00116871
3872.09 0.00128805
3873.05 0.00106325
3874.02 0.000943881
3874.98 0.00114018
3875.95 0.00141371
3876.91 0.00159821
3877.88 0.00159924
3878.84 0.00153224
3879.80 0.00131793
3880.77 0.00140727
3881.73 0.00153456
3882.70 0.00137949
3883.66 0.00144259
3884.63 0.00136423
3885.59 0.00143472
3886.55 0.00150301
3887.52 0.00135885
3888.48 0.00119214
3889.45 0.00138818
3890.41 0.00150887
3891.38 0.00142810
3892.34 0.00142170
3893.31 0.00133643
3894.27 0.00121952
3895.23 0.00115451
3896.20 0.00136785
3897.16 0.00167494
3898.13 0.00172828
3899.09 0.00165397
3900.06 0.00150660
3901.02 0.00137949
3901.99 0.00148542
3902.95 0.00137902
3903.91 0.00132681
3904.88 0.00164774
3905.84 0.00177703
3906.81 0.00160856
3907.77 0.00148175
3908.74 0.00142019
3909.70 0.00145308
3910.67 0.00137681
3911.63 0.00120380
3912.59 0.00144579
3913.56 0.00157932
3914.52 0.00149271
3915.49 0.00152034
3916.45 0.00162423
3917.42 0.00143596
3918.38 0.00134105
3919.34 0.00170734
3920.31 0.00182417
3921.27 0.00186926
3922.24 0.00182660
3923.20 0.00186878
3924.17 0.00181371
3925.13 0.00154640
3926.10 0.00128433
3927.06 0.00130212
3928.02 0.00143781
3928.99 0.00149804
3929.95 0.00176853
3930.92 0.00174236
3931.88 0.00164445
3932.85 0.00181788
3933.81 0.00190286
3934.78 0.00179769
3935.74 0.00177588
3936.70 0.00178417
3937.67 0.00185400
3938.63 0.00196028
3939.60 0.00181291
3940.56 0.00159080
3941.53 0.00163712
3942.49 0.00156211
3943.46 0.00147014
3944.42 0.00179293
3945.38 0.00204611
3946.35 0.00207904
3947.31 0.00200583
3948.28 0.00178836
3949.24 0.00170794
3950.21 0.00176957
3951.17 0.00160345
3952.13 0.00143814
3953.10 0.00162367
3954.06 0.00165455
3955.03 0.00160388
3955.99 0.00191566
3956.96 0.00204769
3957.92 0.00190387
3958.89 0.00192940
3959.85 0.00192348
3960.81 0.00195817
3961.78 0.00201520
3962.74 0.00190168
3963.71 0.00184010
3964.67 0.00191009
3965.64 0.00209321
3966.60 0.00212020
3967.57 0.00196612
3968.53 0.00207151
3969.49 0.00210919
3970.46 0.00215241
3971.42 0.00210940
3972.39 0.00185052
3973.35 0.00177671
3974.32 0.00194773
3975.28 0.00185391
3976.24 0.00149949
3977.21 0.00190562
3978.17 0.00235730
3979.14 0.00211042
3980.10 0.00220210
3981.07 0.00210193
3982.03 0.00189641
3983.00 0.00201863
3983.96 0.00207281
3984.92 0.00209840
3985.89 0.00166802
3986.85 0.00168630
3987.82 0.00210752
3988.78 0.00205261
3989.75 0.00191953
3990.71 0.00186851
3991.68 0.00191383
3992.64 0.00189291
3993.60 0.00178689
3994.57 0.00173061
3995.53 0.00182609
3996.50 0.00224731
3997.46 0.00251359
3998.43 0.00223961
3999.39 0.00217069
4000.35 0.00262698
4001.32 0.00269160
4002.28 0.00228618
4003.25 0.00192649
4004.21 0.00180668
4005.18 0.00180240
4006.14 0.00236318
4007.11 0.00252760
4008.07 0.00204348
4009.03 0.00195016
4010.00 0.00201698
4010.96 0.00197516
4011.93 0.00199128
4012.89 0.00202976
4013.86 0.00240238
4014.82 0.00271776
4015.79 0.00265108
4016.75 0.00254576
4017.71 0.00236804
4018.68 0.00260396
4019.64 0.00267834
4020.61 0.00260676
4021.57 0.00256484
4022.54 0.00212516
4023.50 0.00234064
4024.47 0.00235277
4025.43 0.00205365
4026.39 0.00204543
4027.36 0.00227505
4028.32 0.00219953
4029.29 0.00183505
4030.25 0.00196133
4031.22 0.00174065
4032.18 0.00179563
4033.14 0.00209341
4034.11 0.00239003
4035.07 0.00239571
4036.04 0.00222873
4037.00 0.00232801
4037.97 0.00241243
4038.93 0.00224911
4039.90 0.00204993
4040.86 0.00244901
4041.82 0.00284309
4042.79 0.00282281
4043.75 0.00260300
4044.72 0.00233351
4045.68 0.00243649
4046.65 0.00244831
4047.61 0.00231170
4048.58 0.00225752
4049.54 0.00221990
4050.50 0.00209318
4051.47 0.00192690
4052.43 0.00177598
4053.40 0.00177850
4054.36 0.00203918
4055.33 0.00214300
4056.29 0.00226978
4057.25 0.00215666
4058.22 0.00223198
4059.18 0.00239646
4060.15 0.00234648
4061.11 0.00264866
4062.08 0.00277238
4063.04 0.00246686
4064.01 0.00227468
4064.97 0.00213336
4065.93 0.00205244
4066.90 0.00228997
4067.86 0.00263985
4068.83 0.00262107
4069.79 0.00253645
4070.76 0.00275007
4071.72 0.00287515
4072.69 0.00282927
4073.65 0.00283385
4074.61 0.00271273
4075.58 0.00246035
4076.54 0.00224533
4077.51 0.00252565
4078.47 0.00284883
4079.44 0.00255115
4080.40 0.00245873
4081.36 0.00255071
4082.33 0.00244093
4083.29 0.00257801
4084.26 0.00232623
4085.22 0.00209921
4086.19 0.00222733
4087.15 0.00256281
4088.12 0.00325384
4089.08 0.00316162
4090.04 0.00290910
4091.01 0.00303822
4091.97 0.00310280
4092.94 0.00284322
4093.90 0.00263440
4094.87 0.00249602
4095.83 0.00269760
4096.80 0.00259202
4097.76 0.00244420
4098.72 0.00280298
4099.69 0.00263550
4100.65 0.00294968
4101.62 0.00316060
4102.58 0.00294638
4103.55 0.00299570
4104.51 0.00294028
4105.48 0.00242420
4106.44 0.00214148
4107.40 0.00254126
4108.37 0.00281898
4109.33 0.00288216
4110.30 0.00297229
4111.26 0.00318477
4112.23 0.00283169
4113.19 0.00241967
4114.15 0.00259315
4115.12 0.00282717
4116.08 0.00284995
4117.05 0.00257687
4118.01 0.00249835
4118.98 0.00235107
4119.94 0.00289675
4120.91 0.00348707
4121.87 0.00329875
4122.83 0.00318673
4123.80 0.00278455
4124.76 0.00311123
4125.73 0.00318875
4126.69 0.00254333
4127.66 0.00250665
4128.62 0.00258294
4129.59 0.00283025
4130.55 0.00288773
4131.51 0.00300601
4132.48 0.00332914
4133.44 0.00314662
4134.41 0.00314364
4135.37 0.00332402
4136.34 0.00328734
4137.30 0.00284552
4138.27 0.00273914
4139.23 0.00299112
4140.19 0.00301200
4141.16 0.00309112
4142.12 0.00313640
4143.09 0.00308362
4144.05 0.00313280
4145.02 0.00311202
4145.98 0.00268820
4146.94 0.00292978
4147.91 0.00311870
4148.87 0.00313898
4149.84 0.00344850
4150.80 0.00331578
4151.77 0.00325290
4152.73 0.00335448
4153.70 0.00341281
4154.66 0.00333259
4155.62 0.00332027
4156.59 0.00387269
4157.55 0.00409657
4158.52 0.00344639
4159.48 0.00343707
4160.45 0.00368679
4161.41 0.00339917
4162.38 0.00336209
4163.34 0.00363357
4164.30 0.00379215
4165.27 0.00337247
4166.23 0.00281705
4167.20 0.00310267
4168.16 0.00331865
4169.13 0.00321157
4170.09 0.00317315
4171.05 0.00315183
4172.02 0.00337975
4172.98 0.00347334
4173.95 0.00349966
4174.91 0.00363214
4175.88 0.00364405
4176.84 0.00354164
4177.81 0.00324306
4178.77 0.00313414
4179.73 0.00353272
4180.70 0.00374014
4181.66 0.00329342
4182.63 0.00303734
4183.59 0.00332042
4184.56 0.00341194
4185.52 0.00390232
4186.49 0.00374004
4187.45 0.00315762
4188.41 0.00340220
4189.38 0.00339412
4190.34 0.00347790
4191.31 0.00376932
4192.27 0.00391880
4193.24 0.00378712
4194.20 0.00353481
4195.17 0.00358083
4196.13 0.00411181
4197.09 0.00428618
4198.06 0.00411601
4199.02 0.00404079
4199.99 0.00363371
4200.95 0.00339739
4201.92 0.00362281
4202.88 0.00355609
4203.84 0.00372747
4204.81 0.00408159
4205.77 0.00370687
4206.74 0.00338249
4207.70 0.00350107
4208.67 0.00386709
4209.63 0.00409007
4210.60 0.00405809
4211.56 0.00411757
4212.52 0.00404275
4213.49 0.00421228
4214.45 0.00464715
4215.42 0.00424767
4216.38 0.00391005
4217.35 0.00426518
4218.31 0.00427446
4219.27 0.00409394
4220.24 0.00395086
4221.20 0.00401484
4222.17 0.00412646
4223.13 0.00412664
4224.10 0.00413056
4225.06 0.00384624
4226.03 0.00367496
4226.99 0.00369514
4227.95 0.00376722
4228.92 0.00361994
4229.88 0.00382422
4230.85 0.00430584
4231.81 0.00447282
4232.78 0.00470394
4233.74 0.00448052
4234.71 0.00418894
4235.67 0.00457222
4236.63 0.00434010
4237.60 0.00402522
4238.56 0.00435630
4239.53 0.00426243
4240.49 0.00428111
4241.46 0.00416103
4242.42 0.00399351
4243.39 0.00434283
4244.35 0.00416541
4245.31 0.00431039
4246.28 0.00463691
4247.24 0.00458649
4248.21 0.00435991
4249.17 0.00408289
4250.14 0.00426541
4251.10 0.00436629
4252.06 0.00449157
4253.03 0.00472839
4253.99 0.00443367
4254.96 0.00407009
4255.92 0.00433637
4256.89 0.00473559
4257.85 0.00483917
4258.82 0.00482599
4259.78 0.00486167
4260.74 0.00487146
4261.71 0.00466128
4262.67 0.00383706
4263.64 0.00367798
4264.60 0.00428876
4265.57 0.00475338
4266.53 0.00500446
4267.50 0.00494818
4268.46 0.00441726
4269.42 0.00403124
4270.39 0.00389216
4271.35 0.00418834
4272.32 0.00506326
4273.28 0.00493204
4274.25 0.00488166
4275.21 0.00487654
4276.17 0.00431122
4277.14 0.00446734
4278.10 0.00468052
4279.07 0.00457124
4280.03 0.00452752
4281.00 0.00448395
4281.96 0.00467533
4282.93 0.00478774
4283.89 0.00471473
4284.85 0.00513201
4285.82 0.00505223
4286.78 0.00498521
4287.75 0.00543183
4288.71 0.00495651
4289.68 0.00446313
4290.64 0.00497911
4291.61 0.00477213
4292.57 0.00448201
4293.53 0.00495929
4294.50 0.00455581
4295.46 0.00430649
4296.43 0.00463581
4297.39 0.00489409
4298.36 0.00530901
4299.32 0.00516159
4300.29 0.00459331
4301.25 0.00458329
4302.21 0.00485637
4303.18 0.00506150
4304.14 0.00528968
4305.11 0.00571460
4306.07 0.00605618
4307.04 0.00578720
4308.00 0.00551598
4308.96 0.00533726
4309.93 0.00495098
4310.89 0.00517686
4311.86 0.00551858
4312.82 0.00533766
4313.79 0.00549778
4314.75 0.00576026
4315.72 0.00535768
4316.68 0.00519716
4317.64 0.00546394
4318.61 0.00491976
4319.57 0.00497084
4320.54 0.00527766
4321.50 0.00504274
4322.47 0.00528436
4323.43 0.00542025
4324.40 0.00533977
4325.36 0.00502625
4326.32 0.00528952
4327.29 0.00564225
4328.25 0.00571293
4329.22 0.00552485
4330.18 0.00493193
4331.15 0.00500265
4332.11 0.00561193
4333.07 0.00569901
4334.04 0.00540823
4335.00 0.00531911
4335.97 0.00513573
4336.93 0.00484511
4337.90 0.00481643
4338.86 0.00509371
4339.83 0.00558973
4340.79 0.00581141
4341.75 0.00564719
4342.72 0.00529362
4343.68 0.00529839
4344.65 0.00526221
4345.61 0.00520189
4346.58 0.00600422
4347.54 0.00615690
4348.51 0.00591112
4349.47 0.00572540
4350.43 0.00511488
4351.40 0.00510670
4352.36 0.00558748
4353.33 0.00602890
4354.29 0.00632718
4355.26 0.00628380
4356.22 0.00603388
4357.19 0.00562540
4358.15 0.00593688
4359.11 0.00626596
4360.08 0.00591498
4361.04 0.00565306
4362.01 0.00557148
4362.97 0.00533416
4363.94 0.00501438
4364.90 0.00523396
4365.86 0.00598034
4366.83 0.00595936
4367.79 0.00568214
4368.76 0.00551587
4369.72 0.00502575
4370.69 0.00562437
4371.65 0.00605685
4372.62 0.00621407
4373.58 0.00625595
4374.54 0.00627263
4375.51 0.00635295
4376.47 0.00576443
4377.44 0.00532925
4378.40 0.00574023
4379.37 0.00612635
4380.33 0.00577103
4381.29 0.00556511
4382.26 0.00497143
4383.22 0.00536321
4384.19 0.00582313
4385.15 0.00595291
4386.12 0.00639403
4387.08 0.00569301
4388.05 0.00560653
4389.01 0.00599591
4389.97 0.00623569
4390.94 0.00618402
4391.90 0.00583500
4392.87 0.00611092
4393.83 0.00630550
4394.80 0.00616452
4395.76 0.00645660
4396.73 0.00622222
4397.69 0.00591390
4398.65 0.00614608
4399.62 0.00627810
4400.58 0.00653558
