# {"full": "Pure C^18O2 (10000 L)", "name": "C^18O2 (10000 L)", "ratio": "1", "url": "https://icedb.strw.leidenuniv.nl/data/15", "author": "\u00d6berg et al"}
399.264 -0.0105249
400.228 -0.0237373
401.193 -0.00819142
402.157 0.00177396
403.122 0.00105292
404.086 0.00159854
405.050 -0.00123787
406.015 -0.00568932
406.979 -0.0122660
407.944 -0.00805210
408.908 0.000425653
409.872 0.00109409
410.837 0.00158756
411.801 0.00660082
412.766 0.0214352
413.730 0.0377818
414.694 -0.00226519
415.659 -0.0297856
416.623 -0.0107532
417.588 -0.00664694
418.552 -0.00394268
419.516 -0.00469964
420.481 0.00377347
421.445 0.00839432
422.410 -0.00103914
423.374 -0.00343376
424.339 0.000357263
425.303 0.00365127
426.267 0.00956902
427.232 0.0178869
428.196 -0.000748507
429.161 -0.0173371
430.125 -0.00831681
431.089 -0.00430007
432.054 0.000937853
433.018 0.00250471
433.983 0.0153145
434.947 0.0233436
435.911 -0.00580560
436.876 -0.0184038
437.840 -0.0105012
438.805 -0.0104240
439.769 -0.0101882
440.733 -0.0152971
441.698 -0.0229929
442.662 -0.00139559
443.627 0.0119668
444.591 0.00425242
445.555 0.00321811
446.520 0.000482513
447.484 -0.00116052
448.449 0.00162136
449.413 0.00696452
450.377 0.00246083
451.342 -0.000367617
452.306 9.02917e-07
453.271 -0.000720227
454.235 -0.000987407
455.199 -0.00302395
456.164 -0.00968888
457.128 -0.00825483
458.093 -0.00371937
459.057 -0.00358956
460.022 -0.00374046
460.986 -0.00398962
461.950 -0.00322830
462.915 -0.000307597
463.879 -0.000417477
464.844 -0.00385065
465.808 -0.00356963
466.772 -0.00249931
467.737 -0.00211719
468.701 -0.00295192
469.666 -0.00186500
470.630 0.00155365
471.594 -0.000378907
472.559 -0.00146669
473.523 -0.000808937
474.488 -0.000969607
475.452 -0.000961377
476.416 0.00249182
477.381 0.00352109
478.345 -0.00319750
479.310 -0.00435643
480.274 -0.00228638
481.238 -0.00217067
482.203 -0.00217615
483.167 -0.00142216
484.132 -0.00250108
485.096 -0.00437360
486.060 -0.00344059
487.025 -0.00307563
487.989 -0.00229781
488.954 -0.00271223
489.918 -0.00403480
490.883 -0.0128085
491.847 -0.0123718
492.811 -0.00118670
493.776 -0.000477527
494.740 -0.00135042
495.705 -0.00110585
496.669 -0.000975417
497.633 0.000129463
498.598 -0.00132865
499.562 -0.00325338
500.527 -0.00260011
501.491 -0.00311158
502.455 -0.00251725
503.420 -0.00135822
504.384 0.000480453
505.349 -0.000131177
506.313 -0.00268565
507.277 -0.00202989
508.242 -0.00190119
509.206 -0.00191369
510.171 -0.00164542
511.135 -0.00153761
512.099 -0.00206977
513.064 -0.00287007
514.028 -0.00207596
514.993 -0.00126589
515.957 -0.00109149
516.921 -0.00111512
517.886 -0.00139169
518.850 -0.00135507
519.815 -0.00110321
520.779 -0.00100229
521.743 -0.000736547
522.708 -0.000795277
523.672 -0.000905497
524.637 -0.00133197
525.601 -0.00200979
526.565 -0.00137651
527.530 -0.000738247
528.494 -0.000929167
529.459 -0.00114985
530.423 -0.000851927
531.388 -0.000578507
532.352 -0.00105249
533.316 -0.00454416
534.281 -0.00493476
535.245 -0.00177403
536.210 -0.00163220
537.174 -0.00160820
538.138 -0.00138376
539.103 -0.00134615
540.067 -0.00156213
541.032 -0.00156912
541.996 -0.00140659
542.960 -0.00116842
543.925 -0.00116519
544.889 -0.00107243
545.854 -0.000332327
546.818 0.00122730
547.782 0.000847733
548.747 -0.00111612
549.711 -0.00114867
550.676 -0.00107264
551.640 -0.000879297
552.604 -0.000650507
553.569 -0.000331277
554.533 0.000392593
555.498 -1.21375e-05
556.462 -0.000952057
557.427 -0.00117395
558.391 -0.000716917
559.355 -0.000777207
560.320 -0.000794567
561.284 -0.000253798
562.249 -0.000913667
563.213 -0.00167022
564.177 -0.00160709
565.142 -0.00149409
566.106 -0.00118089
567.071 -0.00109036
568.035 -0.000653287
568.999 5.72726e-05
569.964 -0.000654247
570.928 -0.00109063
571.893 -0.00125387
572.857 -0.00155534
573.821 -0.00120573
574.786 -0.00107729
575.750 -0.00113183
576.715 -0.000828787
577.679 -0.00118376
578.643 -0.00171586
579.608 -0.00148700
580.572 -0.00141153
581.537 -0.00197323
582.501 -0.00281704
583.465 -0.00168117
584.430 -0.00115535
585.394 -0.00122582
586.359 -0.000888237
587.323 -0.00120146
588.287 -0.00190440
589.252 -0.00268063
590.216 -0.000159957
591.181 0.00111314
592.145 -0.000418087
593.109 -0.000683507
594.074 -0.000613517
595.038 -0.000568427
596.003 5.24428e-05
596.967 -0.000201317
597.932 -0.00110442
598.896 -0.000623367
599.860 -0.000400847
600.825 0.000479533
601.789 0.000934713
602.754 0.00564072
603.718 0.00616292
604.682 -0.00252810
605.647 -0.00366027
606.611 -0.00237023
607.576 -0.00217257
608.540 -0.00159215
609.504 -0.00160274
610.469 -0.000589637
611.433 -0.000830217
612.398 -0.00155846
613.362 -0.00129318
614.326 -0.00132803
615.291 -0.00112753
616.255 -0.00112850
617.220 -0.000576467
618.184 3.04827e-05
619.148 -0.000479587
620.113 -0.000566287
621.077 -0.000943257
622.042 -0.00136427
623.006 -0.00111961
623.971 -0.00156287
624.935 -7.87075e-05
625.899 0.00156213
626.864 0.000178283
627.828 -0.000565337
628.793 -0.000776687
629.757 -0.00100969
630.721 -0.00126010
631.686 -0.00152263
632.650 -0.00106169
633.615 -0.000925007
634.579 -0.00110056
635.543 -0.00133880
636.508 -0.00138156
637.472 -0.00118216
638.437 -0.00132983
639.401 -0.00127887
640.365 -0.00123616
641.330 -0.00105111
642.294 -0.000874667
643.259 -0.000674097
644.223 -0.000656067
645.187 0.000362063
646.152 0.00102709
647.116 -0.000306567
648.081 -0.000849997
649.045 -0.000711897
650.009 -0.00100276
650.974 -0.000880427
651.938 -0.000865817
652.903 -0.00256191
653.867 -0.00291824
654.831 -0.00163830
655.796 -0.00113690
656.760 -0.000632877
657.725 -0.000621557
658.689 -0.000327047
659.654 0.00157850
660.618 0.000302283
661.582 -0.00160161
662.547 -0.00146428
663.511 -0.00162707
664.476 -0.00142013
665.440 -0.00153304
666.404 -0.00378521
667.369 -0.00562544
668.333 -0.00300792
669.298 -0.00128299
670.262 -0.00114852
671.226 -0.00122018
672.191 -0.000901447
673.155 -0.000371907
674.120 -0.000689197
675.084 -0.00105500
676.048 -0.000941377
677.013 -0.00121764
677.977 -0.00127234
678.942 -0.00125150
679.906 -0.00141688
680.870 -0.000527207
681.835 0.000241773
682.799 -0.000320207
683.764 -0.000492737
684.728 -0.000249707
685.692 -0.000288207
686.657 -0.000238877
687.621 -0.000730067
688.586 -0.000629647
689.550 -0.000228358
690.514 -0.000353537
691.479 -0.000581427
692.443 -0.000580347
693.408 -0.000954187
694.372 -0.00142867
695.337 -0.00110128
696.301 -0.00116052
697.265 -0.00157714
698.230 -0.00132067
699.194 -0.00196088
700.159 -0.00238292
701.123 -0.00648624
702.087 -0.00858667
703.052 0.000263683
704.016 0.00306016
704.981 0.00145966
705.945 0.00142034
706.909 0.000871183
707.874 0.000896323
708.838 -0.000110277
709.803 -0.00125100
710.767 -0.000753557
711.731 -6.40773e-05
712.696 -0.000267977
713.660 -0.000271617
714.625 -0.000204657
715.589 -0.000622797
716.553 -0.000433397
717.518 0.000273183
718.482 0.000228242
719.447 2.73925e-05
720.411 -0.000129407
721.375 -0.000347598
722.340 -0.000233737
723.304 0.00144933
724.269 0.00185272
725.233 0.00132198
726.198 0.00116084
727.162 0.000777042
728.126 0.000748553
729.091 0.000310453
730.055 0.000164683
731.020 0.000874422
731.984 0.000791073
732.948 0.000746973
733.913 0.000915713
734.877 0.000835163
735.842 0.000701223
736.806 0.000641383
737.770 0.000676053
738.735 0.000832953
739.699 0.000865553
740.664 0.000905393
741.628 0.000996143
742.592 0.00104918
743.557 0.00102090
744.521 0.000454893
745.486 0.000614373
746.450 0.00101174
747.414 0.00125614
748.379 0.00138019
749.343 0.00138026
750.308 0.00159433
751.272 0.000223063
752.236 -7.74874e-05
753.201 0.00109446
754.165 0.00118341
755.130 0.00107295
756.094 0.00125630
757.058 0.00140631
758.023 0.00163802
758.987 0.00167626
759.952 0.00142366
760.916 0.00139370
761.880 0.00132474
762.845 0.00136496
763.809 0.00140484
764.774 0.00164229
765.738 0.00204492
766.703 0.00169566
767.667 0.00150582
768.631 0.00152425
769.596 0.00153981
770.560 0.00182066
771.525 0.00157201
772.489 0.00129197
773.453 0.00136510
774.418 0.00134283
775.382 0.00135758
776.347 0.00121934
777.311 0.000981873
778.275 0.000817013
779.240 0.00164233
780.204 0.00240816
781.169 0.00206024
782.133 0.00204621
783.097 0.00188121
784.062 0.00174767
785.026 0.00196741
785.991 0.00205303
786.955 0.00187692
787.919 0.00200693
788.884 0.00213943
789.848 0.00189133
790.813 0.00201965
791.777 0.00236777
792.742 0.00252137
793.706 0.00170044
794.670 0.00144911
795.635 0.00180317
796.599 0.00183051
797.564 0.00196623
798.528 0.00201998
799.492 0.00220949
800.457 0.00200385
801.421 0.00198859
802.386 0.00208761
803.350 0.00189819
804.314 0.00192276
805.279 0.00211452
806.243 0.00224340
807.208 0.00217314
808.172 0.00198919
809.136 0.00207678
810.101 0.00233662
811.065 0.00216595
812.030 0.00202362
812.994 0.00215309
813.958 0.00202107
814.923 0.00172718
815.887 0.00189235
816.852 0.00214384
817.816 0.00210253
818.780 0.00206866
819.745 0.00200547
820.709 0.00207498
821.674 0.00229027
822.638 0.00236116
823.602 0.00222062
824.567 0.00211887
825.531 0.00218787
826.496 0.00226616
827.460 0.00237569
828.424 0.00230137
829.389 0.00210928
830.353 0.00225884
831.318 0.00244948
832.282 0.00243636
833.247 0.00225216
834.211 0.00227548
835.175 0.00181024
836.140 0.00129447
837.104 0.00159515
838.069 0.00190580
839.033 0.00206379
839.997 0.00200760
840.962 0.00201878
841.926 0.00214202
842.891 0.00209925
843.855 0.00199364
844.819 0.00201931
845.784 0.00213842
846.748 0.00220543
847.713 0.00218597
848.677 0.00203857
849.641 0.00155809
850.606 0.00144001
851.570 0.00169549
852.535 0.00171757
853.499 0.00182168
854.463 0.00184014
855.428 0.00204239
856.392 0.00224837
857.357 0.00189355
858.321 0.00177538
859.286 0.00182635
860.250 0.00188086
861.214 0.00199424
862.179 0.00211534
863.143 0.00205720
864.108 0.00159089
865.072 0.00152261
866.036 0.00183084
867.001 0.00180407
867.965 0.00166929
868.930 0.00167854
869.894 0.00192802
870.858 0.00222191
871.823 0.00213437
872.787 0.00194794
873.752 0.00207051
874.716 0.00216777
875.680 0.00195620
876.645 0.00196583
877.609 0.00190252
878.574 0.00156627
879.538 0.00153263
880.502 0.00149845
881.467 0.00139221
882.431 0.00135274
883.396 0.00113144
884.360 0.00109675
885.324 0.00150017
886.289 0.00163805
887.253 0.00162780
888.218 0.00170125
889.182 0.00165754
890.146 0.00148085
891.111 0.00124473
892.075 0.00145871
893.040 0.00172095
894.004 0.00168888
894.969 0.00171166
895.933 0.00173161
896.897 0.00175828
897.862 0.00162480
898.826 0.00169470
899.791 0.00174540
900.755 0.00151890
901.719 0.00143591
902.684 0.00142802
903.648 0.00132392
904.613 0.00108179
905.577 0.00107237
906.541 0.00119044
907.506 0.00129337
908.470 0.00122190
909.435 0.00105554
910.399 0.00103482
911.363 0.000963913
912.328 0.000335013
913.292 0.000323222
914.257 0.00109837
915.221 0.00100642
916.185 0.000999643
917.150 0.00124846
918.114 0.00136094
919.079 0.00124579
920.043 0.000925463
921.007 0.000809443
921.972 0.000871223
922.936 0.00114545
923.901 0.00131782
924.865 0.00148481
925.829 0.00184901
926.794 0.000921473
927.758 9.31928e-05
928.723 0.000534863
929.687 0.000656003
930.651 0.000440252
931.616 0.000402053
932.580 0.000392413
933.545 0.00102461
934.509 0.00152887
935.474 0.000972523
936.438 0.000693113
937.402 0.000641323
938.367 0.000641783
939.331 0.000777663
940.296 0.00101115
941.260 0.000722613
942.224 0.000569063
943.189 0.000479603
944.153 0.000464423
945.118 0.000722553
946.082 0.000643533
947.046 0.000426673
948.011 1.66227e-05
948.975 0.000137613
949.940 0.000163173
950.904 0.000341513
951.868 0.000625813
952.833 0.000437533
953.797 0.000474953
954.762 0.000393543
955.726 0.000111083
956.690 0.000173433
957.655 0.000409793
958.619 0.000541153
959.584 0.000528723
960.548 0.000690853
961.513 0.000668033
962.477 -0.000293037
963.441 -0.000442337
964.406 -0.000178108
965.370 -8.84710e-06
966.335 0.000182523
967.299 0.000192063
968.263 0.000139453
969.228 -0.000367567
970.192 -0.000193787
971.157 5.95725e-05
972.121 -0.000140657
973.085 -0.000243237
974.050 -0.000146657
975.014 -0.000217487
975.979 -0.000467598
976.943 -0.000117967
977.907 0.000195113
978.872 0.000227673
979.836 0.000292373
980.801 0.000206833
981.765 -7.13975e-05
982.729 0.000477673
983.694 0.000793453
984.658 0.000214413
985.623 1.74427e-05
986.587 -0.000123087
987.551 -0.000154237
988.516 -0.000351147
989.480 -0.000766077
990.445 -8.26675e-05
991.409 0.000378252
992.373 6.20726e-05
993.338 5.47925e-05
994.302 4.53726e-05
995.267 6.61826e-05
996.231 3.69526e-05
997.195 -0.000268727
998.160 -0.000481317
999.124 -0.000460687
1000.09 -0.000439907
1001.05 -0.000304697
1002.02 -0.000153367
1002.98 -0.000298247
1003.95 8.78926e-05
1004.91 0.000616833
1005.88 0.000132833
1006.84 -0.000105297
1007.80 -2.37473e-05
1008.77 -3.04473e-05
1009.73 -6.41174e-05
1010.70 0.000130343
1011.66 -0.000257517
1012.63 -0.000633577
1013.59 -0.000389747
1014.55 -0.000430567
1015.52 -0.000396157
1016.48 -0.000351777
1017.45 -0.000478557
1018.41 -0.000408297
1019.38 -0.000274347
1020.34 -0.000269287
1021.31 -0.000403187
1022.27 -0.000621147
1023.23 -0.000519577
1024.20 -0.000629827
1025.16 -0.000861477
1026.13 -0.000536747
1027.09 -0.000277097
1028.06 -0.000210907
1029.02 -0.000226217
1029.99 -0.000132527
1030.95 -0.000249137
1031.91 -0.000371617
1032.88 -0.000230057
1033.84 -0.000227427
1034.81 -0.000198747
1035.77 -0.000273037
1036.74 -0.000363217
1037.70 -0.000318837
1038.66 -0.000244787
1039.63 -0.000123117
1040.59 -0.000193847
1041.56 -0.000483977
1042.52 -0.000539157
1043.49 -0.000543067
1044.45 -0.000613937
1045.42 -0.000483537
1046.38 -0.000480037
1047.34 -0.000651417
1048.31 -0.000460657
1049.27 -0.000297337
1050.24 -0.000556047
1051.20 -0.000869477
1052.17 -0.000838497
1053.13 -0.000828997
1054.10 -0.000686647
1055.06 -0.000544187
1056.02 -0.000666327
1056.99 -0.000689647
1057.95 -0.000610337
1058.92 -0.000371547
1059.88 -6.75973e-05
1060.85 -0.000467557
1061.81 -0.000909487
1062.78 -0.000700257
1063.74 -0.000613947
1064.70 -0.000653277
1065.67 -0.000704097
1066.63 -0.000556997
1067.60 -0.000656997
1068.56 -0.000993267
1069.53 -0.000929737
1070.49 -0.000828307
1071.45 -0.000901477
1072.42 -0.000893727
1073.38 -0.000663277
1074.35 -0.000584117
1075.31 -0.000756757
1076.28 -0.000800117
1077.24 -0.000816367
1078.21 -0.000808747
1079.17 -0.000685647
1080.13 -0.000730477
1081.10 -0.000996867
1082.06 -0.00101510
1083.03 -0.000941287
1083.99 -0.000767407
1084.96 -0.000647367
1085.92 -0.000771567
1086.89 -0.000748677
1087.85 -0.000689777
1088.81 -0.000693847
1089.78 -0.000743867
1090.74 -0.000922277
1091.71 -0.000978077
1092.67 -0.000816587
1093.64 -0.000892337
1094.60 -0.00104759
1095.56 -0.000925877
1096.53 -0.000845677
1097.49 -0.00108679
1098.46 -0.00109499
1099.42 -0.00114362
1100.39 -0.00133440
1101.35 -0.00144387
1102.32 -0.000990157
1103.28 -0.000176908
1104.24 -0.000278787
1105.21 -0.000540027
1106.17 -0.000577737
1107.14 -0.000516837
1108.10 -0.000405757
1109.07 -0.000288057
1110.03 -0.000446107
1111.00 -0.000622297
1111.96 -0.000582297
1112.92 -0.000657117
1113.89 -0.000639868
1114.85 -0.000557307
1115.82 -0.000681347
1116.78 -0.000823068
1117.75 -0.000684667
1118.71 -0.000714967
1119.68 -0.000871077
1120.64 -0.000842497
1121.60 -0.000809457
1122.57 -0.000735847
1123.53 -1.56872e-05
1124.50 5.83027e-05
1125.46 -0.000555397
1126.43 -0.000550207
1127.39 -0.000543927
1128.35 -0.000437307
1129.32 -0.000440927
1130.28 -0.000629327
1131.25 -0.000609268
1132.21 -0.000589067
1133.18 -0.000626527
1134.14 -0.000588047
1135.11 -0.000608807
1136.07 -0.000624937
1137.03 -0.000656887
1138.00 -0.000699017
1138.96 -0.000617547
1139.93 -0.000549367
1140.89 -0.000451827
1141.86 -0.000416597
1142.82 -0.000554757
1143.79 -0.000620737
1144.75 -0.000562937
1145.71 -0.000607217
1146.68 -0.000582147
1147.64 -0.000601467
1148.61 -0.000617957
1149.57 -0.000463897
1150.54 -0.000607367
1151.50 -0.000556657
1152.46 -0.000346787
1153.43 -0.000384377
1154.39 -0.000397507
1155.36 -0.000456307
1156.32 -0.000587967
1157.29 -0.000592227
1158.25 -0.000649017
1159.22 -0.000645837
1160.18 -0.000482108
1161.14 -0.000427617
1162.11 -0.000302927
1163.07 -0.000360857
1164.04 -0.000508527
1165.00 -0.000507807
1165.97 -0.000488367
1166.93 -0.000425887
1167.90 -0.000411517
1168.86 -0.000507247
1169.82 -0.000518467
1170.79 -0.000436607
1171.75 -0.000424787
1172.72 -0.000491007
1173.68 -0.000332317
1174.65 -0.000186327
1175.61 -0.000204147
1176.57 -0.000148337
1177.54 -0.000312967
1178.50 -0.000263307
1179.47 -7.95573e-05
1180.43 -0.000268708
1181.40 -0.000349697
1182.36 -0.000379897
1183.33 -0.000369458
1184.29 -0.000392837
1185.25 -0.000399187
1186.22 -0.000307377
1187.18 -0.000177498
1188.15 -0.000136178
1189.11 -0.000201927
1190.08 -0.000213547
1191.04 -0.000181367
1192.01 -0.000162417
1192.97 -0.000101637
1193.93 -5.67734e-06
1194.90 -0.000134937
1195.86 -0.000251407
1196.83 -0.000262207
1197.79 -0.000286717
1198.76 -0.000221527
1199.72 -0.000296077
1200.69 -0.000285957
1201.65 -2.49273e-05
1202.61 -0.000149088
1203.58 -0.000209847
1204.54 -6.08573e-05
1205.51 -2.60873e-05
1206.47 2.21226e-05
1207.44 4.28925e-05
1208.40 -3.25171e-05
1209.36 -0.000167937
1210.33 -0.000119688
1211.29 -4.39272e-05
1212.26 -0.000158807
1213.22 -0.000177137
1214.19 -0.000234177
1215.15 -7.94972e-05
1216.12 0.000189673
1217.08 0.000223533
1218.04 0.000248433
1219.01 0.000287303
1219.97 0.000274833
1220.94 0.000136563
1221.90 8.84426e-05
1222.87 2.82428e-05
1223.83 -2.16872e-05
1224.80 0.000180603
1225.76 0.000320373
1226.72 0.000261093
1227.69 0.000216803
1228.65 0.000263533
1229.62 7.88127e-05
1230.58 -9.03774e-05
1231.55 -0.000252867
1232.51 -0.00125694
1233.47 -0.00444969
1234.44 -0.00429664
1235.40 -0.000598307
1236.37 0.000654323
1237.33 0.00108556
1238.30 0.00117658
1239.26 0.00107666
1240.23 0.00118560
1241.19 0.00113001
1242.15 0.000836123
1243.12 0.000528603
1244.08 0.000400853
1245.05 0.000384943
1246.01 0.000289623
1246.98 -9.35746e-06
1247.94 -0.000490837
1248.91 -0.000804577
1249.87 -0.000869057
1250.83 -0.000645257
1251.80 -0.000164327
1252.76 -0.000124238
1253.73 -0.000460458
1254.69 -0.000844148
1255.66 -0.000714547
1256.62 -0.000122737
1257.59 0.000275413
1258.55 0.000478213
1259.51 0.000520633
1260.48 0.000597693
1261.44 0.000610553
1262.41 0.000520813
1263.37 0.000406682
1264.34 0.000364493
1265.30 0.000435023
1266.26 0.000482783
1267.23 0.000443773
1268.19 0.000402063
1269.16 0.000525663
1270.12 0.000646543
1271.09 0.000554053
1272.05 0.000453193
1273.02 0.000439933
1273.98 0.000230743
1274.94 0.000232893
1275.91 0.000356153
1276.87 0.000326903
1277.84 0.000332743
1278.80 0.000294412
1279.77 0.000231893
1280.73 0.000331772
1281.70 0.000432593
1282.66 0.000424043
1283.62 0.000264163
1284.59 0.000212893
1285.55 0.000241583
1286.52 0.000290513
1287.48 0.000331523
1288.45 0.000146163
1289.41 0.000210193
1290.37 0.000281463
1291.34 0.000310403
1292.30 0.000423753
1293.27 0.000352793
1294.23 0.000300923
1295.20 0.000297883
1296.16 0.000377503
1297.13 0.000453033
1298.09 0.000375373
1299.05 0.000414943
1300.02 0.000448963
1300.98 0.000354653
1301.95 0.000284413
1302.91 0.000273563
1303.88 0.000312423
1304.84 0.000409923
1305.81 0.000633982
1306.77 0.000657973
1307.73 0.000497383
1308.70 0.000390253
1309.66 0.000304703
1310.63 0.000256333
1311.59 0.000341003
1312.56 0.000500033
1313.52 0.000463683
1314.48 0.000447613
1315.45 0.000560443
1316.41 0.000403283
1317.38 0.000261703
1318.34 0.000264153
1319.31 0.000395303
1320.27 0.000621733
1321.24 0.000600653
1322.20 0.000567843
1323.16 0.000614993
1324.13 0.000624883
1325.09 0.000626373
1326.06 0.000616183
1327.02 0.000467943
1327.99 0.000466273
1328.95 0.000681373
1329.92 0.000787253
1330.88 0.000927453
1331.84 0.00123825
1332.81 0.00137371
1333.77 0.00142291
1334.74 0.00119256
1335.70 -6.21872e-05
1336.67 -0.00195224
1337.63 -0.00333595
1338.60 -0.00344042
1339.56 -0.00318655
1340.52 -0.00286263
1341.49 -0.000796597
1342.45 0.00148538
1343.42 0.00157344
1344.38 0.00127024
1345.35 0.000530653
1346.31 -0.00257618
1347.27 -0.00663862
1348.24 -0.00921358
1349.20 -0.00945414
1350.17 -0.00665631
1351.13 -0.00237380
1352.10 -0.000211667
1353.06 -0.000989567
1354.03 -0.00221425
1354.99 -0.00139180
1355.95 0.000249233
1356.92 0.00123763
1357.88 0.00189867
1358.85 0.00223461
1359.81 0.00246933
1360.78 0.00314060
1361.74 0.00382311
1362.71 0.00401742
1363.67 0.00401912
1364.63 0.00387652
1365.60 0.00371614
1366.56 0.00349674
1367.53 0.00338818
1368.49 0.00313847
1369.46 0.00226218
1370.42 0.00174244
1371.38 0.00205170
1372.35 0.00280173
1373.31 0.00360815
1374.28 0.00430902
1375.24 0.00482392
1376.21 0.00491202
1377.17 0.00426362
1378.14 0.00276071
1379.10 0.00162336
1380.06 0.000777383
1381.03 -0.000519987
1381.99 -0.00197673
1382.96 -0.00318429
1383.92 -0.00357352
1384.89 -0.00350873
1385.85 -0.00341827
1386.82 -0.00334608
1387.78 -0.00319180
1388.74 -0.00311384
1389.71 -0.00276286
1390.67 -0.00229616
1391.64 -0.00207369
1392.60 -0.00183697
1393.57 -0.00162639
1394.53 -0.00142529
1395.50 -0.00120205
1396.46 -0.000838287
1397.42 -0.000485917
1398.39 -0.000265987
1399.35 -0.000125597
1400.32 0.000137353
1401.28 0.000517083
1402.25 0.000645763
1403.21 0.000654223
1404.17 0.000449083
1405.14 0.000489083
1406.10 0.000874743
1407.07 0.000965673
1408.03 0.000897163
1409.00 0.000655603
1409.96 0.000332923
1410.93 0.000140883
1411.89 -9.54475e-05
1412.85 -0.000274407
1413.82 -0.000108587
1414.78 0.000212793
1415.75 0.000495823
1416.71 0.000613943
1417.68 0.000800353
1418.64 0.00108514
1419.61 0.000860733
1420.57 0.000224223
1421.53 0.000111033
1422.50 0.000351252
1423.46 0.000677473
1424.43 0.000795673
1425.39 0.000661203
1426.36 0.000684003
1427.32 0.000634253
1428.28 0.000635593
1429.25 0.000734332
1430.21 0.000632333
1431.18 0.000625253
1432.14 0.000673953
1433.11 0.000657463
1434.07 0.000630973
1435.04 0.000561123
1436.00 0.000672193
1436.96 0.000675193
1437.93 0.000579463
1438.89 0.000593003
1439.86 0.000677912
1440.82 0.000694973
1441.79 0.000653583
1442.75 0.000657442
1443.72 0.000708963
1444.68 0.000703963
1445.64 0.000618193
1446.61 0.000576813
1447.57 0.000623083
1448.54 0.000644073
1449.50 0.000553003
1450.47 0.000518073
1451.43 0.000590163
1452.40 0.000624363
1453.36 0.000543473
1454.32 0.000540543
1455.29 0.000542693
1456.25 0.000523773
1457.22 0.000604623
1458.18 0.000674073
1459.15 0.000680723
1460.11 0.000612603
1461.07 0.000591913
1462.04 0.000548253
1463.00 0.000505003
1463.97 0.000563893
1464.93 0.000634133
1465.90 0.000613943
1466.86 0.000487952
1467.83 0.000521883
1468.79 0.000573423
1469.75 0.000506963
1470.72 0.000504513
1471.68 0.000599893
1472.65 0.000650723
1473.61 0.000577603
1474.58 0.000578713
1475.54 0.000672073
1476.51 0.000680692
1477.47 0.000738133
1478.43 0.000741563
1479.40 0.000700493
1480.36 0.000764513
1481.33 0.000748873
1482.29 0.000725523
1483.26 0.000779653
1484.22 0.000803923
1485.18 0.000781593
1486.15 0.000729213
1487.11 0.000618353
1488.08 0.000600633
1489.04 0.000642563
1490.01 0.000679523
1490.97 0.000623003
1491.94 0.000579542
1492.90 0.000679243
1493.86 0.000720123
1494.83 0.000697182
1495.79 0.000537743
1496.76 0.000495373
1497.72 0.000652613
1498.69 0.000732523
1499.65 0.000649183
1500.62 0.000506693
1501.58 0.000520583
1502.54 0.000606023
1503.51 0.000671053
1504.47 0.000641023
1505.44 0.000633633
1506.40 0.000665603
1507.37 0.000693753
1508.33 0.000807373
1509.29 0.000795043
1510.26 0.000730723
1511.22 0.000752123
1512.19 0.000715703
1513.15 0.000637623
1514.12 0.000625242
1515.08 0.000668393
1516.05 0.000699133
1517.01 0.000645683
1517.97 0.000607563
1518.94 0.000648033
1519.90 0.000705522
1520.87 0.000737193
1521.83 0.000763693
1522.80 0.000799233
1523.76 0.000774523
1524.73 0.000716223
1525.69 0.000689243
1526.65 0.000642103
1527.62 0.000583023
1528.58 0.000658743
1529.55 0.000756493
1530.51 0.000799933
1531.48 0.000728243
1532.44 0.000653553
1533.41 0.000670043
1534.37 0.000621353
1535.33 0.000640973
1536.30 0.000746513
1537.26 0.000867763
1538.23 0.000841563
1539.19 0.000808553
1540.16 0.000749443
1541.12 0.000646573
1542.08 0.000643193
1543.05 0.000656373
1544.01 0.000652003
1544.98 0.000587523
1545.94 0.000555723
1546.91 0.000599273
1547.87 0.000653862
1548.84 0.000624853
1549.80 0.000540683
1550.76 0.000508173
1551.73 0.000612542
1552.69 0.000710143
1553.66 0.000765453
1554.62 0.000744033
1555.59 0.000793563
1556.55 0.000795383
1557.52 0.000749963
1558.48 0.000846233
1559.44 0.000844012
1560.41 0.000801283
1561.37 0.000787923
1562.34 0.000662663
1563.30 0.000644493
1564.27 0.000717153
1565.23 0.000619443
1566.19 0.000642643
1567.16 0.000768003
1568.12 0.000767103
1569.09 0.000717663
1570.05 0.000657583
1571.02 0.000759503
1571.98 0.000859863
1572.95 0.000703383
1573.91 0.000695663
1574.87 0.000796332
1575.84 0.000760963
1576.80 0.000769583
1577.77 0.000785043
1578.73 0.000731313
1579.70 0.000672893
1580.66 0.000671253
1581.63 0.000667223
1582.59 0.000726973
1583.55 0.000789313
1584.52 0.000832693
1585.48 0.000845883
1586.45 0.000805493
1587.41 0.000813653
1588.38 0.000788053
1589.34 0.000796453
1590.31 0.000724943
1591.27 0.000664963
1592.23 0.000723383
1593.20 0.000775913
1594.16 0.000768253
1595.13 0.000742933
1596.09 0.000668683
1597.06 0.000661383
1598.02 0.000628632
1598.98 0.000596803
1599.95 0.000628303
1600.91 0.000532403
1601.88 0.000423483
1602.84 0.000289123
1603.81 8.35727e-05
1604.77 -3.41674e-05
1605.74 2.66726e-05
1606.70 -8.71718e-06
1607.66 -0.000166367
1608.63 -0.000157267
1609.59 4.50327e-05
1610.56 9.01725e-05
1611.52 -2.63471e-05
1612.49 1.80127e-05
1613.45 0.000163193
1614.42 0.000106723
1615.38 -2.80174e-05
1616.34 -4.06271e-05
1617.31 -0.000118447
1618.27 -0.000142138
1619.24 -0.000186048
1620.20 -0.000217817
1621.17 -0.000189167
1622.13 -0.000340087
1623.09 -0.000390557
1624.06 -0.000416157
1625.02 -0.000477407
1625.99 -0.000590208
1626.95 -0.000747397
1627.92 -0.000747617
1628.88 -0.000707817
1629.85 -0.000687707
1630.81 -0.000651657
1631.77 -0.000660857
1632.74 -0.000719597
1633.70 -0.000672868
1634.67 -0.000632807
1635.63 -0.000549337
1636.60 -0.000449167
1637.56 -0.000449677
1638.53 -0.000465557
1639.49 -0.000449547
1640.45 -0.000308467
1641.42 -0.000179517
1642.38 -0.000103557
1643.35 -4.13372e-05
1644.31 2.57725e-05
1645.28 6.26226e-05
1646.24 4.09828e-05
1647.20 8.31028e-05
1648.17 6.14729e-05
1649.13 4.89727e-05
1650.10 0.000179243
1651.06 0.000296563
1652.03 0.000324153
1652.99 0.000430283
1653.96 0.000526843
1654.92 0.000538873
1655.88 0.000504963
1656.85 0.000490403
1657.81 0.000520213
1658.78 0.000506163
1659.74 0.000567173
1660.71 0.000666633
1661.67 0.000648483
1662.64 0.000642863
1663.60 0.000669033
1664.56 0.000701343
1665.53 0.000769733
1666.49 0.000846653
1667.46 0.000798963
1668.42 0.000690713
1669.39 0.000760683
1670.35 0.000754503
1671.32 0.000680543
1672.28 0.000655783
1673.24 0.000745193
1674.21 0.000771523
1675.17 0.000732093
1676.14 0.000719933
1677.10 0.000752223
1678.07 0.000783103
1679.03 0.000837423
1679.99 0.000851673
1680.96 0.000756113
1681.92 0.000721063
1682.89 0.000716743
1683.85 0.000779663
1684.82 0.000803872
1685.78 0.000717873
1686.75 0.000714872
1687.71 0.000809033
1688.67 0.000829553
1689.64 0.000833493
1690.60 0.000905943
1691.57 0.000864503
1692.53 0.000688543
1693.50 0.000732973
1694.46 0.000836363
1695.43 0.000778043
1696.39 0.000721443
1697.35 0.000746923
1698.32 0.000829113
1699.28 0.000922292
1700.25 0.000844622
1701.21 0.000779213
1702.18 0.000826342
1703.14 0.000807943
1704.10 0.000797173
1705.07 0.000794703
1706.03 0.000707823
1707.00 0.000562323
1707.96 0.000662843
1708.93 0.000778303
1709.89 0.000732113
1710.86 0.000750273
1711.82 0.000801373
1712.78 0.000776143
1713.75 0.000619453
1714.71 0.000638483
1715.68 0.000680943
1716.64 0.000655983
1717.61 0.000740633
1718.57 0.000726123
1719.54 0.000723383
1720.50 0.000691453
1721.46 0.000671883
1722.43 0.000628503
1723.39 0.000653993
1724.36 0.000751573
1725.32 0.000746733
1726.29 0.000729693
1727.25 0.000709783
1728.22 0.000704683
1729.18 0.000697003
1730.14 0.000650533
1731.11 0.000618292
1732.07 0.000659113
1733.04 0.000594943
1734.00 0.000649583
1734.97 0.000723413
1735.93 0.000655283
1736.89 0.000553793
1737.86 0.000485063
1738.82 0.000530833
1739.79 0.000557053
1740.75 0.000482353
1741.72 0.000568923
1742.68 0.000620813
1743.65 0.000595903
1744.61 0.000619543
1745.57 0.000529303
1746.54 0.000500253
1747.50 0.000457103
1748.47 0.000511713
1749.43 0.000518803
1750.40 0.000384143
1751.36 0.000432583
1752.33 0.000474113
1753.29 0.000432573
1754.25 0.000506773
1755.22 0.000596193
1756.18 0.000503943
1757.15 0.000510393
1758.11 0.000641533
1759.08 0.000569993
1760.04 0.000549073
1761.00 0.000599043
1761.97 0.000489303
1762.93 0.000521613
1763.90 0.000532313
1764.86 0.000333403
1765.83 0.000339553
1766.79 0.000437163
1767.76 0.000266802
1768.72 0.000104803
1769.68 0.000215783
1770.65 0.000395553
1771.61 0.000464963
1772.58 0.000537523
1773.54 0.000542663
1774.51 0.000456583
1775.47 0.000398273
1776.44 0.000493143
1777.40 0.000519213
1778.36 0.000381923
1779.33 0.000399493
1780.29 0.000410642
1781.26 0.000340583
1782.22 0.000333723
1783.19 0.000339273
1784.15 0.000382403
1785.11 0.000473513
1786.08 0.000398283
1787.04 0.000398753
1788.01 0.000446673
1788.97 0.000373513
1789.94 0.000296113
1790.90 0.000336843
1791.87 0.000407833
1792.83 0.000426033
1793.79 0.000464973
1794.76 0.000413243
1795.72 0.000379623
1796.69 0.000402512
1797.65 0.000394703
1798.62 0.000378283
1799.58 0.000294723
1800.55 0.000292073
1801.51 0.000393543
1802.47 0.000358153
1803.44 0.000302183
1804.40 0.000327663
1805.37 0.000293733
1806.33 0.000266173
1807.30 0.000309943
1808.26 0.000324753
1809.23 0.000411493
1810.19 0.000414353
1811.15 0.000311313
1812.12 0.000351903
1813.08 0.000404973
1814.05 0.000342333
1815.01 0.000254373
1815.98 0.000272703
1816.94 0.000328953
1817.90 0.000264163
1818.87 0.000209613
1819.83 0.000281692
1820.80 0.000357643
1821.76 0.000299313
1822.73 0.000153203
1823.69 0.000174623
1824.66 0.000265602
1825.62 0.000363813
1826.58 0.000407313
1827.55 0.000429223
1828.51 0.000337433
1829.48 0.000206223
1830.44 0.000292113
1831.41 0.000310703
1832.37 0.000225193
1833.34 0.000316062
1834.30 0.000408353
1835.26 0.000311433
1836.23 0.000377033
1837.19 0.000417103
1838.16 0.000381993
1839.12 0.000387243
1840.09 0.000318293
1841.05 0.000339513
1842.01 0.000356243
1842.98 0.000326713
1843.94 0.000304983
1844.91 0.000282173
1845.87 0.000310563
1846.84 0.000237333
1847.80 0.000270583
1848.77 0.000354743
1849.73 0.000316613
1850.69 0.000346293
1851.66 0.000317503
1852.62 0.000297713
1853.59 0.000350443
1854.55 0.000374493
1855.52 0.000385073
1856.48 0.000367283
1857.45 0.000249253
1858.41 0.000233663
1859.37 0.000297373
1860.34 0.000276823
1861.30 0.000225423
1862.27 0.000203583
1863.23 0.000219393
1864.20 0.000345143
1865.16 0.000359913
1866.12 0.000167252
1867.09 0.000128833
1868.05 0.000227813
1869.02 0.000285403
1869.98 0.000364813
1870.95 0.000416293
1871.91 0.000330673
1872.88 0.000251723
1873.84 0.000159023
1874.80 0.000243453
1875.77 0.000272103
1876.73 0.000173943
1877.70 0.000266863
1878.66 0.000238313
1879.63 0.000227273
1880.59 0.000249943
1881.56 0.000130113
1882.52 0.000135383
1883.48 0.000209353
1884.45 0.000218173
1885.41 0.000221653
1886.38 0.000250163
1887.34 0.000232343
1888.31 0.000189053
1889.27 0.000155253
1890.24 0.000101563
1891.20 9.25926e-05
1892.16 0.000190563
1893.13 0.000301193
1894.09 0.000280863
1895.06 0.000213183
1896.02 0.000276653
1896.99 0.000319613
1897.95 0.000309322
1898.91 0.000350723
1899.88 0.000222072
1900.84 0.000114392
1901.81 0.000315682
1902.77 0.000350452
1903.74 0.000173373
1904.70 0.000108003
1905.67 8.33129e-05
1906.63 0.000202883
1907.59 0.000218112
1908.56 0.000114333
1909.52 0.000160473
1910.49 0.000299993
1911.45 0.000422353
1912.42 0.000351823
1913.38 0.000228793
1914.35 0.000245923
1915.31 0.000223703
1916.27 0.000285623
1917.24 0.000313213
1918.20 0.000146823
1919.17 0.000104213
1920.13 0.000167683
1921.10 0.000172463
1922.06 9.23728e-05
1923.03 7.71629e-05
1923.99 3.85726e-05
1924.95 0.000149962
1925.92 0.000255463
1926.88 0.000135543
1927.85 0.000160443
1928.81 0.000189092
1929.78 0.000237373
1930.74 0.000299253
1931.70 0.000224713
1932.67 0.000140933
1933.63 8.69427e-05
1934.60 0.000141113
1935.56 0.000153823
1936.53 0.000265823
1937.49 0.000349013
1938.46 0.000177533
1939.42 0.000139823
1940.38 0.000204233
1941.35 0.000143543
1942.31 9.94927e-05
1943.28 0.000147813
1944.24 0.000210113
1945.21 0.000197893
1946.17 0.000174213
1947.14 0.000257903
1948.10 0.000307333
1949.06 0.000289213
1950.03 0.000155853
1950.99 0.000113623
1951.96 0.000202053
1952.92 0.000216453
1953.89 0.000173643
1954.85 8.12327e-05
1955.81 7.64825e-05
1956.78 0.000113483
1957.74 9.59425e-05
1958.71 7.83629e-05
1959.67 0.000212152
1960.64 0.000263412
1961.60 0.000226293
1962.57 0.000202713
1963.53 0.000146913
1964.49 0.000158133
1965.46 0.000117263
1966.42 0.000169103
1967.39 0.000253763
1968.35 0.000205373
1969.32 8.42526e-05
1970.28 0.000219733
1971.25 0.000290403
1972.21 0.000115172
1973.17 0.000115333
1974.14 0.000217233
1975.10 0.000311863
1976.07 0.000300603
1977.03 0.000185322
1978.00 0.000160793
1978.96 0.000125613
1979.92 0.000143653
1980.89 0.000177663
1981.85 0.000206763
1982.82 0.000249283
1983.78 8.58228e-05
1984.75 0.000107813
1985.71 0.000190553
1986.68 0.000111353
1987.64 0.000133123
1988.60 0.000194443
1989.57 0.000193483
1990.53 0.000127063
1991.50 6.46128e-05
1992.46 9.23527e-05
1993.43 6.59027e-05
1994.39 0.000118213
1995.36 0.000187112
1996.32 0.000128823
1997.28 8.12327e-05
1998.25 0.000125163
1999.21 0.000147893
2000.18 0.000134633
2001.14 6.02328e-05
2002.11 4.34425e-05
2003.07 9.64929e-05
2004.04 0.000131843
2005.00 0.000204212
2005.96 0.000291153
2006.93 0.000297963
2007.89 0.000134943
2008.86 6.94827e-05
2009.82 6.55926e-05
2010.79 7.93426e-05
2011.75 0.000160483
2012.71 0.000182123
2013.68 0.000204913
2014.64 0.000278273
2015.61 0.000231463
2016.57 0.000155093
2017.54 0.000175013
2018.50 8.21925e-05
2019.47 -4.45573e-05
2020.43 7.11828e-05
2021.39 0.000263923
2022.36 0.000222443
2023.32 9.48026e-05
2024.29 0.000117743
2025.25 7.23829e-05
2026.22 5.83525e-05
2027.18 0.000110853
2028.15 2.05128e-05
2029.11 -7.37142e-07
2030.07 0.000164003
2031.04 0.000239972
2032.00 0.000145603
2032.97 9.79225e-05
2033.93 2.06628e-05
2034.90 2.77925e-05
2035.86 5.22425e-05
2036.82 3.16277e-06
2037.79 7.01025e-05
2038.75 4.42625e-05
2039.72 5.71329e-05
2040.68 0.000133213
2041.65 0.000116293
2042.61 -4.51775e-05
2043.58 2.29827e-05
2044.54 0.000171822
2045.50 5.32628e-05
2046.47 3.16729e-05
2047.43 5.80326e-05
2048.40 0.000117713
2049.36 0.000219013
2050.33 0.000236143
2051.29 0.000166043
2052.26 4.29428e-05
2053.22 3.34927e-05
2054.18 4.97228e-05
2055.15 -2.04574e-05
2056.11 -2.88575e-05
2057.08 7.49249e-06
2058.04 6.58026e-05
2059.01 8.23527e-05
2059.97 3.60329e-05
2060.94 0.000126993
2061.90 0.000238613
2062.86 0.000194403
2063.83 0.000121163
2064.79 0.000248923
2065.76 0.000458373
2066.72 -9.47574e-05
2067.69 -0.000216557
2068.65 0.000178133
2069.61 0.000130473
2070.58 0.000120863
2071.54 7.83228e-05
2072.51 -2.92971e-05
2073.47 4.75128e-05
2074.44 0.000174293
2075.40 7.72225e-05
2076.37 8.75127e-05
2077.33 0.000100813
2078.29 0.000118183
2079.26 0.000127873
2080.22 1.75126e-05
2081.19 1.14827e-05
2082.15 8.01827e-05
2083.12 0.000152033
2084.08 0.000181043
2085.05 9.49125e-05
2086.01 0.000184683
2086.97 0.000273513
2087.94 0.000195213
2088.90 0.000151463
2089.87 0.000112653
2090.83 0.000192013
2091.80 0.000189323
2092.76 0.000153522
2093.72 0.000176383
2094.69 0.000147753
2095.65 0.000101013
2096.62 8.12826e-05
2097.58 0.000136713
2098.55 0.000109503
2099.51 8.96528e-05
2100.48 9.28026e-05
2101.44 0.000100303
2102.40 0.000227842
2103.37 0.000277453
2104.33 0.000193662
2105.30 0.000164003
2106.26 0.000167753
2107.23 0.000172953
2108.19 0.000217712
2109.16 0.000139683
2110.12 0.000130983
2111.08 0.000185233
2112.05 0.000123773
2113.01 0.000178323
2113.98 0.000176283
2114.94 0.000151643
2115.91 0.000161843
2116.87 0.000208513
2117.83 0.000317023
2118.80 0.000353273
2119.76 0.000410873
2120.73 0.000286733
2121.69 0.000142002
2122.66 0.000156112
2123.62 9.45628e-05
2124.59 7.67726e-05
2125.55 0.000148353
2126.51 0.000151633
2127.48 0.000199873
2128.44 0.000302593
2129.41 0.000306293
2130.37 0.000278313
2131.34 0.000304183
2132.30 0.000295973
2133.27 0.000251793
2134.23 0.000146773
2135.19 0.000132913
2136.16 0.000231243
2137.12 0.000259703
2138.09 0.000230413
2139.05 0.000221053
2140.02 0.000216103
2140.98 0.000221383
2141.95 0.000104143
2142.91 0.000292463
2143.87 0.000452053
2144.84 0.000261943
2145.80 0.000241313
2146.77 0.000219143
2147.73 0.000324693
2148.70 0.000333243
2149.66 0.000245033
2150.62 0.000242323
2151.59 0.000241883
2152.55 0.000205813
2153.52 0.000243853
2154.48 0.000303173
2155.45 0.000239513
2156.41 0.000219853
2157.38 0.000212413
2158.34 0.000181163
2159.30 0.000260483
2160.27 0.000334763
2161.23 0.000366983
2162.20 0.000403453
2163.16 0.000323383
2164.13 0.000296813
2165.09 0.000275593
2166.06 0.000300863
2167.02 0.000376833
2167.98 0.000375883
2168.95 0.000397373
2169.91 0.000419703
2170.88 0.000346563
2171.84 0.000295413
2172.81 0.000395133
2173.77 0.000382483
2174.73 0.000342673
2175.70 0.000407482
2176.66 0.000403543
2177.63 0.000363403
2178.59 0.000435373
2179.56 0.000473883
2180.52 0.000453213
2181.49 0.000405203
2182.45 0.000312913
2183.41 0.000257513
2184.38 0.000222923
2185.34 0.000233913
2186.31 0.000299083
2187.27 0.000365853
2188.24 0.000371753
2189.20 0.000357303
2190.17 0.000364953
2191.13 0.000374743
2192.09 0.000354983
2193.06 0.000369273
2194.02 0.000407493
2194.99 0.000415223
2195.95 0.000453633
2196.92 0.000476643
2197.88 0.000497013
2198.84 0.000559103
2199.81 0.000510133
2200.77 0.000384793
2201.74 0.000367423
2202.70 0.000371993
2203.67 0.000336403
2204.63 0.000426213
2205.60 0.000499072
2206.56 0.000494383
2207.52 0.000496543
2208.49 0.000429013
2209.45 0.000429132
2210.42 0.000351423
2211.38 0.000267413
2212.35 0.000314743
2213.31 0.000399233
2214.28 0.000423703
2215.24 0.000333103
2216.20 0.000333893
2217.17 0.000339893
2218.13 0.000350743
2219.10 0.000346583
2220.06 0.000323993
2221.03 0.000397083
2221.99 0.000486873
2222.96 0.000528492
2223.92 0.000502403
2224.88 0.000458563
2225.85 0.000406263
2226.81 0.000379083
2227.78 0.000311373
2228.74 0.000304133
2229.71 0.000415232
2230.67 0.000471513
2231.63 0.000560413
2232.60 0.000612643
2233.56 0.000561872
2234.53 0.000583993
2235.49 0.000611433
2236.46 0.000500183
2237.42 0.000425203
2238.39 0.000433892
2239.35 0.000461783
2240.31 0.000523963
2241.28 0.000466673
2242.24 0.000447353
2243.21 0.000479673
2244.17 0.000359143
2245.14 0.000373293
2246.10 0.000431153
2247.07 0.000405393
2248.03 0.000520153
2248.99 0.000523153
2249.96 0.000475813
2250.92 0.000503043
2251.89 0.000518203
2252.85 0.000458253
2253.82 0.000415413
2254.78 0.000455643
2255.74 0.000424193
2256.71 0.000399313
2257.67 0.000387913
2258.64 0.000413543
2259.60 0.000376862
2260.57 0.000297673
2261.53 0.000396983
2262.50 0.000410553
2263.46 0.000405082
2264.42 0.000425393
2265.39 0.000439903
2266.35 0.000434923
2267.32 0.000415903
2268.28 0.000394943
2269.25 0.000257523
2270.21 0.000358643
2271.18 0.000512523
2272.14 0.000434593
2273.10 0.000450273
2274.07 0.000566583
2275.03 0.000538033
2276.00 0.000376523
2276.96 0.000334383
2277.93 0.000433503
2278.89 0.000374313
2279.86 0.000237393
2280.82 0.000334503
2281.78 0.000436243
2282.75 0.000423343
2283.71 0.000373353
2284.68 0.000326402
2285.64 0.000321763
2286.61 0.000397542
2287.57 0.000349103
2288.53 0.000137133
2289.50 0.000236703
2290.46 0.000344183
2291.43 0.000226373
2292.39 0.000252953
2293.36 0.000309173
2294.32 0.000361803
2295.29 0.000356973
2296.25 0.000329103
2297.21 0.000394152
2298.18 0.000488983
2299.14 0.000781193
2300.11 0.00110533
2301.07 0.00150431
2302.04 0.00208212
2303.00 0.00300182
2303.97 0.00409022
2304.93 0.00466912
2305.89 0.00477942
2306.86 0.00430092
2307.82 0.00364513
2308.79 0.00292948
2309.75 0.00228737
2310.72 0.00154388
2311.68 0.00107193
2312.65 0.000819543
2313.61 0.000587502
2314.57 0.000456323
2315.54 0.000187633
2316.50 0.000123153
2317.47 -0.000147627
2318.43 -0.000295757
2319.40 -0.000414977
2320.36 -0.000557147
2321.32 -0.000688677
2322.29 -0.000577847
2323.25 -0.000671997
2324.22 -0.000592977
2325.18 -0.000637497
2326.15 -0.000697667
2327.11 -0.000925537
2328.08 -0.00114092
2329.04 -0.00129911
2330.00 -0.00146837
2330.97 -0.00130999
2331.93 -0.00120827
2332.90 -0.00129148
2333.86 -0.00129970
2334.83 -0.00139737
2335.79 -0.00152043
2336.76 -0.00142081
2337.72 -0.00124587
2338.68 -0.00123270
2339.65 -0.00121306
2340.61 -0.00116690
2341.58 -0.00121594
2342.54 -0.00123779
2343.51 -0.00143348
2344.47 -0.00193598
2345.43 -0.00234440
2346.40 -0.00227702
2347.36 -0.00187069
2348.33 -0.00122949
2349.29 -0.000806557
2350.26 -0.000702967
2351.22 -0.000842097
2352.19 -0.00102694
2353.15 -0.00131030
2354.11 -0.00163865
2355.08 -0.00186762
2356.04 -0.00204161
2357.01 -0.00198193
2357.97 -0.00208345
2358.94 -0.00230803
2359.90 -0.00239298
2360.87 -0.00222428
2361.83 -0.00214958
2362.79 -0.00223222
2363.76 -0.00219455
2364.72 -0.00215018
2365.69 -0.00203572
2366.65 -0.00188194
2367.62 -0.00174420
2368.58 -0.00174700
2369.54 -0.00172666
2370.51 -0.00155583
2371.47 -0.00137733
2372.44 -0.00116004
2373.40 -0.000893287
2374.37 -0.000691887
2375.33 -0.000602567
2376.30 -0.000569017
2377.26 -0.000623667
2378.22 -0.000509607
2379.19 -0.000158897
2380.15 2.29329e-05
2381.12 0.000100363
2382.08 0.000125923
2383.05 0.000183643
2384.01 0.000132033
2384.98 -5.63171e-05
2385.94 -2.73772e-05
2386.90 7.86325e-05
2387.87 7.72625e-05
2388.83 0.000122653
2389.80 0.000187623
2390.76 0.000200983
2391.73 0.000230543
2392.69 0.000203253
2393.66 0.000167763
2394.62 0.000208773
2395.58 0.000252753
2396.55 0.000405213
2397.51 0.000448123
2398.48 0.000290453
2399.44 0.000257733
2400.41 0.000271013
2401.37 0.000200373
2402.33 0.000163783
2403.30 0.000159633
2404.26 0.000166033
2405.23 0.000233873
2406.19 0.000220503
2407.16 0.000146192
2408.12 0.000238223
2409.09 0.000316093
2410.05 0.000211423
2411.01 0.000137893
2411.98 9.37227e-05
2412.94 -6.82571e-05
2413.91 2.71248e-06
2414.87 0.000185843
2415.84 0.000171433
2416.80 0.000198573
2417.77 0.000256013
2418.73 0.000178923
2419.69 0.000142113
2420.66 0.000251923
2421.62 0.000280593
2422.59 0.000191913
2423.55 0.000195743
2424.52 0.000181783
2425.48 6.93426e-05
2426.44 6.83325e-05
2427.41 3.10126e-05
2428.37 4.41526e-05
2429.34 8.92929e-05
2430.30 6.99628e-05
2431.27 0.000126683
2432.23 9.86326e-05
2433.20 0.000118562
2434.16 7.59326e-05
2435.12 3.47327e-05
2436.09 0.000104283
2437.05 -4.97326e-07
2438.02 -9.84175e-05
2438.98 8.79727e-05
2439.95 0.000227483
2440.91 0.000109143
2441.88 8.09729e-05
2442.84 0.000231473
2443.80 0.000259303
2444.77 0.000138613
2445.73 3.37125e-05
2446.70 9.45292e-06
2447.66 9.78326e-05
2448.63 0.000132823
2449.59 8.83229e-05
2450.55 5.65266e-06
2451.52 -2.90871e-05
2452.48 3.96925e-05
2453.45 0.000122853
2454.41 9.08328e-05
2455.38 4.59929e-05
2456.34 7.85529e-05
2457.31 9.63826e-05
2458.27 0.000103843
2459.23 6.10026e-05
2460.20 0.000163243
2461.16 0.000193413
2462.13 6.14529e-05
2463.09 -6.04708e-06
2464.06 5.18425e-05
2465.02 7.94227e-05
2465.99 5.42826e-05
2466.95 7.67326e-05
2467.91 -4.26574e-05
2468.88 -9.97074e-05
2469.84 4.35128e-05
2470.81 9.00328e-05
2471.77 -2.70274e-05
2472.74 -4.73717e-06
2473.70 0.000132843
2474.67 9.01828e-05
2475.63 0.000104343
2476.59 0.000186643
2477.56 0.000143773
2478.52 0.000195553
2479.49 0.000251943
2480.45 0.000169323
2481.42 0.000103743
2482.38 9.35327e-05
2483.34 5.49527e-05
2484.31 7.12527e-05
2485.27 7.34329e-05
2486.24 7.63228e-05
2487.20 0.000135903
2488.17 0.000162963
2489.13 8.29226e-05
2490.10 2.52626e-05
2491.06 7.19028e-05
2492.02 3.46829e-05
2492.99 -3.52073e-05
2493.95 -8.45371e-05
2494.92 -0.000137137
2495.88 -0.000148997
2496.85 -0.000138748
2497.81 -8.03671e-05
2498.78 -5.71073e-05
2499.74 -3.57172e-05
2500.70 4.26527e-05
2501.67 2.80282e-06
2502.63 -7.24671e-05
2503.60 -2.19075e-05
2504.56 8.91276e-06
2505.53 1.56327e-05
2506.49 3.51225e-05
2507.45 8.73255e-06
2508.42 -7.25673e-05
2509.38 -3.88771e-05
2510.35 2.37725e-05
2511.31 2.31527e-05
2512.28 6.92327e-05
2513.24 4.64027e-05
2514.21 7.39926e-05
2515.17 8.63029e-05
2516.13 -5.92074e-05
2517.10 -8.74172e-05
2518.06 1.30292e-06
2519.03 -4.57745e-06
2519.99 -4.67473e-05
2520.96 2.74829e-05
2521.92 -0.000115167
2522.89 -0.000255227
2523.85 -0.000184437
2524.81 -0.000173987
2525.78 -0.000207427
2526.74 -0.000145897
2527.71 -0.000151987
2528.67 -0.000147908
2529.64 -6.50375e-05
2530.60 -6.45774e-05
2531.56 2.15028e-05
2532.53 3.00827e-05
2533.49 -8.82274e-05
2534.46 -0.000186117
2535.42 -0.000111587
2536.39 -6.76173e-05
2537.35 -0.000131747
2538.32 -5.45573e-05
2539.28 3.07728e-05
2540.24 1.35028e-05
2541.21 -5.73271e-05
2542.17 -0.000116547
2543.14 -5.09974e-05
2544.10 -6.19171e-05
2545.07 -0.000164988
2546.03 -0.000148467
2547.00 -0.000128787
2547.96 -0.000200097
2548.92 -0.000225867
2549.89 -0.000230758
2550.85 -0.000265387
2551.82 -0.000153707
2552.78 -2.87672e-05
2553.75 -6.53672e-05
2554.71 -0.000116417
2555.68 -5.85872e-05
2556.64 2.25129e-05
2557.60 1.80528e-05
2558.57 -8.00374e-05
2559.53 -9.92073e-05
2560.50 -0.000118427
2561.46 -7.87475e-05
2562.43 3.54727e-05
2563.39 -2.73571e-05
2564.35 -5.50975e-05
2565.32 4.91226e-05
2566.28 6.61025e-05
2567.25 -6.30575e-05
2568.21 -0.000140707
2569.18 -0.000114847
2570.14 -0.000148697
2571.11 -0.000212537
2572.07 -0.000192727
2573.03 -0.000113907
2574.00 -7.89375e-05
2574.96 -0.000207047
2575.93 -0.000221447
2576.89 -8.96575e-05
2577.86 -9.34172e-05
2578.82 -0.000193017
2579.79 -0.000265497
2580.75 -0.000222937
2581.71 -0.000199827
2582.68 -0.000110497
2583.64 -5.13373e-05
2584.61 -0.000179507
2585.57 -0.000162407
2586.54 -8.06372e-05
2587.50 -0.000142517
2588.46 -0.000251157
2589.43 -0.000225467
2590.39 -0.000131798
2591.36 -0.000268607
2592.32 -0.000306397
2593.29 -0.000360287
2594.25 -0.000352727
2595.22 -0.000176437
2596.18 -3.38275e-05
2597.14 7.13626e-05
2598.11 -6.63274e-05
2599.07 -0.000161367
2600.04 -7.56974e-05
2601.00 -0.000139137
2601.97 -0.000297787
2602.93 -0.000436897
2603.90 -0.000436767
2604.86 -0.000218557
2605.82 -0.000181627
2606.79 -0.000217757
2607.75 -0.000181627
2608.72 -0.000246077
2609.68 -0.000230247
2610.65 -0.000165897
2611.61 -0.000208287
2612.58 -0.000250507
2613.54 -0.000191367
2614.50 -0.000152207
2615.47 -0.000183327
2616.43 -0.000150917
2617.40 -0.000178517
2618.36 -0.000115227
2619.33 -0.000121377
2620.29 -0.000151857
2621.25 -7.01072e-05
2622.22 -0.000138437
2623.18 -0.000217848
2624.15 -0.000222377
2625.11 -0.000150427
2626.08 -0.000124487
2627.04 -0.000226988
2628.01 -0.000263847
2628.97 -0.000210067
2629.93 -0.000276957
2630.90 -0.000308997
2631.86 -0.000231147
2632.83 -0.000145437
2633.79 -0.000115987
2634.76 -0.000241098
2635.72 -0.000263747
2636.69 -0.000265187
2637.65 -0.000205217
2638.61 -0.000150417
2639.58 -0.000220507
2640.54 -0.000277497
2641.51 -0.000324407
2642.47 -0.000277057
2643.44 -0.000227877
2644.40 -0.000169127
2645.36 -0.000123787
2646.33 -0.000158777
2647.29 -0.000231187
2648.26 -0.000292297
2649.22 -0.000227887
2650.19 -0.000306487
2651.15 -0.000443807
2652.12 -0.000422897
2653.08 -0.000453007
2654.04 -0.000411637
2655.01 -0.000338157
2655.97 -0.000406297
2656.94 -0.000368867
2657.90 -0.000291147
2658.87 -0.000372897
2659.83 -0.000354437
2660.80 -0.000207267
2661.76 -0.000265697
2662.72 -0.000298637
2663.69 -0.000105287
2664.65 -0.000130857
2665.62 -0.000196147
2666.58 -0.000185727
2667.55 -0.000316767
2668.51 -0.000309877
2669.48 -0.000336487
2670.44 -0.000419177
2671.40 -0.000355837
2672.37 -0.000264447
2673.33 -0.000214247
2674.30 -0.000201107
2675.26 -0.000193037
2676.23 -0.000283187
2677.19 -0.000322537
2678.15 -0.000306897
2679.12 -0.000389217
2680.08 -0.000399827
2681.05 -0.000367357
2682.01 -0.000375747
2682.98 -0.000359647
2683.94 -0.000292137
2684.91 -0.000212787
2685.87 -0.000225987
2686.83 -0.000300257
2687.80 -0.000283937
2688.76 -0.000261887
2689.73 -0.000282827
2690.69 -0.000282107
2691.66 -0.000303397
2692.62 -0.000337258
2693.59 -0.000311777
2694.55 -0.000348257
2695.51 -0.000408257
2696.48 -0.000347647
2697.44 -0.000290568
2698.41 -0.000316417
2699.37 -0.000304077
2700.34 -0.000305537
2701.30 -0.000343277
2702.26 -0.000325477
2703.23 -0.000284937
2704.19 -0.000256247
2705.16 -0.000354307
2706.12 -0.000339627
2707.09 -0.000356367
2708.05 -0.000460417
2709.02 -0.000369417
2709.98 -0.000416567
2710.94 -0.000427917
2711.91 -0.000280357
2712.87 -0.000252457
2713.84 -0.000261867
2714.80 -0.000234807
2715.77 -0.000225837
2716.73 -0.000288817
2717.70 -0.000423667
2718.66 -0.000454227
2719.62 -0.000443067
2720.59 -0.000335717
2721.55 -0.000214137
2722.52 -0.000342507
2723.48 -0.000353137
2724.45 -0.000360717
2725.41 -0.000418528
2726.38 -0.000486657
2727.34 -0.000491058
2728.30 -0.000321647
2729.27 -0.000360017
2730.23 -0.000369357
2731.20 -0.000398947
2732.16 -0.000474758
2733.13 -0.000427097
2734.09 -0.000440117
2735.05 -0.000446467
2736.02 -0.000385607
2736.98 -0.000273278
2737.95 -0.000290197
2738.91 -0.000444387
2739.88 -0.000434067
2740.84 -0.000317277
2741.81 -0.000281237
2742.77 -0.000394737
2743.73 -0.000514257
2744.70 -0.000297467
2745.66 -0.000105057
2746.63 -0.000268577
2747.59 -0.000464787
2748.56 -0.000403897
2749.52 -0.000329577
2750.49 -0.000382237
2751.45 -0.000344327
2752.41 -0.000328037
2753.38 -0.000417227
2754.34 -0.000404157
2755.31 -0.000457297
2756.27 -0.000483898
2757.24 -0.000406197
2758.20 -0.000369357
2759.16 -0.000225297
2760.13 -0.000240577
2761.09 -0.000383517
2762.06 -0.000331027
2763.02 -0.000387797
2763.99 -0.000481887
2764.95 -0.000387867
2765.92 -0.000375967
2766.88 -0.000396177
2767.84 -0.000320347
2768.81 -0.000368277
2769.77 -0.000310647
2770.74 -0.000232338
2771.70 -0.000383507
2772.67 -0.000409337
2773.63 -0.000448687
2774.60 -0.000519957
2775.56 -0.000412467
2776.52 -0.000358847
2777.49 -0.000500637
2778.45 -0.000515287
2779.42 -0.000360307
2780.38 -0.000299067
2781.35 -0.000332898
2782.31 -0.000421017
2783.27 -0.000414157
2784.24 -0.000398058
2785.20 -0.000490837
2786.17 -0.000583767
2787.13 -0.000478237
2788.10 -0.000344277
2789.06 -0.000266777
2790.03 -0.000217677
2790.99 -0.000361827
2791.95 -0.000360577
2792.92 -0.000251947
2793.88 -0.000223557
2794.85 -0.000301337
2795.81 -0.000353987
2796.78 -0.000304827
2797.74 -0.000303197
2798.71 -0.000332177
2799.67 -0.000398817
2800.63 -0.000324007
2801.60 -0.000268947
2802.56 -0.000511318
2803.53 -0.000578807
2804.49 -0.000507727
2805.46 -0.000420817
2806.42 -0.000343477
2807.39 -0.000385247
2808.35 -0.000309177
2809.31 -0.000345417
2810.28 -0.000409677
2811.24 -0.000287897
2812.21 -0.000359047
2813.17 -0.000437547
2814.14 -0.000432677
2815.10 -0.000504657
2816.06 -0.000424447
2817.03 -0.000333107
2817.99 -0.000261877
2818.96 -0.000312297
2819.92 -0.000433987
2820.89 -0.000461517
2821.85 -0.000467427
2822.82 -0.000446827
2823.78 -0.000518237
2824.74 -0.000596168
2825.71 -0.000469767
2826.67 -0.000354757
2827.64 -0.000355297
2828.60 -0.000335937
2829.57 -0.000279787
2830.53 -0.000381917
2831.50 -0.000276847
2832.46 -0.000156547
2833.42 -0.000390937
2834.39 -0.000454887
2835.35 -0.000545697
2836.32 -0.000559357
2837.28 -0.000554028
2838.25 -0.000561437
2839.21 -0.000473997
2840.17 -0.000515197
2841.14 -0.000475487
2842.10 -0.000561207
2843.07 -0.000609927
2844.03 -0.000433697
2845.00 -0.000325567
2845.96 -0.000321347
2846.93 -0.000287947
2847.89 -0.000327227
2848.85 -0.000281297
2849.82 -0.000222987
2850.78 -0.000208737
2851.75 -0.000155737
2852.71 -0.000188207
2853.68 -0.000270898
2854.64 -0.000322487
2855.61 -0.000293807
2856.57 -0.000301527
2857.53 -0.000132408
2858.50 -0.000145817
2859.46 -0.000397577
2860.43 -0.000531557
2861.39 -0.000484017
2862.36 -0.000372967
2863.32 -0.000308607
2864.28 -0.000319227
2865.25 -0.000354677
2866.21 -0.000326118
2867.18 -0.000379487
2868.14 -0.000404827
2869.11 -0.000330697
2870.07 -0.000308087
2871.04 -0.000473587
2872.00 -0.000636987
2872.96 -0.000588177
2873.93 -0.000456207
2874.89 -0.000378007
2875.86 -0.000377487
2876.82 -0.000415787
2877.79 -0.000353437
2878.75 -0.000334377
2879.72 -0.000496797
2880.68 -0.000454487
2881.64 -0.000321377
2882.61 -0.000398577
2883.57 -0.000323917
2884.54 -0.000132157
2885.50 -0.000211237
2886.47 -0.000408417
2887.43 -0.000430867
2888.40 -0.000437357
2889.36 -0.000495147
2890.32 -0.000491667
2891.29 -0.000369577
2892.25 -0.000363288
2893.22 -0.000454898
2894.18 -0.000322247
2895.15 -0.000304507
2896.11 -0.000379588
2897.07 -0.000405598
2898.04 -0.000386167
2899.00 -0.000350187
2899.97 -0.000367297
2900.93 -0.000341537
2901.90 -0.000323847
2902.86 -0.000306407
2903.83 -0.000376507
2904.79 -0.000283297
2905.75 -0.000272688
2906.72 -0.000321307
2907.68 -0.000244997
2908.65 -0.000248067
2909.61 -0.000331717
2910.58 -0.000537817
2911.54 -0.000517497
2912.51 -0.000375887
2913.47 -0.000372797
2914.43 -0.000411727
2915.40 -0.000378477
2916.36 -0.000368007
2917.33 -0.000452577
2918.29 -0.000329887
2919.26 -0.000152977
2920.22 -0.000268527
2921.18 -0.000272957
2922.15 -0.000178127
2923.11 -5.88973e-05
2924.08 8.12579e-07
2925.04 3.44329e-05
2926.01 0.000137103
2926.97 6.98329e-05
2927.94 -0.000108517
2928.90 -0.000189917
2929.86 -0.000159997
2930.83 -0.000140197
2931.79 -0.000154947
2932.76 -0.000216027
2933.72 -0.000266118
2934.69 -0.000224697
2935.65 -0.000120177
2936.62 -0.000182927
2937.58 -0.000258327
2938.54 -0.000234318
2939.51 -9.01772e-05
2940.47 -7.44374e-05
2941.44 -0.000215807
2942.40 -0.000314767
2943.37 -0.000316827
2944.33 -0.000306057
2945.30 -0.000377777
2946.26 -0.000487737
2947.22 -0.000454717
2948.19 -0.000270447
2949.15 -0.000277417
2950.12 -0.000283847
2951.08 -0.000299137
2952.05 -0.000251587
2953.01 4.80525e-05
2953.97 1.70227e-05
2954.94 -0.000237787
2955.90 -0.000313147
2956.87 -0.000295547
2957.83 2.24425e-05
2958.80 0.000164603
2959.76 1.06264e-06
2960.73 -8.86773e-05
2961.69 -2.70735e-06
2962.65 4.14229e-05
2963.62 -5.47771e-05
2964.58 -0.000203347
2965.55 -0.000279817
2966.51 -0.000104397
2967.48 5.95525e-05
2968.44 8.57529e-05
2969.41 8.68826e-05
2970.37 -5.65173e-05
2971.33 -0.000148937
2972.30 -3.51071e-05
2973.26 -0.000144967
2974.23 -0.000243677
2975.19 -0.000214707
2976.16 -0.000204167
2977.12 -0.000211157
2978.08 -0.000292187
2979.05 -0.000345697
2980.01 -0.000200457
2980.98 -3.84874e-05
2981.94 -2.42274e-05
2982.91 6.00126e-05
2983.87 0.000175633
2984.84 0.000116163
2985.80 -2.08672e-05
2986.76 -5.86272e-05
2987.73 -8.06772e-05
2988.69 1.62926e-05
2989.66 8.15629e-05
2990.62 -5.13974e-05
2991.59 -0.000162447
2992.55 -3.57474e-05
2993.52 -2.54274e-05
2994.48 -0.000128327
2995.44 -8.79872e-05
2996.41 -0.000142617
2997.37 -7.33873e-05
2998.34 -2.62773e-05
2999.30 -4.54173e-05
3000.27 -6.30575e-05
3001.23 -3.00575e-05
3002.20 0.000103993
3003.16 0.000230432
3004.12 0.000283443
3005.09 4.88325e-05
3006.05 -9.01273e-05
3007.02 0.000102872
3007.98 0.000111413
3008.95 -5.00726e-06
3009.91 0.000121953
3010.87 0.000230323
3011.84 0.000113383
3012.80 2.06227e-05
3013.77 0.000131023
3014.73 0.000279553
3015.70 0.000271663
3016.66 0.000216043
3017.63 0.000221303
3018.59 0.000338653
3019.55 0.000369603
3020.52 0.000180942
3021.48 0.000134062
3022.45 0.000211393
3023.41 0.000138013
3024.38 0.000179923
3025.34 0.000323783
3026.31 0.000229453
3027.27 0.000306273
3028.23 0.000366533
3029.20 0.000217103
3030.16 0.000191563
3031.13 0.000419543
3032.09 0.000502293
3033.06 0.000384143
3034.02 0.000620583
3034.98 0.000700753
3035.95 0.000564103
3036.91 0.000489453
3037.88 0.000539253
3038.84 0.000712453
3039.81 0.000465433
3040.77 0.000271873
3041.74 0.000551953
3042.70 0.000644593
3043.66 0.000536633
3044.63 0.000649482
3045.59 0.000645373
3046.56 0.000686223
3047.52 0.000721043
3048.49 0.000572863
3049.45 0.000751823
3050.42 0.000760203
3051.38 0.000622773
3052.34 0.000831953
3053.31 0.000993223
3054.27 0.00122167
3055.24 0.00117420
3056.20 0.000940643
3057.17 0.000970763
3058.13 0.00101159
3059.09 0.00115635
3060.06 0.00125527
3061.02 0.00130502
3061.99 0.00132734
3062.95 0.00136413
3063.92 0.00139265
3064.88 0.00141085
3065.85 0.00144537
3066.81 0.00158010
3067.77 0.00170860
3068.74 0.00166761
3069.70 0.00172470
3070.67 0.00173995
3071.63 0.00170548
3072.60 0.00176721
3073.56 0.00176671
3074.53 0.00206657
3075.49 0.00231715
3076.45 0.00220157
3077.42 0.00219478
3078.38 0.00224873
3079.35 0.00229020
3080.31 0.00244317
3081.28 0.00248049
3082.24 0.00260962
3083.21 0.00278453
3084.17 0.00272318
3085.13 0.00284296
3086.10 0.00292714
3087.06 0.00303513
3088.03 0.00318593
3088.99 0.00323631
3089.96 0.00359152
3090.92 0.00373563
3091.88 0.00377861
3092.85 0.00416912
3093.81 0.00422232
3094.78 0.00415952
3095.74 0.00421112
3096.71 0.00427652
3097.67 0.00449582
3098.64 0.00461732
3099.60 0.00465132
3100.56 0.00472072
3101.53 0.00476562
3102.49 0.00502272
3103.46 0.00523922
3104.42 0.00540622
3105.39 0.00561702
3106.35 0.00564382
3107.32 0.00578282
3108.28 0.00588962
3109.24 0.00603762
3110.21 0.00622252
3111.17 0.00624582
3112.14 0.00654822
3113.10 0.00673552
3114.07 0.00666222
3115.03 0.00676472
3115.99 0.00693182
3116.96 0.00723382
3117.92 0.00746192
3118.89 0.00763882
3119.85 0.00795322
3120.82 0.00792922
3121.78 0.00792092
3122.75 0.00808982
3123.71 0.00819072
3124.67 0.00848512
3125.64 0.00868032
3126.60 0.00887602
3127.57 0.00891242
3128.53 0.00883072
3129.50 0.00891922
3130.46 0.00918912
3131.43 0.00939152
3132.39 0.00960042
3133.35 0.00978782
3134.32 0.00985172
3135.28 0.00988152
3136.25 0.0100685
3137.21 0.0104114
3138.18 0.0104800
3139.14 0.0107055
3140.10 0.0109756
3141.07 0.0111058
3142.03 0.0111012
3143.00 0.0111583
3143.96 0.0115279
3144.93 0.0116192
3145.89 0.0117809
3146.86 0.0120676
3147.82 0.0122423
3148.78 0.0124023
3149.75 0.0123731
3150.71 0.0123339
3151.68 0.0126166
3152.64 0.0129271
3153.61 0.0128757
3154.57 0.0127859
3155.54 0.0129210
3156.50 0.0130928
3157.46 0.0132660
3158.43 0.0134971
3159.39 0.0136259
3160.36 0.0137113
3161.32 0.0138014
3162.29 0.0140887
3163.25 0.0143437
3164.22 0.0144477
3165.18 0.0143899
3166.14 0.0143956
3167.11 0.0145474
3168.07 0.0147069
3169.04 0.0148024
3170.00 0.0149716
3170.97 0.0151657
3171.93 0.0153054
3172.89 0.0154708
3173.86 0.0155189
3174.82 0.0157438
3175.79 0.0159574
3176.75 0.0158438
3177.72 0.0159158
3178.68 0.0160619
3179.65 0.0160646
3180.61 0.0161686
3181.57 0.0162635
3182.54 0.0163495
3183.50 0.0165213
3184.47 0.0166485
3185.43 0.0168031
3186.40 0.0169685
3187.36 0.0169314
3188.33 0.0168483
3189.29 0.0168903
3190.25 0.0170280
3191.22 0.0171648
3192.18 0.0172168
3193.15 0.0172264
3194.11 0.0173984
3195.08 0.0175180
3196.04 0.0172892
3197.00 0.0171809
3197.97 0.0172663
3198.93 0.0173357
3199.90 0.0176860
3200.86 0.0177812
3201.83 0.0177173
3202.79 0.0180199
3203.76 0.0180909
3204.72 0.0180540
3205.68 0.0182077
3206.65 0.0184322
3207.61 0.0183955
3208.58 0.0182591
3209.54 0.0183684
3210.51 0.0184130
3211.47 0.0183814
3212.44 0.0185719
3213.40 0.0185965
3214.36 0.0185161
3215.33 0.0186932
3216.29 0.0187810
3217.26 0.0187724
3218.22 0.0189427
3219.19 0.0190534
3220.15 0.0189945
3221.11 0.0190200
3222.08 0.0191149
3223.04 0.0192382
3224.01 0.0193558
3224.97 0.0194104
3225.94 0.0192385
3226.90 0.0193088
3227.87 0.0194690
3228.83 0.0194141
3229.79 0.0193561
3230.76 0.0197201
3231.72 0.0199176
3232.69 0.0198144
3233.65 0.0197611
3234.62 0.0196673
3235.58 0.0198790
3236.55 0.0200982
3237.51 0.0202359
3238.47 0.0204385
3239.44 0.0203476
3240.40 0.0201773
3241.37 0.0203609
3242.33 0.0206109
3243.30 0.0205639
3244.26 0.0204268
3245.23 0.0205630
3246.19 0.0206896
3247.15 0.0207968
3248.12 0.0206563
3249.08 0.0206887
3250.05 0.0207487
3251.01 0.0207416
3251.98 0.0208688
3252.94 0.0208168
3253.90 0.0208214
3254.87 0.0209964
3255.83 0.0209817
3256.80 0.0208722
3257.76 0.0207886
3258.73 0.0207423
3259.69 0.0206913
3260.66 0.0205858
3261.62 0.0204806
3262.58 0.0203084
3263.55 0.0206087
3264.51 0.0207022
3265.48 0.0203037
3266.44 0.0200285
3267.41 0.0201062
3268.37 0.0202474
3269.34 0.0200257
3270.30 0.0197117
3271.26 0.0197268
3272.23 0.0197753
3273.19 0.0196325
3274.16 0.0194871
3275.12 0.0193419
3276.09 0.0194597
3277.05 0.0194474
3278.02 0.0192219
3278.98 0.0190473
3279.94 0.0190080
3280.91 0.0189079
3281.87 0.0186942
3282.84 0.0185376
3283.80 0.0185077
3284.77 0.0183784
3285.73 0.0181094
3286.69 0.0180229
3287.66 0.0177807
3288.62 0.0178225
3289.59 0.0178971
3290.55 0.0176841
3291.52 0.0176900
3292.48 0.0174035
3293.45 0.0169052
3294.41 0.0168769
3295.37 0.0168419
3296.34 0.0167162
3297.30 0.0166106
3298.27 0.0166329
3299.23 0.0166237
3300.20 0.0163108
3301.16 0.0161270
3302.13 0.0161343
3303.09 0.0159282
3304.05 0.0158666
3305.02 0.0159325
3305.98 0.0157760
3306.95 0.0154616
3307.91 0.0151740
3308.88 0.0150085
3309.84 0.0149553
3310.80 0.0148881
3311.77 0.0147120
3312.73 0.0147142
3313.70 0.0145163
3314.66 0.0142525
3315.63 0.0140935
3316.59 0.0140700
3317.56 0.0140456
3318.52 0.0140897
3319.48 0.0138028
3320.45 0.0135549
3321.41 0.0137815
3322.38 0.0135189
3323.34 0.0130743
3324.31 0.0128555
3325.27 0.0129870
3326.24 0.0132007
3327.20 0.0132282
3328.16 0.0132814
3329.13 0.0129394
3330.09 0.0124986
3331.06 0.0124258
3332.02 0.0123353
3332.99 0.0123185
3333.95 0.0122723
3334.92 0.0121177
3335.88 0.0121324
3336.84 0.0121041
3337.81 0.0119566
3338.77 0.0121289
3339.74 0.0121902
3340.70 0.0119139
3341.67 0.0118740
3342.63 0.0118859
3343.59 0.0115982
3344.56 0.0113872
3345.52 0.0114130
3346.49 0.0114841
3347.45 0.0115265
3348.42 0.0114279
3349.38 0.0114217
3350.35 0.0114418
3351.31 0.0111583
3352.27 0.0110289
3353.24 0.0112145
3354.20 0.0110068
3355.17 0.0108790
3356.13 0.0109981
3357.10 0.0107008
3358.06 0.0104194
3359.03 0.0103668
3359.99 0.0103445
3360.95 0.0101742
3361.92 0.0100084
3362.88 0.00997832
3363.85 0.00986062
3364.81 0.00967402
3365.78 0.00966762
3366.74 0.00980832
3367.70 0.00971802
3368.67 0.00963662
3369.63 0.00977362
3370.60 0.00971042
3371.56 0.00959382
3372.53 0.00962722
3373.49 0.00961642
3374.46 0.00969022
3375.42 0.00967842
3376.38 0.00966412
3377.35 0.00980422
3378.31 0.00975222
3379.28 0.00960222
3380.24 0.00962682
3381.21 0.00971762
3382.17 0.00965342
3383.14 0.00951562
3384.10 0.00953182
3385.06 0.00961292
3386.03 0.00932212
3386.99 0.00929402
3387.96 0.00970192
3388.92 0.00959792
3389.89 0.00952552
3390.85 0.00938912
3391.81 0.00927072
3392.78 0.00934312
3393.74 0.00923642
3394.71 0.00907082
3395.67 0.00891342
3396.64 0.00884072
3397.60 0.00886542
3398.57 0.00883222
3399.53 0.00877262
3400.49 0.00875452
3401.46 0.00866922
3402.42 0.00872182
3403.39 0.00870562
3404.35 0.00856842
3405.32 0.00858222
3406.28 0.00865002
3407.25 0.00859202
3408.21 0.00863492
3409.17 0.00864702
3410.14 0.00839242
3411.10 0.00821382
3412.07 0.00812992
3413.03 0.00773052
3414.00 0.00742762
3414.96 0.00763942
3415.93 0.00792352
3416.89 0.00789842
3417.85 0.00763152
3418.82 0.00765262
3419.78 0.00773362
3420.75 0.00771022
3421.71 0.00753932
3422.68 0.00716622
3423.64 0.00722672
3424.60 0.00724202
3425.57 0.00718142
3426.53 0.00712402
3427.50 0.00686772
3428.46 0.00664542
3429.43 0.00652542
3430.39 0.00655272
3431.36 0.00659762
3432.32 0.00666912
3433.28 0.00661412
3434.25 0.00645602
3435.21 0.00635382
3436.18 0.00617122
3437.14 0.00606272
3438.11 0.00609442
3439.07 0.00600312
3440.04 0.00595062
3441.00 0.00614812
3441.96 0.00617592
3442.93 0.00614452
3443.89 0.00611862
3444.86 0.00594272
3445.82 0.00593662
3446.79 0.00583592
3447.75 0.00536592
3448.71 0.00519402
3449.68 0.00528472
3450.64 0.00504282
3451.61 0.00498732
3452.57 0.00517322
3453.54 0.00515442
3454.50 0.00502582
3455.47 0.00500572
3456.43 0.00482822
3457.39 0.00484672
3458.36 0.00499022
3459.32 0.00485412
3460.29 0.00490002
3461.25 0.00485242
3462.22 0.00462072
3463.18 0.00466542
3464.15 0.00469002
3465.11 0.00445292
3466.07 0.00439442
3467.04 0.00436492
3468.00 0.00438092
3468.97 0.00449212
3469.93 0.00457952
3470.90 0.00429412
3471.86 0.00396272
3472.82 0.00407442
3473.79 0.00402292
3474.75 0.00391512
3475.72 0.00387312
3476.68 0.00379521
3477.65 0.00381993
3478.61 0.00374740
3479.58 0.00353303
3480.54 0.00347709
3481.50 0.00360101
3482.47 0.00378698
3483.43 0.00373134
3484.40 0.00349825
3485.36 0.00332891
3486.33 0.00315042
3487.29 0.00305482
3488.26 0.00291703
3489.22 0.00277377
3490.18 0.00285974
3491.15 0.00275774
3492.11 0.00262842
3493.08 0.00267589
3494.04 0.00251687
3495.01 0.00225756
3495.97 0.00233052
3496.94 0.00252725
3497.90 0.00242958
3498.86 0.00239237
3499.83 0.00237315
3500.79 0.00229785
3501.76 0.00204475
3502.72 0.00177855
3503.69 0.00196454
3504.65 0.00215587
3505.61 0.00208516
3506.58 0.00196246
3507.54 0.00193304
3508.51 0.00178343
3509.47 0.00172636
3510.44 0.00195545
3511.40 0.00190295
3512.37 0.00167444
3513.33 0.00154640
3514.29 0.00156546
3515.26 0.00183365
3516.22 0.00187700
3517.19 0.00172729
3518.15 0.00149492
3519.12 0.00120231
3520.08 0.00128434
3521.05 0.00147941
3522.01 0.00143081
3522.97 0.00133239
3523.94 0.00147189
3524.90 0.00147165
3525.87 0.00140666
3526.83 0.00136136
3527.80 0.00115551
3528.76 0.00117633
3529.72 0.00123356
3530.69 0.00121366
3531.65 0.00117762
3532.62 0.00112220
3533.58 0.00131457
3534.55 0.00137095
3535.51 0.00141859
3536.48 0.00150532
3537.44 0.00141042
3538.40 0.00141325
3539.37 0.00148416
3540.33 0.00156050
3541.30 0.00156148
3542.26 0.00143119
3543.23 0.00127395
3544.19 0.00151682
3545.16 0.00173497
3546.12 0.00149645
3547.08 0.00141104
3548.05 0.00140149
3549.01 0.00134997
3549.98 0.00141389
3550.94 0.00146550
3551.91 0.00168118
3552.87 0.00173136
3553.83 0.00168951
3554.80 0.00165984
3555.76 0.00162935
3556.73 0.00183119
3557.69 0.00196458
3558.66 0.00221082
3559.62 0.00220884
3560.59 0.00185306
3561.55 0.00169525
3562.51 0.00180673
3563.48 0.00180099
3564.44 0.00168910
3565.41 0.00172137
3566.37 0.00184196
3567.34 0.00183090
3568.30 0.00171390
3569.27 0.00174225
3570.23 0.00159273
3571.19 0.00156246
3572.16 0.00193526
3573.12 0.00210286
3574.09 0.00179857
3575.05 0.00179475
3576.02 0.00189879
3576.98 0.00191232
3577.95 0.00207594
3578.91 0.00183531
3579.87 0.00161913
3580.84 0.00178700
3581.80 0.00191621
3582.77 0.00191085
3583.73 0.00203764
3584.70 0.00197588
3585.66 0.00166702
3586.62 0.00184231
3587.59 0.00214660
3588.55 0.00189052
3589.52 0.00167144
3590.48 0.00163965
3591.45 0.00169650
3592.41 0.00162473
3593.38 0.00135749
3594.34 0.00139181
3595.30 0.00155543
3596.27 0.00174711
3597.23 0.00163875
3598.20 0.00151425
3599.16 0.00171022
3600.13 0.00186571
3601.09 0.00199378
3602.06 0.00170513
3603.02 0.00146105
3603.98 0.00150183
3604.95 0.00145939
3605.91 0.00171941
3606.88 0.00192746
3607.84 0.00170107
3608.81 0.00155880
3609.77 0.00161864
3610.74 0.00162872
3611.70 0.00154609
3612.66 0.00144261
3613.63 0.00153775
3614.59 0.00162181
3615.56 0.00156019
3616.52 0.00153853
3617.49 0.00146439
3618.45 0.00137640
3619.41 0.00143017
3620.38 0.00155059
3621.34 0.00153133
3622.31 0.00152142
3623.27 0.00157483
3624.24 0.00139222
3625.20 0.00132296
3626.17 0.00136889
3627.13 0.00146412
3628.09 0.00166188
3629.06 0.00160767
3630.02 0.00151186
3630.99 0.00154824
3631.95 0.00172967
3632.92 0.00146922
3633.88 0.00120244
3634.85 0.00116318
3635.81 0.00122261
3636.77 0.00131767
3637.74 0.00117317
3638.70 0.00125088
3639.67 0.00153736
3640.63 0.00159950
3641.60 0.00158145
3642.56 0.00185935
3643.52 0.00176319
3644.49 0.00136487
3645.45 0.00117851
3646.42 0.00113312
3647.38 0.00104841
3648.35 0.00114651
3649.31 0.00150270
3650.28 0.00148282
3651.24 0.00137523
3652.20 0.00150622
3653.17 0.00138105
3654.13 0.00108373
3655.10 0.000954883
3656.06 0.00105199
3657.03 0.00129957
3657.99 0.00136610
3658.96 0.00126734
3659.92 0.00128245
3660.88 0.00119832
3661.85 0.000950333
3662.81 0.000709783
3663.78 0.000704033
3664.74 0.000553733
3665.71 0.000337253
3666.67 0.000487533
3667.64 0.000469663
3668.60 0.000342043
3669.56 0.000282273
3670.53 7.53826e-05
3671.49 4.32925e-05
3672.46 -6.80871e-05
3673.42 -0.000388967
3674.39 -0.000432607
3675.35 -0.000547497
3676.31 -0.000766217
3677.28 -0.000806477
3678.24 -0.000953777
3679.21 -0.00126101
3680.17 -0.00149381
3681.14 -0.00184867
3682.10 -0.00236373
3683.07 -0.00274889
3684.03 -0.00288197
3684.99 -0.00314529
3685.96 -0.00372104
3686.92 -0.00396111
3687.89 -0.00395593
3688.85 -0.00390195
3689.82 -0.00382582
3690.78 -0.00367030
3691.75 -0.00326710
3692.71 -0.00272337
3693.67 -0.00213086
3694.64 -0.00167738
3695.60 -0.00159346
3696.57 -0.00131544
3697.53 -0.000918437
3698.50 -0.000699627
3699.46 -0.000380368
3700.42 -5.71371e-05
3701.39 0.000110063
3702.35 0.000144743
3703.32 0.000255852
3704.28 0.000540733
3705.25 0.000776143
3706.21 0.000865523
3707.18 0.000521623
3708.14 0.000201593
3709.10 0.000619773
3710.07 0.000603103
3711.03 0.000255383
3712.00 0.000449323
3712.96 0.000654233
3713.93 0.000737663
3714.89 0.000476913
3715.86 0.000216623
3716.82 0.000288493
3717.78 0.000482803
3718.75 0.000643043
3719.71 0.000744773
3720.68 0.000927393
3721.64 0.000881873
3722.61 0.000633602
3723.57 0.000692022
3724.53 0.000711123
3725.50 0.000535213
3726.46 0.000589863
3727.43 0.000965493
3728.39 0.00124237
3729.36 0.00125669
3730.32 0.00115004
3731.29 0.000896863
3732.25 0.000719053
3733.21 0.000752022
3734.18 0.000950923
3735.14 0.00105788
3736.11 0.00107030
3737.07 0.000910163
3738.04 0.00107486
3739.00 0.00126891
3739.97 0.00129576
3740.93 0.00135406
3741.89 0.00107751
3742.86 0.00105418
3743.82 0.00124659
3744.79 0.00107924
3745.75 0.000991863
3746.72 0.000898313
3747.68 0.000807833
3748.65 0.00117267
3749.61 0.00136486
3750.57 0.00134639
3751.54 0.00133643
3752.50 0.00123071
3753.47 0.000995873
3754.43 0.000811823
3755.40 0.00101291
3756.36 0.00115167
3757.32 0.00105285
3758.29 0.00107077
3759.25 0.00125981
3760.22 0.00116353
3761.18 0.00104870
3762.15 0.000872643
3763.11 0.000628573
3764.08 0.00109203
3765.04 0.00132235
3766.00 0.00111397
3766.97 0.000977152
3767.93 0.000753363
3768.90 0.000833393
3769.86 0.00110894
3770.83 0.00126336
3771.79 0.00130475
3772.76 0.00117076
3773.72 0.00120396
3774.68 0.00148677
3775.65 0.00150210
3776.61 0.00132678
3777.58 0.00108716
3778.54 0.00107184
3779.51 0.00123266
3780.47 0.00113350
3781.43 0.000840642
3782.40 0.000712393
3783.36 0.00105532
3784.33 0.000966073
3785.29 0.000958573
3786.26 0.00138271
3787.22 0.00124855
3788.19 0.00109051
3789.15 0.00115631
3790.11 0.00113612
3791.08 0.00105014
3792.04 0.00131372
3793.01 0.00134492
3793.97 0.00105129
3794.94 0.00110547
3795.90 0.00119344
3796.87 0.00121724
3797.83 0.00119986
3798.79 0.00116068
3799.76 0.000990053
3800.72 0.000761893
3801.69 0.000870303
3802.65 0.00100161
3803.62 0.000947053
3804.58 0.000785513
3805.54 0.00113880
3806.51 0.00143830
3807.47 0.00101901
3808.44 0.000864513
3809.40 0.000841123
3810.37 0.000873463
3811.33 0.00118025
3812.30 0.00108674
3813.26 0.000964323
3814.22 0.00114927
3815.19 0.000876402
3816.15 0.000869063
3817.12 0.000956183
3818.08 0.000867373
3819.05 0.000962863
3820.01 0.00121723
3820.98 0.00124936
3821.94 0.00106388
3822.90 0.00121607
3823.87 0.00118430
3824.83 0.00101315
3825.80 0.00105613
3826.76 0.00115565
3827.73 0.000970223
3828.69 0.000899323
3829.66 0.00118529
3830.62 0.00135564
3831.58 0.00154831
3832.55 0.00142966
3833.51 0.00125960
3834.48 0.00141768
3835.44 0.00129954
3836.41 0.000842113
3837.37 0.000979953
3838.33 0.000895333
3839.30 0.000826273
3840.26 0.00135349
3841.23 0.00110249
3842.19 0.000815563
3843.16 0.000718383
3844.12 0.000765743
3845.09 0.000918313
3846.05 0.00111976
3847.01 0.000986893
3847.98 0.000577763
3848.94 0.000809803
3849.91 0.000869503
3850.87 0.000607483
3851.84 0.00106112
3852.80 0.00136395
3853.77 0.00123524
3854.73 0.00114718
3855.69 0.00120465
3856.66 0.00113074
3857.62 0.000996323
3858.59 0.00100579
3859.55 0.000895033
3860.52 0.000648423
3861.48 0.000482033
3862.44 0.000746783
3863.41 0.00103432
3864.37 0.00110178
3865.34 0.00103453
3866.30 0.000953523
3867.27 0.000955173
3868.23 0.00121049
3869.20 0.00107470
3870.16 0.000897903
3871.12 0.00110688
3872.09 0.00109445
3873.05 0.000869653
3874.02 0.000646243
3874.98 0.000633673
3875.95 0.000628073
3876.91 0.000983743
3877.88 0.00130724
3878.84 0.000930593
3879.80 0.000603883
3880.77 0.000844033
3881.73 0.00109308
3882.70 0.000955463
3883.66 0.000886243
3884.63 0.000934573
3885.59 0.000880673
3886.55 0.000591283
3887.52 0.000552133
3888.48 0.000887633
3889.45 0.00112708
3890.41 0.00124609
3891.38 0.00108934
3892.34 0.000831583
3893.31 0.000596403
3894.27 0.000556633
3895.23 0.000620003
3896.20 0.000801083
3897.16 0.000951033
3898.13 0.00118067
3899.09 0.00120841
3900.06 0.000944383
3901.02 0.000518823
3901.99 0.000476583
3902.95 0.000814193
3903.91 0.000579953
3904.88 0.000678573
3905.84 0.000831373
3906.81 0.000767553
3907.77 0.000785002
3908.74 0.000718463
3909.70 0.000809673
3910.67 0.000697603
3911.63 0.000609013
3912.59 0.00116800
3913.56 0.00120151
3914.52 0.000811043
3915.49 0.000703663
3916.45 0.000750632
3917.42 0.000806513
3918.38 0.000939703
3919.34 0.00113302
3920.31 0.000968543
3921.27 0.000784673
3922.24 0.000717143
3923.20 0.000982573
3924.17 0.000898723
3925.13 0.000779613
3926.10 0.000586543
3927.06 0.000245253
3928.02 0.000551103
3928.99 0.000797033
3929.95 0.00104482
3930.92 0.000917132
3931.88 0.000619803
3932.85 0.000984223
3933.81 0.000982773
3934.78 0.000735163
3935.74 0.000840203
3936.70 0.000844483
3937.67 0.000805963
3938.63 0.000901433
3939.60 0.000921883
3940.56 0.000891353
3941.53 0.00112566
3942.49 0.000984613
3943.46 0.000579833
3944.42 0.000632333
3945.38 0.000802593
3946.35 0.000946303
3947.31 0.00122878
3948.28 0.00122945
3949.24 0.000971873
3950.21 0.000812822
3951.17 0.000478403
3952.13 0.000338603
3953.10 0.000811163
3954.06 0.000802733
3955.03 0.000633683
3955.99 0.000869593
3956.96 0.00103798
3957.92 0.00111106
3958.89 0.000781733
3959.85 0.000313883
3960.81 0.000694723
3961.78 0.00101521
3962.74 0.000557353
3963.71 0.000381803
3964.67 0.000796933
3965.64 0.00107897
3966.60 0.00109675
3967.57 0.000980533
3968.53 0.00105858
3969.49 0.00139340
3970.46 0.00144757
3971.42 0.00119337
3972.39 0.000863663
3973.35 0.000916003
3974.32 0.000965193
3975.28 0.000695953
3976.24 0.000548423
3977.21 0.000961423
3978.17 0.000956092
3979.14 0.000779333
3980.10 0.00107578
3981.07 0.00110432
3982.03 0.00107506
3983.00 0.000741773
3983.96 0.000893003
3984.92 0.00108675
3985.89 0.000547273
3986.85 0.000539603
3987.82 0.000699513
3988.78 0.000400663
3989.75 0.000446203
3990.71 0.000796823
3991.68 0.000775443
3992.64 0.00101268
3993.60 0.00115312
3994.57 0.00116405
3995.53 0.00127590
3996.50 0.00115201
3997.46 0.00102794
3998.43 0.000893013
3999.39 0.000593113
4000.35 0.000900213
4001.32 0.00136464
4002.28 0.000946523
4003.25 0.000666883
4004.21 0.000522783
4005.18 0.000384163
4006.14 0.000972703
4007.11 0.00114976
4008.07 0.000950093
4009.03 0.00123367
4010.00 0.00120079
4010.96 0.00118280
4011.93 0.00114861
4012.89 0.000731583
4013.86 0.000710623
4014.82 0.00114159
4015.79 0.00135964
4016.75 0.00117114
4017.71 0.00119535
4018.68 0.00122914
4019.64 0.000654693
4020.61 0.000674522
4021.57 0.000860502
4022.54 0.000815803
4023.50 0.00131117
4024.47 0.00129593
4025.43 0.000964703
4026.39 0.000979763
4027.36 0.000791103
4028.32 0.000600753
4029.29 0.000640283
4030.25 0.000611333
4031.22 0.000532533
4032.18 0.000458623
4033.14 0.000583043
4034.11 0.000741343
4035.07 0.000493322
4036.04 0.000630773
4037.00 0.00104337
4037.97 0.00118907
4038.93 0.00106378
4039.90 0.000719333
4040.86 0.000986363
4041.82 0.00164357
4042.79 0.00138254
4043.75 0.000708773
4044.72 0.000606423
4045.68 0.000932763
4046.65 0.00139693
4047.61 0.00132337
4048.58 0.000956083
4049.54 0.000698563
4050.50 0.000587643
4051.47 0.000784953
4052.43 0.000783673
4053.40 0.000461133
4054.36 0.000585493
4055.33 0.000876063
4056.29 0.000904903
4057.25 0.000827553
4058.22 0.000963213
4059.18 0.00131370
4060.15 0.00125932
4061.11 0.00110471
4062.08 0.00131345
4063.04 0.00155964
4064.01 0.00129381
4064.97 0.000761273
4065.93 0.00104973
4066.90 0.00129837
4067.86 0.00139674
4068.83 0.00121682
4069.79 0.00111068
4070.76 0.00127297
4071.72 0.00153918
4072.69 0.00141460
4073.65 0.000773253
4074.61 0.00102429
4075.58 0.00132799
4076.54 0.00125072
4077.51 0.00115769
4078.47 0.00122997
4079.44 0.00102331
4080.40 0.000739293
4081.36 0.000823323
4082.33 0.000823843
4083.29 0.00113822
4084.26 0.00105275
4085.22 0.000716903
4086.19 0.000884383
4087.15 0.00105792
4088.12 0.00127806
4089.08 0.000949253
4090.04 0.000765563
4091.01 0.00134656
4091.97 0.00154050
4092.94 0.00157100
4093.90 0.00135446
4094.87 0.000821703
4095.83 0.00102533
4096.80 0.00126009
4097.76 0.000945553
4098.72 0.00104013
4099.69 0.00100337
4100.65 0.00108359
4101.62 0.00115328
4102.58 0.00116333
4103.55 0.00140499
4104.51 0.00102289
4105.48 0.000567812
4106.44 0.000423683
4107.40 0.000894523
4108.37 0.000983643
4109.33 0.000644073
4110.30 0.000886043
4111.26 0.00123199
4112.23 0.00108607
4113.19 0.000841243
4114.15 0.000748663
4115.12 0.000618323
4116.08 0.000674583
4117.05 0.000899053
4118.01 0.000662783
4118.98 0.000198773
4119.94 0.00105403
4120.91 0.00195378
4121.87 0.00170473
4122.83 0.00109345
4123.80 0.000971103
4124.76 0.00154840
4125.73 0.00142756
4126.69 0.000808243
4127.66 0.000821343
4128.62 0.000753602
4129.59 0.000819593
4130.55 0.00117940
4131.51 0.00157656
4132.48 0.00170438
4133.44 0.00126324
4134.41 0.00114213
4135.37 0.00129355
4136.34 0.00109955
4137.30 0.000664853
4138.27 0.000724323
4139.23 0.00123204
4140.19 0.00157464
4141.16 0.00155313
4142.12 0.00125763
4143.09 0.000822203
4144.05 0.000659163
4145.02 0.000783212
4145.98 0.000938063
4146.94 0.000944843
4147.91 0.000893963
4148.87 0.00105300
4149.84 0.00109831
4150.80 0.00115964
4151.77 0.00111418
4152.73 0.00122992
4153.70 0.00142894
4154.66 0.00115563
4155.62 0.000977253
4156.59 0.00126670
4157.55 0.00158329
4158.52 0.00134481
4159.48 0.00124916
4160.45 0.00139816
4161.41 0.00148937
4162.38 0.00109672
4163.34 0.000998693
4164.30 0.00137301
4165.27 0.000924033
4166.23 0.000835613
4167.20 0.000969953
4168.16 0.000776243
4169.13 0.00128852
4170.09 0.00118379
4171.05 0.000566613
4172.02 0.000642233
4172.98 0.000762213
4173.95 0.000914433
4174.91 0.00128149
4175.88 0.00145770
4176.84 0.00105024
4177.81 0.000770933
4178.77 0.000952023
4179.73 0.00103270
4180.70 0.00115851
4181.66 0.000973783
4182.63 0.000859093
4183.59 0.000990862
4184.56 0.000771933
4185.52 0.00128797
4186.49 0.00134751
4187.45 0.000718032
4188.41 0.000924793
4189.38 0.000985523
4190.34 0.00108237
4191.31 0.00124233
4192.27 0.00133308
4193.24 0.00145911
4194.20 0.00101830
4195.17 0.00102745
4196.13 0.00160542
4197.09 0.00152561
4198.06 0.000856983
4199.02 0.000536222
4199.99 0.000489213
4200.95 0.000351713
4201.92 0.000728933
4202.88 0.00109120
4203.84 0.00139715
4204.81 0.00145649
4205.77 0.000665333
4206.74 0.000327333
4207.70 0.000604263
4208.67 0.000813243
4209.63 0.00127357
4210.60 0.00120479
4211.56 0.000846633
4212.52 0.000878493
4213.49 0.000946932
4214.45 0.00126973
4215.42 0.00131302
4216.38 0.000905573
4217.35 0.000817123
4218.31 0.000853773
4219.27 0.000920173
4220.24 0.000614543
4221.20 0.000619233
4222.17 0.000909823
4223.13 0.00122727
4224.10 0.00161994
4225.06 0.00106260
4226.03 0.000743343
4226.99 0.00107261
4227.95 0.000984863
4228.92 0.000803043
4229.88 0.000886132
4230.85 0.000974843
4231.81 0.00113330
4232.78 0.00117037
4233.74 0.00127366
4234.71 0.00134267
4235.67 0.00103557
4236.63 0.000960523
4237.60 0.000992503
4238.56 0.000907813
4239.53 0.000681463
4240.49 0.000996133
4241.46 0.000923763
4242.42 0.000565323
4243.39 0.00106836
4244.35 0.00128301
4245.31 0.00117314
4246.28 0.00102419
4247.24 0.00114620
4248.21 0.000975183
4249.17 0.000772633
4250.14 0.000544173
4251.10 0.000711713
4252.06 0.00120724
4253.03 0.000887103
4253.99 0.000768133
4254.96 0.000968843
4255.92 0.000971153
4256.89 0.000828353
4257.85 0.000909373
4258.82 0.00110171
4259.78 0.00109486
4260.74 0.000941543
4261.71 0.000572553
4262.67 0.000555163
4263.64 0.000619013
4264.60 0.000696143
4265.57 0.00138763
4266.53 0.00144701
4267.50 0.000980363
4268.46 0.000625363
4269.42 0.000581663
4270.39 0.000869823
4271.35 0.000948613
4272.32 0.000854023
4273.28 0.000757733
4274.25 0.00126945
4275.21 0.00139085
4276.17 0.000691943
4277.14 0.000578223
4278.10 0.000969183
4279.07 0.000956033
4280.03 0.000896803
4281.00 0.000923463
4281.96 0.000814693
4282.93 0.00102660
4283.89 0.00105140
4284.85 0.00108874
4285.82 0.000884383
4286.78 0.000838333
4287.75 0.00113391
4288.71 0.000850723
4289.68 0.000501533
4290.64 0.000666623
4291.61 0.000800343
4292.57 0.000834823
4293.53 0.000781293
4294.50 0.000234273
4295.46 0.000260933
4296.43 0.000785173
4297.39 0.00112158
4298.36 0.00113425
4299.32 0.000666033
4300.29 0.000235703
4301.25 0.000556893
4302.21 0.000787083
4303.18 0.000913113
4304.14 0.00109703
4305.11 0.00108607
4306.07 0.00141951
4307.04 0.00184832
4308.00 0.00201289
4308.96 0.00160476
4309.93 0.000867662
4310.89 0.00128214
4311.86 0.00170630
4312.82 0.00112758
4313.79 0.000825453
4314.75 0.00111088
4315.72 0.000818983
4316.68 0.000504473
4317.64 0.00103224
4318.61 0.000824293
4319.57 0.000869533
4320.54 0.00114359
4321.50 0.00108714
4322.47 0.00182012
4323.43 0.00180761
4324.40 0.000839403
4325.36 0.000449673
4326.32 0.000707273
4327.29 0.00117275
4328.25 0.00137236
4329.22 0.00118340
4330.18 0.00114656
4331.15 0.000724023
4332.11 0.000697303
4333.07 0.00108250
4334.04 0.00123559
4335.00 0.00105006
4335.97 0.000510433
4336.93 0.000545633
4337.90 0.000351113
4338.86 0.000356153
4339.83 0.000860863
4340.79 0.000786373
4341.75 0.000881923
4342.72 0.00107663
4343.68 0.000926853
4344.65 0.000652153
4345.61 0.000669633
4346.58 0.00145665
4347.54 0.00170971
4348.51 0.00115691
4349.47 0.000566333
4350.43 0.000537873
4351.40 0.00101077
4352.36 0.00115553
4353.33 0.000989523
4354.29 0.00110050
4355.26 0.000896213
4356.22 0.000407283
4357.19 0.000558473
4358.15 0.000991003
4359.11 0.00118520
4360.08 0.00133646
4361.04 0.00112386
4362.01 0.000638433
4362.97 0.000736783
4363.94 0.000659623
4364.90 0.000563983
4365.86 0.00108305
4366.83 0.000745523
4367.79 0.000530373
4368.76 0.000762063
4369.72 0.000662443
4370.69 0.00118730
4371.65 0.00145548
4372.62 0.00114471
4373.58 0.000856653
4374.54 0.00123231
4375.51 0.00161285
4376.47 0.00100352
4377.44 0.000512592
4378.40 0.000864623
4379.37 0.00108135
4380.33 0.000838433
4381.29 0.000731403
4382.26 8.99127e-05
4383.22 6.86925e-05
4384.19 0.000473243
4385.15 0.000584273
4386.12 0.00115013
4387.08 0.00114788
4388.05 0.00120495
4389.01 0.00109330
4389.97 0.00119060
4390.94 0.00146688
4391.90 0.00139805
4392.87 0.00156348
4393.83 0.000922703
4394.80 0.000426613
4395.76 0.000722073
4396.73 0.000726063
4397.69 0.000709483
4398.65 0.00113522
4399.62 0.00112977
4400.58 0.000782032
