# {"full": "Pure C^18O2 (10000 L)", "name": "C^18O2 (10000 L)", "ratio": "1", "url": "https://icedb.strw.leidenuniv.nl/data/15", "author": "\u00d6berg et al", "latex_molname": "Pure $\\ce{C{^{18}O2}}$ (10000 L)", "temperature": 45.0, "index": 103}
399.264 -0.00784873
400.228 0.0110376
401.193 0.0247043
402.157 0.0120849
403.122 0.00918674
404.086 0.0140424
405.050 0.0138755
406.015 0.00865704
406.979 -0.00590389
407.944 -0.00783676
408.908 0.00757409
409.872 0.0124487
410.837 0.0141961
411.801 0.0208849
412.766 0.0356604
413.730 0.0867702
414.694 0.0479532
415.659 -0.0229575
416.623 -0.00979717
417.588 -0.00408745
418.552 -0.00160746
419.516 -0.00196375
420.481 -0.00666730
421.445 -0.00822575
422.410 -0.00197207
423.374 0.000918919
424.339 0.00345363
425.303 0.00564042
426.267 0.00766681
427.232 0.0126865
428.196 0.0122592
429.161 0.00316976
430.125 0.000824285
431.089 0.00410103
432.054 0.00554542
433.018 0.00577511
433.983 0.0123534
434.947 0.0444719
435.911 0.0373512
436.876 0.00335508
437.840 0.00238369
438.805 0.00191009
439.769 0.00230482
440.733 -0.00142476
441.698 -0.00454476
442.662 0.0138364
443.627 0.0192546
444.591 0.0112876
445.555 0.00986643
446.520 0.00722904
447.484 0.00583236
448.449 0.00372200
449.413 0.00344622
450.377 0.00438094
451.342 0.00445160
452.306 0.00459538
453.271 0.00428516
454.235 0.00342402
455.199 0.00270500
456.164 0.00175701
457.128 0.00301112
458.093 0.00406713
459.057 0.00403068
460.022 0.00367687
460.986 0.00310741
461.950 0.00292385
462.915 0.00228819
463.879 0.00413267
464.844 0.00561684
465.808 0.00583074
466.772 0.00621547
467.737 0.00693311
468.701 0.00695000
469.666 0.0165615
470.630 0.0212303
471.594 0.00678513
472.559 0.00245014
473.523 0.00418017
474.488 0.00405148
475.452 0.00402626
476.416 0.00547965
477.381 0.00501413
478.345 0.00195858
479.310 0.00292262
480.274 0.00435529
481.238 0.00403702
482.203 0.00352882
483.167 0.00443299
484.132 0.00442590
485.096 0.00249836
486.060 0.00290112
487.025 0.00340085
487.989 0.00411103
488.954 0.00483704
489.918 0.00405953
490.883 -0.000369396
491.847 0.000488576
492.811 0.00558631
493.776 0.00614576
494.740 0.00628986
495.705 0.00708031
496.669 0.00729522
497.633 0.0127823
498.598 0.0133468
499.562 0.00330850
500.527 0.00247693
501.491 0.00350743
502.455 0.00314806
503.420 0.00410751
504.384 0.00443116
505.349 0.00500898
506.313 0.00431602
507.277 0.00408733
508.242 0.00405905
509.206 0.00410435
510.171 0.00454900
511.135 0.00502670
512.099 0.00453131
513.064 0.00265288
514.028 0.00314061
514.993 0.00431922
515.957 0.00404456
516.921 0.00389167
517.886 0.00394323
518.850 0.00474411
519.815 0.00515460
520.779 0.00439579
521.743 0.00433772
522.708 0.00489464
523.672 0.00497045
524.637 0.00445219
525.601 0.00345042
526.565 0.00194197
527.530 0.00244499
528.494 0.00371243
529.459 0.00385674
530.423 0.00346976
531.388 0.00324829
532.352 0.00120693
533.316 -0.00313082
534.281 0.00200181
535.245 0.00687562
536.210 0.00505968
537.174 0.00481035
538.138 0.00426544
539.103 0.00398091
540.067 0.00370847
541.032 0.00380571
541.996 0.00409124
542.960 0.00415061
543.925 0.00388003
544.889 0.00376786
545.854 0.00360161
546.818 0.00408465
547.782 0.00582276
548.747 0.00556804
549.711 0.00465629
550.676 0.00426366
551.640 0.00414326
552.604 0.00495547
553.569 0.00504581
554.533 0.00385316
555.498 0.00357343
556.462 0.00370923
557.427 0.00360325
558.391 0.00418191
559.355 0.00432468
560.320 0.00404324
561.284 0.00389404
562.249 0.00413580
563.213 0.00414815
564.177 0.00395495
565.142 0.00411534
566.106 0.00400743
567.071 0.00379735
568.035 0.00388708
568.999 0.00469760
569.964 0.00433191
570.928 0.00377482
571.893 0.00396655
572.857 0.00325041
573.821 0.00328834
574.786 0.00348962
575.750 0.00320533
576.715 0.00352234
577.679 0.00390879
578.643 0.00370753
579.608 0.00329909
580.572 0.00301917
581.537 0.00248513
582.501 0.00316244
583.465 0.00480331
584.430 0.00437373
585.394 0.00385275
586.359 0.00348334
587.323 0.00308639
588.287 0.00209410
589.252 0.000385019
590.216 0.00441462
591.181 0.00664999
592.145 0.00464725
593.109 0.00441796
594.074 0.00444154
595.038 0.00398398
596.003 0.00346569
596.967 0.00369870
597.932 0.00358143
598.896 0.00349029
599.860 0.00334839
600.825 0.00298543
601.789 0.00302401
602.754 0.00354532
603.718 0.00317770
604.682 0.00245650
605.647 0.00276534
606.611 0.00289399
607.576 0.00313400
608.540 0.00331485
609.504 0.00351782
610.469 0.00454355
611.433 0.00399154
612.398 0.00318682
613.362 0.00345454
614.326 0.00312150
615.291 0.00320111
616.255 0.00321961
617.220 0.00312067
618.184 0.00278140
619.148 0.00274494
620.113 0.00300912
621.077 0.00269158
622.042 0.00271640
623.006 0.00276380
623.971 0.00185140
624.935 0.00435142
625.899 0.00750311
626.864 0.00877337
627.828 0.0107826
628.793 0.0100213
629.757 0.00835416
630.721 0.00731667
631.686 0.00598698
632.650 0.00552281
633.615 0.00495328
634.579 0.00446394
635.543 0.00478772
636.508 0.00602070
637.472 0.00862140
638.437 0.0121011
639.401 0.0149104
640.365 0.0209811
641.330 0.0349692
642.294 0.0776607
643.259 0.170131
644.223 0.260500
645.187 0.284388
646.152 0.256158
647.116 0.222109
648.081 0.220620
649.045 0.250725
650.009 0.286198
650.974 0.295589
651.938 0.266504
652.903 0.215309
653.867 0.166283
654.831 0.131279
655.796 0.107194
656.760 0.0899544
657.725 0.0776460
658.689 0.0679585
659.654 0.0604394
660.618 0.0531353
661.582 0.0450824
662.547 0.0383457
663.511 0.0323957
664.476 0.0270546
665.440 0.0226695
666.404 0.0135222
667.369 -0.00215152
668.333 -0.00363835
669.298 0.00549853
670.262 0.00862761
671.226 0.00961079
672.191 0.00982285
673.155 0.00978570
674.120 0.00923239
675.084 0.00918664
676.048 0.00921694
677.013 0.00878334
677.977 0.00853545
678.942 0.00818178
679.906 0.00728493
680.870 0.00733385
681.835 0.00863573
682.799 0.00871169
683.764 0.00820631
684.728 0.00800233
685.692 0.00775219
686.657 0.00789293
687.621 0.00752544
688.586 0.00689116
689.550 0.00669430
690.514 0.00669093
691.479 0.00666885
692.443 0.00667648
693.408 0.00634339
694.372 0.00587254
695.337 0.00612857
696.301 0.00605877
697.265 0.00566061
698.230 0.00607898
699.194 0.00604870
700.159 0.00567733
701.123 0.00450048
702.087 0.00650908
703.052 0.00969145
704.016 0.00835493
704.981 0.00740340
705.945 0.00707947
706.909 0.00671488
707.874 0.00691744
708.838 0.00662295
709.803 0.00587217
710.767 0.00610345
711.731 0.00650604
712.696 0.00616026
713.660 0.00589886
714.625 0.00607989
715.589 0.00591343
716.553 0.00570066
717.518 0.00616738
718.482 0.00630886
719.447 0.00608551
720.411 0.00601649
721.375 0.00619030
722.340 0.00624422
723.304 0.00616706
724.269 0.00611773
725.233 0.00622110
726.198 0.00623134
727.162 0.00617075
728.126 0.00624022
729.091 0.00596306
730.055 0.00578809
731.020 0.00620172
731.984 0.00621994
732.948 0.00611998
733.913 0.00616249
734.877 0.00628359
735.842 0.00656423
736.806 0.00687286
737.770 0.00638765
738.735 0.00582746
739.699 0.00593636
740.664 0.00594050
741.628 0.00613006
742.592 0.00655641
743.557 0.00679313
744.521 0.00638716
745.486 0.00589519
746.450 0.00578307
747.414 0.00580598
748.379 0.00586640
749.343 0.00594399
750.308 0.00589278
751.272 0.00574855
752.236 0.00608544
753.201 0.00633719
754.165 0.00625057
755.130 0.00620685
756.094 0.00618686
757.058 0.00601837
758.023 0.00635329
758.987 0.00658673
759.952 0.00621910
760.916 0.00613556
761.880 0.00593749
762.845 0.00595485
763.809 0.00600366
764.774 0.00624980
765.738 0.00686587
766.703 0.00638782
767.667 0.00602437
768.631 0.00608251
769.596 0.00609679
770.560 0.00622544
771.525 0.00617274
772.489 0.00608491
773.453 0.00591148
774.418 0.00571442
775.382 0.00568318
776.347 0.00557759
777.311 0.00555826
778.275 0.00585130
779.240 0.00563373
780.204 0.00554322
781.169 0.00582727
782.133 0.00592850
783.097 0.00585316
784.062 0.00580188
785.026 0.00594876
785.991 0.00586729
786.955 0.00577054
787.919 0.00596247
788.884 0.00602572
789.848 0.00599089
790.813 0.00610687
791.777 0.00642620
792.742 0.00670847
793.706 0.00567546
794.670 0.00522801
795.635 0.00559556
796.599 0.00551154
797.564 0.00577554
798.528 0.00582804
799.492 0.00580560
800.457 0.00580820
801.421 0.00597194
802.386 0.00602823
803.350 0.00596050
804.314 0.00588403
805.279 0.00580892
806.243 0.00580826
807.208 0.00558786
808.172 0.00549570
809.136 0.00558344
810.101 0.00574620
811.065 0.00586692
812.030 0.00570760
812.994 0.00562607
813.958 0.00557360
814.923 0.00526914
815.887 0.00539761
816.852 0.00560059
817.816 0.00555825
818.780 0.00578299
819.745 0.00575448
820.709 0.00575385
821.674 0.00571787
822.638 0.00555913
823.602 0.00569441
824.567 0.00576443
825.531 0.00567654
826.496 0.00577483
827.460 0.00588559
828.424 0.00571179
829.389 0.00554635
830.353 0.00555253
831.318 0.00576934
832.282 0.00575130
833.247 0.00552986
834.211 0.00565252
835.175 0.00556561
836.140 0.00538626
837.104 0.00541245
838.069 0.00551006
839.033 0.00562501
839.997 0.00550701
840.962 0.00553084
841.926 0.00553692
842.891 0.00546571
843.855 0.00546687
844.819 0.00546387
845.784 0.00554200
846.748 0.00549093
847.713 0.00536239
848.677 0.00541642
849.641 0.00542939
850.606 0.00533673
851.570 0.00531533
852.535 0.00522109
853.499 0.00513149
854.463 0.00515905
855.428 0.00540550
856.392 0.00534925
857.357 0.00472867
858.321 0.00477707
859.286 0.00508800
860.250 0.00517826
861.214 0.00525133
862.179 0.00528872
863.143 0.00522938
864.108 0.00490930
865.072 0.00488401
866.036 0.00510621
867.001 0.00507106
867.965 0.00499214
868.930 0.00500965
869.894 0.00508511
870.858 0.00529795
871.823 0.00548372
872.787 0.00543014
873.752 0.00540396
874.716 0.00540247
875.680 0.00518962
876.645 0.00503160
877.609 0.00465546
878.574 0.00475520
879.538 0.00504428
880.502 0.00486840
881.467 0.00485562
882.431 0.00489321
883.396 0.00494119
884.360 0.00475439
885.324 0.00459923
886.289 0.00476140
887.253 0.00483749
888.218 0.00488812
889.182 0.00487769
890.146 0.00481137
891.111 0.00484898
892.075 0.00507450
893.040 0.00500921
894.004 0.00477182
894.969 0.00483159
895.933 0.00494300
896.897 0.00507228
897.862 0.00488706
898.826 0.00479057
899.791 0.00493102
900.755 0.00492719
901.719 0.00493659
902.684 0.00480737
903.648 0.00466718
904.613 0.00470363
905.577 0.00460245
906.541 0.00445770
907.506 0.00455108
908.470 0.00458195
909.435 0.00467168
910.399 0.00466297
911.363 0.00485789
912.328 0.00466415
913.292 0.00362436
914.257 0.00368284
915.221 0.00403134
916.185 0.00405314
917.150 0.00411042
918.114 0.00398796
919.079 0.00364884
920.043 0.00456894
921.007 0.00533856
921.972 0.00470193
922.936 0.00463662
923.901 0.00457166
924.865 0.00466199
925.829 0.00488069
926.794 0.00434675
927.758 0.00381336
928.723 0.00403855
929.687 0.00420655
930.651 0.00393587
931.616 0.00383843
932.580 0.00391948
933.545 0.00480421
934.509 0.00525504
935.474 0.00446052
936.438 0.00407513
937.402 0.00390049
938.367 0.00387708
939.331 0.00406701
940.296 0.00418403
941.260 0.00398255
942.224 0.00394983
943.189 0.00393872
944.153 0.00398194
945.118 0.00421607
946.082 0.00421000
947.046 0.00337778
948.011 0.00310098
948.975 0.00412653
949.940 0.00409689
950.904 0.00406884
951.868 0.00415420
952.833 0.00402889
953.797 0.00420904
954.762 0.00397988
955.726 0.00368525
956.690 0.00390058
957.655 0.00407560
958.619 0.00407558
959.584 0.00396907
960.548 0.00428667
961.513 0.00437026
962.477 0.00323868
963.441 0.00310780
964.406 0.00344188
965.370 0.00364002
966.335 0.00379860
967.299 0.00367474
968.263 0.00367050
969.228 0.00389960
970.192 0.00412678
971.157 0.00385569
972.121 0.00361717
973.085 0.00357147
974.050 0.00365593
975.014 0.00356981
975.979 0.00340192
976.943 0.00348708
977.907 0.00356898
978.872 0.00370160
979.836 0.00379680
980.801 0.00382456
981.765 0.00357918
982.729 0.00397504
983.694 0.00437338
984.658 0.00391793
985.623 0.00371875
986.587 0.00365018
987.551 0.00367879
988.516 0.00344434
989.480 0.00274624
990.445 0.00339232
991.409 0.00420175
992.373 0.00406254
993.338 0.00393268
994.302 0.00383007
995.267 0.00378062
996.231 0.00376732
997.195 0.00352093
998.160 0.00326445
999.124 0.00342268
1000.09 0.00352720
1001.05 0.00358632
1002.02 0.00365458
1002.98 0.00342819
1003.95 0.00379282
1004.91 0.00434445
1005.88 0.00386104
1006.84 0.00374835
1007.80 0.00376041
1008.77 0.00356562
1009.73 0.00366374
1010.70 0.00400481
1011.66 0.00347312
1012.63 0.00291631
1013.59 0.00313725
1014.55 0.00326690
1015.52 0.00339703
1016.48 0.00351660
1017.45 0.00351499
1018.41 0.00327527
1019.38 0.00312371
1020.34 0.00334168
1021.31 0.00339619
1022.27 0.00320207
1023.23 0.00321116
1024.20 0.00319910
1025.16 0.00325774
1026.13 0.00347714
1027.09 0.00356222
1028.06 0.00352064
1029.02 0.00335244
1029.99 0.00329775
1030.95 0.00317394
1031.91 0.00358709
1032.88 0.00399167
1033.84 0.00353790
1034.81 0.00334284
1035.77 0.00339596
1036.74 0.00335289
1037.70 0.00327179
1038.66 0.00327734
1039.63 0.00319215
1040.59 0.00330481
1041.56 0.00337842
1042.52 0.00320969
1043.49 0.00317450
1044.45 0.00328955
1045.42 0.00343407
1046.38 0.00299825
1047.34 0.00272740
1048.31 0.00307185
1049.27 0.00315996
1050.24 0.00308214
1051.20 0.00307111
1052.17 0.00334381
1053.13 0.00295997
1054.10 0.00261773
1055.06 0.00291572
1056.02 0.00300995
1056.99 0.00303785
1057.95 0.00300741
1058.92 0.00312859
1059.88 0.00335086
1060.85 0.00321011
1061.81 0.00292102
1062.78 0.00297133
1063.74 0.00309196
1064.70 0.00315037
1065.67 0.00313373
1066.63 0.00327784
1067.60 0.00292061
1068.56 0.00254009
1069.53 0.00274405
1070.49 0.00295051
1071.45 0.00306906
1072.42 0.00297354
1073.38 0.00293640
1074.35 0.00302107
1075.31 0.00304088
1076.28 0.00296686
1077.24 0.00280311
1078.21 0.00272227
1079.17 0.00286615
1080.13 0.00282887
1081.10 0.00275474
1082.06 0.00290077
1083.03 0.00282957
1083.99 0.00288687
1084.96 0.00297052
1085.92 0.00300806
1086.89 0.00321179
1087.85 0.00309230
1088.81 0.00284066
1089.78 0.00282533
1090.74 0.00266793
1091.71 0.00256464
1092.67 0.00267761
1093.64 0.00276022
1094.60 0.00279567
1095.56 0.00282883
1096.53 0.00275416
1097.49 0.00270214
1098.46 0.00277991
1099.42 0.00258149
1100.39 0.00241371
1101.35 0.00232036
1102.32 0.00245941
1103.28 0.00298326
1104.24 0.00305647
1105.21 0.00283818
1106.17 0.00279224
1107.14 0.00291408
1108.10 0.00297034
1109.07 0.00295448
1110.03 0.00280917
1111.00 0.00277108
1111.96 0.00293970
1112.92 0.00297587
1113.89 0.00295336
1114.85 0.00299112
1115.82 0.00286958
1116.78 0.00270306
1117.75 0.00265466
1118.71 0.00248926
1119.68 0.00240032
1120.64 0.00242832
1121.60 0.00241929
1122.57 0.00235688
1123.53 0.00297565
1124.50 0.00344357
1125.46 0.00302481
1126.43 0.00283492
1127.39 0.00282814
1128.35 0.00287275
1129.32 0.00279621
1130.28 0.00261363
1131.25 0.00266923
1132.21 0.00266807
1133.18 0.00255228
1134.14 0.00255495
1135.11 0.00255259
1136.07 0.00259781
1137.03 0.00246952
1138.00 0.00230313
1138.96 0.00256493
1139.93 0.00267094
1140.89 0.00268986
1141.86 0.00278166
1142.82 0.00273294
1143.79 0.00264815
1144.75 0.00255849
1145.71 0.00260566
1146.68 0.00269135
1147.64 0.00261495
1148.61 0.00254900
1149.57 0.00264738
1150.54 0.00252196
1151.50 0.00254707
1152.46 0.00273700
1153.43 0.00275528
1154.39 0.00274104
1155.36 0.00260483
1156.32 0.00247520
1157.29 0.00250723
1158.25 0.00248679
1159.22 0.00241582
1160.18 0.00248323
1161.14 0.00254820
1162.11 0.00264935
1163.07 0.00266631
1164.04 0.00264706
1165.00 0.00266306
1165.97 0.00264874
1166.93 0.00255700
1167.90 0.00248667
1168.86 0.00244534
1169.82 0.00244603
1170.79 0.00256961
1171.75 0.00255518
1172.72 0.00234223
1173.68 0.00243359
1174.65 0.00262249
1175.61 0.00268105
1176.57 0.00276232
1177.54 0.00263262
1178.50 0.00257920
1179.47 0.00257894
1180.43 0.00247559
1181.40 0.00248691
1182.36 0.00246145
1183.33 0.00240156
1184.29 0.00250609
1185.25 0.00262927
1186.22 0.00262857
1187.18 0.00274420
1188.15 0.00272599
1189.11 0.00260836
1190.08 0.00249951
1191.04 0.00253349
1192.01 0.00262379
1192.97 0.00259885
1193.93 0.00255825
1194.90 0.00245834
1195.86 0.00245098
1196.83 0.00244912
1197.79 0.00239363
1198.76 0.00241506
1199.72 0.00233668
1200.69 0.00236276
1201.65 0.00268282
1202.61 0.00253351
1203.58 0.00241762
1204.54 0.00252372
1205.51 0.00250879
1206.47 0.00257511
1207.44 0.00254919
1208.40 0.00240121
1209.36 0.00235098
1210.33 0.00246598
1211.29 0.00251952
1212.26 0.00235853
1213.22 0.00229831
1214.19 0.00227531
1215.15 0.00237528
1216.12 0.00257783
1217.08 0.00261903
1218.04 0.00260156
1219.01 0.00263777
1219.97 0.00266218
1220.94 0.00246341
1221.90 0.00232729
1222.87 0.00235406
1223.83 0.00244593
1224.80 0.00268453
1225.76 0.00281302
1226.72 0.00310300
1227.69 0.00315571
1228.65 0.00278298
1229.62 0.00250649
1230.58 0.00248850
1231.55 0.00268557
1232.51 0.00238079
1233.47 -0.000251591
1234.44 -0.000789542
1235.40 0.00184143
1236.37 0.00259356
1237.33 0.00270996
1238.30 0.00275146
1239.26 0.00278633
1240.23 0.00300179
1241.19 0.00309636
1242.15 0.00304146
1243.12 0.00286128
1244.08 0.00272306
1245.05 0.00269097
1246.01 0.00276996
1246.98 0.00263621
1247.94 0.00236184
1248.91 0.00216300
1249.87 0.00191002
1250.83 0.00196187
1251.80 0.00236005
1252.76 0.00248443
1253.73 0.00235770
1254.69 0.00213029
1255.66 0.00201872
1256.62 0.00224915
1257.59 0.00247473
1258.55 0.00253121
1259.51 0.00256978
1260.48 0.00262042
1261.44 0.00260428
1262.41 0.00258166
1263.37 0.00246775
1264.34 0.00236180
1265.30 0.00243588
1266.26 0.00249795
1267.23 0.00251890
1268.19 0.00248019
1269.16 0.00244778
1270.12 0.00261046
1271.09 0.00261174
1272.05 0.00245209
1273.02 0.00248508
1273.98 0.00241399
1274.94 0.00238350
1275.91 0.00245371
1276.87 0.00251013
1277.84 0.00255767
1278.80 0.00249132
1279.77 0.00240448
1280.73 0.00241820
1281.70 0.00261958
1282.66 0.00273873
1283.62 0.00257702
1284.59 0.00247196
1285.55 0.00238560
1286.52 0.00242976
1287.48 0.00244492
1288.45 0.00231863
1289.41 0.00248592
1290.37 0.00256697
1291.34 0.00243589
1292.30 0.00248926
1293.27 0.00251555
1294.23 0.00247593
1295.20 0.00248914
1296.16 0.00252657
1297.13 0.00255520
1298.09 0.00244995
1299.05 0.00249001
1300.02 0.00257762
1300.98 0.00252792
1301.95 0.00248994
1302.91 0.00245822
1303.88 0.00246629
1304.84 0.00252859
1305.81 0.00258821
1306.77 0.00257067
1307.73 0.00247019
1308.70 0.00244075
1309.66 0.00250476
1310.63 0.00245616
1311.59 0.00245973
1312.56 0.00248824
1313.52 0.00243948
1314.48 0.00250637
1315.45 0.00259052
1316.41 0.00257617
1317.38 0.00247983
1318.34 0.00246044
1319.31 0.00252370
1320.27 0.00253051
1321.24 0.00252551
1322.20 0.00245148
1323.16 0.00248755
1324.13 0.00253573
1325.09 0.00249804
1326.06 0.00255700
1327.02 0.00242526
1327.99 0.00231143
1328.95 0.00244944
1329.92 0.00263928
1330.88 0.00270706
1331.84 0.00275753
1332.81 0.00295968
1333.77 0.00312207
1334.74 0.00312667
1335.70 0.00275558
1336.67 0.00204595
1337.63 0.00140565
1338.60 0.00116198
1339.56 0.000986781
1340.52 0.000649854
1341.49 0.00134566
1342.45 0.00250701
1343.42 0.00248114
1344.38 0.00252100
1345.35 0.00266864
1346.31 0.00129401
1347.27 -0.000640756
1348.24 -0.00161685
1349.20 -0.00154539
1350.17 -3.71980e-05
1351.13 0.00203384
1352.10 0.00281437
1353.06 0.00198053
1354.03 0.000956528
1354.99 0.000989313
1355.95 0.00147063
1356.92 0.00177256
1357.88 0.00199661
1358.85 0.00215092
1359.81 0.00223336
1360.78 0.00252552
1361.74 0.00269634
1362.71 0.00264231
1363.67 0.00259627
1364.63 0.00261863
1365.60 0.00276545
1366.56 0.00266676
1367.53 0.00260356
1368.49 0.00272628
1369.46 0.00260710
1370.42 0.00233326
1371.38 0.00234500
1372.35 0.00257391
1373.31 0.00275123
1374.28 0.00294788
1375.24 0.00323622
1376.21 0.00355341
1377.17 0.00353259
1378.14 0.00293989
1379.10 0.00253545
1380.06 0.00237002
1381.03 0.00184708
1381.99 0.00111412
1382.96 0.000406422
1383.92 0.000144736
1384.89 0.000253526
1385.85 0.000303422
1386.82 0.000215434
1387.78 0.000235524
1388.74 0.000282875
1389.71 0.000521014
1390.67 0.000738618
1391.64 0.000628999
1392.60 0.000709326
1393.57 0.000818591
1394.53 0.000773521
1395.50 0.000908189
1396.46 0.00105343
1397.42 0.00110636
1398.39 0.00123439
1399.35 0.00119842
1400.32 0.00129224
1401.28 0.00149809
1402.25 0.00140990
1403.21 0.000905189
1404.17 0.000855796
1405.14 0.00194654
1406.10 0.00225992
1407.07 0.00185839
1408.03 0.00172713
1409.00 0.00161680
1409.96 0.00149752
1410.93 0.00145185
1411.89 0.00133849
1412.85 0.00124182
1413.82 0.00136844
1414.78 0.00141609
1415.75 0.00147820
1416.71 0.00149480
1417.68 0.00152667
1418.64 0.00151208
1419.61 0.00141123
1420.57 0.00140331
1421.53 0.00142189
1422.50 0.00143328
1423.46 0.00150559
1424.43 0.00155902
1425.39 0.00160085
1426.36 0.00161552
1427.32 0.00153543
1428.28 0.00153489
1429.25 0.00154542
1430.21 0.00147144
1431.18 0.00146396
1432.14 0.00148511
1433.11 0.00156746
1434.07 0.00153232
1435.04 0.00142693
1436.00 0.00141960
1436.96 0.00130456
1437.93 0.00140392
1438.89 0.00158070
1439.86 0.00161370
1440.82 0.00161059
1441.79 0.00157474
1442.75 0.00163937
1443.72 0.00168498
1444.68 0.00157686
1445.64 0.00142515
1446.61 0.00139404
1447.57 0.00140704
1448.54 0.00144015
1449.50 0.00144699
1450.47 0.00151575
1451.43 0.00156857
1452.40 0.00148060
1453.36 0.00134958
1454.32 0.00125933
1455.29 0.00129981
1456.25 0.00113240
1457.22 0.00105568
1458.18 0.00126694
1459.15 0.00135093
1460.11 0.00137227
1461.07 0.00145692
1462.04 0.00139136
1463.00 0.00129586
1463.97 0.00132573
1464.93 0.00128962
1465.90 0.00124530
1466.86 0.00119172
1467.83 0.00127510
1468.79 0.00143962
1469.75 0.00142430
1470.72 0.00132420
1471.68 0.00132258
1472.65 0.00131712
1473.61 0.00126639
1474.58 0.00128536
1475.54 0.00141310
1476.51 0.00149790
1477.47 0.00143659
1478.43 0.00131958
1479.40 0.00134016
1480.36 0.00144501
1481.33 0.00140672
1482.29 0.00135331
1483.26 0.00135188
1484.22 0.00137709
1485.18 0.00136960
1486.15 0.00126113
1487.11 0.00115543
1488.08 0.00123000
1489.04 0.00128257
1490.01 0.00130964
1490.97 0.00132030
1491.94 0.00124138
1492.90 0.00133926
1493.86 0.00137138
1494.83 0.00132365
1495.79 0.00117835
1496.76 0.00110121
1497.72 0.00117105
1498.69 0.00118227
1499.65 0.00122525
1500.62 0.00116051
1501.58 0.00109386
1502.54 0.00113217
1503.51 0.00127753
1504.47 0.00130228
1505.44 0.00110737
1506.40 0.000968616
1507.37 0.000996329
1508.33 0.00120120
1509.29 0.00131132
1510.26 0.00128872
1511.22 0.00119923
1512.19 0.00116333
1513.15 0.00114973
1514.12 0.00110899
1515.08 0.00109746
1516.05 0.00111944
1517.01 0.00105404
1517.97 0.00108975
1518.94 0.00120110
1519.90 0.00114131
1520.87 0.000995228
1521.83 0.000941879
1522.80 0.00102646
1523.76 0.00108874
1524.73 0.00114118
1525.69 0.00118718
1526.65 0.00126533
1527.62 0.00121302
1528.58 0.00117156
1529.55 0.00118892
1530.51 0.00121899
1531.48 0.00117826
1532.44 0.00106345
1533.41 0.000958660
1534.37 0.00100073
1535.33 0.00116575
1536.30 0.00117651
1537.26 0.00116509
1538.23 0.00106067
1539.19 0.000851169
1540.16 0.000897585
1541.12 0.000993138
1542.08 0.000941910
1543.05 0.00108759
1544.01 0.00114276
1544.98 0.00101079
1545.94 0.000987671
1546.91 0.00106190
1547.87 0.00103079
1548.84 0.00104398
1549.80 0.000986899
1550.76 0.000963816
1551.73 0.00102342
1552.69 0.000983763
1553.66 0.00102148
1554.62 0.000995616
1555.59 0.00100589
1556.55 0.000939055
1557.52 0.000697391
1558.48 0.000677170
1559.44 0.000736590
1560.41 0.000788413
1561.37 0.000954427
1562.34 0.000966371
1563.30 0.000960988
1564.27 0.000908795
1565.23 0.000921606
1566.19 0.000974168
1567.16 0.000922680
1568.12 0.000917936
1569.09 0.000923591
1570.05 0.000873160
1571.02 0.000913738
1571.98 0.00102444
1572.95 0.000976141
1573.91 0.000925046
1574.87 0.000922753
1575.84 0.000700278
1576.80 0.000687798
1577.77 0.000825838
1578.73 0.000864620
1579.70 0.000837114
1580.66 0.000777611
1581.63 0.000819885
1582.59 0.000814254
1583.55 0.000852375
1584.52 0.000902755
1585.48 0.000830639
1586.45 0.000844923
1587.41 0.000978991
1588.38 0.000944078
1589.34 0.000879479
1590.31 0.000769179
1591.27 0.000745862
1592.23 0.000791877
1593.20 0.000795002
1594.16 0.000824780
1595.13 0.000809379
1596.09 0.000790020
1597.06 0.000768991
1598.02 0.000700115
1598.98 0.000716732
1599.95 0.000782198
1600.91 0.000725427
1601.88 0.000641617
1602.84 0.000532069
1603.81 0.000444602
1604.77 0.000484047
1605.74 0.000638383
1606.70 0.000860212
1607.66 0.00114347
1608.63 0.00147827
1609.59 0.00179102
1610.56 0.00202454
1611.52 0.00235142
1612.49 0.00298924
1613.45 0.00357034
1614.42 0.00358504
1615.38 0.00292341
1616.34 0.00184560
1617.31 0.00117201
1618.27 0.000950755
1619.24 0.000752492
1620.20 0.000608562
1621.17 0.000445595
1622.13 0.000245999
1623.09 5.30640e-05
1624.06 -9.92995e-05
1625.02 -0.000234471
1625.99 -0.000335212
1626.95 -0.000415100
1627.92 -0.000495438
1628.88 -0.000581322
1629.85 -0.000602056
1630.81 -0.000485737
1631.77 -0.000497817
1632.74 -0.000605348
1633.70 -0.000538524
1634.67 -0.000551350
1635.63 -0.000612824
1636.60 -0.000472947
1637.56 -0.000370018
1638.53 -0.000282638
1639.49 -0.000227005
1640.45 -0.000128320
1641.42 -7.49556e-05
1642.38 -0.000125349
1643.35 -5.32009e-05
1644.31 2.77795e-05
1645.28 -7.09286e-05
1646.24 -0.000117685
1647.20 6.08303e-05
1648.17 6.97672e-05
1649.13 9.57046e-05
1650.10 0.000144394
1651.06 0.000138605
1652.03 -7.58516e-05
1652.99 -0.000193788
1653.96 4.29070e-05
1654.92 0.000231275
1655.88 0.000252605
1656.85 0.000278506
1657.81 0.000475398
1658.78 0.000447514
1659.74 0.000371078
1660.71 0.000528085
1661.67 0.000532884
1662.64 0.000395475
1663.60 0.000290967
1664.56 0.000258281
1665.53 0.000416625
1666.49 0.000428333
1667.46 0.000405090
1668.42 0.000358880
1669.39 0.000295041
1670.35 0.000322535
1671.32 0.000313698
1672.28 0.000416325
1673.24 0.000504453
1674.21 0.000331952
1675.17 0.000163173
1676.14 0.000253366
1677.10 0.000340640
1678.07 0.000343905
1679.03 0.000400013
1679.99 0.000366522
1680.96 0.000305202
1681.92 0.000343855
1682.89 0.000260289
1683.85 5.22938e-05
1684.82 -7.22492e-05
1685.78 0.000108629
1686.75 0.000275070
1687.71 0.000343181
1688.67 0.000413695
1689.64 0.000349409
1690.60 0.000318916
1691.57 0.000352843
1692.53 0.000273093
1693.50 0.000247184
1694.46 0.000221867
1695.43 -7.62185e-05
1696.39 -7.19922e-05
1697.35 0.000211225
1698.32 0.000270604
1699.28 0.000158645
1700.25 8.27946e-07
1701.21 0.000123361
1702.18 0.000302637
1703.14 0.000337894
1704.10 0.000234531
1705.07 0.000138713
1706.03 0.000140755
1707.00 9.40477e-05
1707.96 0.000191192
1708.93 0.000258510
1709.89 0.000173338
1710.86 0.000132938
1711.82 0.000212689
1712.78 0.000184641
1713.75 -1.14543e-05
1714.71 -5.37978e-05
1715.68 4.57102e-05
1716.64 -2.98303e-05
1717.61 -0.000123819
1718.57 -7.48569e-05
1719.54 -1.24425e-05
1720.50 1.52271e-06
1721.46 -2.13105e-05
1722.43 -2.39909e-05
1723.39 4.16795e-05
1724.36 3.59016e-05
1725.32 -3.85251e-05
1726.29 -5.33983e-05
1727.25 -4.17233e-05
1728.22 1.64052e-05
1729.18 -2.51140e-05
1730.14 -0.000120733
1731.11 -7.40001e-05
1732.07 7.43838e-05
1733.04 -0.000114278
1734.00 -0.000332991
1734.97 -0.000239651
1735.93 -8.92607e-05
1736.89 -8.90680e-05
1737.86 -0.000141223
1738.82 -0.000147628
1739.79 -0.000236679
1740.75 -0.000228081
1741.72 -0.000100429
1742.68 -0.000183327
1743.65 -0.000231373
1744.61 -0.000130769
1745.57 -0.000180262
1746.54 -0.000283702
1747.50 -0.000293493
1748.47 -0.000221931
1749.43 -0.000192517
1750.40 -0.000269252
1751.36 -0.000418236
1752.33 -0.000342668
1753.29 -0.000264747
1754.25 -0.000240227
1755.22 -0.000211454
1756.18 -0.000338230
1757.15 -0.000288752
1758.11 -0.000187226
1759.08 -0.000202646
1760.04 -0.000221715
1761.00 -0.000256684
1761.97 -0.000352600
1762.93 -0.000363763
1763.90 -0.000328276
1764.86 -0.000283037
1765.83 -0.000347947
1766.79 -0.000383605
1767.76 -0.000427910
1768.72 -0.000610467
1769.68 -0.000508320
1770.65 -0.000275321
1771.61 -0.000260172
1772.58 -0.000367770
1773.54 -0.000315118
1774.51 -0.000277711
1775.47 -0.000261055
1776.44 -0.000164347
1777.40 -0.000215888
1778.36 -0.000377928
1779.33 -0.000417214
1780.29 -0.000458051
1781.26 -0.000527835
1782.22 -0.000537968
1783.19 -0.000507347
1784.15 -0.000427878
1785.11 -0.000308406
1786.08 -0.000255782
1787.04 -0.000296507
1788.01 -0.000361079
1788.97 -0.000335102
1789.94 -0.000414671
1790.90 -0.000550489
1791.87 -0.000522356
1792.83 -0.000429571
1793.79 -0.000328286
1794.76 -0.000341246
1795.72 -0.000426958
1796.69 -0.000473616
1797.65 -0.000388323
1798.62 -0.000335678
1799.58 -0.000474184
1800.55 -0.000542734
1801.51 -0.000440336
1802.47 -0.000396535
1803.44 -0.000415583
1804.40 -0.000317879
1805.37 -0.000335623
1806.33 -0.000445717
1807.30 -0.000462456
1808.26 -0.000485847
1809.23 -0.000544383
1810.19 -0.000491071
1811.15 -0.000438157
1812.12 -0.000375990
1813.08 -0.000387171
1814.05 -0.000532800
1815.01 -0.000551381
1815.98 -0.000491806
1816.94 -0.000443382
1817.90 -0.000513458
1818.87 -0.000593678
1819.83 -0.000586149
1820.80 -0.000475368
1821.76 -0.000506937
1822.73 -0.000593450
1823.69 -0.000595217
1824.66 -0.000630428
1825.62 -0.000536889
1826.58 -0.000426350
1827.55 -0.000480856
1828.51 -0.000610413
1829.48 -0.000659117
1830.44 -0.000613272
1831.41 -0.000636072
1832.37 -0.000737823
1833.34 -0.000644220
1834.30 -0.000530167
1835.26 -0.000513114
1836.23 -0.000407207
1837.19 -0.000457250
1838.16 -0.000471937
1839.12 -0.000524579
1840.09 -0.000716165
1841.05 -0.000695100
1842.01 -0.000625336
1842.98 -0.000660016
1843.94 -0.000688449
1844.91 -0.000610127
1845.87 -0.000616056
1846.84 -0.000716531
1847.80 -0.000712356
1848.77 -0.000688228
1849.73 -0.000640750
1850.69 -0.000581372
1851.66 -0.000482238
1852.62 -0.000439356
1853.59 -0.000504919
1854.55 -0.000529933
1855.52 -0.000567494
1856.48 -0.000598005
1857.45 -0.000674062
1858.41 -0.000688670
1859.37 -0.000603477
1860.34 -0.000558029
1861.30 -0.000568632
1862.27 -0.000644482
1863.23 -0.000731583
1864.20 -0.000696929
1865.16 -0.000610526
1866.12 -0.000650622
1867.09 -0.000727663
1868.05 -0.000758355
1869.02 -0.000787894
1869.98 -0.000712583
1870.95 -0.000637417
1871.91 -0.000619004
1872.88 -0.000590934
1873.84 -0.000697718
1874.80 -0.000576399
1875.77 -0.000470225
1876.73 -0.000602503
1877.70 -0.000538627
1878.66 -0.000588602
1879.63 -0.000634423
1880.59 -0.000652394
1881.56 -0.000790111
1882.52 -0.000779881
1883.48 -0.000801448
1884.45 -0.000877361
1885.41 -0.000893624
1886.38 -0.000784233
1887.34 -0.000747696
1888.31 -0.000831001
1889.27 -0.000869358
1890.24 -0.000867461
1891.20 -0.000864215
1892.16 -0.000912268
1893.13 -0.000874866
1894.09 -0.000861916
1895.06 -0.000894210
1896.02 -0.000785157
1896.99 -0.000670448
1897.95 -0.000714093
1898.91 -0.000822933
1899.88 -0.00100432
1900.84 -0.00111266
1901.81 -0.000937142
1902.77 -0.000767178
1903.74 -0.000855859
1904.70 -0.000949891
1905.67 -0.000928268
1906.63 -0.000866396
1907.59 -0.000901925
1908.56 -0.000899897
1909.52 -0.000910521
1910.49 -0.000951190
1911.45 -0.000827610
1912.42 -0.000769277
1913.38 -0.000913295
1914.35 -0.000966958
1915.31 -0.000910774
1916.27 -0.000936487
1917.24 -0.000989145
1918.20 -0.00122706
1919.17 -0.00132921
1920.13 -0.00123002
1921.10 -0.00120697
1922.06 -0.00113967
1923.03 -0.00105722
1923.99 -0.00107542
1924.95 -0.00111972
1925.92 -0.00117436
1926.88 -0.00118776
1927.85 -0.00112000
1928.81 -0.00108879
1929.78 -0.00113833
1930.74 -0.00122692
1931.70 -0.00131901
1932.67 -0.00132294
1933.63 -0.00128013
1934.60 -0.00119036
1935.56 -0.00117694
1936.53 -0.00119286
1937.49 -0.00120914
1938.46 -0.00134636
1939.42 -0.00131804
1940.38 -0.00125171
1941.35 -0.00130823
1942.31 -0.00127590
1943.28 -0.00127442
1944.24 -0.00126438
1945.21 -0.00116740
1946.17 -0.00114116
1947.14 -0.00112697
1948.10 -0.00123223
1949.06 -0.00132309
1950.03 -0.00137119
1950.99 -0.00144585
1951.96 -0.00141755
1952.92 -0.00139560
1953.89 -0.00139780
1954.85 -0.00145115
1955.81 -0.00152330
1956.78 -0.00152389
1957.74 -0.00146494
1958.71 -0.00136813
1959.67 -0.00132407
1960.64 -0.00135825
1961.60 -0.00143839
1962.57 -0.00154378
1963.53 -0.00149011
1964.49 -0.00149485
1965.46 -0.00155922
1966.42 -0.00145705
1967.39 -0.00137813
1968.35 -0.00136106
1969.32 -0.00144873
1970.28 -0.00146065
1971.25 -0.00145282
1972.21 -0.00145494
1973.17 -0.00142336
1974.14 -0.00141083
1975.10 -0.00145825
1976.07 -0.00146731
1977.03 -0.00145422
1978.00 -0.00150948
1978.96 -0.00153229
1979.92 -0.00153630
1980.89 -0.00162335
1981.85 -0.00161085
1982.82 -0.00148660
1983.78 -0.00154481
1984.75 -0.00154595
1985.71 -0.00153615
1986.68 -0.00160170
1987.64 -0.00155459
1988.60 -0.00152269
1989.57 -0.00159272
1990.53 -0.00163431
1991.50 -0.00162445
1992.46 -0.00161024
1993.43 -0.00166637
1994.39 -0.00163206
1995.36 -0.00164688
1996.32 -0.00171497
1997.28 -0.00166875
1998.25 -0.00167527
1999.21 -0.00177785
2000.18 -0.00185617
2001.14 -0.00182244
2002.11 -0.00176736
2003.07 -0.00175303
2004.04 -0.00172064
2005.00 -0.00169621
2005.96 -0.00164168
2006.93 -0.00170469
2007.89 -0.00183865
2008.86 -0.00183916
2009.82 -0.00182272
2010.79 -0.00185442
2011.75 -0.00183438
2012.71 -0.00176103
2013.68 -0.00174853
2014.64 -0.00171768
2015.61 -0.00179068
2016.57 -0.00184413
2017.54 -0.00182822
2018.50 -0.00187286
2019.47 -0.00196375
2020.43 -0.00203919
2021.39 -0.00192223
2022.36 -0.00193782
2023.32 -0.00206946
2024.29 -0.00197594
2025.25 -0.00203007
2026.22 -0.00212035
2027.18 -0.00201428
2028.15 -0.00201866
2029.11 -0.00209258
2030.07 -0.00195881
2031.04 -0.00190788
2032.00 -0.00205590
2032.97 -0.00215227
2033.93 -0.00219499
2034.90 -0.00217095
2035.86 -0.00208437
2036.82 -0.00213399
2037.79 -0.00217704
2038.75 -0.00208956
2039.72 -0.00205481
2040.68 -0.00205822
2041.65 -0.00207797
2042.61 -0.00217628
2043.58 -0.00211803
2044.54 -0.00209043
2045.50 -0.00211533
2046.47 -0.00206177
2047.43 -0.00210187
2048.40 -0.00212451
2049.36 -0.00205351
2050.33 -0.00198935
2051.29 -0.00213294
2052.26 -0.00225947
2053.22 -0.00231696
2054.18 -0.00230555
2055.15 -0.00220268
2056.11 -0.00223836
2057.08 -0.00230139
2058.04 -0.00221627
2059.01 -0.00220889
2059.97 -0.00220567
2060.94 -0.00217589
2061.90 -0.00209466
2062.86 -0.00211863
2063.83 -0.00225435
2064.79 -0.00218142
2065.76 -0.00196133
2066.72 -0.00220800
2067.69 -0.00244731
2068.65 -0.00225867
2069.61 -0.00224353
2070.58 -0.00222134
2071.54 -0.00224600
2072.51 -0.00240370
2073.47 -0.00234765
2074.44 -0.00222815
2075.40 -0.00231500
2076.37 -0.00230030
2077.33 -0.00237504
2078.29 -0.00240649
2079.26 -0.00237228
2080.22 -0.00235763
2081.19 -0.00231861
2082.15 -0.00240245
2083.12 -0.00236564
2084.08 -0.00235657
2085.05 -0.00240965
2086.01 -0.00231269
2086.97 -0.00228672
2087.94 -0.00228190
2088.90 -0.00233133
2089.87 -0.00242090
2090.83 -0.00233043
2091.80 -0.00234640
2092.76 -0.00241902
2093.72 -0.00237194
2094.69 -0.00240051
2095.65 -0.00250223
2096.62 -0.00245249
2097.58 -0.00241540
2098.55 -0.00248816
2099.51 -0.00247227
2100.48 -0.00252343
2101.44 -0.00256604
2102.40 -0.00242774
2103.37 -0.00240579
2104.33 -0.00247160
2105.30 -0.00255184
2106.26 -0.00263595
2107.23 -0.00265429
2108.19 -0.00260709
2109.16 -0.00259773
2110.12 -0.00262282
2111.08 -0.00255902
2112.05 -0.00251005
2113.01 -0.00244194
2113.98 -0.00248227
2114.94 -0.00252856
2115.91 -0.00257469
2116.87 -0.00260177
2117.83 -0.00252076
2118.80 -0.00252188
2119.76 -0.00251366
2120.73 -0.00261108
2121.69 -0.00276176
2122.66 -0.00278158
2123.62 -0.00273735
2124.59 -0.00272406
2125.55 -0.00271523
2126.51 -0.00271130
2127.48 -0.00267001
2128.44 -0.00256138
2129.41 -0.00258448
2130.37 -0.00267874
2131.34 -0.00270265
2132.30 -0.00266041
2133.27 -0.00271781
2134.23 -0.00277676
2135.19 -0.00273572
2136.16 -0.00270571
2137.12 -0.00269336
2138.09 -0.00268036
2139.05 -0.00270650
2140.02 -0.00279219
2140.98 -0.00276034
2141.95 -0.00266562
2142.91 -0.00271027
2143.87 -0.00267380
2144.84 -0.00270148
2145.80 -0.00278472
2146.77 -0.00274560
2147.73 -0.00272103
2148.70 -0.00281961
2149.66 -0.00286294
2150.62 -0.00277977
2151.59 -0.00278294
2152.55 -0.00299446
2153.52 -0.00307593
2154.48 -0.00297855
2155.45 -0.00297371
2156.41 -0.00296974
2157.38 -0.00295539
2158.34 -0.00293931
2159.30 -0.00286443
2160.27 -0.00277068
2161.23 -0.00276099
2162.20 -0.00273544
2163.16 -0.00268245
2164.13 -0.00273160
2165.09 -0.00274211
2166.06 -0.00277215
2167.02 -0.00279695
2167.98 -0.00277135
2168.95 -0.00274640
2169.91 -0.00271429
2170.88 -0.00274273
2171.84 -0.00280532
2172.81 -0.00280866
2173.77 -0.00288955
2174.73 -0.00294674
2175.70 -0.00292877
2176.66 -0.00285496
2177.63 -0.00283508
2178.59 -0.00292766
2179.56 -0.00287789
2180.52 -0.00275077
2181.49 -0.00283979
2182.45 -0.00297486
2183.41 -0.00296354
2184.38 -0.00293435
2185.34 -0.00293703
2186.31 -0.00290084
2187.27 -0.00288751
2188.24 -0.00283112
2189.20 -0.00279888
2190.17 -0.00286359
2191.13 -0.00288535
2192.09 -0.00280971
2193.06 -0.00270211
2194.02 -0.00270527
2194.99 -0.00278187
2195.95 -0.00273502
2196.92 -0.00273162
2197.88 -0.00278797
2198.84 -0.00273852
2199.81 -0.00265211
2200.77 -0.00261705
2201.74 -0.00265464
2202.70 -0.00275518
2203.67 -0.00283097
2204.63 -0.00280811
2205.60 -0.00270669
2206.56 -0.00263132
2207.52 -0.00264786
2208.49 -0.00267303
2209.45 -0.00264827
2210.42 -0.00263374
2211.38 -0.00268207
2212.35 -0.00266424
2213.31 -0.00258026
2214.28 -0.00251163
2215.24 -0.00248535
2216.20 -0.00254237
2217.17 -0.00256733
2218.13 -0.00242835
2219.10 -0.00232121
2220.06 -0.00227803
2221.03 -0.00221828
2221.99 -0.00214469
2222.96 -0.00206174
2223.92 -0.00214855
2224.88 -0.00213716
2225.85 -0.00209311
2226.81 -0.00210921
2227.78 -0.00205495
2228.74 -0.00189895
2229.71 -0.00182529
2230.67 -0.00178879
2231.63 -0.00165089
2232.60 -0.00157142
2233.56 -0.00156081
2234.53 -0.00144635
2235.49 -0.00123354
2236.46 -0.00109307
2237.42 -0.00100175
2238.39 -0.000671679
2239.35 -0.000173161
2240.31 0.000576456
2241.28 0.00169534
2242.24 0.00377317
2243.21 0.00747557
2244.17 0.0145536
2245.14 0.0298817
2246.10 0.0548404
2247.07 0.0686003
2248.03 0.0530491
2248.99 0.0277841
2249.96 0.0119367
2250.92 0.00457455
2251.89 0.00133535
2252.85 0.000141394
2253.82 -4.80656e-06
2254.78 0.000231135
2255.74 0.000372078
2256.71 0.000331784
2257.67 0.000485030
2258.64 0.000795837
2259.60 0.00108259
2260.57 0.00135980
2261.53 0.00176565
2262.50 0.00237657
2263.46 0.00328207
2264.42 0.00457256
2265.39 0.00531712
2266.35 0.00481698
2267.32 0.00430350
2268.28 0.00437758
2269.25 0.00474694
2270.21 0.00535583
2271.18 0.00604630
2272.14 0.00669623
2273.10 0.00756446
2274.07 0.00836731
2275.03 0.00917595
2276.00 0.0100414
2276.96 0.0110719
2277.93 0.0121066
2278.89 0.0133274
2279.86 0.0147667
2280.82 0.0165385
2281.78 0.0182215
2282.75 0.0197364
2283.71 0.0214365
2284.68 0.0234790
2285.64 0.0257478
2286.61 0.0285333
2287.57 0.0317666
2288.53 0.0352916
2289.50 0.0394269
2290.46 0.0443909
2291.43 0.0501283
2292.39 0.0574796
2293.36 0.0666019
2294.32 0.0786165
2295.29 0.0941858
2296.25 0.114425
2297.21 0.139064
2298.18 0.167542
2299.14 0.201321
2300.11 0.241036
2301.07 0.290257
2302.04 0.351393
2303.00 0.432966
2303.97 0.542278
2304.93 0.697933
2305.89 0.901765
2306.86 1.11864
2307.82 1.28489
2308.79 1.36646
2309.75 1.37596
2310.72 1.33661
2311.68 1.24645
2312.65 1.14373
2313.61 1.02277
2314.57 0.915756
2315.54 0.808410
2316.50 0.723184
2317.47 0.643981
2318.43 0.583545
2319.40 0.528967
2320.36 0.486778
2321.32 0.449201
2322.29 0.419645
2323.25 0.392877
2324.22 0.370901
2325.18 0.350611
2326.15 0.332836
2327.11 0.316295
2328.08 0.300752
2329.04 0.285914
2330.00 0.271950
2330.97 0.257779
2331.93 0.244393
2332.90 0.231304
2333.86 0.218956
2334.83 0.207448
2335.79 0.196371
2336.76 0.185949
2337.72 0.176425
2338.68 0.167163
2339.65 0.157898
2340.61 0.148718
2341.58 0.138717
2342.54 0.127176
2343.51 0.113186
2344.47 0.0961078
2345.43 0.0778229
2346.40 0.0628416
2347.36 0.0537376
2348.33 0.0496921
2349.29 0.0477154
2350.26 0.0467714
2351.22 0.0485526
2352.19 0.0541356
2353.15 0.0598642
2354.11 0.0591574
2355.08 0.0505991
2356.04 0.0403696
2357.01 0.0328580
2357.97 0.0283581
2358.94 0.0253058
2359.90 0.0233720
2360.87 0.0218872
2361.83 0.0207287
2362.79 0.0197097
2363.76 0.0188884
2364.72 0.0182097
2365.69 0.0175879
2366.65 0.0170254
2367.62 0.0168081
2368.58 0.0164349
2369.54 0.0161706
2370.51 0.0160338
2371.47 0.0161035
2372.44 0.0162117
2373.40 0.0163184
2374.37 0.0164800
2375.33 0.0167428
2376.30 0.0169698
2377.26 0.0171483
2378.22 0.0173972
2379.19 0.0176595
2380.15 0.0177710
2381.12 0.0177997
2382.08 0.0177094
2383.05 0.0176968
2384.01 0.0175989
2384.98 0.0172941
2385.94 0.0169928
2386.90 0.0168318
2387.87 0.0165987
2388.83 0.0163673
2389.80 0.0161326
2390.76 0.0159373
2391.73 0.0157310
2392.69 0.0154933
2393.66 0.0152223
2394.62 0.0149865
2395.58 0.0148709
2396.55 0.0148841
2397.51 0.0146820
2398.48 0.0143475
2399.44 0.0141368
2400.41 0.0139256
2401.37 0.0137638
2402.33 0.0137362
2403.30 0.0136301
2404.26 0.0134805
2405.23 0.0133999
2406.19 0.0132760
2407.16 0.0131762
2408.12 0.0131102
2409.09 0.0128834
2410.05 0.0126585
2411.01 0.0125414
2411.98 0.0125080
2412.94 0.0123344
2413.91 0.0122367
2414.87 0.0122244
2415.84 0.0121444
2416.80 0.0120081
2417.77 0.0117735
2418.73 0.0115466
2419.69 0.0113959
2420.66 0.0112717
2421.62 0.0111437
2422.59 0.0108638
2423.55 0.0105491
2424.52 0.0103743
2425.48 0.0101650
2426.44 0.0100102
2427.41 0.00978126
2428.37 0.00945279
2429.34 0.00922218
2430.30 0.00908048
2431.27 0.00892908
2432.23 0.00853283
2433.20 0.00828305
2434.16 0.00801981
2435.12 0.00779015
2436.09 0.00768792
2437.05 0.00744526
2438.02 0.00726102
2438.98 0.00714356
2439.95 0.00694362
2440.91 0.00677945
2441.88 0.00667650
2442.84 0.00656298
2443.80 0.00641373
2444.77 0.00627627
2445.73 0.00618472
2446.70 0.00607827
2447.66 0.00601485
2448.63 0.00595981
2449.59 0.00588849
2450.55 0.00583249
2451.52 0.00559799
2452.48 0.00548367
2453.45 0.00550133
2454.41 0.00536475
2455.38 0.00529454
2456.34 0.00533831
2457.31 0.00533010
2458.27 0.00525415
2459.23 0.00513222
2460.20 0.00509180
2461.16 0.00500323
2462.13 0.00486663
2463.09 0.00471765
2464.06 0.00464541
2465.02 0.00466421
2465.99 0.00456925
2466.95 0.00447507
2467.91 0.00436106
2468.88 0.00417891
2469.84 0.00421381
2470.81 0.00420707
2471.77 0.00412607
2472.74 0.00408353
2473.70 0.00407963
2474.67 0.00400500
2475.63 0.00397110
2476.59 0.00408421
2477.56 0.00406888
2478.52 0.00399549
2479.49 0.00383116
2480.45 0.00367247
2481.42 0.00357165
2482.38 0.00358116
2483.34 0.00368348
2484.31 0.00358726
2485.27 0.00349618
2486.24 0.00346987
2487.20 0.00338409
2488.17 0.00329538
2489.13 0.00331801
2490.10 0.00328590
2491.06 0.00324333
2492.02 0.00329786
2492.99 0.00326505
2493.95 0.00308539
2494.92 0.00299199
2495.88 0.00298502
2496.85 0.00287493
2497.81 0.00293437
2498.78 0.00301747
2499.74 0.00292682
2500.70 0.00302456
2501.67 0.00298697
2502.63 0.00285662
2503.60 0.00287544
2504.56 0.00275769
2505.53 0.00269741
2506.49 0.00271076
2507.45 0.00269102
2508.42 0.00267064
2509.38 0.00267250
2510.35 0.00263182
2511.31 0.00257969
2512.28 0.00255921
2513.24 0.00250788
2514.21 0.00253001
2515.17 0.00247838
2516.13 0.00238745
2517.10 0.00237269
2518.06 0.00242466
2519.03 0.00244720
2519.99 0.00235078
2520.96 0.00231852
2521.92 0.00218610
2522.89 0.00214575
2523.85 0.00218723
2524.81 0.00213572
2525.78 0.00211407
2526.74 0.00198935
2527.71 0.00190221
2528.67 0.00195600
2529.64 0.00204905
2530.60 0.00202275
2531.56 0.00211284
2532.53 0.00211731
2533.49 0.00197241
2534.46 0.00190227
2535.42 0.00190357
2536.39 0.00185024
2537.35 0.00178715
2538.32 0.00186612
2539.28 0.00183203
2540.24 0.00174314
2541.21 0.00168201
2542.17 0.00161713
2543.14 0.00165191
2544.10 0.00173772
2545.07 0.00171391
2546.03 0.00164253
2547.00 0.00154631
2547.96 0.00148243
2548.92 0.00152106
2549.89 0.00165215
2550.85 0.00166208
2551.82 0.00165687
2552.78 0.00178620
2553.75 0.00171850
2554.71 0.00155783
2555.68 0.00150873
2556.64 0.00151337
2557.60 0.00147251
2558.57 0.00148811
2559.53 0.00150316
2560.50 0.00140896
2561.46 0.00134471
2562.43 0.00136432
2563.39 0.00142897
2564.35 0.00147372
2565.32 0.00153453
2566.28 0.00147439
2567.25 0.00124981
2568.21 0.00121226
2569.18 0.00127078
2570.14 0.00130564
2571.11 0.00118977
2572.07 0.00115973
2573.03 0.00127229
2574.00 0.00125663
2574.96 0.00113039
2575.93 0.00114393
2576.89 0.00131420
2577.86 0.00115433
2578.82 0.000952608
2579.79 0.00101815
2580.75 0.00103622
2581.71 0.000992301
2582.68 0.000965247
2583.64 0.000985228
2584.61 0.00102848
2585.57 0.00109216
2586.54 0.00102541
2587.50 0.000946200
2588.46 0.000934189
2589.43 0.000896045
2590.39 0.00102554
2591.36 0.000900199
2592.32 0.000758394
2593.29 0.000812956
2594.25 0.000843556
2595.22 0.000913721
2596.18 0.000931523
2597.14 0.00103902
2598.11 0.00101050
2599.07 0.000945602
2600.04 0.000933276
2601.00 0.000797586
2601.97 0.000739163
2602.93 0.000612074
2603.90 0.000544055
2604.86 0.000744673
2605.82 0.000870091
2606.79 0.000839775
2607.75 0.000743896
2608.72 0.000662684
2609.68 0.000719909
2610.65 0.000824100
2611.61 0.000702627
2612.58 0.000579722
2613.54 0.000775552
2614.50 0.000846284
2615.47 0.000723182
2616.43 0.000698517
2617.40 0.000586720
2618.36 0.000610259
2619.33 0.000666765
2620.29 0.000602307
2621.25 0.000583049
2622.22 0.000547660
2623.18 0.000576405
2624.15 0.000476218
2625.11 0.000358869
2626.08 0.000391786
2627.04 0.000451139
2628.01 0.000527759
2628.97 0.000486014
2629.93 0.000412471
2630.90 0.000484196
2631.86 0.000551158
2632.83 0.000516985
2633.79 0.000515947
2634.76 0.000424479
2635.72 0.000443446
2636.69 0.000427780
2637.65 0.000376950
2638.61 0.000487323
2639.58 0.000491861
2640.54 0.000418835
2641.51 0.000328478
2642.47 0.000351456
2643.44 0.000437901
2644.40 0.000431783
2645.36 0.000435268
2646.33 0.000484918
2647.29 0.000411603
2648.26 0.000318956
2649.22 0.000282845
2650.19 0.000303400
2651.15 0.000327692
2652.12 0.000312254
2653.08 0.000249249
2654.04 0.000220745
2655.01 0.000212610
2655.97 0.000246710
2656.94 0.000413680
2657.90 0.000281481
2658.87 5.71534e-05
2659.83 0.000242359
2660.80 0.000376334
2661.76 0.000253045
2662.72 0.000231154
2663.69 0.000326433
2664.65 0.000304846
2665.62 0.000182832
2666.58 6.90483e-05
2667.55 0.000108635
2668.51 0.000189153
2669.48 9.56431e-05
2670.44 7.83671e-05
2671.40 0.000107091
2672.37 0.000143886
2673.33 0.000143114
2674.30 0.000170911
2675.26 0.000246342
2676.23 0.000154441
2677.19 1.77771e-05
2678.15 6.52149e-05
2679.12 0.000103021
2680.08 0.000122357
2681.05 0.000112165
2682.01 9.29087e-05
2682.98 0.000158021
2683.94 0.000143765
2684.91 0.000126779
2685.87 8.92282e-05
2686.83 9.41791e-05
2687.80 4.53983e-05
2688.76 -1.30478e-05
2689.73 7.76742e-05
2690.69 8.88314e-05
2691.66 5.55590e-05
2692.62 0.000151819
2693.59 0.000119846
2694.55 -1.90903e-05
2695.51 -4.50257e-05
2696.48 -2.93907e-05
2697.44 -0.000133524
2698.41 -0.000275288
2699.37 -0.000106215
2700.34 4.19244e-05
2701.30 -5.57024e-05
2702.26 -0.000145726
2703.23 -0.000113383
2704.19 -7.13039e-05
2705.16 -0.000200855
2706.12 -0.000197172
2707.09 -0.000209520
2708.05 -0.000270035
2709.02 -0.000243479
2709.98 -0.000302793
2710.94 -0.000208402
2711.91 3.00575e-05
2712.87 0.000107350
2713.84 2.21133e-05
2714.80 9.60939e-06
2715.77 6.50752e-05
2716.73 -5.92507e-06
2717.70 -0.000210157
2718.66 -0.000253053
2719.62 -0.000257650
2720.59 -0.000250377
2721.55 -4.83673e-05
2722.52 -8.85911e-05
2723.48 -0.000268882
2724.45 -0.000277603
2725.41 -0.000292087
2726.38 -0.000303604
2727.34 -0.000408884
2728.30 -0.000328967
2729.27 -0.000260880
2730.23 -0.000245659
2731.20 -0.000206767
2732.16 -0.000282042
2733.13 -0.000223650
2734.09 -0.000247620
2735.05 -0.000267990
2736.02 -0.000252090
2736.98 -0.000214558
2737.95 -0.000190658
2738.91 -0.000285219
2739.88 -0.000305915
2740.84 -0.000280075
2741.81 -0.000169266
2742.77 -0.000233922
2743.73 -0.000345079
2744.70 -0.000263268
2745.66 -0.000232520
2746.63 -0.000400104
2747.59 -0.000585552
2748.56 -0.000513032
2749.52 -0.000423979
2750.49 -0.000375157
2751.45 -0.000310101
2752.41 -0.000395441
2753.38 -0.000467515
2754.34 -0.000356052
2755.31 -0.000319621
2756.27 -0.000330156
2757.24 -0.000351423
2758.20 -0.000373054
2759.16 -0.000325985
2760.13 -0.000306347
2761.09 -0.000346074
2762.06 -0.000341032
2763.02 -0.000356255
2763.99 -0.000460710
2764.95 -0.000460831
2765.92 -0.000423484
2766.88 -0.000394801
2767.84 -0.000287917
2768.81 -0.000303863
2769.77 -0.000384677
2770.74 -0.000294721
2771.70 -0.000264632
2772.67 -0.000396473
2773.63 -0.000448178
2774.60 -0.000461014
2775.56 -0.000497120
2776.52 -0.000501521
2777.49 -0.000402054
2778.45 -0.000440253
2779.42 -0.000486583
2780.38 -0.000494679
2781.35 -0.000555601
2782.31 -0.000609394
2783.27 -0.000596188
2784.24 -0.000576608
2785.20 -0.000649098
2786.17 -0.000626214
2787.13 -0.000574999
2788.10 -0.000477713
2789.06 -0.000429895
2790.03 -0.000526307
2790.99 -0.000547884
2791.95 -0.000416961
2792.92 -0.000414070
2793.88 -0.000345644
2794.85 -0.000402546
2795.81 -0.000536917
2796.78 -0.000585016
2797.74 -0.000636283
2798.71 -0.000586780
2799.67 -0.000575045
2800.63 -0.000493808
2801.60 -0.000541398
2802.56 -0.000805559
2803.53 -0.000834748
2804.49 -0.000765506
2805.46 -0.000678491
2806.42 -0.000600645
2807.39 -0.000549326
2808.35 -0.000395777
2809.31 -0.000567624
2810.28 -0.000666102
2811.24 -0.000572048
2812.21 -0.000502322
2813.17 -0.000561865
2814.14 -0.000667237
2815.10 -0.000576274
2816.06 -0.000606012
2817.03 -0.000711380
2817.99 -0.000519514
2818.96 -0.000467977
2819.92 -0.000592910
2820.89 -0.000584871
2821.85 -0.000659294
2822.82 -0.000671653
2823.78 -0.000731478
2824.74 -0.000824003
2825.71 -0.000738954
2826.67 -0.000697274
2827.64 -0.000736322
2828.60 -0.000716537
2829.57 -0.000735085
2830.53 -0.000714898
2831.50 -0.000564141
2832.46 -0.000534652
2833.42 -0.000605961
2834.39 -0.000650598
2835.35 -0.000779003
2836.32 -0.000809036
2837.28 -0.000586541
2838.25 -0.000538573
2839.21 -0.000715671
2840.17 -0.000886271
2841.14 -0.000797698
2842.10 -0.000725092
2843.07 -0.000747116
2844.03 -0.000727907
2845.00 -0.000724126
2845.96 -0.000686316
2846.93 -0.000884434
2847.89 -0.000961419
2848.85 -0.000788599
2849.82 -0.000619913
2850.78 -0.000641795
2851.75 -0.000727203
2852.71 -0.000777781
2853.68 -0.000841485
2854.64 -0.000877962
2855.61 -0.000865262
2856.57 -0.000929434
2857.53 -0.000865104
2858.50 -0.000615600
2859.46 -0.000642467
2860.43 -0.000867261
2861.39 -0.000909425
2862.36 -0.000915116
2863.32 -0.000968175
2864.28 -0.00100583
2865.25 -0.000962920
2866.21 -0.000779675
2867.18 -0.000751559
2868.14 -0.000874013
2869.11 -0.000926489
2870.07 -0.000940138
2871.04 -0.000831118
2872.00 -0.000790965
2872.96 -0.000883209
2873.93 -0.000967782
2874.89 -0.00102462
2875.86 -0.00102039
2876.82 -0.00102913
2877.79 -0.000921793
2878.75 -0.000894427
2879.72 -0.000954092
2880.68 -0.000910424
2881.64 -0.000983752
2882.61 -0.00107791
2883.57 -0.000947936
2884.54 -0.000782192
2885.50 -0.000696914
2886.47 -0.000776665
2887.43 -0.000965089
2888.40 -0.000980835
2889.36 -0.000923051
2890.32 -0.000974668
2891.29 -0.000919811
2892.25 -0.000841923
2893.22 -0.000890566
2894.18 -0.000972874
2895.15 -0.000989912
2896.11 -0.00100562
2897.07 -0.00104972
2898.04 -0.000910955
2899.00 -0.000860557
2899.97 -0.000920784
2900.93 -0.000991283
2901.90 -0.00105241
2902.86 -0.000972202
2903.83 -0.000953427
2904.79 -0.000984218
2905.75 -0.00108671
2906.72 -0.00113003
2907.68 -0.00101561
2908.65 -0.00103353
2909.61 -0.00116481
2910.58 -0.00127782
2911.54 -0.00112390
2912.51 -0.00102951
2913.47 -0.00106899
2914.43 -0.00101457
2915.40 -0.00105507
2916.36 -0.00112474
2917.33 -0.00132234
2918.29 -0.00124971
2919.26 -0.000934709
2920.22 -0.000939075
2921.18 -0.000962842
2922.15 -0.00102033
2923.11 -0.00115149
2924.08 -0.00115729
2925.04 -0.00104534
2926.01 -0.000927031
2926.97 -0.000975586
2927.94 -0.00108117
2928.90 -0.00109422
2929.86 -0.00102367
2930.83 -0.000885548
2931.79 -0.000892596
2932.76 -0.00108947
2933.72 -0.00118922
2934.69 -0.00118949
2935.65 -0.00101883
2936.62 -0.00107750
2937.58 -0.00125033
2938.54 -0.00105527
2939.51 -0.000955636
2940.47 -0.00113317
2941.44 -0.00124913
2942.40 -0.00123416
2943.37 -0.00126482
2944.33 -0.00128584
2945.30 -0.00124000
2946.26 -0.00119082
2947.22 -0.00118004
2948.19 -0.00107879
2949.15 -0.00109421
2950.12 -0.00119386
2951.08 -0.00116707
2952.05 -0.00116261
2953.01 -0.000920627
2953.97 -0.000860540
2954.94 -0.00101978
2955.90 -0.00108179
2956.87 -0.00114312
2957.83 -0.000967525
2958.80 -0.00109806
2959.76 -0.00127726
2960.73 -0.00116349
2961.69 -0.00110509
2962.65 -0.000970084
2963.62 -0.000917206
2964.58 -0.000938300
2965.55 -0.000921622
2966.51 -0.000955911
2967.48 -0.00100193
2968.44 -0.00107922
2969.41 -0.00120753
2970.37 -0.00122011
2971.33 -0.00112100
2972.30 -0.000961605
2973.26 -0.000864487
2974.23 -0.000967292
2975.19 -0.00115577
2976.16 -0.00120447
2977.12 -0.00118485
2978.08 -0.00116172
2979.05 -0.00113942
2980.01 -0.00100778
2980.98 -0.000959078
2981.94 -0.000909144
2982.91 -0.000713035
2983.87 -0.000671996
2984.84 -0.000761785
2985.80 -0.000893544
2986.76 -0.000904402
2987.73 -0.000845084
2988.69 -0.000804739
2989.66 -0.000813920
2990.62 -0.000913968
2991.59 -0.000923347
2992.55 -0.000825096
2993.52 -0.000861872
2994.48 -0.000898216
2995.44 -0.000991959
2996.41 -0.00104343
2997.37 -0.000913467
2998.34 -0.000880534
2999.30 -0.000888869
3000.27 -0.000833333
3001.23 -0.000909368
3002.20 -0.000920728
3003.16 -0.000832658
3004.12 -0.000913685
3005.09 -0.000994941
3006.05 -0.000963967
3007.02 -0.000781519
3007.98 -0.000843842
3008.95 -0.000996388
3009.91 -0.000896409
3010.87 -0.000838926
3011.84 -0.000888471
3012.80 -0.000874886
3013.77 -0.000788627
3014.73 -0.000819338
3015.70 -0.000847274
3016.66 -0.000736685
3017.63 -0.000658020
3018.59 -0.000683421
3019.55 -0.000720525
3020.52 -0.000676654
3021.48 -0.000815155
3022.45 -0.000802182
3023.41 -0.000694279
3024.38 -0.000727803
3025.34 -0.000807796
3026.31 -0.000931116
3027.27 -0.000788506
3028.23 -0.000860395
3029.20 -0.000788914
3030.16 -0.000758398
3031.13 -0.000865910
3032.09 -0.000864692
3033.06 -0.000853501
3034.02 -0.000572281
3034.98 -0.000381960
3035.95 -0.000393163
3036.91 -0.000454139
3037.88 -0.000367038
3038.84 -0.000298008
3039.81 -0.000506606
3040.77 -0.000565074
3041.74 -0.000389772
3042.70 -0.000330836
3043.66 -0.000425901
3044.63 -0.000445090
3045.59 -0.000324151
3046.56 -0.000339337
3047.52 -0.000538796
3048.49 -0.000700276
3049.45 -0.000499832
3050.42 -0.000372712
3051.38 -0.000485364
3052.34 -0.000352213
3053.31 -0.000369787
3054.27 -0.000246735
3055.24 -0.000196507
3056.20 -0.000232551
3057.17 -0.000189718
3058.13 -0.000371860
3059.09 -0.000227695
3060.06 -7.86614e-05
3061.02 -0.000156498
3061.99 -8.52589e-05
3062.95 -8.57916e-05
3063.92 -3.92497e-05
3064.88 4.35207e-05
3065.85 5.51678e-05
3066.81 0.000250043
3067.77 0.000117518
3068.74 -3.47309e-05
3069.70 0.000248447
3070.67 0.000230599
3071.63 0.000122285
3072.60 0.000212442
3073.56 0.000124827
3074.53 0.000280688
3075.49 0.000420373
3076.45 0.000377262
3077.42 0.000465427
3078.38 0.000418419
3079.35 0.000403490
3080.31 0.000471786
3081.28 0.000463955
3082.24 0.000600455
3083.21 0.000625232
3084.17 0.000572132
3085.13 0.000603937
3086.10 0.000616018
3087.06 0.000802824
3088.03 0.000972107
3088.99 0.000916416
3089.96 0.00100840
3090.92 0.00107551
3091.88 0.00118813
3092.85 0.00143932
3093.81 0.00129954
3094.78 0.00108823
3095.74 0.00107435
3096.71 0.00125725
3097.67 0.00138568
3098.64 0.00140467
3099.60 0.00146110
3100.56 0.00135893
3101.53 0.00124744
3102.49 0.00148697
3103.46 0.00165248
3104.42 0.00173181
3105.39 0.00182453
3106.35 0.00176697
3107.32 0.00193588
3108.28 0.00200802
3109.24 0.00196956
3110.21 0.00199578
3111.17 0.00194183
3112.14 0.00184495
3113.10 0.00188090
3114.07 0.00207633
3115.03 0.00218418
3115.99 0.00223393
3116.96 0.00229076
3117.92 0.00229482
3118.89 0.00235266
3119.85 0.00260632
3120.82 0.00262026
3121.78 0.00250832
3122.75 0.00271446
3123.71 0.00277713
3124.67 0.00264939
3125.64 0.00273264
3126.60 0.00287731
3127.57 0.00288796
3128.53 0.00295164
3129.50 0.00295729
3130.46 0.00292666
3131.43 0.00290202
3132.39 0.00295540
3133.35 0.00307199
3134.32 0.00304594
3135.28 0.00297883
3136.25 0.00319169
3137.21 0.00344468
3138.18 0.00340765
3139.14 0.00359094
3140.10 0.00377164
3141.07 0.00376031
3142.03 0.00363440
3143.00 0.00362707
3143.96 0.00378518
3144.93 0.00380155
3145.89 0.00397306
3146.86 0.00407994
3147.82 0.00408004
3148.78 0.00413945
3149.75 0.00411373
3150.71 0.00407955
3151.68 0.00423064
3152.64 0.00430915
3153.61 0.00427354
3154.57 0.00439606
3155.54 0.00455096
3156.50 0.00452948
3157.46 0.00448520
3158.43 0.00462080
3159.39 0.00474752
3160.36 0.00478183
3161.32 0.00460675
3162.29 0.00460776
3163.25 0.00486499
3164.22 0.00489990
3165.18 0.00490984
3166.14 0.00499527
3167.11 0.00492069
3168.07 0.00501753
3169.04 0.00513094
3170.00 0.00507439
3170.97 0.00510760
3171.93 0.00516765
3172.89 0.00531200
3173.86 0.00534163
3174.82 0.00550418
3175.79 0.00570641
3176.75 0.00557416
3177.72 0.00547459
3178.68 0.00544765
3179.65 0.00554488
3180.61 0.00563454
3181.57 0.00553251
3182.54 0.00568765
3183.50 0.00585931
3184.47 0.00585795
3185.43 0.00604832
3186.40 0.00608547
3187.36 0.00591254
3188.33 0.00578019
3189.29 0.00578486
3190.25 0.00593674
3191.22 0.00608309
3192.18 0.00610137
3193.15 0.00608873
3194.11 0.00618621
3195.08 0.00621767
3196.04 0.00603106
3197.00 0.00593464
3197.97 0.00608331
3198.93 0.00608850
3199.90 0.00616127
3200.86 0.00634716
3201.83 0.00628803
3202.79 0.00635313
3203.76 0.00628200
3204.72 0.00619550
3205.68 0.00624210
3206.65 0.00642138
3207.61 0.00651359
3208.58 0.00635887
3209.54 0.00639108
3210.51 0.00635867
3211.47 0.00630818
3212.44 0.00633406
3213.40 0.00628318
3214.36 0.00617760
3215.33 0.00615499
3216.29 0.00637941
3217.26 0.00643180
3218.22 0.00640873
3219.19 0.00654133
3220.15 0.00647745
3221.11 0.00633058
3222.08 0.00632848
3223.04 0.00643301
3224.01 0.00660662
3224.97 0.00661216
3225.94 0.00649177
3226.90 0.00654350
3227.87 0.00666962
3228.83 0.00669176
3229.79 0.00668800
3230.76 0.00689122
3231.72 0.00696276
3232.69 0.00688458
3233.65 0.00677693
3234.62 0.00671326
3235.58 0.00696621
3236.55 0.00713214
3237.51 0.00711809
3238.47 0.00736314
3239.44 0.00742528
3240.40 0.00735734
3241.37 0.00741778
3242.33 0.00739174
3243.30 0.00732408
3244.26 0.00725394
3245.23 0.00726609
3246.19 0.00735975
3247.15 0.00751832
3248.12 0.00756927
3249.08 0.00760954
3250.05 0.00753909
3251.01 0.00753747
3251.98 0.00771042
3252.94 0.00785020
3253.90 0.00792469
3254.87 0.00801935
3255.83 0.00803873
3256.80 0.00787639
3257.76 0.00777858
3258.73 0.00778414
3259.69 0.00774493
3260.66 0.00779000
3261.62 0.00781840
3262.58 0.00776499
3263.55 0.00799727
3264.51 0.00815116
3265.48 0.00789734
3266.44 0.00765234
3267.41 0.00769672
3268.37 0.00774362
3269.34 0.00786241
3270.30 0.00782651
3271.26 0.00767702
3272.23 0.00782361
3273.19 0.00777112
3274.16 0.00760152
3275.12 0.00745333
3276.09 0.00751863
3277.05 0.00774825
3278.02 0.00765844
3278.98 0.00755466
3279.94 0.00757479
3280.91 0.00752569
3281.87 0.00742802
3282.84 0.00728222
3283.80 0.00724705
3284.77 0.00736176
3285.73 0.00730359
3286.69 0.00722263
3287.66 0.00709154
3288.62 0.00707618
3289.59 0.00705890
3290.55 0.00705954
3291.52 0.00709826
3292.48 0.00701800
3293.45 0.00694183
3294.41 0.00686497
3295.37 0.00698652
3296.34 0.00693245
3297.30 0.00665640
3298.27 0.00668823
3299.23 0.00674779
3300.20 0.00659322
3301.16 0.00654698
3302.13 0.00664022
3303.09 0.00658888
3304.05 0.00640454
3305.02 0.00649638
3305.98 0.00661175
3306.95 0.00649509
3307.91 0.00647076
3308.88 0.00643161
3309.84 0.00638239
3310.80 0.00635446
3311.77 0.00625901
3312.73 0.00613679
3313.70 0.00604365
3314.66 0.00593903
3315.63 0.00578479
3316.59 0.00585627
3317.56 0.00588683
3318.52 0.00571482
3319.48 0.00536451
3320.45 0.00523158
3321.41 0.00555287
3322.38 0.00560754
3323.34 0.00541504
3324.31 0.00527001
3325.27 0.00529320
3326.24 0.00534748
3327.20 0.00529259
3328.16 0.00536919
3329.13 0.00521477
3330.09 0.00502637
3331.06 0.00491896
3332.02 0.00493547
3332.99 0.00504826
3333.95 0.00498807
3334.92 0.00490956
3335.88 0.00481468
3336.84 0.00466149
3337.81 0.00453369
3338.77 0.00479241
3339.74 0.00495661
3340.70 0.00489743
3341.67 0.00493804
3342.63 0.00489626
3343.59 0.00474749
3344.56 0.00467480
3345.52 0.00474233
3346.49 0.00480494
3347.45 0.00477327
3348.42 0.00454289
3349.38 0.00440443
3350.35 0.00467334
3351.31 0.00477359
3352.27 0.00452233
3353.24 0.00450705
3354.20 0.00443479
3355.17 0.00433502
3356.13 0.00444707
3357.10 0.00428430
3358.06 0.00401015
3359.03 0.00402508
3359.99 0.00417424
3360.95 0.00408429
3361.92 0.00388643
3362.88 0.00384909
3363.85 0.00366753
3364.81 0.00348459
3365.78 0.00358623
3366.74 0.00368970
3367.70 0.00369936
3368.67 0.00371381
3369.63 0.00375538
3370.60 0.00366244
3371.56 0.00362141
3372.53 0.00384206
3373.49 0.00387984
3374.46 0.00381760
3375.42 0.00366378
3376.38 0.00359506
3377.35 0.00375962
3378.31 0.00372431
3379.28 0.00375947
3380.24 0.00377816
3381.21 0.00384383
3382.17 0.00398682
3383.14 0.00392309
3384.10 0.00392579
3385.06 0.00400058
3386.03 0.00377386
3386.99 0.00370676
3387.96 0.00400704
3388.92 0.00381104
3389.89 0.00373012
3390.85 0.00387503
3391.81 0.00383103
3392.78 0.00378992
3393.74 0.00367823
3394.71 0.00368852
3395.67 0.00380054
3396.64 0.00378863
3397.60 0.00363675
3398.57 0.00343165
3399.53 0.00360656
3400.49 0.00404799
3401.46 0.00386639
3402.42 0.00356591
3403.39 0.00354592
3404.35 0.00352424
3405.32 0.00371355
3406.28 0.00381238
3407.25 0.00373979
3408.21 0.00371963
3409.17 0.00358726
3410.14 0.00358058
3411.10 0.00369202
3412.07 0.00365774
3413.03 0.00331928
3414.00 0.00323070
3414.96 0.00358015
3415.93 0.00347337
3416.89 0.00328142
3417.85 0.00321127
3418.82 0.00330620
3419.78 0.00338096
3420.75 0.00328199
3421.71 0.00307124
3422.68 0.00293588
3423.64 0.00314314
3424.60 0.00309760
3425.57 0.00306385
3426.53 0.00303571
3427.50 0.00280825
3428.46 0.00270862
3429.43 0.00273527
3430.39 0.00273334
3431.36 0.00273289
3432.32 0.00285037
3433.28 0.00289794
3434.25 0.00283350
3435.21 0.00287528
3436.18 0.00289884
3437.14 0.00284301
3438.11 0.00281808
3439.07 0.00276356
3440.04 0.00282393
3441.00 0.00320592
3441.96 0.00335841
3442.93 0.00321038
3443.89 0.00301217
3444.86 0.00271904
3445.82 0.00254734
3446.79 0.00250092
3447.75 0.00235942
3448.71 0.00220292
3449.68 0.00221340
3450.64 0.00216600
3451.61 0.00209859
3452.57 0.00219469
3453.54 0.00214588
3454.50 0.00214729
3455.47 0.00233088
3456.43 0.00222390
3457.39 0.00202101
3458.36 0.00213201
3459.32 0.00223153
3460.29 0.00217602
3461.25 0.00200885
3462.22 0.00200445
3463.18 0.00223587
3464.15 0.00230118
3465.11 0.00216901
3466.07 0.00204954
3467.04 0.00193335
3468.00 0.00199808
3468.97 0.00209169
3469.93 0.00209402
3470.90 0.00191334
3471.86 0.00172908
3472.82 0.00188842
3473.79 0.00180014
3474.75 0.00167009
3475.72 0.00161421
3476.68 0.00163306
3477.65 0.00181019
3478.61 0.00178144
3479.58 0.00159477
3480.54 0.00147792
3481.50 0.00148857
3482.47 0.00167091
3483.43 0.00166007
3484.40 0.00151311
3485.36 0.00136837
3486.33 0.00124831
3487.29 0.00118937
3488.26 0.00108122
3489.22 0.000991387
3490.18 0.00109296
3491.15 0.00112030
3492.11 0.00112538
3493.08 0.00122543
3494.04 0.00102811
3495.01 0.000891663
3495.97 0.000746340
3496.94 0.000594303
3497.90 0.000614081
3498.86 0.000731466
3499.83 0.000808330
3500.79 0.000739016
3501.76 0.000407586
3502.72 5.64735e-05
3503.69 0.000314644
3504.65 0.000295535
3505.61 0.000212930
3506.58 0.000397308
3507.54 0.000348205
3508.51 0.000304783
3509.47 0.000543183
3510.44 0.000819664
3511.40 0.000864169
3512.37 0.00134476
3513.33 0.00216266
3514.29 0.00326857
3515.26 0.00558726
3516.22 0.0103773
3517.19 0.0242886
3518.15 0.0513205
3519.12 0.0718327
3520.08 0.0662072
3521.05 0.0450213
3522.01 0.0250702
3522.97 0.0126385
3523.94 0.00716434
3524.90 0.00528577
3525.87 0.00477958
3526.83 0.00456220
3527.80 0.00413482
3528.76 0.00402315
3529.72 0.00377468
3530.69 0.00348920
3531.65 0.00338543
3532.62 0.00319495
3533.58 0.00311659
3534.55 0.00299122
3535.51 0.00308626
3536.48 0.00336318
3537.44 0.00310153
3538.40 0.00299338
3539.37 0.00344351
3540.33 0.00387596
3541.30 0.00387579
3542.26 0.00315354
3543.23 0.00267228
3544.19 0.00273804
3545.16 0.00280778
3546.12 0.00258874
3547.08 0.00236980
3548.05 0.00219565
3549.01 0.00208001
3549.98 0.00222826
3550.94 0.00220103
3551.91 0.00223728
3552.87 0.00228585
3553.83 0.00235832
3554.80 0.00224738
3555.76 0.00231676
3556.73 0.00253271
3557.69 0.00233439
3558.66 0.00240866
3559.62 0.00252374
3560.59 0.00234920
3561.55 0.00233829
3562.51 0.00233788
3563.48 0.00205785
3564.44 0.00190364
3565.41 0.00199561
3566.37 0.00203961
3567.34 0.00190948
3568.30 0.00174468
3569.27 0.00173356
3570.23 0.00176676
3571.19 0.00170976
3572.16 0.00169034
3573.12 0.00174625
3574.09 0.00161274
3575.05 0.00161474
3576.02 0.00160684
3576.98 0.00153005
3577.95 0.00161154
3578.91 0.00149515
3579.87 0.00141537
3580.84 0.00143637
3581.80 0.00143349
3582.77 0.00141539
3583.73 0.00147351
3584.70 0.00173242
3585.66 0.00163415
3586.62 0.00150467
3587.59 0.00165528
3588.55 0.00156971
3589.52 0.00120223
3590.48 0.000964258
3591.45 0.00114557
3592.41 0.00127351
3593.38 0.00126023
3594.34 0.00130137
3595.30 0.00135171
3596.27 0.00147424
3597.23 0.00151298
3598.20 0.00161561
3599.16 0.00176866
3600.13 0.00172768
3601.09 0.00191394
3602.06 0.00200447
3603.02 0.00195532
3603.98 0.00185038
3604.95 0.00201072
3605.91 0.00221938
3606.88 0.00214782
3607.84 0.00225518
3608.81 0.00227793
3609.77 0.00225439
3610.74 0.00223184
3611.70 0.00216851
3612.66 0.00212678
3613.63 0.00216253
3614.59 0.00219331
3615.56 0.00222086
3616.52 0.00210514
3617.49 0.00213270
3618.45 0.00235078
3619.41 0.00269666
3620.38 0.00325742
3621.34 0.00401810
3622.31 0.00490697
3623.27 0.00593036
3624.24 0.00833053
3625.20 0.0144919
3626.17 0.0291980
3627.13 0.0486959
3628.09 0.0559520
3629.06 0.0457310
3630.02 0.0296996
3630.99 0.0169494
3631.95 0.00962234
3632.92 0.00585253
3633.88 0.00393223
3634.85 0.00330332
3635.81 0.00335563
3636.77 0.00353884
3637.74 0.00351843
3638.70 0.00324664
3639.67 0.00315424
3640.63 0.00358995
3641.60 0.00377866
3642.56 0.00377337
3643.52 0.00351939
3644.49 0.00307190
3645.45 0.00298942
3646.42 0.00317153
3647.38 0.00317756
3648.35 0.00309047
3649.31 0.00313580
3650.28 0.00307801
3651.24 0.00316584
3652.20 0.00339278
3653.17 0.00330320
3654.13 0.00306094
3655.10 0.00298326
3656.06 0.00278400
3657.03 0.00299292
3657.99 0.00330967
3658.96 0.00339280
3659.92 0.00363134
3660.88 0.00356009
3661.85 0.00329112
3662.81 0.00324138
3663.78 0.00317221
3664.74 0.00288437
3665.71 0.00280671
3666.67 0.00290207
3667.64 0.00277011
3668.60 0.00246537
3669.56 0.00215243
3670.53 0.00179708
3671.49 0.00194045
3672.46 0.00206519
3673.42 0.00168457
3674.39 0.00142732
3675.35 0.00110719
3676.31 0.000945667
3677.28 0.00110453
3678.24 0.000838902
3679.21 0.000512766
3680.17 0.000595743
3681.14 0.000371810
3682.10 -0.000473404
3683.07 -0.00125134
3684.03 -0.00149375
3684.99 -0.00154346
3685.96 -0.00185909
3686.92 -0.00209190
3687.89 -0.00218102
3688.85 -0.00198013
3689.82 -0.00181775
3690.78 -0.00178565
3691.75 -0.00134376
3692.71 -0.000725865
3693.67 -0.000203265
3694.64 0.000189122
3695.60 0.000235029
3696.57 0.000392921
3697.53 0.000805128
3698.50 0.00108532
3699.46 0.00163084
3700.42 0.00188775
3701.39 0.00200415
3702.35 0.00263616
3703.32 0.00355347
3704.28 0.00507199
3705.25 0.00706829
3706.21 0.00843441
3707.18 0.00855862
3708.14 0.00763815
3709.10 0.00654948
3710.07 0.00533979
3711.03 0.00437042
3712.00 0.00384554
3712.96 0.00312177
3713.93 0.00245969
3714.89 0.00181973
3715.86 0.00160655
3716.82 0.00154059
3717.78 0.00139213
3718.75 0.00150936
3719.71 0.00159591
3720.68 0.00178274
3721.64 0.00172968
3722.61 0.00131802
3723.57 0.00121127
3724.53 0.00128282
3725.50 0.00121006
3726.46 0.00128962
3727.43 0.00150346
3728.39 0.00173692
3729.36 0.00168597
3730.32 0.00149393
3731.29 0.00144918
3732.25 0.00130564
3733.21 0.00140741
3734.18 0.00140616
3735.14 0.00124133
3736.11 0.00146759
3737.07 0.00165186
3738.04 0.00173902
3739.00 0.00193510
3739.97 0.00198716
3740.93 0.00203134
3741.89 0.00184422
3742.86 0.00163419
3743.82 0.00156737
3744.79 0.00134315
3745.75 0.00170593
3746.72 0.00207211
3747.68 0.00188720
3748.65 0.00186818
3749.61 0.00185907
3750.57 0.00189977
3751.54 0.00194775
3752.50 0.00171125
3753.47 0.00186383
3754.43 0.00207764
3755.40 0.00218952
3756.36 0.00211753
3757.32 0.00182104
3758.29 0.00189913
3759.25 0.00208084
3760.22 0.00195974
3761.18 0.00200105
3762.15 0.00213435
3763.11 0.00201386
3764.08 0.00212507
3765.04 0.00224018
3766.00 0.00209401
3766.97 0.00205061
3767.93 0.00188124
3768.90 0.00179995
3769.86 0.00182928
3770.83 0.00192319
3771.79 0.00214402
3772.76 0.00233054
3773.72 0.00235427
3774.68 0.00239491
3775.65 0.00240683
3776.61 0.00227927
3777.58 0.00217959
3778.54 0.00218704
3779.51 0.00219696
3780.47 0.00225101
3781.43 0.00227645
3782.40 0.00234419
3783.36 0.00232824
3784.33 0.00187737
3785.29 0.00192023
3786.26 0.00209227
3787.22 0.00217412
3788.19 0.00223316
3789.15 0.00248322
3790.11 0.00248079
3791.08 0.00205433
3792.04 0.00210820
3793.01 0.00216375
3793.97 0.00198541
3794.94 0.00198707
3795.90 0.00210484
3796.87 0.00227110
3797.83 0.00213167
3798.79 0.00215894
3799.76 0.00232190
3800.72 0.00221208
3801.69 0.00205775
3802.65 0.00204903
3803.62 0.00217610
3804.58 0.00188508
3805.54 0.00213367
3806.51 0.00246794
3807.47 0.00213683
3808.44 0.00223591
3809.40 0.00233840
3810.37 0.00236888
3811.33 0.00266937
3812.30 0.00250256
3813.26 0.00220026
3814.22 0.00214985
3815.19 0.00199504
3816.15 0.00182204
3817.12 0.00201234
3818.08 0.00242114
3819.05 0.00248594
3820.01 0.00235515
3820.98 0.00235805
3821.94 0.00229356
3822.90 0.00229427
3823.87 0.00227737
3824.83 0.00236489
3825.80 0.00261260
3826.76 0.00276532
3827.73 0.00260093
3828.69 0.00249245
3829.66 0.00256206
3830.62 0.00271479
3831.58 0.00273782
3832.55 0.00256793
3833.51 0.00277436
3834.48 0.00275738
3835.44 0.00247432
3836.41 0.00226854
3837.37 0.00239638
3838.33 0.00242472
3839.30 0.00246795
3840.26 0.00276619
3841.23 0.00277962
3842.19 0.00257047
3843.16 0.00217440
3844.12 0.00205365
3845.09 0.00230729
3846.05 0.00272844
3847.01 0.00278239
3847.98 0.00247423
3848.94 0.00251509
3849.91 0.00247423
3850.87 0.00217410
3851.84 0.00245515
3852.80 0.00254401
3853.77 0.00203056
3854.73 0.00200953
3855.69 0.00256969
3856.66 0.00283825
3857.62 0.00289092
3858.59 0.00287458
3859.55 0.00257776
3860.52 0.00249242
3861.48 0.00253320
3862.44 0.00274767
3863.41 0.00281714
3864.37 0.00266342
3865.34 0.00273320
3866.30 0.00260368
3867.27 0.00254125
3868.23 0.00279844
3869.20 0.00271672
3870.16 0.00224831
3871.12 0.00247231
3872.09 0.00280569
3873.05 0.00255449
3874.02 0.00234507
3874.98 0.00251487
3875.95 0.00271226
3876.91 0.00273156
3877.88 0.00286765
3878.84 0.00279546
3879.80 0.00288987
3880.77 0.00334486
3881.73 0.00339447
3882.70 0.00300257
3883.66 0.00291388
3884.63 0.00299729
3885.59 0.00263241
3886.55 0.00237243
3887.52 0.00257023
3888.48 0.00264155
3889.45 0.00269586
3890.41 0.00279839
3891.38 0.00279600
3892.34 0.00298603
3893.31 0.00294495
3894.27 0.00282898
3895.23 0.00287291
3896.20 0.00293744
3897.16 0.00316417
3898.13 0.00323120
3899.09 0.00317783
3900.06 0.00306656
3901.02 0.00285361
3901.99 0.00287934
3902.95 0.00300918
3903.91 0.00288553
3904.88 0.00316287
3905.84 0.00332662
3906.81 0.00317096
3907.77 0.00334031
3908.74 0.00328395
3909.70 0.00326791
3910.67 0.00320675
3911.63 0.00300851
3912.59 0.00310898
3913.56 0.00333683
3914.52 0.00339859
3915.49 0.00332415
3916.45 0.00319591
3917.42 0.00295857
3918.38 0.00303054
3919.34 0.00315562
3920.31 0.00315727
3921.27 0.00321145
3922.24 0.00321932
3923.20 0.00350450
3924.17 0.00355566
3925.13 0.00333904
3926.10 0.00315952
3927.06 0.00316310
3928.02 0.00330209
3928.99 0.00322866
3929.95 0.00335325
3930.92 0.00318653
3931.88 0.00302413
3932.85 0.00322571
3933.81 0.00336551
3934.78 0.00345259
3935.74 0.00365779
3936.70 0.00364029
3937.67 0.00339038
3938.63 0.00335829
3939.60 0.00322158
3940.56 0.00317769
3941.53 0.00342139
3942.49 0.00349150
3943.46 0.00321600
3944.42 0.00335011
3945.38 0.00352012
3946.35 0.00334093
3947.31 0.00354675
3948.28 0.00364356
3949.24 0.00382248
3950.21 0.00392779
3951.17 0.00353561
3952.13 0.00331604
3953.10 0.00336136
3954.06 0.00331379
3955.03 0.00311130
3955.99 0.00329494
3956.96 0.00345436
3957.92 0.00358130
3958.89 0.00364742
3959.85 0.00335596
3960.81 0.00348740
3961.78 0.00346553
3962.74 0.00342078
3963.71 0.00358541
3964.67 0.00369386
3965.64 0.00377659
3966.60 0.00368645
3967.57 0.00365468
3968.53 0.00357904
3969.49 0.00370649
3970.46 0.00401254
3971.42 0.00401099
3972.39 0.00369424
3973.35 0.00347871
3974.32 0.00366486
3975.28 0.00377172
3976.24 0.00363478
3977.21 0.00382254
3978.17 0.00385331
3979.14 0.00354567
3980.10 0.00392464
3981.07 0.00402621
3982.03 0.00377608
3983.00 0.00380865
3983.96 0.00396942
3984.92 0.00397420
3985.89 0.00334497
3986.85 0.00327096
3987.82 0.00399933
3988.78 0.00392862
3989.75 0.00358170
3990.71 0.00371969
3991.68 0.00391357
3992.64 0.00398626
3993.60 0.00405905
3994.57 0.00417644
3995.53 0.00388563
3996.50 0.00395302
3997.46 0.00417232
3998.43 0.00406932
3999.39 0.00399272
4000.35 0.00414922
4001.32 0.00437372
4002.28 0.00422132
4003.25 0.00407742
4004.21 0.00411132
4005.18 0.00379742
4006.14 0.00397712
4007.11 0.00416712
4008.07 0.00411022
4009.03 0.00422652
4010.00 0.00388972
4010.96 0.00402102
4011.93 0.00432422
4012.89 0.00416052
4013.86 0.00435972
4014.82 0.00447872
4015.79 0.00435141
4016.75 0.00432972
4017.71 0.00430482
4018.68 0.00447422
4019.64 0.00443692
4020.61 0.00429272
4021.57 0.00434902
4022.54 0.00430401
4023.50 0.00427332
4024.47 0.00406141
4025.43 0.00373772
4026.39 0.00394302
4027.36 0.00428212
4028.32 0.00408012
4029.29 0.00413052
4030.25 0.00423252
4031.22 0.00393161
4032.18 0.00414592
4033.14 0.00447282
4034.11 0.00437062
4035.07 0.00418762
4036.04 0.00420382
4037.00 0.00443372
4037.97 0.00460752
4038.93 0.00477452
4039.90 0.00469501
4040.86 0.00441212
4041.82 0.00477622
4042.79 0.00494612
4043.75 0.00445182
4044.72 0.00419201
4045.68 0.00438352
4046.65 0.00449031
4047.61 0.00437902
4048.58 0.00457101
4049.54 0.00462782
4050.50 0.00426012
4051.47 0.00427242
4052.43 0.00444222
4053.40 0.00415421
4054.36 0.00429602
4055.33 0.00455931
4056.29 0.00455372
4057.25 0.00432252
4058.22 0.00426511
4059.18 0.00438452
4060.15 0.00415971
4061.11 0.00462332
4062.08 0.00495971
4063.04 0.00478472
4064.01 0.00472791
4064.97 0.00432912
4065.93 0.00439042
4066.90 0.00507711
4067.86 0.00530732
4068.83 0.00515751
4069.79 0.00523112
4070.76 0.00515221
4071.72 0.00484542
4072.69 0.00492291
4073.65 0.00470511
4074.61 0.00439362
4075.58 0.00462041
4076.54 0.00483752
4077.51 0.00513931
4078.47 0.00503052
4079.44 0.00437361
4080.40 0.00447061
4081.36 0.00499492
4082.33 0.00478302
4083.29 0.00498912
4084.26 0.00485981
4085.22 0.00461912
4086.19 0.00468001
4087.15 0.00468721
4088.12 0.00522161
4089.08 0.00516631
4090.04 0.00500392
4091.01 0.00498401
4091.97 0.00498562
4092.94 0.00520481
4093.90 0.00519112
4094.87 0.00487051
4095.83 0.00500052
4096.80 0.00521211
4097.76 0.00483991
4098.72 0.00482612
4099.69 0.00504561
4100.65 0.00522692
4101.62 0.00541021
4102.58 0.00544352
4103.55 0.00553801
4104.51 0.00525211
4105.48 0.00468541
4106.44 0.00442571
4107.40 0.00508892
4108.37 0.00551951
4109.33 0.00532632
4110.30 0.00535041
4111.26 0.00543131
4112.23 0.00522531
4113.19 0.00493891
4114.15 0.00509382
4115.12 0.00526641
4116.08 0.00539482
4117.05 0.00509631
4118.01 0.00485821
4118.98 0.00497941
4119.94 0.00539101
4120.91 0.00580611
4121.87 0.00572491
4122.83 0.00570062
4123.80 0.00582401
4124.76 0.00586681
4125.73 0.00540311
4126.69 0.00510772
4127.66 0.00533351
4128.62 0.00526462
4129.59 0.00519061
4130.55 0.00531851
4131.51 0.00555011
4132.48 0.00546451
4133.44 0.00523622
4134.41 0.00540521
4135.37 0.00552332
4136.34 0.00552551
4137.30 0.00510321
4138.27 0.00529081
4139.23 0.00597481
4140.19 0.00602042
4141.16 0.00589161
4142.12 0.00576432
4143.09 0.00534461
4144.05 0.00511681
4145.02 0.00528971
4145.98 0.00550281
4146.94 0.00577482
4147.91 0.00583311
4148.87 0.00570772
4149.84 0.00549751
4150.80 0.00522231
4151.77 0.00522771
4152.73 0.00592991
4153.70 0.00610211
4154.66 0.00568791
4155.62 0.00572822
4156.59 0.00589801
4157.55 0.00589661
4158.52 0.00563451
4159.48 0.00566001
4160.45 0.00578921
4161.41 0.00566912
4162.38 0.00562381
4163.34 0.00610201
4164.30 0.00621822
4165.27 0.00557781
4166.23 0.00517542
4167.20 0.00534081
4168.16 0.00577611
4169.13 0.00605331
4170.09 0.00611061
4171.05 0.00595322
4172.02 0.00575031
4172.98 0.00585221
4173.95 0.00592871
4174.91 0.00572262
4175.88 0.00588801
4176.84 0.00617211
4177.81 0.00629811
4178.77 0.00640021
4179.73 0.00595342
4180.70 0.00579711
4181.66 0.00567392
4182.63 0.00552961
4183.59 0.00573551
4184.56 0.00580171
4185.52 0.00613451
4186.49 0.00592461
4187.45 0.00553841
4188.41 0.00581442
4189.38 0.00596271
4190.34 0.00609691
4191.31 0.00621271
4192.27 0.00607551
4193.24 0.00623331
4194.20 0.00613871
4195.17 0.00569711
4196.13 0.00581231
4197.09 0.00618461
4198.06 0.00605161
4199.02 0.00578261
4199.99 0.00584571
4200.95 0.00578151
4201.92 0.00594461
4202.88 0.00612231
4203.84 0.00582581
4204.81 0.00586751
4205.77 0.00597131
4206.74 0.00562221
4207.70 0.00565311
4208.67 0.00610171
4209.63 0.00638981
4210.60 0.00645891
4211.56 0.00636111
4212.52 0.00608841
4213.49 0.00615541
4214.45 0.00676021
4215.42 0.00682081
4216.38 0.00655181
4217.35 0.00658181
4218.31 0.00666961
4219.27 0.00666171
4220.24 0.00624101
4221.20 0.00588482
4222.17 0.00591891
4223.13 0.00635921
4224.10 0.00664741
4225.06 0.00613801
4226.03 0.00602670
4226.99 0.00631591
4227.95 0.00615281
4228.92 0.00612591
4229.88 0.00656011
4230.85 0.00693261
4231.81 0.00703751
4232.78 0.00683660
4233.74 0.00630751
4234.71 0.00640600
4235.67 0.00687061
4236.63 0.00657261
4237.60 0.00619271
4238.56 0.00650771
4239.53 0.00661940
4240.49 0.00670711
4241.46 0.00677010
4242.42 0.00647221
4243.39 0.00646200
4244.35 0.00663791
4245.31 0.00703771
4246.28 0.00697470
4247.24 0.00680071
4248.21 0.00654170
4249.17 0.00645191
4250.14 0.00649771
4251.10 0.00636821
4252.06 0.00672871
4253.03 0.00698230
4253.99 0.00670811
4254.96 0.00663490
4255.92 0.00668141
4256.89 0.00675930
4257.85 0.00691151
4258.82 0.00694850
4259.78 0.00702290
4260.74 0.00682931
4261.71 0.00663180
4262.67 0.00657241
4263.64 0.00656861
4264.60 0.00650661
4265.57 0.00687710
4266.53 0.00695651
4267.50 0.00699280
4268.46 0.00711561
4269.42 0.00708611
4270.39 0.00699961
4271.35 0.00704411
4272.32 0.00722040
4273.28 0.00685791
4274.25 0.00724540
4275.21 0.00753391
4276.17 0.00703911
4277.14 0.00683211
4278.10 0.00715071
4279.07 0.00728440
4280.03 0.00668791
4281.00 0.00656790
4281.96 0.00684451
4282.93 0.00713810
4283.89 0.00707361
4284.85 0.00678431
4285.82 0.00695860
4286.78 0.00696571
4287.75 0.00692310
4288.71 0.00691701
4289.68 0.00672780
4290.64 0.00699511
4291.61 0.00679100
4292.57 0.00640740
4293.53 0.00708411
4294.50 0.00733921
4295.46 0.00695351
4296.43 0.00698771
4297.39 0.00703201
4298.36 0.00710020
4299.32 0.00734531
4300.29 0.00727470
4301.25 0.00710231
4302.21 0.00739421
4303.18 0.00752781
4304.14 0.00732911
4305.11 0.00771830
4306.07 0.00760641
4307.04 0.00727480
4308.00 0.00747641
4308.96 0.00761111
4309.93 0.00766551
4310.89 0.00777701
4311.86 0.00777030
4312.82 0.00787961
4313.79 0.00811100
4314.75 0.00806281
4315.72 0.00755840
4316.68 0.00729231
4317.64 0.00775481
4318.61 0.00753580
4319.57 0.00729011
4320.54 0.00748990
4321.50 0.00769801
4322.47 0.00808180
4323.43 0.00792961
4324.40 0.00720970
4325.36 0.00680350
4326.32 0.00698011
4327.29 0.00735750
4328.25 0.00795041
4329.22 0.00797980
4330.18 0.00732941
4331.15 0.00742100
4332.11 0.00806400
4333.07 0.00805371
4334.04 0.00771470
4335.00 0.00746781
4335.97 0.00703120
4336.93 0.00710421
4337.90 0.00779850
4338.86 0.00773660
4339.83 0.00796540
4340.79 0.00802070
4341.75 0.00773181
4342.72 0.00777011
4343.68 0.00751251
4344.65 0.00726870
4345.61 0.00755531
4346.58 0.00828540
4347.54 0.00852551
4348.51 0.00805320
4349.47 0.00779321
4350.43 0.00776651
4351.40 0.00806720
4352.36 0.00831281
4353.33 0.00812910
4354.29 0.00817261
4355.26 0.00830510
4356.22 0.00822881
4357.19 0.00805460
4358.15 0.00813820
4359.11 0.00814481
4360.08 0.00782040
4361.04 0.00791471
4362.01 0.00830320
4362.97 0.00812681
4363.94 0.00764730
4364.90 0.00751950
4365.86 0.00824331
4366.83 0.00803730
4367.79 0.00796171
4368.76 0.00854330
4369.72 0.00796321
4370.69 0.00846050
4371.65 0.00890500
4372.62 0.00816460
4373.58 0.00817950
4374.54 0.00839631
4375.51 0.00826830
4376.47 0.00810241
4377.44 0.00789840
4378.40 0.00837800
4379.37 0.00837440
4380.33 0.00799120
4381.29 0.00834921
4382.26 0.00797320
4383.22 0.00817671
4384.19 0.00856020
4385.15 0.00819850
4386.12 0.00840330
4387.08 0.00822200
4388.05 0.00795350
4389.01 0.00807980
4389.97 0.00861891
4390.94 0.00918500
4391.90 0.00893310
4392.87 0.00876930
4393.83 0.00840740
4394.80 0.00809260
4395.76 0.00805420
4396.73 0.00794880
4397.69 0.00831740
4398.65 0.00871811
4399.62 0.00863340
4400.58 0.00827421
