# {"full": "OCS", "name": "OCS", "ratio": "1", "url": "https://icedb.strw.leidenuniv.nl/data/160", "author": "Julia Heuritsch", "latex_molname": "OCS", "temperature": 17.0, "index": 1145}
417.61493 0.00365
421.19775 0.00363
424.78056 0.00361
428.36338 0.0036
431.94619 0.00358
435.52901 0.00357
439.11182 0.00355
442.69464 0.00353
446.27745 0.00352
449.86027 0.0035
453.44308 0.00349
457.0259 0.00347
460.60871 0.00346
464.19153 0.00344
467.77434 0.00343
471.35716 0.00341
474.93997 0.00339
478.52279 0.00338
482.1056 0.00336
485.68842 0.00335
489.27123 0.00333
492.85405 0.00331
496.43686 0.00329
500.01968 0.00327
503.60249 0.00325
507.18531 0.00323
510.76812 0.00321
514.35094 0.00319
517.93376 0.00317
521.51657 0.00315
525.09939 0.00313
528.6822 0.00319
532.26502 0.00326
535.84783 0.00334
539.43065 0.00347
543.01346 0.00371
546.59628 0.00396
550.17909 0.00419
553.76191 0.00434
557.34472 0.00448
560.92754 0.00463
564.51035 0.00477
568.09317 0.00477
571.67598 0.00468
575.2588 0.0046
578.84161 0.00452
582.42443 0.00444
586.00724 0.00436
589.59006 0.00427
593.17287 0.00419
596.75569 0.00411
600.3385 0.00403
603.92132 0.00404
607.50413 0.00406
611.08695 0.00407
614.66977 0.00409
618.25258 0.0041
621.8354 0.00414
625.41821 0.00417
629.00103 0.00421
632.58384 0.00424
636.16666 0.00426
639.74947 0.00424
643.33229 0.00421
646.9151 0.00419
650.49792 0.00416
654.08073 0.00412
657.66355 0.00401
661.24636 0.00389
664.82918 0.00378
668.41199 0.00366
671.99481 0.00358
675.57762 0.00352
679.16044 0.00346
682.74325 0.00341
686.32607 0.00335
689.90888 0.00335
693.4917 0.00339
697.07451 0.00343
700.65733 0.00346
704.24014 0.0035
707.82296 0.00355
711.40578 0.00361
714.98859 0.00366
718.57141 0.00372
722.15422 0.00377
725.73704 0.00382
729.31985 0.00386
732.90267 0.00391
736.48548 0.00395
740.0683 0.00399
743.65111 0.00405
747.23393 0.0041
750.81674 0.00416
754.39956 0.00421
757.98237 0.00426
761.56519 0.00426
765.148 0.00426
768.73082 0.00426
772.31363 0.00426
775.89645 0.00425
779.47926 0.00419
783.06208 0.00412
786.64489 0.00406
790.22771 0.004
793.81052 0.00393
797.39334 0.00386
800.97615 0.00378
804.55897 0.0037
808.14179 0.00363
811.7246 0.00356
815.30742 0.00351
818.89023 0.00346
822.47305 0.0034
826.05586 0.00335
829.63868 0.00352
833.22149 0.00384
836.80431 0.00415
840.38712 0.00447
843.96994 0.00479
847.55275 0.00679
851.13557 0.0094
854.71838 0.02465
858.3012 0.03679
861.88401 0.02927
865.46683 0.01039
869.04964 0.0066
872.63246 0.00657
876.21527 0.00655
879.79809 0.00652
883.3809 0.00649
886.96372 0.00646
890.54653 0.00643
894.12935 0.0064
897.71216 0.00637
901.29498 0.00634
904.8778 0.00631
908.46061 0.00629
912.04343 0.00626
915.62624 0.00623
919.20906 0.0062
922.79187 0.00617
926.37469 0.00614
929.9575 0.00611
933.54032 0.00608
937.12313 0.00605
940.70595 0.00603
944.28876 0.006
947.87158 0.00597
951.45439 0.00594
955.03721 0.00591
958.62002 0.00588
962.20284 0.00585
965.78565 0.00582
969.36847 0.0058
972.95128 0.00577
976.5341 0.00574
980.11691 0.00571
983.69973 0.00568
987.28254 0.00565
990.86536 0.00562
994.44817 0.00559
998.03099 0.00556
1001.61381 0.00554
1005.19662 0.00551
1008.77944 0.00548
1012.36225 0.00545
1015.94507 0.00542
1019.52788 0.00539
1023.1107 0.00536
1026.69351 0.00533
1030.27633 0.00531
1033.85914 0.00528
1037.44196 0.00585
1041.02477 0.0072
1044.60759 0.00663
1048.1904 0.00531
1051.77322 0.00532
1055.35603 0.00532
1058.93885 0.00532
1062.52166 0.00533
1066.10448 0.00533
1069.68729 0.00534
1073.27011 0.00534
1076.85292 0.00535
1080.43574 0.00535
1084.01855 0.00535
1087.60137 0.00536
1091.18418 0.00536
1094.767 0.00537
1098.34982 0.00537
1101.93263 0.00538
1105.51545 0.00538
1109.09826 0.00539
1112.68108 0.00539
1116.26389 0.00539
1119.84671 0.0054
1123.42952 0.0054
1127.01234 0.00541
1130.59515 0.00541
1134.17797 0.00542
1137.76078 0.00542
1141.3436 0.00543
1144.92641 0.00543
1148.50923 0.00543
1152.09204 0.00544
1155.67486 0.00544
1159.25767 0.00545
1162.84049 0.00545
1166.4233 0.00546
1170.00612 0.00546
1173.58893 0.00546
1177.17175 0.00547
1180.75456 0.00547
1184.33738 0.00548
1187.92019 0.00548
1191.50301 0.00549
1195.08583 0.00549
1198.66864 0.0055
1202.25146 0.0055
1205.83427 0.0055
1209.41709 0.00551
1212.9999 0.00551
1216.58272 0.00552
1220.16553 0.00552
1223.74835 0.00553
1227.33116 0.00553
1230.91398 0.00554
1234.49679 0.00554
1238.07961 0.00554
1241.66242 0.00555
1245.24524 0.00555
1248.82805 0.00556
1252.41087 0.00556
1255.99368 0.00557
1259.5765 0.00557
1263.15931 0.00557
1266.74213 0.00558
1270.32494 0.00558
1273.90776 0.00559
1277.49057 0.00559
1281.07339 0.0056
1284.6562 0.0056
1288.23902 0.00561
1291.82184 0.00561
1295.40465 0.00561
1298.98747 0.00562
1302.57028 0.00562
1306.1531 0.00563
1309.73591 0.00563
1313.31873 0.00564
1316.90154 0.00564
1320.48436 0.00565
1324.06717 0.00565
1327.64999 0.00565
1331.2328 0.00566
1334.81562 0.00566
1338.39843 0.00567
1341.98125 0.00567
1345.56406 0.00568
1349.14688 0.00568
1352.72969 0.00569
1356.31251 0.00569
1359.89532 0.00569
1363.47814 0.0057
1367.06095 0.0057
1370.64377 0.00571
1374.22658 0.00571
1377.8094 0.00572
1381.39221 0.00572
1384.97503 0.00572
1388.55785 0.00573
1392.14066 0.00573
1395.72348 0.00574
1399.30629 0.00574
1402.88911 0.00575
1406.47192 0.00575
1410.05474 0.00576
1413.63755 0.00576
1417.22037 0.00576
1420.80318 0.00577
1424.386 0.00577
1427.96881 0.00578
1431.55163 0.00578
1435.13444 0.00579
1438.71726 0.00579
1442.30007 0.0058
1445.88289 0.0058
1449.4657 0.0058
1453.04852 0.00581
1456.63133 0.00581
1460.21415 0.00582
1463.79696 0.00582
1467.37978 0.00583
1470.96259 0.00583
1474.54541 0.00583
1478.12822 0.00584
1481.71104 0.00584
1485.29386 0.00585
1488.87667 0.00585
1492.45949 0.00586
1496.0423 0.00586
1499.62512 0.00587
1503.20793 0.00587
1506.79075 0.00587
1510.37356 0.00588
1513.95638 0.00588
1517.53919 0.00589
1521.12201 0.00589
1524.70482 0.0059
1528.28764 0.0059
1531.87045 0.00591
1535.45327 0.00591
1539.03608 0.00591
1542.6189 0.00592
1546.20171 0.00592
1549.78453 0.00593
1553.36734 0.00593
1556.95016 0.00594
1560.53297 0.00594
1564.11579 0.00594
1567.6986 0.00595
1571.28142 0.00595
1574.86423 0.00596
1578.44705 0.00596
1582.02987 0.00597
1585.61268 0.00597
1589.1955 0.00598
1592.77831 0.00599
1596.36113 0.00658
1599.94394 0.00718
1603.52676 0.00777
1607.10957 0.00734
1610.69239 0.00688
1614.2752 0.00628
1617.85802 0.00565
1621.44083 0.00503
1625.02365 0.00441
1628.60646 0.00409
1632.18928 0.00407
1635.77209 0.00405
1639.35491 0.00403
1642.93772 0.00401
1646.52054 0.00399
1650.10335 0.00397
1653.68617 0.00398
1657.26898 0.00411
1660.8518 0.00424
1664.43461 0.00437
1668.01743 0.0045
1671.60024 0.00464
1675.18306 0.00477
1678.76588 0.0049
1682.34869 0.00503
1685.93151 0.00516
1689.51432 0.0053
1693.09714 0.00543
1696.67995 0.00556
1700.26277 0.00592
1703.84558 0.00635
1707.4284 0.00668
1711.01121 0.0061
1714.59403 0.00552
1718.17684 0.00526
1721.75966 0.0052
1725.34247 0.00514
1728.92529 0.00508
1732.5081 0.00503
1736.09092 0.00497
1739.67373 0.00491
1743.25655 0.00486
1746.83936 0.0048
1750.42218 0.00474
1754.00499 0.00468
1757.58781 0.00463
1761.17062 0.00457
1764.75344 0.00451
1768.33625 0.00445
1771.91907 0.0044
1775.50189 0.00434
1779.0847 0.00428
1782.66752 0.00423
1786.25033 0.00417
1789.83315 0.00411
1793.41596 0.00405
1796.99878 0.004
1800.58159 0.00394
1804.16441 0.00388
1807.74722 0.00383
1811.33004 0.0038
1814.91285 0.00388
1818.49567 0.00397
1822.07848 0.00405
1825.6613 0.00413
1829.24411 0.00421
1832.82693 0.00429
1836.40974 0.00437
1839.99256 0.00468
1843.57537 0.00501
1847.15819 0.00534
1850.741 0.00567
1854.32382 0.006
1857.90663 0.00633
1861.48945 0.00696
1865.07226 0.00802
1868.65508 0.00909
1872.2379 0.01016
1875.82071 0.01123
1879.40353 0.01232
1882.98634 0.01342
1886.56916 0.01412
1890.15197 0.01377
1893.73479 0.01343
1897.3176 0.01308
1900.90042 0.01273
1904.48323 0.01239
1908.06605 0.0121
1911.64886 0.01181
1915.23168 0.01152
1918.81449 0.01123
1922.39731 0.01094
1925.98012 0.01065
1929.56294 0.01036
1933.14575 0.01193
1936.72857 0.01376
1940.31138 0.01559
1943.8942 0.01743
1947.47701 0.01926
1951.05983 0.02109
1954.64264 0.02293
1958.22546 0.02444
1961.80827 0.02569
1965.39109 0.02694
1968.97391 0.02818
1972.55672 0.02943
1976.13954 0.03068
1979.72235 0.04462
1983.30517 0.04588
1986.88798 0.04864
1990.4708 0.05277
1994.05361 0.05783
1997.63643 0.0629
2001.21924 0.06796
2004.80206 0.08825
2008.38487 0.1152
2011.96769 0.2024
2015.5505 0.25343
2019.13332 0.38897
2022.71613 0.48278
2026.29895 0.5964
2029.88176 0.60277
2033.46458 0.62549
2037.04739 0.63107
2040.63021 0.63101
2044.21302 0.63095
2047.79584 0.62793
2051.37865 0.59293
2054.96147 0.5649
2058.54428 0.54542
2062.1271 0.51458
2065.70992 0.47629
2069.29273 0.44925
2072.87555 0.40381
2076.45836 0.31413
2080.04118 0.28853
2083.62399 0.21049
2087.20681 0.13075
2090.78962 0.08331
2094.37244 0.04478
2097.95525 0.03408
2101.53807 0.02166
2105.12088 0.01497
2108.7037 0.01057
2112.28651 0.0105
2115.86933 0.01044
2119.45214 0.01037
2123.03496 0.0103
2126.61777 0.01023
2130.20059 0.01016
2133.7834 0.01009
2137.36622 0.01003
2140.94903 0.00996
2144.53185 0.00989
2148.11466 0.00982
2151.69748 0.00975
2155.28029 0.00968
2158.86311 0.00961
2162.44593 0.00955
2166.02874 0.00948
2169.61156 0.00941
2173.19437 0.00934
2176.77719 0.00927
2180.36 0.0092
2183.94282 0.00914
2187.52563 0.00907
2191.10845 0.009
2194.69126 0.00893
2198.27408 0.00886
2201.85689 0.00879
2205.43971 0.00872
2209.02252 0.00866
2212.60534 0.00859
2216.18815 0.00852
2219.77097 0.00845
2223.35378 0.00838
2226.9366 0.00831
2230.51941 0.00825
2234.10223 0.00818
2237.68504 0.00811
2241.26786 0.00804
2244.85067 0.00797
2248.43349 0.0079
2252.0163 0.00784
2255.59912 0.00777
2259.18194 0.0077
2262.76475 0.00763
2266.34757 0.00756
2269.93038 0.00749
2273.5132 0.00742
2277.09601 0.00736
2280.67883 0.00729
2284.26164 0.00722
2287.84446 0.00715
2291.42727 0.00708
2295.01009 0.00701
2298.5929 0.00695
2302.17572 0.00688
2305.75853 0.00681
2309.34135 0.00674
2312.92416 0.00667
2316.50698 0.0066
2320.08979 0.00653
2323.67261 0.00647
2327.25542 0.0064
2330.83824 0.00633
2334.42105 0.00626
2338.00387 0.00619
2341.58668 0.00698
2345.1695 0.00688
2348.75231 0.00646
2352.33513 0.00604
2355.91795 0.00562
2359.50076 0.0052
2363.08358 0.00478
2366.66639 0.00462
2370.24921 0.0046
2373.83202 0.00457
2377.41484 0.00455
2380.99765 0.00453
2384.58047 0.00451
2388.16328 0.00449
2391.7461 0.00447
2395.32891 0.00445
2398.91173 0.00443
2402.49454 0.00441
2406.07736 0.00438
2409.66017 0.00436
2413.24299 0.00434
2416.8258 0.00432
2420.40862 0.0043
2423.99143 0.00428
2427.57425 0.00426
2431.15706 0.00424
2434.73988 0.00422
2438.32269 0.0042
2441.90551 0.00417
2445.48832 0.00415
2449.07114 0.00413
2452.65396 0.00411
2456.23677 0.00409
2459.81959 0.00407
2463.4024 0.00405
2466.98522 0.00403
2470.56803 0.00401
2474.15085 0.00399
2477.73366 0.00396
2481.31648 0.00394
2484.89929 0.00392
2488.48211 0.0039
2492.06492 0.00388
2495.64774 0.00386
2499.23055 0.00384
2502.81337 0.00382
2506.39618 0.0038
2509.979 0.00377
2513.56181 0.00375
2517.14463 0.00373
2520.72744 0.00371
2524.31026 0.00369
2527.89307 0.00367
2531.47589 0.00365
2535.0587 0.00363
2538.64152 0.00361
2542.22433 0.00359
2545.80715 0.00356
2549.38997 0.00354
2552.97278 0.00352
2556.5556 0.0035
2560.13841 0.00348
2563.72123 0.00346
2567.30404 0.00344
2570.88686 0.00342
2574.46967 0.0034
2578.05249 0.00337
2581.6353 0.00335
2585.21812 0.00333
2588.80093 0.00331
2592.38375 0.00329
2595.96656 0.00327
2599.54938 0.00325
2603.13219 0.00334
2606.71501 0.00348
2610.29782 0.00361
2613.88064 0.00374
2617.46345 0.00388
2621.04627 0.00401
2624.62908 0.00414
2628.2119 0.00424
2631.79471 0.00429
2635.37753 0.00435
2638.96034 0.0044
2642.54316 0.00445
2646.12598 0.0045
2649.70879 0.00455
2653.29161 0.0046
2656.87442 0.00461
2660.45724 0.00462
2664.04005 0.00463
2667.62287 0.00464
2671.20568 0.00465
2674.7885 0.00466
2678.37131 0.00467
2681.95413 0.00466
2685.53694 0.00465
2689.11976 0.00464
2692.70257 0.00462
2696.28539 0.00461
2699.8682 0.0046
2703.45102 0.00459
2707.03383 0.00462
2710.61665 0.00472
2714.19946 0.00481
2717.78228 0.0049
2721.36509 0.005
2724.94791 0.00509
2728.53072 0.00519
2732.11354 0.00528
2735.69635 0.00535
2739.27917 0.00542
2742.86199 0.00548
2746.4448 0.00555
2750.02762 0.00562
2753.61043 0.00569
2757.19325 0.00576
2760.77606 0.00577
2764.35888 0.00576
2767.94169 0.00576
2771.52451 0.00575
2775.10732 0.00575
2778.69014 0.00575
2782.27295 0.00574
2785.85577 0.00571
2789.43858 0.00565
2793.0214 0.00559
2796.60421 0.00553
2800.18703 0.00547
2803.76984 0.00541
2807.35266 0.00535
2810.93547 0.00531
2814.51829 0.00535
2818.1011 0.0054
2821.68392 0.00545
2825.26673 0.00549
2828.84955 0.00554
2832.43236 0.00559
2836.01518 0.00563
2839.598 0.00587
2843.18081 0.00614
2846.76363 0.00641
2850.34644 0.00668
2853.92926 0.00695
2857.51207 0.00722
2861.09489 0.00749
2864.6777 0.00872
2868.26052 0.01087
2871.84333 0.01302
2875.42615 0.01562
2879.00896 0.01758
2882.59178 0.01736
2886.17459 0.01714
2889.75741 0.01684
2893.34022 0.0162
2896.92304 0.01555
2900.50585 0.0149
2904.08867 0.01425
2907.67148 0.0136
2911.2543 0.01296
2914.83711 0.01231
2918.41993 0.01176
2922.00274 0.01123
2925.58556 0.0107
2929.16837 0.01017
2932.75119 0.00964
2936.33401 0.00911
2939.91682 0.00857
2943.49964 0.0082
2947.08245 0.00797
2950.66527 0.00774
2954.24808 0.00751
2957.8309 0.00728
2961.41371 0.00704
2964.99653 0.00681
2968.57934 0.00662
2972.16216 0.00658
2975.74497 0.00653
2979.32779 0.00648
2982.9106 0.00644
2986.49342 0.00639
2990.07623 0.00635
2993.65905 0.0063
2997.24186 0.00636
3000.82468 0.00643
3004.40749 0.00649
3007.99031 0.00656
3011.57312 0.00663
3015.15594 0.00669
3018.73875 0.00676
3022.32157 0.00683
3025.90438 0.00689
3029.4872 0.00695
3033.07002 0.00701
3036.65283 0.00707
3040.23565 0.00713
3043.81846 0.00719
3047.40128 0.00729
3050.98409 0.0075
3054.56691 0.00772
3058.14972 0.00793
3061.73254 0.00814
3065.31535 0.00835
3068.89817 0.00856
3072.48098 0.00877
3076.0638 0.00903
3079.64661 0.00928
3083.22943 0.00954
3086.81224 0.0098
3090.39506 0.01006
3093.97787 0.01031
3097.56069 0.01057
3101.1435 0.01083
3104.72632 0.01108
3108.30913 0.01143
3111.89195 0.01178
3115.47476 0.01213
3119.05758 0.01248
3122.64039 0.01284
3126.22321 0.01319
3129.80603 0.01354
3133.38884 0.01386
3136.97166 0.01416
3140.55447 0.01447
3144.13729 0.01477
3147.7201 0.01508
3151.30292 0.01538
3154.88573 0.01568
3158.46855 0.01599
3162.05136 0.01632
3165.63418 0.01664
3169.21699 0.01696
3172.79981 0.01728
3176.38262 0.0176
3179.96544 0.01792
3183.54825 0.01824
3187.13107 0.01855
3190.71388 0.01885
3194.2967 0.01916
3197.87951 0.01947
3201.46233 0.01978
3205.04514 0.02008
3208.62796 0.02039
3212.21077 0.02069
3215.79359 0.02099
3219.3764 0.02129
3222.95922 0.02159
3226.54204 0.02189
3230.12485 0.02219
3233.70767 0.02249
3237.29048 0.02276
3240.8733 0.02297
3244.45611 0.02318
3248.03893 0.02339
3251.62174 0.02361
3255.20456 0.02382
3258.78737 0.02403
3262.37019 0.02424
3265.953 0.02433
3269.53582 0.02441
3273.11863 0.0245
3276.70145 0.02458
3280.28426 0.02467
3283.86708 0.02475
3287.44989 0.02484
3291.03271 0.02483
3294.61552 0.02478
3298.19834 0.02473
3301.78115 0.02469
3305.36397 0.02464
3308.94678 0.0246
3312.5296 0.02455
3316.11241 0.02448
3319.69523 0.02437
3323.27805 0.02427
3326.86086 0.02416
3330.44368 0.02405
3334.02649 0.02395
3337.60931 0.02384
3341.19212 0.02373
3344.77494 0.02359
3348.35775 0.02346
3351.94057 0.02332
3355.52338 0.02318
3359.1062 0.02304
3362.68901 0.0229
3366.27183 0.02277
3369.85464 0.0226
3373.43746 0.02244
3377.02027 0.02227
3380.60309 0.0221
3384.1859 0.02193
3387.76872 0.02176
3391.35153 0.02159
3394.93435 0.0214
3398.51716 0.02118
3402.09998 0.02096
3405.68279 0.02074
3409.26561 0.02052
3412.84842 0.0203
3416.43124 0.02008
3420.01406 0.01985
3423.59687 0.01959
3427.17969 0.01932
3430.7625 0.01905
3434.34532 0.01878
3437.92813 0.01851
3441.51095 0.01824
3445.09376 0.01797
3448.67658 0.01764
3452.25939 0.0173
3455.84221 0.01695
3459.42502 0.01661
3463.00784 0.01626
3466.59065 0.01592
3470.17347 0.01557
3473.75628 0.01522
3477.3391 0.01486
3480.92191 0.0145
3484.50473 0.01414
3488.08754 0.01378
3491.67036 0.01342
3495.25317 0.01306
3498.83599 0.01271
3502.4188 0.0124
3506.00162 0.01208
3509.58443 0.01177
3513.16725 0.01146
3516.75007 0.01115
3520.33288 0.01083
3523.9157 0.01052
3527.49851 0.0103
3531.08133 0.0101
3534.66414 0.00991
3538.24696 0.00971
3541.82977 0.00951
3545.41259 0.00932
3548.9954 0.00912
3552.57822 0.00896
3556.16103 0.00885
3559.74385 0.00873
3563.32666 0.00862
3566.90948 0.0085
3570.49229 0.00838
3574.07511 0.00827
3577.65792 0.00816
3581.24074 0.00807
3584.82355 0.00798
3588.40637 0.00789
3591.98918 0.00781
3595.572 0.00772
3599.15481 0.00763
3602.73763 0.00754
3606.32044 0.00744
3609.90326 0.00734
3613.48608 0.00724
3617.06889 0.00713
3620.65171 0.00703
3624.23452 0.00692
3627.81734 0.00682
3631.40015 0.00676
3634.98297 0.00674
3638.56578 0.00673
3642.1486 0.00671
3645.73141 0.00669
3649.31423 0.00667
3652.89704 0.00665
3656.47986 0.0067
3660.06267 0.00699
3663.64549 0.00728
3667.2283 0.00757
3670.81112 0.00786
3674.39393 0.00815
3677.97675 0.00844
3681.55956 0.00873
3685.14238 0.0091
3688.72519 0.00947
3692.30801 0.00985
3695.89082 0.01009
3699.47364 0.00988
3703.05645 0.00966
3706.63927 0.00945
3710.22209 0.00915
3713.8049 0.0088
3717.38772 0.00845
3720.97053 0.0081
3724.55335 0.00776
3728.13616 0.00741
3731.71898 0.00706
3735.30179 0.00675
3738.88461 0.0066
3742.46742 0.00645
3746.05024 0.00629
3749.63305 0.00614
3753.21587 0.00598
3756.79868 0.00583
3760.3815 0.00567
3763.96431 0.00559
3767.54713 0.00552
3771.12994 0.00545
3774.71276 0.00537
3778.29557 0.0053
3781.87839 0.00522
3785.4612 0.00515
3789.04402 0.00513
3792.62683 0.00514
3796.20965 0.00515
3799.79246 0.00516
3803.37528 0.00517
3806.9581 0.00518
3810.54091 0.00519
3814.12373 0.00519
3817.70654 0.00517
3821.28936 0.00515
3824.87217 0.00513
3828.45499 0.00511
3832.0378 0.00509
3835.62062 0.00506
3839.20343 0.00504
3842.78625 0.00503
3846.36906 0.00501
3849.95188 0.005
3853.53469 0.00498
3857.11751 0.00497
3860.70032 0.00495
3864.28314 0.00494
3867.86595 0.00491
3871.44877 0.00489
3875.03158 0.00487
3878.6144 0.00484
3882.19721 0.00482
3885.78003 0.00479
3889.36284 0.00477
3892.94566 0.00474
3896.52847 0.00472
3900.11129 0.0047
3903.69411 0.00468
3907.27692 0.00466
3910.85974 0.00463
3914.44255 0.00461
3918.02537 0.00459
3921.60818 0.00456
3925.191 0.00453
3928.77381 0.0045
3932.35663 0.00447
3935.93944 0.00444
3939.52226 0.00441
3943.10507 0.00438
3946.68789 0.00437
3950.2707 0.00438
3953.85352 0.00438
3957.43633 0.00438
3961.01915 0.00439
3964.60196 0.00439
3968.18478 0.0044
3971.76759 0.00441
3975.35041 0.00444
3978.93322 0.00447
3982.51604 0.0045
3986.09885 0.00454
3989.68167 0.00457
3993.26448 0.0046
3996.8473 0.00463
