Reference:	"Jovanović et al. (2021)"
DOI:	"doi:https://doi.org/10.1016/j.icarus.2021.114398"
Sample Type:	"Gas Tholin"
Composition:	"N2:CH4:CO (98.95:1:0.05)"
Temperature:	"300K"
OCdb page:	"https://ocdb.smce.nasa.gov/dataset/185"
n₁ Error Units:	2σ error bars calculated based on the uncertainties of ellipsometric parameters Is and Ic at different wavelengths.
k₁ Error Units:	2σ error bars calculated based on the uncertainties of ellipsometric parameters Is and Ic at different wavelengths.

"Wavelength (µm)"	"n₁"	"Dn₁  (+/-)"		"Wavelength (µm)"	"k₁"	"Dk₁  (+/-)"	
2.1	1.625	0.004		2.1	0.000897	0.005	
2.095	1.625			2.095	0.00059		
2.09	1.625			2.09	0.000685		
2.085	1.626			2.085	0.000753		
2.08	1.627			2.08	0.000867		
2.075	1.627			2.075	0.001039		
2.07	1.628			2.07	0.001143		
2.065	1.628			2.065	0.001255		
2.06	1.628			2.06	0.001351		
2.055	1.629			2.055	0.001493		
2.05	1.629			2.05	0.001633		
2.045	1.629			2.045	0.001752		
2.04	1.63			2.04	0.001855		
2.035	1.63			2.035	0.001972		
2.03	1.63			2.03	0.002142		
2.025	1.63			2.025	0.002365		
2.02	1.63			2.02	0.002531		
2.015	1.63			2.015	0.002612		
2.01	1.63			2.01	0.002627		
2.005	1.63			2.005	0.002683		
2	1.63	0.001		2	0.002787	0.001	
1.995	1.63			1.995	0.002887		
1.99	1.631			1.99	0.002958		
1.985	1.631			1.985	0.002995		
1.98	1.631			1.98	0.003029		
1.975	1.631			1.975	0.003037		
1.97	1.631			1.97	0.003036		
1.965	1.631			1.965	0.003037		
1.96	1.632			1.96	0.003027		
1.955	1.632			1.955	0.002949		
1.95	1.632			1.95	0.002807		
1.945	1.632			1.945	0.00269		
1.94	1.633			1.94	0.002634		
1.935	1.633			1.935	0.002641		
1.93	1.633			1.93	0.002618		
1.925	1.633			1.925	0.002576		
1.92	1.633			1.92	0.002522		
1.915	1.633			1.915	0.002484		
1.91	1.633			1.91	0.002465		
1.905	1.633			1.905	0.002461		
1.9	1.633	0.001		1.9	0.002498	0.003	
1.895	1.633			1.895	0.002552		
1.89	1.634			1.89	0.002615		
1.885	1.634			1.885	0.002653		
1.88	1.634			1.88	0.002702		
1.875	1.634			1.875	0.002763		
1.87	1.634			1.87	0.002841		
1.865	1.635			1.865	0.002918		
1.86	1.635			1.86	0.002986		
1.855	1.635			1.855	0.003048		
1.85	1.635			1.85	0.003086		
1.845	1.635			1.845	0.003131		
1.84	1.635			1.84	0.003163		
1.835	1.636			1.835	0.003212		
1.83	1.636			1.83	0.003244		
1.825	1.636			1.825	0.003265		
1.82	1.636			1.82	0.003287		
1.815	1.636			1.815	0.003325		
1.81	1.636			1.81	0.00338		
1.805	1.637			1.805	0.00343		
1.8	1.637	0.001		1.8	0.003458	0.001	
1.795	1.637			1.795	0.003477		
1.79	1.637			1.79	0.003511		
1.785	1.637			1.785	0.003551		
1.78	1.637			1.78	0.003607		
1.775	1.637			1.775	0.003664		
1.77	1.638			1.77	0.003717		
1.765	1.638			1.765	0.003771		
1.76	1.638			1.76	0.003795		
1.755	1.638			1.755	0.003828		
1.75	1.638			1.75	0.00383		
1.745	1.638			1.745	0.003845		
1.74	1.638			1.74	0.003848		
1.735	1.638			1.735	0.003871		
1.73	1.639			1.73	0.003903		
1.725	1.639			1.725	0.003971		
1.72	1.639			1.72	0.004037		
1.715	1.639			1.715	0.00408		
1.71	1.639			1.71	0.004076		
1.705	1.639			1.705	0.00405		
1.7	1.639	0.001		1.7	0.004021	0.001	
1.695	1.639			1.695	0.004013		
1.69	1.64			1.69	0.004023		
1.685	1.64			1.685	0.004054		
1.68	1.64			1.68	0.004073		
1.675	1.64			1.675	0.004093		
1.67	1.64			1.67	0.004091		
1.665	1.64			1.665	0.004076		
1.66	1.641			1.66	0.004053		
1.655	1.641			1.655	0.00404		
1.65	1.641			1.65	0.004012		
1.645	1.641			1.645	0.003989		
1.64	1.641			1.64	0.003962		
1.635	1.641			1.635	0.003974		
1.63	1.641			1.63	0.003999		
1.625	1.642			1.625	0.004031		
1.62	1.642			1.62	0.004042		
1.615	1.642			1.615	0.004037		
1.61	1.642			1.61	0.004025		
1.605	1.642			1.605	0.004026		
1.6	1.643	0.002		1.6	0.004036	0.001	
1.595	1.643			1.595	0.004054		
1.59	1.643			1.59	0.004079		
1.585	1.643			1.585	0.004091		
1.58	1.643			1.58	0.004087		
1.575	1.643			1.575	0.004067		
1.57	1.643			1.57	0.004046		
1.565	1.644			1.565	0.004028		
1.56	1.644			1.56	0.004003		
1.555	1.644			1.555	0.00398		
1.55	1.644			1.55	0.003959		
1.545	1.644			1.545	0.003949		
1.54	1.644			1.54	0.003941		
1.535	1.644			1.535	0.003928		
1.53	1.644			1.53	0.003898		
1.525	1.644			1.525	0.003867		
1.52	1.644			1.52	0.003834		
1.515	1.644			1.515	0.003796		
1.51	1.644			1.51	0.003744		
1.505	1.645			1.505	0.003689		
1.5	1.645	0.003		1.5	0.003639	0.003	
1.495	1.645			1.495	0.0036		
1.49	1.645			1.49	0.003596		
1.485	1.645			1.485	0.003624		
1.48	1.645			1.48	0.003676		
1.475	1.645			1.475	0.003729		
1.47	1.645			1.47	0.003783		
1.465	1.645			1.465	0.003829		
1.46	1.645			1.46	0.003873		
1.455	1.645			1.455	0.003904		
1.45	1.645			1.45	0.003931		
1.445	1.645			1.445	0.003956		
1.44	1.645			1.44	0.00398		
1.435	1.645			1.435	0.004014		
1.43	1.645			1.43	0.004053		
1.425	1.646			1.425	0.004104		
1.42	1.646			1.42	0.004168		
1.415	1.646			1.415	0.004213		
1.41	1.646	0.003		1.41	0.004227	0.001	
1.405	1.646			1.405	0.004193		
1.4	1.646			1.4	0.004144		
1.395	1.646			1.395	0.004085		
1.39	1.646			1.39	0.004039		
1.385	1.646			1.385	0.004002		
1.38	1.646			1.38	0.003997		
1.375	1.646			1.375	0.004012		
1.37	1.646			1.37	0.004036		
1.365	1.646			1.365	0.004066		
1.36	1.646			1.36	0.004107		
1.355	1.646			1.355	0.004162		
1.35	1.646			1.35	0.004206		
1.345	1.645			1.345	0.004232		
1.34	1.645			1.34	0.004261		
1.335	1.645			1.335	0.004312		
1.33	1.645			1.33	0.004387		
1.325	1.645			1.325	0.004469		
1.32	1.645			1.32	0.004556		
1.315	1.645			1.315	0.004652		
1.31	1.645			1.31	0.00476		
1.305	1.645			1.305	0.004854		
1.3	1.645	0.004		1.3	0.004932	0.001	
1.295	1.645			1.295	0.004994		
1.29	1.645			1.29	0.005065		
1.285	1.644			1.285	0.005108		
1.28	1.644			1.28	0.005119		
1.275	1.644			1.275	0.005099		
1.27	1.644			1.27	0.005071		
1.265	1.644			1.265	0.005027		
1.26	1.644			1.26	0.004961		
1.255	1.644			1.255	0.004884		
1.25	1.644			1.25	0.004826		
1.245	1.644			1.245	0.004776		
1.24	1.644			1.24	0.00472		
1.235	1.644			1.235	0.004676		
1.23	1.644			1.23	0.004693		
1.225	1.643			1.225	0.004794		
1.22	1.643			1.22	0.004983		
1.215	1.643			1.215	0.005183		
1.21	1.643			1.21	0.00539		
1.205	1.642			1.205	0.005563		
1.2	1.642	0.004		1.2	0.005738	0.001	
1.195	1.642			1.195	0.005895		
1.19	1.641			1.19	0.00607		
1.185	1.641			1.185	0.006286		
1.18	1.641			1.18	0.006542		
1.175	1.64			1.175	0.006802		
1.17	1.64			1.17	0.007058		
1.165	1.639			1.165	0.007314		
1.16	1.639			1.16	0.007572		
1.155	1.638			1.155	0.007793		
1.15	1.638			1.15	0.007918		
1.145	1.637			1.145	0.007932		
1.14	1.637			1.14	0.007934		
1.135	1.637			1.135	0.008032		
1.13	1.636			1.13	0.008278		
1.125	1.636			1.125	0.008621		
1.12	1.635			1.12	0.009032		
1.115	1.634			1.115	0.009508		
1.11	1.633			1.11	0.009611		
1.105	1.633			1.105	0.009412		
1.1	1.633	0.003		1.1	0.009097	0.001	
1.095	1.633			1.095	0.008921		
1.09	1.634			1.09	0.008435		
1.085	1.634			1.085	0.007893		
1.08	1.634			1.08	0.007462		
1.075	1.635			1.075	0.006924		
1.07	1.636			1.07	0.006532		
1.065	1.636			1.065	0.006049		
1.06	1.637			1.06	0.005473		
1.055	1.638			1.055	0.004736		
1.05	1.639			1.05	0.004046		
1.045	1.64			1.045	0.003207		
1.04	1.642			1.04	0.002434		
1.035	1.643			1.035	0.001938		
1.03	1.643			1.03	0.001943		
1.025	1.644			1.025	0.001773		
1.02	1.645			1.02	0.001462		
1.015	1.645			1.015	0.001514		
1.01	1.645			1.01	0.001594		
1.005	1.646			1.005	0.001786		
1	1.646	0.002		1	0.001924	0.001	
0.995	1.647			0.995	0.001809		
0.99	1.647			0.99	0.001759		
0.985	1.647			0.985	0.001754		
0.98	1.647			0.98	0.001825		
0.975	1.648			0.975	0.001897		
0.97	1.649			0.97	0.002103		
0.965	1.65			0.965	0.002215		
0.96	1.652			0.96	0.002661		
0.955	1.654			0.955	0.002726		
0.95	1.656			0.95	0.003035		
0.945	1.657			0.945	0.003231		
0.94	1.659	0.002		0.94	0.003374	0.001	
0.935	1.66			0.935	0.003453		
0.93	1.661			0.93	0.003301		
0.925	1.662			0.925	0.003285		
0.92	1.663			0.92	0.003306		
0.915	1.664			0.915	0.00356		
0.91	1.665			0.91	0.003896		
0.905	1.666			0.905	0.004215		
0.9	1.666			0.9	0.004255		
0.895	1.666			0.895	0.004354		
0.89	1.666			0.89	0.004548		
0.885	1.665			0.885	0.004548		
0.88	1.664			0.88	0.004325		
0.875	1.663			0.875	0.003973		
0.87	1.663			0.87	0.003748		
0.865	1.663			0.865	0.00354		
0.86	1.662			0.86	0.003425		
0.855	1.662			0.855	0.003323		
0.85	1.662	0.001		0.85	0.003282	0.001	
0.845	1.662			0.845	0.003359		
0.84	1.662			0.84	0.003244		
0.835	1.663			0.835	0.003033		
0.83	1.663			0.83	0.002848		
0.825	1.663			0.825	0.002837		
0.82	1.664			0.82	0.002744		
0.815	1.664			0.815	0.002519		
0.81	1.665			0.81	0.002225		
0.805	1.665			0.805	0.002308		
0.8	1.666			0.8	0.002553		
0.795	1.666			0.795	0.002781		
0.79	1.667			0.79	0.002983		
0.785	1.667			0.785	0.003159		
0.78	1.668			0.78	0.003307		
0.775	1.668			0.775	0.003428		
0.77	1.669			0.77	0.003528		
0.765	1.669			0.765	0.003602		
0.76	1.67	0.003		0.76	0.003654	0.002	
0.755	1.67			0.755	0.003689		
0.75	1.67			0.75	0.003706		
0.745	1.671			0.745	0.003711		
0.74	1.671			0.74	0.003703		
0.735	1.671			0.735	0.003689		
0.73	1.671			0.73	0.003679		
0.725	1.671			0.725	0.003674		
0.72	1.671			0.72	0.003676		
0.715	1.671			0.715	0.003684		
0.71	1.671			0.71	0.003701		
0.705	1.671			0.705	0.003736		
0.7	1.671			0.7	0.003791		
0.695	1.671			0.695	0.003871		
0.69	1.671			0.69	0.003984		
0.685	1.671			0.685	0.004143		
0.68	1.67			0.68	0.004369		
0.675	1.67			0.675	0.004518		
0.67	1.67			0.67	0.00449		
0.665	1.67			0.665	0.004469		
0.66	1.67			0.66	0.004454		
0.655	1.671			0.655	0.004433		
0.65	1.671			0.65	0.004404		
0.645	1.672			0.645	0.00436		
0.64	1.672			0.64	0.0043		
0.635	1.673			0.635	0.004212		
0.63	1.674			0.63	0.004081		
0.625	1.675			0.625	0.00389		
0.62	1.675			0.62	0.003629		
0.615	1.676			0.615	0.003379		
0.61	1.678			0.61	0.003325		
0.605	1.68			0.605	0.003251		
0.6	1.682	0.001		0.6	0.003312	0.002	
0.595	1.683			0.595	0.003631		
0.59	1.685			0.59	0.004037		
0.585	1.687			0.585	0.004529		
0.58	1.689			0.58	0.005108		
0.575	1.691			0.575	0.005889		
0.57	1.692			0.57	0.006622		
0.565	1.694			0.565	0.007427		
0.56	1.696			0.56	0.008302		
0.555	1.698			0.555	0.009252		
0.55	1.7			0.55	0.010286		
0.545	1.702			0.545	0.011407		
0.54	1.704			0.54	0.012531		
0.535	1.705			0.535	0.01346		
0.53	1.706			0.53	0.014399		
0.525	1.708	0.001		0.525	0.015358	0.001	
0.52	1.709			0.52	0.016336		
0.515	1.71			0.515	0.017366		
0.51	1.711			0.51	0.01851		
0.505	1.712			0.505	0.019894		
0.5	1.713			0.5	0.021465		
0.495	1.714			0.495	0.023354		
0.49	1.715			0.49	0.025238		
0.485	1.717			0.485	0.02693		
0.48	1.719			0.48	0.028476		
0.475	1.72			0.475	0.030003		
0.47	1.722			0.47	0.031606		
0.465	1.725			0.465	0.033347		
0.46	1.727			0.46	0.035955		
0.455	1.73			0.455	0.038053		
0.45	1.732			0.45	0.040312		
0.445	1.735			0.445	0.042693		
0.44	1.738			0.44	0.045148		
0.435	1.741			0.435	0.047483		
0.43	1.744			0.43	0.049835		
0.425	1.747			0.425	0.052047		
0.42	1.75			0.42	0.054286		
0.415	1.752			0.415	0.0568		
0.41	1.754			0.41	0.059806		
0.405	1.756			0.405	0.063267		
0.4	1.758	0.002		0.4	0.067081	0.002	
0.395	1.759			0.395	0.071205		
0.39	1.761			0.39	0.075617		
0.385	1.762			0.385	0.080418		
0.38	1.764			0.38	0.085361		
0.375	1.765			0.375	0.090533		
0.37	1.767			0.37	0.095888		
0.365	1.769			0.365	0.101266		
0.36	1.771			0.36	0.106368		
0.355	1.772			0.355	0.116806		
0.35	1.77			0.35	0.126696		
0.345	1.768			0.345	0.135271		
0.34	1.767			0.34	0.142939		
0.335	1.767			0.335	0.150874		
0.33	1.766			0.33	0.159276		
0.325	1.765			0.325	0.168187		
0.32	1.764			0.32	0.177551		
0.315	1.763			0.315	0.187246		
0.31	1.76			0.31	0.196315		
0.305	1.757			0.305	0.206262		
0.3	1.753	0.019		0.3	0.217143	0.007	
0.295	1.746			0.295	0.23104		
0.29	1.745			0.29	0.232975		
0.285	1.745			0.285	0.242264		
0.28	1.742			0.28	0.254508		
0.275	1.735			0.275	0.265758		
0.27	1.726			0.27	0.274774		