Reference:	"Khare et al. (1993)"
DOI:	"doi:https://doi.org/10.1006/icar.1993.1071"
Sample Type:	"Ice Tholin"
Composition:	"H2O:C2H6 (6:1)"
Temperature:	"300K"
OCdb page:	"https://ocdb.smce.nasa.gov/dataset/198"
n₁ Error Units:	n values are accurate to ± 0.01 on an absolute scale and to ± 0.002 on a relative scale.
k₁ Error Units:	k values are estimated to be accurate to ± 20%, except in regions where k ≤ 1E-2, where they are accurate to ± 50%.

"Wavelength (µm)"	"n₁"	"Dn₁  (+/-)"		"Wavelength (µm)"	"k₁"	"Dk₁  (+/-)"	
40	1.576			40	0.0451		
36.47	1.57			33.33	0.0416		
32.63	1.565			30.3	0.0425		
28.83	1.559			28.57	0.043		
25.83	1.553			25	0.0399		
23.39	1.548			22.22	0.0356		
21.38	1.546			20	0.0328		
19.68	1.544			18.18	0.0303		
18.23	1.543			16.67	0.0286		
16.98	1.542			14.47	0.0284		
15.9	1.542			14.29	0.0277		
14.94	1.541			14.14	0.0269		
14.09	1.539			13.91	0.0265		
13.48	1.54			13.72	0.026		
12.78	1.54			13.12	0.0258		
12.28	1.536			12.5	0.029		
11.92	1.539			12.36	0.0271		
11.48	1.538			12.05	0.0237		
10.97	1.538			11.77	0.0253		
10.51	1.538			11.11	0.0261		
10.08	1.535			10.58	0.0259		
9.84	1.536			10.3	0.029		
9.464	1.531			10	0.0258		
9.184	1.529			9.52	0.0301		
8.984	1.53			8.929	0.0214		
8.793	1.532			8.85	0.0221		
8.67	1.535			8.696	0.0218		
8.55	1.533			8.621	0.0249		
8.434	1.533			8.547	0.0243		
8.211	1.532			8.333	0.026		
7.999	1.53			8	0.0283		
7.847	1.526			7.949	0.0293		
7.653	1.528			7.874	0.0261		
7.424	1.532			7.692	0.0231		
7.336	1.536			7.519	0.0236		
7.25	1.521			7.407	0.0261		
7.208	1.513			7.353	0.0263		
7.085	1.523			7.257	0.0457		
6.965	1.531			7.194	0.0265		
6.85	1.513			7.143	0.0224		
6.775	1.494			7.042	0.0236		
6.666	1.507			6.993	0.0241		
6.525	1.518			6.897	0.0413		
6.391	1.526			6.887	0.041		
6.293	1.528			6.863	0.0508		
6.199	1.526			6.849	0.0495		
6.107	1.528			6.803	0.0376		
6.048	1.531			6.757	0.0176		
6.018	1.533			6.667	0.00929		
5.989	1.534			6.579	0.00687		
5.961	1.534			6.452	0.00713		
5.904	1.53			6.25	0.016		
5.848	1.515			6.061	0.0153		
5.821	1.509			5.988	0.0218		
5.74	1.504			5.882	0.0393		
5.661	1.503			5.848	0.0405		
5.585	1.504			5.814	0.0333		
5.486	1.512			5.714	0.022		
5.321	1.516			5.556	0.00558		
5.06	1.52			5	0.0042		
4.843	1.522			4.545	0.0035		
4.609	1.524			4.167	0.00287		
4.428	1.525			3.846	0.00295		
4.26	1.526			3.571	0.00483		
4.119	1.527			3.546	0.00694		
3.987	1.529			3.521	0.012		
3.874	1.53			3.51	0.0152		
3.768	1.533			3.477	0.0331		
3.668	1.535			3.455	0.0284		
3.583	1.541			3.448	0.0295		
3.502	1.554			3.425	0.0475		
3.483	1.551			3.409	0.0527		
3.463	1.543			3.394	0.0445		
3.444	1.548			3.377	0.0628		
3.425	1.543			3.36	0.0456		
3.415	1.535			3.333	0.0116		
3.406	1.527			3.311	0.0077		
3.387	1.525			3.289	0.00653		
3.378	1.514			3.226	0.00483		
3.369	1.498			3.174	0.00479		
3.342	1.485			3.125	0.00494		
3.315	1.501			3.03	0.0055		
3.254	1.512			2.941	0.00722		
3.195	1.516			2.925	0.00684		
3.115	1.519			2.906	0.00666		
2.973	1.522			2.857	0.00496		
2.897	1.519			2.778	0.00159		
2.792	1.519			2.703	0.000186		
2.713	1.521			2.632	0.000505		
2.616	1.524			2.5	0.000954		
2.48	1.525			1.8	0.00301		
1.771	1.529			1.5	0.00502		
1.24	1.528			1.2	0.00187		
0.886	1.532			1	0.00144		
0.689	1.539			0.9	0.000956		
0.563	1.546			0.8	0.000393		
0.477	1.555			0.7	0.00106		
0.413	1.569			0.6	0.00158		
0.365	1.585			0.466	0.00212		
0.326	1.603			0.422	0.0028		
0.295	1.617			0.392	0.0059		
0.269	1.63			0.379	0.0067		
0.248	1.647			0.336	0.0165		
0.23	1.672			0.299	0.0353		
0.221	1.681			0.248	0.0691		
0.214	1.66			0.23	0.0965		
0.203	1.611			0.221	0.135		
0.191	1.594			0.214	0.179		
0.185	1.597			0.207	0.184		
0.175	1.616			0.2	0.171		
0.17	1.642			0.194	0.163		
0.161	1.667			0.188	0.149		
0.153	1.716			0.182	0.139		
0.146	1.771			0.177	0.13		
0.138	1.821			0.172	0.119		
0.133	1.803			0.168	0.132		
0.129	1.78			0.163	0.135		
0.125	1.724			0.159	0.134		
0.123	1.645			0.155	0.145		
0.12	1.582			0.151	0.159		
0.117	1.509			0.148	0.177		
0.113	1.471			0.144	0.21		
0.11	1.577			0.141	0.254		
0.108	1.69			0.138	0.31		
0.107	1.734			0.135	0.365		
0.105	1.773			0.132	0.411		
0.103	1.732			0.129	0.457		
0.102	1.679			0.127	0.506		
0.101	1.602			0.124	0.567		
0.0992	1.566			0.122	0.569		
0.0976	1.555			0.119	0.55		
0.0939	1.515			0.115	0.476		
0.0905	1.453			0.113	0.418		
0.0867	1.369			0.111	0.327		
0.0843	1.301			0.109	0.298		
0.0805	1.195			0.107	0.367		
0.0765	1.122			0.105	0.501		
0.0734	1.071			0.103	0.648		
0.07	1.021			0.102	0.663		
0.0667	0.976			0.1	0.655		
0.0636	0.941			0.0984	0.643		
0.0602	0.913			0.0969	0.658		
0.0564	0.896			0.0954	0.674		
				0.0939	0.69		
				0.0925	0.706		
				0.0912	0.72		
				0.0898	0.733		
				0.0886	0.746		
				0.0873	0.757		
				0.0861	0.766		
				0.0849	0.775		
				0.0838	0.781		
				0.0827	0.771		
				0.0816	0.756		
				0.0805	0.741		
				0.0704	0.622		
				0.0602	0.47		