Reference:	"Baratta and Palumbo (1998)"
DOI:	"doi:https://doi.org/10.1364/JOSAA.15.003076"
Sample Type:	"Ice"
Composition:	"CO (1)"
Temperature:	"12.5K"
OCdb page:	"https://ocdb.smce.nasa.gov/dataset/1"
n₁ Error Units:	Not Applicable
k₁ Error Units:	Not Applicable

"Wavenumber (cm⁻¹)"	"n₁"	"Dn₁  (+/-)"	"k₁"	"Dk₁  (+/-)"	
1800	1.268227		0.004416		
1801	1.268293		0.004689		
1802	1.268212		0.004801		
1803	1.268072		0.004884		
1804	1.267869		0.004803		
1805	1.267875		0.004427		
1806	1.268137		0.004286		
1807	1.268338		0.004406		
1808	1.268376		0.004516		
1809	1.268437		0.004474		
1810	1.268562		0.004572		
1811	1.268525		0.004817		
1812	1.268294		0.004874		
1813	1.268211		0.004575		
1814	1.26838		0.004435		
1815	1.268579		0.004487		
1816	1.268628		0.004719		
1817	1.268427		0.004885		
1818	1.268207		0.004685		
1819	1.26823		0.004362		
1820	1.268438		0.004183		
1821	1.268661		0.004154		
1822	1.268888		0.004135		
1823	1.269185		0.004207		
1824	1.269478		0.004517		
1825	1.269389		0.00519		
1826	1.268781		0.005499		
1827	1.268347		0.004963		
1828	1.268537		0.00445		
1829	1.268961		0.004481		
1830	1.269011		0.004976		
1831	1.268613		0.005136		
1832	1.268354		0.004712		
1833	1.26853		0.004324		
1834	1.26876		0.004364		
1835	1.268855		0.004341		
1836	1.269026		0.004272		
1837	1.269169		0.004442		
1838	1.269135		0.004574		
1839	1.26909		0.004508		
1840	1.269166		0.004416		
1841	1.269351		0.004385		
1842	1.269525		0.004545		
1843	1.269678		0.004702		
1844	1.269708		0.005159		
1845	1.269187		0.005724		
1846	1.268504		0.005367		
1847	1.268393		0.004659		
1848	1.268707		0.00434		
1849	1.268921		0.004437		
1850	1.268941		0.004442		
1851	1.268884		0.004408		
1852	1.268949		0.004106		
1853	1.269237		0.003995		
1854	1.269423		0.004184		
1855	1.269466		0.004253		
1856	1.269442		0.004364		
1857	1.269364		0.004316		
1858	1.269411		0.004151		
1859	1.269502		0.004151		
1860	1.269629		0.004034		
1861	1.269776		0.004134		
1862	1.269793		0.00421		
1863	1.269813		0.004145		
1864	1.270001		0.004045		
1865	1.270161		0.004271		
1866	1.270121		0.004425		
1867	1.270123		0.00438		
1868	1.27023		0.004463		
1869	1.270194		0.004741		
1870	1.269884		0.004904		
1871	1.269588		0.004615		
1872	1.269666		0.004163		
1873	1.269949		0.004071		
1874	1.270141		0.004132		
1875	1.270245		0.004205		
1876	1.270297		0.004276		
1877	1.270348		0.004309		
1878	1.270339		0.004437		
1879	1.270244		0.004441		
1880	1.27022		0.004313		
1881	1.270277		0.004245		
1882	1.270356		0.004189		
1883	1.270446		0.004178		
1884	1.270491		0.004202		
1885	1.270577		0.004116		
1886	1.270714		0.004165		
1887	1.270745		0.004289		
1888	1.270731		0.00427		
1889	1.270803		0.00423		
1890	1.270846		0.004331		
1891	1.270813		0.004335		
1892	1.270796		0.004282		
1893	1.270868		0.004149		
1894	1.271075		0.004093		
1895	1.271201		0.004307		
1896	1.271162		0.004402		
1897	1.271162		0.004375		
1898	1.27119		0.004435		
1899	1.27117		0.004483		
1900	1.271082		0.004516		
1901	1.271045		0.004346		
1902	1.271139		0.004245		
1903	1.271255		0.00422		
1904	1.271388		0.004219		
1905	1.271456		0.004366		
1906	1.271362		0.004464		
1907	1.271288		0.004319		
1908	1.271362		0.004178		
1909	1.27152		0.004116		
1910	1.27166		0.004192		
1911	1.271635		0.00434		
1912	1.271569		0.00422		
1913	1.271663		0.004056		
1914	1.271881		0.003986		
1915	1.272068		0.004114		
1916	1.272153		0.004234		
1917	1.272197		0.004347		
1918	1.272169		0.004485		
1919	1.272057		0.004531		
1920	1.271996		0.004405		
1921	1.272099		0.004267		
1922	1.272233		0.004335		
1923	1.272257		0.004434		
1924	1.27219		0.004487		
1925	1.272151		0.004381		
1926	1.272202		0.00431		
1927	1.272191		0.004331		
1928	1.272228		0.004118		
1929	1.272415		0.004048		
1930	1.272509		0.004153		
1931	1.272498		0.004114		
1932	1.272576		0.003952		
1933	1.272821		0.003827		
1934	1.27308		0.003952		
1935	1.273193		0.004145		
1936	1.273192		0.00428		
1937	1.273146		0.004331		
1938	1.273126		0.004275		
1939	1.273224		0.004158		
1940	1.273406		0.004171		
1941	1.273578		0.00427		
1942	1.273668		0.004491		
1943	1.273571		0.004743		
1944	1.273289		0.004815		
1945	1.273194		0.004446		
1946	1.273361		0.004326		
1947	1.273505		0.004343		
1948	1.273574		0.00441		
1949	1.273525		0.004482		
1950	1.273477		0.004332		
1951	1.273594		0.004154		
1952	1.273796		0.004123		
1953	1.273927		0.00422		
1954	1.273959		0.004272		
1955	1.274031		0.004218		
1956	1.274145		0.004282		
1957	1.274106		0.004439		
1958	1.274022		0.004323		
1959	1.274029		0.004221		
1960	1.274088		0.004062		
1961	1.274257		0.003899		
1962	1.274455		0.003884		
1963	1.274624		0.003867		
1964	1.274774		0.003894		
1965	1.274923		0.003882		
1966	1.275141		0.003885		
1967	1.275341		0.004069		
1968	1.275315		0.004342		
1969	1.275217		0.004278		
1970	1.275318		0.004147		
1971	1.275433		0.004247		
1972	1.275486		0.004229		
1973	1.275591		0.004223		
1974	1.275715		0.00426		
1975	1.275825		0.00435		
1976	1.275795		0.004539		
1977	1.275727		0.004456		
1978	1.275755		0.004415		
1979	1.275751		0.004398		
1980	1.275767		0.004254		
1981	1.275874		0.004113		
1982	1.276065		0.003991		
1983	1.276279		0.004002		
1984	1.276368		0.004093		
1985	1.276509		0.003933		
1986	1.276716		0.004018		
1987	1.276845		0.004051		
1988	1.277004		0.004062		
1989	1.277177		0.004157		
1990	1.277241		0.004333		
1991	1.277258		0.00435		
1992	1.277275		0.00441		
1993	1.277301		0.004342		
1994	1.277414		0.004291		
1995	1.277532		0.004325		
1996	1.2776		0.004366		
1997	1.277635		0.004375		
1998	1.277631		0.004352		
1999	1.277739		0.004141		
2000	1.277889		0.004166		
2001	1.278071		0.004021		
2002	1.278256		0.004136		
2003	1.278367		0.004127		
2004	1.278432		0.00421		
2005	1.27846		0.004117		
2006	1.278609		0.003966		
2007	1.278844		0.003916		
2008	1.279031		0.003981		
2009	1.279155		0.003998		
2010	1.279254		0.004		
2011	1.279386		0.003906		
2012	1.279576		0.003856		
2013	1.279823		0.003789		
2014	1.2801		0.003863		
2015	1.280255		0.004051		
2016	1.280252		0.00414		
2017	1.280321		0.003972		
2018	1.280517		0.003921		
2019	1.280689		0.003901		
2020	1.280893		0.003817		
2021	1.281165		0.003786		
2022	1.281456		0.003835		
2023	1.281653		0.004011		
2024	1.281716		0.004092		
2025	1.281897		0.003942		
2026	1.282162		0.004049		
2027	1.282298		0.004166		
2028	1.282411		0.004165		
2029	1.282548		0.004175		
2030	1.28273		0.004121		
2031	1.282906		0.004187		
2032	1.283033		0.004166		
2033	1.283208		0.004096		
2034	1.283419		0.004059		
2035	1.283671		0.003996		
2036	1.283955		0.00402		
2037	1.28416		0.004107		
2038	1.284413		0.004031		
2039	1.284659		0.004213		
2040	1.284713		0.004308		
2041	1.284811		0.004131		
2042	1.285094		0.003966		
2043	1.285469		0.003914		
2044	1.285847		0.003993		
2045	1.286071		0.004227		
2046	1.286072		0.004335		
2047	1.286166		0.004046		
2048	1.286471		0.003866		
2049	1.286886		0.003686		
2050	1.287401		0.003673		
2051	1.287731		0.003943		
2052	1.287962		0.003896		
2053	1.288214		0.003962		
2054	1.288469		0.003836		
2055	1.288922		0.003694		
2056	1.289308		0.003896		
2057	1.289594		0.003849		
2058	1.289902		0.003898		
2059	1.290167		0.003821		
2060	1.290561		0.003618		
2061	1.291087		0.003524		
2062	1.291707		0.00348		
2063	1.292279		0.003735		
2064	1.292584		0.00401		
2065	1.292886		0.003928		
2066	1.293295		0.003989		
2067	1.293652		0.004015		
2068	1.29399		0.003974		
2069	1.294463		0.003772		
2070	1.295008		0.00378		
2071	1.295508		0.003725		
2072	1.296032		0.003658		
2073	1.296571		0.003547		
2074	1.297336		0.003259		
2075	1.298107		0.003445		
2076	1.298826		0.003314		
2077	1.299711		0.003378		
2078	1.300356		0.003699		
2079	1.301058		0.003411		
2080	1.302011		0.003452		
2081	1.302968		0.003427		
2082	1.304143		0.003371		
2083	1.305273		0.003714		
2084	1.306548		0.003527		
2085	1.308448		0.003628		
2086	1.310727		0.004453		
2087	1.312818		0.006353		
2088	1.313225		0.00937		
2089	1.314252		0.00881		
2090	1.318881		0.010487		
2091	1.32081		0.021126		
2092	1.309793		0.034039		
2093	1.294739		0.026649		
2094	1.291785		0.011535		
2095	1.298202		0.003433		
2096	1.304148		0.003356		
2097	1.307395		0.003205		
2098	1.309862		0.003459		
2099	1.311781		0.003508		
2100	1.313665		0.003316		
2101	1.315558		0.003306		
2102	1.317421		0.003185		
2103	1.319393		0.003093		
2104	1.321376		0.003147		
2105	1.323368		0.003125		
2106	1.325417		0.003146		
2107	1.327512		0.003088		
2108	1.329852		0.002867		
2109	1.332494		0.002837		
2110	1.335105		0.003146		
2111	1.337765		0.003189		
2112	1.34043		0.003529		
2113	1.343043		0.003405		
2114	1.34627		0.002747		
2115	1.350116		0.00253		
2116	1.35423		0.002453		
2117	1.35864		0.002465		
2118	1.363421		0.00247		
2119	1.368944		0.002405		
2120	1.372708		0.003416		
2121	1.378996		0.003824		
2122	1.385501		0.003987		
2123	1.393214		0.003509		
2124	1.401476		0.004364		
2125	1.410865		0.003171		
2126	1.422665		0.002776		
2127	1.435822		0.002868		
2128	1.452501		0.001119		
2129	1.472242		0.002861		
2130	1.495497		0.002185		
2131	1.52672		0.001647		
2132	1.567601		0.003832		
2133	1.62527		0.006929		
2134	1.703926		0.025381		
2135	1.824681		0.053127		
2136	2.011752		0.153669		
2137	2.225292		0.447456		
2138	2.146115		1.104695		
2139	1.553998		1.593971		
2140	0.853118		1.42766		
2141	0.509063		0.91418		
2142	0.460915		0.557409		
2143	0.556094		0.239551		
2144	0.68839		0.143763		
2145	0.789155		0.039953		
2146	0.890492		0.013923		
2147	0.956504		0.010903		
2148	0.999083		0.010816		
2149	1.030834		0.008752		
2150	1.056097		0.00945		
2151	1.075506		0.009806		
2152	1.090852		0.010147		
2153	1.103794		0.009071		
2154	1.115759		0.008234		
2155	1.125594		0.008795		
2156	1.1343		0.007325		
2157	1.142729		0.00736		
2158	1.149572		0.007624		
2159	1.156097		0.006733		
2160	1.162054		0.007459		
2161	1.167354		0.006963		
2162	1.172593		0.00756		
2163	1.176532		0.008605		
2164	1.180059		0.008272		
2165	1.183518		0.008712		
2166	1.186568		0.008509		
2167	1.189915		0.008282		
2168	1.192863		0.008921		
2169	1.195498		0.00882		
2170	1.198217		0.009189		
2171	1.200521		0.009804		
2172	1.202299		0.010351		
2173	1.203971		0.010315		
2174	1.205751		0.010416		
2175	1.20747		0.010501		
2176	1.209051		0.010697		
2177	1.210503		0.010692		
2178	1.212492		0.010331		
2179	1.214356		0.011543		
2180	1.214858		0.012813		
2181	1.215514		0.01139		
2182	1.217121		0.011871		
2183	1.218244		0.011996		
2184	1.219317		0.012322		
2185	1.220204		0.012566		
2186	1.22115		0.012627		
2187	1.222033		0.012978		
2188	1.222825		0.013086		
2189	1.223652		0.01331		
2190	1.224378		0.013547		
2191	1.225173		0.013617		
2192	1.226044		0.013939		
2193	1.226783		0.014389		
2194	1.227418		0.014855		
2195	1.227923		0.015438		
2196	1.228231		0.016033		
2197	1.228294		0.016611		
2198	1.228192		0.016903		
2199	1.228113		0.016995		
2200	1.228105		0.016973		
2201	1.228102		0.016928		
2202	1.22825		0.016596		
2203	1.228718		0.0164		
2204	1.229151		0.016662		
2205	1.229389		0.016886		
2206	1.229491		0.017219		
2207	1.229407		0.017469		
2208	1.229289		0.017558		
2209	1.229093		0.017724		
2210	1.228807		0.017696		
2211	1.228431		0.017655		
2212	1.227989		0.017294		
2213	1.227836		0.016582		
2214	1.227933		0.016138		
2215	1.228087		0.015721		
2216	1.228227		0.015507		
2217	1.228243		0.015288		
2218	1.228258		0.014943		
2219	1.22832		0.014636		
2220	1.228393		0.014333		
2221	1.228471		0.014085		
2222	1.228411		0.013952		
2223	1.228225		0.013609		
2224	1.228088		0.013135		
2225	1.227993		0.012632		
2226	1.227843		0.012093		
2227	1.227764		0.011253		
2228	1.227928		0.010336		
2229	1.228309		0.009459		
2230	1.228892		0.008674		
2231	1.229534		0.008165		
2232	1.230135		0.00772		
2233	1.230732		0.007348		
2234	1.231338		0.007041		
2235	1.231868		0.006884		
2236	1.232296		0.006654		
2237	1.232821		0.006308		
2238	1.233407		0.006185		
2239	1.233877		0.006127		
2240	1.234347		0.005974		
2241	1.234767		0.006015		
2242	1.235081		0.005924		
2243	1.235433		0.005788		
2244	1.235823		0.00567		
2245	1.236233		0.005591		
2246	1.236614		0.005587		
2247	1.236903		0.005607		
2248	1.237169		0.005504		
2249	1.237513		0.005385		
2250	1.237873		0.005355		
2251	1.238211		0.005329		
2252	1.238555		0.005318		
2253	1.23891		0.005357		
2254	1.239158		0.005539		
2255	1.239242		0.005612		
2256	1.239366		0.005469		
2257	1.239643		0.005337		
2258	1.239905		0.005388		
2259	1.240126		0.00535		
2260	1.240285		0.005437		
2261	1.240388		0.005336		
2262	1.24056		0.005223		
2263	1.240735		0.00512		
2264	1.241008		0.00489		
2265	1.241366		0.004862		
2266	1.241621		0.004904		
2267	1.241846		0.004846		
2268	1.242099		0.004809		
2269	1.242419		0.004731		
2270	1.242743		0.004845		
2271	1.242913		0.004987		
2272	1.243087		0.00492		
2273	1.243353		0.004947		
2274	1.243598		0.005045		
2275	1.243752		0.005198		
2276	1.243849		0.005247		
2277	1.243965		0.005268		
2278	1.244121		0.005259		
2279	1.244285		0.005331		
2280	1.244364		0.005429		
2281	1.24443		0.005402		
2282	1.244488		0.005428		
2283	1.244563		0.005302		
2284	1.244744		0.005201		
2285	1.244956		0.005178		
2286	1.245157		0.005195		
2287	1.245295		0.005276		
2288	1.245384		0.00527		
2289	1.245526		0.005209		
2290	1.245665		0.005232		
2291	1.245825		0.005142		
2292	1.246082		0.005119		
2293	1.246307		0.005256		
2294	1.246408		0.005404		
2295	1.246425		0.00547		
2296	1.246493		0.005396		
2297	1.246607		0.005409		
2298	1.246685		0.005389		
2299	1.246773		0.005302		
2300	1.246999		0.005113		
2301	1.247375		0.005098		
2302	1.247705		0.005313		
2303	1.247824		0.005651		
2304	1.247709		0.005861		
2305	1.247643		0.005712		
2306	1.247798		0.005588		
2307	1.247969		0.005641		
2308	1.248129		0.005611		
2309	1.248343		0.00566		
2310	1.248519		0.005793		
2311	1.248604		0.005936		
2312	1.248691		0.005942		
2313	1.248922		0.005947		
2314	1.249121		0.006241		
2315	1.249081		0.006529		
2316	1.248995		0.006537		
2317	1.249059		0.006498		
2318	1.249173		0.00658		
2319	1.249258		0.006666		
2320	1.249337		0.006758		
2321	1.249467		0.006824		
2322	1.249544		0.007095		
2323	1.249493		0.007259		
2324	1.249449		0.007343		
2325	1.24944		0.007424		
2326	1.249424		0.007531		
2327	1.24939		0.007613		
2328	1.249388		0.007661		
2329	1.249425		0.007771		
2330	1.249381		0.008009		
2331	1.249147		0.00822		
2332	1.248854		0.008167		
2333	1.248732		0.00793		
2334	1.248819		0.007785		
2335	1.248875		0.007907		
2336	1.248787		0.007976		
2337	1.248625		0.007992		
2338	1.248479		0.007839		
2339	1.248457		0.007627		
2340	1.248546		0.007468		
2341	1.248635		0.007427		
2342	1.248691		0.00733		
2343	1.248933		0.007095		
2344	1.24952		0.007122		
2345	1.24992		0.008022		
2346	1.249019		0.009487		
2347	1.247224		0.00915		
2348	1.246694		0.006923		
2349	1.247793		0.005675		
2350	1.249002		0.005812		
2351	1.249637		0.006305		
2352	1.249954		0.00672		
2353	1.250125		0.007157		
2354	1.250199		0.007543		
2355	1.250178		0.007996		
2356	1.250001		0.008438		
2357	1.249629		0.008829		
2358	1.249143		0.008938		
2359	1.248828		0.008773		
2360	1.248666		0.00877		
2361	1.248415		0.008846		
2362	1.248104		0.008781		
2363	1.247794		0.008674		
2364	1.24758		0.008383		
2365	1.247508		0.008207		
2366	1.247347		0.008183		
2367	1.247139		0.00797		
2368	1.246978		0.007788		
2369	1.246803		0.007573		
2370	1.246634		0.007302		
2371	1.246518		0.006949		
2372	1.246509		0.006572		
2373	1.246548		0.006286		
2374	1.24656		0.005999		
2375	1.246636		0.005602		
2376	1.246863		0.005248		
2377	1.247134		0.005078		
2378	1.247323		0.004996		
2379	1.247446		0.004885		
2380	1.247568		0.004743		
2381	1.247681		0.004618		
2382	1.24779		0.004434		
2383	1.248		0.004179		
2384	1.248341		0.004034		
2385	1.248617		0.004126		
2386	1.248779		0.004161		
2387	1.248912		0.004204		
2388	1.248979		0.004258		
2389	1.249037		0.004203		
2390	1.249106		0.004174		
2391	1.249196		0.004066		
2392	1.249378		0.003966		
2393	1.249577		0.003998		
2394	1.249698		0.004083		
2395	1.249745		0.004141		
2396	1.249752		0.004147		
2397	1.249759		0.004074		
2398	1.249858		0.003908		
2399	1.250079		0.003814		
2400	1.250306		0.00388		
2401	1.250433		0.004015		
2402	1.25046		0.004115		
2403	1.250481		0.004112		
2404	1.250532		0.004124		
2405	1.250553		0.004141		
2406	1.250611		0.004055		
2407	1.250746		0.004031		
2408	1.250893		0.004077		
2409	1.250925		0.004254		
2410	1.250861		0.004255		
2411	1.250901		0.004143		
2412	1.251		0.00416		
2413	1.251048		0.004197		
2414	1.251087		0.004187		
2415	1.251115		0.004208		
2416	1.251174		0.00414		
2417	1.251262		0.004179		
2418	1.251293		0.004219		
2419	1.251315		0.004203		
2420	1.251354		0.004196		
2421	1.251403		0.004172		
2422	1.251475		0.004159		
2423	1.251533		0.004193		
2424	1.251555		0.004201		
2425	1.251628		0.004145		
2426	1.251698		0.004219		
2427	1.251703		0.004232		
2428	1.251746		0.004174		
2429	1.251871		0.004144		
2430	1.252022		0.004235		
2431	1.252016		0.004486		
2432	1.251838		0.004559		
2433	1.251714		0.004422		
2434	1.251725		0.004261		
2435	1.25182		0.004153		
2436	1.251949		0.004102		
2437	1.252072		0.004118		
2438	1.252168		0.00416		
2439	1.252217		0.004232		
2440	1.252282		0.004223		
2441	1.252336		0.004347		
2442	1.252273		0.004442		
2443	1.252224		0.004374		
2444	1.252234		0.004347		
2445	1.252278		0.004284		
2446	1.25237		0.004273		
2447	1.252457		0.004339		
2448	1.252429		0.004497		
2449	1.252263		0.004522		
2450	1.252212		0.004275		
2451	1.252384		0.004133		
2452	1.252522		0.004246		
2453	1.252528		0.004312		
2454	1.252524		0.004303		
2455	1.252541		0.004294		
2456	1.252562		0.004286		
2457	1.25257		0.004277		
2458	1.252624		0.004198		
2459	1.252728		0.004214		
2460	1.252797		0.004287		
2461	1.252757		0.004416		
2462	1.252681		0.004364		
2463	1.25267		0.004311		
2464	1.252663		0.004263		
2465	1.252718		0.004134		
2466	1.252855		0.004099		
2467	1.252974		0.004167		
2468	1.252949		0.004325		
2469	1.252852		0.004264		
2470	1.252889		0.004104		
2471	1.253036		0.004046		
2472	1.2532		0.004084		
2473	1.25331		0.004236		
2474	1.253216		0.004473		
2475	1.253072		0.004363		
2476	1.253132		0.004216		
2477	1.253259		0.004258		
2478	1.253281		0.004386		
2479	1.253253		0.004405		
2480	1.253214		0.004468		
2481	1.253155		0.004455		
2482	1.253081		0.004458		
2483	1.252972		0.004372		
2484	1.253004		0.004109		
2485	1.253208		0.00401		
2486	1.253372		0.004108		
2487	1.253352		0.004273		
2488	1.25326		0.004212		
2489	1.253307		0.00405		
2490	1.253479		0.004002		
2491	1.253613		0.004126		
2492	1.253615		0.004266		
2493	1.253523		0.004324		
2494	1.2535		0.004196		
2495	1.253613		0.004154		
2496	1.253723		0.004252		
2497	1.253649		0.00447		
2498	1.253507		0.004388		
2499	1.253498		0.004286		
2500	1.253526		0.004259		
2501	1.253544		0.004227		
2502	1.253557		0.0042		
2503	1.253608		0.004126		
2504	1.253703		0.004126		
2505	1.253746		0.004202		
2506	1.253726		0.004234		
2507	1.253723		0.004202		
2508	1.253742		0.004204		
2509	1.253731		0.004207		
2510	1.253788		0.004113		
2511	1.253831		0.004225		
2512	1.253787		0.004218		
2513	1.253758		0.004187		
2514	1.25381		0.004074		
2515	1.253887		0.004129		
2516	1.253863		0.004181		
2517	1.253837		0.004112		
2518	1.25389		0.004045		
2519	1.253967		0.00406		
2520	1.253935		0.004166		
2521	1.253843		0.004073		
2522	1.253865		0.003896		
2523	1.254034		0.003737		
2524	1.254279		0.003744		
2525	1.254465		0.003916		
2526	1.254498		0.004155		
2527	1.254371		0.004332		
2528	1.254175		0.00433		
2529	1.254145		0.004082		
2530	1.254319		0.004014		
2531	1.254434		0.004175		
2532	1.254369		0.004333		
2533	1.254256		0.004315		
2534	1.254226		0.004251		
2535	1.254197		0.00427		
2536	1.254121		0.004223		
2537	1.254084		0.004085		
2538	1.254145		0.003924		
2539	1.254314		0.003805		
2540	1.254515		0.003851		
2541	1.254623		0.004013		
2542	1.254584		0.004178		
2543	1.254469		0.00421		
2544	1.254386		0.004126		
2545	1.254419		0.003976		
2546	1.254563		0.003913		
2547	1.254668		0.004009		
2548	1.254689		0.004069		
2549	1.254696		0.004102		
2550	1.254704		0.004113		
2551	1.254788		0.004083		
2552	1.254848		0.004271		
2553	1.254685		0.004463		
2554	1.254448		0.004345		
2555	1.254465		0.004024		
2556	1.254667		0.003973		
2557	1.254761		0.004093		
2558	1.254708		0.004157		
2559	1.254706		0.004013		
2560	1.25487		0.00394		
2561	1.255041		0.00407		
2562	1.255055		0.004297		
2563	1.25492		0.004428		
2564	1.254776		0.004389		
2565	1.254751		0.00426		
2566	1.254792		0.004246		
2567	1.254794		0.004254		
2568	1.254774		0.00422		
2569	1.254859		0.004093		
2570	1.255		0.00418		
2571	1.25501		0.004352		
2572	1.254896		0.004444		
2573	1.254798		0.004379		
2574	1.254766		0.004324		
2575	1.254822		0.004224		
2576	1.254878		0.00433		
2577	1.25477		0.004432		
2578	1.254656		0.004313		
2579	1.254661		0.004198		
2580	1.254686		0.004164		
2581	1.254676		0.004123		
2582	1.254676		0.004023		
2583	1.25477		0.003891		
2584	1.254888		0.003913		
2585	1.254919		0.003947		
2586	1.254959		0.003874		
2587	1.255104		0.003825		
2588	1.255206		0.003979		
2589	1.255194		0.004053		
2590	1.255208		0.004055		
2591	1.255224		0.004136		
2592	1.255172		0.004188		
2593	1.255165		0.004121		
2594	1.255229		0.004149		
2595	1.25521		0.004275		
2596	1.255121		0.004283		
2597	1.255083		0.004234		
2598	1.255061		0.004239		
2599	1.25501		0.004222		
2600	1.254952		0.00416		