Reference:	"Sciamma-O'Brien et al. (2023)"
DOI:	"doi:https://doi.org/10.3847/PSJ/acd83f"
Sample Type:	"Gas Tholin"
Composition:	"N2:CH4 (95:5)"
Temperature:	"150K"
OCdb page:	"https://ocdb.smce.nasa.gov/dataset/277"
n₁ Error Units:	Standard Deviation
k₁ Error Units:	Standard Deviation

"Wavelength (µm)"	"n₁"	"Dn₁  (+/-)"	"k₁"	"Dk₁  (+/-)"	
1.59951	1.634212	0.0113088	0.0094968	0.002609	
1.59802	1.634243	0.0113058	0.0094954	0.002608	
1.59653	1.634277	0.0113038	0.0094939	0.002607	
1.59504	1.63431	0.0113022	0.0094925	0.002605	
1.59355	1.634341	0.0112992	0.009491	0.002604	
1.59206	1.634374	0.0112946	0.0094896	0.002603	
1.59057	1.634405	0.0112936	0.0094882	0.002602	
1.58908	1.634436	0.0112908	0.0094867	0.0026	
1.58759	1.634471	0.0112881	0.0094853	0.002599	
1.5861	1.634503	0.0112866	0.0094838	0.002598	
1.5846	1.634536	0.0112823	0.0094824	0.002597	
1.58311	1.63457	0.0112803	0.009481	0.002595	
1.58162	1.634602	0.0112775	0.0094795	0.002594	
1.58013	1.634634	0.0112728	0.0094781	0.002593	
1.57864	1.634668	0.0112709	0.0094766	0.002592	
1.57714	1.634702	0.0112688	0.0094752	0.00259	
1.57565	1.634734	0.011267	0.0094737	0.002589	
1.57416	1.634769	0.0112626	0.0094723	0.002588	
1.57266	1.634802	0.01126	0.0094708	0.002586	
1.57117	1.634835	0.0112588	0.0094694	0.002585	
1.56967	1.634871	0.0112556	0.0094679	0.002584	
1.56818	1.634903	0.0112528	0.0094665	0.002583	
1.56669	1.634937	0.0112495	0.0094651	0.002581	
1.56519	1.634973	0.0112462	0.0094636	0.00258	
1.5637	1.635005	0.0112452	0.0094622	0.002579	
1.5622	1.635041	0.0112423	0.0094607	0.002577	
1.5607	1.635074	0.0112388	0.0094593	0.002576	
1.55921	1.635109	0.0112357	0.0094578	0.002575	
1.55771	1.635144	0.0112322	0.0094564	0.002573	
1.55622	1.635176	0.0112311	0.0094549	0.002572	
1.55472	1.635214	0.0112274	0.0094535	0.002571	
1.55322	1.635249	0.0112243	0.009452	0.002569	
1.55173	1.635283	0.0112223	0.0094506	0.002568	
1.55023	1.635317	0.0112177	0.0094491	0.002567	
1.54873	1.635354	0.0112141	0.0094477	0.002565	
1.54723	1.635387	0.0112119	0.0094462	0.002564	
1.54573	1.635425	0.0112082	0.0094448	0.002563	
1.54424	1.635459	0.0112059	0.0094433	0.002561	
1.54274	1.635494	0.0112057	0.0094419	0.00256	
1.54124	1.63553	0.0112028	0.0094404	0.002559	
1.53974	1.635567	0.0111989	0.009439	0.002557	
1.53824	1.635603	0.0111962	0.0094375	0.002556	
1.53674	1.635636	0.0111942	0.0094361	0.002555	
1.53524	1.635673	0.0111906	0.0094347	0.002553	
1.53374	1.635711	0.0111869	0.0094332	0.002552	
1.53224	1.635747	0.0111858	0.0094318	0.00255	
1.53074	1.635783	0.0111818	0.0094303	0.002549	
1.52924	1.635821	0.0111781	0.0094289	0.002548	
1.52774	1.635856	0.0111754	0.0094274	0.002546	
1.52623	1.635892	0.0111729	0.009426	0.002545	
1.52473	1.635932	0.0111707	0.0094245	0.002544	
1.52323	1.635967	0.0111667	0.0094231	0.002542	
1.52173	1.636004	0.0111631	0.0094216	0.002541	
1.52023	1.636042	0.0111594	0.0094202	0.002539	
1.51872	1.636079	0.0111574	0.0094188	0.002538	
1.51722	1.636116	0.0111538	0.0094173	0.002537	
1.51572	1.636154	0.01115	0.0094159	0.002535	
1.51421	1.636192	0.0111482	0.0094144	0.002534	
1.51271	1.63623	0.011144	0.009413	0.002532	
1.5112	1.636267	0.0111404	0.0094116	0.002531	
1.5097	1.636305	0.0111371	0.0094101	0.002529	
1.5082	1.636343	0.0111381	0.0094087	0.002528	
1.50669	1.63638	0.0111345	0.0094072	0.002527	
1.50519	1.636419	0.0111292	0.0094058	0.002525	
1.50368	1.636457	0.0111274	0.0094044	0.002524	
1.50217	1.636497	0.0111218	0.0094029	0.002522	
1.50067	1.636535	0.01112	0.0094015	0.002521	
1.49916	1.636576	0.0111169	0.0094001	0.002519	
1.49766	1.636614	0.0111126	0.0093986	0.002518	
1.49615	1.636653	0.0111107	0.0093972	0.002517	
1.49464	1.636692	0.0111067	0.0093958	0.002515	
1.49314	1.636729	0.0111047	0.0093944	0.002514	
1.49163	1.63677	0.011101	0.0093929	0.002512	
1.49012	1.636809	0.0110989	0.0093915	0.002511	
1.48861	1.636848	0.0110941	0.0093901	0.002509	
1.4871	1.636888	0.0110913	0.0093887	0.002508	
1.4856	1.636928	0.0110899	0.0093872	0.002506	
1.48409	1.63697	0.0110852	0.0093858	0.002505	
1.48258	1.637008	0.0110813	0.0093844	0.002503	
1.48107	1.637049	0.0110802	0.009383	0.002502	
1.47956	1.637089	0.0110755	0.0093816	0.0025	
1.47805	1.637128	0.0110725	0.0093801	0.002499	
1.47654	1.63717	0.0110701	0.0093787	0.002497	
1.47503	1.637211	0.0110662	0.0093773	0.002496	
1.47352	1.637252	0.0110606	0.0093759	0.002494	
1.47201	1.637292	0.0110606	0.0093745	0.002493	
1.4705	1.637334	0.0110581	0.0093731	0.002491	
1.46899	1.637375	0.0110512	0.0093717	0.00249	
1.46747	1.637416	0.0110503	0.0093703	0.002488	
1.46596	1.637457	0.0110456	0.0093689	0.002487	
1.46445	1.6375	0.0110428	0.0093675	0.002485	
1.46294	1.637542	0.0110387	0.0093661	0.002484	
1.46143	1.637583	0.0110366	0.0093647	0.002482	
1.45991	1.637625	0.0110327	0.0093633	0.002481	
1.4584	1.637666	0.0110293	0.0093619	0.002479	
1.45689	1.637709	0.0110252	0.0093605	0.002478	
1.45537	1.637751	0.0110211	0.0093591	0.002476	
1.45386	1.637795	0.0110204	0.0093577	0.002475	
1.45234	1.637836	0.0110158	0.0093563	0.002473	
1.45083	1.637879	0.0110123	0.0093549	0.002471	
1.44932	1.637923	0.0110075	0.0093536	0.00247	
1.4478	1.637966	0.0110049	0.0093522	0.002468	
1.44629	1.638009	0.0110037	0.0093508	0.002467	
1.44477	1.638052	0.0109985	0.0093494	0.002465	
1.44325	1.638096	0.0109954	0.0093481	0.002464	
1.44174	1.638139	0.0109914	0.0093467	0.002462	
1.44022	1.638185	0.0109874	0.0093453	0.002461	
1.43871	1.638227	0.0109849	0.009344	0.002459	
1.43719	1.638271	0.010981	0.0093426	0.002457	
1.43567	1.638316	0.0109794	0.0093412	0.002456	
1.43416	1.638357	0.0109734	0.0093399	0.002454	
1.43264	1.638404	0.0109698	0.0093385	0.002453	
1.43112	1.638448	0.0109681	0.0093372	0.002451	
1.4296	1.638493	0.0109622	0.0093358	0.002449	
1.42808	1.638538	0.0109596	0.0093345	0.002448	
1.42657	1.638582	0.0109578	0.0093331	0.002446	
1.42505	1.638627	0.0109519	0.0093318	0.002445	
1.42353	1.638674	0.0109483	0.0093305	0.002443	
1.42201	1.638719	0.0109455	0.0093291	0.002441	
1.42049	1.638766	0.010943	0.0093278	0.00244	
1.41897	1.638809	0.010938	0.0093265	0.002438	
1.41745	1.638856	0.0109344	0.0093252	0.002436	
1.41593	1.638901	0.0109316	0.0093239	0.002435	
1.41441	1.638948	0.010928	0.0093225	0.002433	
1.41289	1.638994	0.010924	0.0093212	0.002431	
1.41137	1.63904	0.010919	0.0093199	0.00243	
1.40985	1.639087	0.0109154	0.0093186	0.002428	
1.40832	1.639135	0.0109112	0.0093173	0.002427	
1.4068	1.63918	0.0109084	0.009316	0.002425	
1.40528	1.639229	0.0109065	0.0093147	0.002423	
1.40376	1.639276	0.0109029	0.0093134	0.002422	
1.40224	1.639323	0.0108988	0.0093121	0.00242	
1.40071	1.639371	0.0108951	0.0093109	0.002418	
1.39919	1.639417	0.0108885	0.0093096	0.002417	
1.39767	1.639465	0.0108847	0.0093083	0.002415	
1.39614	1.639513	0.0108826	0.009307	0.002413	
1.39462	1.63956	0.010879	0.0093058	0.002411	
1.39309	1.639608	0.0108748	0.0093045	0.00241	
1.39157	1.639658	0.0108712	0.0093033	0.002408	
1.39005	1.639706	0.0108695	0.009302	0.002406	
1.38852	1.639757	0.0108636	0.0093008	0.002405	
1.387	1.639804	0.0108588	0.0092995	0.002403	
1.38547	1.639852	0.0108545	0.0092983	0.002401	
1.38395	1.639902	0.0108523	0.0092971	0.0024	
1.38242	1.63995	0.0108507	0.0092958	0.002398	
1.38089	1.640002	0.0108439	0.0092946	0.002396	
1.37937	1.64005	0.0108421	0.0092934	0.002394	
1.37784	1.640102	0.0108368	0.0092922	0.002393	
1.37631	1.640151	0.0108339	0.009291	0.002391	
1.37479	1.640201	0.0108292	0.0092898	0.002389	
1.37326	1.64025	0.0108245	0.0092886	0.002387	
1.37173	1.640303	0.01082	0.0092874	0.002386	
1.3702	1.640353	0.0108179	0.0092862	0.002384	
1.36867	1.640402	0.0108155	0.009285	0.002382	
1.36715	1.640454	0.0108083	0.0092838	0.00238	
1.36562	1.640506	0.0108063	0.0092827	0.002379	
1.36409	1.640556	0.0108007	0.0092815	0.002377	
1.36256	1.640609	0.0107983	0.0092804	0.002375	
1.36103	1.640661	0.0107929	0.0092792	0.002373	
1.3595	1.640711	0.0107894	0.0092781	0.002372	
1.35797	1.640763	0.0107837	0.0092769	0.00237	
1.35644	1.640817	0.0107819	0.0092758	0.002368	
1.35491	1.640871	0.0107773	0.0092747	0.002366	
1.35338	1.64092	0.010772	0.0092736	0.002364	
1.35185	1.640973	0.0107696	0.0092724	0.002363	
1.35032	1.641026	0.0107645	0.0092713	0.002361	
1.34878	1.64108	0.0107614	0.0092702	0.002359	
1.34725	1.641134	0.0107567	0.0092691	0.002357	
1.34572	1.641186	0.0107519	0.0092681	0.002355	
1.34419	1.64124	0.0107487	0.009267	0.002354	
1.34266	1.641295	0.010743	0.0092659	0.002352	
1.34112	1.641347	0.010743	0.0092648	0.00235	
1.33959	1.641401	0.0107355	0.0092638	0.002348	
1.33806	1.641458	0.010732	0.0092627	0.002346	
1.33652	1.64151	0.010728	0.0092617	0.002344	
1.33499	1.641566	0.0107243	0.0092607	0.002343	
1.33346	1.641621	0.01072	0.0092596	0.002341	
1.33192	1.641674	0.010715	0.0092586	0.002339	
1.33039	1.641729	0.0107107	0.0092576	0.002337	
1.32885	1.641787	0.0107065	0.0092566	0.002335	
1.32732	1.641842	0.0107008	0.0092556	0.002333	
1.32578	1.641898	0.0106983	0.0092546	0.002331	
1.32425	1.641953	0.0106941	0.0092537	0.00233	
1.32271	1.64201	0.0106884	0.0092527	0.002328	
1.32117	1.642067	0.0106849	0.0092517	0.002326	
1.31964	1.642123	0.0106821	0.0092508	0.002324	
1.3181	1.64218	0.010676	0.0092498	0.002322	
1.31656	1.642238	0.0106722	0.0092489	0.00232	
1.31503	1.642293	0.0106694	0.009248	0.002318	
1.31349	1.642349	0.010664	0.0092471	0.002316	
1.31195	1.642409	0.0106594	0.0092462	0.002315	
1.31041	1.642466	0.0106559	0.0092453	0.002313	
1.30887	1.642524	0.0106508	0.0092444	0.002311	
1.30734	1.642582	0.0106466	0.0092435	0.002309	
1.3058	1.64264	0.0106399	0.0092426	0.002307	
1.30426	1.6427	0.0106344	0.0092418	0.002305	
1.30272	1.642758	0.0106327	0.0092409	0.002303	
1.30118	1.642817	0.0106288	0.0092401	0.002301	
1.29964	1.642875	0.0106232	0.0092393	0.002299	
1.2981	1.642935	0.0106188	0.0092385	0.002297	
1.29656	1.642995	0.0106141	0.0092377	0.002295	
1.29502	1.643054	0.0106118	0.0092369	0.002293	
1.29348	1.643114	0.0106038	0.0092361	0.002291	
1.29194	1.643174	0.010599	0.0092353	0.002289	
1.2904	1.643234	0.0105939	0.0092345	0.002288	
1.28885	1.643294	0.0105912	0.0092338	0.002286	
1.28731	1.643356	0.010585	0.0092331	0.002284	
1.28577	1.643417	0.0105824	0.0092323	0.002282	
1.28423	1.643478	0.0105796	0.0092316	0.00228	
1.28269	1.643541	0.0105724	0.0092309	0.002278	
1.28114	1.643601	0.0105702	0.0092302	0.002276	
1.2796	1.643663	0.0105627	0.0092296	0.002274	
1.27806	1.643725	0.0105593	0.0092289	0.002272	
1.27651	1.643787	0.0105538	0.0092282	0.00227	
1.27497	1.643851	0.0105493	0.0092276	0.002268	
1.27343	1.643912	0.0105457	0.009227	0.002266	
1.27188	1.643976	0.0105408	0.0092264	0.002264	
1.27034	1.64404	0.0105347	0.0092258	0.002262	
1.26879	1.644103	0.0105296	0.0092252	0.00226	
1.26725	1.644165	0.0105249	0.0092246	0.002258	
1.2657	1.644229	0.0105217	0.009224	0.002256	
1.26416	1.644294	0.0105161	0.0092235	0.002254	
1.26261	1.644359	0.010509	0.009223	0.002252	
1.26106	1.644422	0.0105085	0.0092225	0.00225	
1.25952	1.644487	0.0105027	0.009222	0.002248	
1.25797	1.644553	0.0104944	0.0092215	0.002246	
1.25642	1.644619	0.0104911	0.009221	0.002243	
1.25488	1.644683	0.0104865	0.0092205	0.002241	
1.25333	1.644748	0.0104837	0.0092201	0.002239	
1.25178	1.644813	0.010476	0.0092197	0.002237	
1.25023	1.644881	0.0104719	0.0092193	0.002235	
1.24868	1.644947	0.0104666	0.0092189	0.002233	
1.24714	1.645015	0.0104624	0.0092185	0.002231	
1.24559	1.645081	0.0104571	0.0092181	0.002229	
1.24404	1.645148	0.0104539	0.0092178	0.002227	
1.24249	1.645214	0.0104481	0.0092174	0.002225	
1.24094	1.645282	0.0104435	0.0092171	0.002223	
1.23939	1.645351	0.0104362	0.0092168	0.002221	
1.23784	1.645419	0.0104316	0.0092166	0.002219	
1.23629	1.645489	0.0104271	0.0092163	0.002217	
1.23474	1.645554	0.0104215	0.009216	0.002214	
1.23319	1.645625	0.0104164	0.0092158	0.002212	
1.23164	1.645693	0.0104127	0.0092156	0.00221	
1.23009	1.645762	0.0104084	0.0092154	0.002208	
1.22853	1.645832	0.0103999	0.0092153	0.002206	
1.22698	1.645902	0.0103957	0.0092151	0.002204	
1.22543	1.645972	0.0103902	0.009215	0.002202	
1.22388	1.646043	0.0103865	0.0092149	0.0022	
1.22233	1.646114	0.0103805	0.0092148	0.002198	
1.22077	1.646184	0.0103736	0.0092147	0.002195	
1.21922	1.646255	0.0103679	0.0092146	0.002193	
1.21767	1.646327	0.0103653	0.0092146	0.002191	
1.21611	1.646398	0.0103591	0.0092146	0.002189	
1.21456	1.646468	0.0103552	0.0092146	0.002187	
1.21301	1.646542	0.0103492	0.0092146	0.002185	
1.21145	1.646614	0.0103431	0.0092147	0.002182	
1.2099	1.646686	0.0103378	0.0092147	0.00218	
1.20834	1.646761	0.0103322	0.0092148	0.002178	
1.20679	1.646831	0.0103267	0.0092149	0.002176	
1.20523	1.646908	0.0103212	0.0092151	0.002174	
1.20368	1.64698	0.010316	0.0092152	0.002172	
1.20212	1.647055	0.0103126	0.0092154	0.002169	
1.20056	1.647128	0.0103061	0.0092156	0.002167	
1.19901	1.647202	0.0103015	0.0092158	0.002165	
1.19745	1.647279	0.0102936	0.0092161	0.002163	
1.19589	1.647354	0.010288	0.0092164	0.002161	
1.19434	1.647429	0.0102843	0.0092167	0.002159	
1.19278	1.647503	0.010277	0.009217	0.002156	
1.19122	1.64758	0.0102718	0.0092173	0.002154	
1.18966	1.647656	0.0102695	0.0092177	0.002152	
1.1881	1.647732	0.0102638	0.0092181	0.00215	
1.18655	1.647809	0.0102549	0.0092185	0.002147	
1.18499	1.647887	0.0102512	0.009219	0.002145	
1.18343	1.647963	0.0102451	0.0092194	0.002143	
1.18187	1.648042	0.0102403	0.0092199	0.002141	
1.18031	1.648119	0.0102343	0.0092205	0.002139	
1.17875	1.648199	0.010231	0.009221	0.002136	
1.17719	1.648278	0.0102209	0.0092216	0.002134	
1.17563	1.648356	0.0102163	0.0092222	0.002132	
1.17407	1.648434	0.0102102	0.0092228	0.00213	
1.17251	1.648514	0.010205	0.0092235	0.002127	
1.17095	1.648592	0.0101993	0.0092242	0.002125	
1.16939	1.648675	0.0101935	0.0092249	0.002123	
1.16782	1.648755	0.0101902	0.0092257	0.002121	
1.16626	1.648836	0.0101815	0.0092265	0.002118	
1.1647	1.648915	0.0101769	0.0092273	0.002116	
1.16314	1.648997	0.0101709	0.0092281	0.002114	
1.16158	1.649078	0.0101654	0.009229	0.002112	
1.16001	1.649159	0.0101575	0.0092299	0.002109	
1.15845	1.649242	0.0101526	0.0092308	0.002107	
1.15689	1.649324	0.0101479	0.0092318	0.002105	
1.15532	1.649408	0.0101416	0.0092328	0.002102	
1.15376	1.64949	0.0101368	0.0092339	0.0021	
1.1522	1.649575	0.0101298	0.0092349	0.002098	
1.15063	1.649659	0.0101225	0.009236	0.002096	
1.14907	1.649741	0.0101182	0.0092372	0.002093	
1.1475	1.649826	0.0101122	0.0092383	0.002091	
1.14594	1.649911	0.0101067	0.0092395	0.002089	
1.14437	1.649996	0.0100997	0.0092408	0.002086	
1.14281	1.650081	0.0100946	0.009242	0.002084	
1.14124	1.650167	0.0100864	0.0092434	0.002082	
1.13967	1.650254	0.010081	0.0092447	0.002079	
1.13811	1.65034	0.0100749	0.0092461	0.002077	
1.13654	1.650427	0.0100695	0.0092475	0.002075	
1.13497	1.650514	0.0100636	0.009249	0.002073	
1.13341	1.6506	0.010058	0.0092505	0.00207	
1.13184	1.650689	0.0100508	0.009252	0.002068	
1.13027	1.650776	0.0100453	0.0092536	0.002066	
1.1287	1.650864	0.0100384	0.0092552	0.002063	
1.12713	1.650956	0.0100325	0.0092569	0.002061	
1.12557	1.651043	0.0100271	0.0092585	0.002059	
1.124	1.651133	0.0100188	0.0092603	0.002056	
1.12243	1.651224	0.0100148	0.0092621	0.002054	
1.12086	1.651314	0.0100066	0.0092639	0.002052	
1.11929	1.651404	0.0100013	0.0092657	0.002049	
1.11772	1.651495	0.0099965	0.0092677	0.002047	
1.11615	1.651586	0.009988	0.0092696	0.002044	
1.11458	1.651677	0.0099832	0.0092716	0.002042	
1.11301	1.651769	0.0099744	0.0092736	0.00204	
1.11144	1.651862	0.0099679	0.0092757	0.002037	
1.10987	1.651953	0.0099633	0.0092778	0.002035	
1.1083	1.652046	0.009957	0.00928	0.002033	
1.10672	1.65214	0.0099496	0.0092822	0.00203	
1.10515	1.652233	0.0099435	0.0092845	0.002028	
1.10358	1.652326	0.0099366	0.0092868	0.002026	
1.10201	1.652423	0.0099316	0.0092892	0.002023	
1.10044	1.652517	0.0099244	0.0092916	0.002021	
1.09886	1.652613	0.0099193	0.009294	0.002018	
1.09729	1.652707	0.0099109	0.0092965	0.002016	
1.09572	1.652803	0.0099038	0.0092991	0.002014	
1.09415	1.652901	0.0098978	0.0093017	0.002011	
1.09257	1.652998	0.0098918	0.0093044	0.002009	
1.09099	1.653095	0.009884	0.0093071	0.002007	
1.08942	1.653192	0.0098783	0.0093099	0.002004	
1.08784	1.653291	0.0098707	0.0093127	0.002002	
1.08628	1.653386	0.0098629	0.0093156	0.001999	
1.08471	1.653486	0.0098593	0.0093185	0.001997	
1.08313	1.653584	0.0098528	0.0093215	0.001995	
1.08155	1.653685	0.0098444	0.0093245	0.001992	
1.07996	1.653785	0.0098379	0.0093277	0.00199	
1.07838	1.653885	0.0098298	0.0093308	0.001987	
1.0768	1.653986	0.0098235	0.0093341	0.001985	
1.07526	1.654086	0.0098168	0.0093372	0.001983	
1.07368	1.654189	0.0098102	0.0093406	0.00198	
1.07209	1.65429	0.0098038	0.009344	0.001978	
1.07051	1.654392	0.0097951	0.0093475	0.001976	
1.06892	1.654497	0.0097892	0.009351	0.001973	
1.06733	1.654601	0.0097845	0.0093546	0.001971	
1.06574	1.654705	0.0097758	0.0093583	0.001968	
1.06422	1.654806	0.0097704	0.0093619	0.001966	
1.06263	1.654911	0.0097621	0.0093657	0.001964	
1.06104	1.655016	0.0097529	0.0093695	0.001961	
1.05945	1.655121	0.0097475	0.0093735	0.001959	
1.05785	1.655228	0.0097398	0.0093775	0.001956	
1.05634	1.65533	0.0097342	0.0093813	0.001954	
1.05475	1.655438	0.0097283	0.0093855	0.001952	
1.05316	1.655546	0.0097189	0.0093897	0.001949	
1.05156	1.655655	0.0097136	0.009394	0.001947	
1.04996	1.655764	0.0097066	0.0093983	0.001944	
1.04836	1.655873	0.0096968	0.0094028	0.001942	
1.04676	1.655983	0.0096903	0.0094073	0.001939	
1.04527	1.656087	0.0096834	0.0094116	0.001937	
1.04367	1.656196	0.0096764	0.0094163	0.001935	
1.04207	1.656309	0.0096704	0.009421	0.001932	
1.04046	1.656421	0.0096619	0.0094258	0.00193	
1.03886	1.656534	0.0096532	0.0094307	0.001927	
1.03737	1.656637	0.0096472	0.0094354	0.001925	
1.03577	1.656751	0.0096415	0.0094404	0.001923	
1.03416	1.656866	0.0096338	0.0094456	0.00192	
1.03255	1.656981	0.0096272	0.0094508	0.001918	
1.03095	1.657096	0.0096175	0.0094561	0.001915	
1.02947	1.6572	0.009611	0.0094611	0.001913	
1.02786	1.657318	0.0096038	0.0094666	0.001911	
1.02625	1.657434	0.0095968	0.0094722	0.001908	
1.02464	1.657552	0.0095881	0.0094778	0.001906	
1.02302	1.65767	0.0095802	0.0094836	0.001904	
1.02156	1.657776	0.0095724	0.0094889	0.001901	
1.01995	1.657894	0.0095667	0.0094949	0.001899	
1.01833	1.658015	0.0095587	0.0095009	0.001896	
1.01671	1.658135	0.0095512	0.0095071	0.001894	
1.01509	1.658257	0.009545	0.0095133	0.001892	
1.01364	1.658364	0.0095375	0.009519	0.001889	
1.01202	1.658488	0.0095296	0.0095254	0.001887	
1.0104	1.658609	0.0095193	0.009532	0.001885	
1.00878	1.658731	0.0095137	0.0095386	0.001882	
1.00715	1.658855	0.0095049	0.0095453	0.00188	
1.00571	1.658965	0.0094991	0.0095514	0.001878	
1.00408	1.65909	0.0094914	0.0095584	0.001875	
1.00246	1.659216	0.0094813	0.0095654	0.001873	
1.00083	1.659342	0.0094759	0.0095726	0.00187	
0.9992	1.659467	0.009467	0.0095799	0.001868	
0.99776	1.659581	0.00946	0.0095864	0.001866	
0.99613	1.659706	0.0094511	0.0095939	0.001863	
0.9945	1.659835	0.009443	0.0096015	0.001861	
0.99286	1.659965	0.0094361	0.0096093	0.001859	
0.99123	1.660096	0.0094288	0.0096172	0.001856	
0.9898	1.660206	0.0094208	0.0096241	0.001854	
0.98817	1.660337	0.0094117	0.0096322	0.001852	
0.98653	1.660469	0.0094045	0.0096404	0.001849	
0.98489	1.660603	0.0093966	0.0096488	0.001847	
0.98324	1.660736	0.0093878	0.0096573	0.001844	
0.98183	1.660849	0.0093807	0.0096647	0.001842	
0.98019	1.660983	0.0093745	0.0096734	0.00184	
0.97854	1.661118	0.0093654	0.0096823	0.001838	
0.97713	1.661232	0.0093587	0.00969	0.001836	
0.97549	1.66137	0.009349	0.0096991	0.001833	
0.97384	1.661507	0.0093408	0.0097084	0.001831	
0.97219	1.661642	0.0093337	0.0097178	0.001828	
0.97053	1.661781	0.0093258	0.0097273	0.001826	
0.96914	1.6619	0.0093162	0.0097355	0.001824	
0.96748	1.662039	0.0093097	0.0097453	0.001822	
0.96583	1.662178	0.0092989	0.0097553	0.001819	
0.96417	1.662319	0.0092928	0.0097655	0.001817	
0.96251	1.66246	0.0092828	0.0097758	0.001815	
0.96112	1.662581	0.0092756	0.0097845	0.001813	
0.95946	1.662723	0.0092683	0.0097951	0.00181	
0.9578	1.662868	0.0092589	0.0098058	0.001808	
0.95641	1.662987	0.0092493	0.0098149	0.001806	
0.95475	1.663132	0.0092429	0.0098259	0.001804	
0.95309	1.663278	0.0092349	0.0098371	0.001802	
0.95142	1.663424	0.0092244	0.0098485	0.001799	
0.94975	1.663572	0.0092182	0.0098601	0.001797	
0.94837	1.663694	0.0092087	0.0098697	0.001795	
0.9467	1.663843	0.0092031	0.0098816	0.001793	
0.94503	1.663991	0.0091919	0.0098937	0.00179	
0.94366	1.664115	0.0091866	0.0099037	0.001789	
0.94198	1.664265	0.0091755	0.0099161	0.001786	
0.94031	1.664418	0.0091672	0.0099286	0.001784	
0.93863	1.66457	0.0091599	0.0099414	0.001782	
0.93695	1.664724	0.0091496	0.0099544	0.00178	
0.93559	1.66485	0.0091444	0.0099651	0.001778	
0.9339	1.665005	0.0091329	0.0099784	0.001776	
0.93222	1.665161	0.0091239	0.0099919	0.001773	
0.93086	1.665286	0.0091187	0.010003	0.001772	
0.92951	1.665411	0.0091103	0.0100141	0.00177	
0.9285	1.665504	0.0091049	0.0100225	0.001768	
0.92783	1.66557	0.009103	0.0100282	0.001768	
0.92715	1.665633	0.0090983	0.0100339	0.001767	
0.92647	1.665696	0.0090926	0.0100396	0.001766	
0.9258	1.665761	0.0090918	0.0100453	0.001765	
0.92512	1.665825	0.009086	0.0100511	0.001764	
0.92445	1.665887	0.0090823	0.010057	0.001763	
0.92377	1.665952	0.0090801	0.0100628	0.001762	
0.92309	1.666016	0.009075	0.0100687	0.001761	
0.92242	1.66608	0.0090739	0.0100746	0.001761	
0.92174	1.666144	0.0090685	0.0100806	0.00176	
0.92106	1.66621	0.0090652	0.0100866	0.001759	
0.92039	1.666273	0.0090619	0.0100926	0.001758	
0.91971	1.666339	0.0090586	0.0100987	0.001757	
0.91903	1.666405	0.0090538	0.0101048	0.001756	
0.91835	1.666469	0.0090497	0.010111	0.001755	
0.91768	1.666534	0.0090473	0.0101171	0.001755	
0.917	1.666599	0.0090433	0.0101234	0.001754	
0.91632	1.666664	0.0090395	0.0101296	0.001753	
0.91564	1.66673	0.0090362	0.0101359	0.001752	
0.91497	1.666796	0.0090314	0.0101422	0.001751	
0.91429	1.666863	0.0090295	0.0101486	0.00175	
0.91361	1.66693	0.0090263	0.010155	0.001749	
0.91293	1.666996	0.0090215	0.0101614	0.001749	
0.91225	1.667062	0.0090167	0.0101679	0.001748	
0.91158	1.667127	0.0090109	0.0101744	0.001747	
0.9109	1.667194	0.0090079	0.0101809	0.001746	
0.91022	1.66726	0.0090059	0.0101875	0.001745	
0.90954	1.667325	0.009002	0.0101941	0.001744	
0.90886	1.667394	0.0089979	0.0102008	0.001744	
0.90818	1.667461	0.0089949	0.0102075	0.001743	
0.9075	1.667528	0.0089901	0.0102142	0.001742	
0.90682	1.667594	0.0089868	0.010221	0.001741	
0.90614	1.667663	0.0089832	0.0102278	0.00174	
0.90546	1.667731	0.0089797	0.0102347	0.001739	
0.90478	1.667799	0.0089774	0.0102416	0.001739	
0.90411	1.667867	0.0089744	0.0102485	0.001738	
0.90343	1.667934	0.0089705	0.0102555	0.001737	
0.90275	1.668004	0.0089658	0.0102625	0.001736	
0.90207	1.668071	0.0089599	0.0102696	0.001735	
0.90139	1.66814	0.0089563	0.0102767	0.001735	
0.9007	1.668208	0.0089528	0.0102838	0.001734	
0.90002	1.668277	0.0089493	0.010291	0.001733	
0.89934	1.668346	0.0089487	0.0102982	0.001732	
0.89866	1.668416	0.008944	0.0103055	0.001731	
0.89798	1.668484	0.0089387	0.0103128	0.001731	
0.8973	1.668552	0.0089352	0.0103201	0.00173	
0.89662	1.668624	0.00893	0.0103275	0.001729	
0.89594	1.668693	0.0089287	0.010335	0.001728	
0.89526	1.668762	0.0089247	0.0103424	0.001727	
0.89458	1.668831	0.0089207	0.01035	0.001727	
0.8939	1.668902	0.0089161	0.0103575	0.001726	
0.89321	1.668972	0.0089137	0.0103651	0.001725	
0.89253	1.669043	0.0089085	0.0103728	0.001724	
0.89185	1.669112	0.0089062	0.0103805	0.001724	
0.89117	1.669184	0.0089017	0.0103882	0.001723	
0.89049	1.669254	0.008897	0.010396	0.001722	
0.88981	1.669324	0.0088942	0.0104038	0.001721	
0.88912	1.669396	0.0088901	0.0104117	0.00172	
0.88844	1.669467	0.0088865	0.0104196	0.00172	
0.88776	1.669537	0.0088847	0.0104276	0.001719	
0.88708	1.66961	0.0088791	0.0104356	0.001718	
0.88639	1.66968	0.0088745	0.0104437	0.001717	
0.88571	1.669752	0.0088723	0.0104518	0.001717	
0.88503	1.669825	0.0088662	0.0104599	0.001716	
0.88434	1.669898	0.0088636	0.0104681	0.001715	
0.88366	1.669969	0.0088599	0.0104764	0.001714	
0.88298	1.67004	0.0088584	0.0104847	0.001714	
0.8823	1.670114	0.0088513	0.010493	0.001713	
0.88161	1.670185	0.0088503	0.0105014	0.001712	
0.88093	1.670257	0.0088433	0.0105099	0.001711	
0.88024	1.670331	0.0088409	0.0105183	0.001711	
0.87956	1.670405	0.0088371	0.0105269	0.00171	
0.87888	1.670476	0.0088342	0.0105355	0.001709	
0.87819	1.670551	0.0088277	0.0105441	0.001709	
0.87751	1.670624	0.0088251	0.0105528	0.001708	
0.87682	1.670699	0.0088223	0.0105615	0.001707	
0.87614	1.670772	0.0088175	0.0105703	0.001706	
0.87546	1.670845	0.0088142	0.0105792	0.001706	
0.87477	1.670919	0.0088128	0.010588	0.001705	
0.87409	1.670993	0.0088061	0.010597	0.001704	
0.8734	1.671068	0.0088027	0.010606	0.001704	
0.87272	1.671143	0.0088005	0.010615	0.001703	
0.87203	1.671218	0.0087941	0.0106241	0.001702	
0.87135	1.671292	0.0087897	0.0106333	0.001701	
0.87066	1.671367	0.008789	0.0106425	0.001701	
0.86998	1.671442	0.008784	0.0106517	0.0017	
0.86929	1.671518	0.0087793	0.010661	0.001699	
0.86861	1.671595	0.0087753	0.0106704	0.001699	
0.86792	1.671669	0.0087715	0.0106798	0.001698	
0.86723	1.671746	0.0087686	0.0106893	0.001697	
0.86655	1.671822	0.0087637	0.0106988	0.001697	
0.86586	1.671897	0.0087601	0.0107084	0.001696	
0.86518	1.671973	0.0087555	0.010718	0.001695	
0.86449	1.672049	0.0087516	0.0107277	0.001695	
0.8638	1.672126	0.0087464	0.0107375	0.001694	
0.86312	1.672204	0.0087442	0.0107473	0.001693	
0.86243	1.672281	0.0087397	0.0107571	0.001693	
0.86174	1.672355	0.0087387	0.010767	0.001692	
0.86106	1.672434	0.0087353	0.010777	0.001691	
0.86037	1.67251	0.0087307	0.0107871	0.001691	
0.85968	1.672589	0.0087273	0.0107971	0.00169	
0.859	1.672665	0.0087227	0.0108073	0.001689	
0.85831	1.672743	0.008719	0.0108175	0.001689	
0.85762	1.672821	0.0087149	0.0108278	0.001688	
0.85693	1.672899	0.0087092	0.0108381	0.001688	
0.85625	1.672979	0.008706	0.0108485	0.001687	
0.85556	1.673057	0.0087031	0.0108589	0.001686	
0.85487	1.673136	0.0086997	0.0108694	0.001686	
0.85418	1.673214	0.0086934	0.01088	0.001685	
0.85349	1.673292	0.0086905	0.0108906	0.001684	
0.85281	1.673372	0.0086879	0.0109013	0.001684	
0.85212	1.67345	0.0086845	0.0109121	0.001683	
0.85143	1.673532	0.0086778	0.0109229	0.001683	
0.85074	1.673611	0.0086757	0.0109337	0.001682	
0.85005	1.67369	0.0086717	0.0109447	0.001681	
0.84936	1.67377	0.0086672	0.0109557	0.001681	
0.84867	1.673851	0.0086634	0.0109668	0.00168	
0.84799	1.67393	0.0086601	0.0109779	0.00168	
0.8473	1.67401	0.008655	0.0109891	0.001679	
0.84661	1.674091	0.0086506	0.0110003	0.001678	
0.84592	1.67417	0.0086466	0.0110117	0.001678	
0.84523	1.674252	0.0086453	0.011023	0.001677	
0.84454	1.674335	0.0086387	0.0110345	0.001677	
0.84385	1.674415	0.0086361	0.011046	0.001676	
0.84316	1.674497	0.0086328	0.0110576	0.001676	
0.84247	1.674579	0.008628	0.0110693	0.001675	
0.84178	1.67466	0.0086229	0.011081	0.001675	
0.84109	1.674742	0.0086217	0.0110928	0.001674	
0.8404	1.674824	0.0086156	0.0111046	0.001673	
0.83971	1.674908	0.0086119	0.0111166	0.001673	
0.83902	1.674989	0.0086083	0.0111286	0.001672	
0.83833	1.675073	0.0086041	0.0111406	0.001672	
0.83764	1.675153	0.0086015	0.0111528	0.001671	
0.83695	1.675237	0.0085958	0.011165	0.001671	
0.83626	1.675319	0.0085925	0.0111772	0.00167	
0.83556	1.675404	0.0085906	0.0111896	0.00167	
0.83487	1.675486	0.0085871	0.011202	0.001669	
0.83418	1.675571	0.0085824	0.0112145	0.001669	
0.83349	1.675656	0.0085754	0.0112271	0.001668	
0.8328	1.675738	0.0085741	0.0112397	0.001668	
0.83211	1.675824	0.0085695	0.0112524	0.001667	
0.83142	1.675907	0.0085664	0.0112652	0.001667	
0.83072	1.675992	0.0085631	0.011278	0.001666	
0.83003	1.676076	0.0085559	0.011291	0.001666	
0.82934	1.676162	0.0085541	0.011304	0.001665	
0.82865	1.676247	0.0085494	0.0113171	0.001665	
0.82796	1.676331	0.0085456	0.0113302	0.001664	
0.82726	1.676415	0.0085419	0.0113435	0.001664	
0.82657	1.676502	0.0085391	0.0113568	0.001663	
0.82588	1.676589	0.0085347	0.0113702	0.001663	
0.82519	1.676675	0.0085294	0.0113836	0.001662	
0.82449	1.676761	0.0085261	0.0113972	0.001662	
0.8238	1.676846	0.0085229	0.0114108	0.001661	
0.82311	1.676933	0.0085198	0.0114245	0.001661	
0.82241	1.677019	0.0085154	0.0114383	0.001661	
0.82172	1.677106	0.0085103	0.0114521	0.00166	
0.82103	1.677193	0.008506	0.0114661	0.00166	
0.82033	1.677281	0.0085032	0.0114801	0.001659	
0.81964	1.677368	0.0084987	0.0114942	0.001659	
0.81895	1.677456	0.008496	0.0115084	0.001658	
0.81825	1.677543	0.008491	0.0115227	0.001658	
0.81756	1.677632	0.0084878	0.011537	0.001658	
0.81686	1.677719	0.0084835	0.0115515	0.001657	
0.81617	1.677808	0.0084803	0.011566	0.001657	
0.81548	1.677898	0.0084759	0.0115806	0.001656	
0.81478	1.677986	0.008471	0.0115953	0.001656	
0.81409	1.678074	0.0084678	0.0116101	0.001656	
0.81339	1.678164	0.0084647	0.0116249	0.001655	
0.8127	1.678254	0.0084582	0.0116399	0.001655	
0.812	1.678342	0.0084556	0.0116549	0.001654	
0.81131	1.678433	0.0084507	0.0116701	0.001654	
0.81061	1.678522	0.0084475	0.0116853	0.001654	
0.80992	1.678612	0.0084452	0.0117006	0.001653	
0.80922	1.678701	0.0084413	0.011716	0.001653	
0.80853	1.678792	0.0084364	0.0117314	0.001653	
0.80783	1.678884	0.0084318	0.011747	0.001652	
0.80713	1.678972	0.0084269	0.0117627	0.001652	
0.80644	1.679065	0.008424	0.0117784	0.001652	
0.80574	1.679157	0.0084195	0.0117943	0.001651	
0.80505	1.679247	0.0084164	0.0118102	0.001651	
0.80435	1.67934	0.008414	0.0118263	0.001651	
0.80365	1.67943	0.0084097	0.0118424	0.00165	
0.80296	1.679524	0.0084048	0.0118586	0.00165	
0.80226	1.679614	0.0084028	0.0118749	0.00165	
0.80157	1.679708	0.0083964	0.0118913	0.001649	
0.80087	1.6798	0.0083938	0.0119079	0.001649	
0.80017	1.679892	0.00839	0.0119245	0.001649	
0.79947	1.679985	0.0083848	0.0119412	0.001648	
0.79878	1.680078	0.0083834	0.011958	0.001648	
0.79808	1.680172	0.0083784	0.0119749	0.001648	
0.79738	1.680265	0.0083748	0.0119919	0.001647	
0.79669	1.680359	0.0083684	0.012009	0.001647	
0.79599	1.680451	0.0083668	0.0120262	0.001647	
0.79529	1.680546	0.008362	0.0120435	0.001647	
0.79459	1.680642	0.0083577	0.0120609	0.001646	
0.7939	1.680734	0.0083536	0.0120784	0.001646	
0.7932	1.680832	0.008351	0.012096	0.001646	
0.7925	1.680926	0.0083478	0.0121137	0.001646	
0.7918	1.681019	0.0083441	0.0121315	0.001645	
0.7911	1.681114	0.0083388	0.0121494	0.001645	
0.7904	1.68121	0.0083345	0.0121674	0.001645	
0.78971	1.681306	0.0083313	0.0121856	0.001645	
0.78901	1.681402	0.0083275	0.0122038	0.001645	
0.78831	1.681499	0.0083234	0.0122222	0.001644	
0.78761	1.681595	0.0083197	0.0122406	0.001644	
0.78691	1.681691	0.0083167	0.0122592	0.001644	
0.78621	1.681786	0.0083121	0.0122779	0.001644	
0.78551	1.681884	0.0083096	0.0122966	0.001643	
0.78481	1.681982	0.0083036	0.0123155	0.001643	
0.78411	1.68208	0.0083011	0.0123345	0.001643	
0.78341	1.682177	0.0082961	0.0123537	0.001643	
0.78271	1.682273	0.0082911	0.0123729	0.001643	
0.78202	1.682372	0.0082879	0.0123922	0.001643	
0.78132	1.682469	0.0082838	0.0124117	0.001642	
0.78062	1.682569	0.0082803	0.0124313	0.001642	
0.77992	1.682667	0.0082778	0.012451	0.001642	
0.77922	1.682766	0.0082721	0.0124708	0.001642	
0.77851	1.682866	0.0082698	0.0124907	0.001642	
0.77781	1.682965	0.008264	0.0125107	0.001642	
0.77711	1.683062	0.0082614	0.0125309	0.001642	
0.77641	1.683163	0.0082586	0.0125512	0.001641	
0.77571	1.683262	0.0082522	0.0125716	0.001641	
0.77501	1.683362	0.0082501	0.0125921	0.001641	
0.77431	1.683465	0.0082467	0.0126127	0.001641	
0.77361	1.683564	0.0082431	0.0126335	0.001641	
0.77291	1.683665	0.0082377	0.0126544	0.001641	
0.77221	1.683765	0.0082354	0.0126754	0.001641	
0.77151	1.683866	0.0082322	0.0126965	0.001641	
0.7708	1.683969	0.0082268	0.0127178	0.001641	
0.7701	1.684069	0.008224	0.0127392	0.001641	
0.7694	1.68417	0.0082192	0.0127607	0.00164	
0.7687	1.684272	0.0082149	0.0127824	0.00164	
0.768	1.684376	0.0082144	0.0128042	0.00164	
0.76729	1.684477	0.0082091	0.0128261	0.00164	
0.76659	1.68458	0.0082049	0.0128481	0.00164	
0.76589	1.684683	0.0082027	0.0128703	0.00164	
0.76519	1.684786	0.0081972	0.0128926	0.00164	
0.76448	1.684891	0.0081955	0.012915	0.00164	
0.76378	1.684994	0.0081884	0.0129376	0.00164	
0.76308	1.685096	0.0081885	0.0129603	0.00164	
0.76238	1.685201	0.0081825	0.0129831	0.00164	
0.76167	1.685306	0.0081795	0.0130061	0.00164	
0.76097	1.685409	0.0081745	0.0130292	0.00164	
0.76027	1.685515	0.0081712	0.0130525	0.00164	
0.75956	1.685618	0.0081662	0.0130758	0.00164	
0.75886	1.685723	0.0081647	0.0130994	0.00164	
0.75816	1.685827	0.0081599	0.013123	0.00164	
0.75745	1.685934	0.0081573	0.0131469	0.00164	
0.75675	1.68604	0.0081531	0.0131708	0.00164	
0.75604	1.686147	0.0081471	0.0131949	0.00164	
0.75534	1.686251	0.0081453	0.0132192	0.00164	
0.75464	1.686357	0.0081411	0.0132436	0.00164	
0.75393	1.686465	0.0081394	0.0132681	0.00164	
0.75323	1.686571	0.0081338	0.0132928	0.001641	
0.75252	1.68668	0.0081283	0.0133176	0.001641	
0.75182	1.686786	0.0081268	0.0133426	0.001641	
0.75111	1.686894	0.0081238	0.0133677	0.001641	
0.75041	1.687002	0.0081208	0.013393	0.001641	
0.7497	1.687109	0.0081169	0.0134185	0.001641	
0.749	1.687217	0.0081152	0.0134441	0.001641	
0.74829	1.687325	0.008108	0.0134698	0.001641	
0.74759	1.687433	0.0081035	0.0134957	0.001641	
0.74688	1.687543	0.0081016	0.0135218	0.001641	
0.74618	1.687653	0.0080969	0.013548	0.001642	
0.74547	1.687762	0.0080935	0.0135744	0.001642	
0.74477	1.687871	0.0080905	0.0136009	0.001642	
0.74406	1.687983	0.008088	0.0136276	0.001642	
0.74335	1.688092	0.0080846	0.0136545	0.001642	
0.74265	1.688204	0.0080809	0.0136815	0.001642	
0.74194	1.688312	0.0080759	0.0137087	0.001643	
0.74124	1.688423	0.0080734	0.013736	0.001643	
0.74053	1.688535	0.0080686	0.0137635	0.001643	
0.73982	1.688644	0.0080646	0.0137912	0.001643	
0.73912	1.688757	0.0080626	0.0138191	0.001643	
0.73841	1.688867	0.0080587	0.0138471	0.001643	
0.7377	1.68898	0.0080553	0.0138753	0.001644	
0.737	1.689091	0.0080516	0.0139036	0.001644	
0.73629	1.689204	0.0080484	0.0139322	0.001644	
0.73558	1.689317	0.008045	0.0139609	0.001644	
0.73487	1.68943	0.0080405	0.0139898	0.001645	
0.73417	1.689543	0.0080386	0.0140188	0.001645	
0.73346	1.689656	0.008033	0.0140481	0.001645	
0.73275	1.68977	0.0080309	0.0140775	0.001645	
0.73204	1.689884	0.0080264	0.0141071	0.001646	
0.73134	1.689998	0.0080247	0.0141369	0.001646	
0.73063	1.69011	0.0080207	0.0141668	0.001646	
0.72992	1.690226	0.0080181	0.014197	0.001647	
0.72921	1.690341	0.0080124	0.0142273	0.001647	
0.7285	1.690456	0.0080095	0.0142578	0.001647	
0.72779	1.690572	0.0080083	0.0142885	0.001647	
0.72709	1.690688	0.0080029	0.0143194	0.001648	
0.72638	1.690804	0.0079997	0.0143505	0.001648	
0.72567	1.690919	0.0079957	0.0143817	0.001648	
0.72496	1.691035	0.0079933	0.0144132	0.001649	
0.72425	1.691152	0.0079908	0.0144449	0.001649	
0.72354	1.691268	0.0079883	0.0144767	0.001649	
0.72283	1.691384	0.007983	0.0145087	0.00165	
0.72212	1.691503	0.0079788	0.014541	0.00165	
0.72141	1.69162	0.0079764	0.0145734	0.001651	
0.7207	1.691737	0.0079727	0.0146061	0.001651	
0.71999	1.691857	0.0079711	0.0146389	0.001651	
0.71928	1.691975	0.0079663	0.014672	0.001652	
0.71857	1.692092	0.0079648	0.0147052	0.001652	
0.71786	1.692211	0.0079622	0.0147387	0.001653	
0.71715	1.69233	0.0079588	0.0147723	0.001653	
0.71644	1.692449	0.0079548	0.0148062	0.001653	
0.71573	1.692569	0.007954	0.0148403	0.001654	
0.71502	1.692689	0.0079476	0.0148746	0.001654	
0.71431	1.692811	0.0079448	0.0149091	0.001655	
0.7136	1.692929	0.0079409	0.0149438	0.001655	
0.71289	1.69305	0.0079377	0.0149787	0.001656	
0.71218	1.693171	0.007935	0.0150139	0.001656	
0.71147	1.69329	0.0079305	0.0150492	0.001657	
0.71076	1.693411	0.0079282	0.0150848	0.001657	
0.71005	1.693534	0.0079261	0.0151206	0.001658	
0.70933	1.693656	0.0079233	0.0151567	0.001658	
0.70862	1.693776	0.0079185	0.0151929	0.001659	
0.70791	1.693899	0.0079153	0.0152294	0.001659	
0.7072	1.694021	0.0079136	0.0152661	0.00166	
0.70649	1.694144	0.0079104	0.0153031	0.00166	
0.70578	1.694268	0.0079089	0.0153402	0.001661	
0.70506	1.69439	0.0079051	0.0153776	0.001662	
0.70435	1.694515	0.0079011	0.0154153	0.001662	
0.70364	1.69464	0.0078985	0.0154531	0.001663	
0.70293	1.694762	0.0078958	0.0154912	0.001663	
0.70221	1.694887	0.0078928	0.0155296	0.001664	
0.7015	1.69501	0.0078897	0.0155682	0.001665	
0.70079	1.695136	0.0078859	0.015607	0.001665	
0.70008	1.695262	0.0078836	0.0156461	0.001666	
0.69936	1.695384	0.0078803	0.0156854	0.001666	
0.69865	1.69551	0.007878	0.015725	0.001667	
0.69794	1.695635	0.0078743	0.0157648	0.001668	
0.69722	1.695763	0.0078723	0.0158048	0.001668	
0.69651	1.695889	0.0078709	0.0158452	0.001669	
0.6958	1.696016	0.0078675	0.0158857	0.00167	
0.69508	1.696141	0.0078627	0.0159266	0.001671	
0.69437	1.696271	0.0078587	0.0159677	0.001671	
0.69365	1.696397	0.0078565	0.016009	0.001672	
0.69294	1.696525	0.0078541	0.0160506	0.001673	
0.69223	1.696654	0.0078518	0.0160925	0.001673	
0.69151	1.696781	0.007849	0.0161346	0.001674	
0.6908	1.696909	0.0078471	0.016177	0.001675	
0.69008	1.697038	0.0078443	0.0162197	0.001676	
0.68937	1.697169	0.0078407	0.0162626	0.001676	
0.68865	1.697296	0.0078395	0.0163058	0.001677	
0.68794	1.697425	0.0078372	0.0163493	0.001678	
0.68722	1.697555	0.0078329	0.0163931	0.001679	
0.68651	1.697685	0.0078316	0.0164371	0.00168	
0.68579	1.697815	0.0078289	0.0164814	0.001681	
0.68508	1.697947	0.0078245	0.0165261	0.001681	
0.68436	1.698077	0.0078224	0.0165709	0.001682	
0.68365	1.698209	0.0078191	0.0166161	0.001683	
0.68293	1.698338	0.0078178	0.0166616	0.001684	
0.68222	1.69847	0.0078146	0.0167073	0.001685	
0.6815	1.698602	0.0078132	0.0167534	0.001686	
0.68078	1.698736	0.0078104	0.0167997	0.001687	
0.68007	1.698866	0.0078092	0.0168463	0.001688	
0.67935	1.698999	0.0078044	0.0168933	0.001689	
0.67864	1.699132	0.0078028	0.0169405	0.00169	
0.67792	1.699265	0.0077996	0.0169881	0.001691	
0.6772	1.6994	0.0077987	0.0170359	0.001691	
0.67649	1.699532	0.0077946	0.0170841	0.001692	
0.67577	1.699667	0.0077938	0.0171325	0.001693	
0.67505	1.6998	0.0077906	0.0171813	0.001694	
0.67434	1.699935	0.0077882	0.0172304	0.001696	
0.67362	1.700071	0.0077859	0.0172798	0.001697	
0.6729	1.700207	0.0077846	0.0173295	0.001698	
0.67218	1.700341	0.0077834	0.0173795	0.001699	
0.67147	1.700475	0.0077785	0.0174299	0.0017	
0.67075	1.70061	0.0077778	0.0174806	0.001701	
0.67003	1.700749	0.007777	0.0175316	0.001702	
0.66931	1.700885	0.007775	0.0175829	0.001703	
0.6686	1.70102	0.0077698	0.0176346	0.001704	
0.66788	1.701158	0.0077685	0.0176866	0.001705	
0.66716	1.701295	0.0077679	0.017739	0.001707	
0.66644	1.701433	0.0077658	0.0177917	0.001708	
0.66572	1.701571	0.0077641	0.0178447	0.001709	
0.665	1.70171	0.0077611	0.0178981	0.00171	
0.66429	1.701847	0.0077589	0.0179518	0.001711	
0.66357	1.701985	0.0077568	0.0180059	0.001713	
0.66285	1.702124	0.0077547	0.0180603	0.001714	
0.66213	1.702263	0.0077518	0.0181151	0.001715	
0.66141	1.702403	0.0077515	0.0181702	0.001716	
0.66069	1.702542	0.0077476	0.0182257	0.001718	
0.65997	1.702683	0.0077457	0.0182816	0.001719	
0.65925	1.702822	0.0077451	0.0183378	0.00172	
0.65853	1.702964	0.007743	0.0183944	0.001722	
0.65781	1.703103	0.0077409	0.0184514	0.001723	
0.65709	1.703244	0.0077398	0.0185087	0.001724	
0.65637	1.703386	0.007738	0.0185664	0.001726	
0.65565	1.703528	0.0077369	0.0186245	0.001727	
0.65493	1.703669	0.0077337	0.018683	0.001729	
0.65421	1.703809	0.0077322	0.0187419	0.00173	
0.65349	1.703954	0.0077316	0.0188011	0.001732	
0.65277	1.704094	0.0077298	0.0188608	0.001733	
0.65205	1.704239	0.0077292	0.0189208	0.001735	
0.65133	1.704381	0.0077269	0.0189812	0.001736	
0.65061	1.704525	0.0077243	0.019042	0.001738	
0.64989	1.704668	0.0077229	0.0191033	0.001739	
0.64917	1.704811	0.0077222	0.0191649	0.001741	
0.64845	1.704957	0.0077209	0.0192269	0.001742	
0.64773	1.705102	0.0077204	0.0192894	0.001744	
0.64701	1.705245	0.0077197	0.0193523	0.001746	
0.64628	1.705391	0.007718	0.0194155	0.001747	
0.64556	1.705536	0.0077152	0.0194792	0.001749	
0.64484	1.705683	0.0077132	0.0195434	0.001751	
0.64412	1.705828	0.0077127	0.0196079	0.001752	
0.6434	1.705974	0.0077107	0.0196729	0.001754	
0.64268	1.706118	0.0077112	0.0197383	0.001756	
0.64195	1.706266	0.0077093	0.0198042	0.001758	
0.64123	1.706412	0.0077076	0.0198705	0.001759	
0.64051	1.706561	0.0077075	0.0199372	0.001761	
0.63979	1.706707	0.0077057	0.0200044	0.001763	
0.63906	1.706856	0.0077051	0.020072	0.001765	
0.63834	1.707004	0.0077036	0.0201401	0.001767	
0.63762	1.707152	0.0077021	0.0202086	0.001769	
0.6369	1.7073	0.0077029	0.0202776	0.001771	
0.63617	1.707449	0.0077004	0.0203471	0.001773	
0.63545	1.7076	0.0076995	0.020417	0.001775	
0.63473	1.707748	0.0077002	0.0204874	0.001777	
0.634	1.707897	0.0076977	0.0205583	0.001779	
0.63328	1.708046	0.0076957	0.0206296	0.001781	
0.63256	1.708199	0.0076968	0.0207015	0.001783	
0.63183	1.708349	0.0076952	0.0207738	0.001785	
0.63111	1.708499	0.0076954	0.0208466	0.001787	
0.63039	1.708649	0.0076966	0.0209199	0.00179	
0.62966	1.708802	0.0076941	0.0209937	0.001792	
0.62894	1.708954	0.0076949	0.021068	0.001794	
0.62821	1.709104	0.0076949	0.0211428	0.001796	
0.62749	1.709256	0.007694	0.0212181	0.001799	
0.62676	1.709409	0.0076933	0.0212939	0.001801	
0.62604	1.709562	0.0076928	0.0213702	0.001803	
0.62531	1.709713	0.0076903	0.0214471	0.001806	
0.62459	1.709867	0.0076909	0.0215244	0.001808	
0.62386	1.710018	0.00769	0.0216023	0.001811	
0.62314	1.710174	0.0076892	0.0216808	0.001813	
0.62241	1.710328	0.00769	0.0217597	0.001816	
0.62169	1.710483	0.0076897	0.0218392	0.001818	
0.62096	1.710634	0.0076889	0.0219193	0.001821	
0.62024	1.710792	0.0076897	0.0219999	0.001823	
0.61951	1.710944	0.0076889	0.022081	0.001826	
0.61879	1.711099	0.0076886	0.0221627	0.001829	
0.61806	1.711256	0.0076898	0.022245	0.001832	
0.61734	1.711411	0.0076882	0.0223278	0.001834	
0.61661	1.711568	0.0076894	0.0224112	0.001837	
0.61588	1.711723	0.0076892	0.0224952	0.00184	
0.61516	1.711879	0.0076899	0.0225797	0.001843	
0.61443	1.712037	0.0076901	0.0226649	0.001846	
0.6137	1.712194	0.0076901	0.0227506	0.001849	
0.61298	1.712349	0.0076915	0.0228369	0.001852	
0.61225	1.712508	0.0076912	0.0229238	0.001855	
0.61152	1.712665	0.0076912	0.0230114	0.001858	
0.6108	1.712822	0.0076893	0.0230995	0.001861	
0.61007	1.712982	0.0076916	0.0231882	0.001864	
0.60934	1.71314	0.0076927	0.0232776	0.001867	
0.60862	1.713298	0.0076914	0.0233675	0.001871	
0.60789	1.713458	0.0076921	0.0234581	0.001874	
0.60716	1.713615	0.0076937	0.0235494	0.001877	
0.60643	1.713774	0.0076935	0.0236412	0.001881	
0.60571	1.713936	0.0076944	0.0237337	0.001884	
0.60498	1.714094	0.0076957	0.0238269	0.001888	
0.60425	1.714255	0.0076975	0.0239207	0.001891	
0.60352	1.714416	0.0076969	0.0240151	0.001895	
0.60279	1.714577	0.0076989	0.0241102	0.001898	
0.60206	1.714738	0.0076991	0.024206	0.001902	
0.60134	1.714899	0.0077009	0.0243025	0.001906	
0.60061	1.715058	0.007703	0.0243996	0.00191	
0.59988	1.715219	0.0077023	0.0244974	0.001913	
0.59915	1.715383	0.007705	0.0245959	0.001917	
0.59842	1.715544	0.0077054	0.0246951	0.001921	
0.59769	1.715706	0.0077036	0.024795	0.001925	
0.59696	1.715869	0.0077075	0.0248956	0.001929	
0.59623	1.716032	0.0077095	0.0249969	0.001933	
0.5955	1.716193	0.00771	0.025099	0.001938	
0.59478	1.716358	0.0077116	0.0252017	0.001942	
0.59405	1.716521	0.0077121	0.0253052	0.001946	
0.59332	1.716685	0.0077154	0.0254094	0.00195	
0.59259	1.716849	0.0077158	0.0255144	0.001955	
0.59186	1.717012	0.0077179	0.02562	0.001959	
0.59113	1.717178	0.0077209	0.0257265	0.001964	
0.5904	1.71734	0.0077218	0.0258337	0.001969	
0.58967	1.717505	0.0077257	0.0259417	0.001973	
0.58894	1.71767	0.0077254	0.0260504	0.001978	
0.58821	1.717836	0.0077284	0.0261599	0.001983	
0.58747	1.718	0.0077279	0.0262702	0.001988	
0.58674	1.718166	0.0077309	0.0263813	0.001993	
0.58601	1.718333	0.0077328	0.0264932	0.001998	
0.58528	1.718497	0.0077361	0.0266059	0.002003	
0.58455	1.718666	0.0077371	0.0267194	0.002008	
0.58382	1.718831	0.0077415	0.0268337	0.002013	
0.58309	1.718998	0.0077424	0.0269489	0.002018	
0.58236	1.719163	0.007744	0.0270648	0.002024	
0.58163	1.719331	0.0077473	0.0271816	0.002029	
0.58089	1.719498	0.007749	0.0272993	0.002035	
0.58016	1.719664	0.0077545	0.0274178	0.00204	
0.57943	1.719831	0.0077548	0.0275371	0.002046	
0.5787	1.720002	0.0077562	0.0276573	0.002052	
0.57797	1.720167	0.0077608	0.0277784	0.002058	
0.57723	1.720336	0.0077646	0.0279004	0.002064	
0.5765	1.720506	0.0077664	0.0280232	0.00207	
0.57577	1.720672	0.0077695	0.028147	0.002076	
0.57504	1.720841	0.0077731	0.0282716	0.002082	
0.5743	1.72101	0.0077753	0.0283972	0.002088	
0.57357	1.721178	0.007779	0.0285236	0.002095	
0.57284	1.721348	0.0077816	0.028651	0.002101	
0.57211	1.721517	0.0077839	0.0287793	0.002108	
0.57137	1.721688	0.0077886	0.0289086	0.002114	
0.57064	1.721856	0.007792	0.0290388	0.002121	
0.56991	1.722025	0.0077956	0.02917	0.002128	
0.56917	1.722197	0.0077982	0.0293021	0.002135	
0.56844	1.722366	0.0078013	0.0294352	0.002142	
0.56771	1.722536	0.0078088	0.0295693	0.002149	
0.56697	1.722707	0.0078126	0.0297043	0.002157	
0.56624	1.722876	0.0078149	0.0298404	0.002164	
0.5655	1.723048	0.0078183	0.0299775	0.002171	
0.56477	1.723219	0.0078226	0.0301155	0.002179	
0.56404	1.723391	0.0078279	0.0302546	0.002187	
0.5633	1.72356	0.007831	0.0303948	0.002195	
0.56257	1.723731	0.0078374	0.0305359	0.002202	
0.56183	1.723904	0.0078391	0.0306781	0.002211	
0.5611	1.724074	0.0078442	0.0308214	0.002219	
0.56036	1.724245	0.0078489	0.0309657	0.002227	
0.55963	1.724419	0.0078547	0.0311112	0.002235	
0.55889	1.72459	0.0078585	0.0312576	0.002244	
0.55816	1.72476	0.0078637	0.0314052	0.002253	
0.55742	1.724934	0.0078677	0.0315539	0.002261	
0.55669	1.725105	0.0078725	0.0317037	0.00227	
0.55595	1.725276	0.0078767	0.0318546	0.002279	
0.55522	1.72545	0.0078845	0.0320067	0.002288	
0.55448	1.725623	0.0078881	0.0321599	0.002298	
0.55375	1.725794	0.0078948	0.0323143	0.002307	
0.55301	1.725968	0.0078987	0.0324697	0.002317	
0.55227	1.726141	0.0079053	0.0326264	0.002326	
0.55154	1.726313	0.0079124	0.0327843	0.002336	
0.5508	1.726487	0.0079157	0.0329433	0.002346	
0.55006	1.726658	0.0079221	0.0331036	0.002356	
0.54933	1.726832	0.0079278	0.0332651	0.002366	
0.54859	1.727004	0.0079337	0.0334278	0.002377	
0.54785	1.727177	0.0079399	0.0335917	0.002387	
0.54712	1.727349	0.0079458	0.0337568	0.002398	
0.54638	1.727524	0.0079546	0.0339233	0.002409	
0.54564	1.727696	0.0079573	0.034091	0.00242	
0.54491	1.727871	0.007966	0.0342599	0.002431	
0.54417	1.728044	0.0079729	0.0344302	0.002442	
0.54343	1.728217	0.00798	0.0346017	0.002454	
0.54269	1.72839	0.007987	0.0347746	0.002465	
0.54196	1.728564	0.0079921	0.0349488	0.002477	
0.54122	1.728736	0.0079996	0.0351243	0.002489	
0.54048	1.72891	0.0080078	0.0353012	0.002501	
0.53974	1.729085	0.0080148	0.0354794	0.002514	
0.53901	1.729257	0.008023	0.035659	0.002526	
0.53827	1.729431	0.0080289	0.03584	0.002539	
0.53753	1.729604	0.0080368	0.0360224	0.002552	
0.53679	1.729778	0.008045	0.0362062	0.002565	
0.53605	1.729951	0.008052	0.0363914	0.002578	
0.53531	1.730125	0.0080603	0.036578	0.002591	
0.53457	1.730297	0.0080695	0.0367661	0.002605	
0.53384	1.730472	0.0080765	0.0369557	0.002618	
0.5331	1.730646	0.0080848	0.0371467	0.002632	
0.53236	1.730818	0.0080939	0.0373392	0.002646	
0.53162	1.730992	0.0081022	0.0375332	0.002661	
0.53088	1.731163	0.0081109	0.0377287	0.002675	
0.53014	1.731337	0.0081192	0.0379257	0.00269	
0.5294	1.73151	0.0081299	0.0381243	0.002705	
0.52866	1.731684	0.0081383	0.0383244	0.00272	
0.52792	1.731854	0.0081463	0.0385262	0.002735	
0.52718	1.732028	0.0081566	0.0387294	0.002751	
0.52644	1.732202	0.0081666	0.0389343	0.002767	
0.5257	1.732374	0.0081769	0.0391408	0.002783	
0.52496	1.732545	0.0081862	0.0393489	0.002799	
0.52422	1.732718	0.0081943	0.0395587	0.002815	
0.52348	1.732891	0.0082054	0.0397701	0.002832	
0.52274	1.733061	0.0082182	0.0399832	0.002849	
0.522	1.733233	0.0082268	0.0401979	0.002866	
0.52126	1.733406	0.0082373	0.0404144	0.002883	
0.52052	1.733577	0.0082469	0.0406326	0.002901	
0.51978	1.733748	0.0082582	0.0408525	0.002919	
0.51903	1.733918	0.0082688	0.0410741	0.002937	
0.51829	1.734092	0.0082795	0.0412976	0.002955	
0.51755	1.734262	0.0082919	0.0415228	0.002973	
0.51681	1.734432	0.0083037	0.0417498	0.002992	
0.51607	1.734603	0.0083158	0.0419786	0.003011	
0.51533	1.734773	0.0083259	0.0422093	0.00303	
0.51459	1.734942	0.0083399	0.0424418	0.00305	
0.51384	1.735112	0.0083509	0.0426761	0.00307	
0.5131	1.735283	0.0083632	0.0429124	0.00309	
0.51236	1.735453	0.0083767	0.0431505	0.00311	
0.51162	1.735621	0.0083895	0.0433906	0.00313	
0.51087	1.735789	0.0084023	0.0436326	0.003151	
0.51013	1.735957	0.0084148	0.0438766	0.003172	
0.50939	1.736124	0.0084284	0.0441225	0.003194	
0.50865	1.736293	0.0084425	0.0443704	0.003215	
0.5079	1.736461	0.0084554	0.0446203	0.003237	
0.50716	1.736628	0.0084695	0.0448723	0.00326	
0.50642	1.736795	0.0084833	0.0451263	0.003282	
0.50568	1.736963	0.0084985	0.0453824	0.003305	
0.50493	1.737129	0.0085111	0.0456405	0.003328	
0.50419	1.737292	0.008526	0.0459008	0.003351	
0.50344	1.73746	0.0085413	0.0461632	0.003375	
0.5027	1.737624	0.0085562	0.0464277	0.003399	
0.50196	1.737789	0.0085722	0.0466944	0.003423	
0.50121	1.737955	0.0085872	0.0469633	0.003448	
0.50047	1.738117	0.0086033	0.0472344	0.003473	
0.49973	1.738279	0.0086184	0.0475078	0.003498	
0.49898	1.738445	0.0086334	0.0477833	0.003524	
0.49824	1.738608	0.0086506	0.0480612	0.00355	
0.49749	1.73877	0.0086658	0.0483414	0.003576	
0.49675	1.738933	0.0086849	0.0486238	0.003603	
0.496	1.739091	0.0087002	0.0489086	0.003629	
0.49526	1.739253	0.0087178	0.0491958	0.003657	
0.49451	1.739412	0.0087371	0.0494854	0.003684	
0.49377	1.739575	0.0087536	0.0497773	0.003712	
0.49302	1.739733	0.0087717	0.0500717	0.00374	
0.49228	1.739891	0.0087901	0.0503686	0.003769	
0.49153	1.740049	0.008808	0.0506679	0.003798	
0.49079	1.740206	0.0088271	0.0509697	0.003827	
0.49004	1.740362	0.0088496	0.0512741	0.003857	
0.4893	1.740518	0.0088657	0.051581	0.003887	
0.48855	1.740676	0.0088837	0.0518905	0.003918	
0.48781	1.74083	0.0089069	0.0522026	0.003949	
0.48706	1.740985	0.0089262	0.0525173	0.00398	
0.48631	1.741137	0.0089469	0.0528347	0.004011	
0.48557	1.741291	0.0089674	0.0531547	0.004043	
0.48482	1.741444	0.0089893	0.0534775	0.004076	
0.48407	1.741594	0.00901	0.053803	0.004109	
0.48333	1.741746	0.0090317	0.0541312	0.004142	
0.48258	1.741897	0.0090556	0.0544623	0.004175	
0.48183	1.742046	0.0090777	0.0547961	0.004209	
0.48109	1.742194	0.0091017	0.0551328	0.004244	
0.48034	1.742342	0.0091239	0.0554724	0.004279	
0.47959	1.74249	0.0091462	0.0558149	0.004314	
0.47885	1.742637	0.0091686	0.0561603	0.00435	
0.4781	1.742781	0.0091934	0.0565086	0.004386	
0.47735	1.742926	0.0092171	0.05686	0.004423	
0.4766	1.74307	0.0092406	0.0572143	0.00446	
0.47586	1.743212	0.0092663	0.0575717	0.004497	
0.47511	1.743353	0.0092939	0.0579322	0.004535	
0.47436	1.743494	0.0093192	0.0582958	0.004573	
0.47361	1.743634	0.0093457	0.0586626	0.004612	
0.47286	1.743774	0.0093719	0.0590325	0.004652	
0.47212	1.743912	0.0093987	0.0594056	0.004691	
0.47137	1.744048	0.0094234	0.0597819	0.004732	
0.47062	1.744183	0.0094533	0.0601615	0.004772	
0.46987	1.744318	0.0094822	0.0605445	0.004814	
0.46912	1.744453	0.0095102	0.0609307	0.004855	
0.46837	1.744584	0.0095376	0.0613204	0.004898	
0.46762	1.744718	0.0095679	0.0617134	0.00494	
0.46687	1.744847	0.0095981	0.0621099	0.004984	
0.46613	1.744977	0.0096253	0.0625099	0.005027	
0.46538	1.745105	0.0096602	0.0629133	0.005072	
0.46463	1.745232	0.0096895	0.0633203	0.005116	
0.46388	1.745356	0.0097214	0.063731	0.005162	
0.46313	1.745482	0.0097513	0.0641452	0.005208	
0.46238	1.745604	0.0097859	0.0645631	0.005254	
0.46163	1.745726	0.0098168	0.0649847	0.005301	
0.46088	1.745848	0.0098522	0.06541	0.005349	
0.46013	1.745965	0.0098857	0.0658391	0.005397	
0.45938	1.746084	0.0099182	0.066272	0.005445	
0.45863	1.7462	0.009954	0.0667087	0.005495	
0.45788	1.746313	0.0099884	0.0671494	0.005545	
0.45713	1.746427	0.0100265	0.0675939	0.005595	
0.45638	1.746539	0.0100605	0.0680425	0.005646	
0.45562	1.74665	0.0101006	0.0684951	0.005698	
0.45487	1.746759	0.0101373	0.0689517	0.00575	
0.45412	1.746865	0.0101757	0.0694125	0.005803	
0.45337	1.746971	0.0102129	0.0698773	0.005856	
0.45262	1.747074	0.010251	0.0703464	0.00591	
0.45187	1.747177	0.0102934	0.0708197	0.005965	
0.45112	1.747278	0.0103324	0.0712973	0.00602	
0.45037	1.747377	0.0103735	0.0717792	0.006076	
0.44961	1.747474	0.0104164	0.0722655	0.006133	
0.44886	1.747569	0.0104559	0.0727562	0.00619	
0.44811	1.747662	0.0104997	0.0732513	0.006248	
0.44736	1.747753	0.0105431	0.073751	0.006307	
0.44661	1.747842	0.0105872	0.0742552	0.006366	
0.44585	1.747932	0.0106329	0.0747641	0.006426	
0.4451	1.748018	0.0106783	0.0752775	0.006487	
0.44435	1.748103	0.0107236	0.0757957	0.006548	
0.4436	1.748184	0.0107689	0.0763187	0.006611	
0.44284	1.748263	0.0108161	0.0768465	0.006674	
0.44209	1.74834	0.010866	0.0773791	0.006737	
0.44134	1.748418	0.0109136	0.0779166	0.006802	
0.44059	1.74849	0.0109627	0.0784591	0.006867	
0.43983	1.748562	0.0110127	0.0790067	0.006933	
0.43908	1.748629	0.0110658	0.0795593	0.006999	
0.43833	1.748697	0.0111161	0.080117	0.007067	
0.43757	1.748763	0.0111671	0.0806799	0.007135	
0.43682	1.748822	0.0112212	0.0812481	0.007204	
0.43607	1.748883	0.0112753	0.0818216	0.007274	
0.43531	1.74894	0.0113321	0.0824004	0.007344	
0.43456	1.748994	0.0113866	0.0829846	0.007416	
0.4338	1.749046	0.0114434	0.0835744	0.007488	
0.43305	1.749094	0.0114995	0.0841697	0.007561	
0.43229	1.749142	0.0115579	0.0847705	0.007635	
0.43154	1.749187	0.0116179	0.0853771	0.00771	
0.43079	1.749229	0.0116781	0.0859893	0.007786	
0.43003	1.749267	0.0117379	0.0866074	0.007862	
0.42928	1.749302	0.0118002	0.0872313	0.00794	
0.42852	1.749335	0.0118642	0.0878611	0.008018	
0.42777	1.749366	0.0119259	0.0884969	0.008097	
0.42701	1.749393	0.0119911	0.0891388	0.008177	
0.42626	1.749416	0.012056	0.0897867	0.008259	
0.4255	1.749438	0.0121234	0.0904409	0.008341	
0.42475	1.749455	0.0121924	0.0911013	0.008424	
0.42399	1.74947	0.0122581	0.0917681	0.008508	
0.42323	1.749482	0.012327	0.0924412	0.008593	
0.42248	1.749491	0.0123994	0.0931209	0.008679	
0.42172	1.749494	0.0124691	0.093807	0.008766	
0.42097	1.749497	0.0125436	0.0944999	0.008854	
0.42021	1.749494	0.0126177	0.0951993	0.008943	
0.41945	1.74949	0.0126927	0.0959056	0.009033	
0.4187	1.749482	0.0127653	0.0966187	0.009124	
0.41794	1.749468	0.0128438	0.0973388	0.009216	
0.41719	1.749453	0.0129231	0.0980658	0.009309	
0.41643	1.749433	0.0130023	0.0988	0.009403	
0.41567	1.749409	0.0130824	0.0995412	0.009499	
0.41492	1.74938	0.0131633	0.1002898	0.009595	
0.41416	1.749351	0.0132453	0.1010457	0.009693	
0.4134	1.749316	0.0133311	0.101809	0.009792	
0.41264	1.749276	0.0134172	0.1025799	0.009892	
0.41189	1.749232	0.0135011	0.1033583	0.009993	
0.41113	1.749184	0.0135908	0.1041444	0.010095	
0.41037	1.749133	0.0136802	0.1049383	0.010198	
0.40961	1.749074	0.0137688	0.10574	0.010303	
0.40886	1.749013	0.0138613	0.1065497	0.010409	
0.4081	1.74895	0.0139545	0.1073674	0.010516	
0.40734	1.748878	0.0140485	0.1081933	0.010625	
0.40658	1.748804	0.0141455	0.1090274	0.010734	
0.40582	1.748726	0.0142417	0.1098699	0.010845	
0.40507	1.748642	0.0143411	0.1107207	0.010958	
0.40431	1.748552	0.0144428	0.1115802	0.011071	
0.40355	1.748461	0.0145445	0.1124482	0.011186	
0.40279	1.748362	0.014647	0.1133251	0.011302	
0.40203	1.748257	0.0147517	0.1142107	0.01142	
0.40127	1.748147	0.0148568	0.1151053	0.011539	
0.40051	1.748035	0.0149659	0.1160088	0.01166	