Reference:	"Sciamma-O'Brien et al. (2023)"
DOI:	"doi:https://doi.org/10.3847/PSJ/acd83f"
Sample Type:	"Gas Tholin"
Composition:	"N2:CH4:C2H2 (94.5:5:0.5)"
Temperature:	"150K"
OCdb page:	"https://ocdb.smce.nasa.gov/dataset/278"
n₁ Error Units:	Standard Deviation
k₁ Error Units:	Standard Deviation

"Wavelength (µm)"	"n₁"	"Dn₁  (+/-)"		"Wavelength (µm)"	"k₁"	"Dk₁  (+/-)"	
1.60004	1.56091	0.01427		0.70713	1.0E-6	1.0E-6	
1.59857	1.56092	0.01427		0.70641	1.0E-6	2.0E-6	
1.5971	1.56093	0.01427		0.70569	1.0E-6	2.0E-6	
1.59562	1.56094	0.01427		0.70497	1.0E-6	3.0E-6	
1.59415	1.56095	0.01427		0.70426	2.0E-6	3.0E-6	
1.59267	1.56096	0.01427		0.70354	2.0E-6	4.0E-6	
1.5912	1.56097	0.01427		0.70282	3.0E-6	5.0E-6	
1.58972	1.56098	0.01427		0.7021	3.0E-6	5.0E-6	
1.58825	1.56098	0.01427		0.70138	4.0E-6	6.0E-6	
1.58677	1.56099	0.01427		0.70066	5.0E-6	7.0E-6	
1.5853	1.561	0.01427		0.69995	6.0E-6	7.0E-6	
1.58382	1.56101	0.01427		0.69923	7.0E-6	8.0E-6	
1.58235	1.56102	0.01427		0.69851	8.0E-6	8.0E-6	
1.58087	1.56103	0.01427		0.69779	1.0E-5	9.0E-6	
1.57939	1.56104	0.01427		0.69707	1.1E-5	1.0E-5	
1.57792	1.56105	0.01427		0.69635	1.3E-5	1.0E-5	
1.57644	1.56106	0.01427		0.69563	1.5E-5	1.1E-5	
1.57496	1.56107	0.01427		0.69491	1.7E-5	1.1E-5	
1.57348	1.56108	0.01427		0.69419	1.9E-5	1.2E-5	
1.57201	1.56109	0.01427		0.69347	2.1E-5	1.2E-5	
1.57053	1.5611	0.01427		0.69275	2.4E-5	1.3E-5	
1.56905	1.56111	0.01427		0.69203	2.6E-5	1.3E-5	
1.56757	1.56112	0.01427		0.69131	2.9E-5	1.4E-5	
1.56609	1.56113	0.01427		0.69059	3.2E-5	1.4E-5	
1.56461	1.56114	0.01427		0.68987	3.5E-5	1.5E-5	
1.56313	1.56115	0.01427		0.68915	3.8E-5	1.5E-5	
1.56165	1.56116	0.01427		0.68843	4.1E-5	1.5E-5	
1.56017	1.56117	0.01427		0.68771	4.5E-5	1.6E-5	
1.55869	1.56118	0.01427		0.68699	4.8E-5	1.6E-5	
1.55721	1.56119	0.01427		0.68627	5.2E-5	1.6E-5	
1.55573	1.5612	0.01427		0.68555	5.6E-5	1.7E-5	
1.55425	1.56121	0.01427		0.68483	6.0E-5	1.7E-5	
1.55276	1.56122	0.01427		0.68411	6.4E-5	1.7E-5	
1.55128	1.56123	0.01427		0.68339	6.8E-5	1.8E-5	
1.5498	1.56124	0.01427		0.68267	7.2E-5	1.8E-5	
1.54832	1.56125	0.01427		0.68195	7.7E-5	1.8E-5	
1.54683	1.56126	0.01427		0.68123	8.2E-5	1.8E-5	
1.54535	1.56127	0.01427		0.68051	8.7E-5	1.8E-5	
1.54387	1.56128	0.01427		0.67978	9.2E-5	1.9E-5	
1.54238	1.56129	0.01427		0.67906	9.7E-5	1.9E-5	
1.5409	1.56131	0.01426		0.67834	0.000102	1.9E-5	
1.53941	1.56132	0.01426		0.67762	0.000108	1.9E-5	
1.53793	1.56133	0.01426		0.6769	0.000113	1.9E-5	
1.53645	1.56134	0.01426		0.67618	0.000119	1.9E-5	
1.53496	1.56135	0.01426		0.67546	0.000125	1.9E-5	
1.53347	1.56136	0.01426		0.67473	0.000131	1.9E-5	
1.53199	1.56137	0.01426		0.67401	0.000137	1.9E-5	
1.5305	1.56138	0.01426		0.67329	0.000144	2.0E-5	
1.52902	1.56139	0.01426		0.67257	0.00015	2.0E-5	
1.52753	1.5614	0.01427		0.67185	0.000157	2.0E-5	
1.52604	1.56141	0.01427		0.67112	0.000164	2.0E-5	
1.52456	1.56142	0.01426		0.6704	0.000171	2.0E-5	
1.52307	1.56144	0.01426		0.66968	0.000178	2.0E-5	
1.52158	1.56145	0.01426		0.66896	0.000186	2.0E-5	
1.52009	1.56146	0.01426		0.66823	0.000193	2.0E-5	
1.5186	1.56147	0.01426		0.66751	0.000201	2.0E-5	
1.51711	1.56148	0.01426		0.66679	0.000209	2.0E-5	
1.51563	1.56149	0.01426		0.66607	0.000217	1.9E-5	
1.51414	1.5615	0.01426		0.66534	0.000225	1.9E-5	
1.51265	1.56151	0.01426		0.66462	0.000233	1.9E-5	
1.51116	1.56152	0.01426		0.6639	0.000242	1.9E-5	
1.50967	1.56153	0.01426		0.66317	0.00025	1.9E-5	
1.50818	1.56154	0.01426		0.66245	0.000259	1.9E-5	
1.50669	1.56156	0.01426		0.66173	0.000268	1.9E-5	
1.5052	1.56157	0.01426		0.661	0.000277	1.9E-5	
1.5037	1.56158	0.01426		0.66028	0.000287	1.9E-5	
1.50221	1.56159	0.01426		0.65956	0.000296	1.9E-5	
1.50072	1.5616	0.01426		0.65883	0.000306	1.9E-5	
1.49923	1.56161	0.01426		0.65811	0.000316	1.9E-5	
1.49774	1.56162	0.01426		0.65738	0.000326	1.9E-5	
1.49624	1.56163	0.01426		0.65666	0.000336	1.9E-5	
1.49475	1.56165	0.01426		0.65594	0.000346	2.0E-5	
1.49326	1.56166	0.01426		0.65521	0.000357	2.0E-5	
1.49176	1.56167	0.01426		0.65449	0.000367	2.0E-5	
1.49027	1.56168	0.01426		0.65376	0.000378	2.0E-5	
1.48878	1.56169	0.01426		0.65304	0.000389	2.0E-5	
1.48728	1.56171	0.01425		0.65232	0.000401	2.0E-5	
1.48579	1.56172	0.01425		0.65159	0.000412	2.1E-5	
1.48429	1.56173	0.01426		0.65087	0.000424	2.1E-5	
1.4828	1.56174	0.01426		0.65014	0.000435	2.1E-5	
1.4813	1.56175	0.01426		0.64942	0.000447	2.2E-5	
1.47981	1.56177	0.01425		0.64869	0.000459	2.2E-5	
1.47831	1.56178	0.01425		0.64797	0.000472	2.3E-5	
1.47681	1.56179	0.01426		0.64724	0.000484	2.3E-5	
1.47532	1.5618	0.01426		0.64652	0.000497	2.4E-5	
1.47382	1.56182	0.01425		0.64579	0.00051	2.4E-5	
1.47232	1.56183	0.01425		0.64507	0.000523	2.5E-5	
1.47083	1.56184	0.01425		0.64434	0.000536	2.6E-5	
1.46933	1.56185	0.01425		0.64361	0.000549	2.6E-5	
1.46783	1.56186	0.01425		0.64289	0.000563	2.7E-5	
1.46633	1.56188	0.01425		0.64216	0.000576	2.8E-5	
1.46483	1.56189	0.01425		0.64144	0.00059	2.9E-5	
1.46333	1.5619	0.01425		0.64071	0.000604	3.0E-5	
1.46184	1.56191	0.01425		0.63999	0.000619	3.1E-5	
1.46034	1.56193	0.01425		0.63926	0.000633	3.2E-5	
1.45884	1.56194	0.01425		0.63853	0.000648	3.3E-5	
1.45734	1.56195	0.01425		0.63781	0.000663	3.4E-5	
1.45584	1.56196	0.01425		0.63708	0.000678	3.5E-5	
1.45434	1.56198	0.01425		0.63635	0.000693	3.6E-5	
1.45284	1.56199	0.01425		0.63563	0.000709	3.7E-5	
1.45133	1.562	0.01425		0.6349	0.000724	3.9E-5	
1.44983	1.56201	0.01425		0.63417	0.00074	4.0E-5	
1.44833	1.56203	0.01425		0.63345	0.000756	4.1E-5	
1.44683	1.56204	0.01425		0.63272	0.000772	4.2E-5	
1.44533	1.56205	0.01425		0.63199	0.000789	4.4E-5	
1.44382	1.56207	0.01425		0.63127	0.000805	4.5E-5	
1.44232	1.56208	0.01425		0.63054	0.000822	4.7E-5	
1.44082	1.56209	0.01425		0.62981	0.000839	4.8E-5	
1.43931	1.5621	0.01425		0.62909	0.000856	5.0E-5	
1.43781	1.56212	0.01425		0.62836	0.000874	5.1E-5	
1.43631	1.56213	0.01425		0.62763	0.000891	5.3E-5	
1.4348	1.56214	0.01425		0.6269	0.000909	5.5E-5	
1.4333	1.56216	0.01425		0.62618	0.000927	5.6E-5	
1.43179	1.56217	0.01425		0.62545	0.000946	5.8E-5	
1.43029	1.56218	0.01425		0.62472	0.000964	6.0E-5	
1.42878	1.5622	0.01425		0.62399	0.000983	6.2E-5	
1.42728	1.56221	0.01425		0.62326	0.001001	6.3E-5	
1.42577	1.56222	0.01424		0.62254	0.001021	6.5E-5	
1.42427	1.56224	0.01425		0.62181	0.00104	6.7E-5	
1.42276	1.56225	0.01425		0.62108	0.001059	6.9E-5	
1.42125	1.56226	0.01424		0.62035	0.001079	7.1E-5	
1.41974	1.56228	0.01425		0.61962	0.001099	7.3E-5	
1.41824	1.56229	0.01424		0.61889	0.001119	7.5E-5	
1.41673	1.5623	0.01424		0.61817	0.001139	7.7E-5	
1.41522	1.56232	0.01425		0.61744	0.00116	7.9E-5	
1.41371	1.56233	0.01424		0.61671	0.001181	8.1E-5	
1.41221	1.56235	0.01425		0.61598	0.001202	8.3E-5	
1.4107	1.56236	0.01424		0.61525	0.001223	8.6E-5	
1.40919	1.56237	0.01424		0.61452	0.001244	8.8E-5	
1.40768	1.56239	0.01425		0.61379	0.001266	9.0E-5	
1.40617	1.5624	0.01424		0.61306	0.001288	9.3E-5	
1.40466	1.56242	0.01425		0.61233	0.00131	9.5E-5	
1.40315	1.56243	0.01424		0.6116	0.001332	9.7E-5	
1.40164	1.56244	0.01424		0.61087	0.001354	0.0001	
1.40013	1.56246	0.01424		0.61015	0.001377	0.000102	
1.39862	1.56247	0.01424		0.60942	0.0014	0.000105	
1.3971	1.56249	0.01424		0.60869	0.001423	0.000107	
1.39559	1.5625	0.01424		0.60796	0.001447	0.00011	
1.39408	1.56252	0.01424		0.60723	0.00147	0.000112	
1.39257	1.56253	0.01424		0.6065	0.001494	0.000115	
1.39106	1.56255	0.01424		0.60577	0.001518	0.000117	
1.38954	1.56256	0.01424		0.60504	0.001543	0.00012	
1.38803	1.56258	0.01424		0.60431	0.001567	0.000123	
1.38652	1.56259	0.01424		0.60358	0.001592	0.000126	
1.385	1.56261	0.01424		0.60285	0.001617	0.000128	
1.38349	1.56262	0.01424		0.60211	0.001642	0.000131	
1.38198	1.56264	0.01424		0.60138	0.001668	0.000134	
1.38046	1.56265	0.01424		0.60065	0.001693	0.000137	
1.37895	1.56267	0.01424		0.59992	0.001719	0.00014	
1.37743	1.56268	0.01424		0.59919	0.001745	0.000143	
1.37592	1.5627	0.01424		0.59846	0.001772	0.000146	
1.3744	1.56271	0.01424		0.59773	0.001799	0.000149	
1.37289	1.56273	0.01424		0.597	0.001825	0.000152	
1.37137	1.56274	0.01424		0.59627	0.001853	0.000155	
1.36985	1.56276	0.01424		0.59554	0.00188	0.000158	
1.36834	1.56277	0.01424		0.5948	0.001908	0.000162	
1.36682	1.56279	0.01424		0.59407	0.001936	0.000165	
1.3653	1.5628	0.01424		0.59334	0.001964	0.000168	
1.36378	1.56282	0.01424		0.59261	0.001992	0.000172	
1.36227	1.56283	0.01424		0.59188	0.002021	0.000175	
1.36075	1.56285	0.01424		0.59115	0.00205	0.000178	
1.35923	1.56287	0.01424		0.59041	0.002079	0.000182	
1.35771	1.56288	0.01424		0.58968	0.002108	0.000185	
1.35619	1.5629	0.01424		0.58895	0.002138	0.000189	
1.35467	1.56291	0.01424		0.58822	0.002168	0.000192	
1.35315	1.56293	0.01424		0.58749	0.002198	0.000196	
1.35163	1.56295	0.01423		0.58675	0.002228	0.000199	
1.35011	1.56296	0.01424		0.58602	0.002259	0.000203	
1.34859	1.56298	0.01424		0.58529	0.00229	0.000207	
1.34707	1.563	0.01423		0.58456	0.002321	0.000211	
1.34555	1.56301	0.01424		0.58382	0.002353	0.000214	
1.34403	1.56303	0.01423		0.58309	0.002384	0.000218	
1.34251	1.56305	0.01423		0.58236	0.002416	0.000222	
1.34099	1.56306	0.01424		0.58163	0.002449	0.000226	
1.33946	1.56308	0.01423		0.58089	0.002481	0.00023	
1.33794	1.5631	0.01423		0.58016	0.002514	0.000234	
1.33642	1.56311	0.01424		0.57943	0.002547	0.000238	
1.3349	1.56313	0.01423		0.57869	0.00258	0.000242	
1.33337	1.56315	0.01423		0.57796	0.002614	0.000246	
1.33185	1.56317	0.01423		0.57723	0.002648	0.00025	
1.33033	1.56318	0.01423		0.57649	0.002682	0.000254	
1.3288	1.5632	0.01423		0.57576	0.002717	0.000259	
1.32728	1.56322	0.01423		0.57502	0.002751	0.000263	
1.32575	1.56323	0.01423		0.57429	0.002786	0.000267	
1.32423	1.56325	0.01423		0.57356	0.002821	0.000272	
1.3227	1.56327	0.01423		0.57282	0.002857	0.000276	
1.32118	1.56328	0.01423		0.57209	0.002893	0.000281	
1.31965	1.5633	0.01423		0.57135	0.002929	0.000285	
1.31813	1.56332	0.01423		0.57062	0.002965	0.00029	
1.3166	1.56334	0.01423		0.56989	0.003002	0.000294	
1.31507	1.56335	0.01423		0.56915	0.003039	0.000299	
1.31355	1.56337	0.01423		0.56842	0.003076	0.000304	
1.31202	1.56339	0.01423		0.56768	0.003114	0.000308	
1.31049	1.5634	0.01423		0.56695	0.003152	0.000313	
1.30896	1.56342	0.01423		0.56621	0.00319	0.000318	
1.30743	1.56344	0.01423		0.56548	0.003228	0.000323	
1.30591	1.56346	0.01423		0.56474	0.003267	0.000328	
1.30438	1.56348	0.01423		0.56401	0.003306	0.000333	
1.30285	1.5635	0.01423		0.56327	0.003346	0.000338	
1.30132	1.56351	0.01423		0.56254	0.003385	0.000343	
1.29979	1.56353	0.01423		0.5618	0.003425	0.000348	
1.29826	1.56355	0.01423		0.56107	0.003466	0.000353	
1.29673	1.56357	0.01423		0.56033	0.003506	0.000358	
1.2952	1.56359	0.01423		0.5596	0.003547	0.000363	
1.29367	1.56361	0.01423		0.55886	0.003588	0.000369	
1.29214	1.56363	0.01423		0.55813	0.00363	0.000374	
1.29061	1.56365	0.01423		0.55739	0.003671	0.000379	
1.28908	1.56366	0.01422		0.55665	0.003714	0.000385	
1.28754	1.56368	0.01423		0.55592	0.003756	0.00039	
1.28601	1.5637	0.01423		0.55518	0.003799	0.000396	
1.28448	1.56372	0.01423		0.55445	0.003842	0.000401	
1.28295	1.56374	0.01423		0.55371	0.003885	0.000407	
1.28141	1.56376	0.01423		0.55297	0.003929	0.000413	
1.27988	1.56378	0.01423		0.55224	0.003973	0.000418	
1.27835	1.5638	0.01423		0.5515	0.004017	0.000424	
1.27681	1.56382	0.01423		0.55076	0.004062	0.00043	
1.27528	1.56384	0.01423		0.55003	0.004107	0.000436	
1.27375	1.56386	0.01423		0.54929	0.004152	0.000442	
1.27221	1.56387	0.01422		0.54855	0.004198	0.000448	
1.27068	1.56389	0.01422		0.54782	0.004244	0.000454	
1.26914	1.56391	0.01422		0.54708	0.00429	0.00046	
1.26761	1.56393	0.01422		0.54634	0.004337	0.000466	
1.26607	1.56395	0.01422		0.5456	0.004384	0.000472	
1.26453	1.56397	0.01422		0.54487	0.004432	0.000479	
1.263	1.56399	0.01422		0.54413	0.004479	0.000485	
1.26146	1.56401	0.01422		0.54339	0.004527	0.000491	
1.25992	1.56403	0.01422		0.54265	0.004576	0.000498	
1.25839	1.56405	0.01422		0.54192	0.004624	0.000504	
1.25685	1.56407	0.01422		0.54118	0.004674	0.000511	
1.25531	1.56409	0.01422		0.54044	0.004723	0.000517	
1.25377	1.56412	0.01422		0.5397	0.004773	0.000524	
1.25224	1.56414	0.01422		0.53897	0.004823	0.000531	
1.2507	1.56416	0.01422		0.53823	0.004873	0.000537	
1.24916	1.56418	0.01422		0.53749	0.004924	0.000544	
1.24762	1.5642	0.01422		0.53675	0.004976	0.000551	
1.24608	1.56422	0.01422		0.53601	0.005027	0.000558	
1.24454	1.56424	0.01422		0.53527	0.005079	0.000565	
1.243	1.56426	0.01422		0.53454	0.005131	0.000572	
1.24146	1.56428	0.01422		0.5338	0.005184	0.000579	
1.23992	1.5643	0.01422		0.53306	0.005237	0.000586	
1.23838	1.56432	0.01422		0.53232	0.005291	0.000594	
1.23684	1.56435	0.01422		0.53158	0.005344	0.000601	
1.2353	1.56437	0.01422		0.53084	0.005399	0.000608	
1.23375	1.56439	0.01422		0.5301	0.005453	0.000616	
1.23221	1.56441	0.01422		0.52936	0.005508	0.000623	
1.23067	1.56443	0.01422		0.52862	0.005563	0.000631	
1.22913	1.56446	0.01421		0.52789	0.005619	0.000638	
1.22758	1.56448	0.01422		0.52715	0.005675	0.000646	
1.22604	1.5645	0.01422		0.52641	0.005732	0.000654	
1.2245	1.56452	0.01422		0.52567	0.005788	0.000661	
1.22295	1.56455	0.01421		0.52493	0.005846	0.000669	
1.22141	1.56457	0.01422		0.52419	0.005903	0.000677	
1.21987	1.56459	0.01422		0.52345	0.005961	0.000685	
1.21832	1.56461	0.01421		0.52271	0.00602	0.000693	
1.21678	1.56463	0.01421		0.52197	0.006079	0.000701	
1.21523	1.56466	0.01422		0.52123	0.006138	0.000709	
1.21369	1.56468	0.01422		0.52049	0.006198	0.000718	
1.21214	1.5647	0.01421		0.51975	0.006258	0.000726	
1.2106	1.56472	0.01421		0.51901	0.006318	0.000734	
1.20905	1.56475	0.01421		0.51827	0.006379	0.000743	
1.2075	1.56477	0.01421		0.51753	0.00644	0.000751	
1.20596	1.56479	0.01421		0.51679	0.006502	0.00076	
1.20441	1.56482	0.01421		0.51604	0.006564	0.000769	
1.20286	1.56484	0.01421		0.5153	0.006627	0.000777	
1.20131	1.56487	0.01421		0.51456	0.00669	0.000786	
1.19977	1.56489	0.01421		0.51382	0.006753	0.000795	
1.19822	1.56491	0.01421		0.51308	0.006817	0.000804	
1.19667	1.56494	0.01421		0.51234	0.006881	0.000813	
1.19512	1.56496	0.01421		0.5116	0.006946	0.000822	
1.19357	1.56499	0.01421		0.51086	0.007011	0.000831	
1.19202	1.56501	0.01421		0.51012	0.007077	0.00084	
1.19047	1.56504	0.01421		0.50937	0.007143	0.000849	
1.18892	1.56506	0.01421		0.50863	0.007209	0.000859	
1.18737	1.56509	0.01421		0.50789	0.007276	0.000868	
1.18582	1.56511	0.01421		0.50715	0.007343	0.000878	
1.18427	1.56514	0.01421		0.50641	0.007411	0.000887	
1.18272	1.56516	0.01421		0.50567	0.007479	0.000897	
1.18117	1.56519	0.01421		0.50492	0.007548	0.000907	
1.17962	1.56521	0.01421		0.50418	0.007617	0.000916	
1.17807	1.56523	0.01421		0.50344	0.007687	0.000926	
1.17651	1.56526	0.01421		0.5027	0.007757	0.000936	
1.17496	1.56528	0.01421		0.50196	0.007828	0.000946	
1.17341	1.56531	0.01421		0.50121	0.007899	0.000956	
1.17186	1.56534	0.01421		0.50047	0.00797	0.000967	
1.1703	1.56536	0.01421		0.49973	0.008042	0.000977	
1.16875	1.56539	0.0142		0.49898	0.008115	0.000987	
1.16719	1.56541	0.01421		0.49824	0.008187	0.000998	
1.16564	1.56544	0.01421		0.4975	0.008261	0.001008	
1.16409	1.56547	0.0142		0.49676	0.008335	0.001019	
1.16253	1.56549	0.01421		0.49601	0.008409	0.001029	
1.16098	1.56552	0.0142		0.49527	0.008484	0.00104	
1.15942	1.56555	0.0142		0.49453	0.008559	0.001051	
1.15787	1.56557	0.01421		0.49378	0.008635	0.001062	
1.15631	1.5656	0.0142		0.49304	0.008712	0.001073	
1.15475	1.56563	0.0142		0.4923	0.008789	0.001084	
1.1532	1.56566	0.0142		0.49155	0.008866	0.001095	
1.15164	1.56568	0.0142		0.49081	0.008944	0.001107	
1.15008	1.56571	0.0142		0.49007	0.009022	0.001118	
1.14853	1.56574	0.0142		0.48932	0.009101	0.001129	
1.14697	1.56576	0.0142		0.48858	0.009181	0.001141	
1.14541	1.56579	0.0142		0.48783	0.009261	0.001153	
1.14385	1.56582	0.0142		0.48709	0.009341	0.001164	
1.14229	1.56585	0.0142		0.48635	0.009422	0.001176	
1.14074	1.56587	0.0142		0.4856	0.009504	0.001188	
1.13918	1.5659	0.0142		0.48486	0.009586	0.0012	
1.13762	1.56593	0.0142		0.48411	0.009668	0.001212	
1.13606	1.56596	0.0142		0.48337	0.009752	0.001224	
1.1345	1.56599	0.0142		0.48262	0.009835	0.001236	
1.13294	1.56602	0.0142		0.48188	0.009919	0.001249	
1.13138	1.56605	0.0142		0.48113	0.010004	0.001261	
1.12982	1.56607	0.0142		0.48039	0.01009	0.001274	
1.12826	1.5661	0.0142		0.47964	0.010176	0.001287	
1.12669	1.56613	0.0142		0.4789	0.010262	0.001299	
1.12513	1.56616	0.0142		0.47815	0.010349	0.001312	
1.12357	1.56619	0.0142		0.47741	0.010437	0.001325	
1.12201	1.56622	0.0142		0.47666	0.010525	0.001338	
1.12045	1.56625	0.0142		0.47592	0.010614	0.001351	
1.11888	1.56628	0.01419		0.47517	0.010703	0.001365	
1.11732	1.56631	0.01419		0.47443	0.010793	0.001378	
1.11576	1.56634	0.01419		0.47368	0.010883	0.001391	
1.11419	1.56637	0.01419		0.47294	0.010975	0.001405	
1.11263	1.5664	0.01419		0.47219	0.011066	0.001419	
1.11107	1.56643	0.01419		0.47144	0.011159	0.001432	
1.1095	1.56646	0.0142		0.4707	0.011251	0.001446	
1.10794	1.56649	0.0142		0.46995	0.011345	0.00146	
1.10637	1.56653	0.0142		0.46921	0.011439	0.001474	
1.10481	1.56656	0.01419		0.46846	0.011534	0.001488	
1.10324	1.56659	0.01419		0.46771	0.011629	0.001503	
1.10168	1.56662	0.01419		0.46697	0.011725	0.001517	
1.10011	1.56665	0.01419		0.46622	0.011822	0.001532	
1.09854	1.56668	0.01419		0.46547	0.011919	0.001546	
1.09698	1.56672	0.01419		0.46473	0.012017	0.001561	
1.09541	1.56675	0.01419		0.46398	0.012115	0.001576	
1.09384	1.56678	0.01419		0.46323	0.012214	0.001591	
1.09227	1.56681	0.01419		0.46249	0.012314	0.001606	
1.09069	1.56685	0.01419		0.46174	0.012415	0.001621	
1.08914	1.56688	0.01419		0.46099	0.012516	0.001637	
1.08756	1.56691	0.01419		0.46025	0.012618	0.001652	
1.08599	1.56694	0.01419		0.4595	0.01272	0.001668	
1.08444	1.56698	0.01419		0.45875	0.012823	0.001683	
1.08286	1.56701	0.01419		0.458	0.012927	0.001699	
1.08127	1.56704	0.01419		0.45726	0.013031	0.001715	
1.07973	1.56708	0.01419		0.45651	0.013136	0.001731	
1.07815	1.56711	0.01419		0.45576	0.013242	0.001747	
1.07656	1.56714	0.01419		0.45501	0.013349	0.001764	
1.07502	1.56718	0.01419		0.45426	0.013456	0.00178	
1.07343	1.56721	0.01419		0.45352	0.013564	0.001797	
1.07185	1.56725	0.01419		0.45277	0.013672	0.001813	
1.07031	1.56728	0.01419		0.45202	0.013782	0.00183	
1.06872	1.56732	0.01419		0.45127	0.013892	0.001847	
1.06713	1.56735	0.01419		0.45052	0.014002	0.001864	
1.0656	1.56739	0.01419		0.44977	0.014114	0.001881	
1.064	1.56742	0.01419		0.44903	0.014226	0.001899	
1.06241	1.56746	0.01419		0.44828	0.014339	0.001916	
1.06088	1.56749	0.01418		0.44753	0.014453	0.001934	
1.05928	1.56753	0.01419		0.44678	0.014567	0.001952	
1.05768	1.56756	0.01418		0.44603	0.014682	0.001969	
1.05616	1.5676	0.01418		0.44528	0.014798	0.001987	
1.05456	1.56764	0.01419		0.44453	0.014915	0.002006	
1.05296	1.56767	0.01418		0.44378	0.015032	0.002024	
1.05144	1.56771	0.01418		0.44304	0.015151	0.002042	
1.04984	1.56775	0.01418		0.44229	0.01527	0.002061	
1.04823	1.56778	0.01418		0.44154	0.015389	0.00208	
1.04672	1.56782	0.01418		0.44079	0.01551	0.002099	
1.04511	1.56786	0.01418		0.44004	0.015631	0.002118	
1.0435	1.5679	0.01418		0.43929	0.015754	0.002137	
1.04199	1.56793	0.01418		0.43854	0.015877	0.002156	
1.04038	1.56797	0.01418		0.43779	0.016	0.002176	
1.03876	1.56801	0.01418		0.43704	0.016125	0.002195	
1.03726	1.56805	0.01418		0.43629	0.01625	0.002215	
1.03564	1.56809	0.01418		0.43554	0.016377	0.002235	
1.03402	1.56813	0.01418		0.43479	0.016504	0.002255	
1.03253	1.56816	0.01417		0.43404	0.016632	0.002276	
1.0309	1.5682	0.01417		0.43329	0.01676	0.002296	
1.02928	1.56824	0.01417		0.43254	0.01689	0.002317	
1.02779	1.56828	0.01417		0.43179	0.017021	0.002337	
1.02616	1.56832	0.01417		0.43104	0.017152	0.002358	
1.02453	1.56836	0.01417		0.43029	0.017284	0.00238	
1.02305	1.5684	0.01417		0.42953	0.017417	0.002401	
1.02142	1.56844	0.01417		0.42878	0.017551	0.002422	
1.01978	1.56849	0.01417		0.42803	0.017686	0.002444	
1.0183	1.56852	0.01417		0.42728	0.017822	0.002466	
1.01667	1.56857	0.01417		0.42653	0.017959	0.002488	
1.01503	1.56861	0.01417		0.42578	0.018096	0.00251	
1.01355	1.56865	0.01417		0.42503	0.018235	0.002532	
1.01192	1.56869	0.01417		0.42428	0.018374	0.002555	
1.01027	1.56873	0.01417		0.42352	0.018515	0.002577	
1.0088	1.56877	0.01417		0.42277	0.018656	0.0026	
1.00716	1.56882	0.01417		0.42202	0.018798	0.002623	
1.00551	1.56886	0.01417		0.42127	0.018941	0.002646	
1.00404	1.5689	0.01417		0.42052	0.019086	0.00267	
1.00258	1.56894	0.01417		0.41977	0.019231	0.002693	
1.00093	1.56899	0.01417		0.41901	0.019377	0.002717	
0.99928	1.56903	0.01417		0.41826	0.019524	0.002741	
0.99782	1.56907	0.01417		0.41751	0.019672	0.002765	
0.99617	1.56912	0.01417		0.41676	0.019821	0.00279	
0.99452	1.56916	0.01417		0.41601	0.019971	0.002814	
0.99306	1.56921	0.01416		0.41525	0.020122	0.002839	
0.99141	1.56925	0.01417		0.4145	0.020275	0.002864	
0.98975	1.5693	0.01417		0.41375	0.020428	0.002889	
0.9883	1.56934	0.01417		0.413	0.020582	0.002915	
0.98664	1.56939	0.01417		0.41224	0.020737	0.00294	
0.98497	1.56943	0.01416		0.41149	0.020894	0.002966	
0.98353	1.56948	0.01417		0.41074	0.021051	0.002992	
0.98186	1.56953	0.01417		0.40998	0.02121	0.003018	
0.98019	1.56957	0.01416		0.40923	0.021369	0.003045	
0.97875	1.56962	0.01417		0.40848	0.02153	0.003072	
0.97708	1.56967	0.01417		0.40772	0.021692	0.003099	
0.97541	1.56972	0.01417		0.40697	0.021854	0.003126	
0.97397	1.56976	0.01416		0.40622	0.022018	0.003153	
0.9723	1.56981	0.01416		0.40546	0.022184	0.003181	
0.97062	1.56986	0.01416		0.40471	0.02235	0.003208	
0.96918	1.5699	0.01416		0.40396	0.022517	0.003236	
0.9675	1.56995	0.01416		0.4032	0.022686	0.003265	
0.96582	1.57001	0.01416		0.40245	0.022855	0.003293	
0.96439	1.57005	0.01416		0.40169	0.023026	0.003322	
0.96271	1.5701	0.01416		0.40094	0.023198	0.003351	
0.96102	1.57015	0.01416		0.40019	0.023372	0.00338	
0.9596	1.5702	0.01416					
0.95818	1.57024	0.01416					
0.95649	1.5703	0.01416					
0.9548	1.57035	0.01416					
0.95338	1.5704	0.01416					
0.95169	1.57045	0.01416					
0.94999	1.57051	0.01416					
0.94858	1.57055	0.01416					
0.94688	1.57061	0.01416					
0.94517	1.57066	0.01416					
0.94377	1.57071	0.01416					
0.94206	1.57077	0.01416					
0.94035	1.57082	0.01416					
0.93895	1.57087	0.01416					
0.93724	1.57093	0.01416					
0.93553	1.57099	0.01416					
0.93413	1.57104	0.01416					
0.93241	1.57109	0.01415					
0.9307	1.57115	0.01415					
0.9293	1.5712	0.01415					
0.92791	1.57125	0.01415					
0.92619	1.57131	0.01415					
0.92447	1.57137	0.01415					
0.92308	1.57142	0.01415					
0.92136	1.57148	0.01415					
0.91997	1.57153	0.01415					
0.91928	1.57156	0.01415					
0.91859	1.57158	0.01415					
0.9179	1.57161	0.01415					
0.91721	1.57163	0.01416					
0.91651	1.57166	0.01415					
0.91582	1.57168	0.01416					
0.91513	1.57171	0.01415					
0.91444	1.57173	0.01416					
0.91374	1.57176	0.01415					
0.91305	1.57179	0.01415					
0.91236	1.57181	0.01415					
0.91167	1.57184	0.01415					
0.91097	1.57186	0.01416					
0.91028	1.57189	0.01415					
0.90959	1.57192	0.01415					
0.9089	1.57194	0.01415					
0.9082	1.57197	0.01415					
0.90751	1.57199	0.01416					
0.90682	1.57202	0.01415					
0.90612	1.57205	0.01415					
0.90543	1.57207	0.01415					
0.90474	1.5721	0.01415					
0.90404	1.57212	0.01415					
0.90335	1.57215	0.01415					
0.90265	1.57218	0.01415					
0.90196	1.5722	0.01415					
0.90127	1.57223	0.01415					
0.90057	1.57225	0.01415					
0.89988	1.57228	0.01415					
0.89918	1.57231	0.01415					
0.89849	1.57233	0.01415					
0.8978	1.57236	0.01415					
0.8971	1.57239	0.01415					
0.89641	1.57242	0.01415					
0.89571	1.57244	0.01415					
0.89502	1.57247	0.01415					
0.89432	1.5725	0.01415					
0.89363	1.57253	0.01415					
0.89293	1.57256	0.01415					
0.89224	1.57258	0.01415					
0.89154	1.57261	0.01415					
0.89085	1.57264	0.01415					
0.89015	1.57267	0.01415					
0.88946	1.5727	0.01415					
0.88876	1.57272	0.01415					
0.88807	1.57275	0.01415					
0.88737	1.57278	0.01415					
0.88667	1.57281	0.01415					
0.88598	1.57284	0.01415					
0.88528	1.57287	0.01415					
0.88459	1.57289	0.01415					
0.88389	1.57292	0.01415					
0.88319	1.57295	0.01415					
0.8825	1.57298	0.01415					
0.8818	1.57301	0.01415					
0.8811	1.57304	0.01415					
0.88041	1.57306	0.01415					
0.87971	1.57309	0.01415					
0.87901	1.57312	0.01415					
0.87832	1.57315	0.01415					
0.87762	1.57318	0.01415					
0.87692	1.57321	0.01415					
0.87623	1.57324	0.01415					
0.87553	1.57327	0.01415					
0.87483	1.5733	0.01415					
0.87414	1.57333	0.01415					
0.87344	1.57336	0.01415					
0.87274	1.57339	0.01415					
0.87204	1.57342	0.01415					
0.87134	1.57345	0.01415					
0.87065	1.57348	0.01415					
0.86995	1.57351	0.01415					
0.86925	1.57354	0.01415					
0.86855	1.57357	0.01415					
0.86786	1.5736	0.01415					
0.86716	1.57363	0.01415					
0.86646	1.57366	0.01415					
0.86576	1.57369	0.01415					
0.86506	1.57372	0.01415					
0.86436	1.57376	0.01415					
0.86366	1.57379	0.01415					
0.86297	1.57382	0.01415					
0.86227	1.57385	0.01415					
0.86157	1.57388	0.01415					
0.86087	1.57391	0.01415					
0.86017	1.57394	0.01415					
0.85947	1.57398	0.01415					
0.85877	1.57401	0.01415					
0.85807	1.57404	0.01415					
0.85737	1.57407	0.01415					
0.85667	1.5741	0.01415					
0.85597	1.57414	0.01415					
0.85527	1.57417	0.01415					
0.85457	1.5742	0.01415					
0.85387	1.57423	0.01415					
0.85317	1.57427	0.01415					
0.85247	1.5743	0.01415					
0.85177	1.57433	0.01415					
0.85107	1.57436	0.01415					
0.85037	1.5744	0.01415					
0.84967	1.57443	0.01415					
0.84897	1.57446	0.01415					
0.84827	1.57449	0.01415					
0.84757	1.57453	0.01415					
0.84687	1.57456	0.01415					
0.84617	1.57459	0.01415					
0.84547	1.57462	0.01415					
0.84477	1.57466	0.01415					
0.84407	1.57469	0.01415					
0.84337	1.57472	0.01415					
0.84266	1.57476	0.01415					
0.84196	1.57479	0.01415					
0.84126	1.57483	0.01415					
0.84056	1.57486	0.01415					
0.83986	1.5749	0.01415					
0.83916	1.57493	0.01415					
0.83846	1.57496	0.01415					
0.83775	1.575	0.01415					
0.83705	1.57503	0.01415					
0.83635	1.57507	0.01415					
0.83565	1.5751	0.01415					
0.83495	1.57514	0.01415					
0.83424	1.57518	0.01415					
0.83354	1.57521	0.01415					
0.83284	1.57525	0.01415					
0.83214	1.57528	0.01415					
0.83143	1.57532	0.01415					
0.83073	1.57535	0.01415					
0.83003	1.57539	0.01415					
0.82932	1.57543	0.01414					
0.82862	1.57546	0.01415					
0.82792	1.5755	0.01414					
0.82722	1.57553	0.01415					
0.82651	1.57557	0.01415					
0.82581	1.57561	0.01414					
0.82511	1.57564	0.01415					
0.8244	1.57568	0.01414					
0.8237	1.57572	0.01414					
0.82299	1.57575	0.01415					
0.82229	1.57579	0.01414					
0.82159	1.57583	0.01414					
0.82088	1.57587	0.01414					
0.82018	1.5759	0.01415					
0.81947	1.57594	0.01414					
0.81877	1.57598	0.01414					
0.81807	1.57601	0.01414					
0.81736	1.57605	0.01415					
0.81666	1.57609	0.01415					
0.81595	1.57613	0.01414					
0.81525	1.57616	0.01414					
0.81454	1.5762	0.01414					
0.81384	1.57624	0.01414					
0.81313	1.57628	0.01414					
0.81243	1.57632	0.01415					
0.81172	1.57636	0.01415					
0.81102	1.5764	0.01415					
0.81031	1.57643	0.01414					
0.80961	1.57647	0.01414					
0.8089	1.57651	0.01414					
0.8082	1.57655	0.01414					
0.80749	1.57659	0.01414					
0.80679	1.57663	0.01414					
0.80608	1.57667	0.01414					
0.80537	1.57671	0.01414					
0.80467	1.57675	0.01414					
0.80396	1.57679	0.01414					
0.80326	1.57683	0.01414					
0.80255	1.57687	0.01414					
0.80184	1.57691	0.01415					
0.80114	1.57695	0.01415					
0.80043	1.57699	0.01415					
0.79972	1.57703	0.01415					
0.79902	1.57707	0.01415					
0.79831	1.57712	0.01414					
0.7976	1.57716	0.01414					
0.7969	1.5772	0.01415					
0.79619	1.57724	0.01415					
0.79548	1.57728	0.01415					
0.79478	1.57732	0.01415					
0.79407	1.57737	0.01414					
0.79336	1.57741	0.01415					
0.79265	1.57745	0.01415					
0.79195	1.57749	0.01415					
0.79124	1.57754	0.01415					
0.79053	1.57758	0.01415					
0.78982	1.57762	0.01415					
0.78911	1.57766	0.01415					
0.78841	1.57771	0.01415					
0.7877	1.57775	0.01415					
0.78699	1.5778	0.01415					
0.78628	1.57784	0.01415					
0.78557	1.57788	0.01415					
0.78487	1.57793	0.01415					
0.78416	1.57797	0.01415					
0.78345	1.57801	0.01415					
0.78274	1.57806	0.01415					
0.78203	1.5781	0.01415					
0.78132	1.57815	0.01415					
0.78061	1.57819	0.01415					
0.7799	1.57824	0.01415					
0.7792	1.57828	0.01415					
0.77849	1.57833	0.01415					
0.77778	1.57837	0.01415					
0.77707	1.57842	0.01415					
0.77636	1.57846	0.01415					
0.77565	1.57851	0.01415					
0.77494	1.57856	0.01415					
0.77423	1.5786	0.01415					
0.77352	1.57865	0.01415					
0.77281	1.57869	0.01415					
0.7721	1.57874	0.01415					
0.77139	1.57879	0.01415					
0.77068	1.57884	0.01415					
0.76997	1.57888	0.01415					
0.76926	1.57893	0.01415					
0.76855	1.57898	0.01415					
0.76784	1.57903	0.01415					
0.76713	1.57907	0.01416					
0.76642	1.57912	0.01415					
0.76571	1.57917	0.01415					
0.765	1.57922	0.01415					
0.76428	1.57927	0.01415					
0.76357	1.57931	0.01416					
0.76286	1.57936	0.01416					
0.76215	1.57941	0.01416					
0.76144	1.57946	0.01416					
0.76073	1.57951	0.01416					
0.76002	1.57956	0.01416					
0.75931	1.57961	0.01416					
0.75859	1.57966	0.01416					
0.75788	1.57971	0.01416					
0.75717	1.57976	0.01416					
0.75646	1.57981	0.01416					
0.75575	1.57986	0.01416					
0.75503	1.57991	0.01416					
0.75432	1.57996	0.01416					
0.75361	1.58001	0.01416					
0.7529	1.58007	0.01416					
0.75219	1.58012	0.01416					
0.75147	1.58017	0.01416					
0.75076	1.58022	0.01416					
0.75005	1.58027	0.01416					
0.74933	1.58032	0.01416					
0.74862	1.58038	0.01416					
0.74791	1.58043	0.01416					
0.7472	1.58048	0.01416					
0.74648	1.58054	0.01416					
0.74577	1.58059	0.01416					
0.74506	1.58064	0.01416					
0.74434	1.5807	0.01416					
0.74363	1.58075	0.01416					
0.74292	1.5808	0.01417					
0.7422	1.58086	0.01416					
0.74149	1.58091	0.01417					
0.74078	1.58097	0.01416					
0.74006	1.58102	0.01417					
0.73935	1.58108	0.01417					
0.73863	1.58113	0.01417					
0.73792	1.58119	0.01417					
0.7372	1.58124	0.01417					
0.73649	1.5813	0.01417					
0.73578	1.58136	0.01417					
0.73506	1.58141	0.01417					
0.73435	1.58147	0.01417					
0.73363	1.58152	0.01417					
0.73292	1.58158	0.01417					
0.7322	1.58164	0.01417					
0.73149	1.5817	0.01417					
0.73077	1.58175	0.01417					
0.73006	1.58181	0.01417					
0.72934	1.58187	0.01417					
0.72863	1.58193	0.01417					
0.72791	1.58199	0.01417					
0.7272	1.58205	0.01417					
0.72648	1.58211	0.01417					
0.72577	1.58217	0.01418					
0.72505	1.58223	0.01418					
0.72433	1.58229	0.01418					
0.72362	1.58235	0.01418					
0.7229	1.58241	0.01418					
0.72219	1.58247	0.01418					
0.72147	1.58253	0.01418					
0.72075	1.58259	0.01418					
0.72004	1.58265	0.01418					
0.71932	1.58272	0.01418					
0.7186	1.58278	0.01418					
0.71789	1.58284	0.01418					
0.71717	1.58291	0.01418					
0.71645	1.58297	0.01418					
0.71574	1.58303	0.01419					
0.71502	1.58309	0.01418					
0.7143	1.58316	0.01419					
0.71359	1.58322	0.01419					
0.71287	1.58329	0.01419					
0.71215	1.58335	0.01419					
0.71143	1.58342	0.01419					
0.71072	1.58348	0.01419					
0.71	1.58355	0.01419					
0.70928	1.58362	0.01419					
0.70856	1.58368	0.01419					
0.70785	1.58375	0.01419					
0.70713	1.58381	0.01419					
0.70641	1.58388	0.01419					
0.70569	1.58395	0.01419					
0.70497	1.58402	0.01419					
0.70426	1.58409	0.01419					
0.70354	1.58416	0.01419					
0.70282	1.58423	0.01419					
0.7021	1.5843	0.01419					
0.70138	1.58437	0.01419					
0.70066	1.58444	0.01419					
0.69995	1.58451	0.0142					
0.69923	1.58458	0.0142					
0.69851	1.58465	0.0142					
0.69779	1.58472	0.0142					
0.69707	1.58479	0.0142					
0.69635	1.58487	0.0142					
0.69563	1.58494	0.0142					
0.69491	1.58501	0.0142					
0.69419	1.58509	0.01421					
0.69347	1.58516	0.01421					
0.69275	1.58524	0.01421					
0.69203	1.58531	0.01421					
0.69131	1.58539	0.01421					
0.69059	1.58546	0.01421					
0.68987	1.58554	0.01422					
0.68915	1.58561	0.01421					
0.68843	1.58569	0.01422					
0.68771	1.58577	0.01422					
0.68699	1.58584	0.01422					
0.68627	1.58592	0.01422					
0.68555	1.586	0.01422					
0.68483	1.58607	0.01422					
0.68411	1.58615	0.01422					
0.68339	1.58623	0.01422					
0.68267	1.58631	0.01423					
0.68195	1.58639	0.01423					
0.68123	1.58647	0.01423					
0.68051	1.58655	0.01423					
0.67978	1.58663	0.01423					
0.67906	1.58671	0.01424					
0.67834	1.58679	0.01424					
0.67762	1.58687	0.01424					
0.6769	1.58695	0.01424					
0.67618	1.58703	0.01425					
0.67546	1.58711	0.01425					
0.67473	1.5872	0.01425					
0.67401	1.58728	0.01425					
0.67329	1.58736	0.01426					
0.67257	1.58744	0.01426					
0.67185	1.58753	0.01426					
0.67112	1.58761	0.01426					
0.6704	1.5877	0.01426					
0.66968	1.58778	0.01427					
0.66896	1.58787	0.01426					
0.66823	1.58795	0.01427					
0.66751	1.58804	0.01427					
0.66679	1.58812	0.01427					
0.66607	1.58821	0.01428					
0.66534	1.58829	0.01428					
0.66462	1.58838	0.01428					
0.6639	1.58847	0.01428					
0.66317	1.58855	0.01428					
0.66245	1.58864	0.01429					
0.66173	1.58873	0.01429					
0.661	1.58881	0.01429					
0.66028	1.5889	0.01429					
0.65956	1.589	0.0143					
0.65883	1.58908	0.0143					
0.65811	1.58917	0.0143					
0.65738	1.58926	0.0143					
0.65666	1.58935	0.01431					
0.65594	1.58944	0.01431					
0.65521	1.58953	0.01431					
0.65449	1.58962	0.01432					
0.65376	1.58972	0.01432					
0.65304	1.58981	0.01432					
0.65232	1.5899	0.01432					
0.65159	1.58999	0.01432					
0.65087	1.59008	0.01433					
0.65014	1.59018	0.01433					
0.64942	1.59027	0.01433					
0.64869	1.59036	0.01434					
0.64797	1.59045	0.01434					
0.64724	1.59055	0.01434					
0.64652	1.59065	0.01434					
0.64579	1.59074	0.01435					
0.64507	1.59084	0.01435					
0.64434	1.59093	0.01435					
0.64361	1.59103	0.01435					
0.64289	1.59112	0.01436					
0.64216	1.59122	0.01436					
0.64144	1.59132	0.01436					
0.64071	1.59141	0.01437					
0.63999	1.59151	0.01437					
0.63926	1.59161	0.01437					
0.63853	1.5917	0.01437					
0.63781	1.59181	0.01438					
0.63708	1.5919	0.01438					
0.63635	1.592	0.01438					
0.63563	1.5921	0.01439					
0.6349	1.5922	0.01439					
0.63417	1.5923	0.01439					
0.63345	1.5924	0.01439					
0.63272	1.5925	0.0144					
0.63199	1.5926	0.0144					
0.63127	1.59271	0.01441					
0.63054	1.59281	0.01441					
0.62981	1.59291	0.01441					
0.62909	1.59301	0.01441					
0.62836	1.59312	0.01442					
0.62763	1.59322	0.01442					
0.6269	1.59332	0.01442					
0.62618	1.59343	0.01443					
0.62545	1.59353	0.01443					
0.62472	1.59363	0.01443					
0.62399	1.59374	0.01443					
0.62326	1.59384	0.01444					
0.62254	1.59395	0.01444					
0.62181	1.59405	0.01445					
0.62108	1.59416	0.01445					
0.62035	1.59427	0.01445					
0.61962	1.59438	0.01445					
0.61889	1.59448	0.01446					
0.61817	1.59459	0.01446					
0.61744	1.5947	0.01446					
0.61671	1.59481	0.01447					
0.61598	1.59492	0.01447					
0.61525	1.59503	0.01447					
0.61452	1.59514	0.01448					
0.61379	1.59525	0.01448					
0.61306	1.59536	0.01448					
0.61233	1.59547	0.01449					
0.6116	1.59558	0.01449					
0.61087	1.59569	0.0145					
0.61015	1.5958	0.0145					
0.60942	1.59592	0.0145					
0.60869	1.59603	0.0145					
0.60796	1.59614	0.01451					
0.60723	1.59625	0.01451					
0.6065	1.59637	0.01452					
0.60577	1.59648	0.01452					
0.60504	1.59659	0.01452					
0.60431	1.59671	0.01453					
0.60358	1.59682	0.01453					
0.60285	1.59694	0.01453					
0.60211	1.59706	0.01454					
0.60138	1.59717	0.01454					
0.60065	1.59729	0.01454					
0.59992	1.59741	0.01455					
0.59919	1.59752	0.01455					
0.59846	1.59764	0.01455					
0.59773	1.59776	0.01456					
0.597	1.59788	0.01456					
0.59627	1.598	0.01457					
0.59554	1.59812	0.01457					
0.5948	1.59824	0.01457					
0.59407	1.59836	0.01458					
0.59334	1.59848	0.01458					
0.59261	1.5986	0.01458					
0.59188	1.59873	0.01459					
0.59115	1.59885	0.01459					
0.59041	1.59897	0.0146					
0.58968	1.59909	0.0146					
0.58895	1.59921	0.0146					
0.58822	1.59934	0.01461					
0.58749	1.59946	0.01461					
0.58675	1.59959	0.01461					
0.58602	1.59971	0.01462					
0.58529	1.59984	0.01462					
0.58456	1.59996	0.01462					
0.58382	1.60009	0.01463					
0.58309	1.60022	0.01463					
0.58236	1.60034	0.01464					
0.58163	1.60047	0.01464					
0.58089	1.6006	0.01464					
0.58016	1.60073	0.01465					
0.57943	1.60085	0.01465					
0.57869	1.60098	0.01466					
0.57796	1.60111	0.01466					
0.57723	1.60124	0.01466					
0.57649	1.60137	0.01467					
0.57576	1.6015	0.01467					
0.57502	1.60164	0.01467					
0.57429	1.60177	0.01468					
0.57356	1.6019	0.01468					
0.57282	1.60203	0.01469					
0.57209	1.60217	0.01469					
0.57135	1.6023	0.01469					
0.57062	1.60243	0.0147					
0.56989	1.60257	0.0147					
0.56915	1.6027	0.01471					
0.56842	1.60284	0.01471					
0.56768	1.60298	0.01471					
0.56695	1.60311	0.01472					
0.56621	1.60325	0.01472					
0.56548	1.60338	0.01473					
0.56474	1.60352	0.01473					
0.56401	1.60366	0.01474					
0.56327	1.6038	0.01474					
0.56254	1.60394	0.01474					
0.5618	1.60408	0.01475					
0.56107	1.60422	0.01475					
0.56033	1.60436	0.01476					
0.5596	1.6045	0.01476					
0.55886	1.60465	0.01476					
0.55813	1.60478	0.01477					
0.55739	1.60493	0.01477					
0.55665	1.60507	0.01478					
0.55592	1.60521	0.01478					
0.55518	1.60536	0.01478					
0.55445	1.6055	0.01479					
0.55371	1.60565	0.01479					
0.55297	1.60579	0.0148					
0.55224	1.60594	0.0148					
0.5515	1.60609	0.0148					
0.55076	1.60623	0.01481					
0.55003	1.60638	0.01482					
0.54929	1.60653	0.01482					
0.54855	1.60668	0.01482					
0.54782	1.60683	0.01482					
0.54708	1.60698	0.01483					
0.54634	1.60713	0.01483					
0.5456	1.60728	0.01484					
0.54487	1.60743	0.01484					
0.54413	1.60758	0.01485					
0.54339	1.60774	0.01485					
0.54265	1.60789	0.01485					
0.54192	1.60804	0.01486					
0.54118	1.6082	0.01487					
0.54044	1.60835	0.01487					
0.5397	1.60851	0.01488					
0.53897	1.60866	0.01488					
0.53823	1.60882	0.01488					
0.53749	1.60898	0.01489					
0.53675	1.60913	0.01489					
0.53601	1.60929	0.01489					
0.53527	1.60945	0.0149					
0.53454	1.60961	0.01491					
0.5338	1.60977	0.01491					
0.53306	1.60993	0.01492					
0.53232	1.61009	0.01492					
0.53158	1.61025	0.01492					
0.53084	1.61041	0.01492					
0.5301	1.61057	0.01493					
0.52936	1.61074	0.01494					
0.52862	1.6109	0.01494					
0.52789	1.61106	0.01494					
0.52715	1.61123	0.01495					
0.52641	1.61139	0.01495					
0.52567	1.61156	0.01496					
0.52493	1.61173	0.01496					
0.52419	1.61189	0.01496					
0.52345	1.61206	0.01497					
0.52271	1.61223	0.01498					
0.52197	1.6124	0.01498					
0.52123	1.61257	0.01499					
0.52049	1.61274	0.01499					
0.51975	1.61291	0.015					
0.51901	1.61308	0.015					
0.51827	1.61326	0.015					
0.51753	1.61343	0.01501					
0.51679	1.6136	0.01501					
0.51604	1.61377	0.01502					
0.5153	1.61395	0.01502					
0.51456	1.61412	0.01503					
0.51382	1.6143	0.01503					
0.51308	1.61448	0.01503					
0.51234	1.61465	0.01504					
0.5116	1.61483	0.01505					
0.51086	1.61501	0.01505					
0.51012	1.61519	0.01505					
0.50937	1.61537	0.01506					
0.50863	1.61555	0.01506					
0.50789	1.61574	0.01507					
0.50715	1.61591	0.01507					
0.50641	1.6161	0.01508					
0.50567	1.61628	0.01508					
0.50492	1.61647	0.01509					
0.50418	1.61665	0.01509					
0.50344	1.61684	0.0151					
0.5027	1.61702	0.0151					
0.50196	1.61721	0.01511					
0.50121	1.6174	0.01511					
0.50047	1.61759	0.01511					
0.49973	1.61777	0.01512					
0.49898	1.61797	0.01512					
0.49824	1.61815	0.01513					
0.4975	1.61835	0.01513					
0.49676	1.61854	0.01514					
0.49601	1.61873	0.01514					
0.49527	1.61892	0.01515					
0.49453	1.61912	0.01515					
0.49378	1.61932	0.01516					
0.49304	1.61951	0.01516					
0.4923	1.61971	0.01517					
0.49155	1.6199	0.01517					
0.49081	1.6201	0.01518					
0.49007	1.6203	0.01518					
0.48932	1.6205	0.01519					
0.48858	1.6207	0.01519					
0.48783	1.6209	0.0152					
0.48709	1.6211	0.0152					
0.48635	1.6213	0.01521					
0.4856	1.62151	0.01521					
0.48486	1.62171	0.01522					
0.48411	1.62192	0.01522					
0.48337	1.62212	0.01523					
0.48262	1.62233	0.01523					
0.48188	1.62254	0.01524					
0.48113	1.62275	0.01524					
0.48039	1.62295	0.01524					
0.47964	1.62317	0.01525					
0.4789	1.62338	0.01525					
0.47815	1.62359	0.01526					
0.47741	1.6238	0.01527					
0.47666	1.62401	0.01527					
0.47592	1.62423	0.01527					
0.47517	1.62444	0.01528					
0.47443	1.62466	0.01528					
0.47368	1.62488	0.01529					
0.47294	1.62509	0.01529					
0.47219	1.62532	0.0153					
0.47144	1.62553	0.0153					
0.4707	1.62575	0.01531					
0.46995	1.62598	0.01531					
0.46921	1.6262	0.01532					
0.46846	1.62642	0.01532					
0.46771	1.62664	0.01533					
0.46697	1.62687	0.01533					
0.46622	1.6271	0.01534					
0.46547	1.62732	0.01535					
0.46473	1.62755	0.01535					
0.46398	1.62778	0.01536					
0.46323	1.62801	0.01536					
0.46249	1.62824	0.01537					
0.46174	1.62847	0.01537					
0.46099	1.62871	0.01538					
0.46025	1.62894	0.01539					
0.4595	1.62917	0.01539					
0.45875	1.62941	0.01539					
0.458	1.62964	0.0154					
0.45726	1.62988	0.01541					
0.45651	1.63012	0.01541					
0.45576	1.63036	0.01541					
0.45501	1.6306	0.01542					
0.45426	1.63084	0.01542					
0.45352	1.63109	0.01543					
0.45277	1.63133	0.01544					
0.45202	1.63157	0.01544					
0.45127	1.63182	0.01544					
0.45052	1.63207	0.01545					
0.44977	1.63232	0.01546					
0.44903	1.63257	0.01546					
0.44828	1.63281	0.01546					
0.44753	1.63307	0.01547					
0.44678	1.63332	0.01547					
0.44603	1.63357	0.01548					
0.44528	1.63383	0.01548					
0.44453	1.63409	0.01549					
0.44378	1.63434	0.01549					
0.44304	1.6346	0.0155					
0.44229	1.63486	0.0155					
0.44154	1.63512	0.01551					
0.44079	1.63538	0.01551					
0.44004	1.63564	0.01552					
0.43929	1.63591	0.01553					
0.43854	1.63617	0.01553					
0.43779	1.63644	0.01553					
0.43704	1.63671	0.01554					
0.43629	1.63697	0.01555					
0.43554	1.63724	0.01555					
0.43479	1.63752	0.01556					
0.43404	1.63779	0.01556					
0.43329	1.63806	0.01557					
0.43254	1.63834	0.01557					
0.43179	1.63861	0.01558					
0.43104	1.63889	0.01558					
0.43029	1.63917	0.01559					
0.42953	1.63945	0.0156					
0.42878	1.63973	0.0156					
0.42803	1.64001	0.01561					
0.42728	1.6403	0.01561					
0.42653	1.64058	0.01562					
0.42578	1.64087	0.01562					
0.42503	1.64116	0.01563					
0.42428	1.64144	0.01563					
0.42352	1.64173	0.01564					
0.42277	1.64203	0.01564					
0.42202	1.64232	0.01565					
0.42127	1.64261	0.01565					
0.42052	1.64291	0.01566					
0.41977	1.64321	0.01566					
0.41901	1.64351	0.01567					
0.41826	1.64381	0.01568					
0.41751	1.64411	0.01568					
0.41676	1.64441	0.01569					
0.41601	1.64472	0.01569					
0.41525	1.64502	0.01569					
0.4145	1.64533	0.0157					
0.41375	1.64564	0.01571					
0.413	1.64595	0.01571					
0.41224	1.64626	0.01572					
0.41149	1.64658	0.01573					
0.41074	1.64689	0.01573					
0.40998	1.64721	0.01574					
0.40923	1.64753	0.01574					
0.40848	1.64785	0.01575					
0.40772	1.64817	0.01575					
0.40697	1.64849	0.01576					
0.40622	1.64882	0.01576					
0.40546	1.64915	0.01577					
0.40471	1.64947	0.01577					
0.40396	1.6498	0.01578					
0.4032	1.65013	0.01578					
0.40245	1.65047	0.01579					
0.40169	1.6508	0.01579					
0.40094	1.65114	0.0158					
0.40019	1.65147	0.0158					