Reference:	"Sciamma-O'Brien et al. (2023)"
DOI:	"doi:https://doi.org/10.3847/PSJ/acd83f"
Sample Type:	"Gas Tholin"
Composition:	"N2:CH4 (95:5)"
Temperature:	"150K"
OCdb page:	"https://ocdb.smce.nasa.gov/dataset/279"
n₁ Error Units:	Standard Deviation
k₁ Error Units:	Standard Deviation

"Wavelength (µm)"	"n₁"	"Dn₁  (+/-)"	"k₁"	"Dk₁  (+/-)"	
1.60004	1.63201	0.00243	1.0E-5	1.0E-5	
1.59857	1.63202	0.00243	1.0E-5	1.0E-5	
1.5971	1.63203	0.00244	1.0E-5	1.0E-5	
1.59562	1.63205	0.00243	1.0E-5	1.0E-5	
1.59415	1.63206	0.00244	1.0E-5	1.0E-5	
1.59267	1.63207	0.00243	1.0E-5	1.0E-5	
1.5912	1.63209	0.00243	1.0E-5	2.0E-5	
1.58972	1.6321	0.00244	1.0E-5	2.0E-5	
1.58825	1.63211	0.00243	1.0E-5	2.0E-5	
1.58677	1.63212	0.00243	1.0E-5	2.0E-5	
1.5853	1.63214	0.00243	1.0E-5	2.0E-5	
1.58382	1.63215	0.00243	1.0E-5	2.0E-5	
1.58235	1.63217	0.00243	1.0E-5	2.0E-5	
1.58087	1.63218	0.00243	1.0E-5	2.0E-5	
1.57939	1.63219	0.00243	1.0E-5	3.0E-5	
1.57792	1.63221	0.00243	2.0E-5	3.0E-5	
1.57644	1.63222	0.00243	2.0E-5	3.0E-5	
1.57496	1.63224	0.00243	2.0E-5	3.0E-5	
1.57348	1.63225	0.00243	2.0E-5	3.0E-5	
1.57201	1.63226	0.00243	2.0E-5	3.0E-5	
1.57053	1.63228	0.00243	2.0E-5	3.0E-5	
1.56905	1.63229	0.00243	2.0E-5	4.0E-5	
1.56757	1.63231	0.00243	2.0E-5	4.0E-5	
1.56609	1.63232	0.00243	2.0E-5	4.0E-5	
1.56461	1.63234	0.00243	2.0E-5	4.0E-5	
1.56313	1.63235	0.00243	3.0E-5	4.0E-5	
1.56165	1.63237	0.00243	3.0E-5	5.0E-5	
1.56017	1.63238	0.00243	3.0E-5	5.0E-5	
1.55869	1.63239	0.00243	3.0E-5	5.0E-5	
1.55721	1.63241	0.00243	3.0E-5	5.0E-5	
1.55573	1.63242	0.00243	3.0E-5	5.0E-5	
1.55425	1.63244	0.00243	3.0E-5	6.0E-5	
1.55276	1.63245	0.00243	3.0E-5	6.0E-5	
1.55128	1.63247	0.00243	3.0E-5	6.0E-5	
1.5498	1.63248	0.00243	4.0E-5	6.0E-5	
1.54832	1.6325	0.00243	4.0E-5	6.0E-5	
1.54683	1.63251	0.00243	4.0E-5	7.0E-5	
1.54535	1.63253	0.00243	4.0E-5	7.0E-5	
1.54387	1.63254	0.00243	4.0E-5	7.0E-5	
1.54238	1.63256	0.00243	4.0E-5	7.0E-5	
1.5409	1.63257	0.00243	4.0E-5	8.0E-5	
1.53941	1.63259	0.00243	5.0E-5	8.0E-5	
1.53793	1.6326	0.00244	5.0E-5	8.0E-5	
1.53645	1.63262	0.00243	5.0E-5	8.0E-5	
1.53496	1.63263	0.00243	5.0E-5	9.0E-5	
1.53347	1.63264	0.00243	5.0E-5	9.0E-5	
1.53199	1.63266	0.00243	6.0E-5	9.0E-5	
1.5305	1.63267	0.00243	6.0E-5	9.0E-5	
1.52902	1.63269	0.00243	6.0E-5	0.0001	
1.52753	1.63271	0.00243	6.0E-5	0.0001	
1.52604	1.63272	0.00243	6.0E-5	0.0001	
1.52456	1.63274	0.00243	7.0E-5	0.0001	
1.52307	1.63275	0.00243	7.0E-5	0.00011	
1.52158	1.63277	0.00243	7.0E-5	0.00011	
1.52009	1.63279	0.00243	7.0E-5	0.00011	
1.5186	1.6328	0.00243	7.0E-5	0.00012	
1.51711	1.63282	0.00243	8.0E-5	0.00012	
1.51563	1.63283	0.00243	8.0E-5	0.00012	
1.51414	1.63285	0.00243	8.0E-5	0.00012	
1.51265	1.63286	0.00243	9.0E-5	0.00013	
1.51116	1.63288	0.00243	9.0E-5	0.00013	
1.50967	1.6329	0.00243	9.0E-5	0.00013	
1.50818	1.63291	0.00243	9.0E-5	0.00014	
1.50669	1.63293	0.00243	0.0001	0.00014	
1.5052	1.63295	0.00243	0.0001	0.00014	
1.5037	1.63296	0.00243	0.0001	0.00014	
1.50221	1.63298	0.00243	0.00011	0.00015	
1.50072	1.63299	0.00243	0.00011	0.00015	
1.49923	1.63301	0.00243	0.00011	0.00015	
1.49774	1.63303	0.00243	0.00012	0.00016	
1.49624	1.63305	0.00243	0.00012	0.00016	
1.49475	1.63306	0.00243	0.00012	0.00016	
1.49326	1.63308	0.00243	0.00013	0.00017	
1.49176	1.6331	0.00243	0.00013	0.00017	
1.49027	1.63311	0.00243	0.00013	0.00017	
1.48878	1.63313	0.00243	0.00014	0.00018	
1.48728	1.63315	0.00243	0.00014	0.00018	
1.48579	1.63316	0.00243	0.00015	0.00018	
1.48429	1.63318	0.00243	0.00015	0.00019	
1.4828	1.63319	0.00243	0.00015	0.00019	
1.4813	1.63321	0.00243	0.00016	0.00019	
1.47981	1.63323	0.00243	0.00016	0.0002	
1.47831	1.63325	0.00243	0.00017	0.0002	
1.47681	1.63326	0.00243	0.00017	0.0002	
1.47532	1.63328	0.00243	0.00018	0.00021	
1.47382	1.6333	0.00243	0.00018	0.00021	
1.47232	1.63332	0.00243	0.00018	0.00021	
1.47083	1.63334	0.00243	0.00019	0.00022	
1.46933	1.63335	0.00243	0.00019	0.00022	
1.46783	1.63337	0.00243	0.0002	0.00022	
1.46633	1.63339	0.00243	0.00021	0.00023	
1.46483	1.6334	0.00243	0.00021	0.00023	
1.46333	1.63342	0.00243	0.00022	0.00023	
1.46184	1.63344	0.00243	0.00022	0.00024	
1.46034	1.63346	0.00243	0.00023	0.00024	
1.45884	1.63348	0.00243	0.00023	0.00024	
1.45734	1.63349	0.00243	0.00024	0.00025	
1.45584	1.63351	0.00243	0.00025	0.00025	
1.45434	1.63353	0.00243	0.00025	0.00025	
1.45284	1.63355	0.00243	0.00026	0.00026	
1.45133	1.63357	0.00243	0.00026	0.00026	
1.44983	1.63359	0.00243	0.00027	0.00026	
1.44833	1.63361	0.00243	0.00028	0.00027	
1.44683	1.63362	0.00242	0.00028	0.00027	
1.44533	1.63364	0.00242	0.00029	0.00027	
1.44382	1.63366	0.00243	0.0003	0.00027	
1.44232	1.63368	0.00243	0.00031	0.00028	
1.44082	1.6337	0.00243	0.00031	0.00028	
1.43931	1.63372	0.00243	0.00032	0.00028	
1.43781	1.63374	0.00243	0.00033	0.00029	
1.43631	1.63375	0.00243	0.00034	0.00029	
1.4348	1.63377	0.00243	0.00034	0.00029	
1.4333	1.63379	0.00243	0.00035	0.0003	
1.43179	1.63381	0.00243	0.00036	0.0003	
1.43029	1.63383	0.00243	0.00037	0.0003	
1.42878	1.63385	0.00243	0.00038	0.0003	
1.42728	1.63387	0.00243	0.00038	0.00031	
1.42577	1.63389	0.00243	0.00039	0.00031	
1.42427	1.63391	0.00243	0.0004	0.00031	
1.42276	1.63393	0.00243	0.00041	0.00032	
1.42125	1.63395	0.00243	0.00042	0.00032	
1.41974	1.63397	0.00243	0.00043	0.00032	
1.41824	1.63399	0.00243	0.00044	0.00032	
1.41673	1.63401	0.00243	0.00045	0.00033	
1.41522	1.63403	0.00243	0.00045	0.00033	
1.41371	1.63405	0.00243	0.00046	0.00033	
1.41221	1.63407	0.00243	0.00047	0.00033	
1.4107	1.63409	0.00243	0.00048	0.00034	
1.40919	1.63411	0.00243	0.00049	0.00034	
1.40768	1.63413	0.00243	0.0005	0.00034	
1.40617	1.63415	0.00243	0.00051	0.00035	
1.40466	1.63417	0.00243	0.00052	0.00035	
1.40315	1.63419	0.00242	0.00053	0.00035	
1.40164	1.63421	0.00242	0.00054	0.00035	
1.40013	1.63423	0.00242	0.00055	0.00036	
1.39862	1.63425	0.00242	0.00057	0.00036	
1.3971	1.63428	0.00243	0.00058	0.00036	
1.39559	1.6343	0.00243	0.00059	0.00036	
1.39408	1.63432	0.00243	0.0006	0.00037	
1.39257	1.63434	0.00243	0.00061	0.00037	
1.39106	1.63436	0.00243	0.00062	0.00037	
1.38954	1.63438	0.00243	0.00063	0.00037	
1.38803	1.6344	0.00243	0.00064	0.00038	
1.38652	1.63443	0.00243	0.00066	0.00038	
1.385	1.63445	0.00243	0.00067	0.00038	
1.38349	1.63447	0.00243	0.00068	0.00038	
1.38198	1.63449	0.00243	0.00069	0.00039	
1.38046	1.63451	0.00242	0.0007	0.00039	
1.37895	1.63453	0.00243	0.00072	0.00039	
1.37743	1.63455	0.00243	0.00073	0.00039	
1.37592	1.63457	0.00243	0.00074	0.00039	
1.3744	1.6346	0.00242	0.00075	0.0004	
1.37289	1.63462	0.00242	0.00077	0.0004	
1.37137	1.63464	0.00243	0.00078	0.0004	
1.36985	1.63467	0.00242	0.00079	0.0004	
1.36834	1.63469	0.00242	0.00081	0.00041	
1.36682	1.63471	0.00243	0.00082	0.00041	
1.3653	1.63473	0.00243	0.00083	0.00041	
1.36378	1.63475	0.00243	0.00085	0.00041	
1.36227	1.63477	0.00243	0.00086	0.00041	
1.36075	1.6348	0.00243	0.00088	0.00042	
1.35923	1.63482	0.00243	0.00089	0.00042	
1.35771	1.63484	0.00243	0.0009	0.00042	
1.35619	1.63487	0.00243	0.00092	0.00042	
1.35467	1.63489	0.00243	0.00093	0.00042	
1.35315	1.63492	0.00242	0.00095	0.00043	
1.35163	1.63494	0.00243	0.00096	0.00043	
1.35011	1.63496	0.00242	0.00098	0.00043	
1.34859	1.63499	0.00243	0.00099	0.00043	
1.34707	1.63501	0.00243	0.00101	0.00043	
1.34555	1.63503	0.00242	0.00102	0.00044	
1.34403	1.63506	0.00243	0.00104	0.00044	
1.34251	1.63508	0.00242	0.00105	0.00044	
1.34099	1.63511	0.00243	0.00107	0.00044	
1.33946	1.63513	0.00242	0.00109	0.00044	
1.33794	1.63515	0.00243	0.0011	0.00045	
1.33642	1.63518	0.00242	0.00112	0.00045	
1.3349	1.6352	0.00243	0.00113	0.00045	
1.33337	1.63523	0.00242	0.00115	0.00045	
1.33185	1.63525	0.00242	0.00117	0.00045	
1.33033	1.63528	0.00242	0.00119	0.00045	
1.3288	1.6353	0.00242	0.0012	0.00046	
1.32728	1.63532	0.00243	0.00122	0.00046	
1.32575	1.63535	0.00243	0.00124	0.00046	
1.32423	1.63537	0.00243	0.00125	0.00046	
1.3227	1.6354	0.00243	0.00127	0.00046	
1.32118	1.63543	0.00242	0.00129	0.00046	
1.31965	1.63545	0.00243	0.00131	0.00047	
1.31813	1.63548	0.00242	0.00133	0.00047	
1.3166	1.6355	0.00242	0.00134	0.00047	
1.31507	1.63553	0.00243	0.00136	0.00047	
1.31355	1.63555	0.00242	0.00138	0.00047	
1.31202	1.63558	0.00242	0.0014	0.00047	
1.31049	1.6356	0.00242	0.00142	0.00047	
1.30896	1.63563	0.00242	0.00144	0.00048	
1.30743	1.63566	0.00242	0.00146	0.00048	
1.30591	1.63568	0.00242	0.00148	0.00048	
1.30438	1.63571	0.00242	0.00149	0.00048	
1.30285	1.63574	0.00242	0.00151	0.00048	
1.30132	1.63576	0.00242	0.00153	0.00048	
1.29979	1.63579	0.00242	0.00155	0.00048	
1.29826	1.63582	0.00243	0.00157	0.00049	
1.29673	1.63585	0.00243	0.00159	0.00049	
1.2952	1.63587	0.00242	0.00161	0.00049	
1.29367	1.6359	0.00242	0.00164	0.00049	
1.29214	1.63593	0.00243	0.00166	0.00049	
1.29061	1.63595	0.00243	0.00168	0.00049	
1.28908	1.63598	0.00242	0.0017	0.00049	
1.28754	1.63601	0.00242	0.00172	0.00049	
1.28601	1.63604	0.00242	0.00174	0.0005	
1.28448	1.63607	0.00242	0.00176	0.0005	
1.28295	1.63609	0.00242	0.00178	0.0005	
1.28141	1.63612	0.00242	0.00181	0.0005	
1.27988	1.63615	0.00242	0.00183	0.0005	
1.27835	1.63617	0.00242	0.00185	0.0005	
1.27681	1.6362	0.00242	0.00187	0.0005	
1.27528	1.63623	0.00242	0.00189	0.0005	
1.27375	1.63626	0.00242	0.00192	0.0005	
1.27221	1.63629	0.00243	0.00194	0.0005	
1.27068	1.63632	0.00243	0.00196	0.00051	
1.26914	1.63635	0.00242	0.00199	0.00051	
1.26761	1.63638	0.00242	0.00201	0.00051	
1.26607	1.6364	0.00242	0.00203	0.00051	
1.26453	1.63643	0.00242	0.00206	0.00051	
1.263	1.63646	0.00242	0.00208	0.00051	
1.26146	1.63649	0.00242	0.0021	0.00051	
1.25992	1.63652	0.00242	0.00213	0.00051	
1.25839	1.63655	0.00242	0.00215	0.00051	
1.25685	1.63658	0.00242	0.00218	0.00051	
1.25531	1.63661	0.00242	0.0022	0.00051	
1.25377	1.63664	0.00242	0.00223	0.00052	
1.25224	1.63668	0.00242	0.00225	0.00052	
1.2507	1.63671	0.00242	0.00228	0.00052	
1.24916	1.63674	0.00242	0.0023	0.00052	
1.24762	1.63677	0.00242	0.00233	0.00052	
1.24608	1.6368	0.00242	0.00235	0.00052	
1.24454	1.63683	0.00242	0.00238	0.00052	
1.243	1.63686	0.00242	0.00241	0.00052	
1.24146	1.63689	0.00242	0.00243	0.00052	
1.23992	1.63693	0.00242	0.00246	0.00052	
1.23838	1.63696	0.00242	0.00249	0.00052	
1.23684	1.63699	0.00242	0.00251	0.00052	
1.2353	1.63702	0.00242	0.00254	0.00052	
1.23375	1.63705	0.00242	0.00257	0.00052	
1.23221	1.63708	0.00242	0.00259	0.00052	
1.23067	1.63711	0.00242	0.00262	0.00052	
1.22913	1.63715	0.00242	0.00265	0.00052	
1.22758	1.63718	0.00242	0.00268	0.00053	
1.22604	1.63721	0.00242	0.00271	0.00053	
1.2245	1.63724	0.00242	0.00273	0.00053	
1.22295	1.63727	0.00242	0.00276	0.00053	
1.22141	1.63731	0.00242	0.00279	0.00053	
1.21987	1.63734	0.00242	0.00282	0.00053	
1.21832	1.63738	0.00242	0.00285	0.00053	
1.21678	1.63741	0.00242	0.00288	0.00053	
1.21523	1.63744	0.00242	0.00291	0.00053	
1.21369	1.63748	0.00242	0.00294	0.00053	
1.21214	1.63751	0.00242	0.00297	0.00053	
1.2106	1.63755	0.00242	0.003	0.00053	
1.20905	1.63758	0.00242	0.00303	0.00053	
1.2075	1.63762	0.00242	0.00306	0.00053	
1.20596	1.63765	0.00242	0.00309	0.00053	
1.20441	1.63769	0.00242	0.00312	0.00053	
1.20286	1.63772	0.00242	0.00315	0.00053	
1.20131	1.63776	0.00242	0.00318	0.00053	
1.19977	1.63779	0.00242	0.00321	0.00053	
1.19822	1.63783	0.00242	0.00324	0.00053	
1.19667	1.63786	0.00242	0.00328	0.00053	
1.19512	1.6379	0.00242	0.00331	0.00053	
1.19357	1.63793	0.00242	0.00334	0.00053	
1.19202	1.63797	0.00242	0.00337	0.00053	
1.19047	1.63801	0.00242	0.0034	0.00053	
1.18892	1.63804	0.00242	0.00344	0.00053	
1.18737	1.63808	0.00242	0.00347	0.00053	
1.18582	1.63811	0.00242	0.0035	0.00053	
1.18427	1.63815	0.00242	0.00354	0.00053	
1.18272	1.63819	0.00242	0.00357	0.00053	
1.18117	1.63822	0.00242	0.0036	0.00053	
1.17962	1.63826	0.00242	0.00364	0.00053	
1.17807	1.6383	0.00242	0.00367	0.00053	
1.17651	1.63834	0.00242	0.00371	0.00053	
1.17496	1.63837	0.00242	0.00374	0.00053	
1.17341	1.63841	0.00242	0.00378	0.00053	
1.17186	1.63845	0.00242	0.00381	0.00053	
1.1703	1.63849	0.00242	0.00385	0.00053	
1.16875	1.63853	0.00242	0.00388	0.00053	
1.16719	1.63857	0.00242	0.00392	0.00053	
1.16564	1.63861	0.00241	0.00395	0.00053	
1.16409	1.63864	0.00241	0.00399	0.00053	
1.16253	1.63868	0.00241	0.00403	0.00053	
1.16098	1.63872	0.00241	0.00406	0.00053	
1.15942	1.63876	0.00241	0.0041	0.00053	
1.15787	1.6388	0.00241	0.00414	0.00053	
1.15631	1.63884	0.00242	0.00417	0.00053	
1.15475	1.63889	0.00242	0.00421	0.00053	
1.1532	1.63893	0.00242	0.00425	0.00053	
1.15164	1.63897	0.00242	0.00429	0.00053	
1.15008	1.63901	0.00242	0.00432	0.00052	
1.14853	1.63905	0.00241	0.00436	0.00052	
1.14697	1.63909	0.00241	0.0044	0.00052	
1.14541	1.63913	0.00241	0.00444	0.00052	
1.14385	1.63917	0.00241	0.00448	0.00052	
1.14229	1.63922	0.00242	0.00452	0.00052	
1.14074	1.63926	0.00242	0.00456	0.00052	
1.13918	1.6393	0.00242	0.0046	0.00052	
1.13762	1.63934	0.00241	0.00464	0.00052	
1.13606	1.63938	0.00242	0.00468	0.00052	
1.1345	1.63943	0.00241	0.00472	0.00052	
1.13294	1.63947	0.00241	0.00476	0.00052	
1.13138	1.63951	0.00242	0.0048	0.00052	
1.12982	1.63956	0.00241	0.00484	0.00052	
1.12826	1.6396	0.00241	0.00488	0.00052	
1.12669	1.63964	0.00242	0.00492	0.00052	
1.12513	1.63969	0.00241	0.00496	0.00052	
1.12357	1.63973	0.00242	0.00501	0.00052	
1.12201	1.63978	0.00241	0.00505	0.00052	
1.12045	1.63982	0.00241	0.00509	0.00051	
1.11888	1.63987	0.00241	0.00513	0.00051	
1.11732	1.63991	0.00241	0.00518	0.00051	
1.11576	1.63996	0.00241	0.00522	0.00051	
1.11419	1.64	0.00241	0.00526	0.00051	
1.11263	1.64005	0.00241	0.00531	0.00051	
1.11107	1.64009	0.00241	0.00535	0.00051	
1.1095	1.64014	0.00241	0.00539	0.00051	
1.10794	1.64019	0.00242	0.00544	0.00051	
1.10637	1.64023	0.00241	0.00548	0.00051	
1.10481	1.64028	0.00241	0.00553	0.00051	
1.10324	1.64033	0.00241	0.00557	0.00051	
1.10168	1.64038	0.00241	0.00562	0.00051	
1.10011	1.64042	0.00241	0.00566	0.0005	
1.09854	1.64047	0.00241	0.00571	0.0005	
1.09698	1.64052	0.00241	0.00576	0.0005	
1.09541	1.64057	0.00241	0.0058	0.0005	
1.09384	1.64062	0.00241	0.00585	0.0005	
1.09227	1.64067	0.00241	0.00589	0.0005	
1.09069	1.64072	0.00241	0.00594	0.0005	
1.08914	1.64077	0.00241	0.00599	0.0005	
1.08756	1.64082	0.00241	0.00604	0.0005	
1.08599	1.64087	0.00241	0.00608	0.0005	
1.08444	1.64092	0.00241	0.00613	0.0005	
1.08286	1.64097	0.00241	0.00618	0.0005	
1.08127	1.64102	0.00241	0.00623	0.00049	
1.07973	1.64107	0.00241	0.00628	0.00049	
1.07815	1.64112	0.00241	0.00633	0.00049	
1.07656	1.64117	0.00241	0.00638	0.00049	
1.07502	1.64122	0.00241	0.00643	0.00049	
1.07343	1.64128	0.00241	0.00648	0.00049	
1.07185	1.64133	0.00241	0.00653	0.00049	
1.07031	1.64139	0.00241	0.00658	0.00049	
1.06872	1.64144	0.00241	0.00663	0.00049	
1.06713	1.64149	0.0024	0.00668	0.00049	
1.0656	1.64154	0.00241	0.00673	0.00048	
1.064	1.6416	0.00241	0.00678	0.00048	
1.06241	1.64166	0.00241	0.00683	0.00048	
1.06088	1.64171	0.00241	0.00689	0.00048	
1.05928	1.64176	0.00241	0.00694	0.00048	
1.05768	1.64182	0.0024	0.00699	0.00048	
1.05616	1.64187	0.00241	0.00704	0.00048	
1.05456	1.64193	0.0024	0.0071	0.00048	
1.05296	1.64199	0.0024	0.00715	0.00048	
1.05144	1.64204	0.0024	0.00721	0.00048	
1.04984	1.6421	0.0024	0.00726	0.00047	
1.04823	1.64216	0.0024	0.00731	0.00047	
1.04672	1.64221	0.00241	0.00737	0.00047	
1.04511	1.64227	0.0024	0.00742	0.00047	
1.0435	1.64233	0.0024	0.00748	0.00047	
1.04199	1.64238	0.0024	0.00753	0.00047	
1.04038	1.64244	0.0024	0.00759	0.00047	
1.03876	1.64251	0.0024	0.00765	0.00047	
1.03726	1.64256	0.0024	0.0077	0.00047	
1.03564	1.64263	0.0024	0.00776	0.00047	
1.03402	1.64269	0.0024	0.00782	0.00046	
1.03253	1.64274	0.0024	0.00787	0.00046	
1.0309	1.6428	0.0024	0.00793	0.00046	
1.02928	1.64287	0.0024	0.00799	0.00046	
1.02779	1.64293	0.0024	0.00805	0.00046	
1.02616	1.64299	0.0024	0.00811	0.00046	
1.02453	1.64305	0.0024	0.00816	0.00046	
1.02305	1.64311	0.0024	0.00822	0.00046	
1.02142	1.64318	0.0024	0.00828	0.00046	
1.01978	1.64324	0.0024	0.00834	0.00046	
1.0183	1.6433	0.0024	0.0084	0.00045	
1.01667	1.64337	0.0024	0.00846	0.00045	
1.01503	1.64343	0.0024	0.00852	0.00045	
1.01355	1.6435	0.00239	0.00858	0.00045	
1.01192	1.64357	0.00239	0.00865	0.00045	
1.01027	1.64363	0.00239	0.00871	0.00045	
1.0088	1.64369	0.00239	0.00877	0.00045	
1.00716	1.64376	0.00239	0.00883	0.00045	
1.00551	1.64383	0.00239	0.00889	0.00045	
1.00404	1.64389	0.00239	0.00896	0.00045	
1.00258	1.64396	0.00239	0.00902	0.00044	
1.00093	1.64403	0.00239	0.00908	0.00044	
0.99928	1.6441	0.00239	0.00915	0.00044	
0.99782	1.64416	0.00239	0.00921	0.00044	
0.99617	1.64423	0.00239	0.00928	0.00044	
0.99452	1.64431	0.00239	0.00934	0.00044	
0.99306	1.64437	0.00239	0.00941	0.00044	
0.99141	1.64444	0.00239	0.00947	0.00044	
0.98975	1.64452	0.00239	0.00954	0.00044	
0.9883	1.64458	0.00239	0.0096	0.00044	
0.98664	1.64466	0.00239	0.00967	0.00043	
0.98497	1.64473	0.00238	0.00974	0.00043	
0.98353	1.6448	0.00238	0.0098	0.00043	
0.98186	1.64488	0.00238	0.00987	0.00043	
0.98019	1.64496	0.00238	0.00994	0.00043	
0.97875	1.64502	0.00238	0.01001	0.00043	
0.97708	1.6451	0.00238	0.01008	0.00043	
0.97541	1.64518	0.00238	0.01014	0.00043	
0.97397	1.64525	0.00238	0.01021	0.00043	
0.9723	1.64533	0.00238	0.01028	0.00043	
0.97062	1.64541	0.00238	0.01035	0.00043	
0.96918	1.64548	0.00238	0.01042	0.00043	
0.9675	1.64556	0.00238	0.01049	0.00043	
0.96582	1.64564	0.00237	0.01056	0.00042	
0.96439	1.64571	0.00237	0.01064	0.00042	
0.96271	1.6458	0.00238	0.01071	0.00042	
0.96102	1.64588	0.00237	0.01078	0.00042	
0.9596	1.64596	0.00237	0.01085	0.00042	
0.95818	1.64603	0.00237	0.01092	0.00042	
0.95649	1.64612	0.00237	0.011	0.00042	
0.9548	1.6462	0.00236	0.01107	0.00042	
0.95338	1.64627	0.00237	0.01115	0.00042	
0.95169	1.64636	0.00236	0.01122	0.00042	
0.94999	1.64645	0.00236	0.01129	0.00042	
0.94858	1.64653	0.00237	0.01137	0.00042	
0.94688	1.64661	0.00236	0.01144	0.00042	
0.94517	1.64671	0.00236	0.01152	0.00042	
0.94377	1.64679	0.00236	0.0116	0.00042	
0.94206	1.64688	0.00236	0.01167	0.00042	
0.94035	1.64697	0.00235	0.01175	0.00041	
0.93895	1.64705	0.00235	0.01183	0.00041	
0.93724	1.64714	0.00235	0.0119	0.00041	
0.93553	1.64724	0.00235	0.01198	0.00041	
0.93413	1.64732	0.00235	0.01206	0.00041	
0.93241	1.64742	0.00235	0.01214	0.00041	
0.9307	1.64752	0.00235	0.01222	0.00041	
0.9293	1.6476	0.00234	0.0123	0.00041	
0.92791	1.64768	0.00234	0.01238	0.00041	
0.92619	1.64778	0.00234	0.01246	0.00041	
0.92447	1.64789	0.00233	0.01254	0.00041	
0.92308	1.64797	0.00233	0.01262	0.00041	
0.92136	1.64807	0.00233	0.0127	0.00041	
0.91997	1.64815	0.00233	0.01278	0.00041	
0.91928	1.6482	0.00233	0.01287	0.00041	
0.91859	1.64824	0.00233	0.01295	0.00041	
0.9179	1.64828	0.00233	0.01303	0.00041	
0.91721	1.64833	0.00232	0.01312	0.00041	
0.91651	1.64837	0.00232	0.0132	0.00041	
0.91582	1.64841	0.00232	0.01329	0.00041	
0.91513	1.64846	0.00231	0.01337	0.00041	
0.91444	1.6485	0.00232	0.01346	0.00041	
0.91374	1.64854	0.00232	0.01354	0.00041	
0.91305	1.64859	0.00231	0.01363	0.00041	
0.91236	1.64863	0.00231	0.01371	0.00041	
0.91167	1.64867	0.00231	0.0138	0.00041	
0.91097	1.64872	0.00231	0.01389	0.00041	
0.91028	1.64876	0.00231	0.01398	0.00041	
0.90959	1.6488	0.00231	0.01406	0.00041	
0.9089	1.64885	0.00231	0.01415	0.00041	
0.9082	1.64889	0.00231	0.01424	0.00041	
0.90751	1.64894	0.0023	0.01433	0.00041	
0.90682	1.64898	0.00231	0.01442	0.00041	
0.90612	1.64903	0.0023	0.01451	0.00041	
0.90543	1.64907	0.0023	0.0146	0.00041	
0.90474	1.64912	0.0023	0.0147	0.00041	
0.90404	1.64916	0.0023	0.01479	0.00041	
0.90335	1.64921	0.00229	0.01488	0.00041	
0.90265	1.64926	0.0023	0.01497	0.00041	
0.90196	1.6493	0.00229	0.01507	0.00041	
0.90127	1.64935	0.00229	0.01516	0.00041	
0.90057	1.6494	0.00229	0.01525	0.00041	
0.89988	1.64944	0.00229	0.01535	0.00041	
0.89918	1.64949	0.00229	0.01544	0.00041	
0.89849	1.64954	0.00229	0.01554	0.00041	
0.8978	1.64958	0.00228	0.01564	0.00041	
0.8971	1.64963	0.00228	0.01573	0.00041	
0.89641	1.64968	0.00228	0.01583	0.00041	
0.89571	1.64972	0.00228	0.01593	0.00041	
0.89502	1.64977	0.00228	0.01602	0.00041	
0.89432	1.64982	0.00228	0.01612	0.00041	
0.89363	1.64987	0.00228	0.01622	0.00042	
0.89293	1.64991	0.00227	0.01632	0.00042	
0.89224	1.64996	0.00227	0.01642	0.00042	
0.89154	1.65002	0.00227	0.01652	0.00042	
0.89085	1.65006	0.00227	0.01662	0.00042	
0.89015	1.65011	0.00227	0.01672	0.00042	
0.88946	1.65016	0.00227	0.01683	0.00042	
0.88876	1.65021	0.00227	0.01693	0.00042	
0.88807	1.65026	0.00227	0.01703	0.00042	
0.88737	1.65031	0.00226	0.01714	0.00042	
0.88667	1.65036	0.00226	0.01724	0.00042	
0.88598	1.65041	0.00226	0.01734	0.00042	
0.88528	1.65046	0.00226	0.01745	0.00042	
0.88459	1.65051	0.00225	0.01755	0.00042	
0.88389	1.65056	0.00225	0.01766	0.00042	
0.88319	1.65061	0.00225	0.01777	0.00042	
0.8825	1.65066	0.00224	0.01787	0.00042	
0.8818	1.65071	0.00224	0.01798	0.00042	
0.8811	1.65076	0.00224	0.01809	0.00042	
0.88041	1.65082	0.00224	0.0182	0.00042	
0.87971	1.65087	0.00224	0.01831	0.00042	
0.87901	1.65092	0.00224	0.01842	0.00042	
0.87832	1.65097	0.00224	0.01853	0.00042	
0.87762	1.65102	0.00223	0.01864	0.00042	
0.87692	1.65107	0.00223	0.01875	0.00043	
0.87623	1.65113	0.00223	0.01886	0.00043	
0.87553	1.65118	0.00223	0.01898	0.00043	
0.87483	1.65124	0.00223	0.01909	0.00043	
0.87414	1.65129	0.00223	0.0192	0.00043	
0.87344	1.65134	0.00223	0.01932	0.00043	
0.87274	1.6514	0.00222	0.01943	0.00043	
0.87204	1.65145	0.00223	0.01955	0.00043	
0.87134	1.6515	0.00222	0.01966	0.00043	
0.87065	1.65156	0.00222	0.01978	0.00043	
0.86995	1.65161	0.00222	0.0199	0.00043	
0.86925	1.65167	0.00222	0.02002	0.00043	
0.86855	1.65172	0.00222	0.02013	0.00043	
0.86786	1.65178	0.00222	0.02025	0.00043	
0.86716	1.65183	0.00222	0.02037	0.00043	
0.86646	1.65189	0.00222	0.02049	0.00043	
0.86576	1.65194	0.00221	0.02061	0.00043	
0.86506	1.652	0.00221	0.02074	0.00043	
0.86436	1.65205	0.00221	0.02086	0.00043	
0.86366	1.65211	0.00221	0.02098	0.00043	
0.86297	1.65216	0.00221	0.0211	0.00043	
0.86227	1.65222	0.00221	0.02123	0.00043	
0.86157	1.65228	0.00221	0.02135	0.00043	
0.86087	1.65233	0.00221	0.02148	0.00043	
0.86017	1.65239	0.00221	0.0216	0.00043	
0.85947	1.65245	0.00221	0.02173	0.00043	
0.85877	1.65251	0.00221	0.02186	0.00043	
0.85807	1.65257	0.00221	0.02198	0.00043	
0.85737	1.65262	0.00221	0.02211	0.00043	
0.85667	1.65268	0.00221	0.02224	0.00043	
0.85597	1.65274	0.00221	0.02237	0.00043	
0.85527	1.6528	0.00221	0.0225	0.00043	
0.85457	1.65286	0.00221	0.02263	0.00043	
0.85387	1.65292	0.00221	0.02276	0.00043	
0.85317	1.65298	0.00221	0.0229	0.00043	
0.85247	1.65304	0.00221	0.02303	0.00042	
0.85177	1.6531	0.00221	0.02316	0.00042	
0.85107	1.65315	0.00221	0.0233	0.00042	
0.85037	1.65321	0.00221	0.02343	0.00042	
0.84967	1.65327	0.00221	0.02357	0.00042	
0.84897	1.65333	0.00221	0.0237	0.00042	
0.84827	1.65339	0.00221	0.02384	0.00042	
0.84757	1.65345	0.00221	0.02398	0.00042	
0.84687	1.65352	0.00221	0.02412	0.00042	
0.84617	1.65358	0.00222	0.02426	0.00042	
0.84547	1.65364	0.00222	0.0244	0.00042	
0.84477	1.6537	0.00222	0.02454	0.00042	
0.84407	1.65376	0.00222	0.02468	0.00041	
0.84337	1.65382	0.00222	0.02482	0.00041	
0.84266	1.65389	0.00222	0.02496	0.00041	
0.84196	1.65394	0.00222	0.02511	0.00041	
0.84126	1.65401	0.00222	0.02525	0.00041	
0.84056	1.65407	0.00222	0.0254	0.00041	
0.83986	1.65413	0.00222	0.02554	0.00041	
0.83916	1.6542	0.00223	0.02569	0.0004	
0.83846	1.65426	0.00223	0.02584	0.0004	
0.83775	1.65432	0.00222	0.02598	0.0004	
0.83705	1.65438	0.00223	0.02613	0.0004	
0.83635	1.65445	0.00222	0.02628	0.0004	
0.83565	1.65451	0.00223	0.02643	0.0004	
0.83495	1.65457	0.00223	0.02659	0.00039	
0.83424	1.65464	0.00223	0.02674	0.00039	
0.83354	1.6547	0.00223	0.02689	0.00039	
0.83284	1.65477	0.00223	0.02704	0.00039	
0.83214	1.65483	0.00223	0.0272	0.00038	
0.83143	1.65489	0.00223	0.02735	0.00038	
0.83073	1.65496	0.00224	0.02751	0.00038	
0.83003	1.65502	0.00223	0.02767	0.00038	
0.82932	1.65509	0.00224	0.02782	0.00037	
0.82862	1.65516	0.00224	0.02798	0.00037	
0.82792	1.65522	0.00224	0.02814	0.00037	
0.82722	1.65529	0.00224	0.0283	0.00037	
0.82651	1.65535	0.00224	0.02846	0.00036	
0.82581	1.65542	0.00225	0.02862	0.00036	
0.82511	1.65549	0.00225	0.02879	0.00036	
0.8244	1.65555	0.00225	0.02895	0.00036	
0.8237	1.65562	0.00225	0.02911	0.00035	
0.82299	1.65568	0.00225	0.02928	0.00035	
0.82229	1.65575	0.00225	0.02945	0.00035	
0.82159	1.65582	0.00225	0.02961	0.00034	
0.82088	1.65589	0.00226	0.02978	0.00034	
0.82018	1.65596	0.00226	0.02995	0.00034	
0.81947	1.65602	0.00226	0.03012	0.00033	
0.81877	1.65609	0.00226	0.03029	0.00033	
0.81807	1.65616	0.00226	0.03046	0.00033	
0.81736	1.65623	0.00226	0.03063	0.00032	
0.81666	1.6563	0.00226	0.03081	0.00032	
0.81595	1.65636	0.00227	0.03098	0.00032	
0.81525	1.65643	0.00227	0.03116	0.00031	
0.81454	1.6565	0.00227	0.03133	0.00031	
0.81384	1.65657	0.00227	0.03151	0.00031	
0.81313	1.65664	0.00227	0.03169	0.0003	
0.81243	1.6567	0.00228	0.03187	0.0003	
0.81172	1.65677	0.00228	0.03205	0.0003	
0.81102	1.65685	0.00228	0.03223	0.00029	
0.81031	1.65692	0.00228	0.03241	0.00029	
0.80961	1.65699	0.00228	0.03259	0.00029	
0.8089	1.65705	0.00228	0.03278	0.00028	
0.8082	1.65713	0.00229	0.03296	0.00028	
0.80749	1.6572	0.00229	0.03315	0.00028	
0.80679	1.65727	0.00229	0.03333	0.00027	
0.80608	1.65734	0.00229	0.03352	0.00027	
0.80537	1.65741	0.00229	0.03371	0.00027	
0.80467	1.65748	0.00229	0.0339	0.00027	
0.80396	1.65756	0.0023	0.03409	0.00027	
0.80326	1.65763	0.0023	0.03429	0.00027	
0.80255	1.65769	0.0023	0.03448	0.00027	
0.80184	1.65777	0.0023	0.03467	0.00027	
0.80114	1.65784	0.0023	0.03487	0.00027	
0.80043	1.65792	0.00231	0.03506	0.00027	
0.79972	1.65799	0.00231	0.03526	0.00027	
0.79902	1.65806	0.00231	0.03546	0.00027	
0.79831	1.65813	0.00231	0.03566	0.00027	
0.7976	1.65821	0.00232	0.03586	0.00027	
0.7969	1.65828	0.00232	0.03606	0.00028	
0.79619	1.65835	0.00232	0.03627	0.00028	
0.79548	1.65843	0.00232	0.03647	0.00028	
0.79478	1.6585	0.00232	0.03668	0.00029	
0.79407	1.65858	0.00232	0.03688	0.00029	
0.79336	1.65865	0.00233	0.03709	0.0003	
0.79265	1.65872	0.00233	0.0373	0.00031	
0.79195	1.6588	0.00233	0.03751	0.00031	
0.79124	1.65887	0.00234	0.03772	0.00032	
0.79053	1.65895	0.00234	0.03793	0.00033	
0.78982	1.65902	0.00234	0.03815	0.00034	
0.78911	1.6591	0.00234	0.03836	0.00035	
0.78841	1.65917	0.00235	0.03858	0.00036	
0.7877	1.65925	0.00235	0.03879	0.00037	
0.78699	1.65933	0.00235	0.03901	0.00038	
0.78628	1.65941	0.00235	0.03923	0.00039	
0.78557	1.65948	0.00235	0.03945	0.0004	
0.78487	1.65955	0.00235	0.03967	0.00042	
0.78416	1.65963	0.00236	0.0399	0.00043	
0.78345	1.65971	0.00236	0.04012	0.00044	
0.78274	1.65979	0.00236	0.04035	0.00046	
0.78203	1.65986	0.00236	0.04058	0.00047	
0.78132	1.65994	0.00237	0.0408	0.00049	
0.78061	1.66002	0.00237	0.04103	0.00051	
0.7799	1.6601	0.00237	0.04127	0.00052	
0.7792	1.66017	0.00237	0.0415	0.00054	
0.77849	1.66025	0.00238	0.04173	0.00056	
0.77778	1.66033	0.00238	0.04197	0.00058	
0.77707	1.66041	0.00238	0.04221	0.0006	
0.77636	1.66049	0.00238	0.04244	0.00062	
0.77565	1.66057	0.00239	0.04268	0.00063	
0.77494	1.66065	0.00239	0.04292	0.00066	
0.77423	1.66073	0.00239	0.04317	0.00068	
0.77352	1.66081	0.00239	0.04341	0.0007	
0.77281	1.66089	0.0024	0.04366	0.00072	
0.7721	1.66097	0.0024	0.0439	0.00074	
0.77139	1.66105	0.00241	0.04415	0.00077	
0.77068	1.66113	0.0024	0.0444	0.00079	
0.76997	1.66121	0.00241	0.04465	0.00081	
0.76926	1.66129	0.00241	0.0449	0.00084	
0.76855	1.66137	0.00241	0.04516	0.00086	
0.76784	1.66145	0.00241	0.04541	0.00089	
0.76713	1.66153	0.00242	0.04567	0.00091	
0.76642	1.66161	0.00242	0.04593	0.00094	
0.76571	1.6617	0.00243	0.04619	0.00097	
0.765	1.66178	0.00243	0.04645	0.001	
0.76428	1.66186	0.00243	0.04672	0.00102	
0.76357	1.66194	0.00243	0.04698	0.00105	
0.76286	1.66203	0.00244	0.04725	0.00108	
0.76215	1.66211	0.00244	0.04752	0.00111	
0.76144	1.66219	0.00244	0.04779	0.00114	
0.76073	1.66228	0.00244	0.04806	0.00118	
0.76002	1.66236	0.00244	0.04833	0.00121	
0.75931	1.66244	0.00245	0.04861	0.00124	
0.75859	1.66253	0.00245	0.04888	0.00127	
0.75788	1.66261	0.00245	0.04916	0.00131	
0.75717	1.66269	0.00246	0.04944	0.00134	
0.75646	1.66278	0.00246	0.04972	0.00138	
0.75575	1.66286	0.00246	0.05001	0.00141	
0.75503	1.66295	0.00246	0.05029	0.00145	
0.75432	1.66303	0.00247	0.05058	0.00149	
0.75361	1.66312	0.00247	0.05087	0.00153	
0.7529	1.6632	0.00248	0.05116	0.00156	
0.75219	1.66329	0.00248	0.05145	0.0016	
0.75147	1.66337	0.00248	0.05175	0.00164	
0.75076	1.66346	0.00248	0.05205	0.00168	
0.75005	1.66355	0.00248	0.05234	0.00173	
0.74933	1.66363	0.00249	0.05264	0.00177	
0.74862	1.66372	0.00249	0.05295	0.00181	
0.74791	1.66381	0.00249	0.05325	0.00185	
0.7472	1.6639	0.00249	0.05356	0.0019	
0.74648	1.66398	0.0025	0.05386	0.00194	
0.74577	1.66407	0.0025	0.05417	0.00199	
0.74506	1.66416	0.0025	0.05449	0.00204	
0.74434	1.66425	0.0025	0.0548	0.00209	
0.74363	1.66433	0.00251	0.05512	0.00213	
0.74292	1.66442	0.00252	0.05544	0.00218	
0.7422	1.66451	0.00252	0.05576	0.00223	
0.74149	1.6646	0.00252	0.05608	0.00228	
0.74078	1.66469	0.00252	0.0564	0.00234	
0.74006	1.66478	0.00252	0.05673	0.00239	
0.73935	1.66487	0.00253	0.05706	0.00244	
0.73863	1.66496	0.00253	0.05739	0.0025	
0.73792	1.66505	0.00253	0.05772	0.00255	
0.7372	1.66514	0.00253	0.05806	0.00261	
0.73649	1.66523	0.00254	0.0584	0.00267	
0.73578	1.66532	0.00254	0.05873	0.00273	
0.73506	1.66541	0.00254	0.05908	0.00279	
0.73435	1.6655	0.00255	0.05942	0.00285	
0.73363	1.66559	0.00255	0.05977	0.00291	
0.73292	1.66568	0.00256	0.06012	0.00297	
0.7322	1.66577	0.00256	0.06047	0.00304	
0.73149	1.66587	0.00256	0.06082	0.0031	
0.73077	1.66596	0.00256	0.06118	0.00317	
0.73006	1.66605	0.00257	0.06154	0.00324	
0.72934	1.66614	0.00257	0.0619	0.00331	
0.72863	1.66623	0.00258	0.06226	0.00338	
0.72791	1.66633	0.00257	0.06263	0.00345	
0.7272	1.66642	0.00258	0.063	0.00352	
0.72648	1.66652	0.00258	0.06337	0.00359	
0.72577	1.66661	0.00258	0.06374	0.00367	
0.72505	1.6667	0.00259				
0.72433	1.6668	0.00259				
0.72362	1.66689	0.00259				
0.7229	1.66699	0.00259				
0.72219	1.66708	0.0026				
0.72147	1.66718	0.0026				
0.72075	1.66727	0.0026				
0.72004	1.66736	0.00261				
0.71932	1.66746	0.00261				
0.7186	1.66756	0.00261				
0.71789	1.66765	0.00262				
0.71717	1.66775	0.00262				
0.71645	1.66785	0.00262				
0.71574	1.66794	0.00263				
0.71502	1.66804	0.00263				
0.7143	1.66814	0.00263				
0.71359	1.66824	0.00263				
0.71287	1.66833	0.00264				
0.71215	1.66843	0.00264				
0.71143	1.66853	0.00264				
0.71072	1.66863	0.00264				
0.71	1.66873	0.00264				
0.70928	1.66882	0.00265				
0.70856	1.66893	0.00265				
0.70785	1.66902	0.00266				
0.70713	1.66912	0.00266				
0.70641	1.66922	0.00266				
0.70569	1.66932	0.00267				
0.70497	1.66942	0.00267				
0.70426	1.66952	0.00267				
0.70354	1.66963	0.00267				
0.70282	1.66972	0.00268				
0.7021	1.66982	0.00268				
0.70138	1.66993	0.00268				
0.70066	1.67003	0.00268				
0.69995	1.67013	0.00269				
0.69923	1.67023	0.00269				
0.69851	1.67034	0.0027				
0.69779	1.67044	0.00269				
0.69707	1.67054	0.0027				
0.69635	1.67065	0.0027				
0.69563	1.67075	0.0027				
0.69491	1.67086	0.00271				
0.69419	1.67096	0.00271				
0.69347	1.67106	0.00271				
0.69275	1.67117	0.00272				
0.69203	1.67127	0.00271				
0.69131	1.67138	0.00272				
0.69059	1.67148	0.00272				
0.68987	1.67159	0.00272				
0.68915	1.6717	0.00273				
0.68843	1.6718	0.00273				
0.68771	1.6719	0.00273				
0.68699	1.67201	0.00273				
0.68627	1.67212	0.00273				
0.68555	1.67222	0.00274				
0.68483	1.67233	0.00274				
0.68411	1.67244	0.00274				
0.68339	1.67255	0.00275				
0.68267	1.67266	0.00275				
0.68195	1.67276	0.00275				
0.68123	1.67287	0.00275				
0.68051	1.67298	0.00276				
0.67978	1.67309	0.00276				
0.67906	1.6732	0.00276				
0.67834	1.67331	0.00276				
0.67762	1.67342	0.00276				
0.6769	1.67353	0.00277				
0.67618	1.67364	0.00277				
0.67546	1.67375	0.00277				
0.67473	1.67387	0.00278				
0.67401	1.67398	0.00278				
0.67329	1.67409	0.00278				
0.67257	1.6742	0.00278				
0.67185	1.67431	0.00278				
0.67112	1.67443	0.00279				
0.6704	1.67454	0.00279				
0.66968	1.67465	0.0028				
0.66896	1.67476	0.00279				
0.66823	1.67488	0.0028				
0.66751	1.67499	0.00279				
0.66679	1.67511	0.0028				
0.66607	1.67522	0.0028				
0.66534	1.67533	0.0028				
0.66462	1.67545	0.00281				
0.6639	1.67557	0.00281				
0.66317	1.67568	0.00281				
0.66245	1.6758	0.00281				
0.66173	1.67592	0.00281				
0.661	1.67603	0.00282				
0.66028	1.67615	0.00282				
0.65956	1.67627	0.00282				
0.65883	1.67638	0.00282				
0.65811	1.6765	0.00282				
0.65738	1.67662	0.00282				
0.65666	1.67673	0.00282				
0.65594	1.67685	0.00282				
0.65521	1.67697	0.00283				
0.65449	1.67709	0.00283				
0.65376	1.67721	0.00283				
0.65304	1.67733	0.00283				
0.65232	1.67745	0.00284				
0.65159	1.67757	0.00284				
0.65087	1.67769	0.00284				
0.65014	1.67781	0.00284				
0.64942	1.67794	0.00284				
0.64869	1.67806	0.00284				
0.64797	1.67818	0.00284				
0.64724	1.6783	0.00285				
0.64652	1.67842	0.00285				
0.64579	1.67855	0.00285				
0.64507	1.67867	0.00285				
0.64434	1.67879	0.00285				
0.64361	1.67892	0.00285				
0.64289	1.67904	0.00285				
0.64216	1.67916	0.00285				
0.64144	1.67929	0.00285				
0.64071	1.67941	0.00285				
0.63999	1.67954	0.00285				
0.63926	1.67967	0.00286				
0.63853	1.67979	0.00286				
0.63781	1.67992	0.00286				
0.63708	1.68005	0.00286				
0.63635	1.68017	0.00286				
0.63563	1.6803	0.00286				
0.6349	1.68042	0.00286				
0.63417	1.68055	0.00286				
0.63345	1.68068	0.00286				
0.63272	1.68081	0.00286				
0.63199	1.68094	0.00286				
0.63127	1.68107	0.00287				
0.63054	1.6812	0.00287				
0.62981	1.68133	0.00287				
0.62909	1.68146	0.00287				
0.62836	1.68159	0.00287				
0.62763	1.68172	0.00287				
0.6269	1.68185	0.00287				
0.62618	1.68199	0.00287				
0.62545	1.68212	0.00287				
0.62472	1.68225	0.00287				
0.62399	1.68238	0.00287				
0.62326	1.68252	0.00287				
0.62254	1.68265	0.00287				
0.62181	1.68278	0.00287				
0.62108	1.68292	0.00287				
0.62035	1.68305	0.00287				
0.61962	1.68319	0.00287				
0.61889	1.68332	0.00287				
0.61817	1.68346	0.00287				
0.61744	1.68359	0.00287				
0.61671	1.68373	0.00287				
0.61598	1.68387	0.00287				
0.61525	1.684	0.00287				
0.61452	1.68414	0.00287				
0.61379	1.68428	0.00287				
0.61306	1.68441	0.00287				
0.61233	1.68455	0.00287				
0.6116	1.68469	0.00287				
0.61087	1.68483	0.00287				
0.61015	1.68497	0.00287				
0.60942	1.68511	0.00286				
0.60869	1.68525	0.00286				
0.60796	1.68539	0.00286				
0.60723	1.68553	0.00286				
0.6065	1.68568	0.00286				
0.60577	1.68582	0.00286				
0.60504	1.68596	0.00286				
0.60431	1.6861	0.00285				
0.60358	1.68624	0.00286				
0.60285	1.68639	0.00286				
0.60211	1.68653	0.00285				
0.60138	1.68667	0.00285				
0.60065	1.68682	0.00285				
0.59992	1.68697	0.00285				
0.59919	1.68711	0.00285				
0.59846	1.68726	0.00285				
0.59773	1.6874	0.00284				
0.597	1.68755	0.00284				
0.59627	1.68769	0.00284				
0.59554	1.68784	0.00284				
0.5948	1.68799	0.00284				
0.59407	1.68814	0.00284				
0.59334	1.68829	0.00284				
0.59261	1.68844	0.00283				
0.59188	1.68858	0.00283				
0.59115	1.68873	0.00283				
0.59041	1.68889	0.00282				
0.58968	1.68904	0.00282				
0.58895	1.68919	0.00282				
0.58822	1.68934	0.00282				
0.58749	1.68949	0.00282				
0.58675	1.68964	0.00282				
0.58602	1.6898	0.00281				
0.58529	1.68995	0.00281				
0.58456	1.6901	0.00281				
0.58382	1.69025	0.0028				
0.58309	1.69041	0.0028				
0.58236	1.69056	0.0028				
0.58163	1.69072	0.00279				
0.58089	1.69088	0.00279				
0.58016	1.69103	0.00279				
0.57943	1.69119	0.00278				
0.57869	1.69135	0.00278				
0.57796	1.6915	0.00277				
0.57723	1.69166	0.00278				
0.57649	1.69182	0.00277				
0.57576	1.69198	0.00277				
0.57502	1.69214	0.00276				
0.57429	1.6923	0.00276				
0.57356	1.69246	0.00276				
0.57282	1.69262	0.00275				
0.57209	1.69278	0.00274				
0.57135	1.69294	0.00274				
0.57062	1.6931	0.00274				
0.56989	1.69327	0.00274				
0.56915	1.69343	0.00273				
0.56842	1.69359	0.00273				
0.56768	1.69376	0.00273				
0.56695	1.69392	0.00272				
0.56621	1.69409	0.00271				
0.56548	1.69425	0.00271				
0.56474	1.69442	0.00271				
0.56401	1.69459	0.0027				
0.56327	1.69475	0.00269				
0.56254	1.69492	0.00269				
0.5618	1.69509	0.00269				
0.56107	1.69525	0.00268				
0.56033	1.69543	0.00267				
0.5596	1.69559	0.00267				
0.55886	1.69576	0.00266				
0.55813	1.69593	0.00266				
0.55739	1.6961	0.00265				
0.55665	1.69627	0.00265				
0.55592	1.69645	0.00264				
0.55518	1.69662	0.00263				
0.55445	1.69679	0.00263				
0.55371	1.69697	0.00262				
0.55297	1.69714	0.00262				
0.55224	1.69732	0.00261				
0.5515	1.69749	0.0026				
0.55076	1.69766	0.0026				
0.55003	1.69784	0.00259				
0.54929	1.69802	0.00258				
0.54855	1.69819	0.00258				
0.54782	1.69837	0.00258				
0.54708	1.69855	0.00257				
0.54634	1.69873	0.00256				
0.5456	1.69891	0.00255				
0.54487	1.69909	0.00254				
0.54413	1.69927	0.00254				
0.54339	1.69945	0.00253				
0.54265	1.69963	0.00253				
0.54192	1.69981	0.00252				
0.54118	1.7	0.00251				
0.54044	1.70018	0.0025				
0.5397	1.70036	0.0025				
0.53897	1.70055	0.00249				
0.53823	1.70073	0.00248				
0.53749	1.70092	0.00247				
0.53675	1.70111	0.00247				
0.53601	1.70129	0.00246				
0.53527	1.70148	0.00245				
0.53454	1.70167	0.00244				
0.5338	1.70185	0.00243				
0.53306	1.70204	0.00242				
0.53232	1.70223	0.00242				
0.53158	1.70242	0.00241				
0.53084	1.70261	0.0024				
0.5301	1.70281	0.00239				
0.52936	1.703	0.00239				
0.52862	1.70319	0.00237				
0.52789	1.70339	0.00237				
0.52715	1.70358	0.00236				
0.52641	1.70378	0.00235				
0.52567	1.70397	0.00234				
0.52493	1.70416	0.00234				
0.52419	1.70436	0.00232				
0.52345	1.70456	0.00232				
0.52271	1.70476	0.0023				
0.52197	1.70495	0.00229				
0.52123	1.70515	0.00228				
0.52049	1.70535	0.00228				
0.51975	1.70555	0.00227				
0.51901	1.70575	0.00226				
0.51827	1.70595	0.00225				
0.51753	1.70616	0.00224				
0.51679	1.70636	0.00223				
0.51604	1.70656	0.00222				
0.5153	1.70677	0.00221				
0.51456	1.70698	0.0022				
0.51382	1.70718	0.00219				
0.51308	1.70738	0.00218				
0.51234	1.70759	0.00217				
0.5116	1.7078	0.00216				
0.51086	1.70801	0.00216				
0.51012	1.70822	0.00215				
0.50937	1.70843	0.00213				
0.50863	1.70864	0.00213				
0.50789	1.70885	0.00212				
0.50715	1.70906	0.0021				
0.50641	1.70927	0.00209				
0.50567	1.70949	0.00208				
0.50492	1.7097	0.00208				
0.50418	1.70992	0.00207				
0.50344	1.71013	0.00206				
0.5027	1.71035	0.00205				
0.50196	1.71057	0.00204				
0.50121	1.71078	0.00203				
0.50047	1.711	0.00202				
0.49973	1.71122	0.00201				
0.49898	1.71144	0.002				
0.49824	1.71166	0.002				
0.4975	1.71188	0.00199				
0.49676	1.71211	0.00198				
0.49601	1.71233	0.00197				
0.49527	1.71255	0.00196				
0.49453	1.71278	0.00195				
0.49378	1.713	0.00195				
0.49304	1.71323	0.00194				
0.4923	1.71346	0.00193				
0.49155	1.71368	0.00192				
0.49081	1.71391	0.00192				
0.49007	1.71414	0.00191				
0.48932	1.71437	0.0019				
0.48858	1.7146	0.0019				
0.48783	1.71484	0.00189				
0.48709	1.71507	0.00188				
0.48635	1.7153	0.00187				
0.4856	1.71554	0.00187				
0.48486	1.71577	0.00187				
0.48411	1.71601	0.00186				
0.48337	1.71624	0.00186				
0.48262	1.71648	0.00185				
0.48188	1.71672	0.00185				
0.48113	1.71696	0.00185				
0.48039	1.7172	0.00184				
0.47964	1.71744	0.00184				
0.4789	1.71768	0.00184				
0.47815	1.71793	0.00183				
0.47741	1.71817	0.00183				
0.47666	1.71842	0.00183				
0.47592	1.71866	0.00183				
0.47517	1.71891	0.00183				
0.47443	1.71916	0.00183				
0.47368	1.71941	0.00184				
0.47294	1.71966	0.00183				
0.47219	1.71991	0.00183				
0.47144	1.72016	0.00184				
0.4707	1.72041	0.00184				
0.46995	1.72066	0.00185				
0.46921	1.72092	0.00185				
0.46846	1.72117	0.00186				
0.46771	1.72143	0.00187				
0.46697	1.72169	0.00187				
0.46622	1.72194	0.00188				
0.46547	1.7222	0.00189				
0.46473	1.72246	0.00189				
0.46398	1.72272	0.00191				
0.46323	1.72299	0.00192				
0.46249	1.72325	0.00193				
0.46174	1.72352	0.00194				
0.46099	1.72378	0.00195				
0.46025	1.72405	0.00196				
0.4595	1.72431	0.00198				
0.45875	1.72458	0.00199				
0.458	1.72485	0.00201				
0.45726	1.72512	0.00203				
0.45651	1.72539	0.00205				
0.45576	1.72567	0.00206				
0.45501	1.72594	0.00209				
0.45426	1.72621	0.0021				
0.45352	1.72649	0.00212				
0.45277	1.72677	0.00215				
0.45202	1.72705	0.00217				
0.45127	1.72732	0.00219				
0.45052	1.7276	0.00221				
0.44977	1.72789	0.00224				
0.44903	1.72817	0.00227				
0.44828	1.72845	0.00229				
0.44753	1.72874	0.00232				
0.44678	1.72903	0.00235				
0.44603	1.72931	0.00237				
0.44528	1.7296	0.0024				
0.44453	1.72989	0.00243				
0.44378	1.73018	0.00247				
0.44304	1.73047	0.0025				
0.44229	1.73076	0.00253				
0.44154	1.73106	0.00257				
0.44079	1.73136	0.0026				
0.44004	1.73165	0.00264				
0.43929	1.73195	0.00268				
0.43854	1.73225	0.00271				
0.43779	1.73255	0.00275				
0.43704	1.73285	0.00279				
0.43629	1.73316	0.00283				
0.43554	1.73346	0.00287				
0.43479	1.73377	0.00291				
0.43404	1.73407	0.00296				
0.43329	1.73438	0.003				
0.43254	1.73469	0.00304				
0.43179	1.735	0.00308				
0.43104	1.73531	0.00313				
0.43029	1.73563	0.00318				
0.42953	1.73594	0.00322				
0.42878	1.73626	0.00327				
0.42803	1.73658	0.00332				
0.42728	1.73689	0.00337				
0.42653	1.73722	0.00342				
0.42578	1.73754	0.00347				
0.42503	1.73786	0.00352				
0.42428	1.73819	0.00357				
0.42352	1.73851	0.00363				
0.42277	1.73884	0.00368				
0.42202	1.73917	0.00374				
0.42127	1.7395	0.00379				
0.42052	1.73983	0.00385				
0.41977	1.74016	0.0039				
0.41901	1.7405	0.00396				
0.41826	1.74084	0.00402				
0.41751	1.74118	0.00408				
0.41676	1.74152	0.00414				
0.41601	1.74186	0.00421				
0.41525	1.7422	0.00427				
0.4145	1.74254	0.00433				
0.41375	1.74289	0.0044				
0.413	1.74323	0.00446				
0.41224	1.74358	0.00453				
0.41149	1.74393	0.00459				
0.41074	1.74429	0.00466				
0.40998	1.74464	0.00472				
0.40923	1.74499	0.00479				
0.40848	1.74535	0.00487				
0.40772	1.74571	0.00493				
0.40697	1.74607	0.00501				
0.40622	1.74643	0.00508				
0.40546	1.74679	0.00515				
0.40471	1.74716	0.00523				
0.40396	1.74753	0.0053				
0.4032	1.7479	0.00538				
0.40245	1.74827	0.00545				
0.40169	1.74864	0.00553				
0.40094	1.74901	0.0056				
0.40019	1.74939	0.00569				