Reference:	"Baratta and Palumbo (1998)"
DOI:	"doi:https://doi.org/10.1364/JOSAA.15.003076"
Sample Type:	"Ice"
Composition:	"CO2 (1)"
Temperature:	"12.5K"
OCdb page:	"https://ocdb.smce.nasa.gov/dataset/2"
n₁ Error Units:	Not Applicable
k₁ Error Units:	Not Applicable

"Wavenumber (cm⁻¹)"	"n₁"	"Dn₁  (+/-)"		"Wavenumber (cm⁻¹)"	"k₁"	"Dk₁  (+/-)"	
500	1.330956			500	0.009657		
501	1.330956			501	0.000566		
502	1.336803			502	0.011215		
503	1.319856			503	0.029979		
504	1.31074			504	0		
505	1.320612			505	0		
506	1.323742			506	0		
507	1.325962			507	0		
508	1.328007			508	0		
509	1.330279			509	0		
510	1.333987			510	0		
511	1.335812			511	0.004806		
512	1.337229			512	0.004086		
513	1.343456			513	0.006186		
514	1.344717			514	0.020593		
515	1.330912			515	0.032666		
516	1.315405			516	0.021507		
517	1.319568			517	0		
518	1.335541			518	0		
519	1.341086			519	0.014132		
520	1.336218			520	0.020571		
521	1.333349			521	0.019426		
522	1.331837			522	0.023178		
523	1.327481			523	0.024928		
524	1.322298			524	0.024021		
525	1.318187			525	0.019276		
526	1.319665			526	0.010527		
527	1.329194			527	0.005886		
528	1.339193			528	0.014842		
529	1.3365			529	0.033815		
530	1.31469			530	0.046076		
531	1.295664			531	0.02468		
532	1.301646			532	0		
533	1.3141			533	0		
534	1.319676			534	0		
535	1.326763			535	0		
536	1.323054			536	0.014193		
537	1.318818			537	0.000312		
538	1.324573			538	0		
539	1.327484			539	0		
540	1.330086			540	0		
541	1.333117			541	0		
542	1.33911			542	0		
543	1.342546			543	0.010237		
544	1.337669			544	0.018773		
545	1.325971			545	0.022606		
546	1.318669			546	0.009526		
547	1.323182			547	0		
548	1.328956			548	0		
549	1.331765			549	0		
550	1.334			550	0		
551	1.336158			551	0		
552	1.338835			552	0		
553	1.344455			553	0.000637		
554	1.340733			554	0.015148		
555	1.332286			555	0.007214		
556	1.334535			556	0		
557	1.338649			557	0		
558	1.340755			558	0		
559	1.342498			559	0		
560	1.344125			560	0		
561	1.345742			561	0		
562	1.347422			562	0		
563	1.34926			563	0		
564	1.351466			564	0		
565	1.355633			565	0		
566	1.354542			566	0.008088		
567	1.353776			567	0.000983		
568	1.358478			568	0.002588		
569	1.36023			569	0.004549		
570	1.36631			570	0.001471		
571	1.374476			571	0.011283		
572	1.371825			572	0.02745		
573	1.360366			573	0.034592		
574	1.347324			574	0.034576		
575	1.333103			575	0.027619		
576	1.335485			576	0		
577	1.349506			577	0		
578	1.361552			578	0		
579	1.353556			579	0.025826		
580	1.344976			580	0		
581	1.354574			581	0		
582	1.358464			582	0		
583	1.361797			583	0		
584	1.363876			584	0.001366		
585	1.365936			585	0		
586	1.369221			586	0		
587	1.373707			587	0		
588	1.377506			588	0.004981		
589	1.372482			589	0.013029		
590	1.369705			590	0.002047		
591	1.375395			591	0		
592	1.379926			592	0		
593	1.384171			593	0		
594	1.389433			594	0		
595	1.399286			595	0		
596	1.411003			596	0.012269		
597	1.407487			597	0.039821		
598	1.376086			598	0.058151		
599	1.354259			599	0.02291		
600	1.365099			600	0		
601	1.378485			601	0		
602	1.384703			602	0		
603	1.389421			603	0		
604	1.393579			604	0		
605	1.397601			605	0		
606	1.401897			606	0		
607	1.408204			607	0		
608	1.413589			608	0.006873		
609	1.407113			609	0.017944		
610	1.402373			610	0.004524		
611	1.40906			611	0		
612	1.414969			612	0		
613	1.419373			613	0		
614	1.423509			614	0		
615	1.427602			615	0		
616	1.431744			616	0		
617	1.435988			617	0		
618	1.440373			618	0		
619	1.444948			619	0		
620	1.449987			620	0.000102		
621	1.454636			621	5.2E-5		
622	1.459527			622	1.3E-5		
623	1.465738			623	4.0E-6		
624	1.471402			624	5.0E-6		
625	1.477267			625	1.4E-5		
626	1.484029			626	6.0E-6		
627	1.492385			627	0.000174		
628	1.503064			628	0.000979		
629	1.506611			629	0.012441		
630	1.506413			630	0.007728		
631	1.515491			631	0.000127		
632	1.528016			632	0.000156		
633	1.540491			633	0.001071		
634	1.55024			634	0.005977		
635	1.559225			635	0.003694		
636	1.575866			636	0.000514		
637	1.595654			637	0.006214		
638	1.608989			638	0.021168		
639	1.612364			639	0.030174		
640	1.615307			640	0.026819		
641	1.62866			641	0.014577		
642	1.654021			642	0.005595		
643	1.683774			643	0.009075		
644	1.707888			644	0.016863		
645	1.731078			645	0.014755		
646	1.76453			646	0.00833		
647	1.810707			647	0.001413		
648	1.8695			648	0.002557		
649	1.944045			649	0.004921		
650	2.043835			650	0.021539		
651	2.169384			651	0.068246		
652	2.328179			652	0.160425		
653	2.490347			653	0.374574		
654	2.51242			654	0.759318		
655	2.251595			655	1.12789		
656	1.886784			656	1.111141		
657	1.796861			657	0.8185		
658	1.990114			658	0.750373		
659	2.148713			659	0.996835		
660	2.07619			660	1.348002		
661	1.827505			661	1.560675		
662	1.552896			662	1.621569		
663	1.32899			663	1.596996		
664	1.131616			664	1.575721		
665	0.967228			665	1.484882		
666	0.824962			666	1.436241		
667	0.678068			667	1.341101		
668	0.57034			668	1.217037		
669	0.48705			669	1.114693		
670	0.413214			670	1.000776		
671	0.347512			671	0.891328		
672	0.290583			672	0.754329		
673	0.267579			673	0.598683		
674	0.277207			674	0.456629		
675	0.304651			675	0.332834		
676	0.348224			676	0.231645		
677	0.411058			677	0.155379		
678	0.487496			678	0.078438		
679	0.575534			679	0.02063		
680	0.657886			680	3.0E-6		
681	0.71868			681	5.0E-6		
682	0.762415			682	0.000161		
683	0.79859			683	0.00021		
684	0.827873			684	4.0E-6		
685	0.85334			685	8.0E-6		
686	0.875882			686	9.0E-6		
687	0.896072			687	0.000194		
688	0.913867			688	0.001788		
689	0.930897			689	0.000524		
690	0.94533			690	8.0E-6		
691	0.958803			691	0.000224		
692	0.9709			692	8.0E-6		
693	0.982581			693	1.0E-6		
694	0.99335			694	1.0E-6		
695	1.003713			695	8.0E-6		
696	1.015134			696	6.0E-6		
697	1.026498			697	0.004936		
698	1.024353			698	0.018433		
699	1.034526			699	4.2E-5		
700	1.036869			700	0		
701	1.046065			701	0		
702	1.052632			702	0.003908		
703	1.055395			703	0.00506		
704	1.059338			704	0.001714		
705	1.065751			705	0		
706	1.071936			706	0		
707	1.077386			707	0		
708	1.082676			708	0		
709	1.08869			709	0		
710	1.093008			710	0.003652		
711	1.093747			711	0.004913		
712	1.09716			712	0		
713	1.103658			713	0		
714	1.11028			714	0.00024		
715	1.117743			715	0.003799		
716	1.120797			716	0.013647		
717	1.11529			717	0.021742		
718	1.106352			718	0.019539		
719	1.104534			719	0.007858		
720	1.110328			720	0.001583		
721	1.116632			721	0		
722	1.121463			722	0		
723	1.125538			723	0		
724	1.13099			724	0		
725	1.132499			725	0.007317		
726	1.12895			726	0.007098		
727	1.1298			727	0.000961		
728	1.134029			728	0		
729	1.137082			729	0		
730	1.139535			730	0		
731	1.141755			731	0		
732	1.143828			732	0		
733	1.145792			733	0		
734	1.147667			734	0		
735	1.149466			735	0		
736	1.151199			736	0		
737	1.152871			737	0		
738	1.154488			738	0		
739	1.156054			739	0		
740	1.157573			740	0		
741	1.159047			741	0		
742	1.16048			742	0		
743	1.161874			743	0		
744	1.163231			744	0		
745	1.164554			745	0		
746	1.165843			746	0		
747	1.167102			747	0		
748	1.168331			748	0		
749	1.169533			749	0		
750	1.17071			750	0		
751	1.171864			751	0		
752	1.172997			752	0		
753	1.174112			753	0		
754	1.175214			754	0		
755	1.176307			755	0		
756	1.177401			756	0		
757	1.178512			757	0		
758	1.179673			758	0		
759	1.180977			759	0		
760	1.183038			760	0		
761	1.184525			761	0.002615		
762	1.18263			762	0.005652		
763	1.180339			763	0.003143		
764	1.181516			764	0		
765	1.183622			765	0		
766	1.184834			766	0		
767	1.185858			767	0		
768	1.186796			768	0		
769	1.187684			769	0		
770	1.188542			770	0		
771	1.189381			771	0		
772	1.190212			772	0		
773	1.191054			773	0		
774	1.192012			774	0		
775	1.192726			775	0.000477		
776	1.193184			776	0.000402		
777	1.194058			777	0		
778	1.195323			778	0		
779	1.197747			779	0		
780	1.197441			780	0.00518		
781	1.19382			781	0.00464		
782	1.193922			782	0		
783	1.196276			783	0		
784	1.19759			784	0		
785	1.199403			785	0		
786	1.199951			786	0.002677		
787	1.199005			787	0.00296		
788	1.197959			788	0.002993		
789	1.19795			789	0.000703		
790	1.199372			790	0		
791	1.200599			791	0		
792	1.201982			792	0		
793	1.202623			793	0.001741		
794	1.201239			794	0.002762		
795	1.201077			795	0		
796	1.202496			796	0		
797	1.203269			797	0		
798	1.204082			798	0		
799	1.204312			799	0.000734		
800	1.204513			800	0		
801	1.205216			801	0		
802	1.205742			802	0		
803	1.206233			803	0		
804	1.206703			804	0		
805	1.207158			805	0		
806	1.207601			806	0		
807	1.208035			807	0		
808	1.208459			808	0		
809	1.208876			809	0		
810	1.209285			810	0		
811	1.209686			811	0		
812	1.210081			812	0		
813	1.21047			813	0		
814	1.210853			814	0		
815	1.211229			815	0		
816	1.2116			816	0		
817	1.211966			817	0		
818	1.212327			818	0		
819	1.212682			819	0		
820	1.213033			820	0		
821	1.213379			821	0		
822	1.21372			822	0		
823	1.214056			823	0		
824	1.214389			824	0		
825	1.214717			825	0		
826	1.215042			826	0		
827	1.215361			827	0		
828	1.215678			828	0		
829	1.215991			829	0		
830	1.216299			830	0		
831	1.216605			831	0		
832	1.216907			832	0		
833	1.217206			833	0		
834	1.217502			834	0		
835	1.217795			835	0		
836	1.218086			836	0		
837	1.218375			837	0		
838	1.218662			838	0		
839	1.218948			839	0		
840	1.219235			840	0		
841	1.219525			841	0		
842	1.219826			842	0		
843	1.220202			843	0		
844	1.22037			844	0.000322		
845	1.220544			845	6.5E-5		
846	1.220845			846	0.000201		
847	1.221033			847	0.000152		
848	1.221394			848	0		
849	1.22214			849	0		
850	1.222076			850	0.001368		
851	1.221387			851	0.000951		
852	1.221454			852	0.000304		
853	1.221902			853	0		
854	1.222314			854	0		
855	1.222614			855	0		
856	1.222883			856	0		
857	1.223136			857	0		
858	1.223379			858	0		
859	1.223615			859	0		
860	1.223846			860	0		
861	1.224072			861	0		
862	1.224295			862	0		
863	1.224514			863	0		
864	1.224729			864	0		
865	1.224943			865	0		
866	1.225153			866	0		
867	1.225361			867	0		
868	1.225566			868	0		
869	1.225769			869	0		
870	1.225971			870	0		
871	1.226169			871	0		
872	1.226366			872	0		
873	1.226561			873	0		
874	1.226754			874	0		
875	1.226945			875	0		
876	1.227134			876	0		
877	1.227321			877	0		
878	1.227507			878	0		
879	1.227691			879	0		
880	1.227873			880	0		
881	1.228053			881	0		
882	1.228232			882	0		
883	1.228409			883	0		
884	1.228585			884	0		
885	1.228759			885	0		
886	1.228932			886	0		
887	1.229103			887	0		
888	1.229273			888	0		
889	1.229442			889	0		
890	1.229609			890	0		
891	1.229775			891	0		
892	1.229939			892	0		
893	1.230103			893	0		
894	1.230265			894	0		
895	1.230426			895	0		
896	1.230586			896	0		
897	1.230745			897	0		
898	1.230903			898	0		
899	1.23106			899	0		
900	1.231216			900	0		
901	1.231372			901	0		
902	1.231527			902	0		
903	1.231682			903	0		
904	1.231837			904	0		
905	1.231992			905	0		
906	1.232148			906	0		
907	1.232305			907	0		
908	1.232464			908	0		
909	1.232628			909	0		
910	1.232797			910	0		
911	1.232977			911	0		
912	1.233176			912	0		
913	1.233415			913	0		
914	1.233758			914	0		
915	1.234796			915	0		
916	1.233867			916	0.003067		
917	1.23218			917	0.001051		
918	1.232691			918	0		
919	1.233289			919	0		
920	1.233564			920	0		
921	1.233772			921	0		
922	1.23395			922	0		
923	1.234111			923	0		
924	1.234262			924	0		
925	1.234406			925	0		
926	1.234546			926	0		
927	1.234681			927	0		
928	1.234814			928	0		
929	1.234944			929	0		
930	1.235071			930	0		
931	1.235197			931	0		
932	1.235321			932	0		
933	1.235443			933	0		
934	1.235565			934	0		
935	1.235685			935	0		
936	1.235803			936	0		
937	1.235921			937	0		
938	1.236037			938	0		
939	1.236152			939	0		
940	1.236267			940	0		
941	1.23638			941	0		
942	1.236493			942	0		
943	1.236604			943	0		
944	1.236715			944	0		
945	1.236825			945	0		
946	1.236934			946	0		
947	1.237041			947	0		
948	1.237149			948	0		
949	1.237255			949	0		
950	1.237361			950	0		
951	1.237466			951	0		
952	1.23757			952	0		
953	1.237674			953	0		
954	1.237777			954	0		
955	1.237879			955	0		
956	1.23798			956	0		
957	1.238081			957	0		
958	1.238181			958	0		
959	1.23828			959	0		
960	1.238379			960	0		
961	1.238477			961	0		
962	1.238574			962	0		
963	1.238671			963	0		
964	1.238767			964	0		
965	1.238863			965	0		
966	1.238958			966	0		
967	1.239052			967	0		
968	1.239146			968	0		
969	1.239239			969	0		
970	1.239331			970	0		
971	1.239423			971	0		
972	1.239515			972	0		
973	1.239605			973	0		
974	1.239696			974	0		
975	1.239785			975	0		
976	1.239875			976	0		
977	1.239963			977	0		
978	1.240051			978	0		
979	1.240139			979	0		
980	1.240226			980	0		
981	1.240312			981	0		
982	1.240398			982	0		
983	1.240484			983	0		
984	1.240569			984	0		
985	1.240653			985	0		
986	1.240738			986	0		
987	1.240821			987	0		
988	1.240904			988	0		
989	1.240987			989	0		
990	1.241069			990	0		
991	1.24115			991	0		
992	1.241232			992	0		
993	1.241313			993	0		
994	1.241393			994	0		
995	1.241472			995	0		
996	1.241552			996	0		
997	1.241631			997	0		
998	1.241709			998	0		
999	1.241788			999	0		
1000	1.241865			1000	0		
1001	1.241943			1001	0		
1002	1.242019			1002	0		
1003	1.242095			1003	0		
1004	1.242171			1004	0		
1005	1.242247			1005	0		
1006	1.242322			1006	0		
1007	1.242397			1007	0		
1008	1.242471			1008	0		
1009	1.242545			1009	0		
1010	1.242619			1010	0		
1011	1.242692			1011	0		
1012	1.242765			1012	0		
1013	1.242838			1013	0		
1014	1.24291			1014	0		
1015	1.242981			1015	0		
1016	1.243053			1016	0		
1017	1.243124			1017	0		
1018	1.243194			1018	0		
1019	1.243265			1019	0		
1020	1.243335			1020	0		
1021	1.243404			1021	0		
1022	1.243473			1022	0		
1023	1.243543			1023	0		
1024	1.243611			1024	0		
1025	1.243679			1025	0		
1026	1.243747			1026	0		
1027	1.243815			1027	0		
1028	1.243882			1028	0		
1029	1.243949			1029	0		
1030	1.244015			1030	0		
1031	1.244081			1031	0		
1032	1.244148			1032	0		
1033	1.244213			1033	0		
1034	1.244278			1034	0		
1035	1.244343			1035	0		
1036	1.244408			1036	0		
1037	1.244472			1037	0		
1038	1.244536			1038	0		
1039	1.2446			1039	0		
1040	1.244664			1040	0		
1041	1.244727			1041	0		
1042	1.24479			1042	0		
1043	1.244852			1043	0		
1044	1.244915			1044	0		
1045	1.244977			1045	0		
1046	1.245039			1046	0		
1047	1.2451			1047	0		
1048	1.245161			1048	0		
1049	1.245222			1049	0		
1050	1.245283			1050	0		
1051	1.245343			1051	0		
1052	1.245403			1052	0		
1053	1.245463			1053	0		
1054	1.245523			1054	0		
1055	1.245582			1055	0		
1056	1.245641			1056	0		
1057	1.2457			1057	0		
1058	1.245759			1058	0		
1059	1.245817			1059	0		
1060	1.245875			1060	0		
1061	1.245933			1061	0		
1062	1.24599			1062	0		
1063	1.246048			1063	0		
1064	1.246105			1064	0		
1065	1.246162			1065	0		
1066	1.246218			1066	0		
1067	1.246275			1067	0		
1068	1.246331			1068	0		
1069	1.246387			1069	0		
1070	1.246443			1070	0		
1071	1.246498			1071	0		
1072	1.246553			1072	0		
1073	1.246608			1073	0		
1074	1.246663			1074	0		
1075	1.246717			1075	0		
1076	1.246772			1076	0		
1077	1.246826			1077	0		
1078	1.24688			1078	0		
1079	1.246934			1079	0		
1080	1.246987			1080	0		
1081	1.24704			1081	0		
1082	1.247093			1082	0		
1083	1.247146			1083	0		
1084	1.247199			1084	0		
1085	1.247251			1085	0		
1086	1.247303			1086	0		
1087	1.247355			1087	0		
1088	1.247407			1088	0		
1089	1.247459			1089	0		
1090	1.24751			1090	0		
1091	1.247562			1091	0		
1092	1.247613			1092	0		
1093	1.247663			1093	0		
1094	1.247714			1094	0		
1095	1.247765			1095	0		
1096	1.247815			1096	0		
1097	1.247865			1097	0		
1098	1.247915			1098	0		
1099	1.247965			1099	0		
1100	1.248015			1100	0		
1101	1.248064			1101	0		
1102	1.248113			1102	0		
1103	1.248162			1103	0		
1104	1.248211			1104	0		
1105	1.24826			1105	0		
1106	1.248308			1106	0		
1107	1.248356			1107	0		
1108	1.248405			1108	0		
1109	1.248453			1109	0		
1110	1.248501			1110	0		
1111	1.248548			1111	0		
1112	1.248596			1112	0		
1113	1.248643			1113	0		
1114	1.24869			1114	0		
1115	1.248737			1115	0		
1116	1.248784			1116	0		
1117	1.248831			1117	0		
1118	1.248877			1118	0		
1119	1.248924			1119	0		
1120	1.24897			1120	0		
1121	1.249016			1121	0		
1122	1.249062			1122	0		
1123	1.249108			1123	0		
1124	1.249153			1124	0		
1125	1.249199			1125	0		
1126	1.249244			1126	0		
1127	1.249289			1127	0		
1128	1.249335			1128	0		
1129	1.249379			1129	0		
1130	1.249424			1130	0		
1131	1.249469			1131	0		
1132	1.249513			1132	0		
1133	1.249557			1133	0		
1134	1.249602			1134	0		
1135	1.249646			1135	0		
1136	1.249689			1136	0		
1137	1.249733			1137	0		
1138	1.249777			1138	0		
1139	1.249821			1139	0		
1140	1.249864			1140	0		
1141	1.249907			1141	0		
1142	1.24995			1142	0		
1143	1.249993			1143	0		
1144	1.250036			1144	0		
1145	1.250079			1145	0		
1146	1.250121			1146	0		
1147	1.250164			1147	0		
1148	1.250206			1148	0		
1149	1.250248			1149	0		
1150	1.250291			1150	0		
1151	1.250333			1151	0		
1152	1.250375			1152	0		
1153	1.250416			1153	0		
1154	1.250458			1154	0		
1155	1.250499			1155	0		
1156	1.250541			1156	0		
1157	1.250582			1157	0		
1158	1.250623			1158	0		
1159	1.250664			1159	0		
1160	1.250705			1160	0		
1161	1.250746			1161	0		
1162	1.250786			1162	0		
1163	1.250827			1163	0		
1164	1.250867			1164	0		
1165	1.250908			1165	0		
1166	1.250948			1166	0		
1167	1.250988			1167	0		
1168	1.251028			1168	0		
1169	1.251068			1169	0		
1170	1.251108			1170	0		
1171	1.251148			1171	0		
1172	1.251187			1172	0		
1173	1.251227			1173	0		
1174	1.251266			1174	0		
1175	1.251306			1175	0		
1176	1.251345			1176	0		
1177	1.251384			1177	0		
1178	1.251423			1178	0		
1179	1.251462			1179	0		
1180	1.2515			1180	0		
1181	1.251539			1181	0		
1182	1.251578			1182	0		
1183	1.251616			1183	0		
1184	1.251655			1184	0		
1185	1.251693			1185	0		
1186	1.251731			1186	0		
1187	1.251769			1187	0		
1188	1.251807			1188	0		
1189	1.251846			1189	0		
1190	1.251883			1190	0		
1191	1.251921			1191	0		
1192	1.251959			1192	0		
1193	1.251996			1193	0		
1194	1.252034			1194	0		
1195	1.252071			1195	0		
1196	1.252108			1196	0		
1197	1.252146			1197	0		
1198	1.252183			1198	0		
1199	1.25222			1199	0		
1200	1.252257			1200	0		
1201	1.252294			1201	0		
1202	1.252331			1202	0		
1203	1.252367			1203	0		
1204	1.252404			1204	0		
1205	1.252441			1205	0		
1206	1.252477			1206	0		
1207	1.252514			1207	0		
1208	1.25255			1208	0		
1209	1.252586			1209	0		
1210	1.252622			1210	0		
1211	1.252658			1211	0		
1212	1.252694			1212	0		
1213	1.25273			1213	0		
1214	1.252766			1214	0		
1215	1.252802			1215	0		
1216	1.252838			1216	0		
1217	1.252873			1217	0		
1218	1.252909			1218	0		
1219	1.252945			1219	0		
1220	1.25298			1220	0		
1221	1.253016			1221	0		
1222	1.253051			1222	0		
1223	1.253086			1223	0		
1224	1.253121			1224	0		
1225	1.253156			1225	0		
1226	1.253191			1226	0		
1227	1.253226			1227	0		
1228	1.253261			1228	0		
1229	1.253296			1229	0		
1230	1.253331			1230	0		
1231	1.253365			1231	0		
1232	1.2534			1232	0		
1233	1.253435			1233	0		
1234	1.253469			1234	0		
1235	1.253503			1235	0		
1236	1.253538			1236	0		
1237	1.253572			1237	0		
1238	1.253606			1238	0		
1239	1.25364			1239	0		
1240	1.253674			1240	0		
1241	1.253708			1241	0		
1242	1.253743			1242	0		
1243	1.253776			1243	0		
1244	1.25381			1244	0		
1245	1.253844			1245	0		
1246	1.253878			1246	0		
1247	1.253911			1247	0		
1248	1.253945			1248	0		
1249	1.253979			1249	0		
1250	1.254012			1250	0		
1251	1.254046			1251	0		
1252	1.254079			1252	0		
1253	1.254112			1253	0		
1254	1.254146			1254	0		
1255	1.254179			1255	0		
1256	1.254212			1256	0		
1257	1.254245			1257	0		
1258	1.254278			1258	0		
1259	1.254312			1259	0		
1260	1.254345			1260	0		
1261	1.254377			1261	0		
1262	1.25441			1262	0		
1263	1.254443			1263	0		
1264	1.254476			1264	0		
1265	1.254509			1265	0		
1266	1.254541			1266	0		
1267	1.254574			1267	0		
1268	1.254607			1268	0		
1269	1.254639			1269	0		
1270	1.254672			1270	0		
1271	1.254704			1271	0		
1272	1.254737			1272	0		
1273	1.254769			1273	0		
1274	1.254801			1274	0		
1275	1.254834			1275	0		
1276	1.254866			1276	0		
1277	1.254898			1277	0		
1278	1.25493			1278	0		
1279	1.254962			1279	0		
1280	1.254994			1280	0		
1281	1.255026			1281	0		
1282	1.255058			1282	0		
1283	1.25509			1283	0		
1284	1.255122			1284	0		
1285	1.255154			1285	0		
1286	1.255186			1286	0		
1287	1.255218			1287	0		
1288	1.255249			1288	0		
1289	1.255281			1289	0		
1290	1.255313			1290	0		
1291	1.255344			1291	0		
1292	1.255376			1292	0		
1293	1.255407			1293	0		
1294	1.255439			1294	0		
1295	1.25547			1295	0		
1296	1.255502			1296	0		
1297	1.255533			1297	0		
1298	1.255564			1298	0		
1299	1.255596			1299	0		
1300	1.255627			1300	0		
1301	1.255658			1301	0		
1302	1.255689			1302	0		
1303	1.255721			1303	0		
1304	1.255752			1304	0		
1305	1.255783			1305	0		
1306	1.255814			1306	0		
1307	1.255845			1307	0		
1308	1.255876			1308	0		
1309	1.255907			1309	0		
1310	1.255938			1310	0		
1311	1.255969			1311	0		
1312	1.256			1312	0		
1313	1.256031			1313	0		
1314	1.256061			1314	0		
1315	1.256092			1315	0		
1316	1.256123			1316	0		
1317	1.256154			1317	0		
1318	1.256184			1318	0		
1319	1.256215			1319	0		
1320	1.256246			1320	0		
1321	1.256276			1321	0		
1322	1.256307			1322	0		
1323	1.256338			1323	0		
1324	1.256368			1324	0		
1325	1.256399			1325	0		
1326	1.256429			1326	0		
1327	1.25646			1327	0		
1328	1.25649			1328	0		
1329	1.256521			1329	0		
1330	1.256551			1330	0		
1331	1.256581			1331	0		
1332	1.256612			1332	0		
1333	1.256642			1333	0		
1334	1.256672			1334	0		
1335	1.256703			1335	0		
1336	1.256733			1336	0		
1337	1.256763			1337	0		
1338	1.256793			1338	0		
1339	1.256824			1339	0		
1340	1.256854			1340	0		
1341	1.256884			1341	0		
1342	1.256914			1342	0		
1343	1.256944			1343	0		
1344	1.256974			1344	0		
1345	1.257004			1345	0		
1346	1.257034			1346	0		
1347	1.257064			1347	0		
1348	1.257094			1348	0		
1349	1.257124			1349	0		
1350	1.257154			1350	0		
1351	1.257184			1351	0		
1352	1.257214			1352	0		
1353	1.257244			1353	0		
1354	1.257274			1354	0		
1355	1.257304			1355	0		
1356	1.257334			1356	0		
1357	1.257364			1357	0		
1358	1.257394			1358	0		
1359	1.257423			1359	0		
1360	1.257453			1360	0		
1361	1.257483			1361	0		
1362	1.257513			1362	0		
1363	1.257543			1363	0		
1364	1.257572			1364	0		
1365	1.257602			1365	0		
1366	1.257632			1366	0		
1367	1.257661			1367	0		
1368	1.257691			1368	0		
1369	1.257721			1369	0		
1370	1.257751			1370	0		
1371	1.25778			1371	0		
1372	1.25781			1372	0		
1373	1.25784			1373	0		
1374	1.257869			1374	0		
1375	1.257899			1375	0		
1376	1.257929			1376	0		
1377	1.257958			1377	0		
1378	1.257988			1378	0		
1379	1.258017			1379	0		
1380	1.258047			1380	0		
1381	1.258077			1381	0		
1382	1.258106			1382	0		
1383	1.258136			1383	0		
1384	1.258165			1384	0		
1385	1.258195			1385	0		
1386	1.258225			1386	0		
1387	1.258254			1387	0		
1388	1.258283			1388	0		
1389	1.258313			1389	0		
1390	1.258343			1390	0		
1391	1.258372			1391	0		
1392	1.258401			1392	0		
1393	1.258431			1393	0		
1394	1.25846			1394	0		
1395	1.25849			1395	0		
1396	1.258519			1396	0		
1397	1.258549			1397	0		
1398	1.258578			1398	0		
1399	1.258608			1399	0		
1400	1.258637			1400	0		
1401	1.258667			1401	0		
1402	1.258696			1402	0		
1403	1.258726			1403	0		
1404	1.258755			1404	0		
1405	1.258785			1405	0		
1406	1.258814			1406	0		
1407	1.258844			1407	0		
1408	1.258873			1408	0		
1409	1.258903			1409	0		
1410	1.258932			1410	0		
1411	1.258961			1411	0		
1412	1.258991			1412	0		
1413	1.25902			1413	0		
1414	1.25905			1414	0		
1415	1.259079			1415	0		
1416	1.259109			1416	0		
1417	1.259138			1417	0		
1418	1.259168			1418	0		
1419	1.259197			1419	0		
1420	1.259227			1420	0		
1421	1.259256			1421	0		
1422	1.259286			1422	0		
1423	1.259315			1423	0		
1424	1.259345			1424	0		
1425	1.259374			1425	0		
1426	1.259403			1426	0		
1427	1.259433			1427	0		
1428	1.259462			1428	0		
1429	1.259492			1429	0		
1430	1.259521			1430	0		
1431	1.259551			1431	0		
1432	1.25958			1432	0		
1433	1.25961			1433	0		
1434	1.25964			1434	0		
1435	1.259669			1435	0		
1436	1.259699			1436	0		
1437	1.259728			1437	0		
1438	1.259758			1438	0		
1439	1.259787			1439	0		
1440	1.259817			1440	0		
1441	1.259846			1441	0		
1442	1.259876			1442	0		
1443	1.259906			1443	0		
1444	1.259935			1444	0		
1445	1.259965			1445	0		
1446	1.259995			1446	0		
1447	1.260024			1447	0		
1448	1.260054			1448	0		
1449	1.260083			1449	0		
1450	1.260113			1450	0		
1451	1.260143			1451	0		
1452	1.260172			1452	0		
1453	1.260202			1453	0		
1454	1.260232			1454	0		
1455	1.260262			1455	0		
1456	1.260291			1456	0		
1457	1.260321			1457	0		
1458	1.260351			1458	0		
1459	1.260381			1459	0		
1460	1.26041			1460	0		
1461	1.26044			1461	0		
1462	1.26047			1462	0		
1463	1.2605			1463	0		
1464	1.26053			1464	0		
1465	1.260559			1465	0		
1466	1.260589			1466	0		
1467	1.260619			1467	0		
1468	1.260649			1468	0		
1469	1.260679			1469	0		
1470	1.260709			1470	0		
1471	1.260739			1471	0		
1472	1.260769			1472	0		
1473	1.260799			1473	0		
1474	1.260829			1474	0		
1475	1.260859			1475	0		
1476	1.260889			1476	0		
1477	1.260919			1477	0		
1478	1.260949			1478	0		
1479	1.260979			1479	0		
1480	1.261009			1480	0		
1481	1.261039			1481	0		
1482	1.26107			1482	0		
1483	1.2611			1483	0		
1484	1.26113			1484	0		
1485	1.26116			1485	0		
1486	1.26119			1486	0		
1487	1.261221			1487	0		
1488	1.261251			1488	0		
1489	1.261281			1489	0		
1490	1.261312			1490	0		
1491	1.261342			1491	0		
1492	1.261372			1492	0		
1493	1.261403			1493	0		
1494	1.261433			1494	0		
1495	1.261463			1495	0		
1496	1.261494			1496	0		
1497	1.261524			1497	0		
1498	1.261555			1498	0		
1499	1.261585			1499	0		
1500	1.261616			1500	0		
1501	1.261646			1501	0		
1502	1.261677			1502	0		
1503	1.261708			1503	0		
1504	1.261738			1504	0		
1505	1.261769			1505	0		
1506	1.2618			1506	0		
1507	1.26183			1507	0		
1508	1.261861			1508	0		
1509	1.261892			1509	0		
1510	1.261923			1510	0		
1511	1.261953			1511	0		
1512	1.261984			1512	0		
1513	1.262015			1513	0		
1514	1.262046			1514	0		
1515	1.262077			1515	0		
1516	1.262108			1516	0		
1517	1.262139			1517	0		
1518	1.26217			1518	0		
1519	1.262201			1519	0		
1520	1.262232			1520	0		
1521	1.262263			1521	0		
1522	1.262294			1522	0		
1523	1.262325			1523	0		
1524	1.262357			1524	0		
1525	1.262388			1525	0		
1526	1.262419			1526	0		
1527	1.26245			1527	0		
1528	1.262482			1528	0		
1529	1.262513			1529	0		
1530	1.262545			1530	0		
1531	1.262576			1531	0		
1532	1.262607			1532	0		
1533	1.262639			1533	0		
1534	1.26267			1534	0		
1535	1.262702			1535	0		
1536	1.262733			1536	0		
1537	1.262765			1537	0		
1538	1.262797			1538	0		
1539	1.262828			1539	0		
1540	1.26286			1540	0		
1541	1.262892			1541	0		
1542	1.262924			1542	0		
1543	1.262956			1543	0		
1544	1.262987			1544	0		
1545	1.263019			1545	0		
1546	1.263051			1546	0		
1547	1.263083			1547	0		
1548	1.263115			1548	0		
1549	1.263148			1549	0		
1550	1.263179			1550	0		
1551	1.263212			1551	0		
1552	1.263244			1552	0		
1553	1.263276			1553	0		
1554	1.263308			1554	0		
1555	1.263341			1555	0		
1556	1.263373			1556	0		
1557	1.263405			1557	0		
1558	1.263438			1558	0		
1559	1.26347			1559	0		
1560	1.263503			1560	0		
1561	1.263535			1561	0		
1562	1.263568			1562	0		
1563	1.2636			1563	0		
1564	1.263633			1564	0		
1565	1.263666			1565	0		
1566	1.263698			1566	0		
1567	1.263731			1567	0		
1568	1.263764			1568	0		
1569	1.263797			1569	0		
1570	1.26383			1570	0		
1571	1.263863			1571	0		
1572	1.263896			1572	0		
1573	1.263929			1573	0		
1574	1.263962			1574	0		
1575	1.263995			1575	0		
1576	1.264028			1576	0		
1577	1.264062			1577	0		
1578	1.264095			1578	0		
1579	1.264128			1579	0		
1580	1.264162			1580	0		
1581	1.264195			1581	0		
1582	1.264229			1582	0		
1583	1.264262			1583	0		
1584	1.264296			1584	0		
1585	1.264329			1585	0		
1586	1.264363			1586	0		
1587	1.264397			1587	0		
1588	1.264431			1588	0		
1589	1.264464			1589	0		
1590	1.264498			1590	0		
1591	1.264532			1591	0		
1592	1.264566			1592	0		
1593	1.2646			1593	0		
1594	1.264634			1594	0		
1595	1.264668			1595	0		
1596	1.264703			1596	0		
1597	1.264737			1597	0		
1598	1.264771			1598	0		
1599	1.264806			1599	0		
1600	1.26484			1600	0		
1601	1.264875			1601	0		
1602	1.264909			1602	0		
1603	1.264944			1603	0		
1604	1.264978			1604	0		
1605	1.265013			1605	0		
1606	1.265048			1606	0		
1607	1.265083			1607	0		
1608	1.265118			1608	0		
1609	1.265152			1609	0		
1610	1.265188			1610	0		
1611	1.265223			1611	0		
1612	1.265258			1612	0		
1613	1.265293			1613	0		
1614	1.265328			1614	0		
1615	1.265363			1615	0		
1616	1.265399			1616	0		
1617	1.265434			1617	0		
1618	1.265469			1618	0		
1619	1.265505			1619	0		
1620	1.265541			1620	0		
1621	1.265576			1621	0		
1622	1.265612			1622	0		
1623	1.265648			1623	0		
1624	1.265684			1624	0		
1625	1.26572			1625	0		
1626	1.265756			1626	0		
1627	1.265792			1627	0		
1628	1.265828			1628	0		
1629	1.265864			1629	0		
1630	1.2659			1630	0		
1631	1.265936			1631	0		
1632	1.265973			1632	0		
1633	1.266009			1633	0		
1634	1.266046			1634	0		
1635	1.266082			1635	0		
1636	1.266119			1636	0		
1637	1.266156			1637	0		
1638	1.266192			1638	0		
1639	1.266229			1639	0		
1640	1.266266			1640	0		
1641	1.266303			1641	0		
1642	1.26634			1642	0		
1643	1.266377			1643	0		
1644	1.266415			1644	0		
1645	1.266452			1645	0		
1646	1.266489			1646	0		
1647	1.266527			1647	0		
1648	1.266564			1648	0		
1649	1.266602			1649	0		
1650	1.266639			1650	0		
1651	1.266677			1651	0		
1652	1.266715			1652	0		
1653	1.266753			1653	0		
1654	1.266791			1654	0		
1655	1.266829			1655	0		
1656	1.266867			1656	0		
1657	1.266905			1657	0		
1658	1.266943			1658	0		
1659	1.266981			1659	0		
1660	1.26702			1660	0		
1661	1.267058			1661	0		
1662	1.267097			1662	0		
1663	1.267136			1663	0		
1664	1.267174			1664	0		
1665	1.267213			1665	0		
1666	1.267252			1666	0		
1667	1.267291			1667	0		
1668	1.26733			1668	0		
1669	1.267369			1669	0		
1670	1.267408			1670	0		
1671	1.267448			1671	0		
1672	1.267487			1672	0		
1673	1.267526			1673	0		
1674	1.267566			1674	0		
1675	1.267606			1675	0		
1676	1.267645			1676	0		
1677	1.267685			1677	0		
1678	1.267725			1678	0		
1679	1.267765			1679	0		
1680	1.267805			1680	0		
1681	1.267845			1681	0		
1682	1.267885			1682	0		
1683	1.267926			1683	0		
1684	1.267966			1684	0		
1685	1.268007			1685	0		
1686	1.268047			1686	0		
1687	1.268088			1687	0		
1688	1.268129			1688	0		
1689	1.26817			1689	0		
1690	1.268211			1690	0		
1691	1.268252			1691	0		
1692	1.268293			1692	0		
1693	1.268335			1693	0		
1694	1.268376			1694	0		
1695	1.268417			1695	0		
1696	1.268459			1696	0		
1697	1.2685			1697	0		
1698	1.268542			1698	0		
1699	1.268584			1699	0		
1700	1.268626			1700	0		
1701	1.268668			1701	0		
1702	1.26871			1702	0		
1703	1.268752			1703	0		
1704	1.268795			1704	0		
1705	1.268837			1705	0		
1706	1.26888			1706	0		
1707	1.268923			1707	0		
1708	1.268965			1708	0		
1709	1.269008			1709	0		
1710	1.269051			1710	0		
1711	1.269094			1711	0		
1712	1.269137			1712	0		
1713	1.26918			1713	0		
1714	1.269224			1714	0		
1715	1.269267			1715	0		
1716	1.269311			1716	0		
1717	1.269355			1717	0		
1718	1.269398			1718	0		
1719	1.269442			1719	0		
1720	1.269486			1720	0		
1721	1.269531			1721	0		
1722	1.269575			1722	0		
1723	1.269619			1723	0		
1724	1.269664			1724	0		
1725	1.269708			1725	0		
1726	1.269753			1726	0		
1727	1.269798			1727	0		
1728	1.269843			1728	0		
1729	1.269888			1729	0		
1730	1.269933			1730	0		
1731	1.269978			1731	0		
1732	1.270024			1732	0		
1733	1.270069			1733	0		
1734	1.270115			1734	0		
1735	1.270161			1735	0		
1736	1.270207			1736	0		
1737	1.270253			1737	0		
1738	1.270299			1738	0		
1739	1.270345			1739	0		
1740	1.270391			1740	0		
1741	1.270438			1741	0		
1742	1.270485			1742	0		
1743	1.270531			1743	0		
1744	1.270578			1744	0		
1745	1.270625			1745	0		
1746	1.270673			1746	0		
1747	1.27072			1747	0		
1748	1.270767			1748	0		
1749	1.270815			1749	0		
1750	1.270862			1750	0		
1751	1.27091			1751	0		
1752	1.270958			1752	0		
1753	1.271006			1753	0		
1754	1.271054			1754	0		
1755	1.271103			1755	0		
1756	1.271151			1756	0		
1757	1.2712			1757	0		
1758	1.271249			1758	0		
1759	1.271297			1759	0		
1760	1.271346			1760	0		
1761	1.271396			1761	0		
1762	1.271445			1762	0		
1763	1.271494			1763	0		
1764	1.271544			1764	0		
1765	1.271593			1765	0		
1766	1.271643			1766	0		
1767	1.271693			1767	0		
1768	1.271744			1768	0		
1769	1.271794			1769	0		
1770	1.271844			1770	0		
1771	1.271895			1771	0		
1772	1.271946			1772	0		
1773	1.271996			1773	0		
1774	1.272048			1774	0		
1775	1.272099			1775	0		
1776	1.27215			1776	0		
1777	1.272201			1777	0		
1778	1.272253			1778	0		
1779	1.272305			1779	0		
1780	1.272357			1780	0		
1781	1.272409			1781	0		
1782	1.272461			1782	0		
1783	1.272513			1783	0		
1784	1.272566			1784	0		
1785	1.272619			1785	0		
1786	1.272672			1786	0		
1787	1.272725			1787	0		
1788	1.272778			1788	0		
1789	1.272831			1789	0		
1790	1.272885			1790	0		
1791	1.272939			1791	0		
1792	1.272993			1792	0		
1793	1.273047			1793	0		
1794	1.273101			1794	0		
1795	1.273155			1795	0		
1796	1.27321			1796	0		
1797	1.273265			1797	0		
1798	1.273319			1798	0		
1799	1.273375			1799	0		
1800	1.27343			1800	0		
1801	1.273485			1801	0		
1802	1.273541			1802	0		
1803	1.273596			1803	0		
1804	1.273652			1804	0		
1805	1.273709			1805	0		
1806	1.273765			1806	0		
1807	1.273822			1807	0		
1808	1.273878			1808	0		
1809	1.273935			1809	0		
1810	1.273992			1810	0		
1811	1.274049			1811	0		
1812	1.274107			1812	0		
1813	1.274164			1813	0		
1814	1.274222			1814	0		
1815	1.27428			1815	0		
1816	1.274338			1816	0		
1817	1.274397			1817	0		
1818	1.274455			1818	0		
1819	1.274514			1819	0		
1820	1.274573			1820	0		
1821	1.274632			1821	0		
1822	1.274691			1822	0		
1823	1.274751			1823	0		
1824	1.274811			1824	0		
1825	1.274871			1825	0		
1826	1.274931			1826	0		
1827	1.274991			1827	0		
1828	1.275052			1828	0		
1829	1.275113			1829	0		
1830	1.275174			1830	0		
1831	1.275235			1831	0		
1832	1.275296			1832	0		
1833	1.275358			1833	0		
1834	1.27542			1834	0		
1835	1.275482			1835	0		
1836	1.275544			1836	0		
1837	1.275607			1837	0		
1838	1.275669			1838	0		
1839	1.275732			1839	0		
1840	1.275795			1840	0		
1841	1.275859			1841	0		
1842	1.275922			1842	0		
1843	1.275986			1843	0		
1844	1.27605			1844	0		
1845	1.276115			1845	0		
1846	1.276179			1846	0		
1847	1.276244			1847	0		
1848	1.276309			1848	0		
1849	1.276374			1849	0		
1850	1.276439			1850	0		
1851	1.276505			1851	0		
1852	1.276571			1852	0		
1853	1.276637			1853	0		
1854	1.276704			1854	0		
1855	1.27677			1855	0		
1856	1.276837			1856	0		
1857	1.276904			1857	0		
1858	1.276972			1858	0		
1859	1.277039			1859	0		
1860	1.277107			1860	0		
1861	1.277175			1861	0		
1862	1.277244			1862	0		
1863	1.277313			1863	0		
1864	1.277381			1864	0		
1865	1.27745			1865	0		
1866	1.27752			1866	0		
1867	1.277589			1867	0		
1868	1.277659			1868	0		
1869	1.27773			1869	0		
1870	1.2778			1870	0		
1871	1.277871			1871	0		
1872	1.277942			1872	0		
1873	1.278014			1873	0		
1874	1.278085			1874	0		
1875	1.278157			1875	0		
1876	1.278229			1876	0		
1877	1.278301			1877	0		
1878	1.278374			1878	0		
1879	1.278447			1879	0		
1880	1.27852			1880	0		
1881	1.278594			1881	0		
1882	1.278668			1882	0		
1883	1.278742			1883	0		
1884	1.278816			1884	0		
1885	1.278891			1885	0		
1886	1.278966			1886	0		
1887	1.279042			1887	0		
1888	1.279117			1888	0		
1889	1.279193			1889	0		
1890	1.279269			1890	0		
1891	1.279346			1891	0		
1892	1.279423			1892	0		
1893	1.2795			1893	0		
1894	1.279577			1894	0		
1895	1.279655			1895	0		
1896	1.279734			1896	0		
1897	1.279812			1897	0		
1898	1.279891			1898	0		
1899	1.27997			1899	0		
1900	1.280049			1900	0		
1901	1.280129			1901	0		
1902	1.280209			1902	0		
1903	1.28029			1903	0		
1904	1.28037			1904	0		
1905	1.280451			1905	0		
1906	1.280533			1906	0		
1907	1.280615			1907	0		
1908	1.280697			1908	0		
1909	1.280779			1909	0		
1910	1.280862			1910	0		
1911	1.280945			1911	0		
1912	1.281029			1912	0		
1913	1.281113			1913	0		
1914	1.281197			1914	0		
1915	1.281282			1915	0		
1916	1.281367			1916	0		
1917	1.281452			1917	0		
1918	1.281538			1918	0		
1919	1.281624			1919	0		
1920	1.28171			1920	0		
1921	1.281797			1921	0		
1922	1.281885			1922	0		
1923	1.281972			1923	0		
1924	1.28206			1924	0		
1925	1.282149			1925	0		
1926	1.282237			1926	0		
1927	1.282327			1927	0		
1928	1.282416			1928	0		
1929	1.282506			1929	0		
1930	1.282596			1930	0		
1931	1.282687			1931	0		
1932	1.282779			1932	0		
1933	1.28287			1933	0		
1934	1.282962			1934	0		
1935	1.283055			1935	0		
1936	1.283148			1936	0		
1937	1.283241			1937	0		
1938	1.283335			1938	0		
1939	1.283429			1939	0		
1940	1.283523			1940	0		
1941	1.283618			1941	0		
1942	1.283714			1942	0		
1943	1.28381			1943	0		
1944	1.283906			1944	0		
1945	1.284003			1945	0		
1946	1.2841			1946	0		
1947	1.284198			1947	0		
1948	1.284296			1948	0		
1949	1.284395			1949	0		
1950	1.284494			1950	0		
1951	1.284594			1951	0		
1952	1.284694			1952	0		
1953	1.284794			1953	0		
1954	1.284895			1954	0		
1955	1.284997			1955	0		
1956	1.285099			1956	0		
1957	1.285202			1957	0		
1958	1.285305			1958	0		
1959	1.285408			1959	0		
1960	1.285512			1960	0		
1961	1.285617			1961	0		
1962	1.285722			1962	0		
1963	1.285828			1963	0		
1964	1.285934			1964	0		
1965	1.28604			1965	0		
1966	1.286148			1966	0		
1967	1.286255			1967	0		
1968	1.286363			1968	0		
1969	1.286472			1969	0		
1970	1.286582			1970	0		
1971	1.286691			1971	0		
1972	1.286802			1972	0		
1973	1.286913			1973	0		
1974	1.287024			1974	0		
1975	1.287136			1975	0		
1976	1.287249			1976	0		
1977	1.287362			1977	0		
1978	1.287476			1978	0		
1979	1.287591			1979	0		
1980	1.287706			1980	0		
1981	1.287822			1981	0		
1982	1.287938			1982	0		
1983	1.288055			1983	0		
1984	1.288172			1984	0		
1985	1.288291			1985	0		
1986	1.288409			1986	0		
1987	1.288528			1987	0		
1988	1.288648			1988	0		
1989	1.288769			1989	0		
1990	1.28889			1990	0		
1991	1.289012			1991	0		
1992	1.289135			1992	0		
1993	1.289258			1993	0		
1994	1.289382			1994	0		
1995	1.289507			1995	0		
1996	1.289632			1996	0		
1997	1.289758			1997	0		
1998	1.289885			1998	0		
1999	1.290012			1999	0		
2000	1.29014			2000	0		
2001	1.290269			2001	0		
2002	1.290398			2002	0		
2003	1.290529			2003	0		
2004	1.290659			2004	0		
2005	1.290791			2005	0		
2006	1.290923			2006	0		
2007	1.291057			2007	0		
2008	1.291191			2008	0		
2009	1.291325			2009	0		
2010	1.291461			2010	0		
2011	1.291597			2011	0		
2012	1.291734			2012	0		
2013	1.291871			2013	0		
2014	1.29201			2014	0		
2015	1.292149			2015	0		
2016	1.292289			2016	0		
2017	1.292431			2017	0		
2018	1.292572			2018	0		
2019	1.292715			2019	0		
2020	1.292858			2020	0		
2021	1.293003			2021	0		
2022	1.293148			2022	0		
2023	1.293294			2023	0		
2024	1.293441			2024	0		
2025	1.293589			2025	0		
2026	1.293738			2026	0		
2027	1.293887			2027	0		
2028	1.294037			2028	0		
2029	1.294189			2029	0		
2030	1.294341			2030	0		
2031	1.294494			2031	0		
2032	1.294649			2032	0		
2033	1.294804			2033	0		
2034	1.29496			2034	0		
2035	1.295117			2035	0		
2036	1.295275			2036	0		
2037	1.295434			2037	0		
2038	1.295594			2038	0		
2039	1.295755			2039	0		
2040	1.295917			2040	0		
2041	1.29608			2041	0		
2042	1.296244			2042	0		
2043	1.296409			2043	0		
2044	1.296575			2044	0		
2045	1.296742			2045	0		
2046	1.296911			2046	0		
2047	1.29708			2047	0		
2048	1.29725			2048	0		
2049	1.297422			2049	0		
2050	1.297595			2050	0		
2051	1.297768			2051	0		
2052	1.297944			2052	0		
2053	1.29812			2053	0		
2054	1.298297			2054	0		
2055	1.298475			2055	0		
2056	1.298655			2056	0		
2057	1.298836			2057	0		
2058	1.299018			2058	0		
2059	1.299201			2059	0		
2060	1.299385			2060	0		
2061	1.299571			2061	0		
2062	1.299758			2062	0		
2063	1.299946			2063	0		
2064	1.300136			2064	0		
2065	1.300327			2065	0		
2066	1.300519			2066	0		
2067	1.300712			2067	0		
2068	1.300907			2068	0		
2069	1.301104			2069	0		
2070	1.301301			2070	0		
2071	1.3015			2071	0		
2072	1.301701			2072	0		
2073	1.301903			2073	0		
2074	1.302106			2074	0		
2075	1.30231			2075	0		
2076	1.302516			2076	0		
2077	1.302724			2077	0		
2078	1.302933			2078	0		
2079	1.303144			2079	0		
2080	1.303356			2080	0		
2081	1.30357			2081	0		
2082	1.303785			2082	0		
2083	1.304002			2083	0		
2084	1.30422			2084	0		
2085	1.30444			2085	0		
2086	1.304662			2086	0		
2087	1.304885			2087	0		
2088	1.305111			2088	0		
2089	1.305337			2089	0		
2090	1.305566			2090	0		
2091	1.305796			2091	0		
2092	1.306028			2092	0		
2093	1.306262			2093	0		
2094	1.306497			2094	0		
2095	1.306735			2095	0		
2096	1.306974			2096	0		
2097	1.307215			2097	0		
2098	1.307458			2098	0		
2099	1.307702			2099	0		
2100	1.307949			2100	0		
2101	1.308198			2101	0		
2102	1.308449			2102	0		
2103	1.308701			2103	0		
2104	1.308956			2104	0		
2105	1.309213			2105	0		
2106	1.309471			2106	0		
2107	1.309733			2107	0		
2108	1.309996			2108	0		
2109	1.310261			2109	0		
2110	1.310528			2110	0		
2111	1.310798			2111	0		
2112	1.311069			2112	0		
2113	1.311344			2113	0		
2114	1.31162			2114	0		
2115	1.311899			2115	0		
2116	1.31218			2116	0		
2117	1.312463			2117	0		
2118	1.312749			2118	0		
2119	1.313037			2119	0		
2120	1.313328			2120	0		
2121	1.313621			2121	0		
2122	1.313917			2122	0		
2123	1.314216			2123	0		
2124	1.314516			2124	0		
2125	1.31482			2125	0		
2126	1.315127			2126	0		
2127	1.315436			2127	0		
2128	1.315747			2128	0		
2129	1.316062			2129	0		
2130	1.316379			2130	0		
2131	1.3167			2131	0		
2132	1.317023			2132	0		
2133	1.317349			2133	0		
2134	1.317678			2134	0		
2135	1.31801			2135	0		
2136	1.318346			2136	0		
2137	1.318684			2137	0		
2138	1.319025			2138	0		
2139	1.31937			2139	0		
2140	1.319718			2140	0		
2141	1.320069			2141	0		
2142	1.320424			2142	0		
2143	1.320782			2143	0		
2144	1.321143			2144	0		
2145	1.321508			2145	0		
2146	1.321877			2146	0		
2147	1.322249			2147	0		
2148	1.322625			2148	0		
2149	1.323004			2149	0		
2150	1.323387			2150	0		
2151	1.323774			2151	0		
2152	1.324165			2152	0		
2153	1.32456			2153	0		
2154	1.324959			2154	0		
2155	1.325362			2155	0		
2156	1.325769			2156	0		
2157	1.32618			2157	0		
2158	1.326596			2158	0		
2159	1.327016			2159	0		
2160	1.32744			2160	0		
2161	1.327868			2161	0		
2162	1.328302			2162	0		
2163	1.32874			2163	0		
2164	1.329182			2164	0		
2165	1.329629			2165	0		
2166	1.330082			2166	0		
2167	1.330539			2167	0		
2168	1.331001			2168	0		
2169	1.331468			2169	0		
2170	1.33194			2170	0		
2171	1.332418			2171	0		
2172	1.332901			2172	0		
2173	1.333389			2173	0		
2174	1.333883			2174	0		
2175	1.334383			2175	0		
2176	1.334888			2176	0		
2177	1.335399			2177	0		
2178	1.335917			2178	0		
2179	1.33644			2179	0		
2180	1.336969			2180	0		
2181	1.337505			2181	0		
2182	1.338047			2182	0		
2183	1.338595			2183	0		
2184	1.33915			2184	0		
2185	1.339712			2185	0		
2186	1.340281			2186	0		
2187	1.340856			2187	0		
2188	1.341439			2188	0		
2189	1.342029			2189	0		
2190	1.342627			2190	0		
2191	1.343232			2191	0		
2192	1.343845			2192	0		
2193	1.344465			2193	0		
2194	1.345093			2194	0		
2195	1.34573			2195	0		
2196	1.346375			2196	0		
2197	1.347029			2197	0		
2198	1.347691			2198	0		
2199	1.348362			2199	0		
2200	1.349042			2200	0		
2201	1.349732			2201	0		
2202	1.35043			2202	0		
2203	1.351139			2203	0		
2204	1.351857			2204	0		
2205	1.352585			2205	0		
2206	1.353323			2206	0		
2207	1.354072			2207	0		
2208	1.354832			2208	0		
2209	1.355602			2209	0		
2210	1.356384			2210	0		
2211	1.357177			2211	0		
2212	1.357982			2212	0		
2213	1.358799			2213	0		
2214	1.359628			2214	0		
2215	1.36047			2215	0		
2216	1.361324			2216	0		
2217	1.362192			2217	0		
2218	1.363073			2218	0		
2219	1.363968			2219	0		
2220	1.364877			2220	0		
2221	1.365801			2221	0		
2222	1.366739			2222	0		
2223	1.367693			2223	0		
2224	1.368662			2224	0		
2225	1.369647			2225	0		
2226	1.370649			2226	0		
2227	1.371668			2227	0		
2228	1.372704			2228	0		
2229	1.373758			2229	0		
2230	1.374831			2230	0		
2231	1.375922			2231	0		
2232	1.377033			2232	0		
2233	1.378163			2233	0		
2234	1.379315			2234	0		
2235	1.380487			2235	0		
2236	1.381681			2236	0		
2237	1.382898			2237	0		
2238	1.384138			2238	0		
2239	1.385402			2239	0		
2240	1.386691			2240	0		
2241	1.388005			2241	0		
2242	1.389346			2242	0		
2243	1.390714			2243	0		
2244	1.392111			2244	0		
2245	1.393537			2245	0		
2246	1.394994			2246	0		
2247	1.396482			2247	0		
2248	1.398003			2248	0		
2249	1.399559			2249	0		
2250	1.40115			2250	0		
2251	1.402779			2251	0		
2252	1.404447			2252	0		
2253	1.406155			2253	0		
2254	1.407906			2254	0		
2255	1.409703			2255	0		
2256	1.411546			2256	0		
2257	1.41344			2257	0		
2258	1.415387			2258	0		
2259	1.41739			2259	0		
2260	1.419454			2260	0		
2261	1.421582			2261	0		
2262	1.42378			2262	0		
2263	1.426054			2263	0		
2264	1.428411			2264	0		
2265	1.430858			2265	0		
2266	1.433408			2266	0		
2267	1.436075			2267	0		
2268	1.438878			2268	0		
2269	1.441852			2269	0		
2270	1.445171			2270	0		
2271	1.448169			2271	0.000758		
2272	1.451421			2272	5.8E-5		
2273	1.455505			2273	0.000134		
2274	1.459754			2274	0.000258		
2275	1.464829			2275	3.1E-5		
2276	1.47086			2276	0.000629		
2277	1.478499			2277	0.001195		
2278	1.487501			2278	0.004801		
2279	1.49815			2279	0.009598		
2280	1.511142			2280	0.020773		
2281	1.522111			2281	0.043249		
2282	1.511085			2282	0.086239		
2283	1.468667			2283	0.108896		
2284	1.425125			2284	0.086269		
2285	1.413483			2285	0.041801		
2286	1.425579			2286	0.016207		
2287	1.442684			2287	0.002735		
2288	1.457729			2288	7.0E-5		
2289	1.468153			2289	4.2E-5		
2290	1.476144			2290	1.6E-5		
2291	1.483166			2291	7.2E-5		
2292	1.489497			2292	0.000298		
2293	1.495504			2293	0.000185		
2294	1.501505			2294	0.000171		
2295	1.507433			2295	0.000219		
2296	1.513333			2296	0.000253		
2297	1.519288			2297	0.000241		
2298	1.525353			2298	0.000198		
2299	1.531685			2299	4.1E-5		
2300	1.538179			2300	0.000174		
2301	1.544796			2301	0.000128		
2302	1.551684			2302	0.00015		
2303	1.558788			2303	0.000169		
2304	1.566169			2304	0.000132		
2305	1.573928			2305	4.8E-5		
2306	1.582041			2306	7.2E-5		
2307	1.590529			2307	2.2E-5		
2308	1.599446			2308	4.1E-5		
2309	1.608836			2309	2.0E-6		
2310	1.618731			2310	5.9E-5		
2311	1.631226			2311	5.6E-5		
2312	1.642771			2312	6.0E-6		
2313	1.653859			2313	1.3E-5		
2314	1.664589			2314	0.000229		
2315	1.680769			2315	0.000165		
2316	1.695286			2316	8.9E-5		
2317	1.710705			2317	9.2E-5		
2318	1.729117			2318	0.000115		
2319	1.747225			2319	0.000113		
2320	1.7683			2320	2.9E-5		
2321	1.789978			2321	7.0E-6		
2322	1.820377			2322	9.4E-5		
2323	1.855743			2323	0.004777		
2324	1.891054			2324	0.021499		
2325	1.923136			2325	0.042717		
2326	1.9535			2326	0.068369		
2327	1.973873			2327	0.095044		
2328	1.994883			2328	0.115977		
2329	2.016582			2329	0.132626		
2330	2.043186			2330	0.14688		
2331	2.07477			2331	0.162862		
2332	2.114415			2332	0.181696		
2333	2.160371			2333	0.204064		
2334	2.21167			2334	0.232627		
2335	2.271063			2335	0.269314		
2336	2.341237			2336	0.318064		
2337	2.414594			2337	0.384408		
2338	2.492873			2338	0.472485		
2339	2.571635			2339	0.587498		
2340	2.63654			2340	0.747481		
2341	2.668664			2341	0.936208		
2342	2.656031			2342	1.155599		
2343	2.582041			2343	1.384575		
2344	2.441675			2344	1.594671		
2345	2.250355			2345	1.753625		
2346	2.039222			2346	1.848763		
2347	1.83812			2347	1.890879		
2348	1.64787			2348	1.904483		
2349	1.470042			2349	1.885747		
2350	1.314788			2350	1.844795		
2351	1.180633			2351	1.788846		
2352	1.065887			2352	1.724298		
2353	0.969829			2353	1.654891		
2354	0.891972			2354	1.587033		
2355	0.820835			2355	1.523384		
2356	0.759829			2356	1.460084		
2357	0.70639			2357	1.399105		
2358	0.659338			2358	1.341395		
2359	0.617042			2359	1.285204		
2360	0.576539			2360	1.235847		
2361	0.537885			2361	1.183405		
2362	0.501868			2362	1.132597		
2363	0.467812			2363	1.0802		
2364	0.435808			2364	1.028907		
2365	0.406449			2365	0.974377		
2366	0.378629			2366	0.919492		
2367	0.354379			2367	0.860782		
2368	0.330938			2368	0.802508		
2369	0.31406			2369	0.735325		
2370	0.29954			2370	0.674152		
2371	0.286235			2371	0.606604		
2372	0.281273			2372	0.541138		
2373	0.277996			2373	0.477927		
2374	0.278711			2374	0.414158		
2375	0.284342			2375	0.3534		
2376	0.296211			2376	0.294174		
2377	0.31692			2377	0.243463		
2378	0.346458			2378	0.194511		
2379	0.384388			2379	0.16078		
2380	0.423439			2380	0.121367		
2381	0.466983			2381	0.085787		
2382	0.51112			2382	0.051987		
2383	0.555581			2383	0.025594		
2384	0.601089			2384	0.011816		
2385	0.64628			2385	0.005576		
2386	0.679754			2386	0.004843		
2387	0.704398			2387	0.003174		
2388	0.727506			2388	0.003792		
2389	0.749267			2389	0.003176		
2390	0.766062			2390	0.002959		
2391	0.785441			2391	0.00133		
2392	0.801317			2392	0.003083		
2393	0.815264			2393	0.002002		
2394	0.82901			2394	0.002072		
2395	0.841648			2395	0.002058		
2396	0.853416			2396	0.00227		
2397	0.86459			2397	0.002284		
2398	0.874456			2398	0.003344		
2399	0.883785			2399	0.002362		
2400	0.893504			2400	0.002471		
2401	0.901973			2401	0.003363		
2402	0.910047			2402	0.002779		
2403	0.917858			2403	0.003533		
2404	0.924802			2404	0.003471		
2405	0.931845			2405	0.003071		
2406	0.938913			2406	0.003098		
2407	0.945456			2407	0.003616		
2408	0.951341			2408	0.003978		
2409	0.956957			2409	0.004028		
2410	0.962225			2410	0.004243		
2411	0.967351			2411	0.003848		
2412	0.972554			2412	0.003706		
2413	0.977562			2413	0.003618		
2414	0.982366			2414	0.003568		
2415	0.98704			2415	0.003443		
2416	0.991603			2416	0.003412		
2417	0.996108			2417	0.003363		
2418	1.000371			2418	0.00372		
2419	1.003618			2419	0.004185		
2420	1.008341			2420	0.001845		
2421	1.013023			2421	0.004449		
2422	1.015808			2422	0.004435		
2423	1.019122			2423	0.004416		
2424	1.022423			2424	0.00452		
2425	1.025597			2425	0.004653		
2426	1.028501			2426	0.004905		
2427	1.031112			2427	0.004868		
2428	1.033813			2428	0.004364		
2429	1.036951			2429	0.003788		
2430	1.040229			2430	0.003799		
2431	1.043301			2431	0.004031		
2432	1.045891			2432	0.004654		
2433	1.048036			2433	0.004774		
2434	1.050195			2434	0.004529		
2435	1.05266			2435	0.004021		
2436	1.055401			2436	0.003832		
2437	1.058053			2437	0.004003		
2438	1.060401			2438	0.004369		
2439	1.062435			2439	0.004647		
2440	1.064233			2440	0.004764		
2441	1.066018			2441	0.004487		
2442	1.068142			2442	0.004011		
2443	1.070326			2443	0.004055		
2444	1.072199			2444	0.00402		
2445	1.074274			2445	0.003497		
2446	1.076722			2446	0.003384		
2447	1.078928			2447	0.003836		
2448	1.080988			2448	0.003996		
2449	1.082809			2449	0.004753		
2450	1.084114			2450	0.005143		
2451	1.08548			2451	0.00499		
2452	1.087276			2452	0.004785		
2453	1.089153			2453	0.005174		
2454	1.090668			2454	0.005759		
2455	1.091814			2455	0.006273		
2456	1.09285			2456	0.006447		
2457	1.093823			2457	0.00667		
2458	1.094679			2458	0.00664		
2459	1.095694			2459	0.006341		
2460	1.096822			2460	0.006252		
2461	1.097827			2461	0.006183		
2462	1.098807			2462	0.005954		
2463	1.099868			2463	0.00573		
2464	1.100701			2464	0.005754		
2465	1.101271			2465	0.005288		
2466	1.102225			2466	0.004169		
2467	1.104004			2467	0.003144		
2468	1.105888			2468	0.003272		
2469	1.107135			2469	0.003579		
2470	1.108173			2470	0.003439		
2471	1.109366			2471	0.003306		
2472	1.110373			2472	0.003495		
2473	1.11116			2473	0.003319		
2474	1.11215			2474	0.00292		
2475	1.113178			2475	0.00286		
2476	1.113927			2476	0.00276		
2477	1.114603			2477	0.002272		
2478	1.11561			2478	0.001457		
2479	1.116942			2479	0.000932		
2480	1.118212			2480	0.000694		
2481	1.119439			2481	0.000311		
2482	1.120829			2482	0		
2483	1.12219			2483	0		
2484	1.123411			2484	0		
2485	1.124641			2485	0		
2486	1.125779			2486	0.000237		
2487	1.126626			2487	0.000509		
2488	1.127254			2488	0.00051		
2489	1.128161			2489	1.0E-5		
2490	1.129287			2490	0		
2491	1.130274			2491	0		
2492	1.131215			2492	0		
2493	1.132128			2493	0		
2494	1.133018			2494	0		
2495	1.13389			2495	0		
2496	1.134743			2496	0		
2497	1.13558			2497	0		
2498	1.136402			2498	0		
2499	1.13721			2499	0		
2500	1.138004			2500	0		
2501	1.138784			2501	0		
2502	1.139552			2502	0		
2503	1.140308			2503	0		
2504	1.141051			2504	0		
2505	1.141784			2505	0		
2506	1.142505			2506	0		
2507	1.143216			2507	0		
2508	1.143916			2508	0		
2509	1.144606			2509	0		
2510	1.145286			2510	0		
2511	1.145957			2511	0		
2512	1.146618			2512	0		
2513	1.14727			2513	0		
2514	1.147913			2514	0		
2515	1.148548			2515	0		
2516	1.149174			2516	0		
2517	1.149791			2517	0		
2518	1.150401			2518	0		
2519	1.151003			2519	0		
2520	1.151596			2520	0		
2521	1.152183			2521	0		
2522	1.152761			2522	0		
2523	1.153333			2523	0		
2524	1.153897			2524	0		
2525	1.154454			2525	0		
2526	1.155005			2526	0		
2527	1.155549			2527	0		
2528	1.156086			2528	0		
2529	1.156617			2529	0		
2530	1.157141			2530	0		
2531	1.157659			2531	0		
2532	1.158171			2532	0		
2533	1.158677			2533	0		
2534	1.159177			2534	0		
2535	1.159672			2535	0		
2536	1.160161			2536	0		
2537	1.160644			2537	0		
2538	1.161122			2538	0		
2539	1.161594			2539	0		
2540	1.162061			2540	0		
2541	1.162523			2541	0		
2542	1.16298			2542	0		
2543	1.163432			2543	0		
2544	1.163878			2544	0		
2545	1.16432			2545	0		
2546	1.164758			2546	0		
2547	1.16519			2547	0		
2548	1.165618			2548	0		
2549	1.166042			2549	0		
2550	1.166461			2550	0		
2551	1.166876			2551	0		
2552	1.167286			2552	0		
2553	1.167692			2553	0		
2554	1.168094			2554	0		
2555	1.168492			2555	0		
2556	1.168886			2556	0		
2557	1.169276			2557	0		
2558	1.169661			2558	0		
2559	1.170044			2559	0		
2560	1.170422			2560	0		
2561	1.170797			2561	0		
2562	1.171167			2562	0		
2563	1.171535			2563	0		
2564	1.171898			2564	0		
2565	1.172258			2565	0		
2566	1.172615			2566	0		
2567	1.172968			2567	0		
2568	1.173318			2568	0		
2569	1.173665			2569	0		
2570	1.174008			2570	0		
2571	1.174348			2571	0		
2572	1.174685			2572	0		
2573	1.175019			2573	0		
2574	1.175349			2574	0		
2575	1.175677			2575	0		
2576	1.176001			2576	0		
2577	1.176323			2577	0		
2578	1.176642			2578	0		
2579	1.176957			2579	0		
2580	1.17727			2580	0		
2581	1.17758			2581	0		
2582	1.177888			2582	0		
2583	1.178193			2583	0		
2584	1.178495			2584	0		
2585	1.178794			2585	0		
2586	1.179091			2586	0		
2587	1.179385			2587	0		
2588	1.179676			2588	0		
2589	1.179965			2589	0		
2590	1.180252			2590	0		
2591	1.180536			2591	0		
2592	1.180818			2592	0		
2593	1.181098			2593	0		
2594	1.181375			2594	0		
2595	1.181649			2595	0		
2596	1.181922			2596	0		
2597	1.182191			2597	0		
2598	1.182459			2598	0		
2599	1.182725			2599	0		
2600	1.182989			2600	0		
2601	1.18325			2601	0		
2602	1.183509			2602	0		
2603	1.183766			2603	0		
2604	1.184021			2604	0		
2605	1.184274			2605	0		
2606	1.184525			2606	0		
2607	1.184774			2607	0		
2608	1.185021			2608	0		
2609	1.185266			2609	0		
2610	1.185508			2610	0		
2611	1.18575			2611	0		
2612	1.185989			2612	0		
2613	1.186226			2613	0		
2614	1.186462			2614	0		
2615	1.186696			2615	0		
2616	1.186928			2616	0		
2617	1.187158			2617	0		
2618	1.187386			2618	0		
2619	1.187613			2619	0		
2620	1.187837			2620	0		
2621	1.188061			2621	0		
2622	1.188282			2622	0		
2623	1.188502			2623	0		
2624	1.18872			2624	0		
2625	1.188937			2625	0		
2626	1.189152			2626	0		
2627	1.189366			2627	0		
2628	1.189577			2628	0		
2629	1.189788			2629	0		
2630	1.189996			2630	0		
2631	1.190204			2631	0		
2632	1.190409			2632	0		
2633	1.190614			2633	0		
2634	1.190817			2634	0		
2635	1.191018			2635	0		
2636	1.191218			2636	0		
2637	1.191416			2637	0		
2638	1.191613			2638	0		
2639	1.191809			2639	0		
2640	1.192003			2640	0		
2641	1.192196			2641	0		
2642	1.192388			2642	0		
2643	1.192578			2643	0		
2644	1.192767			2644	0		
2645	1.192955			2645	0		
2646	1.193141			2646	0		
2647	1.193326			2647	0		
2648	1.19351			2648	0		
2649	1.193693			2649	0		
2650	1.193874			2650	0		
2651	1.194054			2651	0		
2652	1.194233			2652	0		
2653	1.19441			2653	0		
2654	1.194587			2654	0		
2655	1.194762			2655	0		
2656	1.194936			2656	0		
2657	1.195109			2657	0		
2658	1.195281			2658	0		
2659	1.195452			2659	0		
2660	1.195622			2660	0		
2661	1.19579			2661	0		
2662	1.195958			2662	0		
2663	1.196124			2663	0		
2664	1.196289			2664	0		
2665	1.196453			2665	0		
2666	1.196616			2666	0		
2667	1.196779			2667	0		
2668	1.196939			2668	0		
2669	1.197099			2669	0		
2670	1.197258			2670	0		
2671	1.197416			2671	0		
2672	1.197573			2672	0		
2673	1.197729			2673	0		
2674	1.197884			2674	0		
2675	1.198039			2675	0		
2676	1.198192			2676	0		
2677	1.198344			2677	0		
2678	1.198495			2678	0		
2679	1.198645			2679	0		
2680	1.198795			2680	0		
2681	1.198943			2681	0		
2682	1.19909			2682	0		
2683	1.199237			2683	0		
2684	1.199383			2684	0		
2685	1.199528			2685	0		
2686	1.199672			2686	0		
2687	1.199815			2687	0		
2688	1.199957			2688	0		
2689	1.200099			2689	0		
2690	1.200239			2690	0		
2691	1.200379			2691	0		
2692	1.200518			2692	0		
2693	1.200656			2693	0		
2694	1.200793			2694	0		
2695	1.20093			2695	0		
2696	1.201065			2696	0		
2697	1.2012			2697	0		
2698	1.201334			2698	0		
2699	1.201468			2699	0		
2700	1.2016			2700	0		
2701	1.201732			2701	0		
2702	1.201863			2702	0		
2703	1.201993			2703	0		
2704	1.202123			2704	0		
2705	1.202251			2705	0		
2706	1.20238			2706	0		
2707	1.202507			2707	0		
2708	1.202634			2708	0		
2709	1.202759			2709	0		
2710	1.202885			2710	0		
2711	1.203009			2711	0		
2712	1.203133			2712	0		
2713	1.203256			2713	0		
2714	1.203378			2714	0		
2715	1.2035			2715	0		
2716	1.203621			2716	0		
2717	1.203742			2717	0		
2718	1.203861			2718	0		
2719	1.203981			2719	0		
2720	1.204099			2720	0		
2721	1.204217			2721	0		
2722	1.204334			2722	0		
2723	1.20445			2723	0		
2724	1.204566			2724	0		
2725	1.204682			2725	0		
2726	1.204796			2726	0		
2727	1.20491			2727	0		
2728	1.205024			2728	0		
2729	1.205137			2729	0		
2730	1.205249			2730	0		
2731	1.20536			2731	0		
2732	1.205471			2732	0		
2733	1.205582			2733	0		
2734	1.205692			2734	0		
2735	1.205801			2735	0		
2736	1.20591			2736	0		
2737	1.206018			2737	0		
2738	1.206126			2738	0		
2739	1.206233			2739	0		
2740	1.206339			2740	0		
2741	1.206445			2741	0		
2742	1.20655			2742	0		
2743	1.206655			2743	0		
2744	1.20676			2744	0		
2745	1.206863			2745	0		
2746	1.206967			2746	0		
2747	1.207069			2747	0		
2748	1.207172			2748	0		
2749	1.207273			2749	0		
2750	1.207375			2750	0		
2751	1.207475			2751	0		
2752	1.207575			2752	0		
2753	1.207675			2753	0		
2754	1.207774			2754	0		
2755	1.207873			2755	0		
2756	1.207971			2756	0		
2757	1.208069			2757	0		
2758	1.208166			2758	0		
2759	1.208263			2759	0		
2760	1.208359			2760	0		
2761	1.208455			2761	0		
2762	1.20855			2762	0		
2763	1.208645			2763	0		
2764	1.20874			2764	0		
2765	1.208833			2765	0		
2766	1.208927			2766	0		
2767	1.20902			2767	0		
2768	1.209113			2768	0		
2769	1.209205			2769	0		
2770	1.209296			2770	0		
2771	1.209388			2771	0		
2772	1.209478			2772	0		
2773	1.209569			2773	0		
2774	1.209659			2774	0		
2775	1.209749			2775	0		
2776	1.209838			2776	0		
2777	1.209926			2777	0		
2778	1.210015			2778	0		
2779	1.210103			2779	0		
2780	1.21019			2780	0		
2781	1.210277			2781	0		
2782	1.210364			2782	0		
2783	1.21045			2783	0		
2784	1.210536			2784	0		
2785	1.210621			2785	0		
2786	1.210706			2786	0		
2787	1.210791			2787	0		
2788	1.210875			2788	0		
2789	1.210959			2789	0		
2790	1.211043			2790	0		
2791	1.211126			2791	0		
2792	1.211209			2792	0		
2793	1.211291			2793	0		
2794	1.211373			2794	0		
2795	1.211455			2795	0		
2796	1.211536			2796	0		
2797	1.211617			2797	0		
2798	1.211698			2798	0		
2799	1.211778			2799	0		
2800	1.211858			2800	0		
2801	1.211937			2801	0		
2802	1.212016			2802	0		
2803	1.212095			2803	0		
2804	1.212173			2804	0		
2805	1.212252			2805	0		
2806	1.212329			2806	0		
2807	1.212407			2807	0		
2808	1.212484			2808	0		
2809	1.212561			2809	0		
2810	1.212637			2810	0		
2811	1.212713			2811	0		
2812	1.212789			2812	0		
2813	1.212864			2813	0		
2814	1.212939			2814	0		
2815	1.213014			2815	0		
2816	1.213089			2816	0		
2817	1.213163			2817	0		
2818	1.213236			2818	0		
2819	1.21331			2819	0		
2820	1.213383			2820	0		
2821	1.213456			2821	0		
2822	1.213529			2822	0		
2823	1.213601			2823	0		
2824	1.213673			2824	0		
2825	1.213745			2825	0		
2826	1.213816			2826	0		
2827	1.213887			2827	0		
2828	1.213958			2828	0		
2829	1.214028			2829	0		
2830	1.214098			2830	0		
2831	1.214168			2831	0		
2832	1.214238			2832	0		
2833	1.214307			2833	0		
2834	1.214376			2834	0		
2835	1.214445			2835	0		
2836	1.214513			2836	0		
2837	1.214581			2837	0		
2838	1.214649			2838	0		
2839	1.214717			2839	0		
2840	1.214784			2840	0		
2841	1.214851			2841	0		
2842	1.214918			2842	0		
2843	1.214985			2843	0		
2844	1.215051			2844	0		
2845	1.215117			2845	0		
2846	1.215182			2846	0		
2847	1.215248			2847	0		
2848	1.215313			2848	0		
2849	1.215378			2849	0		
2850	1.215443			2850	0		
2851	1.215507			2851	0		
2852	1.215571			2852	0		
2853	1.215635			2853	0		
2854	1.215699			2854	0		
2855	1.215762			2855	0		
2856	1.215826			2856	0		
2857	1.215889			2857	0		
2858	1.215951			2858	0		
2859	1.216014			2859	0		
2860	1.216076			2860	0		
2861	1.216138			2861	0		
2862	1.216199			2862	0		
2863	1.216261			2863	0		
2864	1.216322			2864	0		
2865	1.216383			2865	0		
2866	1.216444			2866	0		
2867	1.216504			2867	0		
2868	1.216565			2868	0		
2869	1.216625			2869	0		
2870	1.216685			2870	0		
2871	1.216744			2871	0		
2872	1.216804			2872	0		
2873	1.216863			2873	0		
2874	1.216922			2874	0		
2875	1.216981			2875	0		
2876	1.217039			2876	0		
2877	1.217097			2877	0		
2878	1.217155			2878	0		
2879	1.217213			2879	0		
2880	1.217271			2880	0		
2881	1.217328			2881	0		
2882	1.217386			2882	0		
2883	1.217442			2883	0		
2884	1.217499			2884	0		
2885	1.217556			2885	0		
2886	1.217612			2886	0		
2887	1.217668			2887	0		
2888	1.217724			2888	0		
2889	1.21778			2889	0		
2890	1.217836			2890	0		
2891	1.217891			2891	0		
2892	1.217946			2892	0		
2893	1.218001			2893	0		
2894	1.218056			2894	0		
2895	1.218111			2895	0		
2896	1.218165			2896	0		
2897	1.218219			2897	0		
2898	1.218273			2898	0		
2899	1.218327			2899	0		
2900	1.218381			2900	0		
2901	1.218434			2901	0		
2902	1.218487			2902	0		
2903	1.21854			2903	0		
2904	1.218593			2904	0		
2905	1.218646			2905	0		
2906	1.218699			2906	0		
2907	1.218751			2907	0		
2908	1.218803			2908	0		
2909	1.218855			2909	0		
2910	1.218907			2910	0		
2911	1.218959			2911	0		
2912	1.21901			2912	0		
2913	1.219061			2913	0		
2914	1.219113			2914	0		
2915	1.219163			2915	0		
2916	1.219214			2916	0		
2917	1.219265			2917	0		
2918	1.219315			2918	0		
2919	1.219366			2919	0		
2920	1.219416			2920	0		
2921	1.219466			2921	0		
2922	1.219516			2922	0		
2923	1.219565			2923	0		
2924	1.219615			2924	0		
2925	1.219664			2925	0		
2926	1.219714			2926	0		
2927	1.219763			2927	0		
2928	1.219812			2928	0		
2929	1.219861			2929	0		
2930	1.219909			2930	0		
2931	1.219958			2931	0		
2932	1.220006			2932	0		
2933	1.220055			2933	0		
2934	1.220103			2934	0		
2935	1.220151			2935	0		
2936	1.220199			2936	0		
2937	1.220247			2937	0		
2938	1.220294			2938	0		
2939	1.220342			2939	0		
2940	1.220389			2940	0		
2941	1.220437			2941	0		
2942	1.220484			2942	0		
2943	1.220531			2943	0		
2944	1.220579			2944	0		
2945	1.220626			2945	0		
2946	1.220673			2946	0		
2947	1.22072			2947	0		
2948	1.220767			2948	0		
2949	1.220814			2949	0		
2950	1.220861			2950	0		
2951	1.220908			2951	0		
2952	1.220955			2952	0		
2953	1.221002			2953	0		
2954	1.22105			2954	0		
2955	1.221097			2955	0		
2956	1.221145			2956	0		
2957	1.221192			2957	0		
2958	1.221241			2958	0		
2959	1.22129			2959	0		
2960	1.221339			2960	0		
2961	1.221389			2961	0		
2962	1.22144			2962	0		
2963	1.221492			2963	0		
2964	1.221547			2964	0		
2965	1.221603			2965	0		
2966	1.221663			2966	0		
2967	1.221727			2967	0		
2968	1.221799			2968	0		
2969	1.221883			2969	0		
2970	1.221988			2970	0		
2971	1.222141			2971	0		
2972	1.222453			2972	0		
2973	1.223333			2973	0.000244		
2974	1.221797			2974	0.003445		
2975	1.220386			2975	0		
2976	1.221339			2976	0		
2977	1.22159			2977	0		
2978	1.221732			2978	0		
2979	1.221834			2979	0		
2980	1.221917			2980	0		
2981	1.22199			2981	0		
2982	1.22206			2982	0		
2983	1.222133			2983	0		
2984	1.222266			2984	0		
2985	1.222193			2985	0.000285		
2986	1.22211			2986	0		
2987	1.222239			2987	0		
2988	1.222303			2988	0		
2989	1.222356			2989	0		
2990	1.222405			2990	0		
2991	1.222452			2991	0		
2992	1.222498			2992	0		
2993	1.222543			2993	0		
2994	1.222586			2994	0		
2995	1.22263			2995	0		
2996	1.222672			2996	0		
2997	1.222715			2997	0		
2998	1.222756			2998	0		
2999	1.222798			2999	0		
3000	1.222839			3000	0		
3001	1.222881			3001	0		
3002	1.222922			3002	0		
3003	1.222963			3003	0		
3004	1.223004			3004	0		
3005	1.223045			3005	0		
3006	1.223086			3006	0		
3007	1.223127			3007	0		
3008	1.223169			3008	0		
3009	1.223212			3009	0		
3010	1.223256			3010	0		
3011	1.223304			3011	0		
3012	1.223358			3012	0		
3013	1.22343			3013	0		
3014	1.22363			3014	0		
3015	1.223409			3015	0.000577		
3016	1.223186			3016	0		
3017	1.223387			3017	0		
3018	1.223458			3018	0		
3019	1.223511			3019	0		
3020	1.223557			3020	0		
3021	1.2236			3021	0		
3022	1.223641			3022	0		
3023	1.223681			3023	0		
3024	1.223719			3024	0		
3025	1.223758			3025	0		
3026	1.223795			3026	0		
3027	1.223833			3027	0		
3028	1.22387			3028	0		
3029	1.223907			3029	0		
3030	1.223943			3030	0		
3031	1.223979			3031	0		
3032	1.224015			3032	0		
3033	1.224051			3033	0		
3034	1.224086			3034	0		
3035	1.224122			3035	0		
3036	1.224157			3036	0		
3037	1.224193			3037	0		
3038	1.224228			3038	0		
3039	1.224262			3039	0		
3040	1.224297			3040	0		
3041	1.224332			3041	0		
3042	1.224366			3042	0		
3043	1.224401			3043	0		
3044	1.224435			3044	0		
3045	1.224469			3045	0		
3046	1.224503			3046	0		
3047	1.224537			3047	0		
3048	1.224571			3048	0		
3049	1.224605			3049	0		
3050	1.224638			3050	0		
3051	1.224672			3051	0		
3052	1.224705			3052	0		
3053	1.224739			3053	0		
3054	1.224772			3054	0		
3055	1.224805			3055	0		
3056	1.224838			3056	0		
3057	1.224871			3057	0		
3058	1.224904			3058	0		
3059	1.224936			3059	0		
3060	1.224969			3060	0		
3061	1.225001			3061	0		
3062	1.225034			3062	0		
3063	1.225066			3063	0		
3064	1.225098			3064	0		
3065	1.225131			3065	0		
3066	1.225163			3066	0		
3067	1.225195			3067	0		
3068	1.225227			3068	0		
3069	1.225258			3069	0		
3070	1.22529			3070	0		
3071	1.225322			3071	0		
3072	1.225353			3072	0		
3073	1.225385			3073	0		
3074	1.225416			3074	0		
3075	1.225447			3075	0		
3076	1.225478			3076	0		
3077	1.22551			3077	0		
3078	1.225541			3078	0		
3079	1.225571			3079	0		
3080	1.225602			3080	0		
3081	1.225633			3081	0		
3082	1.225664			3082	0		
3083	1.225695			3083	0		
3084	1.225725			3084	0		
3085	1.225756			3085	0		
3086	1.225786			3086	0		
3087	1.225816			3087	0		
3088	1.225847			3088	0		
3089	1.225877			3089	0		
3090	1.225907			3090	0		
3091	1.225937			3091	0		
3092	1.225967			3092	0		
3093	1.225997			3093	0		
3094	1.226027			3094	0		
3095	1.226056			3095	0		
3096	1.226086			3096	0		
3097	1.226115			3097	0		
3098	1.226145			3098	0		
3099	1.226174			3099	0		
3100	1.226204			3100	0		
3101	1.226233			3101	0		
3102	1.226262			3102	0		
3103	1.226291			3103	0		
3104	1.226321			3104	0		
3105	1.226349			3105	0		
3106	1.226378			3106	0		
3107	1.226407			3107	0		
3108	1.226436			3108	0		
3109	1.226465			3109	0		
3110	1.226494			3110	0		
3111	1.226522			3111	0		
3112	1.226551			3112	0		
3113	1.226579			3113	0		
3114	1.226608			3114	0		
3115	1.226636			3115	0		
3116	1.226665			3116	0		
3117	1.226693			3117	0		
3118	1.226721			3118	0		
3119	1.226749			3119	0		
3120	1.226777			3120	0		
3121	1.226806			3121	0		
3122	1.226834			3122	0		
3123	1.226861			3123	0		
3124	1.226889			3124	0		
3125	1.226918			3125	0		
3126	1.226945			3126	0		
3127	1.226973			3127	0		
3128	1.227001			3128	0		
3129	1.227028			3129	0		
3130	1.227056			3130	0		
3131	1.227084			3131	0		
3132	1.227111			3132	0		
3133	1.227139			3133	0		
3134	1.227166			3134	0		
3135	1.227194			3135	0		
3136	1.227221			3136	0		
3137	1.227249			3137	0		
3138	1.227276			3138	0		
3139	1.227304			3139	0		
3140	1.227331			3140	0		
3141	1.227358			3141	0		
3142	1.227386			3142	0		
3143	1.227413			3143	0		
3144	1.227441			3144	0		
3145	1.227468			3145	0		
3146	1.227496			3146	0		
3147	1.227523			3147	0		
3148	1.227551			3148	0		
3149	1.227579			3149	0		
3150	1.227606			3150	0		
3151	1.227634			3151	0		
3152	1.227662			3152	0		
3153	1.227691			3153	0		
3154	1.227719			3154	0		
3155	1.227748			3155	0		
3156	1.227777			3156	0		
3157	1.227807			3157	0		
3158	1.227838			3158	0		
3159	1.22787			3159	0		
3160	1.227903			3160	0		
3161	1.227939			3161	0		
3162	1.22798			3162	0		
3163	1.22803			3163	0		
3164	1.228104			3164	0		
3165	1.228328			3165	0		
3166	1.228094			3166	0.000706		
3167	1.227737			3167	0.000193		
3168	1.227872			3168	0		
3169	1.227996			3169	0		
3170	1.228055			3170	0		
3171	1.2281			3171	0		
3172	1.22814			3172	0		
3173	1.228177			3173	0		
3174	1.228213			3174	0		
3175	1.228247			3175	0		
3176	1.228281			3176	0		
3177	1.228316			3177	0		
3178	1.228351			3178	0		
3179	1.228388			3179	0		
3180	1.228425			3180	0		
3181	1.228464			3181	0		
3182	1.228505			3182	0		
3183	1.228549			3183	0		
3184	1.228598			3184	0		
3185	1.228653			3185	0		
3186	1.228717			3186	0		
3187	1.228795			3187	0		
3188	1.228897			3188	0		
3189	1.229046			3189	0		
3190	1.229319			3190	0		
3191	1.230206			3191	5.2E-5		
3192	1.229531			3192	0.002793		
3193	1.227555			3193	0.002005		
3194	1.227627			3194	0		
3195	1.228774			3195	0.000186		
3196	1.228076			3196	0.001824		
3197	1.2275			3197	0		
3198	1.22809			3198	0		
3199	1.228268			3199	0		
3200	1.228377			3200	0		
3201	1.228456			3201	0		
3202	1.228519			3202	0		
3203	1.228572			3203	0		
3204	1.228619			3204	0		
3205	1.228662			3205	0		
3206	1.228701			3206	0		
3207	1.228737			3207	0		
3208	1.228771			3208	0		
3209	1.228804			3209	0		
3210	1.228836			3210	0		
3211	1.228866			3211	0		
3212	1.228896			3212	0		
3213	1.228925			3213	0		
3214	1.228953			3214	0		
3215	1.22898			3215	0		
3216	1.229008			3216	0		
3217	1.229035			3217	0		
3218	1.229062			3218	0		
3219	1.229091			3219	0		
3220	1.229131			3220	0		
3221	1.229133			3221	5.2E-5		
3222	1.229134			3222	0		
3223	1.229173			3223	0		
3224	1.229201			3224	0		
3225	1.229226			3225	0		
3226	1.229251			3226	0		
3227	1.229275			3227	0		
3228	1.229299			3228	0		
3229	1.229323			3229	0		
3230	1.229347			3230	0		
3231	1.22937			3231	0		
3232	1.229393			3232	0		
3233	1.229416			3233	0		
3234	1.229439			3234	0		
3235	1.229462			3235	0		
3236	1.229484			3236	0		
3237	1.229507			3237	0		
3238	1.22953			3238	0		
3239	1.229552			3239	0		
3240	1.229574			3240	0		
3241	1.229596			3241	0		
3242	1.229618			3242	0		
3243	1.22964			3243	0		
3244	1.229662			3244	0		
3245	1.229684			3245	0		
3246	1.229706			3246	0		
3247	1.229728			3247	0		
3248	1.229749			3248	0		
3249	1.229771			3249	0		
3250	1.229792			3250	0		
3251	1.229814			3251	0		
3252	1.229836			3252	0		
3253	1.229857			3253	0		
3254	1.229878			3254	0		
3255	1.229899			3255	0		
3256	1.22992			3256	0		
3257	1.229941			3257	0		
3258	1.229963			3258	0		
3259	1.229984			3259	0		
3260	1.230005			3260	0		
3261	1.230026			3261	0		
3262	1.230047			3262	0		
3263	1.230067			3263	0		
3264	1.230088			3264	0		
3265	1.230109			3265	0		
3266	1.23013			3266	0		
3267	1.23015			3267	0		
3268	1.230171			3268	0		
3269	1.230192			3269	0		
3270	1.230212			3270	0		
3271	1.230233			3271	0		
3272	1.230254			3272	0		
3273	1.230274			3273	0		
3274	1.230295			3274	0		
3275	1.230315			3275	0		
3276	1.230336			3276	0		
3277	1.230356			3277	0		
3278	1.230377			3278	0		
3279	1.230398			3279	0		
3280	1.230418			3280	0		
3281	1.230439			3281	0		
3282	1.230459			3282	0		
3283	1.23048			3283	0		
3284	1.230501			3284	0		
3285	1.230522			3285	0		
3286	1.230543			3286	0		
3287	1.230564			3287	0		
3288	1.230586			3288	0		
3289	1.230607			3289	0		
3290	1.230629			3290	0		
3291	1.230652			3291	0		
3292	1.230675			3292	0		
3293	1.230699			3293	0		
3294	1.230725			3294	0		
3295	1.230752			3295	0		
3296	1.230782			3296	0		
3297	1.230818			3297	0		
3298	1.230864			3298	0		
3299	1.230937			3299	0		
3300	1.231183			3300	0		
3301	1.231002			3301	0.000726		
3302	1.230508			3302	0.000428		
3303	1.230541			3303	0		
3304	1.230715			3304	0		
3305	1.230779			3305	0		
3306	1.230822			3306	0		
3307	1.230855			3307	0		
3308	1.230885			3308	0		
3309	1.230911			3309	0		
3310	1.230935			3310	0		
3311	1.230958			3311	0		
3312	1.230981			3312	0		
3313	1.231002			3313	0		
3314	1.231023			3314	0		
3315	1.231044			3315	0		
3316	1.231064			3316	0		
3317	1.231085			3317	0		
3318	1.231104			3318	0		
3319	1.231124			3319	0		
3320	1.231144			3320	0		
3321	1.231163			3321	0		
3322	1.231182			3322	0		
3323	1.231202			3323	0		
3324	1.23122			3324	0		
3325	1.231239			3325	0		
3326	1.231258			3326	0		
3327	1.231277			3327	0		
3328	1.231296			3328	0		
3329	1.231315			3329	0		
3330	1.231333			3330	0		
3331	1.231351			3331	0		
3332	1.23137			3332	0		
3333	1.231388			3333	0		
3334	1.231407			3334	0		
3335	1.231425			3335	0		
3336	1.231443			3336	0		
3337	1.231461			3337	0		
3338	1.23148			3338	0		
3339	1.231498			3339	0		
3340	1.231516			3340	0		
3341	1.231534			3341	0		
3342	1.231552			3342	0		
3343	1.23157			3343	0		
3344	1.231588			3344	0		
3345	1.231606			3345	0		
3346	1.231624			3346	0		
3347	1.231642			3347	0		
3348	1.231659			3348	0		
3349	1.231677			3349	0		
3350	1.231695			3350	0		
3351	1.231713			3351	0		
3352	1.231731			3352	0		
3353	1.231748			3353	0		
3354	1.231766			3354	0		
3355	1.231783			3355	0		
3356	1.231801			3356	0		
3357	1.231819			3357	0		
3358	1.231836			3358	0		
3359	1.231854			3359	0		
3360	1.231871			3360	0		
3361	1.231889			3361	0		
3362	1.231906			3362	0		
3363	1.231923			3363	0		
3364	1.231941			3364	0		
3365	1.231958			3365	0		
3366	1.231976			3366	0		
3367	1.231993			3367	0		
3368	1.23201			3368	0		
3369	1.232028			3369	0		
3370	1.232045			3370	0		
3371	1.232062			3371	0		
3372	1.232079			3372	0		
3373	1.232096			3373	0		
3374	1.232114			3374	0		
3375	1.232131			3375	0		
3376	1.232148			3376	0		
3377	1.232165			3377	0		
3378	1.232182			3378	0		
3379	1.232199			3379	0		
3380	1.232216			3380	0		
3381	1.232233			3381	0		
3382	1.23225			3382	0		
3383	1.232267			3383	0		
3384	1.232285			3384	0		
3385	1.232301			3385	0		
3386	1.232318			3386	0		
3387	1.232335			3387	0		
3388	1.232352			3388	0		
3389	1.232369			3389	0		
3390	1.232386			3390	0		
3391	1.232403			3391	0		
3392	1.23242			3392	0		
3393	1.232437			3393	0		
3394	1.232453			3394	0		
3395	1.23247			3395	0		
3396	1.232487			3396	0		
3397	1.232504			3397	0		
3398	1.232521			3398	0		
3399	1.232538			3399	0		
3400	1.232554			3400	0		
3401	1.232571			3401	0		
3402	1.232588			3402	0		
3403	1.232605			3403	0		
3404	1.232621			3404	0		
3405	1.232638			3405	0		
3406	1.232655			3406	0		
3407	1.232671			3407	0		
3408	1.232688			3408	0		
3409	1.232705			3409	0		
3410	1.232721			3410	0		
3411	1.232738			3411	0		
3412	1.232755			3412	0		
3413	1.232771			3413	0		
3414	1.232788			3414	0		
3415	1.232805			3415	0		
3416	1.232821			3416	0		
3417	1.232838			3417	0		
3418	1.232855			3418	0		
3419	1.232871			3419	0		
3420	1.232888			3420	0		
3421	1.232905			3421	0		
3422	1.232921			3422	0		
3423	1.232938			3423	0		
3424	1.232955			3424	0		
3425	1.232971			3425	0		
3426	1.232988			3426	0		
3427	1.233004			3427	0		
3428	1.233021			3428	0		
3429	1.233038			3429	0		
3430	1.233054			3430	0		
3431	1.233071			3431	0		
3432	1.233087			3432	0		
3433	1.233104			3433	0		
3434	1.233121			3434	0		
3435	1.233137			3435	0		
3436	1.233154			3436	0		
3437	1.23317			3437	0		
3438	1.233187			3438	0		
3439	1.233203			3439	0		
3440	1.23322			3440	0		
3441	1.233237			3441	0		
3442	1.233253			3442	0		
3443	1.23327			3443	0		
3444	1.233287			3444	0		
3445	1.233303			3445	0		
3446	1.23332			3446	0		
3447	1.233337			3447	0		
3448	1.233353			3448	0		
3449	1.23337			3449	0		
3450	1.233387			3450	0		
3451	1.233403			3451	0		
3452	1.23342			3452	0		
3453	1.233437			3453	0		
3454	1.233454			3454	0		
3455	1.23347			3455	0		
3456	1.233487			3456	0		
3457	1.233504			3457	0		
3458	1.233521			3458	0		
3459	1.233538			3459	0		
3460	1.233555			3460	0		
3461	1.233572			3461	0		
3462	1.233588			3462	0		
3463	1.233605			3463	0		
3464	1.233622			3464	0		
3465	1.233639			3465	0		
3466	1.233656			3466	0		
3467	1.233673			3467	0		
3468	1.233691			3468	0		
3469	1.233708			3469	0		
3470	1.233725			3470	0		
3471	1.233742			3471	0		
3472	1.233759			3472	0		
3473	1.233776			3473	0		
3474	1.233793			3474	0		
3475	1.233811			3475	0		
3476	1.233828			3476	0		
3477	1.233845			3477	0		
3478	1.233863			3478	0		
3479	1.23388			3479	0		
3480	1.233898			3480	0		
3481	1.233915			3481	0		
3482	1.233933			3482	0		
3483	1.23395			3483	0		
3484	1.233968			3484	0		
3485	1.233986			3485	0		
3486	1.234003			3486	0		
3487	1.234021			3487	0		
3488	1.234039			3488	0		
3489	1.234057			3489	0		
3490	1.234075			3490	0		
3491	1.234093			3491	0		
3492	1.234111			3492	0		
3493	1.234129			3493	0		
3494	1.234147			3494	0		
3495	1.234165			3495	0		
3496	1.234184			3496	0		
3497	1.234202			3497	0		
3498	1.234221			3498	0		
3499	1.234239			3499	0		
3500	1.234258			3500	0		
3501	1.234277			3501	0		
3502	1.234295			3502	0		
3503	1.234315			3503	0		
3504	1.234334			3504	0		
3505	1.234352			3505	0		
3506	1.234372			3506	0		
3507	1.234391			3507	0		
3508	1.23441			3508	0		
3509	1.23443			3509	0		
3510	1.234449			3510	0		
3511	1.234469			3511	0		
3512	1.234489			3512	0		
3513	1.234509			3513	0		
3514	1.234529			3514	0		
3515	1.234549			3515	0		
3516	1.23457			3516	0		
3517	1.23459			3517	0		
3518	1.234611			3518	0		
3519	1.234632			3519	0		
3520	1.234653			3520	0		
3521	1.234674			3521	0		
3522	1.234695			3522	0		
3523	1.234717			3523	0		
3524	1.234738			3524	0		
3525	1.23476			3525	0		
3526	1.234782			3526	0		
3527	1.234805			3527	0		
3528	1.234827			3528	0		
3529	1.23485			3529	0		
3530	1.234873			3530	0		
3531	1.234896			3531	0		
3532	1.23492			3532	0		
3533	1.234944			3533	0		
3534	1.234968			3534	0		
3535	1.234992			3535	0		
3536	1.235017			3536	0		
3537	1.235042			3537	0		
3538	1.235067			3538	0		
3539	1.235093			3539	0		
3540	1.235119			3540	0		
3541	1.235145			3541	0		
3542	1.235172			3542	0		
3543	1.235199			3543	0		
3544	1.235227			3544	0		
3545	1.235255			3545	0		
3546	1.235284			3546	0		
3547	1.235313			3547	0		
3548	1.235343			3548	0		
3549	1.235373			3549	0		
3550	1.235404			3550	0		
3551	1.235436			3551	0		
3552	1.235468			3552	0		
3553	1.235501			3553	0		
3554	1.235535			3554	0		
3555	1.23557			3555	0		
3556	1.235606			3556	0		
3557	1.235642			3557	0		
3558	1.23568			3558	0		
3559	1.235719			3559	0		
3560	1.235758			3560	0		
3561	1.2358			3561	0		
3562	1.235842			3562	0		
3563	1.235886			3563	0		
3564	1.235932			3564	0		
3565	1.235979			3565	0		
3566	1.236028			3566	0		
3567	1.236079			3567	0		
3568	1.236133			3568	0		
3569	1.236189			3569	0		
3570	1.236248			3570	0		
3571	1.236309			3571	0		
3572	1.236374			3572	0		
3573	1.236442			3573	0		
3574	1.236514			3574	0		
3575	1.236591			3575	0		
3576	1.236673			3576	0		
3577	1.23676			3577	0		
3578	1.236855			3578	0		
3579	1.236956			3579	0		
3580	1.237066			3580	0		
3581	1.237186			3581	0		
3582	1.237317			3582	0		
3583	1.237462			3583	0		
3584	1.237623			3584	0		
3585	1.237804			3585	0		
3586	1.238008			3586	0		
3587	1.238241			3587	0		
3588	1.238511			3588	0		
3589	1.238829			3589	0		
3590	1.239208			3590	0		
3591	1.239672			3591	0		
3592	1.240255			3592	0		
3593	1.241015			3593	0		
3594	1.242058			3594	0		
3595	1.243605			3595	0		
3596	1.246326			3596	0		
3597	1.252982			3597	0.000623		
3598	1.257636			3598	0.013456		
3599	1.249992			3599	0.029345		
3600	1.23246			3600	0.033405		
3601	1.220809			3601	0.021136		
3602	1.220425			3602	0.010215		
3603	1.223307			3603	0.006684		
3604	1.224774			3604	0.004725		
3605	1.225628			3605	0.002949		
3606	1.226946			3606	0.000847		
3607	1.228769			3607	0		
3608	1.230069			3608	0		
3609	1.230864			3609	0		
3610	1.231451			3610	0		
3611	1.231911			3611	0		
3612	1.232285			3612	0		
3613	1.232598			3613	0		
3614	1.232865			3614	0		
3615	1.233097			3615	0		
3616	1.233301			3616	0		
3617	1.233482			3617	0		
3618	1.233645			3618	0		
3619	1.233793			3619	0		
3620	1.233928			3620	0		
3621	1.234053			3621	0		
3622	1.234168			3622	0		
3623	1.234276			3623	0		
3624	1.234377			3624	0		
3625	1.234472			3625	0		
3626	1.234562			3626	0		
3627	1.234648			3627	0		
3628	1.234729			3628	0		
3629	1.234808			3629	0		
3630	1.234883			3630	0		
3631	1.234956			3631	0		
3632	1.235027			3632	0		
3633	1.235095			3633	0		
3634	1.235162			3634	0		
3635	1.235227			3635	0		
3636	1.235291			3636	0		
3637	1.235354			3637	0		
3638	1.235415			3638	0		
3639	1.235476			3639	0		
3640	1.235536			3640	0		
3641	1.235596			3641	0		
3642	1.235655			3642	0		
3643	1.235714			3643	0		
3644	1.235773			3644	0		
3645	1.235831			3645	0		
3646	1.23589			3646	0		
3647	1.235949			3647	0		
3648	1.236008			3648	0		
3649	1.236067			3649	0		
3650	1.236127			3650	0		
3651	1.236187			3651	0		
3652	1.236248			3652	0		
3653	1.23631			3653	0		
3654	1.236372			3654	0		
3655	1.236435			3655	0		
3656	1.236499			3656	0		
3657	1.236565			3657	0		
3658	1.236632			3658	0		
3659	1.2367			3659	0		
3660	1.23677			3660	0		
3661	1.236841			3661	0		
3662	1.236915			3662	0		
3663	1.23699			3663	0		
3664	1.237067			3664	0		
3665	1.237147			3665	0		
3666	1.237229			3666	0		
3667	1.237315			3667	0		
3668	1.237403			3668	0		
3669	1.237494			3669	0		
3670	1.23759			3670	0		
3671	1.237689			3671	0		
3672	1.237792			3672	0		
3673	1.2379			3673	0		
3674	1.238013			3674	0		
3675	1.238132			3675	0		
3676	1.238256			3676	0		
3677	1.238388			3677	0		
3678	1.238527			3678	0		
3679	1.238674			3679	0		
3680	1.23883			3680	0		
3681	1.238997			3681	0		
3682	1.239174			3682	0		
3683	1.239365			3683	0		
3684	1.23957			3684	0		
3685	1.239791			3685	0		
3686	1.24003			3686	0		
3687	1.240291			3687	0		
3688	1.240576			3688	0		
3689	1.240889			3689	0		
3690	1.241235			3690	0		
3691	1.241619			3691	0		
3692	1.24205			3692	0		
3693	1.242536			3693	0		
3694	1.243089			3694	0		
3695	1.243726			3695	0		
3696	1.244468			3696	0		
3697	1.245345			3697	0		
3698	1.2464			3698	0		
3699	1.247698			3699	0		
3700	1.249339			3700	0		
3701	1.251502			3701	0		
3702	1.254538			3702	0		
3703	1.259636			3703	0		
3704	1.267279			3704	0.002669		
3705	1.277408			3705	0.009685		
3706	1.286572			3706	0.027854		
3707	1.281235			3707	0.059008		
3708	1.251088			3708	0.086298		
3709	1.212458			3709	0.078492		
3710	1.192099			3710	0.04974		
3711	1.192444			3711	0.025601		
3712	1.199309			3712	0.014789		
3713	1.204906			3713	0.00867		
3714	1.209398			3714	0.004891		
3715	1.213374			3715	0.001949		
3716	1.217411			3716	0.000366		
3717	1.220388			3717	0.000913		
3718	1.221786			3718	0.00123		
3719	1.222564			3719	0.001028		
3720	1.223628			3720	9.7E-5		
3721	1.224924			3721	0		
3722	1.225858			3722	0		
3723	1.226599			3723	0		
3724	1.227222			3724	0		
3725	1.227758			3725	0		
3726	1.228226			3726	0		
3727	1.228639			3727	0		
3728	1.229007			3728	0		
3729	1.229338			3729	0		
3730	1.229637			3730	0		
3731	1.229908			3731	0		
3732	1.230157			3732	0		
3733	1.230385			3733	0		
3734	1.230595			3734	0		
3735	1.230789			3735	0		
3736	1.230969			3736	0		
3737	1.231138			3737	0		
3738	1.231295			3738	0		
3739	1.231442			3739	0		
3740	1.23158			3740	0		
3741	1.23171			3741	0		
3742	1.231833			3742	0		
3743	1.231949			3743	0		
3744	1.232058			3744	0		
3745	1.232163			3745	0		
3746	1.232262			3746	0		
3747	1.232356			3747	0		
3748	1.232446			3748	0		
3749	1.232532			3749	0		
3750	1.232614			3750	0		
3751	1.232692			3751	0		
3752	1.232768			3752	0		
3753	1.23284			3753	0		
3754	1.23291			3754	0		
3755	1.232977			3755	0		
3756	1.233041			3756	0		
3757	1.233103			3757	0		
3758	1.233163			3758	0		
3759	1.233221			3759	0		
3760	1.233277			3760	0		
3761	1.233331			3761	0		
3762	1.233383			3762	0		
3763	1.233434			3763	0		
3764	1.233483			3764	0		
3765	1.233531			3765	0		
3766	1.233578			3766	0		
3767	1.233623			3767	0		
3768	1.233667			3768	0		
3769	1.233709			3769	0		
3770	1.233751			3770	0		
3771	1.233791			3771	0		
3772	1.233831			3772	0		
3773	1.233869			3773	0		
3774	1.233907			3774	0		
3775	1.233944			3775	0		
3776	1.23398			3776	0		
3777	1.234015			3777	0		
3778	1.234049			3778	0		
3779	1.234082			3779	0		
3780	1.234115			3780	0		
3781	1.234147			3781	0		
3782	1.234179			3782	0		
3783	1.234209			3783	0		
3784	1.23424			3784	0		
3785	1.234269			3785	0		
3786	1.234298			3786	0		
3787	1.234327			3787	0		
3788	1.234355			3788	0		
3789	1.234383			3789	0		
3790	1.234409			3790	0		
3791	1.234436			3791	0		
3792	1.234462			3792	0		
3793	1.234488			3793	0		
3794	1.234513			3794	0		
3795	1.234538			3795	0		
3796	1.234562			3796	0		
3797	1.234586			3797	0		
3798	1.23461			3798	0		
3799	1.234633			3799	0		
3800	1.234656			3800	0		
3801	1.234679			3801	0		
3802	1.234701			3802	0		
3803	1.234723			3803	0		
3804	1.234745			3804	0		
3805	1.234766			3805	0		
3806	1.234788			3806	0		
3807	1.234809			3807	0		
3808	1.234829			3808	0		
3809	1.234849			3809	0		
3810	1.234869			3810	0		
3811	1.234889			3811	0		
3812	1.234909			3812	0		
3813	1.234928			3813	0		
3814	1.234948			3814	0		
3815	1.234966			3815	0		
3816	1.234985			3816	0		
3817	1.235003			3817	0		
3818	1.235022			3818	0		
3819	1.23504			3819	0		
3820	1.235058			3820	0		
3821	1.235075			3821	0		
3822	1.235093			3822	0		
3823	1.23511			3823	0		
3824	1.235127			3824	0		
3825	1.235144			3825	0		
3826	1.235161			3826	0		
3827	1.235178			3827	0		
3828	1.235194			3828	0		
3829	1.235211			3829	0		
3830	1.235227			3830	0		
3831	1.235243			3831	0		
3832	1.235258			3832	0		
3833	1.235274			3833	0		
3834	1.23529			3834	0		
3835	1.235305			3835	0		
3836	1.23532			3836	0		
3837	1.235336			3837	0		
3838	1.235351			3838	0		
3839	1.235366			3839	0		
3840	1.23538			3840	0		
3841	1.235395			3841	0		
3842	1.235409			3842	0		
3843	1.235424			3843	0		
3844	1.235438			3844	0		
3845	1.235453			3845	0		
3846	1.235467			3846	0		
3847	1.235481			3847	0		
3848	1.235495			3848	0		
3849	1.235508			3849	0		
3850	1.235522			3850	0		
3851	1.235536			3851	0		
3852	1.235549			3852	0		
3853	1.235563			3853	0		
3854	1.235576			3854	0		
3855	1.235589			3855	0		
3856	1.235602			3856	0		
3857	1.235615			3857	0		
3858	1.235628			3858	0		
3859	1.235641			3859	0		
3860	1.235654			3860	0		
3861	1.235667			3861	0		
3862	1.235679			3862	0		
3863	1.235692			3863	0		
3864	1.235705			3864	0		
3865	1.235717			3865	0		
3866	1.235729			3866	0		
3867	1.235741			3867	0		
3868	1.235754			3868	0		
3869	1.235766			3869	0		
3870	1.235778			3870	0		
3871	1.23579			3871	0		
3872	1.235802			3872	0		
3873	1.235813			3873	0		
3874	1.235825			3874	0		
3875	1.235837			3875	0		
3876	1.235849			3876	0		
3877	1.23586			3877	0		
3878	1.235872			3878	0		
3879	1.235883			3879	0		
3880	1.235895			3880	0		
3881	1.235906			3881	0		
3882	1.235917			3882	0		
3883	1.235929			3883	0		
3884	1.23594			3884	0		
3885	1.235951			3885	0		
3886	1.235962			3886	0		
3887	1.235973			3887	0		
3888	1.235984			3888	0		
3889	1.235995			3889	0		
3890	1.236006			3890	0		
3891	1.236016			3891	0		
3892	1.236027			3892	0		
3893	1.236038			3893	0		
3894	1.236048			3894	0		
3895	1.236059			3895	0		
3896	1.23607			3896	0		
3897	1.23608			3897	0		
3898	1.236091			3898	0		
3899	1.236101			3899	0		
3900	1.236111			3900	0		
3901	1.236122			3901	0		
3902	1.236132			3902	0		
3903	1.236143			3903	0		
3904	1.236153			3904	0		
3905	1.236163			3905	0		
3906	1.236173			3906	0		
3907	1.236183			3907	0		
3908	1.236193			3908	0		
3909	1.236203			3909	0		
3910	1.236213			3910	0		
3911	1.236223			3911	0		
3912	1.236233			3912	0		
3913	1.236243			3913	0		
3914	1.236252			3914	0		
3915	1.236262			3915	0		
3916	1.236272			3916	0		
3917	1.236282			3917	0		
3918	1.236291			3918	0		
3919	1.236301			3919	0		
3920	1.236311			3920	0		
3921	1.23632			3921	0		
3922	1.23633			3922	0		
3923	1.23634			3923	0		
3924	1.236349			3924	0		
3925	1.236358			3925	0		
3926	1.236368			3926	0		
3927	1.236377			3927	0		
3928	1.236387			3928	0		
3929	1.236396			3929	0		
3930	1.236405			3930	0		
3931	1.236415			3931	0		
3932	1.236424			3932	0		
3933	1.236433			3933	0		
3934	1.236442			3934	0		
3935	1.236451			3935	0		
3936	1.236461			3936	0		
3937	1.23647			3937	0		
3938	1.236479			3938	0		
3939	1.236488			3939	0		
3940	1.236497			3940	0		
3941	1.236506			3941	0		
3942	1.236515			3942	0		
3943	1.236524			3943	0		
3944	1.236533			3944	0		
3945	1.236542			3945	0		
3946	1.236551			3946	0		
3947	1.23656			3947	0		
3948	1.236569			3948	0		
3949	1.236578			3949	0		
3950	1.236587			3950	0		
3951	1.236596			3951	0		
3952	1.236605			3952	0		
3953	1.236614			3953	0		
3954	1.236622			3954	0		
3955	1.236631			3955	0		
3956	1.23664			3956	0		
3957	1.236649			3957	0		
3958	1.236658			3958	0		
3959	1.236666			3959	0		
3960	1.236675			3960	0		
3961	1.236684			3961	0		
3962	1.236693			3962	0		
3963	1.236702			3963	0		
3964	1.23671			3964	0		
3965	1.236719			3965	0		
3966	1.236728			3966	0		
3967	1.236737			3967	0		
3968	1.236746			3968	0		
3969	1.236755			3969	0		
3970	1.236763			3970	0		
3971	1.236772			3971	0		
3972	1.236781			3972	0		
3973	1.23679			3973	0		
3974	1.236799			3974	0		
3975	1.236808			3975	0		
3976	1.236817			3976	0		
3977	1.236826			3977	0		
3978	1.236835			3978	0		
3979	1.236844			3979	0		
3980	1.236853			3980	0		
3981	1.236863			3981	0		
3982	1.236872			3982	0		
3983	1.236881			3983	0		
3984	1.236891			3984	0		
3985	1.236901			3985	0		
3986	1.23691			3986	0		
3987	1.23692			3987	0		
3988	1.23693			3988	0		
3989	1.236941			3989	0		
3990	1.236951			3990	0		
3991	1.236962			3991	0		
3992	1.236973			3992	0		
3993	1.236984			3993	0		
3994	1.236996			3994	0		
3995	1.237008			3995	0		
3996	1.237021			3996	0		
3997	1.237034			3997	0		
3998	1.237048			3998	0		
3999	1.237064			3999	0		
4000	1.23708			4000	0		
4001	1.237098			4001	0		
4002	1.237118			4002	0		
4003	1.237141			4003	0		
4004	1.237168			4004	0		
4005	1.2372			4005	0		
4006	1.23724			4006	0		
4007	1.237292			4007	0		
4008	1.237367			4008	0		
4009	1.237487			4009	0		
4010	1.237753			4010	0		
4011	1.238416			4011	0.000254		
4012	1.237892			4012	0.002257		
4013	1.236029			4013	0.002177		
4014	1.235668			4014	0		
4015	1.236442			4015	0		
4016	1.236643			4016	0		
4017	1.23675			4017	0		
4018	1.236819			4018	0		
4019	1.236869			4019	0		
4020	1.236906			4020	0		
4021	1.236937			4021	0		
4022	1.236963			4022	0		
4023	1.236985			4023	0		
4024	1.237004			4024	0		
4025	1.237021			4025	0		
4026	1.237037			4026	0		
4027	1.237051			4027	0		
4028	1.237065			4028	0		
4029	1.237078			4029	0		
4030	1.23709			4030	0		
4031	1.237102			4031	0		
4032	1.237113			4032	0		
4033	1.237123			4033	0		
4034	1.237134			4034	0		
4035	1.237144			4035	0		
4036	1.237153			4036	0		
4037	1.237163			4037	0		
4038	1.237172			4038	0		
4039	1.237181			4039	0		
4040	1.23719			4040	0		
4041	1.237199			4041	0		
4042	1.237207			4042	0		
4043	1.237216			4043	0		
4044	1.237224			4044	0		
4045	1.237232			4045	0		
4046	1.23724			4046	0		
4047	1.237248			4047	0		
4048	1.237256			4048	0		
4049	1.237264			4049	0		
4050	1.237272			4050	0		
4051	1.23728			4051	0		
4052	1.237288			4052	0		
4053	1.237295			4053	0		
4054	1.237303			4054	0		
4055	1.23731			4055	0		
4056	1.237318			4056	0		
4057	1.237325			4057	0		
4058	1.237333			4058	0		
4059	1.23734			4059	0		
4060	1.237347			4060	0		
4061	1.237355			4061	0		
4062	1.237362			4062	0		
4063	1.237369			4063	0		
4064	1.237376			4064	0		
4065	1.237383			4065	0		
4066	1.237391			4066	0		
4067	1.237398			4067	0		
4068	1.237405			4068	0		
4069	1.237412			4069	0		
4070	1.237419			4070	0		
4071	1.237426			4071	0		
4072	1.237433			4072	0		
4073	1.23744			4073	0		
4074	1.237447			4074	0		
4075	1.237454			4075	0		
4076	1.237461			4076	0		
4077	1.237468			4077	0		
4078	1.237475			4078	0		
4079	1.237482			4079	0		
4080	1.237489			4080	0		
4081	1.237497			4081	0		
4082	1.237504			4082	0		
4083	1.237511			4083	0		
4084	1.237519			4084	0		
4085	1.237526			4085	0		
4086	1.237534			4086	0		
4087	1.237542			4087	0		
4088	1.23755			4088	0		
4089	1.237558			4089	0		
4090	1.237568			4090	0		
4091	1.237579			4091	0		
4092	1.237592			4092	0		
4093	1.237613			4093	0		
4094	1.237683			4094	0		
4095	1.237584			4095	0.000239		
4096	1.237489			4096	0		
4097	1.237563			4097	0		
4098	1.237584			4098	0		
4099	1.237598			4099	0		
4100	1.23761			4100	0		
4101	1.237621			4101	0		
4102	1.237632			4102	0		
4103	1.237643			4103	0		
4104	1.237654			4104	0		
4105	1.237667			4105	0		
4106	1.237683			4106	0		
4107	1.237704			4107	0		
4108	1.237737			4108	0		
4109	1.237838			4109	0		
4110	1.237838			4110	0.00027		
4111	1.237564			4111	0.000401		
4112	1.23745			4112	0		
4113	1.237585			4113	0		
4114	1.237622			4114	0		
4115	1.237644			4115	0		
4116	1.237659			4116	0		
4117	1.237672			4117	0		
4118	1.237683			4118	0		
4119	1.237692			4119	0		
4120	1.237701			4120	0		
4121	1.237709			4121	0		
4122	1.237717			4122	0		
4123	1.237725			4123	0		
4124	1.237732			4124	0		
4125	1.237739			4125	0		
4126	1.237746			4126	0		
4127	1.237753			4127	0		
4128	1.23776			4128	0		
4129	1.237766			4129	0		
4130	1.237773			4130	0		
4131	1.237779			4131	0		
4132	1.237786			4132	0		
4133	1.237792			4133	0		
4134	1.237798			4134	0		
4135	1.237805			4135	0		
4136	1.237811			4136	0		
4137	1.237817			4137	0		
4138	1.237823			4138	0		
4139	1.237829			4139	0		
4140	1.237835			4140	0		
4141	1.237841			4141	0		
4142	1.237847			4142	0		
4143	1.237853			4143	0		
4144	1.237859			4144	0		
4145	1.237865			4145	0		
4146	1.237871			4146	0		
4147	1.237876			4147	0		
4148	1.237882			4148	0		
4149	1.237888			4149	0		
4150	1.237894			4150	0		
4151	1.2379			4151	0		
4152	1.237905			4152	0		
4153	1.237911			4153	0		
4154	1.237917			4154	0		
4155	1.237923			4155	0		
4156	1.237928			4156	0		
4157	1.237934			4157	0		
4158	1.23794			4158	0		
4159	1.237946			4159	0		
4160	1.237951			4160	0		
4161	1.237957			4161	0		
4162	1.237962			4162	0		
4163	1.237968			4163	0		
4164	1.237973			4164	0		
4165	1.237979			4165	0		
4166	1.237985			4166	0		
4167	1.23799			4167	0		
4168	1.237996			4168	0		
4169	1.238001			4169	0		
4170	1.238007			4170	0		
4171	1.238012			4171	0		
4172	1.238018			4172	0		
4173	1.238023			4173	0		
4174	1.238029			4174	0		
4175	1.238034			4175	0		
4176	1.23804			4176	0		
4177	1.238045			4177	0		
4178	1.23805			4178	0		
4179	1.238056			4179	0		
4180	1.238061			4180	0		
4181	1.238067			4181	0		
4182	1.238072			4182	0		
4183	1.238078			4183	0		
4184	1.238083			4184	0		
4185	1.238088			4185	0		
4186	1.238094			4186	0		
4187	1.238099			4187	0		
4188	1.238104			4188	0		
4189	1.23811			4189	0		
4190	1.238115			4190	0		
4191	1.23812			4191	0		
4192	1.238126			4192	0		
4193	1.238131			4193	0		
4194	1.238136			4194	0		
4195	1.238141			4195	0		
4196	1.238147			4196	0		
4197	1.238152			4197	0		
4198	1.238157			4198	0		
4199	1.238162			4199	0		
4200	1.238162			4200	0		