Reference:	"Baratta and Palumbo (1998)"
DOI:	"doi:https://doi.org/10.1364/JOSAA.15.003076"
Sample Type:	"Ice"
Composition:	"CO2 (1)"
Temperature:	"12.5K"
OCdb page:	"https://ocdb.smce.nasa.gov/dataset/2"
n₁ Error Units:	Not Applicable
k₁ Error Units:	Not Applicable

"Wavenumber (cm⁻¹)"	"n₁"	"Dn₁  (+/-)"	"k₁"	"Dk₁  (+/-)"	
500	1.330956		0.009657		
501	1.330956		0.000566		
502	1.336803		0.011215		
503	1.319856		0.029979		
504	1.31074		0		
505	1.320612		0		
506	1.323742		0		
507	1.325962		0		
508	1.328007		0		
509	1.330279		0		
510	1.333987		0		
511	1.335812		0.004806		
512	1.337229		0.004086		
513	1.343456		0.006186		
514	1.344717		0.020593		
515	1.330912		0.032666		
516	1.315405		0.021507		
517	1.319568		0		
518	1.335541		0		
519	1.341086		0.014132		
520	1.336218		0.020571		
521	1.333349		0.019426		
522	1.331837		0.023178		
523	1.327481		0.024928		
524	1.322298		0.024021		
525	1.318187		0.019276		
526	1.319665		0.010527		
527	1.329194		0.005886		
528	1.339193		0.014842		
529	1.3365		0.033815		
530	1.31469		0.046076		
531	1.295664		0.02468		
532	1.301646		0		
533	1.3141		0		
534	1.319676		0		
535	1.326763		0		
536	1.323054		0.014193		
537	1.318818		0.000312		
538	1.324573		0		
539	1.327484		0		
540	1.330086		0		
541	1.333117		0		
542	1.33911		0		
543	1.342546		0.010237		
544	1.337669		0.018773		
545	1.325971		0.022606		
546	1.318669		0.009526		
547	1.323182		0		
548	1.328956		0		
549	1.331765		0		
550	1.334		0		
551	1.336158		0		
552	1.338835		0		
553	1.344455		0.000637		
554	1.340733		0.015148		
555	1.332286		0.007214		
556	1.334535		0		
557	1.338649		0		
558	1.340755		0		
559	1.342498		0		
560	1.344125		0		
561	1.345742		0		
562	1.347422		0		
563	1.34926		0		
564	1.351466		0		
565	1.355633		0		
566	1.354542		0.008088		
567	1.353776		0.000983		
568	1.358478		0.002588		
569	1.36023		0.004549		
570	1.36631		0.001471		
571	1.374476		0.011283		
572	1.371825		0.02745		
573	1.360366		0.034592		
574	1.347324		0.034576		
575	1.333103		0.027619		
576	1.335485		0		
577	1.349506		0		
578	1.361552		0		
579	1.353556		0.025826		
580	1.344976		0		
581	1.354574		0		
582	1.358464		0		
583	1.361797		0		
584	1.363876		0.001366		
585	1.365936		0		
586	1.369221		0		
587	1.373707		0		
588	1.377506		0.004981		
589	1.372482		0.013029		
590	1.369705		0.002047		
591	1.375395		0		
592	1.379926		0		
593	1.384171		0		
594	1.389433		0		
595	1.399286		0		
596	1.411003		0.012269		
597	1.407487		0.039821		
598	1.376086		0.058151		
599	1.354259		0.02291		
600	1.365099		0		
601	1.378485		0		
602	1.384703		0		
603	1.389421		0		
604	1.393579		0		
605	1.397601		0		
606	1.401897		0		
607	1.408204		0		
608	1.413589		0.006873		
609	1.407113		0.017944		
610	1.402373		0.004524		
611	1.40906		0		
612	1.414969		0		
613	1.419373		0		
614	1.423509		0		
615	1.427602		0		
616	1.431744		0		
617	1.435988		0		
618	1.440373		0		
619	1.444948		0		
620	1.449987		0.000102		
621	1.454636		5.2E-5		
622	1.459527		1.3E-5		
623	1.465738		4.0E-6		
624	1.471402		5.0E-6		
625	1.477267		1.4E-5		
626	1.484029		6.0E-6		
627	1.492385		0.000174		
628	1.503064		0.000979		
629	1.506611		0.012441		
630	1.506413		0.007728		
631	1.515491		0.000127		
632	1.528016		0.000156		
633	1.540491		0.001071		
634	1.55024		0.005977		
635	1.559225		0.003694		
636	1.575866		0.000514		
637	1.595654		0.006214		
638	1.608989		0.021168		
639	1.612364		0.030174		
640	1.615307		0.026819		
641	1.62866		0.014577		
642	1.654021		0.005595		
643	1.683774		0.009075		
644	1.707888		0.016863		
645	1.731078		0.014755		
646	1.76453		0.00833		
647	1.810707		0.001413		
648	1.8695		0.002557		
649	1.944045		0.004921		
650	2.043835		0.021539		
651	2.169384		0.068246		
652	2.328179		0.160425		
653	2.490347		0.374574		
654	2.51242		0.759318		
655	2.251595		1.12789		
656	1.886784		1.111141		
657	1.796861		0.8185		
658	1.990114		0.750373		
659	2.148713		0.996835		
660	2.07619		1.348002		
661	1.827505		1.560675		
662	1.552896		1.621569		
663	1.32899		1.596996		
664	1.131616		1.575721		
665	0.967228		1.484882		
666	0.824962		1.436241		
667	0.678068		1.341101		
668	0.57034		1.217037		
669	0.48705		1.114693		
670	0.413214		1.000776		
671	0.347512		0.891328		
672	0.290583		0.754329		
673	0.267579		0.598683		
674	0.277207		0.456629		
675	0.304651		0.332834		
676	0.348224		0.231645		
677	0.411058		0.155379		
678	0.487496		0.078438		
679	0.575534		0.02063		
680	0.657886		3.0E-6		
681	0.71868		5.0E-6		
682	0.762415		0.000161		
683	0.79859		0.00021		
684	0.827873		4.0E-6		
685	0.85334		8.0E-6		
686	0.875882		9.0E-6		
687	0.896072		0.000194		
688	0.913867		0.001788		
689	0.930897		0.000524		
690	0.94533		8.0E-6		
691	0.958803		0.000224		
692	0.9709		8.0E-6		
693	0.982581		1.0E-6		
694	0.99335		1.0E-6		
695	1.003713		8.0E-6		
696	1.015134		6.0E-6		
697	1.026498		0.004936		
698	1.024353		0.018433		
699	1.034526		4.2E-5		
700	1.036869		0		
701	1.046065		0		
702	1.052632		0.003908		
703	1.055395		0.00506		
704	1.059338		0.001714		
705	1.065751		0		
706	1.071936		0		
707	1.077386		0		
708	1.082676		0		
709	1.08869		0		
710	1.093008		0.003652		
711	1.093747		0.004913		
712	1.09716		0		
713	1.103658		0		
714	1.11028		0.00024		
715	1.117743		0.003799		
716	1.120797		0.013647		
717	1.11529		0.021742		
718	1.106352		0.019539		
719	1.104534		0.007858		
720	1.110328		0.001583		
721	1.116632		0		
722	1.121463		0		
723	1.125538		0		
724	1.13099		0		
725	1.132499		0.007317		
726	1.12895		0.007098		
727	1.1298		0.000961		
728	1.134029		0		
729	1.137082		0		
730	1.139535		0		
731	1.141755		0		
732	1.143828		0		
733	1.145792		0		
734	1.147667		0		
735	1.149466		0		
736	1.151199		0		
737	1.152871		0		
738	1.154488		0		
739	1.156054		0		
740	1.157573		0		
741	1.159047		0		
742	1.16048		0		
743	1.161874		0		
744	1.163231		0		
745	1.164554		0		
746	1.165843		0		
747	1.167102		0		
748	1.168331		0		
749	1.169533		0		
750	1.17071		0		
751	1.171864		0		
752	1.172997		0		
753	1.174112		0		
754	1.175214		0		
755	1.176307		0		
756	1.177401		0		
757	1.178512		0		
758	1.179673		0		
759	1.180977		0		
760	1.183038		0		
761	1.184525		0.002615		
762	1.18263		0.005652		
763	1.180339		0.003143		
764	1.181516		0		
765	1.183622		0		
766	1.184834		0		
767	1.185858		0		
768	1.186796		0		
769	1.187684		0		
770	1.188542		0		
771	1.189381		0		
772	1.190212		0		
773	1.191054		0		
774	1.192012		0		
775	1.192726		0.000477		
776	1.193184		0.000402		
777	1.194058		0		
778	1.195323		0		
779	1.197747		0		
780	1.197441		0.00518		
781	1.19382		0.00464		
782	1.193922		0		
783	1.196276		0		
784	1.19759		0		
785	1.199403		0		
786	1.199951		0.002677		
787	1.199005		0.00296		
788	1.197959		0.002993		
789	1.19795		0.000703		
790	1.199372		0		
791	1.200599		0		
792	1.201982		0		
793	1.202623		0.001741		
794	1.201239		0.002762		
795	1.201077		0		
796	1.202496		0		
797	1.203269		0		
798	1.204082		0		
799	1.204312		0.000734		
800	1.204513		0		
801	1.205216		0		
802	1.205742		0		
803	1.206233		0		
804	1.206703		0		
805	1.207158		0		
806	1.207601		0		
807	1.208035		0		
808	1.208459		0		
809	1.208876		0		
810	1.209285		0		
811	1.209686		0		
812	1.210081		0		
813	1.21047		0		
814	1.210853		0		
815	1.211229		0		
816	1.2116		0		
817	1.211966		0		
818	1.212327		0		
819	1.212682		0		
820	1.213033		0		
821	1.213379		0		
822	1.21372		0		
823	1.214056		0		
824	1.214389		0		
825	1.214717		0		
826	1.215042		0		
827	1.215361		0		
828	1.215678		0		
829	1.215991		0		
830	1.216299		0		
831	1.216605		0		
832	1.216907		0		
833	1.217206		0		
834	1.217502		0		
835	1.217795		0		
836	1.218086		0		
837	1.218375		0		
838	1.218662		0		
839	1.218948		0		
840	1.219235		0		
841	1.219525		0		
842	1.219826		0		
843	1.220202		0		
844	1.22037		0.000322		
845	1.220544		6.5E-5		
846	1.220845		0.000201		
847	1.221033		0.000152		
848	1.221394		0		
849	1.22214		0		
850	1.222076		0.001368		
851	1.221387		0.000951		
852	1.221454		0.000304		
853	1.221902		0		
854	1.222314		0		
855	1.222614		0		
856	1.222883		0		
857	1.223136		0		
858	1.223379		0		
859	1.223615		0		
860	1.223846		0		
861	1.224072		0		
862	1.224295		0		
863	1.224514		0		
864	1.224729		0		
865	1.224943		0		
866	1.225153		0		
867	1.225361		0		
868	1.225566		0		
869	1.225769		0		
870	1.225971		0		
871	1.226169		0		
872	1.226366		0		
873	1.226561		0		
874	1.226754		0		
875	1.226945		0		
876	1.227134		0		
877	1.227321		0		
878	1.227507		0		
879	1.227691		0		
880	1.227873		0		
881	1.228053		0		
882	1.228232		0		
883	1.228409		0		
884	1.228585		0		
885	1.228759		0		
886	1.228932		0		
887	1.229103		0		
888	1.229273		0		
889	1.229442		0		
890	1.229609		0		
891	1.229775		0		
892	1.229939		0		
893	1.230103		0		
894	1.230265		0		
895	1.230426		0		
896	1.230586		0		
897	1.230745		0		
898	1.230903		0		
899	1.23106		0		
900	1.231216		0		
901	1.231372		0		
902	1.231527		0		
903	1.231682		0		
904	1.231837		0		
905	1.231992		0		
906	1.232148		0		
907	1.232305		0		
908	1.232464		0		
909	1.232628		0		
910	1.232797		0		
911	1.232977		0		
912	1.233176		0		
913	1.233415		0		
914	1.233758		0		
915	1.234796		0		
916	1.233867		0.003067		
917	1.23218		0.001051		
918	1.232691		0		
919	1.233289		0		
920	1.233564		0		
921	1.233772		0		
922	1.23395		0		
923	1.234111		0		
924	1.234262		0		
925	1.234406		0		
926	1.234546		0		
927	1.234681		0		
928	1.234814		0		
929	1.234944		0		
930	1.235071		0		
931	1.235197		0		
932	1.235321		0		
933	1.235443		0		
934	1.235565		0		
935	1.235685		0		
936	1.235803		0		
937	1.235921		0		
938	1.236037		0		
939	1.236152		0		
940	1.236267		0		
941	1.23638		0		
942	1.236493		0		
943	1.236604		0		
944	1.236715		0		
945	1.236825		0		
946	1.236934		0		
947	1.237041		0		
948	1.237149		0		
949	1.237255		0		
950	1.237361		0		
951	1.237466		0		
952	1.23757		0		
953	1.237674		0		
954	1.237777		0		
955	1.237879		0		
956	1.23798		0		
957	1.238081		0		
958	1.238181		0		
959	1.23828		0		
960	1.238379		0		
961	1.238477		0		
962	1.238574		0		
963	1.238671		0		
964	1.238767		0		
965	1.238863		0		
966	1.238958		0		
967	1.239052		0		
968	1.239146		0		
969	1.239239		0		
970	1.239331		0		
971	1.239423		0		
972	1.239515		0		
973	1.239605		0		
974	1.239696		0		
975	1.239785		0		
976	1.239875		0		
977	1.239963		0		
978	1.240051		0		
979	1.240139		0		
980	1.240226		0		
981	1.240312		0		
982	1.240398		0		
983	1.240484		0		
984	1.240569		0		
985	1.240653		0		
986	1.240738		0		
987	1.240821		0		
988	1.240904		0		
989	1.240987		0		
990	1.241069		0		
991	1.24115		0		
992	1.241232		0		
993	1.241313		0		
994	1.241393		0		
995	1.241472		0		
996	1.241552		0		
997	1.241631		0		
998	1.241709		0		
999	1.241788		0		
1000	1.241865		0		
1001	1.241943		0		
1002	1.242019		0		
1003	1.242095		0		
1004	1.242171		0		
1005	1.242247		0		
1006	1.242322		0		
1007	1.242397		0		
1008	1.242471		0		
1009	1.242545		0		
1010	1.242619		0		
1011	1.242692		0		
1012	1.242765		0		
1013	1.242838		0		
1014	1.24291		0		
1015	1.242981		0		
1016	1.243053		0		
1017	1.243124		0		
1018	1.243194		0		
1019	1.243265		0		
1020	1.243335		0		
1021	1.243404		0		
1022	1.243473		0		
1023	1.243543		0		
1024	1.243611		0		
1025	1.243679		0		
1026	1.243747		0		
1027	1.243815		0		
1028	1.243882		0		
1029	1.243949		0		
1030	1.244015		0		
1031	1.244081		0		
1032	1.244148		0		
1033	1.244213		0		
1034	1.244278		0		
1035	1.244343		0		
1036	1.244408		0		
1037	1.244472		0		
1038	1.244536		0		
1039	1.2446		0		
1040	1.244664		0		
1041	1.244727		0		
1042	1.24479		0		
1043	1.244852		0		
1044	1.244915		0		
1045	1.244977		0		
1046	1.245039		0		
1047	1.2451		0		
1048	1.245161		0		
1049	1.245222		0		
1050	1.245283		0		
1051	1.245343		0		
1052	1.245403		0		
1053	1.245463		0		
1054	1.245523		0		
1055	1.245582		0		
1056	1.245641		0		
1057	1.2457		0		
1058	1.245759		0		
1059	1.245817		0		
1060	1.245875		0		
1061	1.245933		0		
1062	1.24599		0		
1063	1.246048		0		
1064	1.246105		0		
1065	1.246162		0		
1066	1.246218		0		
1067	1.246275		0		
1068	1.246331		0		
1069	1.246387		0		
1070	1.246443		0		
1071	1.246498		0		
1072	1.246553		0		
1073	1.246608		0		
1074	1.246663		0		
1075	1.246717		0		
1076	1.246772		0		
1077	1.246826		0		
1078	1.24688		0		
1079	1.246934		0		
1080	1.246987		0		
1081	1.24704		0		
1082	1.247093		0		
1083	1.247146		0		
1084	1.247199		0		
1085	1.247251		0		
1086	1.247303		0		
1087	1.247355		0		
1088	1.247407		0		
1089	1.247459		0		
1090	1.24751		0		
1091	1.247562		0		
1092	1.247613		0		
1093	1.247663		0		
1094	1.247714		0		
1095	1.247765		0		
1096	1.247815		0		
1097	1.247865		0		
1098	1.247915		0		
1099	1.247965		0		
1100	1.248015		0		
1101	1.248064		0		
1102	1.248113		0		
1103	1.248162		0		
1104	1.248211		0		
1105	1.24826		0		
1106	1.248308		0		
1107	1.248356		0		
1108	1.248405		0		
1109	1.248453		0		
1110	1.248501		0		
1111	1.248548		0		
1112	1.248596		0		
1113	1.248643		0		
1114	1.24869		0		
1115	1.248737		0		
1116	1.248784		0		
1117	1.248831		0		
1118	1.248877		0		
1119	1.248924		0		
1120	1.24897		0		
1121	1.249016		0		
1122	1.249062		0		
1123	1.249108		0		
1124	1.249153		0		
1125	1.249199		0		
1126	1.249244		0		
1127	1.249289		0		
1128	1.249335		0		
1129	1.249379		0		
1130	1.249424		0		
1131	1.249469		0		
1132	1.249513		0		
1133	1.249557		0		
1134	1.249602		0		
1135	1.249646		0		
1136	1.249689		0		
1137	1.249733		0		
1138	1.249777		0		
1139	1.249821		0		
1140	1.249864		0		
1141	1.249907		0		
1142	1.24995		0		
1143	1.249993		0		
1144	1.250036		0		
1145	1.250079		0		
1146	1.250121		0		
1147	1.250164		0		
1148	1.250206		0		
1149	1.250248		0		
1150	1.250291		0		
1151	1.250333		0		
1152	1.250375		0		
1153	1.250416		0		
1154	1.250458		0		
1155	1.250499		0		
1156	1.250541		0		
1157	1.250582		0		
1158	1.250623		0		
1159	1.250664		0		
1160	1.250705		0		
1161	1.250746		0		
1162	1.250786		0		
1163	1.250827		0		
1164	1.250867		0		
1165	1.250908		0		
1166	1.250948		0		
1167	1.250988		0		
1168	1.251028		0		
1169	1.251068		0		
1170	1.251108		0		
1171	1.251148		0		
1172	1.251187		0		
1173	1.251227		0		
1174	1.251266		0		
1175	1.251306		0		
1176	1.251345		0		
1177	1.251384		0		
1178	1.251423		0		
1179	1.251462		0		
1180	1.2515		0		
1181	1.251539		0		
1182	1.251578		0		
1183	1.251616		0		
1184	1.251655		0		
1185	1.251693		0		
1186	1.251731		0		
1187	1.251769		0		
1188	1.251807		0		
1189	1.251846		0		
1190	1.251883		0		
1191	1.251921		0		
1192	1.251959		0		
1193	1.251996		0		
1194	1.252034		0		
1195	1.252071		0		
1196	1.252108		0		
1197	1.252146		0		
1198	1.252183		0		
1199	1.25222		0		
1200	1.252257		0		
1201	1.252294		0		
1202	1.252331		0		
1203	1.252367		0		
1204	1.252404		0		
1205	1.252441		0		
1206	1.252477		0		
1207	1.252514		0		
1208	1.25255		0		
1209	1.252586		0		
1210	1.252622		0		
1211	1.252658		0		
1212	1.252694		0		
1213	1.25273		0		
1214	1.252766		0		
1215	1.252802		0		
1216	1.252838		0		
1217	1.252873		0		
1218	1.252909		0		
1219	1.252945		0		
1220	1.25298		0		
1221	1.253016		0		
1222	1.253051		0		
1223	1.253086		0		
1224	1.253121		0		
1225	1.253156		0		
1226	1.253191		0		
1227	1.253226		0		
1228	1.253261		0		
1229	1.253296		0		
1230	1.253331		0		
1231	1.253365		0		
1232	1.2534		0		
1233	1.253435		0		
1234	1.253469		0		
1235	1.253503		0		
1236	1.253538		0		
1237	1.253572		0		
1238	1.253606		0		
1239	1.25364		0		
1240	1.253674		0		
1241	1.253708		0		
1242	1.253743		0		
1243	1.253776		0		
1244	1.25381		0		
1245	1.253844		0		
1246	1.253878		0		
1247	1.253911		0		
1248	1.253945		0		
1249	1.253979		0		
1250	1.254012		0		
1251	1.254046		0		
1252	1.254079		0		
1253	1.254112		0		
1254	1.254146		0		
1255	1.254179		0		
1256	1.254212		0		
1257	1.254245		0		
1258	1.254278		0		
1259	1.254312		0		
1260	1.254345		0		
1261	1.254377		0		
1262	1.25441		0		
1263	1.254443		0		
1264	1.254476		0		
1265	1.254509		0		
1266	1.254541		0		
1267	1.254574		0		
1268	1.254607		0		
1269	1.254639		0		
1270	1.254672		0		
1271	1.254704		0		
1272	1.254737		0		
1273	1.254769		0		
1274	1.254801		0		
1275	1.254834		0		
1276	1.254866		0		
1277	1.254898		0		
1278	1.25493		0		
1279	1.254962		0		
1280	1.254994		0		
1281	1.255026		0		
1282	1.255058		0		
1283	1.25509		0		
1284	1.255122		0		
1285	1.255154		0		
1286	1.255186		0		
1287	1.255218		0		
1288	1.255249		0		
1289	1.255281		0		
1290	1.255313		0		
1291	1.255344		0		
1292	1.255376		0		
1293	1.255407		0		
1294	1.255439		0		
1295	1.25547		0		
1296	1.255502		0		
1297	1.255533		0		
1298	1.255564		0		
1299	1.255596		0		
1300	1.255627		0		
1301	1.255658		0		
1302	1.255689		0		
1303	1.255721		0		
1304	1.255752		0		
1305	1.255783		0		
1306	1.255814		0		
1307	1.255845		0		
1308	1.255876		0		
1309	1.255907		0		
1310	1.255938		0		
1311	1.255969		0		
1312	1.256		0		
1313	1.256031		0		
1314	1.256061		0		
1315	1.256092		0		
1316	1.256123		0		
1317	1.256154		0		
1318	1.256184		0		
1319	1.256215		0		
1320	1.256246		0		
1321	1.256276		0		
1322	1.256307		0		
1323	1.256338		0		
1324	1.256368		0		
1325	1.256399		0		
1326	1.256429		0		
1327	1.25646		0		
1328	1.25649		0		
1329	1.256521		0		
1330	1.256551		0		
1331	1.256581		0		
1332	1.256612		0		
1333	1.256642		0		
1334	1.256672		0		
1335	1.256703		0		
1336	1.256733		0		
1337	1.256763		0		
1338	1.256793		0		
1339	1.256824		0		
1340	1.256854		0		
1341	1.256884		0		
1342	1.256914		0		
1343	1.256944		0		
1344	1.256974		0		
1345	1.257004		0		
1346	1.257034		0		
1347	1.257064		0		
1348	1.257094		0		
1349	1.257124		0		
1350	1.257154		0		
1351	1.257184		0		
1352	1.257214		0		
1353	1.257244		0		
1354	1.257274		0		
1355	1.257304		0		
1356	1.257334		0		
1357	1.257364		0		
1358	1.257394		0		
1359	1.257423		0		
1360	1.257453		0		
1361	1.257483		0		
1362	1.257513		0		
1363	1.257543		0		
1364	1.257572		0		
1365	1.257602		0		
1366	1.257632		0		
1367	1.257661		0		
1368	1.257691		0		
1369	1.257721		0		
1370	1.257751		0		
1371	1.25778		0		
1372	1.25781		0		
1373	1.25784		0		
1374	1.257869		0		
1375	1.257899		0		
1376	1.257929		0		
1377	1.257958		0		
1378	1.257988		0		
1379	1.258017		0		
1380	1.258047		0		
1381	1.258077		0		
1382	1.258106		0		
1383	1.258136		0		
1384	1.258165		0		
1385	1.258195		0		
1386	1.258225		0		
1387	1.258254		0		
1388	1.258283		0		
1389	1.258313		0		
1390	1.258343		0		
1391	1.258372		0		
1392	1.258401		0		
1393	1.258431		0		
1394	1.25846		0		
1395	1.25849		0		
1396	1.258519		0		
1397	1.258549		0		
1398	1.258578		0		
1399	1.258608		0		
1400	1.258637		0		
1401	1.258667		0		
1402	1.258696		0		
1403	1.258726		0		
1404	1.258755		0		
1405	1.258785		0		
1406	1.258814		0		
1407	1.258844		0		
1408	1.258873		0		
1409	1.258903		0		
1410	1.258932		0		
1411	1.258961		0		
1412	1.258991		0		
1413	1.25902		0		
1414	1.25905		0		
1415	1.259079		0		
1416	1.259109		0		
1417	1.259138		0		
1418	1.259168		0		
1419	1.259197		0		
1420	1.259227		0		
1421	1.259256		0		
1422	1.259286		0		
1423	1.259315		0		
1424	1.259345		0		
1425	1.259374		0		
1426	1.259403		0		
1427	1.259433		0		
1428	1.259462		0		
1429	1.259492		0		
1430	1.259521		0		
1431	1.259551		0		
1432	1.25958		0		
1433	1.25961		0		
1434	1.25964		0		
1435	1.259669		0		
1436	1.259699		0		
1437	1.259728		0		
1438	1.259758		0		
1439	1.259787		0		
1440	1.259817		0		
1441	1.259846		0		
1442	1.259876		0		
1443	1.259906		0		
1444	1.259935		0		
1445	1.259965		0		
1446	1.259995		0		
1447	1.260024		0		
1448	1.260054		0		
1449	1.260083		0		
1450	1.260113		0		
1451	1.260143		0		
1452	1.260172		0		
1453	1.260202		0		
1454	1.260232		0		
1455	1.260262		0		
1456	1.260291		0		
1457	1.260321		0		
1458	1.260351		0		
1459	1.260381		0		
1460	1.26041		0		
1461	1.26044		0		
1462	1.26047		0		
1463	1.2605		0		
1464	1.26053		0		
1465	1.260559		0		
1466	1.260589		0		
1467	1.260619		0		
1468	1.260649		0		
1469	1.260679		0		
1470	1.260709		0		
1471	1.260739		0		
1472	1.260769		0		
1473	1.260799		0		
1474	1.260829		0		
1475	1.260859		0		
1476	1.260889		0		
1477	1.260919		0		
1478	1.260949		0		
1479	1.260979		0		
1480	1.261009		0		
1481	1.261039		0		
1482	1.26107		0		
1483	1.2611		0		
1484	1.26113		0		
1485	1.26116		0		
1486	1.26119		0		
1487	1.261221		0		
1488	1.261251		0		
1489	1.261281		0		
1490	1.261312		0		
1491	1.261342		0		
1492	1.261372		0		
1493	1.261403		0		
1494	1.261433		0		
1495	1.261463		0		
1496	1.261494		0		
1497	1.261524		0		
1498	1.261555		0		
1499	1.261585		0		
1500	1.261616		0		
1501	1.261646		0		
1502	1.261677		0		
1503	1.261708		0		
1504	1.261738		0		
1505	1.261769		0		
1506	1.2618		0		
1507	1.26183		0		
1508	1.261861		0		
1509	1.261892		0		
1510	1.261923		0		
1511	1.261953		0		
1512	1.261984		0		
1513	1.262015		0		
1514	1.262046		0		
1515	1.262077		0		
1516	1.262108		0		
1517	1.262139		0		
1518	1.26217		0		
1519	1.262201		0		
1520	1.262232		0		
1521	1.262263		0		
1522	1.262294		0		
1523	1.262325		0		
1524	1.262357		0		
1525	1.262388		0		
1526	1.262419		0		
1527	1.26245		0		
1528	1.262482		0		
1529	1.262513		0		
1530	1.262545		0		
1531	1.262576		0		
1532	1.262607		0		
1533	1.262639		0		
1534	1.26267		0		
1535	1.262702		0		
1536	1.262733		0		
1537	1.262765		0		
1538	1.262797		0		
1539	1.262828		0		
1540	1.26286		0		
1541	1.262892		0		
1542	1.262924		0		
1543	1.262956		0		
1544	1.262987		0		
1545	1.263019		0		
1546	1.263051		0		
1547	1.263083		0		
1548	1.263115		0		
1549	1.263148		0		
1550	1.263179		0		
1551	1.263212		0		
1552	1.263244		0		
1553	1.263276		0		
1554	1.263308		0		
1555	1.263341		0		
1556	1.263373		0		
1557	1.263405		0		
1558	1.263438		0		
1559	1.26347		0		
1560	1.263503		0		
1561	1.263535		0		
1562	1.263568		0		
1563	1.2636		0		
1564	1.263633		0		
1565	1.263666		0		
1566	1.263698		0		
1567	1.263731		0		
1568	1.263764		0		
1569	1.263797		0		
1570	1.26383		0		
1571	1.263863		0		
1572	1.263896		0		
1573	1.263929		0		
1574	1.263962		0		
1575	1.263995		0		
1576	1.264028		0		
1577	1.264062		0		
1578	1.264095		0		
1579	1.264128		0		
1580	1.264162		0		
1581	1.264195		0		
1582	1.264229		0		
1583	1.264262		0		
1584	1.264296		0		
1585	1.264329		0		
1586	1.264363		0		
1587	1.264397		0		
1588	1.264431		0		
1589	1.264464		0		
1590	1.264498		0		
1591	1.264532		0		
1592	1.264566		0		
1593	1.2646		0		
1594	1.264634		0		
1595	1.264668		0		
1596	1.264703		0		
1597	1.264737		0		
1598	1.264771		0		
1599	1.264806		0		
1600	1.26484		0		
1601	1.264875		0		
1602	1.264909		0		
1603	1.264944		0		
1604	1.264978		0		
1605	1.265013		0		
1606	1.265048		0		
1607	1.265083		0		
1608	1.265118		0		
1609	1.265152		0		
1610	1.265188		0		
1611	1.265223		0		
1612	1.265258		0		
1613	1.265293		0		
1614	1.265328		0		
1615	1.265363		0		
1616	1.265399		0		
1617	1.265434		0		
1618	1.265469		0		
1619	1.265505		0		
1620	1.265541		0		
1621	1.265576		0		
1622	1.265612		0		
1623	1.265648		0		
1624	1.265684		0		
1625	1.26572		0		
1626	1.265756		0		
1627	1.265792		0		
1628	1.265828		0		
1629	1.265864		0		
1630	1.2659		0		
1631	1.265936		0		
1632	1.265973		0		
1633	1.266009		0		
1634	1.266046		0		
1635	1.266082		0		
1636	1.266119		0		
1637	1.266156		0		
1638	1.266192		0		
1639	1.266229		0		
1640	1.266266		0		
1641	1.266303		0		
1642	1.26634		0		
1643	1.266377		0		
1644	1.266415		0		
1645	1.266452		0		
1646	1.266489		0		
1647	1.266527		0		
1648	1.266564		0		
1649	1.266602		0		
1650	1.266639		0		
1651	1.266677		0		
1652	1.266715		0		
1653	1.266753		0		
1654	1.266791		0		
1655	1.266829		0		
1656	1.266867		0		
1657	1.266905		0		
1658	1.266943		0		
1659	1.266981		0		
1660	1.26702		0		
1661	1.267058		0		
1662	1.267097		0		
1663	1.267136		0		
1664	1.267174		0		
1665	1.267213		0		
1666	1.267252		0		
1667	1.267291		0		
1668	1.26733		0		
1669	1.267369		0		
1670	1.267408		0		
1671	1.267448		0		
1672	1.267487		0		
1673	1.267526		0		
1674	1.267566		0		
1675	1.267606		0		
1676	1.267645		0		
1677	1.267685		0		
1678	1.267725		0		
1679	1.267765		0		
1680	1.267805		0		
1681	1.267845		0		
1682	1.267885		0		
1683	1.267926		0		
1684	1.267966		0		
1685	1.268007		0		
1686	1.268047		0		
1687	1.268088		0		
1688	1.268129		0		
1689	1.26817		0		
1690	1.268211		0		
1691	1.268252		0		
1692	1.268293		0		
1693	1.268335		0		
1694	1.268376		0		
1695	1.268417		0		
1696	1.268459		0		
1697	1.2685		0		
1698	1.268542		0		
1699	1.268584		0		
1700	1.268626		0		
1701	1.268668		0		
1702	1.26871		0		
1703	1.268752		0		
1704	1.268795		0		
1705	1.268837		0		
1706	1.26888		0		
1707	1.268923		0		
1708	1.268965		0		
1709	1.269008		0		
1710	1.269051		0		
1711	1.269094		0		
1712	1.269137		0		
1713	1.26918		0		
1714	1.269224		0		
1715	1.269267		0		
1716	1.269311		0		
1717	1.269355		0		
1718	1.269398		0		
1719	1.269442		0		
1720	1.269486		0		
1721	1.269531		0		
1722	1.269575		0		
1723	1.269619		0		
1724	1.269664		0		
1725	1.269708		0		
1726	1.269753		0		
1727	1.269798		0		
1728	1.269843		0		
1729	1.269888		0		
1730	1.269933		0		
1731	1.269978		0		
1732	1.270024		0		
1733	1.270069		0		
1734	1.270115		0		
1735	1.270161		0		
1736	1.270207		0		
1737	1.270253		0		
1738	1.270299		0		
1739	1.270345		0		
1740	1.270391		0		
1741	1.270438		0		
1742	1.270485		0		
1743	1.270531		0		
1744	1.270578		0		
1745	1.270625		0		
1746	1.270673		0		
1747	1.27072		0		
1748	1.270767		0		
1749	1.270815		0		
1750	1.270862		0		
1751	1.27091		0		
1752	1.270958		0		
1753	1.271006		0		
1754	1.271054		0		
1755	1.271103		0		
1756	1.271151		0		
1757	1.2712		0		
1758	1.271249		0		
1759	1.271297		0		
1760	1.271346		0		
1761	1.271396		0		
1762	1.271445		0		
1763	1.271494		0		
1764	1.271544		0		
1765	1.271593		0		
1766	1.271643		0		
1767	1.271693		0		
1768	1.271744		0		
1769	1.271794		0		
1770	1.271844		0		
1771	1.271895		0		
1772	1.271946		0		
1773	1.271996		0		
1774	1.272048		0		
1775	1.272099		0		
1776	1.27215		0		
1777	1.272201		0		
1778	1.272253		0		
1779	1.272305		0		
1780	1.272357		0		
1781	1.272409		0		
1782	1.272461		0		
1783	1.272513		0		
1784	1.272566		0		
1785	1.272619		0		
1786	1.272672		0		
1787	1.272725		0		
1788	1.272778		0		
1789	1.272831		0		
1790	1.272885		0		
1791	1.272939		0		
1792	1.272993		0		
1793	1.273047		0		
1794	1.273101		0		
1795	1.273155		0		
1796	1.27321		0		
1797	1.273265		0		
1798	1.273319		0		
1799	1.273375		0		
1800	1.27343		0		
1801	1.273485		0		
1802	1.273541		0		
1803	1.273596		0		
1804	1.273652		0		
1805	1.273709		0		
1806	1.273765		0		
1807	1.273822		0		
1808	1.273878		0		
1809	1.273935		0		
1810	1.273992		0		
1811	1.274049		0		
1812	1.274107		0		
1813	1.274164		0		
1814	1.274222		0		
1815	1.27428		0		
1816	1.274338		0		
1817	1.274397		0		
1818	1.274455		0		
1819	1.274514		0		
1820	1.274573		0		
1821	1.274632		0		
1822	1.274691		0		
1823	1.274751		0		
1824	1.274811		0		
1825	1.274871		0		
1826	1.274931		0		
1827	1.274991		0		
1828	1.275052		0		
1829	1.275113		0		
1830	1.275174		0		
1831	1.275235		0		
1832	1.275296		0		
1833	1.275358		0		
1834	1.27542		0		
1835	1.275482		0		
1836	1.275544		0		
1837	1.275607		0		
1838	1.275669		0		
1839	1.275732		0		
1840	1.275795		0		
1841	1.275859		0		
1842	1.275922		0		
1843	1.275986		0		
1844	1.27605		0		
1845	1.276115		0		
1846	1.276179		0		
1847	1.276244		0		
1848	1.276309		0		
1849	1.276374		0		
1850	1.276439		0		
1851	1.276505		0		
1852	1.276571		0		
1853	1.276637		0		
1854	1.276704		0		
1855	1.27677		0		
1856	1.276837		0		
1857	1.276904		0		
1858	1.276972		0		
1859	1.277039		0		
1860	1.277107		0		
1861	1.277175		0		
1862	1.277244		0		
1863	1.277313		0		
1864	1.277381		0		
1865	1.27745		0		
1866	1.27752		0		
1867	1.277589		0		
1868	1.277659		0		
1869	1.27773		0		
1870	1.2778		0		
1871	1.277871		0		
1872	1.277942		0		
1873	1.278014		0		
1874	1.278085		0		
1875	1.278157		0		
1876	1.278229		0		
1877	1.278301		0		
1878	1.278374		0		
1879	1.278447		0		
1880	1.27852		0		
1881	1.278594		0		
1882	1.278668		0		
1883	1.278742		0		
1884	1.278816		0		
1885	1.278891		0		
1886	1.278966		0		
1887	1.279042		0		
1888	1.279117		0		
1889	1.279193		0		
1890	1.279269		0		
1891	1.279346		0		
1892	1.279423		0		
1893	1.2795		0		
1894	1.279577		0		
1895	1.279655		0		
1896	1.279734		0		
1897	1.279812		0		
1898	1.279891		0		
1899	1.27997		0		
1900	1.280049		0		
1901	1.280129		0		
1902	1.280209		0		
1903	1.28029		0		
1904	1.28037		0		
1905	1.280451		0		
1906	1.280533		0		
1907	1.280615		0		
1908	1.280697		0		
1909	1.280779		0		
1910	1.280862		0		
1911	1.280945		0		
1912	1.281029		0		
1913	1.281113		0		
1914	1.281197		0		
1915	1.281282		0		
1916	1.281367		0		
1917	1.281452		0		
1918	1.281538		0		
1919	1.281624		0		
1920	1.28171		0		
1921	1.281797		0		
1922	1.281885		0		
1923	1.281972		0		
1924	1.28206		0		
1925	1.282149		0		
1926	1.282237		0		
1927	1.282327		0		
1928	1.282416		0		
1929	1.282506		0		
1930	1.282596		0		
1931	1.282687		0		
1932	1.282779		0		
1933	1.28287		0		
1934	1.282962		0		
1935	1.283055		0		
1936	1.283148		0		
1937	1.283241		0		
1938	1.283335		0		
1939	1.283429		0		
1940	1.283523		0		
1941	1.283618		0		
1942	1.283714		0		
1943	1.28381		0		
1944	1.283906		0		
1945	1.284003		0		
1946	1.2841		0		
1947	1.284198		0		
1948	1.284296		0		
1949	1.284395		0		
1950	1.284494		0		
1951	1.284594		0		
1952	1.284694		0		
1953	1.284794		0		
1954	1.284895		0		
1955	1.284997		0		
1956	1.285099		0		
1957	1.285202		0		
1958	1.285305		0		
1959	1.285408		0		
1960	1.285512		0		
1961	1.285617		0		
1962	1.285722		0		
1963	1.285828		0		
1964	1.285934		0		
1965	1.28604		0		
1966	1.286148		0		
1967	1.286255		0		
1968	1.286363		0		
1969	1.286472		0		
1970	1.286582		0		
1971	1.286691		0		
1972	1.286802		0		
1973	1.286913		0		
1974	1.287024		0		
1975	1.287136		0		
1976	1.287249		0		
1977	1.287362		0		
1978	1.287476		0		
1979	1.287591		0		
1980	1.287706		0		
1981	1.287822		0		
1982	1.287938		0		
1983	1.288055		0		
1984	1.288172		0		
1985	1.288291		0		
1986	1.288409		0		
1987	1.288528		0		
1988	1.288648		0		
1989	1.288769		0		
1990	1.28889		0		
1991	1.289012		0		
1992	1.289135		0		
1993	1.289258		0		
1994	1.289382		0		
1995	1.289507		0		
1996	1.289632		0		
1997	1.289758		0		
1998	1.289885		0		
1999	1.290012		0		
2000	1.29014		0		
2001	1.290269		0		
2002	1.290398		0		
2003	1.290529		0		
2004	1.290659		0		
2005	1.290791		0		
2006	1.290923		0		
2007	1.291057		0		
2008	1.291191		0		
2009	1.291325		0		
2010	1.291461		0		
2011	1.291597		0		
2012	1.291734		0		
2013	1.291871		0		
2014	1.29201		0		
2015	1.292149		0		
2016	1.292289		0		
2017	1.292431		0		
2018	1.292572		0		
2019	1.292715		0		
2020	1.292858		0		
2021	1.293003		0		
2022	1.293148		0		
2023	1.293294		0		
2024	1.293441		0		
2025	1.293589		0		
2026	1.293738		0		
2027	1.293887		0		
2028	1.294037		0		
2029	1.294189		0		
2030	1.294341		0		
2031	1.294494		0		
2032	1.294649		0		
2033	1.294804		0		
2034	1.29496		0		
2035	1.295117		0		
2036	1.295275		0		
2037	1.295434		0		
2038	1.295594		0		
2039	1.295755		0		
2040	1.295917		0		
2041	1.29608		0		
2042	1.296244		0		
2043	1.296409		0		
2044	1.296575		0		
2045	1.296742		0		
2046	1.296911		0		
2047	1.29708		0		
2048	1.29725		0		
2049	1.297422		0		
2050	1.297595		0		
2051	1.297768		0		
2052	1.297944		0		
2053	1.29812		0		
2054	1.298297		0		
2055	1.298475		0		
2056	1.298655		0		
2057	1.298836		0		
2058	1.299018		0		
2059	1.299201		0		
2060	1.299385		0		
2061	1.299571		0		
2062	1.299758		0		
2063	1.299946		0		
2064	1.300136		0		
2065	1.300327		0		
2066	1.300519		0		
2067	1.300712		0		
2068	1.300907		0		
2069	1.301104		0		
2070	1.301301		0		
2071	1.3015		0		
2072	1.301701		0		
2073	1.301903		0		
2074	1.302106		0		
2075	1.30231		0		
2076	1.302516		0		
2077	1.302724		0		
2078	1.302933		0		
2079	1.303144		0		
2080	1.303356		0		
2081	1.30357		0		
2082	1.303785		0		
2083	1.304002		0		
2084	1.30422		0		
2085	1.30444		0		
2086	1.304662		0		
2087	1.304885		0		
2088	1.305111		0		
2089	1.305337		0		
2090	1.305566		0		
2091	1.305796		0		
2092	1.306028		0		
2093	1.306262		0		
2094	1.306497		0		
2095	1.306735		0		
2096	1.306974		0		
2097	1.307215		0		
2098	1.307458		0		
2099	1.307702		0		
2100	1.307949		0		
2101	1.308198		0		
2102	1.308449		0		
2103	1.308701		0		
2104	1.308956		0		
2105	1.309213		0		
2106	1.309471		0		
2107	1.309733		0		
2108	1.309996		0		
2109	1.310261		0		
2110	1.310528		0		
2111	1.310798		0		
2112	1.311069		0		
2113	1.311344		0		
2114	1.31162		0		
2115	1.311899		0		
2116	1.31218		0		
2117	1.312463		0		
2118	1.312749		0		
2119	1.313037		0		
2120	1.313328		0		
2121	1.313621		0		
2122	1.313917		0		
2123	1.314216		0		
2124	1.314516		0		
2125	1.31482		0		
2126	1.315127		0		
2127	1.315436		0		
2128	1.315747		0		
2129	1.316062		0		
2130	1.316379		0		
2131	1.3167		0		
2132	1.317023		0		
2133	1.317349		0		
2134	1.317678		0		
2135	1.31801		0		
2136	1.318346		0		
2137	1.318684		0		
2138	1.319025		0		
2139	1.31937		0		
2140	1.319718		0		
2141	1.320069		0		
2142	1.320424		0		
2143	1.320782		0		
2144	1.321143		0		
2145	1.321508		0		
2146	1.321877		0		
2147	1.322249		0		
2148	1.322625		0		
2149	1.323004		0		
2150	1.323387		0		
2151	1.323774		0		
2152	1.324165		0		
2153	1.32456		0		
2154	1.324959		0		
2155	1.325362		0		
2156	1.325769		0		
2157	1.32618		0		
2158	1.326596		0		
2159	1.327016		0		
2160	1.32744		0		
2161	1.327868		0		
2162	1.328302		0		
2163	1.32874		0		
2164	1.329182		0		
2165	1.329629		0		
2166	1.330082		0		
2167	1.330539		0		
2168	1.331001		0		
2169	1.331468		0		
2170	1.33194		0		
2171	1.332418		0		
2172	1.332901		0		
2173	1.333389		0		
2174	1.333883		0		
2175	1.334383		0		
2176	1.334888		0		
2177	1.335399		0		
2178	1.335917		0		
2179	1.33644		0		
2180	1.336969		0		
2181	1.337505		0		
2182	1.338047		0		
2183	1.338595		0		
2184	1.33915		0		
2185	1.339712		0		
2186	1.340281		0		
2187	1.340856		0		
2188	1.341439		0		
2189	1.342029		0		
2190	1.342627		0		
2191	1.343232		0		
2192	1.343845		0		
2193	1.344465		0		
2194	1.345093		0		
2195	1.34573		0		
2196	1.346375		0		
2197	1.347029		0		
2198	1.347691		0		
2199	1.348362		0		
2200	1.349042		0		
2201	1.349732		0		
2202	1.35043		0		
2203	1.351139		0		
2204	1.351857		0		
2205	1.352585		0		
2206	1.353323		0		
2207	1.354072		0		
2208	1.354832		0		
2209	1.355602		0		
2210	1.356384		0		
2211	1.357177		0		
2212	1.357982		0		
2213	1.358799		0		
2214	1.359628		0		
2215	1.36047		0		
2216	1.361324		0		
2217	1.362192		0		
2218	1.363073		0		
2219	1.363968		0		
2220	1.364877		0		
2221	1.365801		0		
2222	1.366739		0		
2223	1.367693		0		
2224	1.368662		0		
2225	1.369647		0		
2226	1.370649		0		
2227	1.371668		0		
2228	1.372704		0		
2229	1.373758		0		
2230	1.374831		0		
2231	1.375922		0		
2232	1.377033		0		
2233	1.378163		0		
2234	1.379315		0		
2235	1.380487		0		
2236	1.381681		0		
2237	1.382898		0		
2238	1.384138		0		
2239	1.385402		0		
2240	1.386691		0		
2241	1.388005		0		
2242	1.389346		0		
2243	1.390714		0		
2244	1.392111		0		
2245	1.393537		0		
2246	1.394994		0		
2247	1.396482		0		
2248	1.398003		0		
2249	1.399559		0		
2250	1.40115		0		
2251	1.402779		0		
2252	1.404447		0		
2253	1.406155		0		
2254	1.407906		0		
2255	1.409703		0		
2256	1.411546		0		
2257	1.41344		0		
2258	1.415387		0		
2259	1.41739		0		
2260	1.419454		0		
2261	1.421582		0		
2262	1.42378		0		
2263	1.426054		0		
2264	1.428411		0		
2265	1.430858		0		
2266	1.433408		0		
2267	1.436075		0		
2268	1.438878		0		
2269	1.441852		0		
2270	1.445171		0		
2271	1.448169		0.000758		
2272	1.451421		5.8E-5		
2273	1.455505		0.000134		
2274	1.459754		0.000258		
2275	1.464829		3.1E-5		
2276	1.47086		0.000629		
2277	1.478499		0.001195		
2278	1.487501		0.004801		
2279	1.49815		0.009598		
2280	1.511142		0.020773		
2281	1.522111		0.043249		
2282	1.511085		0.086239		
2283	1.468667		0.108896		
2284	1.425125		0.086269		
2285	1.413483		0.041801		
2286	1.425579		0.016207		
2287	1.442684		0.002735		
2288	1.457729		7.0E-5		
2289	1.468153		4.2E-5		
2290	1.476144		1.6E-5		
2291	1.483166		7.2E-5		
2292	1.489497		0.000298		
2293	1.495504		0.000185		
2294	1.501505		0.000171		
2295	1.507433		0.000219		
2296	1.513333		0.000253		
2297	1.519288		0.000241		
2298	1.525353		0.000198		
2299	1.531685		4.1E-5		
2300	1.538179		0.000174		
2301	1.544796		0.000128		
2302	1.551684		0.00015		
2303	1.558788		0.000169		
2304	1.566169		0.000132		
2305	1.573928		4.8E-5		
2306	1.582041		7.2E-5		
2307	1.590529		2.2E-5		
2308	1.599446		4.1E-5		
2309	1.608836		2.0E-6		
2310	1.618731		5.9E-5		
2311	1.631226		5.6E-5		
2312	1.642771		6.0E-6		
2313	1.653859		1.3E-5		
2314	1.664589		0.000229		
2315	1.680769		0.000165		
2316	1.695286		8.9E-5		
2317	1.710705		9.2E-5		
2318	1.729117		0.000115		
2319	1.747225		0.000113		
2320	1.7683		2.9E-5		
2321	1.789978		7.0E-6		
2322	1.820377		9.4E-5		
2323	1.855743		0.004777		
2324	1.891054		0.021499		
2325	1.923136		0.042717		
2326	1.9535		0.068369		
2327	1.973873		0.095044		
2328	1.994883		0.115977		
2329	2.016582		0.132626		
2330	2.043186		0.14688		
2331	2.07477		0.162862		
2332	2.114415		0.181696		
2333	2.160371		0.204064		
2334	2.21167		0.232627		
2335	2.271063		0.269314		
2336	2.341237		0.318064		
2337	2.414594		0.384408		
2338	2.492873		0.472485		
2339	2.571635		0.587498		
2340	2.63654		0.747481		
2341	2.668664		0.936208		
2342	2.656031		1.155599		
2343	2.582041		1.384575		
2344	2.441675		1.594671		
2345	2.250355		1.753625		
2346	2.039222		1.848763		
2347	1.83812		1.890879		
2348	1.64787		1.904483		
2349	1.470042		1.885747		
2350	1.314788		1.844795		
2351	1.180633		1.788846		
2352	1.065887		1.724298		
2353	0.969829		1.654891		
2354	0.891972		1.587033		
2355	0.820835		1.523384		
2356	0.759829		1.460084		
2357	0.70639		1.399105		
2358	0.659338		1.341395		
2359	0.617042		1.285204		
2360	0.576539		1.235847		
2361	0.537885		1.183405		
2362	0.501868		1.132597		
2363	0.467812		1.0802		
2364	0.435808		1.028907		
2365	0.406449		0.974377		
2366	0.378629		0.919492		
2367	0.354379		0.860782		
2368	0.330938		0.802508		
2369	0.31406		0.735325		
2370	0.29954		0.674152		
2371	0.286235		0.606604		
2372	0.281273		0.541138		
2373	0.277996		0.477927		
2374	0.278711		0.414158		
2375	0.284342		0.3534		
2376	0.296211		0.294174		
2377	0.31692		0.243463		
2378	0.346458		0.194511		
2379	0.384388		0.16078		
2380	0.423439		0.121367		
2381	0.466983		0.085787		
2382	0.51112		0.051987		
2383	0.555581		0.025594		
2384	0.601089		0.011816		
2385	0.64628		0.005576		
2386	0.679754		0.004843		
2387	0.704398		0.003174		
2388	0.727506		0.003792		
2389	0.749267		0.003176		
2390	0.766062		0.002959		
2391	0.785441		0.00133		
2392	0.801317		0.003083		
2393	0.815264		0.002002		
2394	0.82901		0.002072		
2395	0.841648		0.002058		
2396	0.853416		0.00227		
2397	0.86459		0.002284		
2398	0.874456		0.003344		
2399	0.883785		0.002362		
2400	0.893504		0.002471		
2401	0.901973		0.003363		
2402	0.910047		0.002779		
2403	0.917858		0.003533		
2404	0.924802		0.003471		
2405	0.931845		0.003071		
2406	0.938913		0.003098		
2407	0.945456		0.003616		
2408	0.951341		0.003978		
2409	0.956957		0.004028		
2410	0.962225		0.004243		
2411	0.967351		0.003848		
2412	0.972554		0.003706		
2413	0.977562		0.003618		
2414	0.982366		0.003568		
2415	0.98704		0.003443		
2416	0.991603		0.003412		
2417	0.996108		0.003363		
2418	1.000371		0.00372		
2419	1.003618		0.004185		
2420	1.008341		0.001845		
2421	1.013023		0.004449		
2422	1.015808		0.004435		
2423	1.019122		0.004416		
2424	1.022423		0.00452		
2425	1.025597		0.004653		
2426	1.028501		0.004905		
2427	1.031112		0.004868		
2428	1.033813		0.004364		
2429	1.036951		0.003788		
2430	1.040229		0.003799		
2431	1.043301		0.004031		
2432	1.045891		0.004654		
2433	1.048036		0.004774		
2434	1.050195		0.004529		
2435	1.05266		0.004021		
2436	1.055401		0.003832		
2437	1.058053		0.004003		
2438	1.060401		0.004369		
2439	1.062435		0.004647		
2440	1.064233		0.004764		
2441	1.066018		0.004487		
2442	1.068142		0.004011		
2443	1.070326		0.004055		
2444	1.072199		0.00402		
2445	1.074274		0.003497		
2446	1.076722		0.003384		
2447	1.078928		0.003836		
2448	1.080988		0.003996		
2449	1.082809		0.004753		
2450	1.084114		0.005143		
2451	1.08548		0.00499		
2452	1.087276		0.004785		
2453	1.089153		0.005174		
2454	1.090668		0.005759		
2455	1.091814		0.006273		
2456	1.09285		0.006447		
2457	1.093823		0.00667		
2458	1.094679		0.00664		
2459	1.095694		0.006341		
2460	1.096822		0.006252		
2461	1.097827		0.006183		
2462	1.098807		0.005954		
2463	1.099868		0.00573		
2464	1.100701		0.005754		
2465	1.101271		0.005288		
2466	1.102225		0.004169		
2467	1.104004		0.003144		
2468	1.105888		0.003272		
2469	1.107135		0.003579		
2470	1.108173		0.003439		
2471	1.109366		0.003306		
2472	1.110373		0.003495		
2473	1.11116		0.003319		
2474	1.11215		0.00292		
2475	1.113178		0.00286		
2476	1.113927		0.00276		
2477	1.114603		0.002272		
2478	1.11561		0.001457		
2479	1.116942		0.000932		
2480	1.118212		0.000694		
2481	1.119439		0.000311		
2482	1.120829		0		
2483	1.12219		0		
2484	1.123411		0		
2485	1.124641		0		
2486	1.125779		0.000237		
2487	1.126626		0.000509		
2488	1.127254		0.00051		
2489	1.128161		1.0E-5		
2490	1.129287		0		
2491	1.130274		0		
2492	1.131215		0		
2493	1.132128		0		
2494	1.133018		0		
2495	1.13389		0		
2496	1.134743		0		
2497	1.13558		0		
2498	1.136402		0		
2499	1.13721		0		
2500	1.138004		0		
2501	1.138784		0		
2502	1.139552		0		
2503	1.140308		0		
2504	1.141051		0		
2505	1.141784		0		
2506	1.142505		0		
2507	1.143216		0		
2508	1.143916		0		
2509	1.144606		0		
2510	1.145286		0		
2511	1.145957		0		
2512	1.146618		0		
2513	1.14727		0		
2514	1.147913		0		
2515	1.148548		0		
2516	1.149174		0		
2517	1.149791		0		
2518	1.150401		0		
2519	1.151003		0		
2520	1.151596		0		
2521	1.152183		0		
2522	1.152761		0		
2523	1.153333		0		
2524	1.153897		0		
2525	1.154454		0		
2526	1.155005		0		
2527	1.155549		0		
2528	1.156086		0		
2529	1.156617		0		
2530	1.157141		0		
2531	1.157659		0		
2532	1.158171		0		
2533	1.158677		0		
2534	1.159177		0		
2535	1.159672		0		
2536	1.160161		0		
2537	1.160644		0		
2538	1.161122		0		
2539	1.161594		0		
2540	1.162061		0		
2541	1.162523		0		
2542	1.16298		0		
2543	1.163432		0		
2544	1.163878		0		
2545	1.16432		0		
2546	1.164758		0		
2547	1.16519		0		
2548	1.165618		0		
2549	1.166042		0		
2550	1.166461		0		
2551	1.166876		0		
2552	1.167286		0		
2553	1.167692		0		
2554	1.168094		0		
2555	1.168492		0		
2556	1.168886		0		
2557	1.169276		0		
2558	1.169661		0		
2559	1.170044		0		
2560	1.170422		0		
2561	1.170797		0		
2562	1.171167		0		
2563	1.171535		0		
2564	1.171898		0		
2565	1.172258		0		
2566	1.172615		0		
2567	1.172968		0		
2568	1.173318		0		
2569	1.173665		0		
2570	1.174008		0		
2571	1.174348		0		
2572	1.174685		0		
2573	1.175019		0		
2574	1.175349		0		
2575	1.175677		0		
2576	1.176001		0		
2577	1.176323		0		
2578	1.176642		0		
2579	1.176957		0		
2580	1.17727		0		
2581	1.17758		0		
2582	1.177888		0		
2583	1.178193		0		
2584	1.178495		0		
2585	1.178794		0		
2586	1.179091		0		
2587	1.179385		0		
2588	1.179676		0		
2589	1.179965		0		
2590	1.180252		0		
2591	1.180536		0		
2592	1.180818		0		
2593	1.181098		0		
2594	1.181375		0		
2595	1.181649		0		
2596	1.181922		0		
2597	1.182191		0		
2598	1.182459		0		
2599	1.182725		0		
2600	1.182989		0		
2601	1.18325		0		
2602	1.183509		0		
2603	1.183766		0		
2604	1.184021		0		
2605	1.184274		0		
2606	1.184525		0		
2607	1.184774		0		
2608	1.185021		0		
2609	1.185266		0		
2610	1.185508		0		
2611	1.18575		0		
2612	1.185989		0		
2613	1.186226		0		
2614	1.186462		0		
2615	1.186696		0		
2616	1.186928		0		
2617	1.187158		0		
2618	1.187386		0		
2619	1.187613		0		
2620	1.187837		0		
2621	1.188061		0		
2622	1.188282		0		
2623	1.188502		0		
2624	1.18872		0		
2625	1.188937		0		
2626	1.189152		0		
2627	1.189366		0		
2628	1.189577		0		
2629	1.189788		0		
2630	1.189996		0		
2631	1.190204		0		
2632	1.190409		0		
2633	1.190614		0		
2634	1.190817		0		
2635	1.191018		0		
2636	1.191218		0		
2637	1.191416		0		
2638	1.191613		0		
2639	1.191809		0		
2640	1.192003		0		
2641	1.192196		0		
2642	1.192388		0		
2643	1.192578		0		
2644	1.192767		0		
2645	1.192955		0		
2646	1.193141		0		
2647	1.193326		0		
2648	1.19351		0		
2649	1.193693		0		
2650	1.193874		0		
2651	1.194054		0		
2652	1.194233		0		
2653	1.19441		0		
2654	1.194587		0		
2655	1.194762		0		
2656	1.194936		0		
2657	1.195109		0		
2658	1.195281		0		
2659	1.195452		0		
2660	1.195622		0		
2661	1.19579		0		
2662	1.195958		0		
2663	1.196124		0		
2664	1.196289		0		
2665	1.196453		0		
2666	1.196616		0		
2667	1.196779		0		
2668	1.196939		0		
2669	1.197099		0		
2670	1.197258		0		
2671	1.197416		0		
2672	1.197573		0		
2673	1.197729		0		
2674	1.197884		0		
2675	1.198039		0		
2676	1.198192		0		
2677	1.198344		0		
2678	1.198495		0		
2679	1.198645		0		
2680	1.198795		0		
2681	1.198943		0		
2682	1.19909		0		
2683	1.199237		0		
2684	1.199383		0		
2685	1.199528		0		
2686	1.199672		0		
2687	1.199815		0		
2688	1.199957		0		
2689	1.200099		0		
2690	1.200239		0		
2691	1.200379		0		
2692	1.200518		0		
2693	1.200656		0		
2694	1.200793		0		
2695	1.20093		0		
2696	1.201065		0		
2697	1.2012		0		
2698	1.201334		0		
2699	1.201468		0		
2700	1.2016		0		
2701	1.201732		0		
2702	1.201863		0		
2703	1.201993		0		
2704	1.202123		0		
2705	1.202251		0		
2706	1.20238		0		
2707	1.202507		0		
2708	1.202634		0		
2709	1.202759		0		
2710	1.202885		0		
2711	1.203009		0		
2712	1.203133		0		
2713	1.203256		0		
2714	1.203378		0		
2715	1.2035		0		
2716	1.203621		0		
2717	1.203742		0		
2718	1.203861		0		
2719	1.203981		0		
2720	1.204099		0		
2721	1.204217		0		
2722	1.204334		0		
2723	1.20445		0		
2724	1.204566		0		
2725	1.204682		0		
2726	1.204796		0		
2727	1.20491		0		
2728	1.205024		0		
2729	1.205137		0		
2730	1.205249		0		
2731	1.20536		0		
2732	1.205471		0		
2733	1.205582		0		
2734	1.205692		0		
2735	1.205801		0		
2736	1.20591		0		
2737	1.206018		0		
2738	1.206126		0		
2739	1.206233		0		
2740	1.206339		0		
2741	1.206445		0		
2742	1.20655		0		
2743	1.206655		0		
2744	1.20676		0		
2745	1.206863		0		
2746	1.206967		0		
2747	1.207069		0		
2748	1.207172		0		
2749	1.207273		0		
2750	1.207375		0		
2751	1.207475		0		
2752	1.207575		0		
2753	1.207675		0		
2754	1.207774		0		
2755	1.207873		0		
2756	1.207971		0		
2757	1.208069		0		
2758	1.208166		0		
2759	1.208263		0		
2760	1.208359		0		
2761	1.208455		0		
2762	1.20855		0		
2763	1.208645		0		
2764	1.20874		0		
2765	1.208833		0		
2766	1.208927		0		
2767	1.20902		0		
2768	1.209113		0		
2769	1.209205		0		
2770	1.209296		0		
2771	1.209388		0		
2772	1.209478		0		
2773	1.209569		0		
2774	1.209659		0		
2775	1.209749		0		
2776	1.209838		0		
2777	1.209926		0		
2778	1.210015		0		
2779	1.210103		0		
2780	1.21019		0		
2781	1.210277		0		
2782	1.210364		0		
2783	1.21045		0		
2784	1.210536		0		
2785	1.210621		0		
2786	1.210706		0		
2787	1.210791		0		
2788	1.210875		0		
2789	1.210959		0		
2790	1.211043		0		
2791	1.211126		0		
2792	1.211209		0		
2793	1.211291		0		
2794	1.211373		0		
2795	1.211455		0		
2796	1.211536		0		
2797	1.211617		0		
2798	1.211698		0		
2799	1.211778		0		
2800	1.211858		0		
2801	1.211937		0		
2802	1.212016		0		
2803	1.212095		0		
2804	1.212173		0		
2805	1.212252		0		
2806	1.212329		0		
2807	1.212407		0		
2808	1.212484		0		
2809	1.212561		0		
2810	1.212637		0		
2811	1.212713		0		
2812	1.212789		0		
2813	1.212864		0		
2814	1.212939		0		
2815	1.213014		0		
2816	1.213089		0		
2817	1.213163		0		
2818	1.213236		0		
2819	1.21331		0		
2820	1.213383		0		
2821	1.213456		0		
2822	1.213529		0		
2823	1.213601		0		
2824	1.213673		0		
2825	1.213745		0		
2826	1.213816		0		
2827	1.213887		0		
2828	1.213958		0		
2829	1.214028		0		
2830	1.214098		0		
2831	1.214168		0		
2832	1.214238		0		
2833	1.214307		0		
2834	1.214376		0		
2835	1.214445		0		
2836	1.214513		0		
2837	1.214581		0		
2838	1.214649		0		
2839	1.214717		0		
2840	1.214784		0		
2841	1.214851		0		
2842	1.214918		0		
2843	1.214985		0		
2844	1.215051		0		
2845	1.215117		0		
2846	1.215182		0		
2847	1.215248		0		
2848	1.215313		0		
2849	1.215378		0		
2850	1.215443		0		
2851	1.215507		0		
2852	1.215571		0		
2853	1.215635		0		
2854	1.215699		0		
2855	1.215762		0		
2856	1.215826		0		
2857	1.215889		0		
2858	1.215951		0		
2859	1.216014		0		
2860	1.216076		0		
2861	1.216138		0		
2862	1.216199		0		
2863	1.216261		0		
2864	1.216322		0		
2865	1.216383		0		
2866	1.216444		0		
2867	1.216504		0		
2868	1.216565		0		
2869	1.216625		0		
2870	1.216685		0		
2871	1.216744		0		
2872	1.216804		0		
2873	1.216863		0		
2874	1.216922		0		
2875	1.216981		0		
2876	1.217039		0		
2877	1.217097		0		
2878	1.217155		0		
2879	1.217213		0		
2880	1.217271		0		
2881	1.217328		0		
2882	1.217386		0		
2883	1.217442		0		
2884	1.217499		0		
2885	1.217556		0		
2886	1.217612		0		
2887	1.217668		0		
2888	1.217724		0		
2889	1.21778		0		
2890	1.217836		0		
2891	1.217891		0		
2892	1.217946		0		
2893	1.218001		0		
2894	1.218056		0		
2895	1.218111		0		
2896	1.218165		0		
2897	1.218219		0		
2898	1.218273		0		
2899	1.218327		0		
2900	1.218381		0		
2901	1.218434		0		
2902	1.218487		0		
2903	1.21854		0		
2904	1.218593		0		
2905	1.218646		0		
2906	1.218699		0		
2907	1.218751		0		
2908	1.218803		0		
2909	1.218855		0		
2910	1.218907		0		
2911	1.218959		0		
2912	1.21901		0		
2913	1.219061		0		
2914	1.219113		0		
2915	1.219163		0		
2916	1.219214		0		
2917	1.219265		0		
2918	1.219315		0		
2919	1.219366		0		
2920	1.219416		0		
2921	1.219466		0		
2922	1.219516		0		
2923	1.219565		0		
2924	1.219615		0		
2925	1.219664		0		
2926	1.219714		0		
2927	1.219763		0		
2928	1.219812		0		
2929	1.219861		0		
2930	1.219909		0		
2931	1.219958		0		
2932	1.220006		0		
2933	1.220055		0		
2934	1.220103		0		
2935	1.220151		0		
2936	1.220199		0		
2937	1.220247		0		
2938	1.220294		0		
2939	1.220342		0		
2940	1.220389		0		
2941	1.220437		0		
2942	1.220484		0		
2943	1.220531		0		
2944	1.220579		0		
2945	1.220626		0		
2946	1.220673		0		
2947	1.22072		0		
2948	1.220767		0		
2949	1.220814		0		
2950	1.220861		0		
2951	1.220908		0		
2952	1.220955		0		
2953	1.221002		0		
2954	1.22105		0		
2955	1.221097		0		
2956	1.221145		0		
2957	1.221192		0		
2958	1.221241		0		
2959	1.22129		0		
2960	1.221339		0		
2961	1.221389		0		
2962	1.22144		0		
2963	1.221492		0		
2964	1.221547		0		
2965	1.221603		0		
2966	1.221663		0		
2967	1.221727		0		
2968	1.221799		0		
2969	1.221883		0		
2970	1.221988		0		
2971	1.222141		0		
2972	1.222453		0		
2973	1.223333		0.000244		
2974	1.221797		0.003445		
2975	1.220386		0		
2976	1.221339		0		
2977	1.22159		0		
2978	1.221732		0		
2979	1.221834		0		
2980	1.221917		0		
2981	1.22199		0		
2982	1.22206		0		
2983	1.222133		0		
2984	1.222266		0		
2985	1.222193		0.000285		
2986	1.22211		0		
2987	1.222239		0		
2988	1.222303		0		
2989	1.222356		0		
2990	1.222405		0		
2991	1.222452		0		
2992	1.222498		0		
2993	1.222543		0		
2994	1.222586		0		
2995	1.22263		0		
2996	1.222672		0		
2997	1.222715		0		
2998	1.222756		0		
2999	1.222798		0		
3000	1.222839		0		
3001	1.222881		0		
3002	1.222922		0		
3003	1.222963		0		
3004	1.223004		0		
3005	1.223045		0		
3006	1.223086		0		
3007	1.223127		0		
3008	1.223169		0		
3009	1.223212		0		
3010	1.223256		0		
3011	1.223304		0		
3012	1.223358		0		
3013	1.22343		0		
3014	1.22363		0		
3015	1.223409		0.000577		
3016	1.223186		0		
3017	1.223387		0		
3018	1.223458		0		
3019	1.223511		0		
3020	1.223557		0		
3021	1.2236		0		
3022	1.223641		0		
3023	1.223681		0		
3024	1.223719		0		
3025	1.223758		0		
3026	1.223795		0		
3027	1.223833		0		
3028	1.22387		0		
3029	1.223907		0		
3030	1.223943		0		
3031	1.223979		0		
3032	1.224015		0		
3033	1.224051		0		
3034	1.224086		0		
3035	1.224122		0		
3036	1.224157		0		
3037	1.224193		0		
3038	1.224228		0		
3039	1.224262		0		
3040	1.224297		0		
3041	1.224332		0		
3042	1.224366		0		
3043	1.224401		0		
3044	1.224435		0		
3045	1.224469		0		
3046	1.224503		0		
3047	1.224537		0		
3048	1.224571		0		
3049	1.224605		0		
3050	1.224638		0		
3051	1.224672		0		
3052	1.224705		0		
3053	1.224739		0		
3054	1.224772		0		
3055	1.224805		0		
3056	1.224838		0		
3057	1.224871		0		
3058	1.224904		0		
3059	1.224936		0		
3060	1.224969		0		
3061	1.225001		0		
3062	1.225034		0		
3063	1.225066		0		
3064	1.225098		0		
3065	1.225131		0		
3066	1.225163		0		
3067	1.225195		0		
3068	1.225227		0		
3069	1.225258		0		
3070	1.22529		0		
3071	1.225322		0		
3072	1.225353		0		
3073	1.225385		0		
3074	1.225416		0		
3075	1.225447		0		
3076	1.225478		0		
3077	1.22551		0		
3078	1.225541		0		
3079	1.225571		0		
3080	1.225602		0		
3081	1.225633		0		
3082	1.225664		0		
3083	1.225695		0		
3084	1.225725		0		
3085	1.225756		0		
3086	1.225786		0		
3087	1.225816		0		
3088	1.225847		0		
3089	1.225877		0		
3090	1.225907		0		
3091	1.225937		0		
3092	1.225967		0		
3093	1.225997		0		
3094	1.226027		0		
3095	1.226056		0		
3096	1.226086		0		
3097	1.226115		0		
3098	1.226145		0		
3099	1.226174		0		
3100	1.226204		0		
3101	1.226233		0		
3102	1.226262		0		
3103	1.226291		0		
3104	1.226321		0		
3105	1.226349		0		
3106	1.226378		0		
3107	1.226407		0		
3108	1.226436		0		
3109	1.226465		0		
3110	1.226494		0		
3111	1.226522		0		
3112	1.226551		0		
3113	1.226579		0		
3114	1.226608		0		
3115	1.226636		0		
3116	1.226665		0		
3117	1.226693		0		
3118	1.226721		0		
3119	1.226749		0		
3120	1.226777		0		
3121	1.226806		0		
3122	1.226834		0		
3123	1.226861		0		
3124	1.226889		0		
3125	1.226918		0		
3126	1.226945		0		
3127	1.226973		0		
3128	1.227001		0		
3129	1.227028		0		
3130	1.227056		0		
3131	1.227084		0		
3132	1.227111		0		
3133	1.227139		0		
3134	1.227166		0		
3135	1.227194		0		
3136	1.227221		0		
3137	1.227249		0		
3138	1.227276		0		
3139	1.227304		0		
3140	1.227331		0		
3141	1.227358		0		
3142	1.227386		0		
3143	1.227413		0		
3144	1.227441		0		
3145	1.227468		0		
3146	1.227496		0		
3147	1.227523		0		
3148	1.227551		0		
3149	1.227579		0		
3150	1.227606		0		
3151	1.227634		0		
3152	1.227662		0		
3153	1.227691		0		
3154	1.227719		0		
3155	1.227748		0		
3156	1.227777		0		
3157	1.227807		0		
3158	1.227838		0		
3159	1.22787		0		
3160	1.227903		0		
3161	1.227939		0		
3162	1.22798		0		
3163	1.22803		0		
3164	1.228104		0		
3165	1.228328		0		
3166	1.228094		0.000706		
3167	1.227737		0.000193		
3168	1.227872		0		
3169	1.227996		0		
3170	1.228055		0		
3171	1.2281		0		
3172	1.22814		0		
3173	1.228177		0		
3174	1.228213		0		
3175	1.228247		0		
3176	1.228281		0		
3177	1.228316		0		
3178	1.228351		0		
3179	1.228388		0		
3180	1.228425		0		
3181	1.228464		0		
3182	1.228505		0		
3183	1.228549		0		
3184	1.228598		0		
3185	1.228653		0		
3186	1.228717		0		
3187	1.228795		0		
3188	1.228897		0		
3189	1.229046		0		
3190	1.229319		0		
3191	1.230206		5.2E-5		
3192	1.229531		0.002793		
3193	1.227555		0.002005		
3194	1.227627		0		
3195	1.228774		0.000186		
3196	1.228076		0.001824		
3197	1.2275		0		
3198	1.22809		0		
3199	1.228268		0		
3200	1.228377		0		
3201	1.228456		0		
3202	1.228519		0		
3203	1.228572		0		
3204	1.228619		0		
3205	1.228662		0		
3206	1.228701		0		
3207	1.228737		0		
3208	1.228771		0		
3209	1.228804		0		
3210	1.228836		0		
3211	1.228866		0		
3212	1.228896		0		
3213	1.228925		0		
3214	1.228953		0		
3215	1.22898		0		
3216	1.229008		0		
3217	1.229035		0		
3218	1.229062		0		
3219	1.229091		0		
3220	1.229131		0		
3221	1.229133		5.2E-5		
3222	1.229134		0		
3223	1.229173		0		
3224	1.229201		0		
3225	1.229226		0		
3226	1.229251		0		
3227	1.229275		0		
3228	1.229299		0		
3229	1.229323		0		
3230	1.229347		0		
3231	1.22937		0		
3232	1.229393		0		
3233	1.229416		0		
3234	1.229439		0		
3235	1.229462		0		
3236	1.229484		0		
3237	1.229507		0		
3238	1.22953		0		
3239	1.229552		0		
3240	1.229574		0		
3241	1.229596		0		
3242	1.229618		0		
3243	1.22964		0		
3244	1.229662		0		
3245	1.229684		0		
3246	1.229706		0		
3247	1.229728		0		
3248	1.229749		0		
3249	1.229771		0		
3250	1.229792		0		
3251	1.229814		0		
3252	1.229836		0		
3253	1.229857		0		
3254	1.229878		0		
3255	1.229899		0		
3256	1.22992		0		
3257	1.229941		0		
3258	1.229963		0		
3259	1.229984		0		
3260	1.230005		0		
3261	1.230026		0		
3262	1.230047		0		
3263	1.230067		0		
3264	1.230088		0		
3265	1.230109		0		
3266	1.23013		0		
3267	1.23015		0		
3268	1.230171		0		
3269	1.230192		0		
3270	1.230212		0		
3271	1.230233		0		
3272	1.230254		0		
3273	1.230274		0		
3274	1.230295		0		
3275	1.230315		0		
3276	1.230336		0		
3277	1.230356		0		
3278	1.230377		0		
3279	1.230398		0		
3280	1.230418		0		
3281	1.230439		0		
3282	1.230459		0		
3283	1.23048		0		
3284	1.230501		0		
3285	1.230522		0		
3286	1.230543		0		
3287	1.230564		0		
3288	1.230586		0		
3289	1.230607		0		
3290	1.230629		0		
3291	1.230652		0		
3292	1.230675		0		
3293	1.230699		0		
3294	1.230725		0		
3295	1.230752		0		
3296	1.230782		0		
3297	1.230818		0		
3298	1.230864		0		
3299	1.230937		0		
3300	1.231183		0		
3301	1.231002		0.000726		
3302	1.230508		0.000428		
3303	1.230541		0		
3304	1.230715		0		
3305	1.230779		0		
3306	1.230822		0		
3307	1.230855		0		
3308	1.230885		0		
3309	1.230911		0		
3310	1.230935		0		
3311	1.230958		0		
3312	1.230981		0		
3313	1.231002		0		
3314	1.231023		0		
3315	1.231044		0		
3316	1.231064		0		
3317	1.231085		0		
3318	1.231104		0		
3319	1.231124		0		
3320	1.231144		0		
3321	1.231163		0		
3322	1.231182		0		
3323	1.231202		0		
3324	1.23122		0		
3325	1.231239		0		
3326	1.231258		0		
3327	1.231277		0		
3328	1.231296		0		
3329	1.231315		0		
3330	1.231333		0		
3331	1.231351		0		
3332	1.23137		0		
3333	1.231388		0		
3334	1.231407		0		
3335	1.231425		0		
3336	1.231443		0		
3337	1.231461		0		
3338	1.23148		0		
3339	1.231498		0		
3340	1.231516		0		
3341	1.231534		0		
3342	1.231552		0		
3343	1.23157		0		
3344	1.231588		0		
3345	1.231606		0		
3346	1.231624		0		
3347	1.231642		0		
3348	1.231659		0		
3349	1.231677		0		
3350	1.231695		0		
3351	1.231713		0		
3352	1.231731		0		
3353	1.231748		0		
3354	1.231766		0		
3355	1.231783		0		
3356	1.231801		0		
3357	1.231819		0		
3358	1.231836		0		
3359	1.231854		0		
3360	1.231871		0		
3361	1.231889		0		
3362	1.231906		0		
3363	1.231923		0		
3364	1.231941		0		
3365	1.231958		0		
3366	1.231976		0		
3367	1.231993		0		
3368	1.23201		0		
3369	1.232028		0		
3370	1.232045		0		
3371	1.232062		0		
3372	1.232079		0		
3373	1.232096		0		
3374	1.232114		0		
3375	1.232131		0		
3376	1.232148		0		
3377	1.232165		0		
3378	1.232182		0		
3379	1.232199		0		
3380	1.232216		0		
3381	1.232233		0		
3382	1.23225		0		
3383	1.232267		0		
3384	1.232285		0		
3385	1.232301		0		
3386	1.232318		0		
3387	1.232335		0		
3388	1.232352		0		
3389	1.232369		0		
3390	1.232386		0		
3391	1.232403		0		
3392	1.23242		0		
3393	1.232437		0		
3394	1.232453		0		
3395	1.23247		0		
3396	1.232487		0		
3397	1.232504		0		
3398	1.232521		0		
3399	1.232538		0		
3400	1.232554		0		
3401	1.232571		0		
3402	1.232588		0		
3403	1.232605		0		
3404	1.232621		0		
3405	1.232638		0		
3406	1.232655		0		
3407	1.232671		0		
3408	1.232688		0		
3409	1.232705		0		
3410	1.232721		0		
3411	1.232738		0		
3412	1.232755		0		
3413	1.232771		0		
3414	1.232788		0		
3415	1.232805		0		
3416	1.232821		0		
3417	1.232838		0		
3418	1.232855		0		
3419	1.232871		0		
3420	1.232888		0		
3421	1.232905		0		
3422	1.232921		0		
3423	1.232938		0		
3424	1.232955		0		
3425	1.232971		0		
3426	1.232988		0		
3427	1.233004		0		
3428	1.233021		0		
3429	1.233038		0		
3430	1.233054		0		
3431	1.233071		0		
3432	1.233087		0		
3433	1.233104		0		
3434	1.233121		0		
3435	1.233137		0		
3436	1.233154		0		
3437	1.23317		0		
3438	1.233187		0		
3439	1.233203		0		
3440	1.23322		0		
3441	1.233237		0		
3442	1.233253		0		
3443	1.23327		0		
3444	1.233287		0		
3445	1.233303		0		
3446	1.23332		0		
3447	1.233337		0		
3448	1.233353		0		
3449	1.23337		0		
3450	1.233387		0		
3451	1.233403		0		
3452	1.23342		0		
3453	1.233437		0		
3454	1.233454		0		
3455	1.23347		0		
3456	1.233487		0		
3457	1.233504		0		
3458	1.233521		0		
3459	1.233538		0		
3460	1.233555		0		
3461	1.233572		0		
3462	1.233588		0		
3463	1.233605		0		
3464	1.233622		0		
3465	1.233639		0		
3466	1.233656		0		
3467	1.233673		0		
3468	1.233691		0		
3469	1.233708		0		
3470	1.233725		0		
3471	1.233742		0		
3472	1.233759		0		
3473	1.233776		0		
3474	1.233793		0		
3475	1.233811		0		
3476	1.233828		0		
3477	1.233845		0		
3478	1.233863		0		
3479	1.23388		0		
3480	1.233898		0		
3481	1.233915		0		
3482	1.233933		0		
3483	1.23395		0		
3484	1.233968		0		
3485	1.233986		0		
3486	1.234003		0		
3487	1.234021		0		
3488	1.234039		0		
3489	1.234057		0		
3490	1.234075		0		
3491	1.234093		0		
3492	1.234111		0		
3493	1.234129		0		
3494	1.234147		0		
3495	1.234165		0		
3496	1.234184		0		
3497	1.234202		0		
3498	1.234221		0		
3499	1.234239		0		
3500	1.234258		0		
3501	1.234277		0		
3502	1.234295		0		
3503	1.234315		0		
3504	1.234334		0		
3505	1.234352		0		
3506	1.234372		0		
3507	1.234391		0		
3508	1.23441		0		
3509	1.23443		0		
3510	1.234449		0		
3511	1.234469		0		
3512	1.234489		0		
3513	1.234509		0		
3514	1.234529		0		
3515	1.234549		0		
3516	1.23457		0		
3517	1.23459		0		
3518	1.234611		0		
3519	1.234632		0		
3520	1.234653		0		
3521	1.234674		0		
3522	1.234695		0		
3523	1.234717		0		
3524	1.234738		0		
3525	1.23476		0		
3526	1.234782		0		
3527	1.234805		0		
3528	1.234827		0		
3529	1.23485		0		
3530	1.234873		0		
3531	1.234896		0		
3532	1.23492		0		
3533	1.234944		0		
3534	1.234968		0		
3535	1.234992		0		
3536	1.235017		0		
3537	1.235042		0		
3538	1.235067		0		
3539	1.235093		0		
3540	1.235119		0		
3541	1.235145		0		
3542	1.235172		0		
3543	1.235199		0		
3544	1.235227		0		
3545	1.235255		0		
3546	1.235284		0		
3547	1.235313		0		
3548	1.235343		0		
3549	1.235373		0		
3550	1.235404		0		
3551	1.235436		0		
3552	1.235468		0		
3553	1.235501		0		
3554	1.235535		0		
3555	1.23557		0		
3556	1.235606		0		
3557	1.235642		0		
3558	1.23568		0		
3559	1.235719		0		
3560	1.235758		0		
3561	1.2358		0		
3562	1.235842		0		
3563	1.235886		0		
3564	1.235932		0		
3565	1.235979		0		
3566	1.236028		0		
3567	1.236079		0		
3568	1.236133		0		
3569	1.236189		0		
3570	1.236248		0		
3571	1.236309		0		
3572	1.236374		0		
3573	1.236442		0		
3574	1.236514		0		
3575	1.236591		0		
3576	1.236673		0		
3577	1.23676		0		
3578	1.236855		0		
3579	1.236956		0		
3580	1.237066		0		
3581	1.237186		0		
3582	1.237317		0		
3583	1.237462		0		
3584	1.237623		0		
3585	1.237804		0		
3586	1.238008		0		
3587	1.238241		0		
3588	1.238511		0		
3589	1.238829		0		
3590	1.239208		0		
3591	1.239672		0		
3592	1.240255		0		
3593	1.241015		0		
3594	1.242058		0		
3595	1.243605		0		
3596	1.246326		0		
3597	1.252982		0.000623		
3598	1.257636		0.013456		
3599	1.249992		0.029345		
3600	1.23246		0.033405		
3601	1.220809		0.021136		
3602	1.220425		0.010215		
3603	1.223307		0.006684		
3604	1.224774		0.004725		
3605	1.225628		0.002949		
3606	1.226946		0.000847		
3607	1.228769		0		
3608	1.230069		0		
3609	1.230864		0		
3610	1.231451		0		
3611	1.231911		0		
3612	1.232285		0		
3613	1.232598		0		
3614	1.232865		0		
3615	1.233097		0		
3616	1.233301		0		
3617	1.233482		0		
3618	1.233645		0		
3619	1.233793		0		
3620	1.233928		0		
3621	1.234053		0		
3622	1.234168		0		
3623	1.234276		0		
3624	1.234377		0		
3625	1.234472		0		
3626	1.234562		0		
3627	1.234648		0		
3628	1.234729		0		
3629	1.234808		0		
3630	1.234883		0		
3631	1.234956		0		
3632	1.235027		0		
3633	1.235095		0		
3634	1.235162		0		
3635	1.235227		0		
3636	1.235291		0		
3637	1.235354		0		
3638	1.235415		0		
3639	1.235476		0		
3640	1.235536		0		
3641	1.235596		0		
3642	1.235655		0		
3643	1.235714		0		
3644	1.235773		0		
3645	1.235831		0		
3646	1.23589		0		
3647	1.235949		0		
3648	1.236008		0		
3649	1.236067		0		
3650	1.236127		0		
3651	1.236187		0		
3652	1.236248		0		
3653	1.23631		0		
3654	1.236372		0		
3655	1.236435		0		
3656	1.236499		0		
3657	1.236565		0		
3658	1.236632		0		
3659	1.2367		0		
3660	1.23677		0		
3661	1.236841		0		
3662	1.236915		0		
3663	1.23699		0		
3664	1.237067		0		
3665	1.237147		0		
3666	1.237229		0		
3667	1.237315		0		
3668	1.237403		0		
3669	1.237494		0		
3670	1.23759		0		
3671	1.237689		0		
3672	1.237792		0		
3673	1.2379		0		
3674	1.238013		0		
3675	1.238132		0		
3676	1.238256		0		
3677	1.238388		0		
3678	1.238527		0		
3679	1.238674		0		
3680	1.23883		0		
3681	1.238997		0		
3682	1.239174		0		
3683	1.239365		0		
3684	1.23957		0		
3685	1.239791		0		
3686	1.24003		0		
3687	1.240291		0		
3688	1.240576		0		
3689	1.240889		0		
3690	1.241235		0		
3691	1.241619		0		
3692	1.24205		0		
3693	1.242536		0		
3694	1.243089		0		
3695	1.243726		0		
3696	1.244468		0		
3697	1.245345		0		
3698	1.2464		0		
3699	1.247698		0		
3700	1.249339		0		
3701	1.251502		0		
3702	1.254538		0		
3703	1.259636		0		
3704	1.267279		0.002669		
3705	1.277408		0.009685		
3706	1.286572		0.027854		
3707	1.281235		0.059008		
3708	1.251088		0.086298		
3709	1.212458		0.078492		
3710	1.192099		0.04974		
3711	1.192444		0.025601		
3712	1.199309		0.014789		
3713	1.204906		0.00867		
3714	1.209398		0.004891		
3715	1.213374		0.001949		
3716	1.217411		0.000366		
3717	1.220388		0.000913		
3718	1.221786		0.00123		
3719	1.222564		0.001028		
3720	1.223628		9.7E-5		
3721	1.224924		0		
3722	1.225858		0		
3723	1.226599		0		
3724	1.227222		0		
3725	1.227758		0		
3726	1.228226		0		
3727	1.228639		0		
3728	1.229007		0		
3729	1.229338		0		
3730	1.229637		0		
3731	1.229908		0		
3732	1.230157		0		
3733	1.230385		0		
3734	1.230595		0		
3735	1.230789		0		
3736	1.230969		0		
3737	1.231138		0		
3738	1.231295		0		
3739	1.231442		0		
3740	1.23158		0		
3741	1.23171		0		
3742	1.231833		0		
3743	1.231949		0		
3744	1.232058		0		
3745	1.232163		0		
3746	1.232262		0		
3747	1.232356		0		
3748	1.232446		0		
3749	1.232532		0		
3750	1.232614		0		
3751	1.232692		0		
3752	1.232768		0		
3753	1.23284		0		
3754	1.23291		0		
3755	1.232977		0		
3756	1.233041		0		
3757	1.233103		0		
3758	1.233163		0		
3759	1.233221		0		
3760	1.233277		0		
3761	1.233331		0		
3762	1.233383		0		
3763	1.233434		0		
3764	1.233483		0		
3765	1.233531		0		
3766	1.233578		0		
3767	1.233623		0		
3768	1.233667		0		
3769	1.233709		0		
3770	1.233751		0		
3771	1.233791		0		
3772	1.233831		0		
3773	1.233869		0		
3774	1.233907		0		
3775	1.233944		0		
3776	1.23398		0		
3777	1.234015		0		
3778	1.234049		0		
3779	1.234082		0		
3780	1.234115		0		
3781	1.234147		0		
3782	1.234179		0		
3783	1.234209		0		
3784	1.23424		0		
3785	1.234269		0		
3786	1.234298		0		
3787	1.234327		0		
3788	1.234355		0		
3789	1.234383		0		
3790	1.234409		0		
3791	1.234436		0		
3792	1.234462		0		
3793	1.234488		0		
3794	1.234513		0		
3795	1.234538		0		
3796	1.234562		0		
3797	1.234586		0		
3798	1.23461		0		
3799	1.234633		0		
3800	1.234656		0		
3801	1.234679		0		
3802	1.234701		0		
3803	1.234723		0		
3804	1.234745		0		
3805	1.234766		0		
3806	1.234788		0		
3807	1.234809		0		
3808	1.234829		0		
3809	1.234849		0		
3810	1.234869		0		
3811	1.234889		0		
3812	1.234909		0		
3813	1.234928		0		
3814	1.234948		0		
3815	1.234966		0		
3816	1.234985		0		
3817	1.235003		0		
3818	1.235022		0		
3819	1.23504		0		
3820	1.235058		0		
3821	1.235075		0		
3822	1.235093		0		
3823	1.23511		0		
3824	1.235127		0		
3825	1.235144		0		
3826	1.235161		0		
3827	1.235178		0		
3828	1.235194		0		
3829	1.235211		0		
3830	1.235227		0		
3831	1.235243		0		
3832	1.235258		0		
3833	1.235274		0		
3834	1.23529		0		
3835	1.235305		0		
3836	1.23532		0		
3837	1.235336		0		
3838	1.235351		0		
3839	1.235366		0		
3840	1.23538		0		
3841	1.235395		0		
3842	1.235409		0		
3843	1.235424		0		
3844	1.235438		0		
3845	1.235453		0		
3846	1.235467		0		
3847	1.235481		0		
3848	1.235495		0		
3849	1.235508		0		
3850	1.235522		0		
3851	1.235536		0		
3852	1.235549		0		
3853	1.235563		0		
3854	1.235576		0		
3855	1.235589		0		
3856	1.235602		0		
3857	1.235615		0		
3858	1.235628		0		
3859	1.235641		0		
3860	1.235654		0		
3861	1.235667		0		
3862	1.235679		0		
3863	1.235692		0		
3864	1.235705		0		
3865	1.235717		0		
3866	1.235729		0		
3867	1.235741		0		
3868	1.235754		0		
3869	1.235766		0		
3870	1.235778		0		
3871	1.23579		0		
3872	1.235802		0		
3873	1.235813		0		
3874	1.235825		0		
3875	1.235837		0		
3876	1.235849		0		
3877	1.23586		0		
3878	1.235872		0		
3879	1.235883		0		
3880	1.235895		0		
3881	1.235906		0		
3882	1.235917		0		
3883	1.235929		0		
3884	1.23594		0		
3885	1.235951		0		
3886	1.235962		0		
3887	1.235973		0		
3888	1.235984		0		
3889	1.235995		0		
3890	1.236006		0		
3891	1.236016		0		
3892	1.236027		0		
3893	1.236038		0		
3894	1.236048		0		
3895	1.236059		0		
3896	1.23607		0		
3897	1.23608		0		
3898	1.236091		0		
3899	1.236101		0		
3900	1.236111		0		
3901	1.236122		0		
3902	1.236132		0		
3903	1.236143		0		
3904	1.236153		0		
3905	1.236163		0		
3906	1.236173		0		
3907	1.236183		0		
3908	1.236193		0		
3909	1.236203		0		
3910	1.236213		0		
3911	1.236223		0		
3912	1.236233		0		
3913	1.236243		0		
3914	1.236252		0		
3915	1.236262		0		
3916	1.236272		0		
3917	1.236282		0		
3918	1.236291		0		
3919	1.236301		0		
3920	1.236311		0		
3921	1.23632		0		
3922	1.23633		0		
3923	1.23634		0		
3924	1.236349		0		
3925	1.236358		0		
3926	1.236368		0		
3927	1.236377		0		
3928	1.236387		0		
3929	1.236396		0		
3930	1.236405		0		
3931	1.236415		0		
3932	1.236424		0		
3933	1.236433		0		
3934	1.236442		0		
3935	1.236451		0		
3936	1.236461		0		
3937	1.23647		0		
3938	1.236479		0		
3939	1.236488		0		
3940	1.236497		0		
3941	1.236506		0		
3942	1.236515		0		
3943	1.236524		0		
3944	1.236533		0		
3945	1.236542		0		
3946	1.236551		0		
3947	1.23656		0		
3948	1.236569		0		
3949	1.236578		0		
3950	1.236587		0		
3951	1.236596		0		
3952	1.236605		0		
3953	1.236614		0		
3954	1.236622		0		
3955	1.236631		0		
3956	1.23664		0		
3957	1.236649		0		
3958	1.236658		0		
3959	1.236666		0		
3960	1.236675		0		
3961	1.236684		0		
3962	1.236693		0		
3963	1.236702		0		
3964	1.23671		0		
3965	1.236719		0		
3966	1.236728		0		
3967	1.236737		0		
3968	1.236746		0		
3969	1.236755		0		
3970	1.236763		0		
3971	1.236772		0		
3972	1.236781		0		
3973	1.23679		0		
3974	1.236799		0		
3975	1.236808		0		
3976	1.236817		0		
3977	1.236826		0		
3978	1.236835		0		
3979	1.236844		0		
3980	1.236853		0		
3981	1.236863		0		
3982	1.236872		0		
3983	1.236881		0		
3984	1.236891		0		
3985	1.236901		0		
3986	1.23691		0		
3987	1.23692		0		
3988	1.23693		0		
3989	1.236941		0		
3990	1.236951		0		
3991	1.236962		0		
3992	1.236973		0		
3993	1.236984		0		
3994	1.236996		0		
3995	1.237008		0		
3996	1.237021		0		
3997	1.237034		0		
3998	1.237048		0		
3999	1.237064		0		
4000	1.23708		0		
4001	1.237098		0		
4002	1.237118		0		
4003	1.237141		0		
4004	1.237168		0		
4005	1.2372		0		
4006	1.23724		0		
4007	1.237292		0		
4008	1.237367		0		
4009	1.237487		0		
4010	1.237753		0		
4011	1.238416		0.000254		
4012	1.237892		0.002257		
4013	1.236029		0.002177		
4014	1.235668		0		
4015	1.236442		0		
4016	1.236643		0		
4017	1.23675		0		
4018	1.236819		0		
4019	1.236869		0		
4020	1.236906		0		
4021	1.236937		0		
4022	1.236963		0		
4023	1.236985		0		
4024	1.237004		0		
4025	1.237021		0		
4026	1.237037		0		
4027	1.237051		0		
4028	1.237065		0		
4029	1.237078		0		
4030	1.23709		0		
4031	1.237102		0		
4032	1.237113		0		
4033	1.237123		0		
4034	1.237134		0		
4035	1.237144		0		
4036	1.237153		0		
4037	1.237163		0		
4038	1.237172		0		
4039	1.237181		0		
4040	1.23719		0		
4041	1.237199		0		
4042	1.237207		0		
4043	1.237216		0		
4044	1.237224		0		
4045	1.237232		0		
4046	1.23724		0		
4047	1.237248		0		
4048	1.237256		0		
4049	1.237264		0		
4050	1.237272		0		
4051	1.23728		0		
4052	1.237288		0		
4053	1.237295		0		
4054	1.237303		0		
4055	1.23731		0		
4056	1.237318		0		
4057	1.237325		0		
4058	1.237333		0		
4059	1.23734		0		
4060	1.237347		0		
4061	1.237355		0		
4062	1.237362		0		
4063	1.237369		0		
4064	1.237376		0		
4065	1.237383		0		
4066	1.237391		0		
4067	1.237398		0		
4068	1.237405		0		
4069	1.237412		0		
4070	1.237419		0		
4071	1.237426		0		
4072	1.237433		0		
4073	1.23744		0		
4074	1.237447		0		
4075	1.237454		0		
4076	1.237461		0		
4077	1.237468		0		
4078	1.237475		0		
4079	1.237482		0		
4080	1.237489		0		
4081	1.237497		0		
4082	1.237504		0		
4083	1.237511		0		
4084	1.237519		0		
4085	1.237526		0		
4086	1.237534		0		
4087	1.237542		0		
4088	1.23755		0		
4089	1.237558		0		
4090	1.237568		0		
4091	1.237579		0		
4092	1.237592		0		
4093	1.237613		0		
4094	1.237683		0		
4095	1.237584		0.000239		
4096	1.237489		0		
4097	1.237563		0		
4098	1.237584		0		
4099	1.237598		0		
4100	1.23761		0		
4101	1.237621		0		
4102	1.237632		0		
4103	1.237643		0		
4104	1.237654		0		
4105	1.237667		0		
4106	1.237683		0		
4107	1.237704		0		
4108	1.237737		0		
4109	1.237838		0		
4110	1.237838		0.00027		
4111	1.237564		0.000401		
4112	1.23745		0		
4113	1.237585		0		
4114	1.237622		0		
4115	1.237644		0		
4116	1.237659		0		
4117	1.237672		0		
4118	1.237683		0		
4119	1.237692		0		
4120	1.237701		0		
4121	1.237709		0		
4122	1.237717		0		
4123	1.237725		0		
4124	1.237732		0		
4125	1.237739		0		
4126	1.237746		0		
4127	1.237753		0		
4128	1.23776		0		
4129	1.237766		0		
4130	1.237773		0		
4131	1.237779		0		
4132	1.237786		0		
4133	1.237792		0		
4134	1.237798		0		
4135	1.237805		0		
4136	1.237811		0		
4137	1.237817		0		
4138	1.237823		0		
4139	1.237829		0		
4140	1.237835		0		
4141	1.237841		0		
4142	1.237847		0		
4143	1.237853		0		
4144	1.237859		0		
4145	1.237865		0		
4146	1.237871		0		
4147	1.237876		0		
4148	1.237882		0		
4149	1.237888		0		
4150	1.237894		0		
4151	1.2379		0		
4152	1.237905		0		
4153	1.237911		0		
4154	1.237917		0		
4155	1.237923		0		
4156	1.237928		0		
4157	1.237934		0		
4158	1.23794		0		
4159	1.237946		0		
4160	1.237951		0		
4161	1.237957		0		
4162	1.237962		0		
4163	1.237968		0		
4164	1.237973		0		
4165	1.237979		0		
4166	1.237985		0		
4167	1.23799		0		
4168	1.237996		0		
4169	1.238001		0		
4170	1.238007		0		
4171	1.238012		0		
4172	1.238018		0		
4173	1.238023		0		
4174	1.238029		0		
4175	1.238034		0		
4176	1.23804		0		
4177	1.238045		0		
4178	1.23805		0		
4179	1.238056		0		
4180	1.238061		0		
4181	1.238067		0		
4182	1.238072		0		
4183	1.238078		0		
4184	1.238083		0		
4185	1.238088		0		
4186	1.238094		0		
4187	1.238099		0		
4188	1.238104		0		
4189	1.23811		0		
4190	1.238115		0		
4191	1.23812		0		
4192	1.238126		0		
4193	1.238131		0		
4194	1.238136		0		
4195	1.238141		0		
4196	1.238147		0		
4197	1.238152		0		
4198	1.238157		0		
4199	1.238162		0		
4200	1.238162		0		