Reference:	"Ehrenfreund et al. (1997)"
Sample Type:	"Ice"
Composition:	"CO (1)"
Temperature:	"10K"
OCdb page:	"https://ocdb.smce.nasa.gov/dataset/34"
n₁ Error Units:	Not Applicable
k₁ Error Units:	Not Applicable

"Wavenumber (cm⁻¹)"	"n₁"	"Dn₁  (+/-)"		"Wavenumber (cm⁻¹)"	"k₁"	"Dk₁  (+/-)"	
2001.62	1.3355			2001.62	0.01358		
2001.81791	1.33559			2001.81791	0.01363		
2002.01582	1.33568			2002.01582	0.01367		
2002.21372	1.33569			2002.21372	0.01373		
2002.41163	1.33564			2002.41163	0.01381		
2002.60954	1.3356			2002.60954	0.01388		
2002.80745	1.33559			2002.80745	0.0139		
2003.00536	1.33557			2003.00536	0.01392		
2003.20326	1.33553			2003.20326	0.0139		
2003.40117	1.33547			2003.40117	0.01388		
2003.59908	1.33545			2003.59908	0.01385		
2003.79699	1.33554			2003.79699	0.01383		
2003.99489	1.33562			2003.99489	0.0138		
2004.1928	1.33561			2004.1928	0.0138		
2004.39071	1.33558			2004.39071	0.01381		
2004.58862	1.33557			2004.58862	0.01381		
2004.78653	1.33559			2004.78653	0.01383		
2004.98443	1.33561			2004.98443	0.01384		
2005.18234	1.33562			2005.18234	0.01385		
2005.38025	1.33563			2005.38025	0.01387		
2005.57816	1.33562			2005.57816	0.01388		
2005.77607	1.33559			2005.77607	0.01389		
2005.97397	1.33557			2005.97397	0.0139		
2006.17188	1.33566			2006.17188	0.01392		
2006.36979	1.33575			2006.36979	0.01394		
2006.5677	1.33577			2006.5677	0.01396		
2006.76561	1.33572			2006.76561	0.01399		
2006.96351	1.33569			2006.96351	0.01402		
2007.16142	1.3357			2007.16142	0.01403		
2007.35933	1.33571			2007.35933	0.01404		
2007.55724	1.33572			2007.55724	0.01403		
2007.75515	1.33572			2007.75515	0.01402		
2007.95305	1.33572			2007.95305	0.01402		
2008.15096	1.33568			2008.15096	0.01406		
2008.34887	1.33563			2008.34887	0.01409		
2008.54678	1.33571			2008.54678	0.0141		
2008.74468	1.3358			2008.74468	0.0141		
2008.94259	1.33584			2008.94259	0.01408		
2009.1405	1.3358			2009.1405	0.01404		
2009.33841	1.33577			2009.33841	0.014		
2009.53632	1.3358			2009.53632	0.01402		
2009.73422	1.33584			2009.73422	0.01404		
2009.93213	1.33584			2009.93213	0.01406		
2010.13004	1.33582			2010.13004	0.01406		
2010.32795	1.33581			2010.32795	0.01408		
2010.52586	1.33591			2010.52586	0.01415		
2010.72376	1.336			2010.72376	0.01422		
2010.92167	1.336			2010.92167	0.01426		
2011.11958	1.33595			2011.11958	0.01429		
2011.31749	1.33591			2011.31749	0.0143		
2011.5154	1.33593			2011.5154	0.01422		
2011.7133	1.33594			2011.7133	0.01413		
2011.91121	1.33597			2011.91121	0.01412		
2012.10912	1.336			2012.10912	0.01413		
2012.30703	1.33601			2012.30703	0.01415		
2012.50493	1.336			2012.50493	0.0142		
2012.70284	1.33598			2012.70284	0.01426		
2012.90075	1.33609			2012.90075	0.01426		
2013.09866	1.33619			2013.09866	0.01426		
2013.29657	1.33624			2013.29657	0.01427		
2013.49447	1.33621			2013.49447	0.01431		
2013.69238	1.33618			2013.69238	0.01434		
2013.89029	1.3362			2013.89029	0.01438		
2014.0882	1.33622			2014.0882	0.01441		
2014.28611	1.3362			2014.28611	0.01444		
2014.48401	1.33616			2014.48401	0.01448		
2014.68192	1.33614			2014.68192	0.01451		
2014.87983	1.33623			2014.87983	0.01454		
2015.07774	1.33632			2015.07774	0.01457		
2015.27565	1.3363			2015.27565	0.01457		
2015.47355	1.33625			2015.47355	0.01455		
2015.67146	1.33621			2015.67146	0.01454		
2015.86937	1.33623			2015.86937	0.01454		
2016.06728	1.33624			2016.06728	0.01454		
2016.26519	1.33626			2016.26519	0.01452		
2016.46309	1.33629			2016.46309	0.01449		
2016.661	1.33629			2016.661	0.01448		
2016.85891	1.33626			2016.85891	0.01449		
2017.05682	1.33624			2017.05682	0.0145		
2017.25472	1.33635			2017.25472	0.01453		
2017.45263	1.33646			2017.45263	0.01456		
2017.65054	1.3365			2017.65054	0.01455		
2017.84845	1.33647			2017.84845	0.01453		
2018.04636	1.33645			2018.04636	0.01451		
2018.24426	1.33648			2018.24426	0.01455		
2018.44217	1.33651			2018.44217	0.01459		
2018.64008	1.3365			2018.64008	0.01462		
2018.83799	1.33647			2018.83799	0.01464		
2019.0359	1.33648			2019.0359	0.01464		
2019.2338	1.3366			2019.2338	0.01459		
2019.43171	1.33672			2019.43171	0.01454		
2019.62962	1.33673			2019.62962	0.01458		
2019.82753	1.33671			2019.82753	0.01464		
2020.02544	1.33671			2020.02544	0.01469		
2020.22334	1.33673			2020.22334	0.01473		
2020.42125	1.33675			2020.42125	0.01477		
2020.61916	1.33676			2020.61916	0.01478		
2020.81707	1.33677			2020.81707	0.01478		
2021.01497	1.33676			2021.01497	0.01478		
2021.21288	1.33674			2021.21288	0.01478		
2021.41079	1.33672			2021.41079	0.01478		
2021.6087	1.33683			2021.6087	0.01476		
2021.80661	1.33695			2021.80661	0.01474		
2022.00451	1.33698			2022.00451	0.01475		
2022.20242	1.33696			2022.20242	0.01478		
2022.40033	1.33695			2022.40033	0.01481		
2022.59824	1.33697			2022.59824	0.01484		
2022.79615	1.337			2022.79615	0.01486		
2022.99405	1.33699			2022.99405	0.01485		
2023.19196	1.33697			2023.19196	0.01482		
2023.38987	1.33701			2023.38987	0.0148		
2023.58778	1.33713			2023.58778	0.01479		
2023.78569	1.33726			2023.78569	0.01478		
2023.98359	1.33726			2023.98359	0.01484		
2024.1815	1.33724			2024.1815	0.0149		
2024.37941	1.33724			2024.37941	0.01496		
2024.57732	1.33727			2024.57732	0.01501		
2024.77523	1.33729			2024.77523	0.01506		
2024.97313	1.33731			2024.97313	0.01501		
2025.17104	1.33733			2025.17104	0.01497		
2025.36895	1.33733			2025.36895	0.01496		
2025.56686	1.33731			2025.56686	0.01499		
2025.76476	1.33731			2025.76476	0.01502		
2025.96267	1.33743			2025.96267	0.01506		
2026.16058	1.33754			2026.16058	0.0151		
2026.35849	1.33756			2026.35849	0.0151		
2026.5564	1.33753			2026.5564	0.01509		
2026.7543	1.33752			2026.7543	0.01508		
2026.95221	1.33755			2026.95221	0.01512		
2027.15012	1.33759			2027.15012	0.01515		
2027.34803	1.33757			2027.34803	0.01516		
2027.54594	1.33754			2027.54594	0.01517		
2027.74384	1.33757			2027.74384	0.01517		
2027.94175	1.33769			2027.94175	0.01516		
2028.13966	1.33781			2028.13966	0.01516		
2028.33757	1.33779			2028.33757	0.01519		
2028.53548	1.33776			2028.53548	0.01523		
2028.73338	1.33776			2028.73338	0.01526		
2028.93129	1.33778			2028.93129	0.0153		
2029.1292	1.33779			2029.1292	0.01533		
2029.32711	1.3378			2029.32711	0.01534		
2029.52502	1.33781			2029.52502	0.01535		
2029.72292	1.33779			2029.72292	0.01532		
2029.92083	1.33775			2029.92083	0.01527		
2030.11874	1.33775			2030.11874	0.01521		
2030.31665	1.33789			2030.31665	0.01515		
2030.51455	1.33802			2030.51455	0.01508		
2030.71246	1.33806			2030.71246	0.01505		
2030.91037	1.33807			2030.91037	0.01503		
2031.10828	1.33811			2031.10828	0.01502		
2031.30619	1.33818			2031.30619	0.01503		
2031.50409	1.33825			2031.50409	0.01505		
2031.702	1.33831			2031.702	0.0151		
2031.89991	1.33837			2031.89991	0.01516		
2032.09782	1.33839			2032.09782	0.01522		
2032.29573	1.33838			2032.29573	0.01527		
2032.49363	1.33837			2032.49363	0.01533		
2032.69154	1.33849			2032.69154	0.01532		
2032.88945	1.33861			2032.88945	0.01532		
2033.08736	1.33865			2033.08736	0.01531		
2033.28527	1.33864			2033.28527	0.01528		
2033.48317	1.33864			2033.48317	0.01527		
2033.68108	1.33869			2033.68108	0.0153		
2033.87899	1.33874			2033.87899	0.01533		
2034.0769	1.33874			2034.0769	0.01534		
2034.2748	1.33874			2034.2748	0.01534		
2034.47271	1.33877			2034.47271	0.01535		
2034.67062	1.33891			2034.67062	0.01537		
2034.86853	1.33905			2034.86853	0.01538		
2035.06644	1.33906			2035.06644	0.0154		
2035.26434	1.33905			2035.26434	0.01543		
2035.46225	1.33906			2035.46225	0.01544		
2035.66016	1.3391			2035.66016	0.01544		
2035.85807	1.33915			2035.85807	0.01544		
2036.05598	1.3392			2036.05598	0.01544		
2036.25388	1.33925			2036.25388	0.01545		
2036.45179	1.33927			2036.45179	0.01545		
2036.6497	1.33926			2036.6497	0.01545		
2036.84761	1.33928			2036.84761	0.01545		
2037.04552	1.33943			2037.04552	0.01545		
2037.24342	1.33957			2037.24342	0.01544		
2037.44133	1.33963			2037.44133	0.01544		
2037.63924	1.33964			2037.63924	0.01544		
2037.83715	1.33967			2037.83715	0.01544		
2038.03506	1.33976			2038.03506	0.01541		
2038.23296	1.33984			2038.23296	0.01539		
2038.43087	1.33989			2038.43087	0.0154		
2038.62878	1.33992			2038.62878	0.01543		
2038.82669	1.34			2038.82669	0.01549		
2039.02459	1.34016			2039.02459	0.0156		
2039.2225	1.34033			2039.2225	0.01571		
2039.42041	1.34034			2039.42041	0.01576		
2039.61832	1.34033			2039.61832	0.01581		
2039.81623	1.34035			2039.81623	0.01583		
2040.01413	1.3404			2040.01413	0.01583		
2040.21204	1.34045			2040.21204	0.01583		
2040.40995	1.34051			2040.40995	0.01588		
2040.60786	1.34056			2040.60786	0.01593		
2040.80577	1.34058			2040.80577	0.01596		
2041.00367	1.34059			2041.00367	0.01599		
2041.20158	1.34063			2041.20158	0.016		
2041.39949	1.3408			2041.39949	0.01596		
2041.5974	1.34096			2041.5974	0.01593		
2041.79531	1.34103			2041.79531	0.01597		
2041.99321	1.34106			2041.99321	0.01602		
2042.19112	1.34111			2042.19112	0.0161		
2042.38903	1.34119			2042.38903	0.0162		
2042.58694	1.34127			2042.58694	0.0163		
2042.78484	1.3413			2042.78484	0.01632		
2042.98275	1.34132			2042.98275	0.01634		
2043.18066	1.34142			2043.18066	0.01637		
2043.37857	1.34161			2043.37857	0.01643		
2043.57648	1.3418			2043.57648	0.0165		
2043.77438	1.34182			2043.77438	0.01666		
2043.97229	1.34183			2043.97229	0.01683		
2044.1702	1.34185			2044.1702	0.01704		
2044.36811	1.34187			2044.36811	0.01728		
2044.56602	1.34188			2044.56602	0.01752		
2044.76392	1.34184			2044.76392	0.01772		
2044.96183	1.34179			2044.96183	0.01792		
2045.15974	1.34167			2045.15974	0.01805		
2045.35765	1.34152			2045.35765	0.01816		
2045.55556	1.34141			2045.55556	0.01826		
2045.75346	1.3414			2045.75346	0.01835		
2045.95137	1.3414			2045.95137	0.01844		
2046.14928	1.34126			2046.14928	0.01842		
2046.34719	1.34108			2046.34719	0.01838		
2046.5451	1.34094			2046.5451	0.01831		
2046.743	1.34087			2046.743	0.0182		
2046.94091	1.3408			2046.94091	0.0181		
2047.13882	1.34071			2047.13882	0.01796		
2047.33673	1.34062			2047.33673	0.01783		
2047.53463	1.34064			2047.53463	0.0177		
2047.73254	1.34077			2047.73254	0.01757		
2047.93045	1.34088			2047.93045	0.01745		
2048.12836	1.34085			2048.12836	0.01742		
2048.32627	1.34083			2048.32627	0.0174		
2048.52417	1.34085			2048.52417	0.01736		
2048.72208	1.34089			2048.72208	0.01732		
2048.91999	1.34094			2048.91999	0.01727		
2049.1179	1.34099			2049.1179	0.01718		
2049.31581	1.34105			2049.31581	0.01709		
2049.51371	1.34107			2049.51371	0.01702		
2049.71162	1.34109			2049.71162	0.01696		
2049.90953	1.34117			2049.90953	0.01691		
2050.10744	1.34136			2050.10744	0.01688		
2050.30535	1.34156			2050.30535	0.01685		
2050.50325	1.34162			2050.50325	0.01685		
2050.70116	1.34166			2050.70116	0.01685		
2050.89907	1.34172			2050.89907	0.01689		
2051.09698	1.34181			2051.09698	0.01696		
2051.29488	1.34189			2051.29488	0.01703		
2051.49279	1.34186			2051.49279	0.01718		
2051.6907	1.34182			2051.6907	0.01733		
2051.88861	1.34186			2051.88861	0.01744		
2052.08652	1.34194			2052.08652	0.01754		
2052.28442	1.342			2052.28442	0.01763		
2052.48233	1.34189			2052.48233	0.0176		
2052.68024	1.34178			2052.68024	0.01758		
2052.87815	1.34173			2052.87815	0.01751		
2053.07606	1.34169			2053.07606	0.01742		
2053.27396	1.34167			2053.27396	0.01731		
2053.47187	1.34168			2053.47187	0.01716		
2053.66978	1.34169			2053.66978	0.01701		
2053.86769	1.34169			2053.86769	0.01684		
2054.0656	1.3417			2054.0656	0.01668		
2054.2635	1.34178			2054.2635	0.01652		
2054.46141	1.34198			2054.46141	0.0164		
2054.65932	1.34218			2054.65932	0.01627		
2054.85723	1.34225			2054.85723	0.01622		
2055.05514	1.34231			2055.05514	0.01619		
2055.25304	1.3424			2055.25304	0.01615		
2055.45095	1.34253			2055.45095	0.01613		
2055.64886	1.34265			2055.64886	0.0161		
2055.84677	1.34271			2055.84677	0.01605		
2056.04467	1.34277			2056.04467	0.016		
2056.24258	1.34294			2056.24258	0.01598		
2056.44049	1.34315			2056.44049	0.01598		
2056.6384	1.34334			2056.6384	0.01597		
2056.83631	1.3434			2056.83631	0.01597		
2057.03421	1.34346			2057.03421	0.01596		
2057.23212	1.34356			2057.23212	0.01597		
2057.43003	1.34367			2057.43003	0.01599		
2057.62794	1.34378			2057.62794	0.016		
2057.82585	1.34388			2057.82585	0.01601		
2058.02375	1.34398			2058.02375	0.01602		
2058.22166	1.34402			2058.22166	0.01602		
2058.41957	1.34406			2058.41957	0.01603		
2058.61748	1.34418			2058.61748	0.01602		
2058.81539	1.34437			2058.81539	0.01601		
2059.01329	1.34456			2059.01329	0.016		
2059.2112	1.34462			2059.2112	0.01596		
2059.40911	1.34468			2059.40911	0.01592		
2059.60702	1.34477			2059.60702	0.0159		
2059.80492	1.3449			2059.80492	0.01591		
2060.00283	1.34501			2060.00283	0.01593		
2060.20074	1.34507			2060.20074	0.01596		
2060.39865	1.34513			2060.39865	0.016		
2060.59656	1.34529			2060.59656	0.01604		
2060.79446	1.34549			2060.79446	0.01609		
2060.99237	1.34564			2060.99237	0.01613		
2061.19028	1.34567			2061.19028	0.01615		
2061.38819	1.3457			2061.38819	0.01616		
2061.5861	1.34579			2061.5861	0.01617		
2061.784	1.34588			2061.784	0.01617		
2061.98191	1.34597			2061.98191	0.01618		
2062.17982	1.34606			2062.17982	0.01618		
2062.37773	1.34616			2062.37773	0.01619		
2062.57564	1.34619			2062.57564	0.01619		
2062.77354	1.34623			2062.77354	0.0162		
2062.97145	1.34635			2062.97145	0.0162		
2063.16936	1.34654			2063.16936	0.01618		
2063.36727	1.34671			2063.36727	0.01617		
2063.56518	1.34676			2063.56518	0.01613		
2063.76308	1.34681			2063.76308	0.01609		
2063.96099	1.34691			2063.96099	0.01608		
2064.1589	1.34704			2064.1589	0.01608		
2064.35681	1.34716			2064.35681	0.01609		
2064.55471	1.34728			2064.55471	0.01608		
2064.75262	1.34741			2064.75262	0.01607		
2064.95053	1.34748			2064.95053	0.01608		
2065.14844	1.34755			2065.14844	0.01609		
2065.34635	1.34767			2065.34635	0.01611		
2065.54425	1.34789			2065.54425	0.01614		
2065.74216	1.3481			2065.74216	0.01617		
2065.94007	1.34817			2065.94007	0.01619		
2066.13798	1.34823			2066.13798	0.01621		
2066.33589	1.34832			2066.33589	0.01622		
2066.53379	1.34843			2066.53379	0.01623		
2066.7317	1.34854			2066.7317	0.01623		
2066.92961	1.3486			2066.92961	0.01625		
2067.12752	1.34865			2067.12752	0.01628		
2067.32543	1.3488			2067.32543	0.01629		
2067.52333	1.34901			2067.52333	0.01629		
2067.72124	1.3492			2067.72124	0.01628		
2067.91915	1.34926			2067.91915	0.01627		
2068.11706	1.34931			2068.11706	0.01625		
2068.31496	1.34942			2068.31496	0.01626		
2068.51287	1.34954			2068.51287	0.01629		
2068.71078	1.34967			2068.71078	0.01631		
2068.90869	1.3498			2068.90869	0.01629		
2069.1066	1.34992			2069.1066	0.01627		
2069.3045	1.35001			2069.3045	0.01624		
2069.50241	1.3501			2069.50241	0.0162		
2069.70032	1.35025			2069.70032	0.01619		
2069.89823	1.35049			2069.89823	0.01622		
2070.09614	1.35073			2070.09614	0.01624		
2070.29404	1.35081			2070.29404	0.0163		
2070.49195	1.35089			2070.49195	0.01637		
2070.68986	1.351			2070.68986	0.01637		
2070.88777	1.35114			2070.88777	0.01634		
2071.08568	1.35128			2071.08568	0.01631		
2071.28358	1.35137			2071.28358	0.01631		
2071.48149	1.35145			2071.48149	0.01631		
2071.6794	1.35165			2071.6794	0.01637		
2071.87731	1.35188			2071.87731	0.01645		
2072.07522	1.35208			2072.07522	0.01651		
2072.27312	1.35214			2072.27312	0.01653		
2072.47103	1.35221			2072.47103	0.01655		
2072.66894	1.35232			2072.66894	0.01655		
2072.86685	1.35244			2072.86685	0.01653		
2073.06475	1.35257			2073.06475	0.01652		
2073.26266	1.35272			2073.26266	0.0165		
2073.46057	1.35286			2073.46057	0.01648		
2073.65848	1.35297			2073.65848	0.01642		
2073.85639	1.35307			2073.85639	0.01636		
2074.05429	1.35326			2074.05429	0.01634		
2074.2522	1.35354			2074.2522	0.01635		
2074.45011	1.35381			2074.45011	0.01636		
2074.64802	1.35393			2074.64802	0.01641		
2074.84593	1.35405			2074.84593	0.01645		
2075.04383	1.3542			2075.04383	0.01648		
2075.24174	1.35437			2075.24174	0.01649		
2075.43965	1.35453			2075.43965	0.01651		
2075.63756	1.35463			2075.63756	0.01656		
2075.83547	1.35474			2075.83547	0.01661		
2076.03337	1.35495			2076.03337	0.01665		
2076.23128	1.3552			2076.23128	0.01668		
2076.42919	1.35541			2076.42919	0.0167		
2076.6271	1.3555			2076.6271	0.01668		
2076.82501	1.3556			2076.82501	0.01667		
2077.02291	1.35576			2077.02291	0.01665		
2077.22082	1.35593			2077.22082	0.01662		
2077.41873	1.35612			2077.41873	0.01661		
2077.61664	1.3563			2077.61664	0.0166		
2077.81454	1.35649			2077.81454	0.0166		
2078.01245	1.35664			2078.01245	0.01656		
2078.21036	1.35678			2078.21036	0.01652		
2078.40827	1.35703			2078.40827	0.01652		
2078.60618	1.35734			2078.60618	0.01654		
2078.80408	1.35763			2078.80408	0.01656		
2079.00199	1.35778			2079.00199	0.01662		
2079.1999	1.35793			2079.1999	0.01668		
2079.39781	1.35812			2079.39781	0.01671		
2079.59572	1.35832			2079.59572	0.01672		
2079.79362	1.35851			2079.79362	0.01673		
2079.99153	1.35866			2079.99153	0.01672		
2080.18944	1.35881			2080.18944	0.01671		
2080.38735	1.3591			2080.38735	0.0167		
2080.58526	1.35943			2080.58526	0.01669		
2080.78316	1.3597			2080.78316	0.01668		
2080.98107	1.35988			2080.98107	0.01665		
2081.17898	1.36007			2081.17898	0.01662		
2081.37689	1.36033			2081.37689	0.01661		
2081.57479	1.3606			2081.57479	0.01661		
2081.7727	1.36088			2081.7727	0.0166		
2081.97061	1.36116			2081.97061	0.0166		
2082.16852	1.36144			2082.16852	0.01659		
2082.36643	1.3617			2082.36643	0.01658		
2082.56433	1.36195			2082.56433	0.01657		
2082.76224	1.36231			2082.76224	0.0166		
2082.96015	1.36273			2082.96015	0.01666		
2083.15806	1.36312			2083.15806	0.01672		
2083.35597	1.36338			2083.35597	0.0168		
2083.55387	1.36365			2083.55387	0.01688		
2083.75178	1.36397			2083.75178	0.01694		
2083.94969	1.3643			2083.94969	0.01699		
2084.1476	1.36462			2084.1476	0.01702		
2084.34551	1.36492			2084.34551	0.01701		
2084.54341	1.36522			2084.54341	0.017		
2084.74132	1.36572			2084.74132	0.01704		
2084.93923	1.36623			2084.93923	0.01708		
2085.13714	1.36669			2085.13714	0.01714		
2085.33505	1.36709			2085.33505	0.01722		
2085.53295	1.36749			2085.53295	0.0173		
2085.73086	1.368			2085.73086	0.0174		
2085.92877	1.36851			2085.92877	0.0175		
2086.12668	1.36906			2086.12668	0.01763		
2086.32458	1.36964			2086.32458	0.01778		
2086.52249	1.37023			2086.52249	0.01795		
2086.7204	1.37081			2086.7204	0.01821		
2086.91831	1.3714			2086.91831	0.01848		
2087.11622	1.37209			2087.11622	0.01901		
2087.31412	1.37281			2087.31412	0.01964		
2087.51203	1.3734			2087.51203	0.02052		
2087.70994	1.3736			2087.70994	0.02207		
2087.90785	1.3738			2087.90785	0.02363		
2088.10576	1.37362			2088.10576	0.02531		
2088.30366	1.37336			2088.30366	0.02701		
2088.50157	1.37301			2088.50157	0.02795		
2088.69948	1.37251			2088.69948	0.02781		
2088.89739	1.37202			2088.89739	0.02767		
2089.0953	1.37229			2089.0953	0.02621		
2089.2932	1.37257			2089.2932	0.02473		
2089.49111	1.37313			2089.49111	0.0236		
2089.68902	1.37394			2089.68902	0.0228		
2089.88693	1.37481			2089.88693	0.02211		
2090.08483	1.37622			2090.08483	0.02251		
2090.28274	1.37762			2090.28274	0.02292		
2090.48065	1.3791			2090.48065	0.02393		
2090.67856	1.38061			2090.67856	0.02525		
2090.87647	1.3819			2090.87647	0.02709		
2091.07437	1.38251			2091.07437	0.0306		
2091.27228	1.38311			2091.27228	0.03411		
2091.47019	1.38218			2091.47019	0.04112		
2091.6681	1.38088			2091.6681	0.04894		
2091.86601	1.37841			2091.86601	0.05658		
2092.06391	1.37363			2092.06391	0.06385		
2092.26182	1.36885			2092.26182	0.07112		
2092.45973	1.36339			2092.45973	0.06929		
2092.65764	1.35786			2092.65764	0.06654		
2092.85555	1.35342			2092.85555	0.0607		
2093.05345	1.35015			2093.05345	0.05156		
2093.25136	1.34705			2093.25136	0.04258		
2093.44927	1.34676			2093.44927	0.03624		
2093.64718	1.34646			2093.64718	0.0299		
2093.84509	1.34731			2093.84509	0.02605		
2094.04299	1.34884			2094.04299	0.02366		
2094.2409	1.35035			2094.2409	0.02148		
2094.43881	1.35183			2094.43881	0.02051		
2094.63672	1.35331			2094.63672	0.01953		
2094.83462	1.3547			2094.83462	0.01889		
2095.03253	1.35606			2095.03253	0.01837		
2095.23044	1.35734			2095.23044	0.01792		
2095.42835	1.35841			2095.42835	0.01765		
2095.62626	1.35948			2095.62626	0.01737		
2095.82416	1.36056			2095.82416	0.0172		
2096.02207	1.36163			2096.02207	0.01704		
2096.21998	1.36259			2096.21998	0.0169		
2096.41789	1.36338			2096.41789	0.0168		
2096.6158	1.36417			2096.6158	0.0167		
2096.8137	1.36494			2096.8137	0.01667		
2097.01161	1.3657			2097.01161	0.01664		
2097.20952	1.36643			2097.20952	0.01662		
2097.40743	1.36712			2097.40743	0.01662		
2097.60534	1.3678			2097.60534	0.01661		
2097.80324	1.36839			2097.80324	0.01661		
2098.00115	1.36898			2098.00115	0.01661		
2098.19906	1.36964			2098.19906	0.01666		
2098.39697	1.37033			2098.39697	0.01673		
2098.59487	1.37098			2098.59487	0.0168		
2098.79278	1.37147			2098.79278	0.01684		
2098.99069	1.37196			2098.99069	0.01688		
2099.1886	1.37249			2099.1886	0.01688		
2099.38651	1.37302			2099.38651	0.01686		
2099.58441	1.37353			2099.58441	0.01686		
2099.78232	1.37399			2099.78232	0.01687		
2099.98023	1.37446			2099.98023	0.01689		
2100.17814	1.37507			2100.17814	0.0169		
2100.37605	1.37569			2100.37605	0.01691		
2100.57395	1.37624			2100.57395	0.01693		
2100.77186	1.37669			2100.77186	0.01695		
2100.96977	1.37715			2100.96977	0.01697		
2101.16768	1.37766			2101.16768	0.01701		
2101.36559	1.37817			2101.36559	0.01704		
2101.56349	1.37867			2101.56349	0.01709		
2101.7614	1.37917			2101.7614	0.01713		
2101.95931	1.37966			2101.95931	0.01717		
2102.15722	1.3801			2102.15722	0.01718		
2102.35513	1.38054			2102.35513	0.01718		
2102.55303	1.38111			2102.55303	0.01717		
2102.75094	1.38173			2102.75094	0.01715		
2102.94885	1.3823			2102.94885	0.01714		
2103.14676	1.38276			2103.14676	0.01716		
2103.34466	1.38323			2103.34466	0.01718		
2103.54257	1.38375			2103.54257	0.01725		
2103.74048	1.38428			2103.74048	0.01732		
2103.93839	1.38477			2103.93839	0.01738		
2104.1363	1.38523			2104.1363	0.01742		
2104.3342	1.38568			2104.3342	0.01746		
2104.53211	1.38632			2104.53211	0.01739		
2104.73002	1.38696			2104.73002	0.01733		
2104.92793	1.38752			2104.92793	0.01732		
2105.12584	1.38801			2105.12584	0.01735		
2105.32374	1.38852			2105.32374	0.01738		
2105.52165	1.38908			2105.52165	0.01743		
2105.71956	1.38965			2105.71956	0.01747		
2105.91747	1.39022			2105.91747	0.01748		
2106.11538	1.3908			2106.11538	0.01748		
2106.31328	1.39136			2106.31328	0.01748		
2106.51119	1.3919			2106.51119	0.01747		
2106.7091	1.39243			2106.7091	0.01747		
2106.90701	1.39311			2106.90701	0.0175		
2107.10491	1.39383			2107.10491	0.01754		
2107.30282	1.39449			2107.30282	0.01758		
2107.50073	1.39505			2107.50073	0.01763		
2107.69864	1.39561			2107.69864	0.01769		
2107.89655	1.39625			2107.89655	0.01767		
2108.09445	1.39689			2108.09445	0.01764		
2108.29236	1.3975			2108.29236	0.01767		
2108.49027	1.39809			2108.49027	0.01774		
2108.68818	1.3987			2108.68818	0.01781		
2108.88609	1.39947			2108.88609	0.01784		
2109.08399	1.40024			2109.08399	0.01787		
2109.2819	1.40093			2109.2819	0.01785		
2109.47981	1.40157			2109.47981	0.01781		
2109.67772	1.40223			2109.67772	0.01778		
2109.87563	1.40297			2109.87563	0.01782		
2110.07353	1.40372			2110.07353	0.01787		
2110.27144	1.40447			2110.27144	0.01795		
2110.46935	1.40522			2110.46935	0.01805		
2110.66726	1.40596			2110.66726	0.01815		
2110.86517	1.40665			2110.86517	0.01823		
2111.06307	1.40735			2111.06307	0.01832		
2111.26098	1.40821			2111.26098	0.0184		
2111.45889	1.40909			2111.45889	0.01849		
2111.6568	1.40987			2111.6568	0.01866		
2111.8547	1.41053			2111.8547	0.01893		
2112.05261	1.41119			2112.05261	0.01919		
2112.25052	1.41184			2112.25052	0.01947		
2112.44843	1.4125			2112.44843	0.01975		
2112.64634	1.41311			2112.64634	0.01981		
2112.84424	1.41368			2112.84424	0.01972		
2113.04215	1.4143			2113.04215	0.01959		
2113.24006	1.41517			2113.24006	0.01927		
2113.43797	1.41604			2113.43797	0.01894		
2113.63588	1.41689			2113.63588	0.01867		
2113.83378	1.41773			2113.83378	0.01842		
2114.03169	1.41861			2114.03169	0.0182		
2114.2296	1.41962			2114.2296	0.0181		
2114.42751	1.42062			2114.42751	0.01799		
2114.62542	1.42167			2114.62542	0.01796		
2114.82332	1.42273			2114.82332	0.01794		
2115.02123	1.42376			2115.02123	0.01794		
2115.21914	1.42477			2115.21914	0.01796		
2115.41705	1.42577			2115.41705	0.01798		
2115.61495	1.42699			2115.61495	0.01793		
2115.81286	1.4282			2115.81286	0.01788		
2116.01077	1.42936			2116.01077	0.01783		
2116.20868	1.43046			2116.20868	0.01777		
2116.40659	1.43157			2116.40659	0.01771		
2116.60449	1.4328			2116.60449	0.01771		
2116.8024	1.43402			2116.8024	0.0177		
2117.00031	1.43528			2117.00031	0.01771		
2117.19822	1.43655			2117.19822	0.01773		
2117.39613	1.43782			2117.39613	0.01775		
2117.59403	1.43909			2117.59403	0.01776		
2117.79194	1.44035			2117.79194	0.01777		
2117.98985	1.44178			2117.98985	0.01778		
2118.18776	1.44326			2118.18776	0.0178		
2118.38567	1.44471			2118.38567	0.01782		
2118.58357	1.44608			2118.58357	0.01786		
2118.78148	1.44745			2118.78148	0.01789		
2118.97939	1.44894			2118.97939	0.0179		
2119.1773	1.45044			2119.1773	0.0179		
2119.37521	1.45195			2119.37521	0.0179		
2119.57311	1.45347			2119.57311	0.01789		
2119.77102	1.455			2119.77102	0.01789		
2119.96893	1.45678			2119.96893	0.01789		
2120.16684	1.45855			2120.16684	0.01788		
2120.36474	1.46028			2120.36474	0.01789		
2120.56265	1.46198			2120.56265	0.01792		
2120.76056	1.46371			2120.76056	0.01796		
2120.95847	1.46555			2120.95847	0.01802		
2121.15638	1.4674			2121.15638	0.01809		
2121.35428	1.46931			2121.35428	0.01813		
2121.55219	1.47125			2121.55219	0.01815		
2121.7501	1.4732			2121.7501	0.01818		
2121.94801	1.4752			2121.94801	0.01819		
2122.14592	1.47719			2122.14592	0.01821		
2122.34382	1.47944			2122.34382	0.01822		
2122.54173	1.48174			2122.54173	0.01823		
2122.73964	1.48402			2122.73964	0.01825		
2122.93755	1.48628			2122.93755	0.01832		
2123.13546	1.48854			2123.13546	0.01838		
2123.33336	1.491			2123.33336	0.01847		
2123.53127	1.49346			2123.53127	0.01856		
2123.72918	1.49598			2123.72918	0.01861		
2123.92709	1.49853			2123.92709	0.01864		
2124.12499	1.50113			2124.12499	0.01866		
2124.3229	1.50406			2124.3229	0.01868		
2124.52081	1.50699			2124.52081	0.0187		
2124.71872	1.50993			2124.71872	0.01877		
2124.91663	1.51289			2124.91663	0.01886		
2125.11453	1.51591			2125.11453	0.01897		
2125.31244	1.51914			2125.31244	0.01913		
2125.51035	1.52237			2125.51035	0.0193		
2125.70826	1.5258			2125.70826	0.01942		
2125.90617	1.52927			2125.90617	0.01953		
2126.10407	1.53282			2126.10407	0.01963		
2126.30198	1.53651			2126.30198	0.01973		
2126.49989	1.54019			2126.49989	0.01982		
2126.6978	1.54436			2126.6978	0.02004		
2126.89571	1.54855			2126.89571	0.02027		
2127.09361	1.55281			2127.09361	0.02055		
2127.29152	1.55713			2127.29152	0.0209		
2127.48943	1.56147			2127.48943	0.02126		
2127.68734	1.56619			2127.68734	0.02176		
2127.88525	1.5709			2127.88525	0.02226		
2128.08315	1.57576			2128.08315	0.02281		
2128.28106	1.58071			2128.28106	0.02339		
2128.47897	1.58578			2128.47897	0.02395		
2128.67688	1.59137			2128.67688	0.02447		
2128.87478	1.59696			2128.87478	0.02498		
2129.07269	1.60276			2129.07269	0.02548		
2129.2706	1.60863			2129.2706	0.02597		
2129.46851	1.61472			2129.46851	0.02646		
2129.66642	1.62131			2129.66642	0.02696		
2129.86432	1.6279			2129.86432	0.02745		
2130.06223	1.63516			2130.06223	0.02793		
2130.26014	1.64252			2130.26014	0.0284		
2130.45805	1.65023			2130.45805	0.0289		
2130.65596	1.65839			2130.65596	0.02946		
2130.85386	1.66658			2130.85386	0.03002		
2131.05177	1.67614			2131.05177	0.03067		
2131.24968	1.68571			2131.24968	0.03132		
2131.44759	1.69583			2131.44759	0.03211		
2131.6455	1.70643			2131.6455	0.03302		
2131.8434	1.71722			2131.8434	0.03396		
2132.04131	1.72953			2132.04131	0.0351		
2132.23922	1.74183			2132.23922	0.03624		
2132.43713	1.75541			2132.43713	0.03762		
2132.63504	1.76955			2132.63504	0.03911		
2132.83294	1.78449			2132.83294	0.04074		
2133.03085	1.8016			2133.03085	0.04275		
2133.22876	1.81871			2133.22876	0.04476		
2133.42667	1.83799			2133.42667	0.0479		
2133.62457	1.85783			2133.62457	0.05134		
2133.82248	1.87901			2133.82248	0.05566		
2134.02039	1.90251			2134.02039	0.0615		
2134.2183	1.926			2134.2183	0.06735		
2134.41621	1.95274			2134.41621	0.07781		
2134.61411	1.97968			2134.61411	0.08856		
2134.81202	2.00819			2134.81202	0.10223		
2135.00993	2.03817			2135.00993	0.11864		
2135.20784	2.06879			2135.20784	0.13514		
2135.40575	2.10586			2135.40575	0.15241		
2135.60365	2.14292			2135.60365	0.16968		
2135.80156	2.1846			2135.80156	0.19055		
2135.99947	2.22917			2135.99947	0.21368		
2136.19738	2.27595			2136.19738	0.23975		
2136.39529	2.33226			2136.39529	0.27844		
2136.59319	2.38856			2136.59319	0.31713		
2136.7911	2.44779			2136.7911	0.38253		
2136.98901	2.50792			2136.98901	0.45622		
2137.18692	2.56237			2137.18692	0.56002		
2137.38482	2.60568			2137.38482	0.72277		
2137.58273	2.64899			2137.58273	0.88552		
2137.78064	2.60966			2137.78064	1.21307		
2137.97855	2.55712			2137.97855	1.56696		
2138.17646	2.45226			2138.17646	1.917		
2138.37436	2.27996			2138.37436	2.26207		
2138.57227	2.10698			2138.57227	2.60323		
2138.77018	1.87544			2138.77018	2.60704		
2138.96809	1.64389			2138.96809	2.61084		
2139.166	1.42821			2139.166	2.5285		
2139.3639	1.22373			2139.3639	2.38533		
2139.56181	1.03334			2139.56181	2.24037		
2139.75972	0.9166			2139.75972	2.0861		
2139.95763	0.79985			2139.95763	1.93183		
2140.15554	0.70464			2140.15554	1.80445		
2140.35344	0.61933			2140.35344	1.68945		
2140.55135	0.5436			2140.55135	1.57747		
2140.74926	0.4952			2140.74926	1.4741		
2140.94717	0.44681			2140.94717	1.37073		
2141.14508	0.40877			2141.14508	1.28795		
2141.34298	0.37278			2141.34298	1.20927		
2141.54089	0.34506			2141.54089	1.12923		
2141.7388	0.32928			2141.7388	1.0472		
2141.93671	0.31351			2141.93671	0.96518		
2142.13461	0.29352			2142.13461	0.9013		
2142.33252	0.27323			2142.33252	0.83873		
2142.53043	0.25824			2142.53043	0.77351		
2142.72834	0.24838			2142.72834	0.70573		
2142.92625	0.24008			2142.92625	0.63396		
2143.12415	0.24919			2143.12415	0.5176		
2143.32206	0.2583			2143.32206	0.40124		
2143.51997	0.28444			2143.51997	0.29449		
2143.71788	0.3195			2143.71788	0.19277		
2143.91579	0.35761			2143.91579	0.10805		
2144.11369	0.40588			2144.11369	0.0798		
2144.3116	0.45415			2144.3116	0.05155		
2144.50951	0.49823			2144.50951	0.03696		
2144.70742	0.54095			2144.70742	0.02679		
2144.90533	0.58087			2144.90533	0.0183		
2145.10323	0.61507			2145.10323	0.01325		
2145.30114	0.64928			2145.30114	0.00819		
2145.49905	0.67689			2145.49905	0.00764		
2145.69696	0.70381			2145.69696	0.00756		
2145.89486	0.72784			2145.89486	0.0084		
2146.09277	0.74873			2146.09277	0.01024		
2146.29068	0.7694			2146.29068	0.01195		
2146.48859	0.78607			2146.48859	0.01147		
2146.6865	0.80274			2146.6865	0.01099		
2146.8844	0.81786			2146.8844	0.00985		
2147.08231	0.83187			2147.08231	0.00821		
2147.28022	0.84564			2147.28022	0.00668		
2147.47813	0.85809			2147.47813	0.00569		
2147.67604	0.87054			2147.67604	0.0047		
2147.87394	0.88196			2147.87394	0.00411		
2148.07185	0.89299			2148.07185	0.00366		
2148.26976	0.90362			2148.26976	0.0034		
2148.46767	0.9133			2148.46767	0.00361		
2148.66558	0.92297			2148.66558	0.00381		
2148.86348	0.93151			2148.86348	0.0043		
2149.06139	0.9398			2149.06139	0.00486		
2149.2593	0.94766			2149.2593	0.0052		
2149.45721	0.95488			2149.45721	0.00524		
2149.65512	0.96211			2149.65512	0.00529		
2149.85302	0.9687			2149.85302	0.00445		
2150.05093	0.97527			2150.05093	0.00359		
2150.24884	0.98162			2150.24884	0.00293		
2150.44675	0.98778			2150.44675	0.00242		
2150.64465	0.99388			2150.64465	0.00197		
2150.84256	0.9996			2150.84256	0.00193		
2151.04047	1.00531			2151.04047	0.0019		
2151.23838	1.0107			2151.23838	0.00181		
2151.43629	1.0159			2151.43629	0.00171		
2151.63419	1.02101			2151.63419	0.00161		
2151.8321	1.0258			2151.8321	0.00152		
2152.03001	1.03058			2152.03001	0.00143		
2152.22792	1.03508			2152.22792	0.00139		
2152.42583	1.0395			2152.42583	0.00136		
2152.62373	1.04381			2152.62373	0.00134		
2152.82164	1.04792			2152.82164	0.00137		
2153.01955	1.05204			2153.01955	0.0014		
2153.21746	1.05587			2153.21746	0.0014		
2153.41537	1.05967			2153.41537	0.00141		
2153.61327	1.06335			2153.61327	0.00147		
2153.81118	1.06688			2153.81118	0.00159		
2154.00909	1.07041			2154.00909	0.00171		
2154.207	1.07368			2154.207	0.00186		
2154.4049	1.07696			2154.4049	0.00202		
2154.60281	1.08008			2154.60281	0.00215		
2154.80072	1.0831			2154.80072	0.00226		
2154.99863	1.08608			2154.99863	0.00237		
2155.19654	1.08892			2155.19654	0.00246		
2155.39444	1.09176			2155.39444	0.00256		
2155.59235	1.09447			2155.59235	0.00263		
2155.79026	1.09712			2155.79026	0.0027		
2155.98817	1.09973			2155.98817	0.00277		
2156.18608	1.10223			2156.18608	0.00284		
2156.38398	1.10474			2156.38398	0.0029		
2156.58189	1.1071			2156.58189	0.00304		
2156.7798	1.10945			2156.7798	0.0032		
2156.97771	1.11174			2156.97771	0.00333		
2157.17562	1.11396			2157.17562	0.00345		
2157.37352	1.11619			2157.37352	0.00357		
2157.57143	1.11827			2157.57143	0.00363		
2157.76934	1.12034			2157.76934	0.00369		
2157.96725	1.12236			2157.96725	0.00378		
2158.16516	1.12433			2158.16516	0.0039		
2158.36306	1.12629			2158.36306	0.00402		
2158.56097	1.12815			2158.56097	0.00413		
2158.75888	1.13001			2158.75888	0.00424		
2158.95679	1.1318			2158.95679	0.00434		
2159.15469	1.13354			2159.15469	0.00444		
2159.3526	1.13527			2159.3526	0.00452		
2159.55051	1.13698			2159.55051	0.00459		
2159.74842	1.13868			2159.74842	0.00466		
2159.94633	1.14029			2159.94633	0.00473		
2160.14423	1.14187			2160.14423	0.00479		
2160.34214	1.14344			2160.34214	0.00487		
2160.54005	1.14497			2160.54005	0.00498		
2160.73796	1.1465			2160.73796	0.00509		
2160.93587	1.14792			2160.93587	0.00522		
2161.13377	1.14934			2161.13377	0.00536		
2161.33168	1.15074			2161.33168	0.00548		
2161.52959	1.15213			2161.52959	0.00559		
2161.7275	1.15352			2161.7275	0.0057		
2161.92541	1.15478			2161.92541	0.00577		
2162.12331	1.15605			2162.12331	0.00584		
2162.32122	1.1573			2162.32122	0.00588		
2162.51913	1.15853			2162.51913	0.00592		
2162.71704	1.15976			2162.71704	0.00595		
2162.91494	1.16096			2162.91494	0.00599		
2163.11285	1.16216			2163.11285	0.00603		
2163.31076	1.16331			2163.31076	0.00605		
2163.50867	1.16445			2163.50867	0.00606		
2163.70658	1.1656			2163.70658	0.00608		
2163.90448	1.16678			2163.90448	0.00611		
2164.10239	1.16795			2164.10239	0.00615		
2164.3003	1.16902			2164.3003	0.00627		
2164.49821	1.17008			2164.49821	0.0064		
2164.69612	1.17112			2164.69612	0.00651		
2164.89402	1.17215			2164.89402	0.00658		
2165.09193	1.17317			2165.09193	0.00665		
2165.28984	1.17412			2165.28984	0.00674		
2165.48775	1.17507			2165.48775	0.00682		
2165.68566	1.17603			2165.68566	0.00689		
2165.88356	1.177			2165.88356	0.00695		
2166.08147	1.17795			2166.08147	0.007		
2166.27938	1.17883			2166.27938	0.00706		
2166.47729	1.1797			2166.47729	0.00711		
2166.6752	1.18057			2166.6752	0.00716		
2166.8731	1.18144			2166.8731	0.00721		
2167.07101	1.1823			2167.07101	0.00724		
2167.26892	1.18315			2167.26892	0.00724		
2167.46683	1.18401			2167.46683	0.00723		
2167.66473	1.18483			2167.66473	0.00726		
2167.86264	1.18564			2167.86264	0.00729		
2168.06055	1.18647			2168.06055	0.00735		
2168.25846	1.18731			2168.25846	0.00745		
2168.45637	1.18816			2168.45637	0.00755		
2168.65427	1.1889			2168.65427	0.00768		
2168.85218	1.18962			2168.85218	0.00782		
2169.05009	1.19034			2169.05009	0.00791		
2169.248	1.19104			2169.248	0.00796		
2169.44591	1.19174			2169.44591	0.00801		
2169.64381	1.1924			2169.64381	0.00803		
2169.84172	1.19306			2169.84172	0.00805		
2170.03963	1.19376			2170.03963	0.00806		
2170.23754	1.19449			2170.23754	0.00808		
2170.43545	1.1952			2170.43545	0.00809		
2170.63335	1.19584			2170.63335	0.00808		
2170.83126	1.19649			2170.83126	0.00806		
2171.02917	1.19716			2171.02917	0.00809		
2171.22708	1.19783			2171.22708	0.00813		
2171.42498	1.19849			2171.42498	0.00818		
2171.62289	1.19914			2171.62289	0.00824		
2171.8208	1.19979			2171.8208	0.00831		
2172.01871	1.20038			2172.01871	0.00838		
2172.21662	1.20097			2172.21662	0.00845		
2172.41452	1.20158			2172.41452	0.00853		
2172.61243	1.20222			2172.61243	0.00861		
2172.81034	1.20286			2172.81034	0.0087		
2173.00825	1.20338			2173.00825	0.00878		
2173.20616	1.20391			2173.20616	0.00886		
2173.40406	1.20444			2173.40406	0.0089		
2173.60197	1.20498			2173.60197	0.00893		
2173.79988	1.20552			2173.79988	0.00895		
2173.99779	1.20606			2173.99779	0.00895		
2174.1957	1.20659			2174.1957	0.00895		
2174.3936	1.20711			2174.3936	0.00897		
2174.59151	1.20762			2174.59151	0.009		
2174.78942	1.20814			2174.78942	0.00903		
2174.98733	1.20873			2174.98733	0.00909		
2175.18524	1.20931			2175.18524	0.00915		
2175.38314	1.2098			2175.38314	0.00923		
2175.58105	1.21028			2175.58105	0.0093		
2175.77896	1.21075			2175.77896	0.00938		
2175.97687	1.21124			2175.97687	0.00945		
2176.17477	1.21173			2176.17477	0.00952		
2176.37268	1.21215			2176.37268	0.00961		
2176.57059	1.21258			2176.57059	0.0097		
2176.7685	1.21304			2176.7685	0.00977		
2176.96641	1.21354			2176.96641	0.00984		
2177.16431	1.21403			2177.16431	0.0099		
2177.36222	1.21442			2177.36222	0.00995		
2177.56013	1.2148			2177.56013	0.01		
2177.75804	1.21521			2177.75804	0.01003		
2177.95595	1.21563			2177.95595	0.01007		
2178.15385	1.21605			2178.15385	0.0101		
2178.35176	1.21647			2178.35176	0.01014		
2178.54967	1.21689			2178.54967	0.01019		
2178.74758	1.21726			2178.74758	0.01024		
2178.94549	1.21763			2178.94549	0.0103		
2179.14339	1.21802			2179.14339	0.01037		
2179.3413	1.21847			2179.3413	0.01046		
2179.53921	1.21891			2179.53921	0.01054		
2179.73712	1.21925			2179.73712	0.01059		
2179.93503	1.21958			2179.93503	0.01064		
2180.13293	1.21992			2180.13293	0.01067		
2180.33084	1.22029			2180.33084	0.01068		
2180.52875	1.22065			2180.52875	0.01068		
2180.72666	1.22098			2180.72666	0.01071		
2180.92456	1.22131			2180.92456	0.01074		
2181.12247	1.2217			2181.12247	0.01079		
2181.32038	1.22213			2181.32038	0.01084		
2181.51829	1.22254			2181.51829	0.01091		
2181.7162	1.22285			2181.7162	0.011		
2181.9141	1.22315			2181.9141	0.0111		
2182.11201	1.22348			2182.11201	0.01115		
2182.30992	1.22381			2182.30992	0.01117		
2182.50783	1.22415			2182.50783	0.01119		
2182.70574	1.22448			2182.70574	0.01123		
2182.90364	1.22481			2182.90364	0.01127		
2183.10155	1.22508			2183.10155	0.01139		
2183.29946	1.22535			2183.29946	0.01153		
2183.49737	1.22565			2183.49737	0.01164		
2183.69528	1.226			2183.69528	0.01173		
2183.89318	1.22635			2183.89318	0.01181		
2184.09109	1.22657			2184.09109	0.01185		
2184.289	1.2268			2184.289	0.01188		
2184.48691	1.22704			2184.48691	0.0119		
2184.68481	1.22731			2184.68481	0.01192		
2184.88272	1.22758			2184.88272	0.01194		
2185.08063	1.2278			2185.08063	0.01195		
2185.27854	1.22803			2185.27854	0.01196		
2185.47645	1.22834			2185.47645	0.01197		
2185.67435	1.22869			2185.67435	0.01198		
2185.87226	1.22901			2185.87226	0.012		
2186.07017	1.22925			2186.07017	0.01204		
2186.26808	1.22948			2186.26808	0.01207		
2186.46599	1.22975			2186.46599	0.0121		
2186.66389	1.23002			2186.66389	0.01213		
2186.8618	1.2303			2186.8618	0.01218		
2187.05971	1.23056			2187.05971	0.01224		
2187.25762	1.23082			2187.25762	0.01231		
2187.45553	1.23103			2187.45553	0.01238		
2187.65343	1.23123			2187.65343	0.01246		
2187.85134	1.23149			2187.85134	0.01251		
2188.04925	1.23179			2188.04925	0.01256		
2188.24716	1.2321			2188.24716	0.0126		
2188.44507	1.23229			2188.44507	0.01263		
2188.64297	1.23248			2188.64297	0.01265		
2188.84088	1.2327			2188.84088	0.01267		
2189.03879	1.23294			2189.03879	0.01269		
2189.2367	1.23317			2189.2367	0.01272		
2189.4346	1.23336			2189.4346	0.01279		
2189.63251	1.23355			2189.63251	0.01286		
2189.83042	1.23381			2189.83042	0.01293		
2190.02833	1.23411			2190.02833	0.013		
2190.22624	1.23437			2190.22624	0.01306		
2190.42414	1.23453			2190.42414	0.0131		
2190.62205	1.2347			2190.62205	0.01314		
2190.81996	1.23491			2190.81996	0.01317		
2191.01787	1.23513			2191.01787	0.01319		
2191.21578	1.23534			2191.21578	0.01323		
2191.41368	1.23556			2191.41368	0.01329		
2191.61159	1.23577			2191.61159	0.01335		
2191.8095	1.23593			2191.8095	0.01344		
2192.00741	1.23608			2192.00741	0.01352		
2192.20532	1.23631			2192.20532	0.0136		
2192.40322	1.23658			2192.40322	0.01366		
2192.60113	1.23684			2192.60113	0.01372		
2192.79904	1.23698			2192.79904	0.01382		
2192.99695	1.23711			2192.99695	0.01391		
2193.19485	1.23726			2193.19485	0.01401		
2193.39276	1.23742			2193.39276	0.01412		
2193.59067	1.23756			2193.59067	0.01423		
2193.78858	1.23765			2193.78858	0.01431		
2193.98649	1.23774			2193.98649	0.01439		
2194.18439	1.23794			2194.18439	0.01444		
2194.3823	1.23817			2194.3823	0.01448		
2194.58021	1.23834			2194.58021	0.01453		
2194.77812	1.23842			2194.77812	0.01459		
2194.97603	1.2385			2194.97603	0.01465		
2195.17393	1.23863			2195.17393	0.01471		
2195.37184	1.23876			2195.37184	0.01478		
2195.56975	1.23888			2195.56975	0.01486		
2195.76766	1.23899			2195.76766	0.01496		
2195.96557	1.23909			2195.96557	0.01506		
2196.16347	1.23913			2196.16347	0.01513		
2196.36138	1.23916			2196.36138	0.01521		
2196.55929	1.23928			2196.55929	0.01525		
2196.7572	1.23945			2196.7572	0.01526		
2196.95511	1.23959			2196.95511	0.01529		
2197.15301	1.23962			2197.15301	0.01533		
2197.35092	1.23964			2197.35092	0.01538		
2197.54883	1.23971			2197.54883	0.01538		
2197.74674	1.23979			2197.74674	0.01537		
2197.94464	1.23987			2197.94464	0.01536		
2198.14255	1.23994			2198.14255	0.01539		
2198.34046	1.24002			2198.34046	0.01541		
2198.53837	1.24004			2198.53837	0.01544		
2198.73628	1.24006			2198.73628	0.01548		
2198.93418	1.24015			2198.93418	0.01545		
2199.13209	1.24031			2199.13209	0.01534		
2199.33	1.24047			2199.33	0.01523		