Reference:	"Ehrenfreund et al. (1997)"
Sample Type:	"Ice"
Composition:	"CO (1)"
Temperature:	"30K"
OCdb page:	"https://ocdb.smce.nasa.gov/dataset/35"
n₁ Error Units:	Not Applicable
k₁ Error Units:	Not Applicable

"Wavenumber (cm⁻¹)"	"n₁"	"Dn₁  (+/-)"	"k₁"	"Dk₁  (+/-)"	
2002.11	1.32873		0.00281		
2002.30597	1.32879		0.00262		
2002.50193	1.32884		0.00243		
2002.6979	1.32894		0.00226		
2002.89386	1.32907		0.00212		
2003.08983	1.32921		0.002		
2003.2858	1.32936		0.002		
2003.48176	1.32951		0.00201		
2003.67773	1.32965		0.00213		
2003.87369	1.3298		0.00231		
2004.06966	1.32993		0.00249		
2004.26563	1.32999		0.00265		
2004.46159	1.33005		0.00282		
2004.65756	1.33008		0.00289		
2004.85352	1.3301		0.00293		
2005.04949	1.3301		0.00306		
2005.24546	1.33004		0.00341		
2005.44142	1.32999		0.00377		
2005.63739	1.32993		0.00367		
2005.83335	1.32986		0.00345		
2006.02932	1.32985		0.00316		
2006.22529	1.32992		0.00273		
2006.42125	1.33		0.00229		
2006.61722	1.33008		0.0025		
2006.81318	1.33016		0.00282		
2007.00915	1.33023		0.00301		
2007.20512	1.3303		0.003		
2007.40108	1.33036		0.00298		
2007.59705	1.33046		0.00268		
2007.79301	1.33056		0.00237		
2007.98898	1.33069		0.00225		
2008.18494	1.33085		0.00233		
2008.38091	1.33101		0.00241		
2008.57688	1.33121		0.00243		
2008.77284	1.33141		0.00244		
2008.96881	1.33158		0.00253		
2009.16477	1.33173		0.00268		
2009.36074	1.33187		0.00286		
2009.55671	1.33194		0.00325		
2009.75267	1.33201		0.00364		
2009.94864	1.33202		0.00388		
2010.1446	1.332		0.00405		
2010.34057	1.33198		0.00419		
2010.53654	1.33197		0.00423		
2010.7325	1.33195		0.00427		
2010.92847	1.3319		0.0044		
2011.12443	1.33183		0.00455		
2011.3204	1.33176		0.00469		
2011.51637	1.33168		0.00478		
2011.71233	1.3316		0.00487		
2011.9083	1.33155		0.00476		
2012.10426	1.33149		0.0046		
2012.30023	1.33146		0.00446		
2012.4962	1.33147		0.00433		
2012.69216	1.33147		0.0042		
2012.88813	1.33157		0.00408		
2013.08409	1.33168		0.00396		
2013.28006	1.33178		0.00389		
2013.47603	1.33189		0.00386		
2013.67199	1.332		0.00384		
2013.86796	1.33209		0.00401		
2014.06392	1.33219		0.00419		
2014.25989	1.33226		0.00434		
2014.45586	1.33231		0.00445		
2014.65182	1.33236		0.00455		
2014.84779	1.33244		0.00451		
2015.04375	1.33252		0.00447		
2015.23972	1.33256		0.00461		
2015.43569	1.33255		0.00489		
2015.63165	1.33254		0.00516		
2015.82762	1.33248		0.00542		
2016.02358	1.33242		0.00567		
2016.21955	1.33236		0.00561		
2016.41552	1.3323		0.00538		
2016.61148	1.33224		0.0052		
2016.80745	1.33221		0.0052		
2017.00341	1.33218		0.0052		
2017.19938	1.33219		0.00525		
2017.39535	1.33222		0.00532		
2017.59131	1.33224		0.00532		
2017.78728	1.33224		0.00517		
2017.98324	1.33224		0.00501		
2018.17921	1.33226		0.00502		
2018.37518	1.33229		0.00506		
2018.57114	1.33231		0.00514		
2018.76711	1.3323		0.00526		
2018.96307	1.33229		0.00539		
2019.15904	1.33236		0.00517		
2019.35501	1.33243		0.00492		
2019.55097	1.3325		0.00472		
2019.74694	1.33259		0.0046		
2019.9429	1.33267		0.00448		
2020.13887	1.33272		0.00485		
2020.33483	1.33277		0.00524		
2020.5308	1.33278		0.00546		
2020.72677	1.33275		0.00552		
2020.92273	1.33273		0.00554		
2021.1187	1.33273		0.00519		
2021.31466	1.33272		0.00483		
2021.51063	1.33279		0.00472		
2021.7066	1.33289		0.00475		
2021.90256	1.333		0.00478		
2022.09853	1.33309		0.00477		
2022.29449	1.33318		0.00476		
2022.49046	1.33332		0.00461		
2022.68643	1.33348		0.0044		
2022.88239	1.33364		0.00425		
2023.07836	1.33383		0.0043		
2023.27432	1.33403		0.00435		
2023.47029	1.3342		0.00459		
2023.66626	1.33437		0.00488		
2023.86222	1.33449		0.00525		
2024.05819	1.33445		0.00587		
2024.25415	1.33441		0.00648		
2024.45012	1.33429		0.00662		
2024.64609	1.33416		0.00664		
2024.84205	1.33406		0.00653		
2025.03802	1.334		0.00619		
2025.23398	1.33394		0.00584		
2025.42995	1.33398		0.00575		
2025.62592	1.33403		0.00567		
2025.82188	1.33412		0.00562		
2026.01785	1.33427		0.00558		
2026.21381	1.33443		0.00555		
2026.40978	1.3345		0.00574		
2026.60575	1.33457		0.00593		
2026.80171	1.33461		0.00618		
2026.99768	1.33462		0.00649		
2027.19364	1.33463		0.00677		
2027.38961	1.33456		0.0068		
2027.58558	1.33449		0.00683		
2027.78154	1.33446		0.00683		
2027.97751	1.33445		0.00681		
2028.17347	1.33443		0.0068		
2028.36944	1.33438		0.00685		
2028.56541	1.33433		0.0069		
2028.76137	1.3343		0.00688		
2028.95734	1.33428		0.00684		
2029.1533	1.33425		0.0068		
2029.34927	1.33422		0.00682		
2029.54524	1.33419		0.00684		
2029.7412	1.33414		0.00689		
2029.93717	1.33409		0.00694		
2030.13313	1.33409		0.00684		
2030.3291	1.3342		0.00638		
2030.52507	1.33431		0.00593		
2030.72103	1.33448		0.00565		
2030.917	1.33466		0.0054		
2031.11296	1.33483		0.00545		
2031.30893	1.33499		0.00599		
2031.50489	1.33516		0.00654		
2031.70086	1.33517		0.00684		
2031.89683	1.33516		0.00712		
2032.09279	1.33509		0.00734		
2032.28876	1.33496		0.00748		
2032.48472	1.33482		0.00762		
2032.68069	1.33476		0.00753		
2032.87666	1.3347		0.00743		
2033.07262	1.33465		0.0072		
2033.26859	1.33461		0.00684		
2033.46455	1.33459		0.0065		
2033.66052	1.33468		0.00647		
2033.85649	1.33477		0.00644		
2034.05245	1.33486		0.00637		
2034.24842	1.33497		0.00628		
2034.44438	1.33507		0.00622		
2034.64035	1.33521		0.00637		
2034.83632	1.33534		0.00651		
2035.03228	1.33536		0.00678		
2035.22825	1.33533		0.00712		
2035.42421	1.33528		0.00738		
2035.62018	1.3352		0.00736		
2035.81615	1.33512		0.00734		
2036.01211	1.33508		0.00712		
2036.20808	1.33506		0.00684		
2036.40404	1.33507		0.00658		
2036.60001	1.33512		0.00636		
2036.79598	1.33516		0.00614		
2036.99194	1.3353		0.00616		
2037.18791	1.33544		0.00622		
2037.38387	1.33556		0.00625		
2037.57984	1.33565		0.00622		
2037.77581	1.33573		0.00618		
2037.97177	1.33587		0.00602		
2038.16774	1.33601		0.00586		
2038.3637	1.33614		0.00583		
2038.55967	1.33627		0.00595		
2038.75564	1.33639		0.00607		
2038.9516	1.33653		0.00626		
2039.14757	1.33666		0.00645		
2039.34353	1.33673		0.00659		
2039.5395	1.33675		0.00668		
2039.73547	1.33677		0.00676		
2039.93143	1.3368		0.00678		
2040.1274	1.33682		0.0068		
2040.32336	1.33687		0.00679		
2040.51933	1.33692		0.00676		
2040.7153	1.33699		0.0067		
2040.91126	1.33709		0.00646		
2041.10723	1.33718		0.00623		
2041.30319	1.3373		0.00646		
2041.49916	1.33742		0.00686		
2041.69513	1.3375		0.00724		
2041.89109	1.33744		0.00757		
2042.08706	1.33738		0.0079		
2042.28302	1.33734		0.00771		
2042.47899	1.3373		0.00738		
2042.67495	1.33729		0.00712		
2042.87092	1.33733		0.007		
2043.06689	1.33737		0.00689		
2043.26285	1.33748		0.00694		
2043.45882	1.3376		0.00701		
2043.65478	1.33769		0.00713		
2043.85075	1.33771		0.00731		
2044.04672	1.33773		0.00749		
2044.24268	1.33779		0.00729		
2044.43865	1.33786		0.00707		
2044.63461	1.33794		0.00694		
2044.83058	1.33805		0.00691		
2045.02655	1.33816		0.0069		
2045.22251	1.3382		0.00723		
2045.41848	1.33824		0.00757		
2045.61444	1.33828		0.00775		
2045.81041	1.33832		0.00781		
2046.00638	1.33835		0.00787		
2046.20234	1.3383		0.00784		
2046.39831	1.33825		0.0078		
2046.59427	1.33824		0.00777		
2046.79024	1.33824		0.00773		
2046.98621	1.33825		0.00767		
2047.18217	1.33828		0.00753		
2047.37814	1.3383		0.00738		
2047.5741	1.33841		0.00734		
2047.77007	1.33854		0.00734		
2047.96604	1.33866		0.00733		
2048.162	1.33873		0.0073		
2048.35797	1.3388		0.00727		
2048.55393	1.33887		0.00734		
2048.7499	1.33895		0.00744		
2048.94587	1.33902		0.00752		
2049.14183	1.33909		0.00755		
2049.3378	1.33915		0.00759		
2049.53376	1.3392		0.00753		
2049.72973	1.33924		0.00747		
2049.9257	1.33932		0.00747		
2050.12166	1.33945		0.00754		
2050.31763	1.33958		0.00762		
2050.51359	1.33966		0.00757		
2050.70956	1.33972		0.00751		
2050.90553	1.3398		0.00757		
2051.10149	1.33987		0.00776		
2051.29746	1.33994		0.00795		
2051.49342	1.33991		0.00816		
2051.68939	1.33989		0.00836		
2051.88536	1.33987		0.00851		
2052.08132	1.33985		0.00862		
2052.27729	1.33982		0.00872		
2052.47325	1.33968		0.00879		
2052.66922	1.33955		0.00885		
2052.86519	1.33947		0.00864		
2053.06115	1.33941		0.00828		
2053.25712	1.33938		0.00795		
2053.45308	1.33943		0.00775		
2053.64905	1.33948		0.00754		
2053.84502	1.33957		0.00736		
2054.04098	1.33969		0.0072		
2054.23695	1.33985		0.007		
2054.43291	1.34011		0.00671		
2054.62888	1.34037		0.00643		
2054.82484	1.34058		0.00645		
2055.02081	1.34079		0.00655		
2055.21678	1.34098		0.00676		
2055.41274	1.34112		0.00718		
2055.60871	1.34125		0.0076		
2055.80467	1.3413		0.00765		
2056.00064	1.34133		0.00764		
2056.19661	1.3414		0.00757		
2056.39257	1.34153		0.00739		
2056.58854	1.34165		0.00722		
2056.7845	1.34169		0.00749		
2056.98047	1.34172		0.00778		
2057.17644	1.34173		0.00801		
2057.3724	1.34172		0.00819		
2057.56837	1.3417		0.00835		
2057.76433	1.34172		0.00804		
2057.9603	1.34174		0.00774		
2058.15627	1.34183		0.00737		
2058.35223	1.34197		0.00696		
2058.5482	1.34212		0.00665		
2058.74416	1.34235		0.00696		
2058.94013	1.34258		0.00727		
2059.1361	1.34271		0.00755		
2059.33206	1.34278		0.00781		
2059.52803	1.34285		0.00798		
2059.72399	1.34292		0.0078		
2059.91996	1.34298		0.00762		
2060.11593	1.34301		0.00775		
2060.31189	1.34301		0.00798		
2060.50786	1.34303		0.00819		
2060.70382	1.34305		0.00834		
2060.89979	1.34308		0.0085		
2061.09576	1.34306		0.0083		
2061.29172	1.34303		0.00801		
2061.48769	1.34305		0.00771		
2061.68365	1.34317		0.0074		
2061.87962	1.34329		0.00709		
2062.07559	1.34348		0.007		
2062.27155	1.34369		0.00693		
2062.46752	1.34388		0.00693		
2062.66348	1.34407		0.007		
2062.85945	1.34425		0.00707		
2063.05542	1.34448		0.00707		
2063.25138	1.34471		0.00706		
2063.44735	1.34487		0.00721		
2063.64331	1.34496		0.0075		
2063.83928	1.34505		0.00779		
2064.03525	1.34508		0.00801		
2064.23121	1.34512		0.00822		
2064.42718	1.34517		0.00811		
2064.62314	1.34523		0.00778		
2064.81911	1.34531		0.00748		
2065.01508	1.34544		0.00738		
2065.21104	1.34558		0.00729		
2065.40701	1.34578		0.00734		
2065.60297	1.34601		0.00747		
2065.79894	1.34622		0.0076		
2065.9949	1.34631		0.00775		
2066.19087	1.34641		0.00791		
2066.38684	1.34649		0.00814		
2066.5828	1.34656		0.0084		
2066.77877	1.34663		0.00847		
2066.97473	1.3467		0.00812		
2067.1707	1.34677		0.00776		
2067.36667	1.34691		0.00792		
2067.56263	1.34706		0.00817		
2067.7586	1.34714		0.00851		
2067.95456	1.34709		0.00899		
2068.15053	1.34704		0.00947		
2068.3465	1.34698		0.00926		
2068.54246	1.34692		0.00898		
2068.73843	1.34694		0.00859		
2068.93439	1.34704		0.00806		
2069.13036	1.34715		0.00753		
2069.32633	1.34738		0.00736		
2069.52229	1.34762		0.0072		
2069.71826	1.34788		0.00729		
2069.91422	1.34817		0.0076		
2070.11019	1.34845		0.0079		
2070.30616	1.34856		0.00805		
2070.50212	1.34868		0.0082		
2070.69809	1.34877		0.00836		
2070.89405	1.34884		0.00853		
2071.09002	1.3489		0.00868		
2071.28599	1.3489		0.00873		
2071.48195	1.3489		0.00878		
2071.67792	1.34897		0.00872		
2071.87388	1.34907		0.0086		
2072.06985	1.34917		0.00848		
2072.26582	1.34925		0.00834		
2072.46178	1.34933		0.0082		
2072.65775	1.34947		0.0081		
2072.85371	1.34962		0.00802		
2073.04968	1.34977		0.00801		
2073.24565	1.3499		0.00817		
2073.44161	1.35003		0.00832		
2073.63758	1.35011		0.00835		
2073.83354	1.35018		0.00836		
2074.02951	1.3503		0.00824		
2074.22548	1.3505		0.00796		
2074.42144	1.3507		0.00767		
2074.61741	1.35092		0.00749		
2074.81337	1.35114		0.00732		
2075.00934	1.35138		0.00727		
2075.20531	1.35165		0.00736		
2075.40127	1.35191		0.00746		
2075.59724	1.35207		0.00776		
2075.7932	1.35223		0.00807		
2075.98917	1.3524		0.00819		
2076.18514	1.35258		0.00815		
2076.3811	1.35276		0.00812		
2076.57707	1.35289		0.00808		
2076.77303	1.35302		0.00804		
2076.969	1.3532		0.00795		
2077.16496	1.3534		0.00784		
2077.36093	1.35361		0.00777		
2077.5569	1.35381		0.00791		
2077.75286	1.354		0.00805		
2077.94883	1.35415		0.00826		
2078.14479	1.35428		0.0085		
2078.34076	1.35443		0.00859		
2078.53673	1.35467		0.00823		
2078.73269	1.35491		0.00787		
2078.92866	1.35514		0.00784		
2079.12462	1.35536		0.00792		
2079.32059	1.35558		0.00805		
2079.51656	1.3558		0.00832		
2079.71252	1.35602		0.00858		
2079.90849	1.35614		0.00873		
2080.10445	1.35625		0.00887		
2080.30042	1.35637		0.00898		
2080.49639	1.35653		0.00903		
2080.69235	1.35669		0.00909		
2080.88832	1.35678		0.00903		
2081.08428	1.35686		0.00895		
2081.28025	1.35698		0.00888		
2081.47622	1.35713		0.00882		
2081.67218	1.35728		0.00876		
2081.86815	1.35749		0.0086		
2082.06411	1.35769		0.00844		
2082.26008	1.35793		0.00825		
2082.45605	1.35819		0.00803		
2082.65201	1.35848		0.00782		
2082.84798	1.35892		0.00761		
2083.04394	1.35937		0.00741		
2083.23991	1.35979		0.0074		
2083.43588	1.3602		0.0075		
2083.63184	1.3606		0.00764		
2083.82781	1.36097		0.00793		
2084.02377	1.36134		0.00823		
2084.21974	1.36162		0.00852		
2084.41571	1.36187		0.0088		
2084.61167	1.36213		0.00901		
2084.80764	1.36245		0.00901		
2085.0036	1.36277		0.00901		
2085.19957	1.3631		0.00883		
2085.39554	1.36343		0.00859		
2085.5915	1.36379		0.00848		
2085.78747	1.36424		0.00865		
2085.98343	1.36469		0.00882		
2086.1794	1.36522		0.00882		
2086.37537	1.36576		0.0088		
2086.57133	1.36635		0.00874		
2086.7673	1.367		0.00863		
2086.96326	1.36766		0.00851		
2087.15923	1.36839		0.00924		
2087.3552	1.36912		0.01		
2087.55116	1.36964		0.01111		
2087.74713	1.36991		0.01263		
2087.94309	1.37018		0.01414		
2088.13906	1.36998		0.01563		
2088.33503	1.36978		0.01713		
2088.53099	1.36947		0.01778		
2088.72696	1.36906		0.01779		
2088.92292	1.36872		0.01764		
2089.11889	1.36891		0.01638		
2089.31485	1.36909		0.01511		
2089.51082	1.36962		0.01412		
2089.70679	1.37036		0.0133		
2089.90275	1.3712		0.01265		
2090.09872	1.37252		0.0128		
2090.29468	1.37385		0.01295		
2090.49065	1.37529		0.01377		
2090.68662	1.37679		0.01484		
2090.88258	1.37808		0.0165		
2091.07855	1.37883		0.01974		
2091.27451	1.37957		0.02297		
2091.47048	1.37883		0.02945		
2091.66645	1.37775		0.03663		
2091.86241	1.37565		0.04381		
2092.05838	1.37135		0.05095		
2092.25434	1.36704		0.05809		
2092.45031	1.36195		0.05735		
2092.64628	1.35674		0.05542		
2092.84224	1.35237		0.05067		
2093.03821	1.34918		0.04204		
2093.23417	1.34599		0.0334		
2093.43014	1.34561		0.0271		
2093.62611	1.34531		0.02087		
2093.82207	1.3459		0.01676		
2094.01804	1.3473		0.01462		
2094.214	1.3487		0.0125		
2094.40997	1.35011		0.01183		
2094.60594	1.35152		0.01115		
2094.8019	1.35283		0.01053		
2094.99787	1.35406		0.00996		
2095.19383	1.35527		0.00946		
2095.3898	1.35622		0.00944		
2095.58577	1.35718		0.00942		
2095.78173	1.35803		0.00949		
2095.9777	1.35884		0.00959		
2096.17366	1.3596		0.00966		
2096.36963	1.36015		0.0095		
2096.5656	1.36069		0.00935		
2096.76156	1.3612		0.00927		
2096.95753	1.3617		0.00921		
2097.15349	1.3622		0.00907		
2097.34946	1.3627		0.00874		
2097.54543	1.36321		0.0084		
2097.74139	1.36376		0.00796		
2097.93736	1.36431		0.00749		
2098.13332	1.3649		0.00723		
2098.32929	1.36553		0.0073		
2098.52526	1.36616		0.00737		
2098.72122	1.36668		0.00744		
2098.91719	1.36717		0.00751		
2099.11315	1.36768		0.0074		
2099.30912	1.36819		0.00708		
2099.50509	1.36871		0.00675		
2099.70105	1.36922		0.00674		
2099.89702	1.36973		0.00674		
2100.09298	1.37026		0.00672		
2100.28895	1.37082		0.00668		
2100.48491	1.37138		0.00664		
2100.68088	1.37188		0.00654		
2100.87685	1.37237		0.00644		
2101.07281	1.37288		0.00636		
2101.26878	1.37341		0.00631		
2101.46474	1.37394		0.00625		
2101.66071	1.3745		0.00611		
2101.85668	1.37507		0.00598		
2102.05264	1.37565		0.00586		
2102.24861	1.37623		0.00577		
2102.44457	1.37682		0.00572		
2102.64054	1.37745		0.00584		
2102.83651	1.37808		0.00597		
2103.03247	1.37861		0.00622		
2103.22844	1.37911		0.00651		
2103.4244	1.3796		0.00672		
2103.62037	1.38006		0.00672		
2103.81634	1.38052		0.00672		
2104.0123	1.38096		0.00674		
2104.20827	1.38139		0.00676		
2104.40423	1.38184		0.0068		
2104.6002	1.38233		0.00686		
2104.79617	1.38282		0.00692		
2104.99213	1.38322		0.00701		
2105.1881	1.38361		0.00709		
2105.38406	1.38402		0.00706		
2105.58003	1.38445		0.00687		
2105.776	1.38488		0.00668		
2105.97196	1.38539		0.00643		
2106.16793	1.3859		0.00617		
2106.36389	1.38645		0.00595		
2106.55986	1.38702		0.00577		
2106.75583	1.3876		0.0056		
2106.95179	1.38827		0.0055		
2107.14776	1.38893		0.0054		
2107.34372	1.38958		0.00534		
2107.53969	1.39022		0.00531		
2107.73566	1.39088		0.00524		
2107.93162	1.39161		0.00492		
2108.12759	1.39234		0.0046		
2108.32355	1.3931		0.0045		
2108.51952	1.39388		0.00449		
2108.71549	1.39467		0.00452		
2108.91145	1.39549		0.00468		
2109.10742	1.39631		0.00483		
2109.30338	1.39707		0.00496		
2109.49935	1.39781		0.00507		
2109.69532	1.39855		0.00519		
2109.89128	1.39929		0.0053		
2110.08725	1.40003		0.00541		
2110.28321	1.40075		0.00558		
2110.47918	1.40146		0.00576		
2110.67515	1.40215		0.00596		
2110.87111	1.40279		0.00621		
2111.06708	1.40343		0.00645		
2111.26304	1.40411		0.00653		
2111.45901	1.40478		0.0066		
2111.65497	1.40544		0.00667		
2111.85094	1.40605		0.00674		
2112.04691	1.40666		0.00681		
2112.24287	1.40729		0.00686		
2112.43884	1.40792		0.00691		
2112.6348	1.40854		0.00695		
2112.83077	1.40914		0.00699		
2113.02674	1.40976		0.00699		
2113.2227	1.41052		0.00663		
2113.41867	1.41127		0.00626		
2113.61463	1.41205		0.00594		
2113.8106	1.41286		0.00564		
2114.00657	1.41368		0.00539		
2114.20253	1.41457		0.00543		
2114.3985	1.41546		0.00546		
2114.59446	1.41638		0.00531		
2114.79043	1.4173		0.00506		
2114.9864	1.41824		0.00482		
2115.18236	1.41923		0.0046		
2115.37833	1.42022		0.00438		
2115.57429	1.42132		0.00414		
2115.77026	1.42245		0.00388		
2115.96623	1.4236		0.00366		
2116.16219	1.42476		0.00349		
2116.35816	1.42593		0.00332		
2116.55412	1.42713		0.00339		
2116.75009	1.42833		0.00349		
2116.94606	1.42954		0.00351		
2117.14202	1.43076		0.0034		
2117.33799	1.43198		0.00329		
2117.53395	1.43326		0.00309		
2117.72992	1.43454		0.00289		
2117.92589	1.43589		0.00272		
2118.12185	1.4373		0.00258		
2118.31782	1.4387		0.00244		
2118.51378	1.44012		0.00254		
2118.70975	1.44155		0.00265		
2118.90572	1.44297		0.00274		
2119.10168	1.44441		0.00282		
2119.29765	1.44584		0.00287		
2119.49361	1.44732		0.00271		
2119.68958	1.44879		0.00254		
2119.88555	1.45032		0.00248		
2120.08151	1.45189		0.00248		
2120.27748	1.45347		0.00246		
2120.47344	1.4551		0.00232		
2120.66941	1.45674		0.00217		
2120.86538	1.45846		0.00195		
2121.06134	1.46024		0.00169		
2121.25731	1.46204		0.00146		
2121.45327	1.46396		0.00133		
2121.64924	1.46587		0.0012		
2121.84521	1.46787		0.00108		
2122.04117	1.4699		0.000969		
2122.23714	1.47196		0.000888		
2122.4331	1.47409		0.000872		
2122.62907	1.47621		0.000857		
2122.82504	1.47838		0.000899		
2123.021	1.48056		0.000951		
2123.21697	1.48277		0.000947		
2123.41293	1.48503		0.000856		
2123.6089	1.48729		0.000765		
2123.80486	1.48977		0.000361		
2124.00083	1.49227		-6.3E-5		
2124.1968	1.49495		-0.00067		
2124.39276	1.49782		-0.00147		
2124.58873	1.50069		-0.00226		
2124.78469	1.50395		-0.00261		
2124.98066	1.50722		-0.00295		
2125.17663	1.51058		-0.00288		
2125.37259	1.51403		-0.00245		
2125.56856	1.51749		-0.00205		
2125.76452	1.52102		-0.00183		
2125.96049	1.52456		-0.00161		
2126.15646	1.5282		-0.00141		
2126.35242	1.53189		-0.00121		
2126.54839	1.53562		-0.000986		
2126.74435	1.53952		-0.000648		
2126.94032	1.54341		-0.00031		
2127.13629	1.54749		-4.8E-5		
2127.33225	1.55165		0.00018		
2127.52822	1.55591		0.000347		
2127.72418	1.56045		0.000327		
2127.92015	1.565		0.000307		
2128.11612	1.56991		0.000371		
2128.31208	1.57493		0.000457		
2128.50805	1.5801		0.000683		
2128.70401	1.58557		0.00118		
2128.89998	1.59103		0.00167		
2129.09595	1.59682		0.00236		
2129.29191	1.60266		0.00309		
2129.48788	1.60867		0.00383		
2129.68384	1.61493		0.00457		
2129.87981	1.62119		0.00531		
2130.07578	1.62804		0.00578		
2130.27174	1.63491		0.00624		
2130.46771	1.64221		0.00656		
2130.66367	1.64994		0.00673		
2130.85964	1.65773		0.00692		
2131.05561	1.66664		0.00726		
2131.25157	1.67556		0.00761		
2131.44754	1.68509		0.00827		
2131.6435	1.69514		0.00919		
2131.83947	1.70532		0.01014		
2132.03544	1.71672		0.01146		
2132.2314	1.72811		0.01278		
2132.42737	1.74048		0.01425		
2132.62333	1.75337		0.01581		
2132.8193	1.76669		0.0175		
2133.01527	1.78175		0.01975		
2133.21123	1.7968		0.022		
2133.4072	1.8135		0.02462		
2133.60316	1.83089		0.0274		
2133.79913	1.84909		0.03044		
2133.9951	1.8697		0.0343		
2134.19106	1.89031		0.03816		
2134.38703	1.91386		0.04412		
2134.58299	1.93814		0.05059		
2134.77896	1.96369		0.05864		
2134.97492	1.99159		0.06962		
2135.17089	2.0195		0.08059		
2135.36686	2.05302		0.09438		
2135.56282	2.08715		0.10847		
2135.75879	2.12425		0.12367		
2135.95475	2.16577		0.14049		
2136.15072	2.20728		0.15731		
2136.34669	2.26071		0.18215		
2136.54265	2.31473		0.20738		
2136.73862	2.37367		0.24544		
2136.93458	2.43748		0.29616		
2137.13055	2.50102		0.35085		
2137.32652	2.55969		0.47519		
2137.52248	2.61836		0.59954		
2137.71845	2.6363		0.82126		
2137.91441	2.62137		1.12156		
2138.11038	2.59454		1.42864		
2138.30635	2.46521		1.79412		
2138.50231	2.33587		2.15959		
2138.69828	2.15365		2.35215		
2138.89424	1.94353		2.45347		
2139.09021	1.73331		2.51432		
2139.28618	1.52274		2.41838		
2139.48214	1.31217		2.32245		
2139.67811	1.16117		2.1841		
2139.87407	1.02941		2.03205		
2140.07004	0.90681		1.889		
2140.26601	0.81092		1.77216		
2140.46197	0.71502		1.65533		
2140.65794	0.65346		1.5485		
2140.8539	0.60016		1.44408		
2141.04987	0.55294		1.34771		
2141.24584	0.5167		1.26586		
2141.4418	0.48045		1.18401		
2141.63777	0.46355		1.10408		
2141.83373	0.44863		1.02435		
2142.0297	0.42958		0.96661		
2142.22567	0.40451		0.94095		
2142.42163	0.37945		0.9153		
2142.6176	0.36132		0.84217		
2142.81356	0.34349		0.76693		
2143.00953	0.33643		0.6659		
2143.2055	0.3398		0.5399		
2143.40146	0.34455		0.41713		
2143.59743	0.37146		0.34646		
2143.79339	0.39836		0.27579		
2143.98936	0.43199		0.22552		
2144.18533	0.46993		0.18835		
2144.38129	0.50742		0.15309		
2144.57726	0.5412		0.13352		
2144.77322	0.57498		0.11394		
2144.96919	0.60578		0.10069		
2145.16516	0.63504		0.09071		
2145.36112	0.66316		0.08166		
2145.55709	0.68698		0.07613		
2145.75305	0.71081		0.0706		
2145.94902	0.73116		0.06578		
2146.14498	0.75042		0.06118		
2146.34095	0.76884		0.05691		
2146.53692	0.7854		0.05336		
2146.73288	0.80197		0.04981		
2146.92885	0.81628		0.04642		
2147.12481	0.83008		0.04308		
2147.32078	0.84333		0.04001		
2147.51675	0.85562		0.03746		
2147.71271	0.86791		0.03491		
2147.90868	0.87873		0.03329		
2148.10464	0.8894		0.03175		
2148.30061	0.89958		0.03033		
2148.49658	0.90916		0.02905		
2148.69254	0.91874		0.02776		
2148.88851	0.92701		0.02642		
2149.08447	0.93523		0.02508		
2149.28044	0.94309		0.02377		
2149.47641	0.95061		0.02249		
2149.67237	0.9581		0.02122		
2149.86834	0.96495		0.02011		
2150.0643	0.9718		0.01901		
2150.26027	0.97822		0.01828		
2150.45624	0.98437		0.01777		
2150.6522	0.99046		0.0172		
2150.84817	0.99621		0.01628		
2151.04413	1.00197		0.01535		
2151.2401	1.00738		0.01443		
2151.43607	1.01262		0.01352		
2151.63203	1.0178		0.0127		
2151.828	1.02277		0.01217		
2152.02396	1.02775		0.01165		
2152.21993	1.03236		0.01148		
2152.4159	1.03685		0.01142		
2152.61186	1.04123		0.01142		
2152.80783	1.04534		0.01156		
2153.00379	1.04945		0.0117		
2153.19976	1.0532		0.01131		
2153.39573	1.05687		0.01082		
2153.59169	1.06046		0.01038		
2153.78766	1.06394		0.01007		
2153.98362	1.06742		0.00975		
2154.17959	1.07061		0.01004		
2154.37556	1.07377		0.01038		
2154.57152	1.07679		0.01044		
2154.76749	1.07962		0.01017		
2154.96345	1.08246		0.0099		
2155.15942	1.08528		0.00927		
2155.35539	1.08811		0.00863		
2155.55135	1.09086		0.0082		
2155.74732	1.09353		0.00796		
2155.94328	1.0962		0.00774		
2156.13925	1.09874		0.00781		
2156.33522	1.10127		0.00787		
2156.53118	1.10366		0.00788		
2156.72715	1.10596		0.00784		
2156.92311	1.10825		0.00775		
2157.11908	1.11048		0.00745		
2157.31505	1.11271		0.00715		
2157.51101	1.11481		0.00708		
2157.70698	1.11686		0.00714		
2157.90294	1.11889		0.00712		
2158.09891	1.12088		0.00685		
2158.29487	1.12288		0.00657		
2158.49084	1.12488		0.00614		
2158.68681	1.12687		0.00567		
2158.88277	1.12884		0.00543		
2159.07874	1.13073		0.00569		
2159.2747	1.13262		0.00595		
2159.47067	1.13438		0.00626		
2159.66664	1.13611		0.00658		
2159.8626	1.13776		0.00676		
2160.05857	1.13925		0.00674		
2160.25453	1.14074		0.00671		
2160.4505	1.14215		0.00676		
2160.64647	1.14355		0.00681		
2160.84243	1.14491		0.0068		
2161.0384	1.14623		0.00671		
2161.23436	1.14755		0.00662		
2161.43033	1.149		0.00602		
2161.6263	1.15045		0.00541		
2161.82226	1.15191		0.00501		
2162.01823	1.15339		0.00479		
2162.21419	1.15486		0.0046		
2162.41016	1.15628		0.00494		
2162.60613	1.1577		0.00529		
2162.80209	1.15899		0.00561		
2162.99806	1.16022		0.00592		
2163.19402	1.16142		0.00618		
2163.38999	1.1625		0.00619		
2163.58596	1.16358		0.00621		
2163.78192	1.1647		0.00608		
2163.97789	1.16582		0.00589		
2164.17385	1.16693		0.00579		
2164.36982	1.16796		0.00596		
2164.56579	1.169		0.00614		
2164.76175	1.16992		0.0065		
2164.95772	1.17082		0.00691		
2165.15368	1.17165		0.00721		
2165.34965	1.17237		0.00727		
2165.54562	1.17308		0.00733		
2165.74158	1.17381		0.00715		
2165.93755	1.17455		0.00693		
2166.13351	1.17528		0.00669		
2166.32948	1.17601		0.0064		
2166.52545	1.17674		0.0061		
2166.72141	1.17756		0.00567		
2166.91738	1.17839		0.00523		
2167.11334	1.17925		0.00488		
2167.30931	1.18016		0.00465		
2167.50528	1.18107		0.0044		
2167.70124	1.18203		0.00402		
2167.89721	1.183		0.00363		
2168.09317	1.184		0.00342		
2168.28914	1.18503		0.00333		
2168.48511	1.18604		0.00326		
2168.68107	1.18697		0.00345		
2168.87704	1.18789		0.00363		
2169.073	1.18874		0.00386		
2169.26897	1.18954		0.00411		
2169.46493	1.19033		0.00432		
2169.6609	1.19104		0.00433		
2169.85687	1.19176		0.00433		
2170.05283	1.19251		0.00416		
2170.2488	1.19327		0.00393		
2170.44476	1.19401		0.00383		
2170.64073	1.19469		0.00417		
2170.8367	1.19536		0.00451		
2171.03266	1.19594		0.0048		
2171.22863	1.19648		0.00508		
2171.42459	1.19701		0.00521		
2171.62056	1.19751		0.00506		
2171.81653	1.198		0.0049		
2172.01249	1.19857		0.00449		
2172.20846	1.19915		0.00404		
2172.40442	1.1998		0.00368		
2172.60039	1.20054		0.00343		
2172.79636	1.20129		0.00319		
2172.99232	1.20202		0.00329		
2173.18829	1.20274		0.00343		
2173.38425	1.20343		0.0036		
2173.58022	1.20407		0.0038		
2173.77619	1.20471		0.00401		
2173.97215	1.20522		0.00429		
2174.16812	1.20574		0.00456		
2174.36408	1.20619		0.0047		
2174.56005	1.2066		0.00473		
2174.75602	1.20702		0.00475		
2174.95198	1.20747		0.00468		
2175.14795	1.20792		0.00461		
2175.34391	1.20839		0.00441		
2175.53988	1.20886		0.00414		
2175.73585	1.20934		0.00391		
2175.93181	1.20986		0.00384		
2176.12778	1.21039		0.00377		
2176.32374	1.21089		0.00389		
2176.51971	1.21137		0.00407		
2176.71568	1.21187		0.00412		
2176.91164	1.2124		0.0038		
2177.10761	1.21293		0.00349		
2177.30357	1.21345		0.00345		
2177.49954	1.21396		0.00349		
2177.69551	1.21449		0.00354		
2177.89147	1.21503		0.00358		
2178.08744	1.21558		0.00362		
2178.2834	1.21615		0.00342		
2178.47937	1.21673		0.0032		
2178.67534	1.21731		0.00318		
2178.8713	1.21787		0.00345		
2179.06727	1.21844		0.00371		
2179.26323	1.21894		0.0041		
2179.4592	1.21944		0.00449		
2179.65517	1.21984		0.00487		
2179.85113	1.22014		0.00526		
2180.0471	1.22044		0.00564		
2180.24306	1.22058		0.00612		
2180.43903	1.22072		0.0066		
2180.63499	1.22081		0.00675		
2180.83096	1.22087		0.00667		
2181.02693	1.22095		0.00656		
2181.22289	1.22114		0.00621		
2181.41886	1.22133		0.00587		
2181.61482	1.22155		0.00563		
2181.81079	1.22179		0.00545		
2182.00676	1.22204		0.00529		
2182.20272	1.22234		0.00522		
2182.39869	1.22264		0.00514		
2182.59465	1.22296		0.00498		
2182.79062	1.22329		0.0048		
2182.98659	1.22362		0.00462		
2183.18255	1.22397		0.00444		
2183.37852	1.22432		0.00426		
2183.57448	1.22472		0.00424		
2183.77045	1.22513		0.00424		
2183.96642	1.22552		0.00421		
2184.16238	1.22588		0.00412		
2184.35835	1.22623		0.00403		
2184.55431	1.22654		0.00423		
2184.75028	1.22684		0.00446		
2184.94625	1.22711		0.00461		
2185.14221	1.22733		0.00468		
2185.33818	1.22756		0.00474		
2185.53414	1.22788		0.00425		
2185.73011	1.2282		0.00375		
2185.92608	1.22856		0.00346		
2186.12204	1.22896		0.00339		
2186.31801	1.22936		0.00332		
2186.51397	1.22979		0.00333		
2186.70994	1.23021		0.00333		
2186.90591	1.2306		0.00348		
2187.10187	1.23096		0.00372		
2187.29784	1.23131		0.00395		
2187.4938	1.23157		0.00411		
2187.68977	1.23183		0.00428		
2187.88574	1.23211		0.00423		
2188.0817	1.2324		0.00408		
2188.27767	1.23269		0.00398		
2188.47363	1.23295		0.00409		
2188.6696	1.23321		0.0042		
2188.86557	1.23348		0.00425		
2189.06153	1.23375		0.00428		
2189.2575	1.23401		0.00431		
2189.45346	1.23424		0.00437		
2189.64943	1.23447		0.00443		
2189.8454	1.23474		0.00444		
2190.04136	1.23502		0.00443		
2190.23733	1.23527		0.00445		
2190.43329	1.23548		0.00452		
2190.62926	1.23569		0.00458		
2190.82523	1.23586		0.00482		
2191.02119	1.23603		0.00508		
2191.21716	1.23619		0.00515		
2191.41312	1.23635		0.00499		
2191.60909	1.23651		0.00482		
2191.80506	1.23674		0.00456		
2192.00102	1.23697		0.0043		
2192.19699	1.23725		0.0042		
2192.39295	1.23757		0.00423		
2192.58892	1.23789		0.00427		
2192.78488	1.2381		0.0046		
2192.98085	1.23831		0.00493		
2193.17682	1.23847		0.00514		
2193.37278	1.23861		0.00527		
2193.56875	1.23874		0.00535		
2193.76471	1.23885		0.0052		
2193.96068	1.23896		0.00506		
2194.15665	1.23912		0.00501		
2194.35261	1.23932		0.005		
2194.54858	1.2395		0.00498		
2194.74454	1.23967		0.00495		
2194.94051	1.23983		0.00491		
2195.13648	1.23999		0.00497		
2195.33244	1.24014		0.00505		
2195.52841	1.24029		0.00512		
2195.72437	1.24041		0.00516		
2195.92034	1.24053		0.00519		
2196.11631	1.24064		0.00512		
2196.31227	1.24075		0.00503		
2196.50824	1.24088		0.00492		
2196.7042	1.24106		0.00478		
2196.90017	1.24124		0.00465		
2197.09614	1.2414		0.00465		
2197.2921	1.24155		0.00466		
2197.48807	1.24172		0.00458		
2197.68403	1.24191		0.0044		
2197.88	1.2421		0.00421		