# {"full": "H2O:CH3OH:CO2 (0.3:0.5:1)", "name": "H2O:CH3OH:CO2", "ratio": "(0.3:0.5:1)", "url": "https://icedb.strw.leidenuniv.nl/data/48", "author": "Ehrenfreund et al."}
399.264 -0.0055
400.22841 -0.0131
401.19281 -0.015
402.15722 -0.01091
403.12162 -0.00872
404.08603 -0.00588
405.05044 -0.00528
406.01484 -0.00385
406.97925 -0.01536
407.94365 -0.02655
408.90806 -0.01836
409.87246 -0.01378
410.83687 -0.011
411.80128 -0.00994
412.76568 -0.00821
413.73009 -0.00146
414.69449 -0.00399
415.6589 -0.01134
416.62331 -0.01102
417.58771 -0.01073
418.55212 -0.00691
419.51652 -0.01102
420.48093 0.008
421.44534 0.03526
422.40974 0.0083
423.37415 -0.00733
424.33855 -0.0057
425.30296 -0.00741
426.26736 -0.00785
427.23177 -0.00782
428.19618 -0.00693
429.16058 -0.00839
430.12499 -0.00869
431.08939 -0.00814
432.0538 -0.00691
433.01821 -0.00728
433.98261 -0.00832
434.94702 -0.00832
435.91142 -0.00909
436.87583 -0.0095
437.84024 -0.00906
438.80464 -0.01027
439.76905 -0.01125
440.73345 -0.0144
441.69786 -0.01826
442.66227 -0.0063
443.62667 0.00157
444.59108 -0.00281
445.55548 -0.0039
446.51989 -0.00498
447.48429 -0.00549
448.4487 -0.00623
449.41311 -0.006
450.37751 -0.00626
451.34192 -0.00671
452.30632 -0.00656
453.27073 -0.00653
454.23514 -0.0065
455.19954 -0.00624
456.16395 -0.00741
457.12835 -0.00875
458.09276 -0.00835
459.05717 -0.00766
460.02157 -0.00741
460.98598 -0.00736
461.95038 -0.00717
462.91479 -0.0085
463.87919 -0.0088
464.8436 -0.00703
465.80801 -0.00682
466.77241 -0.0065
467.73682 -0.00653
468.70122 -0.00665
469.66563 -0.00656
470.63004 -0.0067
471.59444 -0.00649
472.55885 -0.00631
473.52325 -0.00645
474.48766 -0.00641
475.45207 -0.00633
476.41647 -0.00638
477.38088 -0.00562
478.34528 -0.00513
479.30969 -0.00549
480.27409 -0.00576
481.2385 -0.00563
482.20291 -0.00546
483.16731 -0.0053
484.13172 -0.00536
485.09612 -0.00609
486.06053 -0.00623
487.02494 -0.00557
487.98934 -0.00536
488.95375 -0.00577
489.91815 -0.00591
490.88256 -0.00574
491.84697 -0.00586
492.81137 -0.00603
493.77578 -0.00574
494.74018 -0.00572
495.70459 -0.00554
496.66899 -0.00519
497.6334 -0.00441
498.59781 -0.0052
499.56221 -0.00633
500.52662 -0.0059
501.49102 -0.0059
502.45543 -0.0059
503.41984 -0.00577
504.38424 -0.00594
505.34865 -0.00566
506.31305 -0.0052
507.27746 -0.00518
508.24187 -0.00524
509.20627 -0.0053
510.17068 -0.00533
511.13508 -0.00533
512.09949 -0.0054
513.0639 -0.00537
514.0283 -0.00542
514.99271 -0.00556
515.95711 -0.00574
516.92152 -0.00579
517.88592 -0.00625
518.85033 -0.00618
519.81474 -0.00356
520.77914 -0.00317
521.74355 -0.00443
522.70795 -0.00455
523.67236 -0.00476
524.63677 -0.00483
525.60117 -0.00491
526.56558 -0.00494
527.52998 -0.00505
528.49439 -0.00511
529.4588 -0.00505
530.4232 -0.00488
531.38761 -0.00491
532.35201 -0.0049
533.31642 -0.00524
534.28082 -0.00547
535.24523 -0.00505
536.20964 -0.00484
537.17404 -0.00478
538.13845 -0.00477
539.10285 -0.00482
540.06726 -0.00477
541.03167 -0.00476
541.99607 -0.00482
542.96048 -0.0049
543.92488 -0.00482
544.88929 -0.0047
545.8537 -0.00469
546.8181 -0.00469
547.78251 -0.00483
548.74691 -0.00465
549.71132 -0.00452
550.67572 -0.00456
551.64013 -0.0046
552.60454 -0.00457
553.56894 -0.00469
554.53335 -0.00506
555.49775 -0.00473
556.46216 -0.00444
557.42657 -0.00448
558.39097 -0.00447
559.35538 -0.00445
560.31978 -0.00447
561.28419 -0.00492
562.2486 -0.0049
563.213 -0.00437
564.17741 -0.0043
565.14181 -0.00431
566.10622 -0.00431
567.07062 -0.00431
568.03503 -0.00427
568.99944 -0.00419
569.96384 -0.00419
570.92825 -0.00411
571.89265 -0.00408
572.85706 -0.00399
573.82147 -0.00382
574.78587 -0.00336
575.75028 -0.0036
576.71468 -0.00447
577.67909 -0.00443
578.6435 -0.00429
579.6079 -0.00409
580.57231 -0.00396
581.53671 -0.00388
582.50112 -0.00361
583.46553 -0.00384
584.42993 -0.00408
585.39434 -0.00395
586.35874 -0.00392
587.32315 -0.00399
588.28755 -0.00392
589.25196 -0.00382
590.21637 -0.00376
591.18077 -0.0037
592.14518 -0.00366
593.10958 -0.00364
594.07399 -0.00356
595.0384 -0.00351
596.0028 -0.00319
596.96721 -0.00313
597.93161 -0.00361
598.89602 -0.00363
599.86043 -0.00356
600.82483 -0.00354
601.78924 -0.00349
602.75364 -0.00343
603.71805 -0.00316
604.68245 -0.00315
605.64686 -0.00323
606.61127 -0.00319
607.57567 -0.00318
608.54008 -0.00311
609.50448 -0.00307
610.46889 -0.00288
611.4333 -0.00277
612.3977 -0.00283
613.36211 -0.00284
614.32651 -0.00289
615.29092 -0.00285
616.25533 -0.00277
617.21973 -0.00268
618.18414 -0.00255
619.14854 -0.00256
620.11295 -0.00253
621.07735 -0.00244
622.04176 -0.00233
623.00617 -0.00215
623.97057 -0.00198
624.93498 -0.00184
625.89938 -0.00173
626.86379 -0.0015
627.8282 -0.00126
628.7926 -0.00103
629.75701 -7.16635E-4
630.72141 -3.34781E-4
631.68582 -2.23375E-4
632.65023 8.57698E-5
633.61463 7.97506E-4
634.57904 0.00142
635.54344 0.00216
636.50785 0.00305
637.47225 0.00424
638.43666 0.00555
639.40107 0.00636
640.36547 0.00726
641.32988 0.00872
642.29428 0.01018
643.25869 0.01156
644.2231 0.01298
645.1875 0.01419
646.15191 0.01512
647.11631 0.01585
648.08072 0.01634
649.04513 0.01652
650.00953 0.01647
650.97394 0.01672
651.93834 0.01765
652.90275 0.01953
653.86716 0.02278
654.83156 0.02635
655.79597 0.02816
656.76037 0.02821
657.72478 0.02727
658.68918 0.02604
659.65359 0.02454
660.618 0.02227
661.5824 0.01981
662.54681 0.01728
663.51121 0.01468
664.47562 0.01235
665.44003 0.01009
666.40443 0.00809
667.36884 0.00627
668.33324 0.00456
669.29765 0.00295
670.26206 0.00135
671.22646 -1.95183E-4
672.19087 -0.00142
673.15527 -0.00231
674.11968 -0.00319
675.08408 -0.00328
676.04849 -0.0032
677.0129 -0.00339
677.9773 -0.00341
678.94171 -0.00341
679.90611 -0.00343
680.87052 -0.00344
681.83493 -0.00336
682.79933 -0.00337
683.76374 -0.00338
684.72814 -0.00329
685.69255 -0.00317
686.65696 -0.00318
687.62136 -0.00294
688.58577 -0.00286
689.55017 -0.00309
690.51458 -0.00317
691.47898 -0.00318
692.44339 -0.00317
693.4078 -0.00323
694.3722 -0.00352
695.33661 -0.00296
696.30101 -0.00244
697.26542 -0.00261
698.22983 -0.00268
699.19423 -0.00271
700.15864 -0.0027
701.12304 -0.00181
702.08745 -0.00228
703.05186 -0.00405
704.01626 -0.00378
704.98067 -0.00348
705.94507 -0.00351
706.90948 -0.00324
707.87388 -0.00356
708.83829 -0.00237
709.8027 -8.51785E-4
710.7671 -0.00179
711.73151 -0.00232
712.69591 -0.00228
713.66032 -0.00234
714.62473 -0.00237
715.58913 -0.00235
716.55354 -0.00234
717.51794 -0.00251
718.48235 -0.00246
719.44676 -0.0024
720.41116 -0.00235
721.37557 -0.00232
722.33997 -0.00229
723.30438 -0.00231
724.26879 -0.00235
725.23319 -0.00233
726.1976 -0.00228
727.162 -0.00225
728.12641 -0.00225
729.09081 -0.0022
730.05522 -0.00201
731.01963 -0.00189
731.98403 -0.002
732.94844 -0.00201
733.91284 -0.00196
734.87725 -0.00198
735.84166 -0.0019
736.80606 -0.00183
737.77047 -0.00195
738.73487 -0.00201
739.69928 -0.00197
740.66369 -0.00196
741.62809 -0.00184
742.5925 -0.00189
743.5569 -0.00194
744.52131 -0.00184
745.48571 -0.00187
746.45012 -0.00187
747.41453 -0.00182
748.37893 -0.0018
749.34334 -0.00175
750.30774 -0.00172
751.27215 -0.00158
752.23656 -0.00148
753.20096 -0.00156
754.16537 -0.00164
755.12977 -0.00159
756.09418 -0.00151
757.05859 -0.00154
758.02299 -0.00159
758.9874 -0.0016
759.9518 -0.00155
760.91621 -0.00149
761.88061 -0.00147
762.84502 -0.00142
763.80943 -0.0014
764.77383 -0.0014
765.73824 -0.00143
766.70264 -0.00143
767.66705 -0.00139
768.63146 -0.00141
769.59586 -0.00142
770.56027 -0.00136
771.52467 -0.00138
772.48908 -0.00149
773.45349 -0.00147
774.41789 -0.00138
775.3823 -0.00131
776.3467 -0.00125
777.31111 -0.00129
778.27551 -0.00132
779.23992 -0.00131
780.20433 -0.00132
781.16873 -0.00131
782.13314 -0.0013
783.09754 -0.00125
784.06195 -0.00117
785.02636 -0.00107
785.99076 -0.00132
786.95517 -0.00156
787.91957 -0.00133
788.88398 -0.00121
789.84839 -0.00124
790.81279 -0.00128
791.7772 -0.00122
792.7416 -0.0013
793.70601 -0.00121
794.67041 -9.91893E-4
795.63482 -0.00102
796.59923 -0.00102
797.56363 -0.00108
798.52804 -0.00107
799.49244 -0.00104
800.45685 -0.00103
801.42126 -0.00101
802.38566 -0.00106
803.35007 -0.00105
804.31447 -0.00102
805.27888 -0.00114
806.24329 -0.00113
807.20769 -0.00129
808.1721 -0.00146
809.1365 -0.00135
810.10091 -0.00129
811.06532 -0.0013
812.02972 -0.00138
812.99413 -0.00143
813.95853 -0.00137
814.92294 -0.00122
815.88734 -0.00121
816.85175 -0.00129
817.81616 -0.00129
818.78056 -0.00122
819.74497 -0.00118
820.70937 -0.00128
821.67378 -0.00146
822.63819 -0.00141
823.60259 -0.00137
824.567 -0.00141
825.5314 -0.00138
826.49581 -0.00143
827.46022 -0.00146
828.42462 -0.00136
829.38903 -0.00132
830.35343 -0.00132
831.31784 -0.00138
832.28224 -0.00147
833.24665 -0.00148
834.21106 -0.00143
835.17546 -0.00138
836.13987 -0.00144
837.10427 -0.00155
838.06868 -0.00161
839.03309 -0.00165
839.99749 -0.00169
840.9619 -0.00172
841.9263 -0.00157
842.89071 -0.0014
843.85512 -0.0015
844.81952 -0.00158
845.78393 -0.00169
846.74833 -0.00176
847.71274 -0.00182
848.67714 -0.00186
849.64155 -0.00184
850.60596 -0.00194
851.57036 -0.00191
852.53477 -0.00194
853.49917 -0.00213
854.46358 -0.00219
855.42799 -0.00208
856.39239 -0.00206
857.3568 -0.0022
858.3212 -0.00225
859.28561 -0.00218
860.25002 -0.00212
861.21442 -0.00233
862.17883 -0.00238
863.14323 -0.00232
864.10764 -0.00271
865.07204 -0.00287
866.03645 -0.00278
867.00086 -0.0028
867.96526 -0.00269
868.92967 -0.0027
869.89407 -0.00267
870.85848 -0.00267
871.82289 -0.00284
872.78729 -0.00283
873.7517 -0.00287
874.7161 -0.00303
875.68051 -0.00302
876.64492 -0.00304
877.60932 -0.00308
878.57373 -0.00306
879.53813 -0.00311
880.50254 -0.00317
881.46695 -0.00328
882.43135 -0.00332
883.39576 -0.00338
884.36016 -0.00339
885.32457 -0.00316
886.28897 -0.00319
887.25338 -0.00338
888.21779 -0.00341
889.18219 -0.00342
890.1466 -0.00348
891.111 -0.00344
892.07541 -0.00335
893.03982 -0.0034
894.00422 -0.00347
894.96863 -0.00349
895.93303 -0.00351
896.89744 -0.00354
897.86185 -0.00351
898.82625 -0.00369
899.79066 -0.00389
900.75506 -0.00378
901.71947 -0.00377
902.68387 -0.00383
903.64828 -0.00386
904.61269 -0.00393
905.57709 -0.00378
906.5415 -0.00373
907.5059 -0.00393
908.47031 -0.00398
909.43472 -0.00401
910.39912 -0.00405
911.36353 -0.00405
912.32793 -0.00408
913.29234 -0.00418
914.25675 -0.00419
915.22115 -0.00422
916.18556 -0.00434
917.14996 -0.00433
918.11437 -0.0042
919.07877 -0.00416
920.04318 -0.0045
921.00759 -0.00465
921.97199 -0.00453
922.9364 -0.00452
923.9008 -0.00452
924.86521 -0.00451
925.82962 -0.00458
926.79402 -0.00478
927.75843 -0.00479
928.72283 -0.00467
929.68724 -0.00471
930.65165 -0.00474
931.61605 -0.00476
932.58046 -0.00484
933.54486 -0.00482
934.50927 -0.0047
935.47367 -0.00466
936.43808 -0.00468
937.40249 -0.00473
938.36689 -0.00476
939.3313 -0.00479
940.2957 -0.0048
941.26011 -0.0049
942.22452 -0.00493
943.18892 -0.00482
944.15333 -0.00479
945.11773 -0.0048
946.08214 -0.00485
947.04655 -0.00491
948.01095 -0.00484
948.97536 -0.00479
949.93976 -0.00482
950.90417 -0.00487
951.86858 -0.00496
952.83298 -0.005
953.79739 -0.00502
954.76179 -0.00497
955.7262 -0.00488
956.6906 -0.00491
957.65501 -0.00495
958.61942 -0.00492
959.58382 -0.00488
960.54823 -0.00488
961.51263 -0.00477
962.47704 -0.00473
963.44145 -0.00487
964.40585 -0.00498
965.37026 -0.005
966.33466 -0.00494
967.29907 -0.00493
968.26348 -0.00493
969.22788 -0.00514
970.19229 -0.00521
971.15669 -0.0051
972.1211 -0.00512
973.0855 -0.00505
974.04991 -0.00501
975.01432 -0.0051
975.97872 -0.00509
976.94313 -0.00501
977.90753 -0.00501
978.87194 -0.00497
979.83635 -0.00494
980.80075 -0.00498
981.76516 -0.00499
982.72956 -0.00507
983.69397 -0.00517
984.65838 -0.00502
985.62278 -0.00492
986.58719 -0.00491
987.55159 -0.00493
988.516 -0.00491
989.4804 -0.00496
990.44481 -0.00499
991.40922 -0.0048
992.37362 -0.00469
993.33803 -0.00463
994.30243 -0.00457
995.26684 -0.00453
996.23125 -0.00423
997.19565 -0.00376
998.16006 -0.0037
999.12446 -0.00363
1000.08887 -0.0033
1001.05328 -0.00298
1002.01768 -0.00257
1002.98209 -0.00208
1003.94649 -0.00136
1004.9109 -7.48759E-4
1005.8753 -3.46033E-4
1006.83971 2.19097E-4
1007.80412 8.63467E-4
1008.76852 0.00156
1009.73293 0.00229
1010.69733 0.00302
1011.66174 0.00378
1012.62615 0.0046
1013.59055 0.0054
1014.55496 0.0062
1015.51936 0.00711
1016.48377 0.00806
1017.44818 0.00922
1018.41258 0.01022
1019.37699 0.0107
1020.34139 0.01139
1021.3058 0.01214
1022.27021 0.01268
1023.23461 0.01307
1024.19902 0.01335
1025.16342 0.0136
1026.12783 0.01367
1027.09223 0.01344
1028.05664 0.01309
1029.02105 0.01279
1029.98545 0.01229
1030.94986 0.0117
1031.91426 0.01099
1032.87867 0.0102
1033.84308 0.00951
1034.80748 0.00869
1035.77189 0.00773
1036.73629 0.00677
1037.7007 0.00586
1038.66511 0.00481
1039.62951 0.00371
1040.59392 0.00276
1041.55832 0.00185
1042.52273 9.64111E-4
1043.48713 1.15651E-4
1044.45154 -6.7577E-4
1045.41595 -0.00144
1046.38035 -0.00228
1047.34476 -0.00279
1048.30916 -0.00306
1049.27357 -0.00345
1050.23798 -0.00378
1051.20238 -0.00394
1052.16679 -0.00401
1053.13119 -0.00429
1054.0956 -0.00458
1055.06001 -0.00463
1056.02441 -0.00471
1056.98882 -0.00469
1057.95322 -0.00472
1058.91763 -0.0047
1059.88203 -0.00467
1060.84644 -0.00496
1061.81085 -0.00508
1062.77525 -0.00502
1063.73966 -0.00499
1064.70406 -0.0049
1065.66847 -0.00491
1066.63288 -0.00493
1067.59728 -0.00476
1068.56169 -0.00475
1069.52609 -0.00485
1070.4905 -0.00478
1071.45491 -0.00475
1072.41931 -0.00479
1073.38372 -0.00491
1074.34812 -0.00531
1075.31253 -0.00519
1076.27693 -0.0049
1077.24134 -0.00488
1078.20575 -0.00493
1079.17015 -0.00498
1080.13456 -0.00493
1081.09896 -0.00493
1082.06337 -0.00483
1083.02778 -0.00493
1083.99218 -0.005
1084.95659 -0.00498
1085.92099 -0.00504
1086.8854 -0.00504
1087.84981 -0.00494
1088.81421 -0.00473
1089.77862 -0.00458
1090.74302 -0.00452
1091.70743 -0.00447
1092.67184 -0.00451
1093.63624 -0.00453
1094.60065 -0.00462
1095.56505 -0.00496
1096.52946 -0.00479
1097.49386 -0.00454
1098.45827 -0.00454
1099.42268 -0.00447
1100.38708 -0.00444
1101.35149 -0.00437
1102.31589 -0.00438
1103.2803 -0.00428
1104.24471 -0.00419
1105.20911 -0.00415
1106.17352 -0.00408
1107.13792 -0.00393
1108.10233 -0.00382
1109.06674 -0.0037
1110.03114 -0.00353
1110.99555 -0.0035
1111.95995 -0.00343
1112.92436 -0.00335
1113.88876 -0.0033
1114.85317 -0.00323
1115.81758 -0.00314
1116.78198 -0.00309
1117.74639 -0.00304
1118.71079 -0.00298
1119.6752 -0.00293
1120.63961 -0.00288
1121.60401 -0.00287
1122.56842 -0.00283
1123.53282 -0.00275
1124.49723 -0.00278
1125.46164 -0.00277
1126.42604 -0.00278
1127.39045 -0.0028
1128.35485 -0.00277
1129.31926 -0.0028
1130.28366 -0.00291
1131.24807 -0.00296
1132.21248 -0.00298
1133.17688 -0.00306
1134.14129 -0.00313
1135.10569 -0.00322
1136.0701 -0.00336
1137.03451 -0.00347
1137.99891 -0.00358
1138.96332 -0.00369
1139.92772 -0.00382
1140.89213 -0.00393
1141.85654 -0.00406
1142.82094 -0.00421
1143.78535 -0.00435
1144.74975 -0.00448
1145.71416 -0.00451
1146.67856 -0.0045
1147.64297 -0.00452
1148.60738 -0.00458
1149.57178 -0.00463
1150.53619 -0.00462
1151.50059 -0.00458
1152.465 -0.00463
1153.42941 -0.0047
1154.39381 -0.00468
1155.35822 -0.00468
1156.32262 -0.00472
1157.28703 -0.00472
1158.25144 -0.00472
1159.21584 -0.00469
1160.18025 -0.00465
1161.14465 -0.00467
1162.10906 -0.00469
1163.07347 -0.00474
1164.03787 -0.0048
1165.00228 -0.00485
1165.96668 -0.00488
1166.93109 -0.00494
1167.89549 -0.00503
1168.8599 -0.00503
1169.82431 -0.00507
1170.78871 -0.00512
1171.75312 -0.00518
1172.71752 -0.00517
1173.68193 -0.00514
1174.64634 -0.0052
1175.61074 -0.00522
1176.57515 -0.00523
1177.53955 -0.00525
1178.50396 -0.00529
1179.46837 -0.00529
1180.43277 -0.00527
1181.39718 -0.00532
1182.36158 -0.00533
1183.32599 -0.00534
1184.29039 -0.00538
1185.2548 -0.00537
1186.21921 -0.00545
1187.18361 -0.00546
1188.14802 -0.00541
1189.11242 -0.00545
1190.07683 -0.00545
1191.04124 -0.00549
1192.00564 -0.00551
1192.97005 -0.00553
1193.93445 -0.00561
1194.89886 -0.00561
1195.86327 -0.00561
1196.82767 -0.00561
1197.79208 -0.00556
1198.75648 -0.00555
1199.72089 -0.00556
1200.68529 -0.00555
1201.6497 -0.00556
1202.61411 -0.00559
1203.57851 -0.00561
1204.54292 -0.0056
1205.50732 -0.00558
1206.47173 -0.0056
1207.43614 -0.00559
1208.40054 -0.00555
1209.36495 -0.00554
1210.32935 -0.00556
1211.29376 -0.00559
1212.25817 -0.00565
1213.22257 -0.00566
1214.18698 -0.00568
1215.15138 -0.00566
1216.11579 -0.0056
1217.08019 -0.00558
1218.0446 -0.0056
1219.00901 -0.00562
1219.97341 -0.00564
1220.93782 -0.0056
1221.90222 -0.00555
1222.86663 -0.00554
1223.83104 -0.00556
1224.79544 -0.00554
1225.75985 -0.00557
1226.72425 -0.00551
1227.68866 -0.00549
1228.65307 -0.00547
1229.61747 -0.00549
1230.58188 -0.00536
1231.54628 -0.00543
1232.51069 -0.0053
1233.4751 -0.00719
1234.4395 -0.0089
1235.40391 -0.00622
1236.36831 -0.00497
1237.33272 -0.00522
1238.29712 -0.00512
1239.26153 -0.00524
1240.22594 -0.0053
1241.19034 -0.00547
1242.15475 -0.00543
1243.11915 -0.00534
1244.08356 -0.00536
1245.04797 -0.00539
1246.01237 -0.0054
1246.97678 -0.00545
1247.94118 -0.00544
1248.90559 -0.00543
1249.87 -0.00545
1250.8344 -0.00548
1251.79881 -0.00547
1252.76321 -0.00545
1253.72762 -0.00539
1254.69202 -0.00532
1255.65643 -0.00529
1256.62084 -0.0053
1257.58524 -0.00531
1258.54965 -0.0053
1259.51405 -0.00528
1260.47846 -0.0053
1261.44287 -0.00526
1262.40727 -0.00528
1263.37168 -0.00531
1264.33608 -0.0053
1265.30049 -0.00529
1266.2649 -0.00527
1267.2293 -0.00529
1268.19371 -0.00531
1269.15811 -0.00529
1270.12252 -0.0053
1271.08692 -0.00528
1272.05133 -0.00528
1273.01574 -0.00528
1273.98014 -0.00524
1274.94455 -0.00522
1275.90895 -0.00522
1276.87336 -0.00521
1277.83777 -0.00524
1278.80217 -0.00527
1279.76658 -0.00528
1280.73098 -0.00528
1281.69539 -0.00528
1282.6598 -0.00526
1283.6242 -0.00524
1284.58861 -0.00525
1285.55301 -0.00528
1286.51742 -0.00527
1287.48182 -0.00522
1288.44623 -0.00521
1289.41064 -0.00522
1290.37504 -0.00526
1291.33945 -0.00527
1292.30385 -0.00527
1293.26826 -0.00528
1294.23267 -0.00522
1295.19707 -0.0052
1296.16148 -0.00523
1297.12588 -0.00524
1298.09029 -0.00525
1299.0547 -0.00526
1300.0191 -0.00527
1300.98351 -0.00522
1301.94791 -0.00522
1302.91232 -0.00524
1303.87673 -0.00524
1304.84113 -0.00524
1305.80554 -0.00522
1306.76994 -0.00523
1307.73435 -0.00524
1308.69875 -0.00526
1309.66316 -0.00529
1310.62757 -0.00527
1311.59197 -0.00524
1312.55638 -0.00528
1313.52078 -0.00532
1314.48519 -0.00529
1315.4496 -0.00528
1316.414 -0.00534
1317.37841 -0.00537
1318.34281 -0.00537
1319.30722 -0.00535
1320.27163 -0.00533
1321.23603 -0.00533
1322.20044 -0.00531
1323.16484 -0.00529
1324.12925 -0.00532
1325.09365 -0.00535
1326.05806 -0.00537
1327.02247 -0.00535
1327.98687 -0.00534
1328.95128 -0.00535
1329.91568 -0.00537
1330.88009 -0.00537
1331.8445 -0.00537
1332.8089 -0.00535
1333.77331 -0.00535
1334.73771 -0.00536
1335.70212 -0.00538
1336.66653 -0.00538
1337.63093 -0.00539
1338.59534 -0.00555
1339.55974 -0.00572
1340.52415 -0.00581
1341.48855 -0.00579
1342.45296 -0.00575
1343.41737 -0.00593
1344.38177 -0.00586
1345.34618 -0.00548
1346.31058 -0.00535
1347.27499 -0.00539
1348.2394 -0.00545
1349.2038 -0.00576
1350.16821 -0.00601
1351.13261 -0.00569
1352.09702 -0.00535
1353.06143 -0.00544
1354.02583 -0.00566
1354.99024 -0.00575
1355.95464 -0.00565
1356.91905 -0.00555
1357.88345 -0.00547
1358.84786 -0.00543
1359.81227 -0.00537
1360.77667 -0.00529
1361.74108 -0.0052
1362.70548 -0.00517
1363.66989 -0.00519
1364.6343 -0.00518
1365.5987 -0.00516
1366.56311 -0.00515
1367.52751 -0.00514
1368.49192 -0.00511
1369.45633 -0.00512
1370.42073 -0.00513
1371.38514 -0.00509
1372.34954 -0.00505
1373.31395 -0.00502
1374.27836 -0.00498
1375.24276 -0.00495
1376.20717 -0.00492
1377.17157 -0.00487
1378.13598 -0.00486
1379.10038 -0.00481
1380.06479 -0.00474
1381.0292 -0.00478
1381.9936 -0.00489
1382.95801 -0.005
1383.92241 -0.00499
1384.88682 -0.00498
1385.85123 -0.00508
1386.81563 -0.0052
1387.78004 -0.00525
1388.74444 -0.00514
1389.70885 -0.00507
1390.67326 -0.00503
1391.63766 -0.00497
1392.60207 -0.00494
1393.56647 -0.00493
1394.53088 -0.00495
1395.49528 -0.00484
1396.45969 -0.0047
1397.4241 -0.00466
1398.3885 -0.00465
1399.35291 -0.00458
1400.31731 -0.00444
1401.28172 -0.00433
1402.24613 -0.00426
1403.21053 -0.00421
1404.17494 -0.00416
1405.13934 -0.00415
1406.10375 -0.00406
1407.06816 -0.00397
1408.03256 -0.00395
1408.99697 -0.00398
1409.96137 -0.00396
1410.92578 -0.00395
1411.89018 -0.00391
1412.85459 -0.00385
1413.819 -0.00383
1414.7834 -0.00381
1415.74781 -0.00379
1416.71221 -0.00376
1417.67662 -0.00376
1418.64103 -0.00384
1419.60543 -0.00394
1420.56984 -0.0038
1421.53424 -0.0037
1422.49865 -0.00371
1423.46306 -0.0037
1424.42746 -0.0037
1425.39187 -0.00366
1426.35627 -0.00361
1427.32068 -0.00362
1428.28508 -0.00363
1429.24949 -0.00361
1430.2139 -0.00366
1431.1783 -0.00366
1432.14271 -0.00363
1433.10711 -0.00363
1434.07152 -0.00366
1435.03593 -0.00366
1436.00033 -0.00379
1436.96474 -0.00398
1437.92914 -0.0038
1438.89355 -0.00366
1439.85796 -0.00365
1440.82236 -0.00363
1441.78677 -0.00359
1442.75117 -0.00353
1443.71558 -0.00347
1444.67999 -0.0034
1445.64439 -0.00334
1446.6088 -0.00331
1447.5732 -0.00336
1448.53761 -0.00334
1449.50201 -0.00324
1450.46642 -0.00321
1451.43083 -0.00322
1452.39523 -0.0032
1453.35964 -0.00314
1454.32404 -0.00313
1455.28845 -0.00309
1456.25286 -0.00327
1457.21726 -0.00338
1458.18167 -0.00306
1459.14607 -0.00282
1460.11048 -0.00262
1461.07489 -0.00251
1462.03929 -0.00246
1463.0037 -0.00239
1463.9681 -0.00244
1464.93251 -0.00259
1465.89691 -0.00263
1466.86132 -0.00267
1467.82573 -0.00277
1468.79013 -0.00292
1469.75454 -0.00307
1470.71894 -0.00317
1471.68335 -0.00328
1472.64776 -0.00322
1473.61216 -0.00303
1474.57657 -0.00272
1475.54097 -0.00255
1476.50538 -0.00254
1477.46979 -0.00247
1478.43419 -0.00248
1479.3986 -0.00258
1480.363 -0.00275
1481.32741 -0.00293
1482.29181 -0.00307
1483.25622 -0.00323
1484.22063 -0.00342
1485.18503 -0.0036
1486.14944 -0.00379
1487.11384 -0.004
1488.07825 -0.0041
1489.04266 -0.00423
1490.00706 -0.00442
1490.97147 -0.00452
1491.93587 -0.00453
1492.90028 -0.00452
1493.86469 -0.00457
1494.82909 -0.00464
1495.7935 -0.00488
1496.7579 -0.00499
1497.72231 -0.00485
1498.68671 -0.00496
1499.65112 -0.00502
1500.61553 -0.00498
1501.57993 -0.00502
1502.54434 -0.00508
1503.50874 -0.00511
1504.47315 -0.00522
1505.43756 -0.00551
1506.40196 -0.00572
1507.36637 -0.00575
1508.33077 -0.00554
1509.29518 -0.00543
1510.25959 -0.00544
1511.22399 -0.0054
1512.1884 -0.00545
1513.1528 -0.00546
1514.11721 -0.00547
1515.08161 -0.00555
1516.04602 -0.00559
1517.01043 -0.00564
1517.97483 -0.00562
1518.93924 -0.00559
1519.90364 -0.00568
1520.86805 -0.00593
1521.83246 -0.00595
1522.79686 -0.00578
1523.76127 -0.00567
1524.72567 -0.00569
1525.69008 -0.0058
1526.65449 -0.00578
1527.61889 -0.00576
1528.5833 -0.00573
1529.5477 -0.00568
1530.51211 -0.00571
1531.47652 -0.00574
1532.44092 -0.00576
1533.40533 -0.00586
1534.36973 -0.00588
1535.33414 -0.00579
1536.29854 -0.00573
1537.26295 -0.00571
1538.22736 -0.00589
1539.19176 -0.00621
1540.15617 -0.00624
1541.12057 -0.0061
1542.08498 -0.00614
1543.04939 -0.00602
1544.01379 -0.00589
1544.9782 -0.00598
1545.9426 -0.00593
1546.90701 -0.00583
1547.87142 -0.00582
1548.83582 -0.00583
1549.80023 -0.00591
1550.76463 -0.00593
1551.72904 -0.00585
1552.69344 -0.0058
1553.65785 -0.00594
1554.62226 -0.00605
1555.58666 -0.00593
1556.55107 -0.00595
1557.51547 -0.0062
1558.47988 -0.00643
1559.44429 -0.00646
1560.40869 -0.0064
1561.3731 -0.00608
1562.3375 -0.0059
1563.30191 -0.00593
1564.26632 -0.00594
1565.23072 -0.00597
1566.19513 -0.00591
1567.15953 -0.00591
1568.12394 -0.00596
1569.08834 -0.00605
1570.05275 -0.00612
1571.01716 -0.00601
1571.98156 -0.00589
1572.94597 -0.00592
1573.91037 -0.00599
1574.87478 -0.00603
1575.83919 -0.00631
1576.80359 -0.00635
1577.768 -0.00605
1578.7324 -0.00597
1579.69681 -0.00595
1580.66122 -0.00595
1581.62562 -0.00595
1582.59003 -0.00597
1583.55443 -0.006
1584.51884 -0.006
1585.48324 -0.00599
1586.44765 -0.00596
1587.41206 -0.00597
1588.37646 -0.00597
1589.34087 -0.00596
1590.30527 -0.00595
1591.26968 -0.00597
1592.23409 -0.00603
1593.19849 -0.00603
1594.1629 -0.00601
1595.1273 -0.00601
1596.09171 -0.00601
1597.05612 -0.00599
1598.02052 -0.006
1598.98493 -0.00597
1599.94933 -0.00597
1600.91374 -0.00599
1601.87815 -0.006
1602.84255 -0.006
1603.80696 -0.00598
1604.77136 -0.00596
1605.73577 -0.00597
1606.70017 -0.00596
1607.66458 -0.00597
1608.62899 -0.00597
1609.59339 -0.00596
1610.5578 -0.00597
1611.5222 -0.00598
1612.48661 -0.006
1613.45102 -0.00599
1614.41542 -0.00597
1615.37983 -0.00601
1616.34423 -0.00626
1617.30864 -0.0063
1618.27305 -0.00601
1619.23745 -0.00592
1620.20186 -0.00589
1621.16626 -0.00588
1622.13067 -0.00591
1623.09507 -0.00602
1624.05948 -0.00603
1625.02389 -0.0059
1625.98829 -0.00587
1626.9527 -0.0059
1627.9171 -0.0059
1628.88151 -0.00581
1629.84592 -0.00579
1630.81032 -0.0058
1631.77473 -0.00579
1632.73913 -0.00578
1633.70354 -0.00578
1634.66795 -0.00592
1635.63235 -0.00609
1636.59676 -0.00591
1637.56116 -0.00575
1638.52557 -0.00572
1639.48997 -0.00566
1640.45438 -0.00563
1641.41879 -0.0056
1642.38319 -0.00562
1643.3476 -0.00562
1644.312 -0.00559
1645.27641 -0.00571
1646.24082 -0.00586
1647.20522 -0.00578
1648.16963 -0.00571
1649.13403 -0.00563
1650.09844 -0.0056
1651.06285 -0.00568
1652.02725 -0.00599
1652.99166 -0.00637
1653.95606 -0.00618
1654.92047 -0.00583
1655.88487 -0.00569
1656.84928 -0.00567
1657.81369 -0.00567
1658.77809 -0.00565
1659.7425 -0.00566
1660.7069 -0.00569
1661.67131 -0.00571
1662.63572 -0.00579
1663.60012 -0.00575
1664.56453 -0.00567
1665.52893 -0.00571
1666.49334 -0.00574
1667.45775 -0.00572
1668.42215 -0.00577
1669.38656 -0.00594
1670.35096 -0.00589
1671.31537 -0.00586
1672.27978 -0.00585
1673.24418 -0.00578
1674.20859 -0.00587
1675.17299 -0.00601
1676.1374 -0.00595
1677.1018 -0.0058
1678.06621 -0.00579
1679.03062 -0.00583
1679.99502 -0.0059
1680.95943 -0.00592
1681.92383 -0.00594
1682.88824 -0.00605
1683.85265 -0.00626
1684.81705 -0.00652
1685.78146 -0.00629
1686.74586 -0.00599
1687.71027 -0.00602
1688.67468 -0.00604
1689.63908 -0.00608
1690.60349 -0.00607
1691.56789 -0.00608
1692.5323 -0.00611
1693.4967 -0.00615
1694.46111 -0.00621
1695.42552 -0.0066
1696.38992 -0.00673
1697.35433 -0.00638
1698.31873 -0.00632
1699.28314 -0.0065
1700.24755 -0.00685
1701.21195 -0.00675
1702.17636 -0.00644
1703.14076 -0.00637
1704.10517 -0.00643
1705.06958 -0.00648
1706.03398 -0.0065
1706.99839 -0.00653
1707.96279 -0.0065
1708.9272 -0.00652
1709.8916 -0.00654
1710.85601 -0.00657
1711.82042 -0.00657
1712.78482 -0.00661
1713.74923 -0.00669
1714.71363 -0.00682
1715.67804 -0.00684
1716.64245 -0.00693
1717.60685 -0.0072
1718.57126 -0.0071
1719.53566 -0.00694
1720.50007 -0.00689
1721.46448 -0.0069
1722.42888 -0.00693
1723.39329 -0.00697
1724.35769 -0.00697
1725.3221 -0.00695
1726.2865 -0.00698
1727.25091 -0.007
1728.21532 -0.00704
1729.17972 -0.00709
1730.14413 -0.00715
1731.10853 -0.00716
1732.07294 -0.00717
1733.03735 -0.00736
1734.00175 -0.00755
1734.96616 -0.00751
1735.93056 -0.00729
1736.89497 -0.00722
1737.85938 -0.00725
1738.82378 -0.00729
1739.78819 -0.00742
1740.75259 -0.00738
1741.717 -0.00727
1742.68141 -0.00732
1743.64581 -0.00739
1744.61022 -0.00734
1745.57462 -0.0073
1746.53903 -0.00738
1747.50343 -0.00742
1748.46784 -0.00745
1749.43225 -0.00745
1750.39665 -0.0075
1751.36106 -0.00764
1752.32546 -0.00755
1753.28987 -0.00742
1754.25428 -0.00741
1755.21868 -0.00742
1756.18309 -0.00745
1757.14749 -0.00748
1758.1119 -0.00741
1759.07631 -0.00737
1760.04071 -0.00742
1761.00512 -0.00748
1761.96952 -0.00759
1762.93393 -0.00751
1763.89833 -0.00742
1764.86274 -0.00741
1765.82715 -0.00741
1766.79155 -0.00745
1767.75596 -0.00755
1768.72036 -0.0076
1769.68477 -0.00755
1770.64918 -0.00758
1771.61358 -0.00766
1772.57799 -0.00777
1773.54239 -0.00769
1774.5068 -0.00755
1775.47121 -0.00757
1776.43561 -0.00758
1777.40002 -0.00757
1778.36442 -0.00755
1779.32883 -0.00754
1780.29323 -0.00757
1781.25764 -0.00757
1782.22205 -0.00755
1783.18645 -0.00758
1784.15086 -0.00762
1785.11526 -0.00765
1786.07967 -0.00761
1787.04408 -0.00759
1788.00848 -0.0076
1788.97289 -0.00761
1789.93729 -0.00765
1790.9017 -0.0077
1791.86611 -0.00774
1792.83051 -0.0078
1793.79492 -0.00772
1794.75932 -0.00767
1795.72373 -0.0077
1796.68813 -0.00772
1797.65254 -0.00771
1798.61695 -0.00772
1799.58135 -0.00777
1800.54576 -0.00774
1801.51016 -0.00775
1802.47457 -0.00776
1803.43898 -0.00771
1804.40338 -0.00775
1805.36779 -0.00779
1806.33219 -0.00777
1807.2966 -0.00779
1808.26101 -0.00773
1809.22541 -0.00773
1810.18982 -0.00779
1811.15422 -0.00779
1812.11863 -0.00778
1813.08304 -0.00779
1814.04744 -0.00779
1815.01185 -0.00779
1815.97625 -0.0078
1816.94066 -0.00779
1817.90506 -0.0078
1818.86947 -0.00778
1819.83388 -0.00777
1820.79828 -0.00777
1821.76269 -0.00778
1822.72709 -0.00781
1823.6915 -0.00783
1824.65591 -0.00787
1825.62031 -0.0079
1826.58472 -0.00787
1827.54912 -0.00785
1828.51353 -0.00788
1829.47794 -0.00792
1830.44234 -0.00795
1831.40675 -0.0079
1832.37115 -0.00788
1833.33556 -0.0079
1834.29996 -0.00787
1835.26437 -0.00785
1836.22878 -0.00785
1837.19318 -0.00788
1838.15759 -0.0079
1839.12199 -0.0079
1840.0864 -0.00789
1841.05081 -0.00791
1842.01521 -0.0079
1842.97962 -0.00792
1843.94402 -0.00807
1844.90843 -0.00807
1845.87284 -0.00794
1846.83724 -0.00792
1847.80165 -0.00789
1848.76605 -0.00787
1849.73046 -0.00789
1850.69486 -0.00794
1851.65927 -0.00795
1852.62368 -0.00793
1853.58808 -0.00791
1854.55249 -0.00792
1855.51689 -0.00796
1856.4813 -0.00795
1857.44571 -0.00796
1858.41011 -0.00796
1859.37452 -0.00797
1860.33892 -0.00798
1861.30333 -0.00797
1862.26774 -0.00797
1863.23214 -0.00799
1864.19655 -0.00801
1865.16095 -0.00803
1866.12536 -0.00804
1867.08976 -0.00804
1868.05417 -0.00807
1869.01858 -0.00812
1869.98298 -0.00812
1870.94739 -0.00803
1871.91179 -0.00804
1872.8762 -0.00805
1873.84061 -0.00804
1874.80501 -0.00806
1875.76942 -0.00806
1876.73382 -0.00806
1877.69823 -0.00808
1878.66264 -0.00808
1879.62704 -0.00809
1880.59145 -0.0081
1881.55585 -0.00813
1882.52026 -0.0081
1883.48467 -0.00807
1884.44907 -0.0081
1885.41348 -0.00813
1886.37788 -0.00817
1887.34229 -0.00818
1888.30669 -0.00819
1889.2711 -0.0082
1890.23551 -0.00817
1891.19991 -0.00817
1892.16432 -0.00819
1893.12872 -0.00816
1894.09313 -0.00818
1895.05754 -0.00817
1896.02194 -0.00818
1896.98635 -0.00823
1897.95075 -0.00822
1898.91516 -0.00821
1899.87957 -0.00821
1900.84397 -0.00821
1901.80838 -0.00822
1902.77278 -0.00823
1903.73719 -0.00824
1904.70159 -0.00827
1905.666 -0.00826
1906.63041 -0.00823
1907.59481 -0.00823
1908.55922 -0.00826
1909.52362 -0.00825
1910.48803 -0.00826
1911.45244 -0.00828
1912.41684 -0.0083
1913.38125 -0.00827
1914.34565 -0.00827
1915.31006 -0.00831
1916.27447 -0.00833
1917.23887 -0.00838
1918.20328 -0.00839
1919.16768 -0.00832
1920.13209 -0.00831
1921.09649 -0.00834
1922.0609 -0.00837
1923.02531 -0.00839
1923.98971 -0.00835
1924.95412 -0.00834
1925.91852 -0.00834
1926.88293 -0.00835
1927.84734 -0.00838
1928.81174 -0.00837
1929.77615 -0.00836
1930.74055 -0.00838
1931.70496 -0.0084
1932.66937 -0.00841
1933.63377 -0.00841
1934.59818 -0.0084
1935.56258 -0.0084
1936.52699 -0.0084
1937.49139 -0.00842
1938.4558 -0.00841
1939.42021 -0.00841
1940.38461 -0.00845
1941.34902 -0.00844
1942.31342 -0.00846
1943.27783 -0.00851
1944.24224 -0.0085
1945.20664 -0.00849
1946.17105 -0.00848
1947.13545 -0.00849
1948.09986 -0.0085
1949.06427 -0.0085
1950.02867 -0.00851
1950.99308 -0.00853
1951.95748 -0.00855
1952.92189 -0.00852
1953.8863 -0.00853
1954.8507 -0.00853
1955.81511 -0.00852
1956.77951 -0.00852
1957.74392 -0.00853
1958.70832 -0.00851
1959.67273 -0.00849
1960.63714 -0.00857
1961.60154 -0.0086
1962.56595 -0.00862
1963.53035 -0.0086
1964.49476 -0.00858
1965.45917 -0.00859
1966.42357 -0.00861
1967.38798 -0.00863
1968.35238 -0.0086
1969.31679 -0.0086
1970.2812 -0.0086
1971.2456 -0.0086
1972.21001 -0.00864
1973.17441 -0.00864
1974.13882 -0.00864
1975.10322 -0.00863
1976.06763 -0.0086
1977.03204 -0.0086
1977.99644 -0.0086
1978.96085 -0.00862
1979.92525 -0.00863
1980.88966 -0.00864
1981.85407 -0.00864
1982.81847 -0.00865
1983.78288 -0.00865
1984.74728 -0.00865
1985.71169 -0.00865
1986.6761 -0.00866
1987.6405 -0.00868
1988.60491 -0.0087
1989.56931 -0.00868
1990.53372 -0.00867
1991.49812 -0.0087
1992.46253 -0.00869
1993.42694 -0.00867
1994.39134 -0.00868
1995.35575 -0.00871
1996.32015 -0.00872
1997.28456 -0.00871
1998.24897 -0.0087
1999.21337 -0.0087
2000.17778 -0.0087
2001.14218 -0.0087
2002.10659 -0.00872
2003.071 -0.00871
2004.0354 -0.0087
2004.99981 -0.00871
2005.96421 -0.00872
2006.92862 -0.00872
2007.89302 -0.00872
2008.85743 -0.00874
2009.82184 -0.00874
2010.78624 -0.00873
2011.75065 -0.00875
2012.71505 -0.00873
2013.67946 -0.00874
2014.64387 -0.00875
2015.60827 -0.00875
2016.57268 -0.00875
2017.53708 -0.00875
2018.50149 -0.00876
2019.4659 -0.00875
2020.4303 -0.00875
2021.39471 -0.00877
2022.35911 -0.00875
2023.32352 -0.00873
2024.28793 -0.00872
2025.25233 -0.00871
2026.21674 -0.00874
2027.18114 -0.00874
2028.14555 -0.00873
2029.10995 -0.00873
2030.07436 -0.00874
2031.03877 -0.00877
2032.00317 -0.00878
2032.96758 -0.00875
2033.93198 -0.00873
2034.89639 -0.00873
2035.8608 -0.00871
2036.8252 -0.0087
2037.78961 -0.0087
2038.75401 -0.00871
2039.71842 -0.00873
2040.68283 -0.00874
2041.64723 -0.00873
2042.61164 -0.00873
2043.57604 -0.00873
2044.54045 -0.00872
2045.50485 -0.00875
2046.46926 -0.00876
2047.43367 -0.00873
2048.39807 -0.00874
2049.36248 -0.00878
2050.32688 -0.00879
2051.29129 -0.0088
2052.2557 -0.00886
2053.2201 -0.0089
2054.18451 -0.00889
2055.14891 -0.00891
2056.11332 -0.0089
2057.07773 -0.00889
2058.04213 -0.00891
2059.00654 -0.00892
2059.97094 -0.00892
2060.93535 -0.00893
2061.89975 -0.00892
2062.86416 -0.00893
2063.82857 -0.00895
2064.79297 -0.00893
2065.75738 -0.00883
2066.72178 -0.00891
2067.68619 -0.00905
2068.6506 -0.00896
2069.615 -0.00895
2070.57941 -0.00897
2071.54381 -0.00898
2072.50822 -0.00899
2073.47263 -0.00899
2074.43703 -0.00899
2075.40144 -0.009
2076.36584 -0.00901
2077.33025 -0.009
2078.29465 -0.009
2079.25906 -0.009
2080.22347 -0.00902
2081.18787 -0.00905
2082.15228 -0.00907
2083.11668 -0.00907
2084.08109 -0.00904
2085.0455 -0.00905
2086.0099 -0.00905
2086.97431 -0.00905
2087.93871 -0.00906
2088.90312 -0.00905
2089.86753 -0.00905
2090.83193 -0.00903
2091.79634 -0.00906
2092.76074 -0.00909
2093.72515 -0.00909
2094.68956 -0.00907
2095.65396 -0.0091
2096.61837 -0.00913
2097.58277 -0.00913
2098.54718 -0.00909
2099.51158 -0.00904
2100.47599 -0.00909
2101.4404 -0.00912
2102.4048 -0.00909
2103.36921 -0.00908
2104.33361 -0.00911
2105.29802 -0.00915
2106.26243 -0.00917
2107.22683 -0.00911
2108.19124 -0.00913
2109.15564 -0.0092
2110.12005 -0.00921
2111.08446 -0.00918
2112.04886 -0.00916
2113.01327 -0.00919
2113.97767 -0.00921
2114.94208 -0.0092
2115.90648 -0.00919
2116.87089 -0.00922
2117.8353 -0.00924
2118.7997 -0.00922
2119.76411 -0.0092
2120.72851 -0.00923
2121.69292 -0.00926
2122.65733 -0.00925
2123.62173 -0.00921
2124.58614 -0.00925
2125.55054 -0.00928
2126.51495 -0.00927
2127.47936 -0.00927
2128.44376 -0.00928
2129.40817 -0.00933
2130.37257 -0.00931
2131.33698 -0.00931
2132.30138 -0.00934
2133.26579 -0.00935
2134.2302 -0.00936
2135.1946 -0.00933
2136.15901 -0.0093
2137.12341 -0.00934
2138.08782 -0.0094
2139.05223 -0.00937
2140.01663 -0.00936
2140.98104 -0.00939
2141.94544 -0.00939
2142.90985 -0.00941
2143.87426 -0.00942
2144.83866 -0.00938
2145.80307 -0.00938
2146.76747 -0.00941
2147.73188 -0.00942
2148.69628 -0.00942
2149.66069 -0.00942
2150.6251 -0.00943
2151.5895 -0.00946
2152.55391 -0.00949
2153.51831 -0.00947
2154.48272 -0.00941
2155.44713 -0.00941
2156.41153 -0.00945
2157.37594 -0.00947
2158.34034 -0.00945
2159.30475 -0.00948
2160.26916 -0.00951
2161.23356 -0.00947
2162.19797 -0.00946
2163.16237 -0.00949
2164.12678 -0.00951
2165.09119 -0.00948
2166.05559 -0.00947
2167.02 -0.00953
2167.9844 -0.00953
2168.94881 -0.00948
2169.91321 -0.00949
2170.87762 -0.00953
2171.84203 -0.00951
2172.80643 -0.00949
2173.77084 -0.00955
2174.73524 -0.00957
2175.69965 -0.00952
2176.66406 -0.00951
2177.62846 -0.00954
2178.59287 -0.00956
2179.55727 -0.00952
2180.52168 -0.00952
2181.48609 -0.00957
2182.45049 -0.00954
2183.4149 -0.0095
2184.3793 -0.00956
2185.34371 -0.00961
2186.30811 -0.00958
2187.27252 -0.00957
2188.23693 -0.00958
2189.20133 -0.0096
2190.16574 -0.00959
2191.13014 -0.00961
2192.09455 -0.00964
2193.05896 -0.00963
2194.02336 -0.00963
2194.98777 -0.00967
2195.95217 -0.00966
2196.91658 -0.00965
2197.88099 -0.00966
2198.84539 -0.00964
2199.8098 -0.00963
2200.7742 -0.00966
2201.73861 -0.00968
2202.70301 -0.00967
2203.66742 -0.00966
2204.63183 -0.00967
2205.59623 -0.00964
2206.56064 -0.00963
2207.52504 -0.00966
2208.48945 -0.00966
2209.45386 -0.00968
2210.41826 -0.00969
2211.38267 -0.00964
2212.34707 -0.00963
2213.31148 -0.00965
2214.27589 -0.00967
2215.24029 -0.00966
2216.2047 -0.00969
2217.1691 -0.00968
2218.13351 -0.00964
2219.09791 -0.00966
2220.06232 -0.00964
2221.02673 -0.00962
2221.99113 -0.00963
2222.95554 -0.00966
2223.91994 -0.00968
2224.88435 -0.00969
2225.84876 -0.00969
2226.81316 -0.00966
2227.77757 -0.00964
2228.74197 -0.00966
2229.70638 -0.00969
2230.67079 -0.0097
2231.63519 -0.00969
2232.5996 -0.00968
2233.564 -0.00971
2234.52841 -0.00971
2235.49281 -0.00971
2236.45722 -0.00973
2237.42163 -0.00972
2238.38603 -0.00972
2239.35044 -0.00973
2240.31484 -0.00974
2241.27925 -0.00974
2242.24366 -0.00974
2243.20806 -0.00974
2244.17247 -0.00977
2245.13687 -0.0098
2246.10128 -0.00981
2247.06569 -0.00979
2248.03009 -0.00979
2248.9945 -0.00979
2249.9589 -0.00978
2250.92331 -0.0098
2251.88772 -0.00981
2252.85212 -0.00982
2253.81653 -0.00986
2254.78093 -0.00987
2255.74534 -0.00985
2256.70974 -0.00984
2257.67415 -0.00987
2258.63856 -0.00989
2259.60296 -0.00991
2260.56737 -0.0099
2261.53177 -0.00994
2262.49618 -0.00997
2263.46059 -0.00996
2264.42499 -0.00996
2265.3894 -0.00993
2266.3538 -0.00993
2267.31821 -0.00992
2268.28262 -0.00986
2269.24702 -0.00981
2270.21143 -0.00968
2271.17583 -0.00939
2272.14024 -0.00881
2273.10464 -0.00779
2274.06905 -0.00645
2275.03346 -0.00507
2275.99786 -0.00396
2276.96227 -0.00344
2277.92667 -0.00361
2278.89108 -0.00433
2279.85549 -0.00537
2280.81989 -0.00644
2281.7843 -0.00737
2282.7487 -0.00814
2283.71311 -0.00885
2284.67752 -0.00939
2285.64192 -0.0097
2286.60633 -0.00987
2287.57073 -0.00997
2288.53514 -0.01003
2289.49954 -0.01003
2290.46395 -0.01003
2291.42836 -0.00999
2292.39276 -0.00996
2293.35717 -0.00999
2294.32157 -0.00998
2295.28598 -0.00995
2296.25039 -0.00991
2297.21479 -0.00987
2298.1792 -0.00984
2299.1436 -0.00978
2300.10801 -0.00974
2301.07242 -0.0097
2302.03682 -0.00966
2303.00123 -0.00962
2303.96563 -0.00956
2304.93004 -0.0095
2305.89444 -0.00944
2306.85885 -0.00938
2307.82326 -0.00933
2308.78766 -0.00929
2309.75207 -0.00923
2310.71647 -0.00915
2311.68088 -0.0091
2312.64529 -0.00901
2313.60969 -0.00887
2314.5741 -0.00872
2315.5385 -0.00852
2316.50291 -0.00824
2317.46732 -0.00785
2318.43172 -0.00718
2319.39613 -0.00618
2320.36053 -0.00481
2321.32494 -0.00307
2322.28935 -0.00105
2323.25375 0.00152
2324.21816 0.00535
2325.18256 0.01273
2326.14697 0.02667
2327.11137 0.04893
2328.07578 0.07523
2329.04019 0.10027
2330.00459 0.12065
2330.969 0.13579
2331.9334 0.14704
2332.89781 0.15516
2333.86222 0.16106
2334.82662 0.16514
2335.79103 0.16808
2336.75543 0.1698
2337.71984 0.17026
2338.68425 0.16921
2339.64865 0.16656
2340.61306 0.1621
2341.57746 0.15622
2342.54187 0.14915
2343.50627 0.14118
2344.47068 0.13233
2345.43509 0.12308
2346.39949 0.11394
2347.3639 0.10511
2348.3283 0.09693
2349.29271 0.08926
2350.25712 0.08226
2351.22152 0.07575
2352.18593 0.06981
2353.15033 0.06432
2354.11474 0.05931
2355.07915 0.05475
2356.04355 0.05043
2357.00796 0.04644
2357.97236 0.04267
2358.93677 0.03916
2359.90117 0.03577
2360.86558 0.03252
2361.82999 0.02928
2362.79439 0.0261
2363.7588 0.02292
2364.7232 0.01961
2365.68761 0.01627
2366.65202 0.01285
2367.61642 0.00951
2368.58083 0.0063
2369.54523 0.00341
2370.50964 0.00106
2371.47405 -7.57243E-4
2372.43845 -0.00206
2373.40286 -0.00302
2374.36726 -0.00378
2375.33167 -0.00442
2376.29607 -0.00503
2377.26048 -0.00561
2378.22489 -0.0061
2379.18929 -0.00658
2380.1537 -0.007
2381.1181 -0.00726
2382.08251 -0.00747
2383.04692 -0.00764
2384.01132 -0.00776
2384.97573 -0.00789
2385.94013 -0.00797
2386.90454 -0.00802
2387.86895 -0.0081
2388.83335 -0.00816
2389.79776 -0.00821
2390.76216 -0.00829
2391.72657 -0.00835
2392.69098 -0.0084
2393.65538 -0.00847
2394.61979 -0.00854
2395.58419 -0.00862
2396.5486 -0.00865
2397.513 -0.00866
2398.47741 -0.00872
2399.44182 -0.00879
2400.40622 -0.00881
2401.37063 -0.00884
2402.33503 -0.00887
2403.29944 -0.00894
2404.26385 -0.00898
2405.22825 -0.00899
2406.19266 -0.00905
2407.15706 -0.00909
2408.12147 -0.00911
2409.08588 -0.00914
2410.05028 -0.00916
2411.01469 -0.00915
2411.97909 -0.0092
2412.9435 -0.00925
2413.9079 -0.00925
2414.87231 -0.00926
2415.83672 -0.00929
2416.80112 -0.00929
2417.76553 -0.00931
2418.72993 -0.00933
2419.69434 -0.00936
2420.65875 -0.00938
2421.62315 -0.00938
2422.58756 -0.0094
2423.55196 -0.00943
2424.51637 -0.00943
2425.48078 -0.00943
2426.44518 -0.00948
2427.40959 -0.00952
2428.37399 -0.00954
2429.3384 -0.00954
2430.3028 -0.00952
2431.26721 -0.00955
2432.23162 -0.00958
2433.19602 -0.0096
2434.16043 -0.00963
2435.12483 -0.00966
2436.08924 -0.00967
2437.05365 -0.00971
2438.01805 -0.00973
2438.98246 -0.00974
2439.94686 -0.00973
2440.91127 -0.00972
2441.87568 -0.00975
2442.84008 -0.00978
2443.80449 -0.00982
2444.76889 -0.00986
2445.7333 -0.00987
2446.6977 -0.00988
2447.66211 -0.00988
2448.62652 -0.0099
2449.59092 -0.00993
2450.55533 -0.00995
2451.51973 -0.00995
2452.48414 -0.00998
2453.44855 -0.01
2454.41295 -0.01001
2455.37736 -0.01005
2456.34176 -0.01009
2457.30617 -0.01008
2458.27058 -0.01009
2459.23498 -0.01013
2460.19939 -0.01014
2461.16379 -0.01017
2462.1282 -0.01019
2463.09261 -0.01023
2464.05701 -0.01026
2465.02142 -0.01026
2465.98582 -0.01026
2466.95023 -0.01027
2467.91463 -0.01032
2468.87904 -0.0104
2469.84345 -0.01039
2470.80785 -0.01036
2471.77226 -0.01043
2472.73666 -0.01047
2473.70107 -0.01046
2474.66548 -0.01051
2475.62988 -0.01055
2476.59429 -0.01054
2477.55869 -0.01053
2478.5231 -0.01051
2479.48751 -0.01052
2480.45191 -0.01054
2481.41632 -0.01053
2482.38072 -0.01056
2483.34513 -0.0106
2484.30953 -0.01064
2485.27394 -0.01063
2486.23835 -0.01063
2487.20275 -0.01067
2488.16716 -0.01064
2489.13156 -0.01063
2490.09597 -0.0107
2491.06038 -0.01073
2492.02478 -0.01072
2492.98919 -0.0107
2493.95359 -0.0107
2494.918 -0.01067
2495.88241 -0.01067
2496.84681 -0.0107
2497.81122 -0.01066
2498.77562 -0.01064
2499.74003 -0.01063
2500.70443 -0.01064
2501.66884 -0.01065
2502.63325 -0.01061
2503.59765 -0.0106
2504.56206 -0.01062
2505.52646 -0.01061
2506.49087 -0.01063
2507.45528 -0.0106
2508.41968 -0.01055
2509.38409 -0.01056
2510.34849 -0.01056
2511.3129 -0.01059
2512.27731 -0.0106
2513.24171 -0.01057
2514.20612 -0.01053
2515.17052 -0.0105
2516.13493 -0.01049
2517.09933 -0.0105
2518.06374 -0.0105
2519.02815 -0.0105
2519.99255 -0.01052
2520.95696 -0.01053
2521.92136 -0.01052
2522.88577 -0.01051
2523.85018 -0.0105
2524.81458 -0.0105
2525.77899 -0.01052
2526.74339 -0.01051
2527.7078 -0.01049
2528.67221 -0.01048
2529.63661 -0.01049
2530.60102 -0.01051
2531.56542 -0.01052
2532.52983 -0.01052
2533.49424 -0.01052
2534.45864 -0.01052
2535.42305 -0.01051
2536.38745 -0.0105
2537.35186 -0.01057
2538.31626 -0.01063
2539.28067 -0.01061
2540.24508 -0.01059
2541.20948 -0.0106
2542.17389 -0.01066
2543.13829 -0.01067
2544.1027 -0.01068
2545.06711 -0.01072
2546.03151 -0.01073
2546.99592 -0.01074
2547.96032 -0.01073
2548.92473 -0.01073
2549.88914 -0.01076
2550.85354 -0.01079
2551.81795 -0.0108
2552.78235 -0.01079
2553.74676 -0.01082
2554.71116 -0.01087
2555.67557 -0.0109
2556.63998 -0.01091
2557.60438 -0.0109
2558.56879 -0.01091
2559.53319 -0.01093
2560.4976 -0.01094
2561.46201 -0.01091
2562.42641 -0.01094
2563.39082 -0.01096
2564.35522 -0.01098
2565.31963 -0.01097
2566.28404 -0.01096
2567.24844 -0.01099
2568.21285 -0.011
2569.17725 -0.01099
2570.14166 -0.01098
2571.10606 -0.01102
2572.07047 -0.01106
2573.03488 -0.01107
2573.99928 -0.01108
2574.96369 -0.0111
2575.92809 -0.0111
2576.8925 -0.01109
2577.85691 -0.0111
2578.82131 -0.01109
2579.78572 -0.01109
2580.75012 -0.01112
2581.71453 -0.01111
2582.67894 -0.01111
2583.64334 -0.01111
2584.60775 -0.01109
2585.57215 -0.01109
2586.53656 -0.0111
2587.50096 -0.0111
2588.46537 -0.01109
2589.42978 -0.01109
2590.39418 -0.0111
2591.35859 -0.01111
2592.32299 -0.01112
2593.2874 -0.01112
2594.25181 -0.01113
2595.21621 -0.01115
2596.18062 -0.01117
2597.14502 -0.01119
2598.10943 -0.0112
2599.07384 -0.0112
2600.03824 -0.01117
2601.00265 -0.01118
2601.96705 -0.01122
2602.93146 -0.01125
2603.89587 -0.01125
2604.86027 -0.01124
2605.82468 -0.01126
2606.78908 -0.01127
2607.75349 -0.01129
2608.71789 -0.0113
2609.6823 -0.0113
2610.64671 -0.01127
2611.61111 -0.01127
2612.57552 -0.0113
2613.53992 -0.0113
2614.50433 -0.01131
2615.46874 -0.01133
2616.43314 -0.01135
2617.39755 -0.0114
2618.36195 -0.01141
2619.32636 -0.01142
2620.29077 -0.01145
2621.25517 -0.01148
2622.21958 -0.01149
2623.18398 -0.0115
2624.14839 -0.01151
2625.11279 -0.01151
2626.0772 -0.01155
2627.04161 -0.01157
2628.00601 -0.01158
2628.97042 -0.01163
2629.93482 -0.01167
2630.89923 -0.01169
2631.86364 -0.01167
2632.82804 -0.01167
2633.79245 -0.01168
2634.75685 -0.01167
2635.72126 -0.01173
2636.68567 -0.01176
2637.65007 -0.01178
2638.61448 -0.0118
2639.57888 -0.01178
2640.54329 -0.01179
2641.50769 -0.01182
2642.4721 -0.01185
2643.43651 -0.01185
2644.40091 -0.01187
2645.36532 -0.01192
2646.32972 -0.01196
2647.29413 -0.01194
2648.25854 -0.01192
2649.22294 -0.01192
2650.18735 -0.01192
2651.15175 -0.01194
2652.11616 -0.01193
2653.08057 -0.01194
2654.04497 -0.01198
2655.00938 -0.01199
2655.97378 -0.012
2656.93819 -0.01202
2657.90259 -0.01204
2658.867 -0.01203
2659.83141 -0.01204
2660.79581 -0.01205
2661.76022 -0.01206
2662.72462 -0.01207
2663.68903 -0.0121
2664.65344 -0.01214
2665.61784 -0.01213
2666.58225 -0.01213
2667.54665 -0.01212
2668.51106 -0.01211
2669.47547 -0.01215
2670.43987 -0.01215
2671.40428 -0.01214
2672.36868 -0.01218
2673.33309 -0.01219
2674.2975 -0.01217
2675.2619 -0.01216
2676.22631 -0.01217
2677.19071 -0.01219
2678.15512 -0.01218
2679.11952 -0.01222
2680.08393 -0.01224
2681.04834 -0.01223
2682.01274 -0.01222
2682.97715 -0.01224
2683.94155 -0.0123
2684.90596 -0.01227
2685.87037 -0.01227
2686.83477 -0.0123
2687.79918 -0.0123
2688.76358 -0.01231
2689.72799 -0.01232
2690.6924 -0.01231
2691.6568 -0.0123
2692.62121 -0.01235
2693.58561 -0.01239
2694.55002 -0.0124
2695.51442 -0.01241
2696.47883 -0.01241
2697.44324 -0.01243
2698.40764 -0.01247
2699.37205 -0.01246
2700.33645 -0.01243
2701.30086 -0.01248
2702.26527 -0.0125
2703.22967 -0.01242
2704.19408 -0.01243
2705.15848 -0.01248
2706.12289 -0.01249
2707.0873 -0.0125
2708.0517 -0.01254
2709.01611 -0.01252
2709.98051 -0.01245
2710.94492 -0.01248
2711.90932 -0.01255
2712.87373 -0.01255
2713.83814 -0.01255
2714.80254 -0.01256
2715.76695 -0.01254
2716.73135 -0.01255
2717.69576 -0.01258
2718.66017 -0.01257
2719.62457 -0.01258
2720.58898 -0.01253
2721.55338 -0.01251
2722.51779 -0.01252
2723.4822 -0.0126
2724.4466 -0.01272
2725.41101 -0.01282
2726.37541 -0.01284
2727.33982 -0.01282
2728.30422 -0.0128
2729.26863 -0.01277
2730.23304 -0.01267
2731.19744 -0.01251
2732.16185 -0.01229
2733.12625 -0.01224
2734.09066 -0.01246
2735.05507 -0.0127
2736.01947 -0.01282
2736.98388 -0.0128
2737.94828 -0.01241
2738.91269 -0.01235
2739.8771 -0.01286
2740.8415 -0.01265
2741.80591 -0.01253
2742.77031 -0.01272
2743.73472 -0.01273
2744.69913 -0.01266
2745.66353 -0.01252
2746.62794 -0.0126
2747.59234 -0.01269
2748.55675 -0.01254
2749.52115 -0.0126
2750.48556 -0.01256
2751.44997 -0.01251
2752.41437 -0.01259
2753.37878 -0.01262
2754.34318 -0.01254
2755.30759 -0.0125
2756.272 -0.01259
2757.2364 -0.01248
2758.20081 -0.01247
2759.16521 -0.01254
2760.12962 -0.01246
2761.09403 -0.01241
2762.05843 -0.0124
2763.02284 -0.01241
2763.98724 -0.01238
2764.95165 -0.01232
2765.91605 -0.01225
2766.88046 -0.01222
2767.84487 -0.01219
2768.80927 -0.01214
2769.77368 -0.01216
2770.73808 -0.01212
2771.70249 -0.01207
2772.6669 -0.01203
2773.6313 -0.01196
2774.59571 -0.01192
2775.56011 -0.01187
2776.52452 -0.01181
2777.48893 -0.01175
2778.45333 -0.0117
2779.41774 -0.01167
2780.38214 -0.01163
2781.34655 -0.01159
2782.31095 -0.01152
2783.27536 -0.01147
2784.23977 -0.01142
2785.20417 -0.01135
2786.16858 -0.0113
2787.13298 -0.01123
2788.09739 -0.01115
2789.0618 -0.01104
2790.0262 -0.01095
2790.99061 -0.01092
2791.95501 -0.01088
2792.91942 -0.01081
2793.88383 -0.01075
2794.84823 -0.01063
2795.81264 -0.01054
2796.77704 -0.0105
2797.74145 -0.01039
2798.70585 -0.01029
2799.67026 -0.01026
2800.63467 -0.01022
2801.59907 -0.01014
2802.56348 -0.01008
2803.52788 -0.01001
2804.49229 -0.0099
2805.4567 -0.0098
2806.4211 -0.00972
2807.38551 -0.00964
2808.34991 -0.00958
2809.31432 -0.0095
2810.27873 -0.00936
2811.24313 -0.00928
2812.20754 -0.00925
2813.17194 -0.00914
2814.13635 -0.00902
2815.10076 -0.00892
2816.06516 -0.00879
2817.02957 -0.00866
2817.99397 -0.00853
2818.95838 -0.00841
2819.92278 -0.00826
2820.88719 -0.00809
2821.8516 -0.00793
2822.816 -0.00772
2823.78041 -0.0075
2824.74481 -0.0073
2825.70922 -0.00709
2826.67363 -0.00688
2827.63803 -0.0067
2828.60244 -0.00651
2829.56684 -0.00635
2830.53125 -0.00625
2831.49566 -0.00618
2832.46006 -0.00612
2833.42447 -0.00612
2834.38887 -0.00619
2835.35328 -0.00627
2836.31768 -0.00639
2837.28209 -0.00658
2838.2465 -0.00675
2839.2109 -0.00695
2840.17531 -0.00718
2841.13971 -0.00738
2842.10412 -0.00759
2843.06853 -0.00783
2844.03293 -0.00806
2844.99734 -0.00825
2845.96174 -0.00848
2846.92615 -0.00871
2847.89056 -0.00886
2848.85496 -0.00895
2849.81937 -0.0091
2850.78377 -0.00925
2851.74818 -0.00932
2852.71258 -0.0094
2853.67699 -0.0095
2854.6414 -0.00956
2855.6058 -0.00961
2856.57021 -0.00969
2857.53461 -0.00976
2858.49902 -0.00981
2859.46343 -0.00985
2860.42783 -0.00989
2861.39224 -0.00993
2862.35664 -0.00998
2863.32105 -0.00999
2864.28546 -0.00999
2865.24986 -0.01002
2866.21427 -0.01002
2867.17867 -0.01001
2868.14308 -0.01004
2869.10748 -0.01007
2870.07189 -0.01011
2871.0363 -0.01015
2872.0007 -0.0102
2872.96511 -0.01023
2873.92951 -0.0102
2874.89392 -0.01019
2875.85833 -0.01015
2876.82273 -0.01016
2877.78714 -0.01017
2878.75154 -0.01018
2879.71595 -0.0102
2880.68036 -0.01018
2881.64476 -0.01014
2882.60917 -0.01008
2883.57357 -0.01003
2884.53798 -0.01002
2885.50239 -0.01001
2886.46679 -0.01002
2887.4312 -0.00998
2888.3956 -0.00995
2889.36001 -0.00991
2890.32441 -0.00985
2891.28882 -0.00983
2892.25323 -0.00982
2893.21763 -0.00976
2894.18204 -0.00971
2895.14644 -0.00969
2896.11085 -0.00962
2897.07526 -0.00957
2898.03966 -0.00953
2899.00407 -0.00947
2899.96847 -0.00941
2900.93288 -0.00942
2901.89729 -0.00938
2902.86169 -0.00931
2903.8261 -0.00927
2904.7905 -0.00918
2905.75491 -0.00909
2906.71931 -0.009
2907.68372 -0.00891
2908.64813 -0.00889
2909.61253 -0.00884
2910.57694 -0.00876
2911.54134 -0.00873
2912.50575 -0.00865
2913.47016 -0.00858
2914.43456 -0.00858
2915.39897 -0.00857
2916.36337 -0.00856
2917.32778 -0.00857
2918.29219 -0.00855
2919.25659 -0.00851
2920.221 -0.00851
2921.1854 -0.00846
2922.14981 -0.00842
2923.11421 -0.0084
2924.07862 -0.00832
2925.04303 -0.00828
2926.00743 -0.00827
2926.97184 -0.0082
2927.93624 -0.00814
2928.90065 -0.00808
2929.86506 -0.00803
2930.82946 -0.00796
2931.79387 -0.00792
2932.75827 -0.00791
2933.72268 -0.00783
2934.68709 -0.00779
2935.65149 -0.00779
2936.6159 -0.00776
2937.5803 -0.00776
2938.54471 -0.00777
2939.50911 -0.00785
2940.47352 -0.00791
2941.43793 -0.00794
2942.40233 -0.00801
2943.36674 -0.00804
2944.33114 -0.00808
2945.29555 -0.00807
2946.25996 -0.00807
2947.22436 -0.00807
2948.18877 -0.00805
2949.15317 -0.00805
2950.11758 -0.00798
2951.08199 -0.0079
2952.04639 -0.00784
2953.0108 -0.00777
2953.9752 -0.00774
2954.93961 -0.00769
2955.90401 -0.00758
2956.86842 -0.00752
2957.83283 -0.00747
2958.79723 -0.00742
2959.76164 -0.0074
2960.72604 -0.00738
2961.69045 -0.00743
2962.65486 -0.00747
2963.61926 -0.00748
2964.58367 -0.00753
2965.54807 -0.00765
2966.51248 -0.00778
2967.47689 -0.00784
2968.44129 -0.00793
2969.4057 -0.00805
2970.3701 -0.00815
2971.33451 -0.00823
2972.29892 -0.00834
2973.26332 -0.00846
2974.22773 -0.00855
2975.19213 -0.0087
2976.15654 -0.0088
2977.12094 -0.00886
2978.08535 -0.00892
2979.04976 -0.00893
2980.01416 -0.00896
2980.97857 -0.00902
2981.94297 -0.00903
2982.90738 -0.00909
2983.87179 -0.0091
2984.83619 -0.00905
2985.8006 -0.00903
2986.765 -0.00898
2987.72941 -0.00893
2988.69382 -0.00891
2989.65822 -0.00895
2990.62263 -0.009
2991.58703 -0.00899
2992.55144 -0.009
2993.51584 -0.00903
2994.48025 -0.00906
2995.44466 -0.00911
2996.40906 -0.00918
2997.37347 -0.00929
2998.33787 -0.00939
2999.30228 -0.00943
3000.26669 -0.00952
3001.23109 -0.00963
3002.1955 -0.00974
3003.1599 -0.0099
3004.12431 -0.01003
3005.08872 -0.01013
3006.05312 -0.01026
3007.01753 -0.01036
3007.98193 -0.01048
3008.94634 -0.01056
3009.91074 -0.01064
3010.87515 -0.01081
3011.83956 -0.01092
3012.80396 -0.01095
3013.76837 -0.01106
3014.73277 -0.01113
3015.69718 -0.01115
3016.66159 -0.01113
3017.62599 -0.01113
3018.5904 -0.01119
3019.5548 -0.01125
3020.51921 -0.01135
3021.48362 -0.01138
3022.44802 -0.01136
3023.41243 -0.01137
3024.37683 -0.01136
3025.34124 -0.01131
3026.30564 -0.01128
3027.27005 -0.0113
3028.23446 -0.01128
3029.19886 -0.01125
3030.16327 -0.01125
3031.12767 -0.01123
3032.09208 -0.01119
3033.05649 -0.01116
3034.02089 -0.01114
3034.9853 -0.01112
3035.9497 -0.01108
3036.91411 -0.01101
3037.87852 -0.01095
3038.84292 -0.0109
3039.80733 -0.01091
3040.77173 -0.01089
3041.73614 -0.01078
3042.70055 -0.01071
3043.66495 -0.01071
3044.62936 -0.01065
3045.59376 -0.0106
3046.55817 -0.01055
3047.52257 -0.01047
3048.48698 -0.01038
3049.45139 -0.01037
3050.41579 -0.01035
3051.3802 -0.01029
3052.3446 -0.01024
3053.30901 -0.01015
3054.27342 -0.0101
3055.23782 -0.01005
3056.20223 -0.00998
3057.16663 -0.00988
3058.13104 -0.00978
3059.09545 -0.00975
3060.05985 -0.00974
3061.02426 -0.00969
3061.98866 -0.0096
3062.95307 -0.00951
3063.91747 -0.00947
3064.88188 -0.00942
3065.84629 -0.00936
3066.81069 -0.00927
3067.7751 -0.00918
3068.7395 -0.00912
3069.70391 -0.00906
3070.66832 -0.00896
3071.63272 -0.00887
3072.59713 -0.00878
3073.56153 -0.00871
3074.52594 -0.00867
3075.49035 -0.00857
3076.45475 -0.00848
3077.41916 -0.00845
3078.38356 -0.00841
3079.34797 -0.00831
3080.31237 -0.00818
3081.27678 -0.00807
3082.24119 -0.00799
3083.20559 -0.00792
3084.17 -0.00779
3085.1344 -0.00768
3086.09881 -0.00759
3087.06322 -0.00752
3088.02762 -0.00744
3088.99203 -0.00734
3089.95643 -0.0073
3090.92084 -0.00717
3091.88525 -0.00702
3092.84965 -0.00693
3093.81406 -0.00683
3094.77846 -0.00673
3095.74287 -0.00662
3096.70727 -0.00655
3097.67168 -0.00651
3098.63609 -0.00642
3099.60049 -0.0063
3100.5649 -0.00619
3101.5293 -0.00604
3102.49371 -0.00594
3103.45812 -0.00584
3104.42252 -0.00568
3105.38693 -0.00558
3106.35133 -0.00547
3107.31574 -0.00535
3108.28015 -0.00529
3109.24455 -0.00522
3110.20896 -0.00508
3111.17336 -0.00491
3112.13777 -0.00482
3113.10218 -0.00472
3114.06658 -0.00461
3115.03099 -0.00454
3115.99539 -0.0044
3116.9598 -0.00428
3117.9242 -0.00418
3118.88861 -0.00404
3119.85302 -0.00391
3120.81742 -0.00378
3121.78183 -0.00367
3122.74623 -0.00355
3123.71064 -0.00343
3124.67505 -0.00332
3125.63945 -0.00319
3126.60386 -0.00307
3127.56826 -0.00296
3128.53267 -0.00282
3129.49708 -0.00269
3130.46148 -0.00258
3131.42589 -0.00247
3132.39029 -0.00231
3133.3547 -0.00219
3134.3191 -0.00212
3135.28351 -0.00198
3136.24792 -0.00182
3137.21232 -0.00166
3138.17673 -0.00148
3139.14113 -0.0013
3140.10554 -0.0012
3141.06995 -0.00115
3142.03435 -0.00101
3142.99876 -8.22714E-4
3143.96316 -6.52134E-4
3144.92757 -5.2016E-4
3145.89198 -4.08106E-4
3146.85638 -2.81111E-4
3147.82079 -1.32555E-4
3148.78519 1.54622E-5
3149.7496 1.21732E-4
3150.714 2.40061E-4
3151.67841 4.00544E-4
3152.64282 5.59944E-4
3153.60722 6.80926E-4
3154.57163 7.91896E-4
3155.53603 9.74704E-4
3156.50044 0.00116
3157.46485 0.00131
3158.42925 0.00142
3159.39366 0.00155
3160.35806 0.00169
3161.32247 0.00182
3162.28688 0.002
3163.25128 0.00213
3164.21569 0.00225
3165.18009 0.00241
3166.1445 0.00254
3167.1089 0.00268
3168.07331 0.00283
3169.03772 0.00294
3170.00212 0.00301
3170.96653 0.00313
3171.93093 0.00334
3172.89534 0.00351
3173.85975 0.00358
3174.82415 0.00372
3175.78856 0.00393
3176.75296 0.00407
3177.71737 0.00418
3178.68178 0.00434
3179.64618 0.00449
3180.61059 0.00458
3181.57499 0.00472
3182.5394 0.00485
3183.50381 0.00493
3184.46821 0.005
3185.43262 0.00513
3186.39702 0.00526
3187.36143 0.00537
3188.32583 0.00554
3189.29024 0.00567
3190.25465 0.00574
3191.21905 0.00581
3192.18346 0.00593
3193.14786 0.00604
3194.11227 0.00616
3195.07668 0.00629
3196.04108 0.00638
3197.00549 0.0065
3197.96989 0.00662
3198.9343 0.00673
3199.89871 0.00683
3200.86311 0.00692
3201.82752 0.00704
3202.79192 0.00714
3203.75633 0.0072
3204.72073 0.00732
3205.68514 0.00741
3206.64955 0.00745
3207.61395 0.00753
3208.57836 0.00764
3209.54276 0.0077
3210.50717 0.00776
3211.47158 0.00783
3212.43598 0.0079
3213.40039 0.008
3214.36479 0.00807
3215.3292 0.00818
3216.29361 0.00827
3217.25801 0.00831
3218.22242 0.00835
3219.18682 0.00837
3220.15123 0.00848
3221.11563 0.0086
3222.08004 0.00864
3223.04445 0.00871
3224.00885 0.00873
3224.97326 0.00875
3225.93766 0.0088
3226.90207 0.00885
3227.86648 0.00891
3228.83088 0.00896
3229.79529 0.00896
3230.75969 0.00899
3231.7241 0.00906
3232.68851 0.00911
3233.65291 0.00914
3234.61732 0.00917
3235.58172 0.0092
3236.54613 0.00925
3237.51053 0.00928
3238.47494 0.00927
3239.43935 0.00931
3240.40375 0.00936
3241.36816 0.00937
3242.33256 0.00941
3243.29697 0.00938
3244.26138 0.00934
3245.22578 0.00935
3246.19019 0.00944
3247.15459 0.00948
3248.119 0.00946
3249.08341 0.00946
3250.04781 0.00945
3251.01222 0.00944
3251.97662 0.00944
3252.94103 0.00945
3253.90544 0.00943
3254.86984 0.00944
3255.83425 0.00951
3256.79865 0.00951
3257.76306 0.00947
3258.72746 0.00944
3259.69187 0.00942
3260.65628 0.00942
3261.62068 0.00934
3262.58509 0.00931
3263.54949 0.0093
3264.5139 0.00923
3265.47831 0.00927
3266.44271 0.00929
3267.40712 0.00929
3268.37152 0.00921
3269.33593 0.00912
3270.30034 0.0091
3271.26474 0.00906
3272.22915 0.00902
3273.19355 0.009
3274.15796 0.00898
3275.12236 0.00891
3276.08677 0.00885
3277.05118 0.0088
3278.01558 0.0087
3278.97999 0.00861
3279.94439 0.00858
3280.9088 0.00856
3281.87321 0.00849
3282.83761 0.00846
3283.80202 0.00841
3284.76642 0.00831
3285.73083 0.00826
3286.69524 0.00818
3287.65964 0.00811
3288.62405 0.00804
3289.58845 0.00794
3290.55286 0.00788
3291.51726 0.00779
3292.48167 0.0077
3293.44608 0.00762
3294.41048 0.00756
3295.37489 0.00751
3296.33929 0.00742
3297.3037 0.0073
3298.26811 0.00714
3299.23251 0.00701
3300.19692 0.00695
3301.16132 0.00689
3302.12573 0.00679
3303.09014 0.00671
3304.05454 0.00663
3305.01895 0.00651
3305.98335 0.00637
3306.94776 0.00629
3307.91216 0.00623
3308.87657 0.00608
3309.84098 0.00591
3310.80538 0.00581
3311.76979 0.00573
3312.73419 0.00564
3313.6986 0.00555
3314.66301 0.00539
3315.62741 0.00529
3316.59182 0.00521
3317.55622 0.00507
3318.52063 0.00497
3319.48504 0.00485
3320.44944 0.00469
3321.41385 0.00459
3322.37825 0.0045
3323.34266 0.00436
3324.30707 0.00423
3325.27147 0.00412
3326.23588 0.00403
3327.20028 0.00392
3328.16469 0.00376
3329.12909 0.00363
3330.0935 0.00353
3331.05791 0.00343
3332.02231 0.00334
3332.98672 0.00318
3333.95112 0.00302
3334.91553 0.00293
3335.87994 0.00281
3336.84434 0.00266
3337.80875 0.00255
3338.77315 0.00247
3339.73756 0.00241
3340.70197 0.0023
3341.66637 0.00216
3342.63078 0.0021
3343.59518 0.00203
3344.55959 0.00184
3345.52399 0.00169
3346.4884 0.00162
3347.45281 0.00152
3348.41721 0.00136
3349.38162 0.00132
3350.34602 0.00127
3351.31043 0.00106
3352.27484 9.4251E-4
3353.23924 8.93713E-4
3354.20365 7.95205E-4
3355.16805 6.81314E-4
3356.13246 5.50407E-4
3357.09687 3.67131E-4
3358.06127 2.01256E-4
3359.02568 1.79069E-4
3359.99008 1.79713E-4
3360.95449 6.01139E-5
3361.91889 -6.01783E-5
3362.8833 -1.3077E-4
3363.84771 -1.9539E-4
3364.81211 -3.20327E-4
3365.77652 -4.58053E-4
3366.74092 -5.43301E-4
3367.70533 -6.57252E-4
3368.66974 -7.47421E-4
3369.63414 -8.56324E-4
3370.59855 -9.93307E-4
3371.56295 -0.00109
3372.52736 -0.00122
3373.49177 -0.00135
3374.45617 -0.00148
3375.42058 -0.00158
3376.38498 -0.00165
3377.34939 -0.00172
3378.31379 -0.0018
3379.2782 -0.00192
3380.24261 -0.00203
3381.20701 -0.00215
3382.17142 -0.00231
3383.13582 -0.00244
3384.10023 -0.0025
3385.06464 -0.00263
3386.02904 -0.00276
3386.99345 -0.00283
3387.95785 -0.00297
3388.92226 -0.00311
3389.88667 -0.00323
3390.85107 -0.00337
3391.81548 -0.00349
3392.77988 -0.00357
3393.74429 -0.00368
3394.7087 -0.00381
3395.6731 -0.00391
3396.63751 -0.00406
3397.60191 -0.00417
3398.56632 -0.00425
3399.53072 -0.00437
3400.49513 -0.00451
3401.45954 -0.00467
3402.42394 -0.00474
3403.38835 -0.00479
3404.35275 -0.00488
3405.31716 -0.00501
3406.28157 -0.00511
3407.24597 -0.00526
3408.21038 -0.00537
3409.17478 -0.00549
3410.13919 -0.00565
3411.1036 -0.00579
3412.068 -0.00583
3413.03241 -0.00613
3413.99681 -0.00654
3414.96122 -0.00639
3415.92562 -0.00622
3416.89003 -0.00634
3417.85444 -0.00651
3418.81884 -0.00667
3419.78325 -0.00679
3420.74765 -0.00692
3421.71206 -0.00706
3422.67647 -0.00722
3423.64087 -0.00735
3424.60528 -0.0074
3425.56968 -0.00751
3426.53409 -0.00767
3427.4985 -0.0078
3428.4629 -0.00792
3429.42731 -0.0081
3430.39171 -0.00816
3431.35612 -0.00814
3432.32052 -0.00823
3433.28493 -0.00835
3434.24934 -0.00851
3435.21374 -0.00866
3436.17815 -0.0088
3437.14255 -0.0089
3438.10696 -0.00899
3439.07137 -0.00911
3440.03577 -0.00918
3441.00018 -0.00923
3441.96458 -0.00934
3442.92899 -0.00949
3443.8934 -0.00958
3444.8578 -0.00968
3445.82221 -0.00979
3446.78661 -0.00992
3447.75102 -0.01012
3448.71542 -0.01021
3449.67983 -0.01027
3450.64424 -0.01034
3451.60864 -0.01036
3452.57305 -0.01046
3453.53745 -0.01064
3454.50186 -0.01078
3455.46627 -0.01084
3456.43067 -0.0109
3457.39508 -0.011
3458.35948 -0.01112
3459.32389 -0.01123
3460.2883 -0.01132
3461.2527 -0.01143
3462.21711 -0.01157
3463.18151 -0.01167
3464.14592 -0.01171
3465.11033 -0.0118
3466.07473 -0.01191
3467.03914 -0.01203
3468.00354 -0.01213
3468.96795 -0.01219
3469.93235 -0.01227
3470.89676 -0.01235
3471.86117 -0.01248
3472.82557 -0.01259
3473.78998 -0.0127
3474.75438 -0.01278
3475.71879 -0.01282
3476.6832 -0.01294
3477.6476 -0.01302
3478.61201 -0.01306
3479.57641 -0.01317
3480.54082 -0.01325
3481.50523 -0.0133
3482.46963 -0.01343
3483.43404 -0.01351
3484.39844 -0.01359
3485.36285 -0.0137
3486.32725 -0.0138
3487.29166 -0.01388
3488.25607 -0.01396
3489.22047 -0.01404
3490.18488 -0.01411
3491.14928 -0.01416
3492.11369 -0.01429
3493.0781 -0.01443
3494.0425 -0.01448
3495.00691 -0.0146
3495.97131 -0.01469
3496.93572 -0.01462
3497.90013 -0.0147
3498.86453 -0.0148
3499.82894 -0.01482
3500.79334 -0.01487
3501.75775 -0.01495
3502.72215 -0.01505
3503.68656 -0.01513
3504.65097 -0.01522
3505.61537 -0.01528
3506.57978 -0.01538
3507.54418 -0.01546
3508.50859 -0.01548
3509.473 -0.01553
3510.4374 -0.01565
3511.40181 -0.01574
3512.36621 -0.01577
3513.33062 -0.01587
3514.29503 -0.01594
3515.25943 -0.01602
3516.22384 -0.01608
3517.18824 -0.01604
3518.15265 -0.01614
3519.11705 -0.01625
3520.08146 -0.01624
3521.04587 -0.01631
3522.01027 -0.01637
3522.97468 -0.01644
3523.93908 -0.01653
3524.90349 -0.01658
3525.8679 -0.01664
3526.8323 -0.01666
3527.79671 -0.01669
3528.76111 -0.01679
3529.72552 -0.01683
3530.68993 -0.01683
3531.65433 -0.01687
3532.61874 -0.01691
3533.58314 -0.01695
3534.54755 -0.01701
3535.51196 -0.01707
3536.47636 -0.0171
3537.44077 -0.0171
3538.40517 -0.01717
3539.36958 -0.01728
3540.33398 -0.01735
3541.29839 -0.01738
3542.2628 -0.01741
3543.2272 -0.01748
3544.19161 -0.0175
3545.15601 -0.01752
3546.12042 -0.01764
3547.08483 -0.01767
3548.04923 -0.01766
3549.01364 -0.01772
3549.97804 -0.01775
3550.94245 -0.01773
3551.90686 -0.01779
3552.87126 -0.01786
3553.83567 -0.01786
3554.80007 -0.01793
3555.76448 -0.018
3556.72888 -0.01798
3557.69329 -0.01799
3558.6577 -0.01805
3559.6221 -0.01809
3560.58651 -0.01812
3561.55091 -0.01819
3562.51532 -0.01826
3563.47973 -0.01825
3564.44413 -0.01818
3565.40854 -0.01825
3566.37294 -0.01835
3567.33735 -0.01842
3568.30176 -0.01841
3569.26616 -0.01842
3570.23057 -0.0184
3571.19497 -0.01841
3572.15938 -0.01844
3573.12378 -0.0184
3574.08819 -0.01838
3575.0526 -0.01841
3576.017 -0.01848
3576.98141 -0.01845
3577.94581 -0.01844
3578.91022 -0.01851
3579.87463 -0.01847
3580.83903 -0.01829
3581.80344 -0.01816
3582.76784 -0.01813
3583.73225 -0.01808
3584.69666 -0.01803
3585.66106 -0.01802
3586.62547 -0.01807
3587.58987 -0.01799
3588.55428 -0.01793
3589.51868 -0.01793
3590.48309 -0.01787
3591.4475 -0.01782
3592.4119 -0.01771
3593.37631 -0.01759
3594.34071 -0.01747
3595.30512 -0.01739
3596.26953 -0.0173
3597.23393 -0.01736
3598.19834 -0.01764
3599.16274 -0.01784
3600.12715 -0.01802
3601.09156 -0.01835
3602.05596 -0.01859
3603.02037 -0.01867
3603.98477 -0.01878
3604.94918 -0.01886
3605.91359 -0.01893
3606.87799 -0.01898
3607.8424 -0.01899
3608.8068 -0.0191
3609.77121 -0.01919
3610.73561 -0.01906
3611.70002 -0.01899
3612.66443 -0.01909
3613.62883 -0.01909
3614.59324 -0.01904
3615.55764 -0.01908
3616.52205 -0.01909
3617.48646 -0.0191
3618.45086 -0.01915
3619.41527 -0.01924
3620.37967 -0.01928
3621.34408 -0.01915
3622.30849 -0.01905
3623.27289 -0.01899
3624.2373 -0.01898
3625.2017 -0.01901
3626.16611 -0.01903
3627.13051 -0.01903
3628.09492 -0.01908
3629.05933 -0.01928
3630.02373 -0.01935
3630.98814 -0.01918
3631.95254 -0.01914
3632.91695 -0.01916
3633.88136 -0.01913
3634.84576 -0.01913
3635.81017 -0.0191
3636.77457 -0.01912
3637.73898 -0.01917
3638.70339 -0.01921
3639.66779 -0.01922
3640.6322 -0.0192
3641.5966 -0.0192
3642.56101 -0.01921
3643.52541 -0.01922
3644.48982 -0.01919
3645.45423 -0.01915
3646.41863 -0.01916
3647.38304 -0.0192
3648.34744 -0.0192
3649.31185 -0.01926
3650.27626 -0.01928
3651.24066 -0.01923
3652.20507 -0.0191
3653.16947 -0.01893
3654.13388 -0.01894
3655.09829 -0.01894
3656.06269 -0.01895
3657.0271 -0.01895
3657.9915 -0.01887
3658.95591 -0.01881
3659.92031 -0.0188
3660.88472 -0.01884
3661.84913 -0.01879
3662.81353 -0.01881
3663.77794 -0.01888
3664.74234 -0.01895
3665.70675 -0.019
3666.67116 -0.01901
3667.63556 -0.0191
3668.59997 -0.01926
3669.56437 -0.01935
3670.52878 -0.0195
3671.49319 -0.01959
3672.45759 -0.01944
3673.422 -0.01939
3674.3864 -0.01943
3675.35081 -0.01965
3676.31521 -0.01987
3677.27962 -0.01982
3678.24403 -0.0197
3679.20843 -0.01967
3680.17284 -0.01968
3681.13724 -0.01973
3682.10165 -0.01969
3683.06606 -0.01971
3684.03046 -0.01979
3684.99487 -0.01979
3685.95927 -0.01976
3686.92368 -0.01975
3687.88809 -0.01992
3688.85249 -0.02005
3689.8169 -0.01974
3690.7813 -0.01955
3691.74571 -0.01946
3692.71012 -0.0191
3693.67452 -0.01876
3694.63893 -0.01832
3695.60333 -0.01776
3696.56774 -0.0171
3697.53214 -0.0164
3698.49655 -0.01579
3699.46096 -0.01527
3700.42536 -0.01489
3701.38977 -0.01477
3702.35417 -0.01506
3703.31858 -0.01544
3704.28299 -0.01598
3705.24739 -0.01665
3706.2118 -0.01722
3707.1762 -0.01768
3708.14061 -0.01805
3709.10502 -0.01859
3710.06942 -0.01921
3711.03383 -0.01949
3711.99823 -0.01976
3712.96264 -0.01995
3713.92704 -0.01978
3714.89145 -0.01971
3715.85586 -0.01977
3716.82026 -0.01979
3717.78467 -0.0198
3718.74907 -0.01989
3719.71348 -0.01992
3720.67789 -0.01988
3721.64229 -0.0199
3722.6067 -0.01996
3723.5711 -0.02003
3724.53551 -0.02001
3725.49992 -0.02002
3726.46432 -0.02016
3727.42873 -0.02025
3728.39313 -0.02018
3729.35754 -0.02009
3730.32194 -0.0201
3731.28635 -0.0202
3732.25076 -0.02036
3733.21516 -0.02035
3734.17957 -0.02025
3735.14397 -0.02033
3736.10838 -0.02044
3737.07279 -0.02055
3738.03719 -0.0205
3739.0016 -0.0204
3739.966 -0.02042
3740.93041 -0.02045
3741.89482 -0.02049
3742.85922 -0.0205
3743.82363 -0.02072
3744.78803 -0.02114
3745.75244 -0.02097
3746.71684 -0.0206
3747.68125 -0.02059
3748.64566 -0.02069
3749.61006 -0.02102
3750.57447 -0.02092
3751.53887 -0.02081
3752.50328 -0.02116
3753.46769 -0.02109
3754.43209 -0.02082
3755.3965 -0.02077
3756.3609 -0.0208
3757.32531 -0.02078
3758.28972 -0.02074
3759.25412 -0.02083
3760.21853 -0.02087
3761.18293 -0.02084
3762.14734 -0.02077
3763.11175 -0.02075
3764.07615 -0.02074
3765.04056 -0.02077
3766.00496 -0.02084
3766.96937 -0.02085
3767.93377 -0.02087
3768.89818 -0.02088
3769.86259 -0.02094
3770.82699 -0.02096
3771.7914 -0.02092
3772.7558 -0.02095
3773.72021 -0.02096
3774.68462 -0.021
3775.64902 -0.02095
3776.61343 -0.02092
3777.57783 -0.02093
3778.54224 -0.02094
3779.50665 -0.021
3780.47105 -0.02096
3781.43546 -0.02093
3782.39986 -0.02098
3783.36427 -0.02104
3784.32867 -0.02101
3785.29308 -0.02094
3786.25749 -0.02099
3787.22189 -0.02106
3788.1863 -0.02107
3789.1507 -0.021
3790.11511 -0.02098
3791.07952 -0.02104
3792.04392 -0.02107
3793.00833 -0.02115
3793.97273 -0.02114
3794.93714 -0.02109
3795.90155 -0.02117
3796.86595 -0.0212
3797.83036 -0.02118
3798.79476 -0.02117
3799.75917 -0.02119
3800.72357 -0.02139
3801.68798 -0.02158
3802.65239 -0.02147
3803.61679 -0.02138
3804.5812 -0.02136
3805.5456 -0.02126
3806.51001 -0.02138
3807.47442 -0.02154
3808.43882 -0.02141
3809.40323 -0.02127
3810.36763 -0.02127
3811.33204 -0.02132
3812.29645 -0.0214
3813.26085 -0.02148
3814.22526 -0.02147
3815.18966 -0.02145
3816.15407 -0.02168
3817.11847 -0.0217
3818.08288 -0.02152
3819.04729 -0.0215
3820.01169 -0.02145
3820.9761 -0.02156
3821.9405 -0.02172
3822.90491 -0.02166
3823.86932 -0.02159
3824.83372 -0.02156
3825.79813 -0.02153
3826.76253 -0.02155
3827.72694 -0.02154
3828.69135 -0.02153
3829.65575 -0.0216
3830.62016 -0.02162
3831.58456 -0.0217
3832.54897 -0.02171
3833.51338 -0.02159
3834.47778 -0.02165
3835.44219 -0.02171
3836.40659 -0.02164
3837.371 -0.02185
3838.3354 -0.02209
3839.29981 -0.02188
3840.26422 -0.02174
3841.22862 -0.02176
3842.19303 -0.0218
3843.15743 -0.02178
3844.12184 -0.02179
3845.08625 -0.02183
3846.05065 -0.02178
3847.01506 -0.02173
3847.97946 -0.02175
3848.94387 -0.02185
3849.90828 -0.02183
3850.87268 -0.02172
3851.83709 -0.02193
3852.80149 -0.02218
3853.7659 -0.0223
3854.7303 -0.0226
3855.69471 -0.02227
3856.65912 -0.02178
3857.62352 -0.0218
3858.58793 -0.02182
3859.55233 -0.02181
3860.51674 -0.02186
3861.48115 -0.02192
3862.44555 -0.02198
3863.40996 -0.02201
3864.37436 -0.02208
3865.33877 -0.02218
3866.30318 -0.02206
3867.26758 -0.0219
3868.23199 -0.02193
3869.19639 -0.02204
3870.1608 -0.02224
3871.1252 -0.02223
3872.08961 -0.02208
3873.05402 -0.02201
3874.01842 -0.022
3874.98283 -0.02203
3875.94723 -0.02195
3876.91164 -0.02191
3877.87605 -0.0219
3878.84045 -0.0219
3879.80486 -0.02205
3880.76926 -0.02215
3881.73367 -0.02217
3882.69808 -0.02214
3883.66248 -0.02213
3884.62689 -0.02218
3885.59129 -0.0223
3886.5557 -0.02236
3887.5201 -0.02223
3888.48451 -0.02211
3889.44892 -0.02208
3890.41332 -0.02218
3891.37773 -0.02235
3892.34213 -0.02236
3893.30654 -0.02228
3894.27095 -0.02226
3895.23535 -0.02222
3896.19976 -0.0222
3897.16416 -0.02226
3898.12857 -0.02226
3899.09298 -0.02234
3900.05738 -0.02244
3901.02179 -0.02235
3901.98619 -0.02244
3902.9506 -0.02243
3903.91501 -0.02235
3904.87941 -0.02239
3905.84382 -0.02239
3906.80822 -0.0224
3907.77263 -0.02237
3908.73703 -0.02231
3909.70144 -0.02226
3910.66585 -0.02227
3911.63025 -0.02225
3912.59466 -0.02227
3913.55906 -0.02231
3914.52347 -0.02231
3915.48788 -0.02246
3916.45228 -0.02253
3917.41669 -0.02249
3918.38109 -0.02249
3919.3455 -0.02245
3920.30991 -0.0225
3921.27431 -0.02247
3922.23872 -0.0224
3923.20312 -0.02246
3924.16753 -0.02252
3925.13193 -0.02252
3926.09634 -0.02247
3927.06075 -0.02246
3928.02515 -0.02258
3928.98956 -0.02255
3929.95396 -0.02246
3930.91837 -0.0225
3931.88278 -0.02257
3932.84718 -0.02261
3933.81159 -0.02262
3934.77599 -0.02256
3935.7404 -0.02248
3936.70481 -0.02247
3937.66921 -0.02249
3938.63362 -0.02254
3939.59802 -0.02255
3940.56243 -0.02254
3941.52683 -0.0225
3942.49124 -0.02256
3943.45565 -0.02268
3944.42005 -0.0227
3945.38446 -0.02264
3946.34886 -0.02262
3947.31327 -0.02268
3948.27768 -0.02269
3949.24208 -0.02268
3950.20649 -0.02271
3951.17089 -0.02271
3952.1353 -0.02276
3953.09971 -0.02276
3954.06411 -0.02271
3955.02852 -0.02267
3955.99292 -0.0226
3956.95733 -0.02266
3957.92173 -0.02273
3958.88614 -0.02273
3959.85055 -0.0228
3960.81495 -0.02289
3961.77936 -0.02284
3962.74376 -0.02285
3963.70817 -0.02284
3964.67258 -0.02277
3965.63698 -0.02285
3966.60139 -0.02288
3967.56579 -0.02291
3968.5302 -0.02287
3969.49461 -0.02286
3970.45901 -0.0229
3971.42342 -0.02287
3972.38782 -0.02283
3973.35223 -0.02284
3974.31664 -0.02293
3975.28104 -0.02289
3976.24545 -0.02286
3977.20985 -0.02296
3978.17426 -0.02301
3979.13866 -0.02302
3980.10307 -0.02301
3981.06748 -0.02302
3982.03188 -0.02298
3982.99629 -0.02293
3983.96069 -0.02296
3984.9251 -0.02292
3985.88951 -0.02299
3986.85391 -0.02306
3987.81832 -0.02303
3988.78272 -0.02303
3989.74713 -0.02308
3990.71154 -0.02307
3991.67594 -0.02299
3992.64035 -0.02301
3993.60475 -0.0231
3994.56916 -0.02306
3995.53356 -0.023
3996.49797 -0.02313
3997.46238 -0.0232
3998.42678 -0.02308
3999.39119 -0.02303
4000.35559 -0.02307
4001.32 -0.0231
