# {"full": "H2O:CH3OH:CO2 (0.3:0.7:1)", "name": "H2O:CH3OH:CO2", "ratio": "(0.3:0.7:1)", "url": "https://icedb.strw.leidenuniv.nl/data/49", "author": "Ehrenfreund et al.", "latex_molname": "$\\ce{H2O}$:$\\ce{CH3OH}$:$\\ce{CO2}$ (0.3:0.7:1)", "temperature": 79.0, "index": 430}
3.99264E+02 -2.66593E-02
4.00228E+02 -3.00549E-02
4.01193E+02 -9.09954E-04
4.02157E+02 5.00575E-03
4.03122E+02 1.38141E-03
4.04086E+02 5.37774E-03
4.05050E+02 5.80028E-03
4.06015E+02 1.05133E-02
4.06979E+02 2.22737E-03
4.07944E+02 -1.64298E-02
4.08908E+02 -1.62275E-02
4.09872E+02 -1.19251E-02
4.10837E+02 -1.25839E-02
4.11801E+02 -3.39184E-04
4.12766E+02 9.13681E-03
4.13730E+02 1.32546E-05
4.14694E+02 -6.31336E-03
4.15659E+02 -9.65480E-03
4.16623E+02 -1.28212E-02
4.17588E+02 -1.44218E-02
4.18552E+02 -1.52952E-02
4.19516E+02 -2.27653E-02
4.20481E+02 -1.68906E-02
4.21445E+02 2.57780E-02
4.22410E+02 2.82124E-02
4.23374E+02 1.05999E-02
4.24339E+02 7.43356E-03
4.25303E+02 3.08912E-03
4.26267E+02 2.07119E-03
4.27232E+02 5.30072E-04
4.28196E+02 -1.71831E-03
4.29161E+02 -1.12164E-03
4.30125E+02 -1.41826E-03
4.31089E+02 -2.98411E-03
4.32054E+02 -1.06317E-03
4.33018E+02 1.53697E-03
4.33983E+02 -1.01424E-03
4.34947E+02 -3.28493E-03
4.35911E+02 1.00201E-03
4.36876E+02 -2.15624E-04
4.37840E+02 -2.43686E-03
4.38805E+02 3.50593E-03
4.39769E+02 7.96323E-03
4.40733E+02 1.46468E-02
4.41698E+02 4.25208E-02
4.42662E+02 1.93844E-02
4.43627E+02 -1.63369E-02
4.44591E+02 -1.04866E-02
4.45555E+02 -7.82048E-03
4.46520E+02 -5.21071E-03
4.47484E+02 -3.84741E-03
4.48449E+02 -2.90691E-03
4.49413E+02 -4.26466E-03
4.50377E+02 -5.58810E-03
4.51342E+02 -4.81732E-03
4.52306E+02 -4.23532E-03
4.53271E+02 -4.07077E-03
4.54235E+02 -2.88954E-03
4.55199E+02 -2.21005E-03
4.56164E+02 -3.71209E-03
4.57128E+02 -2.00253E-03
4.58093E+02 -1.50794E-03
4.59057E+02 -2.78124E-03
4.60022E+02 -2.73623E-03
4.60986E+02 -2.54087E-03
4.61950E+02 -2.58984E-03
4.62915E+02 -2.39431E-03
4.63879E+02 5.47454E-04
4.64844E+02 1.02472E-03
4.65808E+02 8.80472E-05
4.66772E+02 -1.57803E-05
4.67737E+02 -5.38677E-04
4.68701E+02 -1.09099E-03
4.69666E+02 -1.74183E-03
4.70630E+02 -1.69428E-03
4.71594E+02 -1.26777E-03
4.72559E+02 -1.14825E-03
4.73523E+02 -7.20400E-04
4.74488E+02 1.17347E-05
4.75452E+02 1.03672E-03
4.76416E+02 3.51986E-03
4.77381E+02 -1.81663E-03
4.78345E+02 -6.55476E-03
4.79310E+02 -3.55067E-03
4.80274E+02 -2.61278E-03
4.81238E+02 -1.87760E-03
4.82203E+02 -1.64132E-03
4.83167E+02 -2.30346E-04
4.84132E+02 1.63268E-04
4.85096E+02 -2.85865E-03
4.86060E+02 -3.17543E-03
4.87025E+02 -2.16308E-03
4.87989E+02 -2.19601E-03
4.88954E+02 -1.89662E-03
4.89918E+02 -1.58529E-03
4.90883E+02 -1.12556E-03
4.91847E+02 -1.90907E-03
4.92811E+02 -2.32236E-03
4.93776E+02 -2.10426E-03
4.94740E+02 -2.13974E-03
4.95705E+02 -2.28231E-03
4.96669E+02 -2.28763E-03
4.97633E+02 -4.06211E-03
4.98598E+02 -4.12270E-03
4.99562E+02 -1.08460E-03
5.00527E+02 -7.19767E-04
5.01491E+02 -1.27956E-03
5.02455E+02 -1.55193E-03
5.03420E+02 -1.57668E-03
5.04384E+02 -1.61399E-03
5.05349E+02 -3.46940E-04
5.06313E+02 7.78586E-06
5.07277E+02 -7.41083E-04
5.08242E+02 -7.17938E-04
5.09206E+02 -8.17489E-04
5.10171E+02 -8.85259E-04
5.11135E+02 -1.00289E-03
5.12099E+02 -1.08165E-03
5.13064E+02 -1.30846E-03
5.14028E+02 -1.67562E-03
5.14993E+02 -1.74715E-03
5.15957E+02 -2.21853E-03
5.16921E+02 -2.36085E-03
5.17886E+02 -4.10105E-03
5.18850E+02 -3.38070E-03
5.19815E+02 3.56550E-03
5.20779E+02 3.45098E-03
5.21743E+02 7.13822E-04
5.22708E+02 4.12025E-04
5.23672E+02 -2.89261E-04
5.24637E+02 -1.80196E-04
5.25601E+02 -4.15061E-04
5.26565E+02 -5.20427E-04
5.27530E+02 -5.63126E-04
5.28494E+02 -7.77073E-04
5.29459E+02 -5.19086E-04
5.30423E+02 -2.65196E-04
5.31388E+02 -8.94964E-04
5.32352E+02 -8.88236E-04
5.33316E+02 -4.08698E-04
5.34281E+02 -3.58943E-04
5.35245E+02 -6.51088E-04
5.36210E+02 -8.90106E-04
5.37174E+02 -4.17929E-04
5.38138E+02 -1.01309E-04
5.39103E+02 -6.98511E-04
5.40067E+02 -9.26565E-04
5.41032E+02 -7.98848E-04
5.41996E+02 -6.36842E-04
5.42960E+02 -5.79782E-04
5.43925E+02 -4.62525E-04
5.44889E+02 -1.47380E-04
5.45854E+02 -2.61225E-04
5.46818E+02 -4.50183E-04
5.47782E+02 -3.45174E-04
5.48747E+02 -5.33570E-04
5.49711E+02 -4.99256E-04
5.50676E+02 -4.95885E-04
5.51640E+02 -3.20915E-04
5.52604E+02 -3.86722E-05
5.53569E+02 6.84626E-04
5.54533E+02 6.92431E-04
5.55498E+02 -6.87566E-04
5.56462E+02 -9.44998E-04
5.57427E+02 -7.17923E-04
5.58391E+02 -9.08911E-04
5.59355E+02 -7.98900E-04
5.60320E+02 -7.60168E-04
5.61284E+02 -6.09908E-04
5.62249E+02 6.89365E-05
5.63213E+02 2.40669E-04
5.64177E+02 3.82524E-04
5.65142E+02 3.48616E-04
5.66106E+02 -5.86696E-05
5.67071E+02 -1.90027E-05
5.68035E+02 -2.18116E-05
5.68999E+02 -3.41062E-04
5.69964E+02 -5.94184E-06
5.70928E+02 2.86803E-04
5.71893E+02 4.11861E-04
5.72857E+02 5.57330E-04
5.73821E+02 6.63292E-04
5.74786E+02 9.19070E-04
5.75750E+02 -1.15599E-03
5.76715E+02 -1.78418E-03
5.77679E+02 -4.96950E-04
5.78643E+02 -2.43273E-04
5.79608E+02 -1.41792E-04
5.80572E+02 -2.33926E-04
5.81537E+02 -3.34803E-04
5.82501E+02 -8.83192E-05
5.83465E+02 3.59546E-04
5.84430E+02 1.70361E-04
5.85394E+02 1.00356E-04
5.86359E+02 2.99677E-04
5.87323E+02 4.27853E-04
5.88287E+02 3.45498E-04
5.89252E+02 5.05868E-04
5.90216E+02 7.09862E-04
5.91181E+02 6.29053E-04
5.92145E+02 6.67155E-04
5.93109E+02 7.38971E-04
5.94074E+02 5.68043E-04
5.95038E+02 6.52246E-04
5.96003E+02 5.34371E-04
5.96967E+02 -1.20878E-04
5.97932E+02 2.81960E-04
5.98896E+02 6.28855E-04
5.99860E+02 5.32754E-04
6.00825E+02 6.73410E-04
6.01789E+02 6.40545E-04
6.02754E+02 5.08178E-04
6.03718E+02 6.17098E-04
6.04682E+02 1.04615E-03
6.05647E+02 9.97633E-04
6.06611E+02 1.15775E-03
6.07576E+02 1.30479E-03
6.08540E+02 1.08702E-03
6.09504E+02 1.18629E-03
6.10469E+02 1.02277E-03
6.11433E+02 8.56098E-04
6.12398E+02 1.03850E-03
6.13362E+02 1.33521E-03
6.14326E+02 1.50519E-03
6.15291E+02 1.46236E-03
6.16255E+02 1.37934E-03
6.17220E+02 1.34967E-03
6.18184E+02 1.59742E-03
6.19148E+02 2.15808E-03
6.20113E+02 2.39789E-03
6.21077E+02 2.09171E-03
6.22042E+02 2.04347E-03
6.23006E+02 2.26411E-03
6.23971E+02 2.35052E-03
6.24935E+02 2.63472E-03
6.25899E+02 2.98429E-03
6.26864E+02 3.21781E-03
6.27828E+02 3.49687E-03
6.28793E+02 3.69422E-03
6.29757E+02 4.09363E-03
6.30721E+02 4.40346E-03
6.31686E+02 4.87836E-03
6.32650E+02 5.70129E-03
6.33615E+02 6.14454E-03
6.34579E+02 6.65407E-03
6.35543E+02 7.45113E-03
6.36508E+02 8.30140E-03
6.37472E+02 9.26979E-03
6.38437E+02 1.02346E-02
6.39401E+02 1.15358E-02
6.40365E+02 1.30159E-02
6.41330E+02 1.43661E-02
6.42294E+02 1.59419E-02
6.43259E+02 1.74233E-02
6.44223E+02 1.86425E-02
6.45187E+02 1.99102E-02
6.46152E+02 2.09679E-02
6.47116E+02 2.16481E-02
6.48081E+02 2.20696E-02
6.49045E+02 2.21346E-02
6.50009E+02 2.19071E-02
6.50974E+02 2.16162E-02
6.51938E+02 2.18188E-02
6.52903E+02 2.30564E-02
6.53867E+02 2.42247E-02
6.54831E+02 2.56415E-02
6.55796E+02 2.66116E-02
6.56760E+02 2.61826E-02
6.57725E+02 2.57675E-02
6.58689E+02 2.55045E-02
6.59654E+02 2.56459E-02
6.60618E+02 2.47586E-02
6.61582E+02 2.24418E-02
6.62547E+02 2.02192E-02
6.63511E+02 1.81227E-02
6.64476E+02 1.59900E-02
6.65440E+02 1.37527E-02
6.66404E+02 1.14945E-02
6.67369E+02 9.73219E-03
6.68333E+02 8.24116E-03
6.69298E+02 6.60753E-03
6.70262E+02 5.30240E-03
6.71226E+02 4.16297E-03
6.72191E+02 3.25019E-03
6.73155E+02 2.73501E-03
6.74120E+02 2.65862E-03
6.75084E+02 2.34739E-03
6.76048E+02 1.84973E-03
6.77013E+02 1.67814E-03
6.77977E+02 1.51050E-03
6.78942E+02 1.38292E-03
6.79906E+02 1.25743E-03
6.80870E+02 1.33062E-03
6.81835E+02 1.59322E-03
6.82799E+02 1.60430E-03
6.83764E+02 1.53398E-03
6.84728E+02 1.60084E-03
6.85692E+02 1.71110E-03
6.86657E+02 1.55050E-03
6.87621E+02 1.34195E-03
6.88586E+02 1.71301E-03
6.89550E+02 1.97856E-03
6.90514E+02 1.98324E-03
6.91479E+02 2.09091E-03
6.92443E+02 1.94662E-03
6.93408E+02 1.87020E-03
6.94372E+02 2.52206E-03
6.95337E+02 2.76325E-03
6.96301E+02 2.29033E-03
6.97265E+02 2.19676E-03
6.98230E+02 2.17111E-03
6.99194E+02 2.94711E-03
7.00159E+02 3.32383E-03
7.01123E+02 5.72738E-03
7.02087E+02 6.26796E-03
7.03052E+02 2.22996E-03
7.04016E+02 1.04877E-03
7.04981E+02 1.67435E-03
7.05945E+02 2.54022E-03
7.06909E+02 2.66185E-03
7.07874E+02 2.52925E-03
7.08838E+02 2.93239E-03
7.09803E+02 2.74451E-03
7.10767E+02 2.44469E-03
7.11731E+02 2.53979E-03
7.12696E+02 2.55951E-03
7.13660E+02 2.49628E-03
7.14625E+02 2.58621E-03
7.15589E+02 2.65666E-03
7.16553E+02 2.71246E-03
7.17518E+02 2.77348E-03
7.18482E+02 2.80587E-03
7.19447E+02 2.55169E-03
7.20411E+02 2.63767E-03
7.21375E+02 2.86322E-03
7.22340E+02 2.66233E-03
7.23304E+02 2.64739E-03
7.24269E+02 2.89159E-03
7.25233E+02 2.99956E-03
7.26198E+02 3.07158E-03
7.27162E+02 3.11422E-03
7.28126E+02 3.15766E-03
7.29091E+02 3.26447E-03
7.30055E+02 3.11154E-03
7.31020E+02 2.93460E-03
7.31984E+02 3.09023E-03
7.32948E+02 3.16560E-03
7.33913E+02 3.13598E-03
7.34877E+02 3.18969E-03
7.35842E+02 3.20008E-03
7.36806E+02 3.43216E-03
7.37770E+02 3.48241E-03
7.38735E+02 3.25876E-03
7.39699E+02 3.32474E-03
7.40664E+02 3.24777E-03
7.41628E+02 3.19546E-03
7.42592E+02 3.33965E-03
7.43557E+02 3.30731E-03
7.44521E+02 3.31548E-03
7.45486E+02 3.45600E-03
7.46450E+02 3.49866E-03
7.47414E+02 3.52541E-03
7.48379E+02 3.45589E-03
7.49343E+02 3.42913E-03
7.50308E+02 3.22910E-03
7.51272E+02 3.05038E-03
7.52236E+02 3.34097E-03
7.53201E+02 3.42159E-03
7.54165E+02 3.46588E-03
7.55130E+02 3.54191E-03
7.56094E+02 3.53142E-03
7.57058E+02 3.50268E-03
7.58023E+02 3.61310E-03
7.58987E+02 3.80227E-03
7.59952E+02 3.74999E-03
7.60916E+02 3.71026E-03
7.61880E+02 3.57785E-03
7.62845E+02 3.60209E-03
7.63809E+02 3.50954E-03
7.64774E+02 3.57571E-03
7.65738E+02 4.06160E-03
7.66703E+02 4.01773E-03
7.67667E+02 3.89386E-03
7.68631E+02 3.84263E-03
7.69596E+02 3.71531E-03
7.70560E+02 3.75818E-03
7.71525E+02 3.93942E-03
7.72489E+02 3.89934E-03
7.73453E+02 3.72811E-03
7.74418E+02 3.67547E-03
7.75382E+02 3.65153E-03
7.76347E+02 3.66512E-03
7.77311E+02 3.60301E-03
7.78275E+02 3.60514E-03
7.79240E+02 3.72430E-03
7.80204E+02 3.88737E-03
7.81169E+02 3.87359E-03
7.82133E+02 3.85800E-03
7.83097E+02 3.81646E-03
7.84062E+02 3.85167E-03
7.85026E+02 3.93900E-03
7.85991E+02 3.80958E-03
7.86955E+02 3.67052E-03
7.87919E+02 3.77116E-03
7.88884E+02 3.89665E-03
7.89848E+02 3.96987E-03
7.90813E+02 3.97450E-03
7.91777E+02 3.90823E-03
7.92742E+02 3.82192E-03
7.93706E+02 3.53190E-03
7.94670E+02 3.58176E-03
7.95635E+02 3.83910E-03
7.96599E+02 3.85308E-03
7.97564E+02 3.77224E-03
7.98528E+02 3.79305E-03
7.99492E+02 3.78272E-03
8.00457E+02 3.70538E-03
8.01421E+02 3.67675E-03
8.02386E+02 3.71924E-03
8.03350E+02 3.85091E-03
8.04314E+02 3.91057E-03
8.05279E+02 3.86040E-03
8.06243E+02 4.08980E-03
8.07208E+02 4.36071E-03
8.08172E+02 4.02790E-03
8.09136E+02 3.81642E-03
8.10101E+02 3.84190E-03
8.11065E+02 3.79219E-03
8.12030E+02 3.82555E-03
8.12994E+02 3.78209E-03
8.13958E+02 3.65212E-03
8.14923E+02 3.50011E-03
8.15887E+02 3.47326E-03
8.16852E+02 3.54568E-03
8.17816E+02 3.61950E-03
8.18780E+02 3.67837E-03
8.19745E+02 3.71016E-03
8.20709E+02 3.65548E-03
8.21674E+02 3.51904E-03
8.22638E+02 3.39180E-03
8.23602E+02 3.36597E-03
8.24567E+02 3.61959E-03
8.25531E+02 3.69805E-03
8.26496E+02 3.61275E-03
8.27460E+02 3.75571E-03
8.28424E+02 3.83789E-03
8.29389E+02 3.50365E-03
8.30353E+02 3.39840E-03
8.31318E+02 3.52722E-03
8.32282E+02 3.52956E-03
8.33247E+02 3.43989E-03
8.34211E+02 3.36152E-03
8.35175E+02 3.41236E-03
8.36140E+02 3.30881E-03
8.37104E+02 3.29725E-03
8.38069E+02 3.34450E-03
8.39033E+02 3.23017E-03
8.39997E+02 3.15723E-03
8.40962E+02 3.18051E-03
8.41926E+02 2.40899E-03
8.42891E+02 2.15255E-03
8.43855E+02 2.87637E-03
8.44819E+02 2.89058E-03
8.45784E+02 2.93778E-03
8.46748E+02 3.05961E-03
8.47713E+02 2.95882E-03
8.48677E+02 2.79227E-03
8.49641E+02 2.75141E-03
8.50606E+02 2.99812E-03
8.51570E+02 3.06668E-03
8.52535E+02 3.23763E-03
8.53499E+02 3.33485E-03
8.54463E+02 3.19712E-03
8.55428E+02 3.08217E-03
8.56392E+02 3.03295E-03
8.57357E+02 3.12857E-03
8.58321E+02 3.01730E-03
8.59286E+02 4.10540E-03
8.60250E+02 4.39122E-03
8.61214E+02 2.76387E-03
8.62179E+02 2.25682E-03
8.63143E+02 3.76802E-03
8.64108E+02 3.97282E-03
8.65072E+02 2.78096E-03
8.66036E+02 2.96024E-03
8.67001E+02 3.19381E-03
8.67965E+02 2.61644E-03
8.68930E+02 2.22844E-03
8.69894E+02 2.83061E-03
8.70858E+02 2.89705E-03
8.71823E+02 2.45477E-03
8.72787E+02 2.29247E-03
8.73752E+02 2.38661E-03
8.74716E+02 2.23591E-03
8.75680E+02 2.23785E-03
8.76645E+02 2.32651E-03
8.77609E+02 1.73566E-03
8.78574E+02 1.62401E-03
8.79538E+02 1.82737E-03
8.80502E+02 1.85247E-03
8.81467E+02 1.79041E-03
8.82431E+02 1.72650E-03
8.83396E+02 1.35709E-03
8.84360E+02 1.35429E-03
8.85324E+02 2.12938E-03
8.86289E+02 2.15931E-03
8.87253E+02 1.96786E-03
8.88218E+02 1.91885E-03
8.89182E+02 1.82403E-03
8.90146E+02 1.95934E-03
8.91111E+02 1.87388E-03
8.92075E+02 1.59265E-03
8.93040E+02 1.51367E-03
8.94004E+02 1.58689E-03
8.94969E+02 1.48126E-03
8.95933E+02 1.37689E-03
8.96897E+02 1.52824E-03
8.97862E+02 1.62807E-03
8.98826E+02 1.67825E-03
8.99791E+02 1.58902E-03
9.00755E+02 1.41542E-03
9.01719E+02 1.40034E-03
9.02684E+02 1.39042E-03
9.03648E+02 1.29872E-03
9.04613E+02 1.17575E-03
9.05577E+02 1.22498E-03
9.06541E+02 1.20078E-03
9.07506E+02 1.15394E-03
9.08470E+02 1.19819E-03
9.09435E+02 1.07381E-03
9.10399E+02 1.01641E-03
9.11363E+02 9.89854E-04
9.12328E+02 9.01572E-04
9.13292E+02 9.01308E-04
9.14257E+02 8.73480E-04
9.15221E+02 8.28214E-04
9.16185E+02 8.28099E-04
9.17150E+02 9.19271E-04
9.18114E+02 8.92859E-04
9.19079E+02 1.39204E-03
9.20043E+02 1.45764E-03
9.21007E+02 6.97702E-04
9.21972E+02 5.15822E-04
9.22936E+02 4.40657E-04
9.23901E+02 4.55998E-04
9.24865E+02 5.28835E-04
9.25829E+02 4.98101E-04
9.26794E+02 5.03533E-04
9.27758E+02 3.66211E-04
9.28723E+02 3.04565E-04
9.29687E+02 3.35105E-04
9.30651E+02 3.43125E-04
9.31616E+02 3.29498E-04
9.32580E+02 2.73854E-04
9.33545E+02 4.48573E-04
9.34509E+02 4.50093E-04
9.35474E+02 3.27516E-04
9.36438E+02 2.72091E-04
9.37402E+02 4.21260E-04
9.38367E+02 4.27451E-04
9.39331E+02 5.87564E-04
9.40296E+02 5.96218E-04
9.41260E+02 -4.78350E-04
9.42224E+02 -6.44989E-04
9.43189E+02 -3.03138E-04
9.44153E+02 -3.18106E-04
9.45118E+02 -2.97360E-04
9.46082E+02 -3.96106E-04
9.47046E+02 -7.16578E-04
9.48011E+02 -5.65246E-04
9.48975E+02 -2.89083E-06
9.49940E+02 2.49073E-05
9.50904E+02 -1.09848E-04
9.51868E+02 -1.78408E-04
9.52833E+02 -2.06959E-04
9.53797E+02 -1.74258E-04
9.54762E+02 -2.99674E-04
9.55726E+02 -3.81388E-04
9.56690E+02 -3.33194E-04
9.57655E+02 -3.70316E-04
9.58619E+02 -3.38811E-04
9.59584E+02 -3.88537E-04
9.60548E+02 -3.73311E-04
9.61513E+02 -3.03317E-04
9.62477E+02 -4.48380E-04
9.63441E+02 -5.06811E-04
9.64406E+02 -5.24700E-04
9.65370E+02 -5.66673E-04
9.66335E+02 -5.16616E-04
9.67299E+02 -4.98790E-04
9.68263E+02 -5.62057E-04
9.69228E+02 -6.23029E-04
9.70192E+02 -5.45979E-04
9.71157E+02 -5.23504E-04
9.72121E+02 -5.41497E-04
9.73085E+02 -5.70878E-04
9.74050E+02 -5.82237E-04
9.75014E+02 -7.43393E-04
9.75979E+02 -9.51491E-04
9.76943E+02 -8.11536E-04
9.77907E+02 -6.78275E-04
9.78872E+02 -6.29321E-04
9.79836E+02 -6.38269E-04
9.80801E+02 -6.62342E-04
9.81765E+02 -6.94286E-04
9.82729E+02 -7.64038E-04
9.83694E+02 -7.10502E-04
9.84658E+02 -6.58885E-04
9.85623E+02 -5.86182E-04
9.86587E+02 -5.12265E-04
9.87551E+02 -5.59032E-04
9.88516E+02 -5.33875E-04
9.89480E+02 -4.91373E-04
9.90445E+02 -5.68699E-04
9.91409E+02 -6.44390E-04
9.92373E+02 -5.41493E-04
9.93338E+02 -4.76215E-04
9.94302E+02 -3.59178E-04
9.95267E+02 -3.35418E-04
9.96231E+02 -3.24771E-05
9.97195E+02 7.30149E-04
9.98160E+02 7.73501E-04
9.99124E+02 8.23341E-04
1.00009E+03 1.20847E-03
1.00105E+03 1.61478E-03
1.00202E+03 2.18151E-03
1.00298E+03 2.72748E-03
1.00395E+03 3.13395E-03
1.00491E+03 3.88837E-03
1.00588E+03 4.85832E-03
1.00684E+03 5.69323E-03
1.00780E+03 6.64511E-03
1.00877E+03 7.54622E-03
1.00973E+03 8.42516E-03
1.01070E+03 9.26988E-03
1.01166E+03 1.07146E-02
1.01263E+03 1.19643E-02
1.01359E+03 1.29062E-02
1.01455E+03 1.39764E-02
1.01552E+03 1.52238E-02
1.01648E+03 1.62014E-02
1.01745E+03 1.80355E-02
1.01841E+03 2.10740E-02
1.01938E+03 2.22523E-02
1.02034E+03 2.28732E-02
1.02131E+03 2.39586E-02
1.02227E+03 2.46980E-02
1.02323E+03 2.53615E-02
1.02420E+03 2.52344E-02
1.02516E+03 2.48318E-02
1.02613E+03 2.54865E-02
1.02709E+03 2.57046E-02
1.02806E+03 2.52280E-02
1.02902E+03 2.45302E-02
1.02999E+03 2.37408E-02
1.03095E+03 2.31151E-02
1.03191E+03 2.20563E-02
1.03288E+03 2.07720E-02
1.03384E+03 1.97766E-02
1.03481E+03 1.87951E-02
1.03577E+03 1.77579E-02
1.03674E+03 1.64557E-02
1.03770E+03 1.53811E-02
1.03866E+03 1.42682E-02
1.03963E+03 1.21275E-02
1.04059E+03 1.05974E-02
1.04156E+03 9.45899E-03
1.04252E+03 8.19993E-03
1.04349E+03 7.06096E-03
1.04445E+03 5.86074E-03
1.04542E+03 4.76417E-03
1.04638E+03 3.37753E-03
1.04734E+03 2.30952E-03
1.04831E+03 1.63773E-03
1.04927E+03 1.12152E-03
1.05024E+03 8.38242E-04
1.05120E+03 5.85113E-04
1.05217E+03 1.50844E-04
1.05313E+03 -5.32728E-04
1.05410E+03 -5.22740E-04
1.05506E+03 -4.40907E-04
1.05602E+03 -6.19486E-04
1.05699E+03 -6.33057E-04
1.05795E+03 -6.46643E-04
1.05892E+03 -6.16752E-04
1.05988E+03 -2.87883E-04
1.06085E+03 -2.53320E-04
1.06181E+03 -4.21744E-04
1.06278E+03 -4.02361E-04
1.06374E+03 -4.03188E-04
1.06470E+03 -5.32340E-04
1.06567E+03 -5.61334E-04
1.06663E+03 -6.84023E-04
1.06760E+03 -1.00013E-03
1.06856E+03 -9.19294E-04
1.06953E+03 -8.80536E-04
1.07049E+03 -9.40047E-04
1.07145E+03 -8.18852E-04
1.07242E+03 -7.29796E-04
1.07338E+03 -6.43849E-04
1.07435E+03 -5.07671E-04
1.07531E+03 -6.52280E-04
1.07628E+03 -7.95577E-04
1.07724E+03 -8.44814E-04
1.07821E+03 -8.13860E-04
1.07917E+03 -8.34659E-04
1.08013E+03 -8.11797E-04
1.08110E+03 -6.79374E-04
1.08206E+03 -6.71100E-04
1.08303E+03 -7.09698E-04
1.08399E+03 -7.07254E-04
1.08496E+03 -6.67874E-04
1.08592E+03 -6.99438E-04
1.08689E+03 -7.60395E-04
1.08785E+03 -9.16868E-04
1.08881E+03 -8.36827E-04
1.08978E+03 -7.25310E-04
1.09074E+03 -8.31358E-04
1.09171E+03 -9.52162E-04
1.09267E+03 -8.71137E-04
1.09364E+03 -9.52505E-04
1.09460E+03 -7.27493E-04
1.09556E+03 -4.85890E-05
1.09653E+03 -2.53666E-04
1.09749E+03 -5.46530E-04
1.09846E+03 -5.48635E-04
1.09942E+03 -5.24569E-04
1.10039E+03 -4.81624E-04
1.10135E+03 -5.79890E-04
1.10232E+03 -6.52645E-04
1.10328E+03 -3.67779E-04
1.10424E+03 -9.25772E-05
1.10521E+03 -4.83319E-05
1.10617E+03 -8.31820E-05
1.10714E+03 -1.63093E-05
1.10810E+03 2.93396E-04
1.10907E+03 3.92199E-04
1.11003E+03 4.64987E-04
1.11100E+03 7.03651E-04
1.11196E+03 8.53263E-04
1.11292E+03 9.71738E-04
1.11389E+03 1.15041E-03
1.11485E+03 1.31235E-03
1.11582E+03 1.48375E-03
1.11678E+03 1.47960E-03
1.11775E+03 1.40931E-03
1.11871E+03 1.48163E-03
1.11968E+03 1.57021E-03
1.12064E+03 1.68851E-03
1.12160E+03 1.71414E-03
1.12257E+03 1.81562E-03
1.12353E+03 1.77873E-03
1.12450E+03 1.67865E-03
1.12546E+03 1.78562E-03
1.12643E+03 1.84592E-03
1.12739E+03 1.82657E-03
1.12835E+03 1.74821E-03
1.12932E+03 1.70643E-03
1.13028E+03 1.66503E-03
1.13125E+03 1.74130E-03
1.13221E+03 1.67239E-03
1.13318E+03 1.48980E-03
1.13414E+03 1.37617E-03
1.13511E+03 1.26252E-03
1.13607E+03 1.15343E-03
1.13703E+03 1.14946E-03
1.13800E+03 9.68974E-04
1.13896E+03 5.41940E-04
1.13993E+03 4.01653E-04
1.14089E+03 3.02896E-04
1.14186E+03 1.36144E-04
1.14282E+03 -2.48924E-05
1.14379E+03 -1.96662E-04
1.14475E+03 -3.82625E-04
1.14571E+03 -4.39618E-04
1.14668E+03 -5.14485E-04
1.14764E+03 -6.06995E-04
1.14861E+03 -5.63655E-04
1.14957E+03 -5.34616E-04
1.15054E+03 -4.59403E-04
1.15150E+03 -5.93547E-04
1.15246E+03 -7.06952E-04
1.15343E+03 -5.58406E-04
1.15439E+03 -5.87702E-04
1.15536E+03 -6.49624E-04
1.15632E+03 -5.99068E-04
1.15729E+03 -5.51328E-04
1.15825E+03 -4.49993E-04
1.15922E+03 -4.47292E-04
1.16018E+03 -4.72970E-04
1.16114E+03 -5.36162E-04
1.16211E+03 -6.01035E-04
1.16307E+03 -5.50397E-04
1.16404E+03 -6.40042E-04
1.16500E+03 -7.08453E-04
1.16597E+03 -6.78796E-04
1.16693E+03 -7.50124E-04
1.16790E+03 -7.23269E-04
1.16886E+03 -7.27717E-04
1.16982E+03 -7.43434E-04
1.17079E+03 -7.14958E-04
1.17175E+03 -8.20808E-04
1.17272E+03 -7.44294E-04
1.17368E+03 -6.35717E-04
1.17465E+03 -7.30872E-04
1.17561E+03 -7.37548E-04
1.17657E+03 -7.23734E-04
1.17754E+03 -7.32522E-04
1.17850E+03 -7.52699E-04
1.17947E+03 -8.70075E-04
1.18043E+03 -8.39353E-04
1.18140E+03 -7.92101E-04
1.18236E+03 -8.40474E-04
1.18333E+03 -8.48137E-04
1.18429E+03 -8.27223E-04
1.18525E+03 -7.87392E-04
1.18622E+03 -7.27292E-04
1.18718E+03 -6.85759E-04
1.18815E+03 -7.09686E-04
1.18911E+03 -8.04201E-04
1.19008E+03 -8.75391E-04
1.19104E+03 -8.64558E-04
1.19201E+03 -8.16625E-04
1.19297E+03 -7.95145E-04
1.19393E+03 -7.24811E-04
1.19490E+03 -7.18359E-04
1.19586E+03 -7.76440E-04
1.19683E+03 -8.09457E-04
1.19779E+03 -8.63053E-04
1.19876E+03 -8.23706E-04
1.19972E+03 -8.06008E-04
1.20069E+03 -7.96471E-04
1.20165E+03 -7.22814E-04
1.20261E+03 -7.22088E-04
1.20358E+03 -7.50840E-04
1.20454E+03 -6.84615E-04
1.20551E+03 -6.79109E-04
1.20647E+03 -5.81674E-04
1.20744E+03 -6.13369E-04
1.20840E+03 -8.03940E-04
1.20936E+03 -8.18592E-04
1.21033E+03 -8.26277E-04
1.21129E+03 -8.26880E-04
1.21226E+03 -8.14430E-04
1.21322E+03 -8.05937E-04
1.21419E+03 -7.69623E-04
1.21515E+03 -6.92751E-04
1.21612E+03 -6.72698E-04
1.21708E+03 -6.72642E-04
1.21804E+03 -7.76224E-04
1.21901E+03 -7.67194E-04
1.21997E+03 -7.35130E-04
1.22094E+03 -7.52240E-04
1.22190E+03 -7.57735E-04
1.22287E+03 -8.14140E-04
1.22383E+03 -8.20797E-04
1.22480E+03 -7.48273E-04
1.22576E+03 -7.07727E-04
1.22672E+03 -6.53889E-04
1.22769E+03 -5.82185E-04
1.22865E+03 -4.55797E-04
1.22962E+03 -5.55594E-04
1.23058E+03 -5.17122E-04
1.23155E+03 -6.50544E-04
1.23251E+03 -7.05324E-04
1.23347E+03 -2.67131E-03
1.23444E+03 -4.24391E-03
1.23540E+03 -1.40725E-03
1.23637E+03 -2.76119E-05
1.23733E+03 -3.10391E-04
1.23830E+03 -2.73217E-04
1.23926E+03 -4.01106E-04
1.24023E+03 -5.47171E-04
1.24119E+03 -7.89750E-04
1.24215E+03 -7.72424E-04
1.24312E+03 -6.74356E-04
1.24408E+03 -6.76323E-04
1.24505E+03 -7.09742E-04
1.24601E+03 -6.70236E-04
1.24698E+03 -7.53272E-04
1.24794E+03 -7.63774E-04
1.24891E+03 -7.37160E-04
1.24987E+03 -7.50247E-04
1.25083E+03 -6.80570E-04
1.25180E+03 -6.67997E-04
1.25276E+03 -6.68801E-04
1.25373E+03 -6.43078E-04
1.25469E+03 -6.52414E-04
1.25566E+03 -6.71580E-04
1.25662E+03 -7.31878E-04
1.25759E+03 -7.11411E-04
1.25855E+03 -7.12920E-04
1.25951E+03 -7.38621E-04
1.26048E+03 -6.79441E-04
1.26144E+03 -6.25852E-04
1.26241E+03 -5.90853E-04
1.26337E+03 -6.36857E-04
1.26434E+03 -7.15245E-04
1.26530E+03 -7.30142E-04
1.26626E+03 -7.22632E-04
1.26723E+03 -6.88955E-04
1.26819E+03 -6.57376E-04
1.26916E+03 -6.94480E-04
1.27012E+03 -7.87921E-04
1.27109E+03 -7.06181E-04
1.27205E+03 -6.04719E-04
1.27302E+03 -6.54127E-04
1.27398E+03 -6.91086E-04
1.27494E+03 -6.93642E-04
1.27591E+03 -6.84690E-04
1.27687E+03 -6.87320E-04
1.27784E+03 -6.38753E-04
1.27880E+03 -6.27294E-04
1.27977E+03 -6.69431E-04
1.28073E+03 -6.73138E-04
1.28170E+03 -6.89946E-04
1.28266E+03 -6.77798E-04
1.28362E+03 -6.37747E-04
1.28459E+03 -5.91613E-04
1.28555E+03 -6.07383E-04
1.28652E+03 -6.13742E-04
1.28748E+03 -6.23085E-04
1.28845E+03 -6.30189E-04
1.28941E+03 -6.15336E-04
1.29037E+03 -6.48260E-04
1.29134E+03 -6.52291E-04
1.29230E+03 -6.09238E-04
1.29327E+03 -5.85999E-04
1.29423E+03 -5.76433E-04
1.29520E+03 -5.91103E-04
1.29616E+03 -5.90615E-04
1.29713E+03 -5.84450E-04
1.29809E+03 -5.71638E-04
1.29905E+03 -5.64724E-04
1.30002E+03 -5.86946E-04
1.30098E+03 -6.22656E-04
1.30195E+03 -6.50719E-04
1.30291E+03 -5.98524E-04
1.30388E+03 -5.44529E-04
1.30484E+03 -5.46418E-04
1.30581E+03 -5.92053E-04
1.30677E+03 -6.09554E-04
1.30773E+03 -5.48780E-04
1.30870E+03 -5.62869E-04
1.30966E+03 -6.04708E-04
1.31063E+03 -5.72287E-04
1.31159E+03 -5.82632E-04
1.31256E+03 -6.03072E-04
1.31352E+03 -5.16642E-04
1.31448E+03 -5.05853E-04
1.31545E+03 -5.50412E-04
1.31641E+03 -5.72577E-04
1.31738E+03 -5.22070E-04
1.31834E+03 -4.67110E-04
1.31931E+03 -5.43475E-04
1.32027E+03 -5.92221E-04
1.32124E+03 -5.72868E-04
1.32220E+03 -5.59192E-04
1.32316E+03 -4.91586E-04
1.32413E+03 -4.80320E-04
1.32509E+03 -4.73723E-04
1.32606E+03 -3.88771E-04
1.32702E+03 -4.89309E-04
1.32799E+03 -5.12179E-04
1.32895E+03 -4.58855E-04
1.32992E+03 -4.37722E-04
1.33088E+03 -4.31236E-04
1.33184E+03 -4.76401E-04
1.33281E+03 -4.46618E-04
1.33377E+03 -3.91115E-04
1.33474E+03 -4.17620E-04
1.33570E+03 -4.47549E-04
1.33667E+03 -4.68329E-04
1.33763E+03 -5.85459E-04
1.33860E+03 -6.94234E-04
1.33956E+03 -8.14904E-04
1.34052E+03 -9.12827E-04
1.34149E+03 -8.29272E-04
1.34245E+03 -7.56849E-04
1.34342E+03 -9.09366E-04
1.34438E+03 -7.95010E-04
1.34535E+03 -4.20008E-04
1.34631E+03 -3.64229E-04
1.34727E+03 -4.62398E-04
1.34824E+03 -5.42253E-04
1.34920E+03 -8.21810E-04
1.35017E+03 -1.02416E-03
1.35113E+03 -7.00951E-04
1.35210E+03 -3.50978E-04
1.35306E+03 -3.94579E-04
1.35403E+03 -5.87668E-04
1.35499E+03 -6.55327E-04
1.35595E+03 -5.66520E-04
1.35692E+03 -4.62823E-04
1.35788E+03 -3.92754E-04
1.35885E+03 -2.68262E-04
1.35981E+03 -1.88187E-04
1.36078E+03 -1.16181E-04
1.36174E+03 2.59727E-05
1.36271E+03 9.33185E-06
1.36367E+03 -6.94022E-05
1.36463E+03 -6.40266E-05
1.36560E+03 -4.40329E-05
1.36656E+03 -4.51691E-05
1.36753E+03 -4.80004E-05
1.36849E+03 -5.77606E-05
1.36946E+03 6.96629E-07
1.37042E+03 4.06466E-05
1.37138E+03 1.83061E-05
1.37235E+03 4.49196E-05
1.37331E+03 7.29710E-05
1.37428E+03 1.23084E-04
1.37524E+03 2.38296E-04
1.37621E+03 2.99249E-04
1.37717E+03 2.71015E-04
1.37814E+03 2.83707E-04
1.37910E+03 3.46672E-04
1.38006E+03 4.47303E-04
1.38103E+03 4.26415E-04
1.38199E+03 2.69298E-04
1.38296E+03 1.57010E-04
1.38392E+03 8.64752E-05
1.38489E+03 3.05586E-05
1.38585E+03 7.15256E-07
1.38682E+03 4.42564E-06
1.38778E+03 2.40058E-05
1.38874E+03 9.58294E-05
1.38971E+03 1.28582E-04
1.39067E+03 1.74932E-04
1.39164E+03 2.40292E-04
1.39260E+03 2.79810E-04
1.39357E+03 4.06977E-04
1.39453E+03 5.41471E-04
1.39550E+03 5.81123E-04
1.39646E+03 6.83628E-04
1.39742E+03 7.63994E-04
1.39839E+03 8.07144E-04
1.39935E+03 8.59521E-04
1.40032E+03 9.67279E-04
1.40128E+03 1.16841E-03
1.40225E+03 1.29544E-03
1.40321E+03 1.27750E-03
1.40417E+03 1.18482E-03
1.40514E+03 1.47488E-03
1.40610E+03 1.71568E-03
1.40707E+03 1.71737E-03
1.40803E+03 1.72628E-03
1.40900E+03 1.80988E-03
1.40996E+03 1.89352E-03
1.41093E+03 1.84136E-03
1.41189E+03 1.87130E-03
1.41285E+03 1.95217E-03
1.41382E+03 2.02275E-03
1.41478E+03 2.04831E-03
1.41575E+03 2.09911E-03
1.41671E+03 2.19302E-03
1.41768E+03 2.29923E-03
1.41864E+03 2.35788E-03
1.41961E+03 2.33563E-03
1.42057E+03 2.29906E-03
1.42153E+03 2.24595E-03
1.42250E+03 2.31802E-03
1.42346E+03 2.43588E-03
1.42443E+03 2.42016E-03
1.42539E+03 2.42058E-03
1.42636E+03 2.43844E-03
1.42732E+03 2.45116E-03
1.42828E+03 2.43841E-03
1.42925E+03 2.39825E-03
1.43021E+03 2.40662E-03
1.43118E+03 2.45969E-03
1.43214E+03 2.48471E-03
1.43311E+03 2.45309E-03
1.43407E+03 2.41980E-03
1.43504E+03 2.40663E-03
1.43600E+03 2.41224E-03
1.43696E+03 2.41975E-03
1.43793E+03 2.41148E-03
1.43889E+03 2.41686E-03
1.43986E+03 2.47401E-03
1.44082E+03 2.56892E-03
1.44179E+03 2.65230E-03
1.44275E+03 2.69993E-03
1.44372E+03 2.81268E-03
1.44468E+03 2.96431E-03
1.44564E+03 3.11734E-03
1.44661E+03 3.17794E-03
1.44757E+03 3.16243E-03
1.44854E+03 3.18413E-03
1.44950E+03 3.20772E-03
1.45047E+03 3.28479E-03
1.45143E+03 3.37185E-03
1.45240E+03 3.44319E-03
1.45336E+03 3.45101E-03
1.45432E+03 3.44615E-03
1.45529E+03 3.52659E-03
1.45625E+03 3.67514E-03
1.45722E+03 3.77246E-03
1.45818E+03 3.80945E-03
1.45915E+03 3.88674E-03
1.46011E+03 3.96382E-03
1.46107E+03 4.00574E-03
1.46204E+03 4.05917E-03
1.46300E+03 4.09381E-03
1.46397E+03 4.01729E-03
1.46493E+03 3.87757E-03
1.46590E+03 3.71597E-03
1.46686E+03 3.62241E-03
1.46783E+03 3.50915E-03
1.46879E+03 3.30663E-03
1.46975E+03 3.17994E-03
1.47072E+03 3.14380E-03
1.47168E+03 3.21029E-03
1.47265E+03 3.31852E-03
1.47361E+03 3.46319E-03
1.47458E+03 3.65464E-03
1.47554E+03 3.79594E-03
1.47651E+03 3.87001E-03
1.47747E+03 3.83910E-03
1.47843E+03 3.72893E-03
1.47940E+03 3.58286E-03
1.48036E+03 3.38282E-03
1.48133E+03 3.16364E-03
1.48229E+03 2.93825E-03
1.48326E+03 2.72332E-03
1.48422E+03 2.55209E-03
1.48518E+03 2.34048E-03
1.48615E+03 2.13785E-03
1.48711E+03 1.96948E-03
1.48808E+03 1.78469E-03
1.48904E+03 1.62423E-03
1.49001E+03 1.52334E-03
1.49097E+03 1.47450E-03
1.49194E+03 1.41310E-03
1.49290E+03 1.33570E-03
1.49386E+03 1.22834E-03
1.49483E+03 1.07753E-03
1.49579E+03 9.55530E-04
1.49676E+03 9.37134E-04
1.49772E+03 9.44182E-04
1.49869E+03 8.72746E-04
1.49965E+03 7.89434E-04
1.50062E+03 7.22822E-04
1.50158E+03 6.63817E-04
1.50254E+03 6.32655E-04
1.50351E+03 6.18439E-04
1.50447E+03 5.98349E-04
1.50544E+03 5.33994E-04
1.50640E+03 4.87521E-04
1.50737E+03 4.71942E-04
1.50833E+03 4.16830E-04
1.50929E+03 3.58868E-04
1.51026E+03 2.78685E-04
1.51122E+03 1.97284E-04
1.51219E+03 2.24292E-04
1.51315E+03 2.14398E-04
1.51412E+03 1.75539E-04
1.51508E+03 1.52826E-04
1.51605E+03 1.59409E-04
1.51701E+03 1.79570E-04
1.51797E+03 1.16013E-04
1.51894E+03 5.08316E-05
1.51990E+03 4.57130E-05
1.52087E+03 8.13641E-05
1.52183E+03 2.82302E-05
1.52280E+03 2.45348E-05
1.52376E+03 5.52349E-05
1.52473E+03 -1.27442E-05
1.52569E+03 -3.00556E-05
1.52665E+03 1.95205E-05
1.52762E+03 1.16378E-05
1.52858E+03 -1.14329E-05
1.52955E+03 -3.52636E-05
1.53051E+03 -7.09966E-05
1.53148E+03 -2.58423E-05
1.53244E+03 -3.31923E-05
1.53341E+03 -6.32741E-05
1.53437E+03 -2.16588E-05
1.53533E+03 1.83061E-05
1.53630E+03 -4.22075E-06
1.53726E+03 -1.02866E-04
1.53823E+03 -9.73307E-05
1.53919E+03 -5.71795E-05
1.54016E+03 -4.47966E-05
1.54112E+03 -6.14151E-05
1.54208E+03 -1.12340E-04
1.54305E+03 -1.01365E-04
1.54401E+03 -1.07974E-04
1.54498E+03 -1.21444E-04
1.54594E+03 -1.23218E-04
1.54691E+03 -1.21731E-04
1.54787E+03 -1.58288E-04
1.54884E+03 -1.60687E-04
1.54980E+03 -1.26503E-04
1.55076E+03 -1.40615E-04
1.55173E+03 -1.34081E-04
1.55269E+03 -1.35291E-04
1.55366E+03 -1.66401E-04
1.55462E+03 -1.60992E-04
1.55559E+03 -1.62914E-04
1.55655E+03 -2.01527E-04
1.55752E+03 -1.92266E-04
1.55848E+03 -1.51049E-04
1.55944E+03 -1.20141E-04
1.56041E+03 -1.16833E-04
1.56137E+03 -1.26906E-04
1.56234E+03 -1.67102E-04
1.56330E+03 -2.09309E-04
1.56427E+03 -2.13936E-04
1.56523E+03 -2.55816E-04
1.56619E+03 -2.78637E-04
1.56716E+03 -2.49755E-04
1.56812E+03 -2.82992E-04
1.56909E+03 -2.74457E-04
1.57005E+03 -2.20254E-04
1.57102E+03 -1.72816E-04
1.57198E+03 -1.94255E-04
1.57295E+03 -2.83744E-04
1.57391E+03 -2.82712E-04
1.57487E+03 -2.67647E-04
1.57584E+03 -2.36563E-04
1.57680E+03 -2.31728E-04
1.57777E+03 -3.03980E-04
1.57873E+03 -3.73621E-04
1.57970E+03 -3.68156E-04
1.58066E+03 -3.30519E-04
1.58163E+03 -3.37251E-04
1.58259E+03 -3.47745E-04
1.58355E+03 -3.39821E-04
1.58452E+03 -3.07426E-04
1.58548E+03 -3.05418E-04
1.58645E+03 -3.47499E-04
1.58741E+03 -3.84230E-04
1.58838E+03 -3.78944E-04
1.58934E+03 -3.21250E-04
1.59031E+03 -3.31525E-04
1.59127E+03 -3.68860E-04
1.59223E+03 -3.93961E-04
1.59320E+03 -4.25614E-04
1.59416E+03 -4.23484E-04
1.59513E+03 -4.33289E-04
1.59609E+03 -4.20872E-04
1.59706E+03 -3.94743E-04
1.59802E+03 -3.94903E-04
1.59898E+03 -4.12751E-04
1.59995E+03 -4.26676E-04
1.60091E+03 -4.68269E-04
1.60188E+03 -4.80261E-04
1.60284E+03 -4.45295E-04
1.60381E+03 -4.64123E-04
1.60477E+03 -4.65024E-04
1.60574E+03 -4.26006E-04
1.60670E+03 -4.58851E-04
1.60766E+03 -4.76081E-04
1.60863E+03 -4.55759E-04
1.60959E+03 -4.45243E-04
1.61056E+03 -4.49914E-04
1.61152E+03 -5.14094E-04
1.61249E+03 -5.60973E-04
1.61345E+03 -5.58078E-04
1.61442E+03 -5.74932E-04
1.61538E+03 -5.88585E-04
1.61634E+03 -5.22126E-04
1.61731E+03 -4.95669E-04
1.61827E+03 -5.42082E-04
1.61924E+03 -5.25806E-04
1.62020E+03 -5.21254E-04
1.62117E+03 -5.16262E-04
1.62213E+03 -4.80972E-04
1.62309E+03 -5.36256E-04
1.62406E+03 -5.81603E-04
1.62502E+03 -6.00792E-04
1.62599E+03 -5.79797E-04
1.62695E+03 -5.31934E-04
1.62792E+03 -5.59784E-04
1.62888E+03 -5.60611E-04
1.62985E+03 -5.78824E-04
1.63081E+03 -5.85113E-04
1.63177E+03 -5.62768E-04
1.63274E+03 -5.67779E-04
1.63370E+03 -5.17055E-04
1.63467E+03 -5.08055E-04
1.63563E+03 -4.97177E-04
1.63660E+03 -4.77999E-04
1.63756E+03 -4.77344E-04
1.63853E+03 -4.75083E-04
1.63949E+03 -4.43526E-04
1.64045E+03 -4.20257E-04
1.64142E+03 -4.41827E-04
1.64238E+03 -4.93661E-04
1.64335E+03 -5.34315E-04
1.64431E+03 -5.31547E-04
1.64528E+03 -4.85990E-04
1.64624E+03 -3.49853E-04
1.64720E+03 -3.46426E-04
1.64817E+03 -4.38303E-04
1.64913E+03 -3.56413E-04
1.65010E+03 -2.36671E-04
1.65106E+03 -2.69424E-04
1.65203E+03 -3.00046E-04
1.65299E+03 -2.68202E-04
1.65396E+03 -2.78465E-04
1.65492E+03 -3.32836E-04
1.65588E+03 -3.30806E-04
1.65685E+03 -2.95490E-04
1.65781E+03 -3.36271E-04
1.65878E+03 -3.11729E-04
1.65974E+03 -2.36429E-04
1.66071E+03 -2.70240E-04
1.66167E+03 -2.72654E-04
1.66264E+03 -1.98796E-04
1.66360E+03 -1.98428E-04
1.66456E+03 -2.25339E-04
1.66553E+03 -2.43213E-04
1.66649E+03 -2.10173E-04
1.66746E+03 -1.93164E-04
1.66842E+03 -1.78166E-04
1.66939E+03 -9.81167E-05
1.67035E+03 -8.96156E-05
1.67132E+03 -1.05932E-04
1.67228E+03 -1.26041E-04
1.67324E+03 -2.05193E-04
1.67421E+03 -2.38698E-04
1.67517E+03 -1.59036E-04
1.67614E+03 -1.60161E-04
1.67710E+03 -2.53059E-04
1.67807E+03 -2.86095E-04
1.67903E+03 -2.31303E-04
1.67999E+03 -1.69791E-04
1.68096E+03 -1.72857E-04
1.68192E+03 -1.76486E-04
1.68289E+03 -2.09324E-04
1.68385E+03 -2.11693E-04
1.68482E+03 -1.75312E-04
1.68578E+03 -2.16044E-04
1.68675E+03 -2.59764E-04
1.68771E+03 -2.74666E-04
1.68867E+03 -2.97870E-04
1.68964E+03 -3.54588E-04
1.69060E+03 -3.68472E-04
1.69157E+03 -3.47748E-04
1.69253E+03 -3.97339E-04
1.69350E+03 -4.25715E-04
1.69446E+03 -4.25361E-04
1.69543E+03 -4.06109E-04
1.69639E+03 -4.17776E-04
1.69735E+03 -4.92387E-04
1.69832E+03 -5.14224E-04
1.69928E+03 -5.31968E-04
1.70025E+03 -4.99159E-04
1.70121E+03 -5.05764E-04
1.70218E+03 -6.02338E-04
1.70314E+03 -6.22675E-04
1.70410E+03 -6.03698E-04
1.70507E+03 -6.50387E-04
1.70603E+03 -7.11225E-04
1.70700E+03 -7.20754E-04
1.70796E+03 -7.15923E-04
1.70893E+03 -7.81629E-04
1.70989E+03 -8.32256E-04
1.71086E+03 -7.96713E-04
1.71182E+03 -7.94042E-04
1.71278E+03 -8.19247E-04
1.71375E+03 -8.14639E-04
1.71471E+03 -7.99585E-04
1.71568E+03 -8.16844E-04
1.71664E+03 -8.88787E-04
1.71761E+03 -9.53831E-04
1.71857E+03 -9.50653E-04
1.71954E+03 -9.46980E-04
1.72050E+03 -9.89024E-04
1.72146E+03 -1.04392E-03
1.72243E+03 -1.01541E-03
1.72339E+03 -1.01046E-03
1.72436E+03 -1.06268E-03
1.72532E+03 -1.09213E-03
1.72629E+03 -1.08917E-03
1.72725E+03 -1.11643E-03
1.72822E+03 -1.10283E-03
1.72918E+03 -1.04796E-03
1.73014E+03 -8.81512E-04
1.73111E+03 -9.72886E-04
1.73207E+03 -1.29745E-03
1.73304E+03 -1.23318E-03
1.73400E+03 -1.11778E-03
1.73497E+03 -1.13015E-03
1.73593E+03 -1.25113E-03
1.73689E+03 -1.39637E-03
1.73786E+03 -1.23283E-03
1.73882E+03 -1.10915E-03
1.73979E+03 -1.20238E-03
1.74075E+03 -1.27787E-03
1.74172E+03 -1.28934E-03
1.74268E+03 -1.25508E-03
1.74365E+03 -1.29184E-03
1.74461E+03 -1.32968E-03
1.74557E+03 -1.33574E-03
1.74654E+03 -1.32491E-03
1.74750E+03 -1.29559E-03
1.74847E+03 -1.28405E-03
1.74943E+03 -1.31523E-03
1.75040E+03 -1.32918E-03
1.75136E+03 -1.36101E-03
1.75233E+03 -1.40583E-03
1.75329E+03 -1.33919E-03
1.75425E+03 -1.31268E-03
1.75522E+03 -1.45891E-03
1.75618E+03 -1.48936E-03
1.75715E+03 -1.43325E-03
1.75811E+03 -1.43854E-03
1.75908E+03 -1.44781E-03
1.76004E+03 -1.43730E-03
1.76100E+03 -1.41294E-03
1.76197E+03 -1.43845E-03
1.76293E+03 -1.42291E-03
1.76390E+03 -1.42061E-03
1.76486E+03 -1.40335E-03
1.76583E+03 -1.36977E-03
1.76679E+03 -1.37233E-03
1.76776E+03 -1.36619E-03
1.76872E+03 -1.38607E-03
1.76968E+03 -1.43344E-03
1.77065E+03 -1.47334E-03
1.77161E+03 -1.49612E-03
1.77258E+03 -1.51397E-03
1.77354E+03 -1.55127E-03
1.77451E+03 -1.54549E-03
1.77547E+03 -1.47259E-03
1.77644E+03 -1.46768E-03
1.77740E+03 -1.50859E-03
1.77836E+03 -1.52897E-03
1.77933E+03 -1.54153E-03
1.78029E+03 -1.53274E-03
1.78126E+03 -1.57271E-03
1.78222E+03 -1.56765E-03
1.78319E+03 -1.54220E-03
1.78415E+03 -1.60270E-03
1.78511E+03 -1.54477E-03
1.78608E+03 -1.52220E-03
1.78704E+03 -1.56605E-03
1.78801E+03 -1.57811E-03
1.78897E+03 -1.60995E-03
1.78994E+03 -1.58253E-03
1.79090E+03 -1.55542E-03
1.79187E+03 -1.60810E-03
1.79283E+03 -1.64198E-03
1.79379E+03 -1.62024E-03
1.79476E+03 -1.62544E-03
1.79572E+03 -1.65227E-03
1.79669E+03 -1.67757E-03
1.79765E+03 -1.69275E-03
1.79862E+03 -1.66523E-03
1.79958E+03 -1.63069E-03
1.80055E+03 -1.65350E-03
1.80151E+03 -1.69155E-03
1.80247E+03 -1.67983E-03
1.80344E+03 -1.71323E-03
1.80440E+03 -1.71379E-03
1.80537E+03 -1.68614E-03
1.80633E+03 -1.68471E-03
1.80730E+03 -1.67258E-03
1.80826E+03 -1.67548E-03
1.80923E+03 -1.67164E-03
1.81019E+03 -1.68137E-03
1.81115E+03 -1.68908E-03
1.81212E+03 -1.71506E-03
1.81308E+03 -1.72719E-03
1.81405E+03 -1.70795E-03
1.81501E+03 -1.68674E-03
1.81598E+03 -1.70211E-03
1.81694E+03 -1.73181E-03
1.81790E+03 -1.76464E-03
1.81887E+03 -1.77874E-03
1.81983E+03 -1.74279E-03
1.82080E+03 -1.77962E-03
1.82176E+03 -1.81524E-03
1.82273E+03 -1.76969E-03
1.82369E+03 -1.77877E-03
1.82466E+03 -1.76645E-03
1.82562E+03 -1.73250E-03
1.82658E+03 -1.75520E-03
1.82755E+03 -1.77407E-03
1.82851E+03 -1.79797E-03
1.82948E+03 -1.77961E-03
1.83044E+03 -1.79263E-03
1.83141E+03 -1.81787E-03
1.83237E+03 -1.80634E-03
1.83334E+03 -1.80793E-03
1.83430E+03 -1.80250E-03
1.83526E+03 -1.79471E-03
1.83623E+03 -1.80147E-03
1.83719E+03 -1.83375E-03
1.83816E+03 -1.81913E-03
1.83912E+03 -1.79255E-03
1.84009E+03 -1.79904E-03
1.84105E+03 -1.79416E-03
1.84201E+03 -1.83814E-03
1.84298E+03 -1.87033E-03
1.84394E+03 -1.81331E-03
1.84491E+03 -1.78388E-03
1.84587E+03 -1.79844E-03
1.84684E+03 -1.81275E-03
1.84780E+03 -1.79849E-03
1.84877E+03 -1.79673E-03
1.84973E+03 -1.86114E-03
1.85069E+03 -1.89303E-03
1.85166E+03 -1.86115E-03
1.85262E+03 -1.82777E-03
1.85359E+03 -1.82975E-03
1.85455E+03 -1.85859E-03
1.85552E+03 -1.89076E-03
1.85648E+03 -1.88960E-03
1.85745E+03 -1.88718E-03
1.85841E+03 -1.90217E-03
1.85937E+03 -1.87407E-03
1.86034E+03 -1.84134E-03
1.86130E+03 -1.83641E-03
1.86227E+03 -1.84910E-03
1.86323E+03 -1.88532E-03
1.86420E+03 -1.89309E-03
1.86516E+03 -1.84119E-03
1.86612E+03 -1.87779E-03
1.86709E+03 -1.91633E-03
1.86805E+03 -1.91459E-03
1.86902E+03 -1.90906E-03
1.86998E+03 -1.88422E-03
1.87095E+03 -1.86058E-03
1.87191E+03 -1.86315E-03
1.87288E+03 -1.93148E-03
1.87384E+03 -1.93094E-03
1.87480E+03 -1.92415E-03
1.87577E+03 -1.95697E-03
1.87673E+03 -1.94857E-03
1.87770E+03 -1.89614E-03
1.87866E+03 -1.88250E-03
1.87963E+03 -1.89948E-03
1.88059E+03 -1.89243E-03
1.88156E+03 -1.91640E-03
1.88252E+03 -1.92396E-03
1.88348E+03 -1.90752E-03
1.88445E+03 -1.92222E-03
1.88541E+03 -1.95434E-03
1.88638E+03 -1.93770E-03
1.88734E+03 -1.92999E-03
1.88831E+03 -1.91760E-03
1.88927E+03 -1.87429E-03
1.89024E+03 -1.90861E-03
1.89120E+03 -1.96562E-03
1.89216E+03 -1.93023E-03
1.89313E+03 -1.91905E-03
1.89409E+03 -1.98219E-03
1.89506E+03 -1.96092E-03
1.89602E+03 -1.95331E-03
1.89699E+03 -1.99711E-03
1.89795E+03 -1.95429E-03
1.89891E+03 -1.94746E-03
1.89988E+03 -1.97389E-03
1.90084E+03 -1.93235E-03
1.90181E+03 -1.96750E-03
1.90277E+03 -1.96959E-03
1.90374E+03 -1.92640E-03
1.90470E+03 -1.95836E-03
1.90567E+03 -1.97748E-03
1.90663E+03 -1.94607E-03
1.90759E+03 -1.93651E-03
1.90856E+03 -1.96677E-03
1.90952E+03 -2.02493E-03
1.91049E+03 -2.01264E-03
1.91145E+03 -1.98060E-03
1.91242E+03 -2.01596E-03
1.91338E+03 -1.96537E-03
1.91435E+03 -1.92285E-03
1.91531E+03 -1.94136E-03
1.91627E+03 -1.95789E-03
1.91724E+03 -1.96145E-03
1.91820E+03 -1.98010E-03
1.91917E+03 -1.97382E-03
1.92013E+03 -1.94872E-03
1.92110E+03 -1.96200E-03
1.92206E+03 -2.01079E-03
1.92303E+03 -1.99353E-03
1.92399E+03 -1.95289E-03
1.92495E+03 -1.98904E-03
1.92592E+03 -2.01222E-03
1.92688E+03 -2.01840E-03
1.92785E+03 -2.02888E-03
1.92881E+03 -2.00708E-03
1.92978E+03 -1.98478E-03
1.93074E+03 -1.97469E-03
1.93170E+03 -1.99282E-03
1.93267E+03 -1.99935E-03
1.93363E+03 -1.96274E-03
1.93460E+03 -1.96408E-03
1.93556E+03 -1.98798E-03
1.93653E+03 -1.98915E-03
1.93749E+03 -1.99340E-03
1.93846E+03 -2.01923E-03
1.93942E+03 -2.05711E-03
1.94038E+03 -2.04646E-03
1.94135E+03 -2.02100E-03
1.94231E+03 -2.01429E-03
1.94328E+03 -2.02436E-03
1.94424E+03 -2.06173E-03
1.94521E+03 -2.01462E-03
1.94617E+03 -1.95244E-03
1.94714E+03 -2.00750E-03
1.94810E+03 -2.07448E-03
1.94906E+03 -2.06151E-03
1.95003E+03 -2.08304E-03
1.95099E+03 -2.08757E-03
1.95196E+03 -2.07149E-03
1.95292E+03 -2.02151E-03
1.95389E+03 -2.04262E-03
1.95485E+03 -2.13170E-03
1.95581E+03 -2.12771E-03
1.95678E+03 -2.09211E-03
1.95774E+03 -2.03397E-03
1.95871E+03 -2.02925E-03
1.95967E+03 -2.07646E-03
1.96064E+03 -2.12942E-03
1.96160E+03 -2.14262E-03
1.96257E+03 -2.06292E-03
1.96353E+03 -2.01145E-03
1.96449E+03 -2.03868E-03
1.96546E+03 -2.10057E-03
1.96642E+03 -2.12096E-03
1.96739E+03 -2.11013E-03
1.96835E+03 -2.07172E-03
1.96932E+03 -2.04913E-03
1.97028E+03 -2.10303E-03
1.97125E+03 -2.09516E-03
1.97221E+03 -2.08714E-03
1.97317E+03 -2.09848E-03
1.97414E+03 -2.08506E-03
1.97510E+03 -2.08633E-03
1.97607E+03 -2.05074E-03
1.97703E+03 -2.05115E-03
1.97800E+03 -2.11430E-03
1.97896E+03 -2.11357E-03
1.97992E+03 -2.11203E-03
1.98089E+03 -2.12947E-03
1.98185E+03 -2.11076E-03
1.98282E+03 -2.09441E-03
1.98378E+03 -2.10697E-03
1.98475E+03 -2.12690E-03
1.98571E+03 -2.07917E-03
1.98668E+03 -2.06712E-03
1.98764E+03 -2.08445E-03
1.98860E+03 -2.04062E-03
1.98957E+03 -2.03980E-03
1.99053E+03 -2.03342E-03
1.99150E+03 -2.03248E-03
1.99246E+03 -2.08912E-03
1.99343E+03 -2.13440E-03
1.99439E+03 -2.07568E-03
1.99536E+03 -2.02554E-03
1.99632E+03 -2.02779E-03
1.99728E+03 -2.00326E-03
1.99825E+03 -2.01051E-03
1.99921E+03 -2.02444E-03
2.00018E+03 -2.02511E-03
2.00114E+03 -2.00715E-03
2.00211E+03 -2.03337E-03
2.00307E+03 -2.03329E-03
2.00404E+03 -2.01741E-03
2.00500E+03 -2.02896E-03
2.00596E+03 -1.99523E-03
2.00693E+03 -1.99074E-03
2.00789E+03 -2.03861E-03
2.00886E+03 -2.04405E-03
2.00982E+03 -1.99970E-03
2.01079E+03 -1.99788E-03
2.01175E+03 -1.99452E-03
2.01271E+03 -1.96419E-03
2.01368E+03 -1.95857E-03
2.01464E+03 -1.95692E-03
2.01561E+03 -1.97483E-03
2.01657E+03 -1.98845E-03
2.01754E+03 -1.93597E-03
2.01850E+03 -1.88760E-03
2.01947E+03 -1.90130E-03
2.02043E+03 -1.95272E-03
2.02139E+03 -1.92608E-03
2.02236E+03 -1.87157E-03
2.02332E+03 -1.88839E-03
2.02429E+03 -1.92725E-03
2.02525E+03 -1.91954E-03
2.02622E+03 -1.88847E-03
2.02718E+03 -1.84352E-03
2.02815E+03 -1.79773E-03
2.02911E+03 -1.78476E-03
2.03007E+03 -1.82310E-03
2.03104E+03 -1.84458E-03
2.03200E+03 -1.77928E-03
2.03297E+03 -1.79147E-03
2.03393E+03 -1.84345E-03
2.03490E+03 -1.88088E-03
2.03586E+03 -1.86528E-03
2.03682E+03 -1.79385E-03
2.03779E+03 -1.72190E-03
2.03875E+03 -1.63039E-03
2.03972E+03 -1.63179E-03
2.04068E+03 -1.72775E-03
2.04165E+03 -1.78946E-03
2.04261E+03 -1.79916E-03
2.04358E+03 -1.74636E-03
2.04454E+03 -1.71979E-03
2.04550E+03 -1.72700E-03
2.04647E+03 -1.77856E-03
2.04743E+03 -1.81984E-03
2.04840E+03 -1.84997E-03
2.04936E+03 -1.89351E-03
2.05033E+03 -1.87714E-03
2.05129E+03 -1.88543E-03
2.05226E+03 -1.92453E-03
2.05322E+03 -1.98964E-03
2.05418E+03 -1.96430E-03
2.05515E+03 -1.90262E-03
2.05611E+03 -1.91705E-03
2.05708E+03 -1.94018E-03
2.05804E+03 -1.96308E-03
2.05901E+03 -1.99607E-03
2.05997E+03 -1.98299E-03
2.06094E+03 -1.92527E-03
2.06190E+03 -1.95448E-03
2.06286E+03 -2.00137E-03
2.06383E+03 -1.98489E-03
2.06479E+03 -2.00828E-03
2.06576E+03 -1.92020E-03
2.06672E+03 -2.01191E-03
2.06769E+03 -2.14734E-03
2.06865E+03 -2.02560E-03
2.06961E+03 -2.02919E-03
2.07058E+03 -2.05225E-03
2.07154E+03 -2.05469E-03
2.07251E+03 -2.09570E-03
2.07347E+03 -2.09151E-03
2.07444E+03 -2.07843E-03
2.07540E+03 -2.10599E-03
2.07637E+03 -2.09100E-03
2.07733E+03 -2.06245E-03
2.07829E+03 -2.09045E-03
2.07926E+03 -2.11208E-03
2.08022E+03 -2.10853E-03
2.08119E+03 -2.10976E-03
2.08215E+03 -2.10036E-03
2.08312E+03 -2.08360E-03
2.08408E+03 -2.11015E-03
2.08505E+03 -2.13589E-03
2.08601E+03 -2.10253E-03
2.08697E+03 -2.11997E-03
2.08794E+03 -2.14002E-03
2.08890E+03 -2.12780E-03
2.08987E+03 -2.11682E-03
2.09083E+03 -2.10112E-03
2.09180E+03 -2.13091E-03
2.09276E+03 -2.17023E-03
2.09372E+03 -2.20788E-03
2.09469E+03 -2.21902E-03
2.09565E+03 -2.18333E-03
2.09662E+03 -2.15251E-03
2.09758E+03 -2.17617E-03
2.09855E+03 -2.20993E-03
2.09951E+03 -2.22529E-03
2.10048E+03 -2.21153E-03
2.10144E+03 -2.18885E-03
2.10240E+03 -2.17406E-03
2.10337E+03 -2.16874E-03
2.10433E+03 -2.17928E-03
2.10530E+03 -2.20487E-03
2.10626E+03 -2.20866E-03
2.10723E+03 -2.15368E-03
2.10819E+03 -2.15896E-03
2.10916E+03 -2.18271E-03
2.11012E+03 -2.18288E-03
2.11108E+03 -2.19248E-03
2.11205E+03 -2.17969E-03
2.11301E+03 -2.16280E-03
2.11398E+03 -2.17834E-03
2.11494E+03 -2.19972E-03
2.11591E+03 -2.16615E-03
2.11687E+03 -2.16161E-03
2.11783E+03 -2.20241E-03
2.11880E+03 -2.15830E-03
2.11976E+03 -2.10645E-03
2.12073E+03 -2.17860E-03
2.12169E+03 -2.19603E-03
2.12266E+03 -2.16174E-03
2.12362E+03 -2.15169E-03
2.12459E+03 -2.16447E-03
2.12555E+03 -2.11143E-03
2.12651E+03 -2.09920E-03
2.12748E+03 -2.16531E-03
2.12844E+03 -2.19305E-03
2.12941E+03 -2.17714E-03
2.13037E+03 -2.13677E-03
2.13134E+03 -2.11834E-03
2.13230E+03 -2.10833E-03
2.13327E+03 -2.14129E-03
2.13423E+03 -2.18334E-03
2.13519E+03 -2.21447E-03
2.13616E+03 -2.19743E-03
2.13712E+03 -2.15397E-03
2.13809E+03 -2.12179E-03
2.13905E+03 -2.13173E-03
2.14002E+03 -2.14799E-03
2.14098E+03 -2.10389E-03
2.14195E+03 -2.12940E-03
2.14291E+03 -2.15615E-03
2.14387E+03 -2.10433E-03
2.14484E+03 -2.11944E-03
2.14580E+03 -2.09722E-03
2.14677E+03 -2.04444E-03
2.14773E+03 -2.10503E-03
2.14870E+03 -2.14197E-03
2.14966E+03 -2.14133E-03
2.15062E+03 -2.15376E-03
2.15159E+03 -2.13783E-03
2.15255E+03 -2.12655E-03
2.15352E+03 -2.11745E-03
2.15448E+03 -2.10327E-03
2.15545E+03 -2.10290E-03
2.15641E+03 -2.07702E-03
2.15738E+03 -2.07490E-03
2.15834E+03 -2.07738E-03
2.15930E+03 -2.06080E-03
2.16027E+03 -2.09900E-03
2.16123E+03 -2.08416E-03
2.16220E+03 -2.05360E-03
2.16316E+03 -2.08664E-03
2.16413E+03 -2.12505E-03
2.16509E+03 -2.07087E-03
2.16606E+03 -2.04799E-03
2.16702E+03 -2.07778E-03
2.16798E+03 -2.05664E-03
2.16895E+03 -2.06063E-03
2.16991E+03 -2.02409E-03
2.17088E+03 -2.03446E-03
2.17184E+03 -2.10194E-03
2.17281E+03 -2.11161E-03
2.17377E+03 -2.09806E-03
2.17473E+03 -2.08400E-03
2.17570E+03 -2.05821E-03
2.17666E+03 -2.01920E-03
2.17763E+03 -2.03006E-03
2.17859E+03 -2.05234E-03
2.17956E+03 -2.00628E-03
2.18052E+03 -2.01165E-03
2.18149E+03 -2.03897E-03
2.18245E+03 -2.00637E-03
2.18341E+03 -1.98170E-03
2.18438E+03 -1.98951E-03
2.18534E+03 -2.01583E-03
2.18631E+03 -2.00805E-03
2.18727E+03 -1.99939E-03
2.18824E+03 -2.00101E-03
2.18920E+03 -2.01127E-03
2.19017E+03 -1.96058E-03
2.19113E+03 -1.88763E-03
2.19209E+03 -1.94684E-03
2.19306E+03 -2.02818E-03
2.19402E+03 -2.05673E-03
2.19499E+03 -2.03121E-03
2.19595E+03 -1.99110E-03
2.19692E+03 -2.01006E-03
2.19788E+03 -2.00590E-03
2.19884E+03 -1.99789E-03
2.19981E+03 -1.99953E-03
2.20077E+03 -2.00182E-03
2.20174E+03 -2.01615E-03
2.20270E+03 -1.98693E-03
2.20367E+03 -1.95996E-03
2.20463E+03 -1.96575E-03
2.20560E+03 -1.95145E-03
2.20656E+03 -1.94474E-03
2.20752E+03 -1.96211E-03
2.20849E+03 -1.96673E-03
2.20945E+03 -1.96289E-03
2.21042E+03 -1.92717E-03
2.21138E+03 -1.89753E-03
2.21235E+03 -1.89340E-03
2.21331E+03 -1.89710E-03
2.21428E+03 -1.93103E-03
2.21524E+03 -1.93252E-03
2.21620E+03 -1.92834E-03
2.21717E+03 -1.90225E-03
2.21813E+03 -1.85500E-03
2.21910E+03 -1.85666E-03
2.22006E+03 -1.87610E-03
2.22103E+03 -1.88446E-03
2.22199E+03 -1.87813E-03
2.22296E+03 -1.86427E-03
2.22392E+03 -1.86021E-03
2.22488E+03 -1.82734E-03
2.22585E+03 -1.80393E-03
2.22681E+03 -1.81542E-03
2.22778E+03 -1.77713E-03
2.22874E+03 -1.77627E-03
2.22971E+03 -1.80584E-03
2.23067E+03 -1.81891E-03
2.23163E+03 -1.81356E-03
2.23260E+03 -1.81491E-03
2.23356E+03 -1.79677E-03
2.23453E+03 -1.72969E-03
2.23549E+03 -1.77241E-03
2.23646E+03 -1.82337E-03
2.23742E+03 -1.76589E-03
2.23839E+03 -1.72016E-03
2.23935E+03 -1.70340E-03
2.24031E+03 -1.74097E-03
2.24128E+03 -1.77780E-03
2.24224E+03 -1.75726E-03
2.24321E+03 -1.74592E-03
2.24417E+03 -1.79256E-03
2.24514E+03 -1.80743E-03
2.24610E+03 -1.76183E-03
2.24707E+03 -1.73886E-03
2.24803E+03 -1.79007E-03
2.24899E+03 -1.83540E-03
2.24996E+03 -1.83132E-03
2.25092E+03 -1.80402E-03
2.25189E+03 -1.79749E-03
2.25285E+03 -1.79406E-03
2.25382E+03 -1.79624E-03
2.25478E+03 -1.82289E-03
2.25574E+03 -1.81139E-03
2.25671E+03 -1.80704E-03
2.25767E+03 -1.80368E-03
2.25864E+03 -1.82023E-03
2.25960E+03 -1.81581E-03
2.26057E+03 -1.84966E-03
2.26153E+03 -1.88185E-03
2.26250E+03 -1.84473E-03
2.26346E+03 -1.87481E-03
2.26442E+03 -1.88339E-03
2.26539E+03 -1.85673E-03
2.26635E+03 -1.86721E-03
2.26732E+03 -1.84611E-03
2.26828E+03 -1.78333E-03
2.26925E+03 -1.74151E-03
2.27021E+03 -1.58840E-03
2.27118E+03 -1.23431E-03
2.27214E+03 -5.44816E-04
2.27310E+03 6.77377E-04
2.27407E+03 2.13368E-03
2.27503E+03 3.32226E-03
2.27600E+03 3.91175E-03
2.27696E+03 3.75829E-03
2.27793E+03 3.02349E-03
2.27889E+03 2.07395E-03
2.27986E+03 1.10099E-03
2.28082E+03 2.67480E-04
2.28178E+03 -2.41287E-04
2.28275E+03 -5.41080E-04
2.28371E+03 -1.01491E-03
2.28468E+03 -1.48071E-03
2.28564E+03 -1.72119E-03
2.28661E+03 -1.88189E-03
2.28757E+03 -1.95264E-03
2.28853E+03 -1.93838E-03
2.28950E+03 -1.94164E-03
2.29046E+03 -1.96396E-03
2.29143E+03 -1.94646E-03
2.29239E+03 -1.95412E-03
2.29336E+03 -1.95739E-03
2.29432E+03 -1.92032E-03
2.29529E+03 -1.92250E-03
2.29625E+03 -1.92878E-03
2.29721E+03 -1.90375E-03
2.29818E+03 -1.86885E-03
2.29914E+03 -1.83445E-03
2.30011E+03 -1.79414E-03
2.30107E+03 -1.71062E-03
2.30204E+03 -1.65241E-03
2.30300E+03 -1.60218E-03
2.30397E+03 -1.52032E-03
2.30493E+03 -1.42921E-03
2.30589E+03 -1.33286E-03
2.30686E+03 -1.31036E-03
2.30782E+03 -1.33459E-03
2.30879E+03 -1.28318E-03
2.30975E+03 -1.19637E-03
2.31072E+03 -1.15445E-03
2.31168E+03 -1.10419E-03
2.31265E+03 -1.03576E-03
2.31361E+03 -9.29471E-04
2.31457E+03 -8.02170E-04
2.31554E+03 -6.57558E-04
2.31650E+03 -4.51770E-04
2.31747E+03 -1.59286E-04
2.31843E+03 2.58293E-04
2.31940E+03 9.28212E-04
2.32036E+03 1.87352E-03
2.32132E+03 3.05171E-03
2.32229E+03 4.34636E-03
2.32325E+03 5.71655E-03
2.32422E+03 7.38130E-03
2.32518E+03 1.02109E-02
2.32615E+03 1.59001E-02
2.32711E+03 2.67058E-02
2.32808E+03 4.35028E-02
2.32904E+03 6.48744E-02
2.33000E+03 8.73698E-02
2.33097E+03 1.08019E-01
2.33193E+03 1.25646E-01
2.33290E+03 1.40192E-01
2.33386E+03 1.52108E-01
2.33483E+03 1.61877E-01
2.33579E+03 1.70078E-01
2.33676E+03 1.76608E-01
2.33772E+03 1.80942E-01
2.33868E+03 1.82359E-01
2.33965E+03 1.80477E-01
2.34061E+03 1.75621E-01
2.34158E+03 1.68720E-01
2.34254E+03 1.60471E-01
2.34351E+03 1.51471E-01
2.34447E+03 1.41893E-01
2.34543E+03 1.31680E-01
2.34640E+03 1.21347E-01
2.34736E+03 1.11612E-01
2.34833E+03 1.02608E-01
2.34929E+03 9.44267E-02
2.35026E+03 8.70994E-02
2.35122E+03 8.04834E-02
2.35219E+03 7.43739E-02
2.35315E+03 6.86522E-02
2.35411E+03 6.33668E-02
2.35508E+03 5.84702E-02
2.35604E+03 5.37999E-02
2.35701E+03 4.93088E-02
2.35797E+03 4.49969E-02
2.35894E+03 4.08224E-02
2.35990E+03 3.66929E-02
2.36087E+03 3.26765E-02
2.36183E+03 2.87818E-02
2.36279E+03 2.50207E-02
2.36376E+03 2.15468E-02
2.36472E+03 1.85484E-02
2.36569E+03 1.59351E-02
2.36665E+03 1.37436E-02
2.36762E+03 1.20236E-02
2.36858E+03 1.06169E-02
2.36954E+03 9.53344E-03
2.37051E+03 8.71118E-03
2.37147E+03 7.92583E-03
2.37244E+03 7.18021E-03
2.37340E+03 6.48731E-03
2.37437E+03 5.79195E-03
2.37533E+03 5.11410E-03
2.37630E+03 4.43903E-03
2.37726E+03 3.73508E-03
2.37822E+03 2.98099E-03
2.37919E+03 2.29257E-03
2.38015E+03 1.65499E-03
2.38112E+03 1.10267E-03
2.38208E+03 7.51764E-04
2.38305E+03 5.21231E-04
2.38401E+03 3.96341E-04
2.38498E+03 2.82288E-04
2.38594E+03 1.57617E-04
2.38690E+03 6.04168E-05
2.38787E+03 -3.26559E-05
2.38883E+03 -5.13084E-05
2.38980E+03 -7.70912E-05
2.39076E+03 -1.13506E-04
2.39173E+03 -1.48539E-04
2.39269E+03 -1.94229E-04
2.39366E+03 -2.36891E-04
2.39462E+03 -2.95993E-04
2.39558E+03 -3.52297E-04
2.39655E+03 -4.14684E-04
2.39751E+03 -4.12762E-04
2.39848E+03 -3.79033E-04
2.39944E+03 -4.78938E-04
2.40041E+03 -5.99727E-04
2.40137E+03 -5.72834E-04
2.40233E+03 -5.68070E-04
2.40330E+03 -6.66376E-04
2.40426E+03 -6.82402E-04
2.40523E+03 -6.63321E-04
2.40619E+03 -7.20706E-04
2.40716E+03 -7.62071E-04
2.40812E+03 -7.45412E-04
2.40909E+03 -7.10510E-04
2.41005E+03 -7.33435E-04
2.41101E+03 -8.07960E-04
2.41198E+03 -8.22391E-04
2.41294E+03 -8.07621E-04
2.41391E+03 -8.34573E-04
2.41487E+03 -8.49038E-04
2.41584E+03 -8.35646E-04
2.41680E+03 -8.51139E-04
2.41777E+03 -9.12435E-04
2.41873E+03 -9.73959E-04
2.41969E+03 -9.57038E-04
2.42066E+03 -9.06434E-04
2.42162E+03 -9.73467E-04
2.42259E+03 -1.05033E-03
2.42355E+03 -1.02719E-03
2.42452E+03 -9.54445E-04
2.42548E+03 -9.69820E-04
2.42644E+03 -1.04709E-03
2.42741E+03 -1.03118E-03
2.42837E+03 -1.01089E-03
2.42934E+03 -1.02281E-03
2.43030E+03 -1.03177E-03
2.43127E+03 -1.05409E-03
2.43223E+03 -1.07505E-03
2.43320E+03 -1.05214E-03
2.43416E+03 -1.05985E-03
2.43512E+03 -1.09274E-03
2.43609E+03 -1.12589E-03
2.43705E+03 -1.18706E-03
2.43802E+03 -1.17353E-03
2.43898E+03 -1.17570E-03
2.43995E+03 -1.22965E-03
2.44091E+03 -1.25317E-03
2.44188E+03 -1.25380E-03
2.44284E+03 -1.27061E-03
2.44380E+03 -1.29382E-03
2.44477E+03 -1.28336E-03
2.44573E+03 -1.25057E-03
2.44670E+03 -1.22550E-03
2.44766E+03 -1.27105E-03
2.44863E+03 -1.30633E-03
2.44959E+03 -1.31089E-03
2.45055E+03 -1.29826E-03
2.45152E+03 -1.33566E-03
2.45248E+03 -1.35833E-03
2.45345E+03 -1.33293E-03
2.45441E+03 -1.36203E-03
2.45538E+03 -1.38547E-03
2.45634E+03 -1.42691E-03
2.45731E+03 -1.42489E-03
2.45827E+03 -1.38921E-03
2.45923E+03 -1.41995E-03
2.46020E+03 -1.49040E-03
2.46116E+03 -1.50105E-03
2.46213E+03 -1.50303E-03
2.46309E+03 -1.55699E-03
2.46406E+03 -1.57479E-03
2.46502E+03 -1.54163E-03
2.46599E+03 -1.57129E-03
2.46695E+03 -1.61488E-03
2.46791E+03 -1.62800E-03
2.46888E+03 -1.69020E-03
2.46984E+03 -1.71011E-03
2.47081E+03 -1.72019E-03
2.47177E+03 -1.72105E-03
2.47274E+03 -1.68595E-03
2.47370E+03 -1.71294E-03
2.47467E+03 -1.75915E-03
2.47563E+03 -1.77343E-03
2.47659E+03 -1.77047E-03
2.47756E+03 -1.73555E-03
2.47852E+03 -1.74936E-03
2.47949E+03 -1.76693E-03
2.48045E+03 -1.75392E-03
2.48142E+03 -1.82233E-03
2.48238E+03 -1.84136E-03
2.48334E+03 -1.79092E-03
2.48431E+03 -1.78462E-03
2.48527E+03 -1.80783E-03
2.48624E+03 -1.83324E-03
2.48720E+03 -1.79781E-03
2.48817E+03 -1.76451E-03
2.48913E+03 -1.78561E-03
2.49010E+03 -1.82930E-03
2.49106E+03 -1.84146E-03
2.49202E+03 -1.79663E-03
2.49299E+03 -1.79113E-03
2.49395E+03 -1.78502E-03
2.49492E+03 -1.74559E-03
2.49588E+03 -1.66423E-03
2.49685E+03 -1.64749E-03
2.49781E+03 -1.69556E-03
2.49878E+03 -1.66545E-03
2.49974E+03 -1.60827E-03
2.50070E+03 -1.61634E-03
2.50167E+03 -1.68583E-03
2.50263E+03 -1.67448E-03
2.50360E+03 -1.64364E-03
2.50456E+03 -1.64409E-03
2.50553E+03 -1.58868E-03
2.50649E+03 -1.53972E-03
2.50745E+03 -1.50890E-03
2.50842E+03 -1.47853E-03
2.50938E+03 -1.45693E-03
2.51035E+03 -1.43573E-03
2.51131E+03 -1.41882E-03
2.51228E+03 -1.41348E-03
2.51324E+03 -1.39069E-03
2.51421E+03 -1.37476E-03
2.51517E+03 -1.33494E-03
2.51613E+03 -1.28940E-03
2.51710E+03 -1.29550E-03
2.51806E+03 -1.28115E-03
2.51903E+03 -1.26254E-03
2.51999E+03 -1.25575E-03
2.52096E+03 -1.23161E-03
2.52192E+03 -1.21341E-03
2.52289E+03 -1.19615E-03
2.52385E+03 -1.14056E-03
2.52481E+03 -1.12261E-03
2.52578E+03 -1.12900E-03
2.52674E+03 -1.16867E-03
2.52771E+03 -1.18464E-03
2.52867E+03 -1.13637E-03
2.52964E+03 -1.09953E-03
2.53060E+03 -1.13142E-03
2.53156E+03 -1.11022E-03
2.53253E+03 -1.14825E-03
2.53349E+03 -1.21509E-03
2.53446E+03 -1.13145E-03
2.53542E+03 -1.13918E-03
2.53639E+03 -1.16606E-03
2.53735E+03 -1.19684E-03
2.53832E+03 -1.22553E-03
2.53928E+03 -1.19656E-03
2.54024E+03 -1.21000E-03
2.54121E+03 -1.24698E-03
2.54217E+03 -1.24405E-03
2.54314E+03 -1.26399E-03
2.54410E+03 -1.28672E-03
2.54507E+03 -1.27613E-03
2.54603E+03 -1.23627E-03
2.54700E+03 -1.23585E-03
2.54796E+03 -1.26951E-03
2.54892E+03 -1.27180E-03
2.54989E+03 -1.30660E-03
2.55085E+03 -1.34390E-03
2.55182E+03 -1.39726E-03
2.55278E+03 -1.40332E-03
2.55375E+03 -1.40648E-03
2.55471E+03 -1.43762E-03
2.55568E+03 -1.46598E-03
2.55664E+03 -1.47974E-03
2.55760E+03 -1.47310E-03
2.55857E+03 -1.45230E-03
2.55953E+03 -1.45706E-03
2.56050E+03 -1.44942E-03
2.56146E+03 -1.39137E-03
2.56243E+03 -1.44599E-03
2.56339E+03 -1.51680E-03
2.56435E+03 -1.53134E-03
2.56532E+03 -1.52618E-03
2.56628E+03 -1.50014E-03
2.56725E+03 -1.47945E-03
2.56821E+03 -1.53323E-03
2.56918E+03 -1.59033E-03
2.57014E+03 -1.57062E-03
2.57111E+03 -1.55357E-03
2.57207E+03 -1.56537E-03
2.57303E+03 -1.56433E-03
2.57400E+03 -1.58166E-03
2.57496E+03 -1.64649E-03
2.57593E+03 -1.63879E-03
2.57689E+03 -1.60890E-03
2.57786E+03 -1.63853E-03
2.57882E+03 -1.61938E-03
2.57979E+03 -1.62525E-03
2.58075E+03 -1.66927E-03
2.58171E+03 -1.66799E-03
2.58268E+03 -1.65863E-03
2.58364E+03 -1.68840E-03
2.58461E+03 -1.71965E-03
2.58557E+03 -1.67536E-03
2.58654E+03 -1.64713E-03
2.58750E+03 -1.62780E-03
2.58846E+03 -1.58354E-03
2.58943E+03 -1.62086E-03
2.59039E+03 -1.63950E-03
2.59136E+03 -1.59576E-03
2.59232E+03 -1.57148E-03
2.59329E+03 -1.54960E-03
2.59425E+03 -1.54339E-03
2.59522E+03 -1.56412E-03
2.59618E+03 -1.59959E-03
2.59714E+03 -1.59655E-03
2.59811E+03 -1.59798E-03
2.59907E+03 -1.61226E-03
2.60004E+03 -1.58966E-03
2.60100E+03 -1.58716E-03
2.60197E+03 -1.56387E-03
2.60293E+03 -1.56314E-03
2.60390E+03 -1.56375E-03
2.60486E+03 -1.57688E-03
2.60582E+03 -1.63660E-03
2.60679E+03 -1.68910E-03
2.60775E+03 -1.68704E-03
2.60872E+03 -1.64073E-03
2.60968E+03 -1.63770E-03
2.61065E+03 -1.64080E-03
2.61161E+03 -1.66543E-03
2.61258E+03 -1.67223E-03
2.61354E+03 -1.68512E-03
2.61450E+03 -1.73378E-03
2.61547E+03 -1.76570E-03
2.61643E+03 -1.76170E-03
2.61740E+03 -1.76847E-03
2.61836E+03 -1.76329E-03
2.61933E+03 -1.76388E-03
2.62029E+03 -1.82800E-03
2.62125E+03 -1.86466E-03
2.62222E+03 -1.86431E-03
2.62318E+03 -1.82164E-03
2.62415E+03 -1.78488E-03
2.62511E+03 -1.79586E-03
2.62608E+03 -1.88630E-03
2.62704E+03 -2.02180E-03
2.62801E+03 -2.03111E-03
2.62897E+03 -2.04454E-03
2.62993E+03 -2.07918E-03
2.63090E+03 -2.06938E-03
2.63186E+03 -2.10741E-03
2.63283E+03 -2.13852E-03
2.63379E+03 -2.17378E-03
2.63476E+03 -2.18699E-03
2.63572E+03 -2.18746E-03
2.63669E+03 -2.20796E-03
2.63765E+03 -2.21751E-03
2.63861E+03 -2.23362E-03
2.63958E+03 -2.23039E-03
2.64054E+03 -2.23992E-03
2.64151E+03 -2.25032E-03
2.64247E+03 -2.27845E-03
2.64344E+03 -2.34183E-03
2.64440E+03 -2.34852E-03
2.64536E+03 -2.33538E-03
2.64633E+03 -2.38002E-03
2.64729E+03 -2.40153E-03
2.64826E+03 -2.38673E-03
2.64922E+03 -2.37456E-03
2.65019E+03 -2.39695E-03
2.65115E+03 -2.40886E-03
2.65212E+03 -2.37662E-03
2.65308E+03 -2.39460E-03
2.65404E+03 -2.45088E-03
2.65501E+03 -2.41601E-03
2.65597E+03 -2.37688E-03
2.65694E+03 -2.43845E-03
2.65790E+03 -2.49306E-03
2.65887E+03 -2.48254E-03
2.65983E+03 -2.47952E-03
2.66080E+03 -2.45216E-03
2.66176E+03 -2.44614E-03
2.66272E+03 -2.49777E-03
2.66369E+03 -2.52105E-03
2.66465E+03 -2.51731E-03
2.66562E+03 -2.49675E-03
2.66658E+03 -2.46741E-03
2.66755E+03 -2.48406E-03
2.66851E+03 -2.52862E-03
2.66948E+03 -2.52122E-03
2.67044E+03 -2.58737E-03
2.67140E+03 -2.60632E-03
2.67237E+03 -2.55906E-03
2.67333E+03 -2.55434E-03
2.67430E+03 -2.52394E-03
2.67526E+03 -2.53411E-03
2.67623E+03 -2.54249E-03
2.67719E+03 -2.55201E-03
2.67815E+03 -2.59923E-03
2.67912E+03 -2.58099E-03
2.68008E+03 -2.56486E-03
2.68105E+03 -2.54357E-03
2.68201E+03 -2.55290E-03
2.68298E+03 -2.60175E-03
2.68394E+03 -2.56128E-03
2.68491E+03 -2.53494E-03
2.68587E+03 -2.56311E-03
2.68683E+03 -2.54074E-03
2.68780E+03 -2.55538E-03
2.68876E+03 -2.61746E-03
2.68973E+03 -2.59919E-03
2.69069E+03 -2.59485E-03
2.69166E+03 -2.59424E-03
2.69262E+03 -2.55881E-03
2.69359E+03 -2.58475E-03
2.69455E+03 -2.58205E-03
2.69551E+03 -2.62291E-03
2.69648E+03 -2.67361E-03
2.69744E+03 -2.60966E-03
2.69841E+03 -2.58919E-03
2.69937E+03 -2.57341E-03
2.70034E+03 -2.57805E-03
2.70130E+03 -2.60083E-03
2.70226E+03 -2.60164E-03
2.70323E+03 -2.59590E-03
2.70419E+03 -2.61139E-03
2.70516E+03 -2.59566E-03
2.70612E+03 -2.56829E-03
2.70709E+03 -2.58148E-03
2.70805E+03 -2.56451E-03
2.70902E+03 -2.53046E-03
2.70998E+03 -2.53639E-03
2.71094E+03 -2.59276E-03
2.71191E+03 -2.54275E-03
2.71287E+03 -2.48686E-03
2.71384E+03 -2.52180E-03
2.71480E+03 -2.50115E-03
2.71577E+03 -2.53944E-03
2.71673E+03 -2.57574E-03
2.71770E+03 -2.58599E-03
2.71866E+03 -2.56607E-03
2.71962E+03 -2.51405E-03
2.72059E+03 -2.56655E-03
2.72155E+03 -2.59268E-03
2.72252E+03 -2.59301E-03
2.72348E+03 -2.62469E-03
2.72445E+03 -2.64424E-03
2.72541E+03 -2.66421E-03
2.72638E+03 -2.67355E-03
2.72734E+03 -2.59897E-03
2.72830E+03 -2.53845E-03
2.72927E+03 -2.56876E-03
2.73023E+03 -2.45328E-03
2.73120E+03 -2.32264E-03
2.73216E+03 -2.31688E-03
2.73313E+03 -2.23811E-03
2.73409E+03 -2.16781E-03
2.73505E+03 -2.17996E-03
2.73602E+03 -2.23368E-03
2.73698E+03 -2.34950E-03
2.73795E+03 -2.60573E-03
2.73891E+03 -2.94928E-03
2.73988E+03 -3.04673E-03
2.74084E+03 -2.70352E-03
2.74181E+03 -2.43495E-03
2.74277E+03 -2.26462E-03
2.74373E+03 -2.23734E-03
2.74470E+03 -2.58561E-03
2.74566E+03 -2.53295E-03
2.74663E+03 -2.18974E-03
2.74759E+03 -2.19316E-03
2.74856E+03 -2.12920E-03
2.74952E+03 -2.12326E-03
2.75049E+03 -2.13109E-03
2.75145E+03 -2.16688E-03
2.75241E+03 -2.17399E-03
2.75338E+03 -2.08737E-03
2.75434E+03 -2.13087E-03
2.75531E+03 -2.07248E-03
2.75627E+03 -2.05137E-03
2.75724E+03 -1.99388E-03
2.75820E+03 -2.00984E-03
2.75916E+03 -2.01470E-03
2.76013E+03 -1.89930E-03
2.76109E+03 -1.88970E-03
2.76206E+03 -1.86810E-03
2.76302E+03 -1.79381E-03
2.76399E+03 -1.78197E-03
2.76495E+03 -1.81347E-03
2.76592E+03 -1.75202E-03
2.76688E+03 -1.69004E-03
2.76784E+03 -1.64223E-03
2.76881E+03 -1.55371E-03
2.76977E+03 -1.48943E-03
2.77074E+03 -1.47715E-03
2.77170E+03 -1.45806E-03
2.77267E+03 -1.36795E-03
2.77363E+03 -1.24562E-03
2.77460E+03 -1.18361E-03
2.77556E+03 -1.17465E-03
2.77652E+03 -1.09049E-03
2.77749E+03 -9.86826E-04
2.77845E+03 -9.58264E-04
2.77942E+03 -9.68542E-04
2.78038E+03 -9.02701E-04
2.78135E+03 -7.30917E-04
2.78231E+03 -5.83988E-04
2.78327E+03 -4.97121E-04
2.78424E+03 -4.25339E-04
2.78520E+03 -3.47421E-04
2.78617E+03 -2.07212E-04
2.78713E+03 -1.11397E-04
2.78810E+03 -4.77396E-05
2.78906E+03 7.67075E-05
2.79003E+03 1.89111E-04
2.79099E+03 2.84750E-04
2.79195E+03 4.47657E-04
2.79292E+03 6.34469E-04
2.79388E+03 7.66877E-04
2.79485E+03 8.37300E-04
2.79581E+03 9.64809E-04
2.79678E+03 1.12677E-03
2.79774E+03 1.25099E-03
2.79871E+03 1.32297E-03
2.79967E+03 1.42072E-03
2.80063E+03 1.57757E-03
2.80160E+03 1.68621E-03
2.80256E+03 1.81767E-03
2.80353E+03 1.95912E-03
2.80449E+03 2.09984E-03
2.80546E+03 2.24202E-03
2.80642E+03 2.36822E-03
2.80739E+03 2.48200E-03
2.80835E+03 2.60482E-03
2.80931E+03 2.80638E-03
2.81028E+03 2.95484E-03
2.81124E+03 3.07536E-03
2.81221E+03 3.30108E-03
2.81317E+03 3.48868E-03
2.81414E+03 3.61600E-03
2.81510E+03 3.79772E-03
2.81606E+03 4.00217E-03
2.81703E+03 4.19471E-03
2.81799E+03 4.39619E-03
2.81896E+03 4.68484E-03
2.81992E+03 4.96090E-03
2.82089E+03 5.24534E-03
2.82185E+03 5.59609E-03
2.82282E+03 5.98249E-03
2.82378E+03 6.33156E-03
2.82474E+03 6.72539E-03
2.82571E+03 7.12247E-03
2.82667E+03 7.44281E-03
2.82764E+03 7.74374E-03
2.82860E+03 8.00170E-03
2.82957E+03 8.23714E-03
2.83053E+03 8.34253E-03
2.83150E+03 8.36812E-03
2.83246E+03 8.36974E-03
2.83342E+03 8.32181E-03
2.83439E+03 8.10092E-03
2.83535E+03 7.79602E-03
2.83632E+03 7.53720E-03
2.83728E+03 7.22475E-03
2.83825E+03 6.80839E-03
2.83921E+03 6.43048E-03
2.84017E+03 6.13656E-03
2.84114E+03 5.81119E-03
2.84210E+03 5.44325E-03
2.84307E+03 5.08172E-03
2.84403E+03 4.74535E-03
2.84500E+03 4.47666E-03
2.84596E+03 4.26325E-03
2.84693E+03 4.03639E-03
2.84789E+03 3.78942E-03
2.84885E+03 3.64629E-03
2.84982E+03 3.50659E-03
2.85078E+03 3.31561E-03
2.85175E+03 3.18092E-03
2.85271E+03 3.10074E-03
2.85368E+03 3.04092E-03
2.85464E+03 2.95730E-03
2.85561E+03 2.85596E-03
2.85657E+03 2.76767E-03
2.85753E+03 2.80365E-03
2.85850E+03 2.81690E-03
2.85946E+03 2.71347E-03
2.86043E+03 2.64379E-03
2.86139E+03 2.62088E-03
2.86236E+03 2.62283E-03
2.86332E+03 2.67036E-03
2.86428E+03 2.66502E-03
2.86525E+03 2.58389E-03
2.86621E+03 2.54076E-03
2.86718E+03 2.56565E-03
2.86814E+03 2.53613E-03
2.86911E+03 2.40780E-03
2.87007E+03 2.37331E-03
2.87104E+03 2.41393E-03
2.87200E+03 2.44456E-03
2.87296E+03 2.53481E-03
2.87393E+03 2.53081E-03
2.87489E+03 2.44303E-03
2.87586E+03 2.45973E-03
2.87682E+03 2.47735E-03
2.87779E+03 2.45395E-03
2.87875E+03 2.47810E-03
2.87972E+03 2.52475E-03
2.88068E+03 2.56153E-03
2.88164E+03 2.55629E-03
2.88261E+03 2.62125E-03
2.88357E+03 2.62635E-03
2.88454E+03 2.67161E-03
2.88550E+03 2.80878E-03
2.88647E+03 2.87708E-03
2.88743E+03 2.90665E-03
2.88840E+03 2.88840E-03
2.88936E+03 2.97785E-03
2.89032E+03 3.08423E-03
2.89129E+03 3.14681E-03
2.89225E+03 3.21159E-03
2.89322E+03 3.27871E-03
2.89418E+03 3.40782E-03
2.89515E+03 3.46234E-03
2.89611E+03 3.43367E-03
2.89707E+03 3.47745E-03
2.89804E+03 3.57070E-03
2.89900E+03 3.62111E-03
2.89997E+03 3.70361E-03
2.90093E+03 3.83845E-03
2.90190E+03 3.94346E-03
2.90286E+03 3.99705E-03
2.90383E+03 4.06013E-03
2.90479E+03 4.14346E-03
2.90575E+03 4.23896E-03
2.90672E+03 4.36422E-03
2.90768E+03 4.48349E-03
2.90865E+03 4.52134E-03
2.90961E+03 4.62405E-03
2.91058E+03 4.77654E-03
2.91154E+03 4.78930E-03
2.91251E+03 4.89445E-03
2.91347E+03 4.97153E-03
2.91443E+03 4.97016E-03
2.91540E+03 4.96063E-03
2.91636E+03 4.94402E-03
2.91733E+03 4.97395E-03
2.91829E+03 4.96553E-03
2.91926E+03 5.01506E-03
2.92022E+03 5.10846E-03
2.92118E+03 5.10907E-03
2.92215E+03 5.20180E-03
2.92311E+03 5.34545E-03
2.92408E+03 5.38559E-03
2.92504E+03 5.47002E-03
2.92601E+03 5.55846E-03
2.92697E+03 5.64495E-03
2.92794E+03 5.71984E-03
2.92890E+03 5.81421E-03
2.92986E+03 5.96554E-03
2.93083E+03 6.13217E-03
2.93179E+03 6.23594E-03
2.93276E+03 6.25867E-03
2.93372E+03 6.37499E-03
2.93469E+03 6.42691E-03
2.93565E+03 6.42266E-03
2.93662E+03 6.45701E-03
2.93758E+03 6.46766E-03
2.93854E+03 6.47150E-03
2.93951E+03 6.44752E-03
2.94047E+03 6.42334E-03
2.94144E+03 6.40732E-03
2.94240E+03 6.40287E-03
2.94337E+03 6.34997E-03
2.94433E+03 6.26687E-03
2.94530E+03 6.27425E-03
2.94626E+03 6.32653E-03
2.94722E+03 6.34585E-03
2.94819E+03 6.36437E-03
2.94915E+03 6.48886E-03
2.95012E+03 6.56853E-03
2.95108E+03 6.58331E-03
2.95205E+03 6.67337E-03
2.95301E+03 6.76977E-03
2.95397E+03 6.86099E-03
2.95494E+03 6.88414E-03
2.95590E+03 7.01763E-03
2.95687E+03 7.18187E-03
2.95783E+03 7.23781E-03
2.95880E+03 7.17385E-03
2.95976E+03 7.21096E-03
2.96073E+03 7.27197E-03
2.96169E+03 7.21481E-03
2.96265E+03 7.13529E-03
2.96362E+03 6.99120E-03
2.96458E+03 6.88834E-03
2.96555E+03 6.82411E-03
2.96651E+03 6.75407E-03
2.96748E+03 6.60125E-03
2.96844E+03 6.39778E-03
2.96941E+03 6.21298E-03
2.97037E+03 6.08630E-03
2.97133E+03 5.88845E-03
2.97230E+03 5.73071E-03
2.97326E+03 5.56527E-03
2.97423E+03 5.41056E-03
2.97519E+03 5.42636E-03
2.97616E+03 5.34122E-03
2.97712E+03 5.19133E-03
2.97808E+03 5.12123E-03
2.97905E+03 5.11606E-03
2.98001E+03 5.16538E-03
2.98098E+03 5.17068E-03
2.98194E+03 5.10437E-03
2.98291E+03 5.12500E-03
2.98387E+03 5.23348E-03
2.98484E+03 5.28274E-03
2.98580E+03 5.36456E-03
2.98676E+03 5.42904E-03
2.98773E+03 5.44957E-03
2.98869E+03 5.50497E-03
2.98966E+03 5.50805E-03
2.99062E+03 5.43724E-03
2.99159E+03 5.34975E-03
2.99255E+03 5.26254E-03
2.99352E+03 5.19814E-03
2.99448E+03 5.15054E-03
2.99544E+03 5.04870E-03
2.99641E+03 4.83047E-03
2.99737E+03 4.62715E-03
2.99834E+03 4.50373E-03
2.99930E+03 4.34416E-03
3.00027E+03 4.10238E-03
3.00123E+03 3.95757E-03
3.00220E+03 3.80608E-03
3.00316E+03 3.58627E-03
3.00412E+03 3.41053E-03
3.00509E+03 3.25041E-03
3.00605E+03 3.12774E-03
3.00702E+03 2.99993E-03
3.00798E+03 2.80189E-03
3.00895E+03 2.65279E-03
3.00991E+03 2.55635E-03
3.01087E+03 2.41379E-03
3.01184E+03 2.29306E-03
3.01280E+03 2.19292E-03
3.01377E+03 2.12572E-03
3.01473E+03 2.05465E-03
3.01570E+03 2.05493E-03
3.01666E+03 2.07236E-03
3.01763E+03 2.03288E-03
3.01859E+03 1.98455E-03
3.01955E+03 1.94188E-03
3.02052E+03 1.97517E-03
3.02148E+03 2.05152E-03
3.02245E+03 2.02805E-03
3.02341E+03 1.95589E-03
3.02438E+03 1.95271E-03
3.02534E+03 2.07301E-03
3.02631E+03 2.15541E-03
3.02727E+03 2.18464E-03
3.02823E+03 2.23953E-03
3.02920E+03 2.27018E-03
3.03016E+03 2.31044E-03
3.03113E+03 2.37520E-03
3.03209E+03 2.47145E-03
3.03306E+03 2.54921E-03
3.03402E+03 2.58623E-03
3.03498E+03 2.61492E-03
3.03595E+03 2.73514E-03
3.03691E+03 2.88504E-03
3.03788E+03 2.91951E-03
3.03884E+03 2.95674E-03
3.03981E+03 3.02789E-03
3.04077E+03 3.11642E-03
3.04174E+03 3.21661E-03
3.04270E+03 3.34206E-03
3.04366E+03 3.42443E-03
3.04463E+03 3.50313E-03
3.04559E+03 3.55512E-03
3.04656E+03 3.57153E-03
3.04752E+03 3.69717E-03
3.04849E+03 3.75788E-03
3.04945E+03 3.87358E-03
3.05042E+03 4.00458E-03
3.05138E+03 4.03829E-03
3.05234E+03 4.14925E-03
3.05331E+03 4.33028E-03
3.05427E+03 4.38961E-03
3.05524E+03 4.38517E-03
3.05620E+03 4.52639E-03
3.05717E+03 4.52593E-03
3.05813E+03 4.54009E-03
3.05909E+03 4.74175E-03
3.06006E+03 4.89308E-03
3.06102E+03 5.02098E-03
3.06199E+03 5.09988E-03
3.06295E+03 5.21421E-03
3.06392E+03 5.37750E-03
3.06488E+03 5.50329E-03
3.06585E+03 5.66160E-03
3.06681E+03 5.77802E-03
3.06777E+03 5.80796E-03
3.06874E+03 5.89528E-03
3.06970E+03 6.08866E-03
3.07067E+03 6.21928E-03
3.07163E+03 6.29090E-03
3.07260E+03 6.46990E-03
3.07356E+03 6.61508E-03
3.07453E+03 6.70645E-03
3.07549E+03 6.83770E-03
3.07645E+03 6.97453E-03
3.07742E+03 7.07923E-03
3.07838E+03 7.21528E-03
3.07935E+03 7.38294E-03
3.08031E+03 7.50888E-03
3.08128E+03 7.60809E-03
3.08224E+03 7.75580E-03
3.08321E+03 7.89611E-03
3.08417E+03 7.98359E-03
3.08513E+03 8.14826E-03
3.08610E+03 8.26683E-03
3.08706E+03 8.37157E-03
3.08803E+03 8.53527E-03
3.08899E+03 8.72175E-03
3.08996E+03 8.92191E-03
3.09092E+03 9.08319E-03
3.09188E+03 9.27966E-03
3.09285E+03 9.41602E-03
3.09381E+03 9.51912E-03
3.09478E+03 9.67179E-03
3.09574E+03 9.87337E-03
3.09671E+03 1.00733E-02
3.09767E+03 1.02164E-02
3.09864E+03 1.03420E-02
3.09960E+03 1.04866E-02
3.10056E+03 1.06447E-02
3.10153E+03 1.07648E-02
3.10249E+03 1.09397E-02
3.10346E+03 1.11641E-02
3.10442E+03 1.12930E-02
3.10539E+03 1.14638E-02
3.10635E+03 1.16282E-02
3.10732E+03 1.17027E-02
3.10828E+03 1.19318E-02
3.10924E+03 1.21555E-02
3.11021E+03 1.23359E-02
3.11117E+03 1.24672E-02
3.11214E+03 1.25875E-02
3.11310E+03 1.28500E-02
3.11407E+03 1.30563E-02
3.11503E+03 1.32161E-02
3.11599E+03 1.33473E-02
3.11696E+03 1.34707E-02
3.11792E+03 1.36222E-02
3.11889E+03 1.37750E-02
3.11985E+03 1.39720E-02
3.12082E+03 1.41651E-02
3.12178E+03 1.42573E-02
3.12275E+03 1.43722E-02
3.12371E+03 1.45863E-02
3.12467E+03 1.48039E-02
3.12564E+03 1.50462E-02
3.12660E+03 1.52574E-02
3.12757E+03 1.53634E-02
3.12853E+03 1.55349E-02
3.12950E+03 1.57891E-02
3.13046E+03 1.59976E-02
3.13143E+03 1.61192E-02
3.13239E+03 1.63141E-02
3.13335E+03 1.65657E-02
3.13432E+03 1.67009E-02
3.13528E+03 1.68526E-02
3.13625E+03 1.70923E-02
3.13721E+03 1.72655E-02
3.13818E+03 1.74059E-02
3.13914E+03 1.75876E-02
3.14010E+03 1.77039E-02
3.14107E+03 1.79131E-02
3.14203E+03 1.81489E-02
3.14300E+03 1.83061E-02
3.14396E+03 1.84863E-02
3.14493E+03 1.86792E-02
3.14589E+03 1.88565E-02
3.14686E+03 1.90156E-02
3.14782E+03 1.92071E-02
3.14878E+03 1.94308E-02
3.14975E+03 1.96025E-02
3.15071E+03 1.97519E-02
3.15168E+03 1.99688E-02
3.15264E+03 2.01859E-02
3.15361E+03 2.03723E-02
3.15457E+03 2.05762E-02
3.15554E+03 2.07975E-02
3.15650E+03 2.10238E-02
3.15746E+03 2.11701E-02
3.15843E+03 2.13307E-02
3.15939E+03 2.14946E-02
3.16036E+03 2.17167E-02
3.16132E+03 2.20012E-02
3.16229E+03 2.21737E-02
3.16325E+03 2.22587E-02
3.16422E+03 2.24579E-02
3.16518E+03 2.26668E-02
3.16614E+03 2.27293E-02
3.16711E+03 2.29581E-02
3.16807E+03 2.31966E-02
3.16904E+03 2.33443E-02
3.17000E+03 2.35538E-02
3.17097E+03 2.38049E-02
3.17193E+03 2.40561E-02
3.17289E+03 2.42035E-02
3.17386E+03 2.42646E-02
3.17482E+03 2.43888E-02
3.17579E+03 2.46561E-02
3.17675E+03 2.48567E-02
3.17772E+03 2.49688E-02
3.17868E+03 2.51388E-02
3.17965E+03 2.53372E-02
3.18061E+03 2.54969E-02
3.18157E+03 2.56663E-02
3.18254E+03 2.58499E-02
3.18350E+03 2.59308E-02
3.18447E+03 2.60497E-02
3.18543E+03 2.62591E-02
3.18640E+03 2.64694E-02
3.18736E+03 2.66204E-02
3.18833E+03 2.67390E-02
3.18929E+03 2.69048E-02
3.19025E+03 2.70450E-02
3.19122E+03 2.72281E-02
3.19218E+03 2.73410E-02
3.19315E+03 2.74222E-02
3.19411E+03 2.76061E-02
3.19508E+03 2.77458E-02
3.19604E+03 2.78160E-02
3.19700E+03 2.79375E-02
3.19797E+03 2.81143E-02
3.19893E+03 2.82050E-02
3.19990E+03 2.82793E-02
3.20086E+03 2.84330E-02
3.20183E+03 2.86391E-02
3.20279E+03 2.87580E-02
3.20376E+03 2.88038E-02
3.20472E+03 2.90085E-02
3.20568E+03 2.91705E-02
3.20665E+03 2.91633E-02
3.20761E+03 2.92443E-02
3.20858E+03 2.93558E-02
3.20954E+03 2.94565E-02
3.21051E+03 2.95724E-02
3.21147E+03 2.96915E-02
3.21244E+03 2.97450E-02
3.21340E+03 2.98310E-02
3.21436E+03 2.99748E-02
3.21533E+03 3.00184E-02
3.21629E+03 3.01514E-02
3.21726E+03 3.02375E-02
3.21822E+03 3.02124E-02
3.21919E+03 3.02924E-02
3.22015E+03 3.03758E-02
3.22111E+03 3.04848E-02
3.22208E+03 3.05814E-02
3.22304E+03 3.06559E-02
3.22401E+03 3.06514E-02
3.22497E+03 3.06911E-02
3.22594E+03 3.07755E-02
3.22690E+03 3.08242E-02
3.22787E+03 3.09527E-02
3.22883E+03 3.09541E-02
3.22979E+03 3.09208E-02
3.23076E+03 3.10820E-02
3.23172E+03 3.12583E-02
3.23269E+03 3.12349E-02
3.23365E+03 3.11881E-02
3.23462E+03 3.12269E-02
3.23558E+03 3.12738E-02
3.23655E+03 3.12823E-02
3.23751E+03 3.13399E-02
3.23847E+03 3.13543E-02
3.23944E+03 3.13178E-02
3.24040E+03 3.13723E-02
3.24137E+03 3.12962E-02
3.24233E+03 3.12774E-02
3.24330E+03 3.13940E-02
3.24426E+03 3.14168E-02
3.24523E+03 3.13954E-02
3.24619E+03 3.14145E-02
3.24715E+03 3.15306E-02
3.24812E+03 3.15542E-02
3.24908E+03 3.14687E-02
3.25005E+03 3.14254E-02
3.25101E+03 3.13844E-02
3.25198E+03 3.13709E-02
3.25294E+03 3.13474E-02
3.25390E+03 3.13108E-02
3.25487E+03 3.13577E-02
3.25583E+03 3.13453E-02
3.25680E+03 3.12854E-02
3.25776E+03 3.11972E-02
3.25873E+03 3.11107E-02
3.25969E+03 3.11087E-02
3.26066E+03 3.10392E-02
3.26162E+03 3.10267E-02
3.26258E+03 3.10468E-02
3.26355E+03 3.10010E-02
3.26451E+03 3.09773E-02
3.26548E+03 3.08906E-02
3.26644E+03 3.07813E-02
3.26741E+03 3.07382E-02
3.26837E+03 3.06925E-02
3.26934E+03 3.05826E-02
3.27030E+03 3.05007E-02
3.27126E+03 3.04696E-02
3.27223E+03 3.03083E-02
3.27319E+03 3.01888E-02
3.27416E+03 3.01484E-02
3.27512E+03 3.00681E-02
3.27609E+03 3.00539E-02
3.27705E+03 2.99197E-02
3.27802E+03 2.97641E-02
3.27898E+03 2.96958E-02
3.27994E+03 2.97018E-02
3.28091E+03 2.95962E-02
3.28187E+03 2.93814E-02
3.28284E+03 2.93200E-02
3.28380E+03 2.92576E-02
3.28477E+03 2.91525E-02
3.28573E+03 2.90568E-02
3.28669E+03 2.89324E-02
3.28766E+03 2.87327E-02
3.28862E+03 2.85752E-02
3.28959E+03 2.84794E-02
3.29055E+03 2.83760E-02
3.29152E+03 2.82830E-02
3.29248E+03 2.82202E-02
3.29345E+03 2.80935E-02
3.29441E+03 2.79265E-02
3.29537E+03 2.78104E-02
3.29634E+03 2.76182E-02
3.29730E+03 2.73791E-02
3.29827E+03 2.72517E-02
3.29923E+03 2.71383E-02
3.30020E+03 2.70111E-02
3.30116E+03 2.68531E-02
3.30213E+03 2.67173E-02
3.30309E+03 2.65052E-02
3.30405E+03 2.62679E-02
3.30502E+03 2.61605E-02
3.30598E+03 2.60961E-02
3.30695E+03 2.59583E-02
3.30791E+03 2.57248E-02
3.30888E+03 2.56103E-02
3.30984E+03 2.54658E-02
3.31080E+03 2.53327E-02
3.31177E+03 2.52196E-02
3.31273E+03 2.50825E-02
3.31370E+03 2.49308E-02
3.31466E+03 2.46981E-02
3.31563E+03 2.45390E-02
3.31659E+03 2.43735E-02
3.31756E+03 2.41675E-02
3.31852E+03 2.40036E-02
3.31948E+03 2.37666E-02
3.32045E+03 2.35707E-02
3.32141E+03 2.34555E-02
3.32238E+03 2.33131E-02
3.32334E+03 2.31825E-02
3.32431E+03 2.29189E-02
3.32527E+03 2.26869E-02
3.32624E+03 2.25995E-02
3.32720E+03 2.24545E-02
3.32816E+03 2.22354E-02
3.32913E+03 2.20690E-02
3.33009E+03 2.19073E-02
3.33106E+03 2.16900E-02
3.33202E+03 2.15131E-02
3.33299E+03 2.12885E-02
3.33395E+03 2.11409E-02
3.33492E+03 2.10621E-02
3.33588E+03 2.09164E-02
3.33684E+03 2.07171E-02
3.33781E+03 2.05482E-02
3.33877E+03 2.04450E-02
3.33974E+03 2.03440E-02
3.34070E+03 2.01565E-02
3.34167E+03 1.99546E-02
3.34263E+03 1.98448E-02
3.34359E+03 1.97390E-02
3.34456E+03 1.95913E-02
3.34552E+03 1.93149E-02
3.34649E+03 1.91958E-02
3.34745E+03 1.91812E-02
3.34842E+03 1.89938E-02
3.34938E+03 1.87964E-02
3.35035E+03 1.86072E-02
3.35131E+03 1.84345E-02
3.35227E+03 1.82990E-02
3.35324E+03 1.82084E-02
3.35420E+03 1.81291E-02
3.35517E+03 1.79323E-02
3.35613E+03 1.76902E-02
3.35710E+03 1.75349E-02
3.35806E+03 1.74696E-02
3.35903E+03 1.74437E-02
3.35999E+03 1.73274E-02
3.36095E+03 1.71167E-02
3.36192E+03 1.69795E-02
3.36288E+03 1.68894E-02
3.36385E+03 1.67676E-02
3.36481E+03 1.65662E-02
3.36578E+03 1.64000E-02
3.36674E+03 1.62457E-02
3.36770E+03 1.60507E-02
3.36867E+03 1.59783E-02
3.36963E+03 1.59184E-02
3.37060E+03 1.57990E-02
3.37156E+03 1.56465E-02
3.37253E+03 1.55472E-02
3.37349E+03 1.54075E-02
3.37446E+03 1.52475E-02
3.37542E+03 1.50990E-02
3.37638E+03 1.50036E-02
3.37735E+03 1.48745E-02
3.37831E+03 1.46677E-02
3.37928E+03 1.44888E-02
3.38024E+03 1.42902E-02
3.38121E+03 1.41745E-02
3.38217E+03 1.41170E-02
3.38314E+03 1.39873E-02
3.38410E+03 1.38150E-02
3.38506E+03 1.37039E-02
3.38603E+03 1.35975E-02
3.38699E+03 1.34406E-02
3.38796E+03 1.32381E-02
3.38892E+03 1.30446E-02
3.38989E+03 1.29075E-02
3.39085E+03 1.28316E-02
3.39181E+03 1.27288E-02
3.39278E+03 1.25159E-02
3.39374E+03 1.24469E-02
3.39471E+03 1.23864E-02
3.39567E+03 1.21423E-02
3.39664E+03 1.18941E-02
3.39760E+03 1.17213E-02
3.39857E+03 1.16471E-02
3.39953E+03 1.15922E-02
3.40049E+03 1.15036E-02
3.40146E+03 1.13125E-02
3.40242E+03 1.10744E-02
3.40339E+03 1.10441E-02
3.40435E+03 1.10063E-02
3.40532E+03 1.07705E-02
3.40628E+03 1.05662E-02
3.40725E+03 1.03960E-02
3.40821E+03 1.02717E-02
3.40917E+03 1.02110E-02
3.41014E+03 1.01997E-02
3.41110E+03 1.00139E-02
3.41207E+03 9.80876E-03
3.41303E+03 9.46640E-03
3.41400E+03 9.06041E-03
3.41496E+03 9.25927E-03
3.41593E+03 9.38069E-03
3.41689E+03 9.19438E-03
3.41785E+03 9.06058E-03
3.41882E+03 8.95905E-03
3.41978E+03 8.93699E-03
3.42075E+03 8.81660E-03
3.42171E+03 8.61667E-03
3.42268E+03 8.46644E-03
3.42364E+03 8.31857E-03
3.42460E+03 8.23598E-03
3.42557E+03 8.20370E-03
3.42653E+03 8.12192E-03
3.42750E+03 8.01131E-03
3.42846E+03 7.82108E-03
3.42943E+03 7.50262E-03
3.43039E+03 7.33557E-03
3.43136E+03 7.32961E-03
3.43232E+03 7.24719E-03
3.43328E+03 7.16736E-03
3.43425E+03 7.01087E-03
3.43521E+03 6.90877E-03
3.43618E+03 6.93110E-03
3.43714E+03 6.92633E-03
3.43811E+03 6.76094E-03
3.43907E+03 6.51176E-03
3.44004E+03 6.37506E-03
3.44100E+03 6.35443E-03
3.44196E+03 6.20895E-03
3.44293E+03 6.07273E-03
3.44389E+03 6.01065E-03
3.44486E+03 5.85653E-03
3.44582E+03 5.77534E-03
3.44679E+03 5.68560E-03
3.44775E+03 5.40696E-03
3.44871E+03 5.36975E-03
3.44968E+03 5.51024E-03
3.45064E+03 5.29933E-03
3.45161E+03 5.13178E-03
3.45257E+03 5.02599E-03
3.45354E+03 4.96050E-03
3.45450E+03 4.88134E-03
3.45547E+03 4.81923E-03
3.45643E+03 4.84286E-03
3.45739E+03 4.72329E-03
3.45836E+03 4.60121E-03
3.45932E+03 4.43913E-03
3.46029E+03 4.21912E-03
3.46125E+03 4.11027E-03
3.46222E+03 4.09625E-03
3.46318E+03 3.98982E-03
3.46415E+03 3.84147E-03
3.46511E+03 3.72005E-03
3.46607E+03 3.60357E-03
3.46704E+03 3.58346E-03
3.46800E+03 3.52947E-03
3.46897E+03 3.35405E-03
3.46993E+03 3.23839E-03
3.47090E+03 3.23841E-03
3.47186E+03 3.15901E-03
3.47282E+03 3.00695E-03
3.47379E+03 2.83727E-03
3.47475E+03 2.73965E-03
3.47572E+03 2.73302E-03
3.47668E+03 2.63895E-03
3.47765E+03 2.48268E-03
3.47861E+03 2.34640E-03
3.47958E+03 2.32890E-03
3.48054E+03 2.21045E-03
3.48150E+03 2.12008E-03
3.48247E+03 2.07564E-03
3.48343E+03 1.88908E-03
3.48440E+03 1.85067E-03
3.48536E+03 1.77822E-03
3.48633E+03 1.63041E-03
3.48729E+03 1.52985E-03
3.48826E+03 1.41819E-03
3.48922E+03 1.36044E-03
3.49018E+03 1.37408E-03
3.49115E+03 1.28468E-03
3.49211E+03 1.18726E-03
3.49308E+03 1.09415E-03
3.49404E+03 9.20471E-04
3.49501E+03 7.54923E-04
3.49597E+03 6.34264E-04
3.49694E+03 6.82112E-04
3.49790E+03 6.29976E-04
3.49886E+03 5.34654E-04
3.49983E+03 3.74157E-04
3.50079E+03 1.79917E-04
3.50176E+03 1.87866E-04
3.50272E+03 1.38953E-04
3.50369E+03 1.27226E-04
3.50465E+03 1.20472E-04
3.50561E+03 -1.48304E-05
3.50658E+03 -1.70264E-04
3.50754E+03 -3.20386E-04
3.50851E+03 -4.03509E-04
3.50947E+03 -4.69238E-04
3.51044E+03 -4.66794E-04
3.51140E+03 -4.16607E-04
3.51237E+03 -5.00772E-04
3.51333E+03 -6.54355E-04
3.51429E+03 -8.08857E-04
3.51526E+03 -9.24110E-04
3.51622E+03 -9.54088E-04
3.51719E+03 -9.70583E-04
3.51815E+03 -1.01956E-03
3.51912E+03 -1.15810E-03
3.52008E+03 -1.21953E-03
3.52105E+03 -1.17389E-03
3.52201E+03 -1.20557E-03
3.52297E+03 -1.33694E-03
3.52394E+03 -1.45425E-03
3.52490E+03 -1.46873E-03
3.52587E+03 -1.52235E-03
3.52683E+03 -1.64966E-03
3.52780E+03 -1.74352E-03
3.52876E+03 -1.79205E-03
3.52972E+03 -1.81478E-03
3.53069E+03 -1.80540E-03
3.53165E+03 -1.81421E-03
3.53262E+03 -1.85748E-03
3.53358E+03 -1.90429E-03
3.53455E+03 -1.94647E-03
3.53551E+03 -2.08376E-03
3.53648E+03 -2.22771E-03
3.53744E+03 -2.23912E-03
3.53840E+03 -2.25312E-03
3.53937E+03 -2.30794E-03
3.54033E+03 -2.32565E-03
3.54130E+03 -2.32007E-03
3.54226E+03 -2.35180E-03
3.54323E+03 -2.39442E-03
3.54419E+03 -2.45095E-03
3.54516E+03 -2.43654E-03
3.54612E+03 -2.54602E-03
3.54708E+03 -2.67483E-03
3.54805E+03 -2.68195E-03
3.54901E+03 -2.64199E-03
3.54998E+03 -2.62846E-03
3.55094E+03 -2.61569E-03
3.55191E+03 -2.69721E-03
3.55287E+03 -2.78720E-03
3.55383E+03 -2.75851E-03
3.55480E+03 -2.74241E-03
3.55576E+03 -2.68716E-03
3.55673E+03 -2.72892E-03
3.55769E+03 -2.77023E-03
3.55866E+03 -2.76552E-03
3.55962E+03 -2.80030E-03
3.56059E+03 -2.89892E-03
3.56155E+03 -2.90595E-03
3.56251E+03 -2.88916E-03
3.56348E+03 -2.99991E-03
3.56444E+03 -3.06201E-03
3.56541E+03 -2.98861E-03
3.56637E+03 -2.99000E-03
3.56734E+03 -2.98525E-03
3.56830E+03 -2.94566E-03
3.56927E+03 -2.95757E-03
3.57023E+03 -2.96725E-03
3.57119E+03 -2.97487E-03
3.57216E+03 -2.94937E-03
3.57312E+03 -2.94513E-03
3.57409E+03 -2.92372E-03
3.57505E+03 -2.96238E-03
3.57602E+03 -3.05070E-03
3.57698E+03 -3.12756E-03
3.57795E+03 -3.10157E-03
3.57891E+03 -3.01626E-03
3.57987E+03 -2.89647E-03
3.58084E+03 -2.65719E-03
3.58180E+03 -2.58975E-03
3.58277E+03 -2.57518E-03
3.58373E+03 -2.48306E-03
3.58470E+03 -2.44867E-03
3.58566E+03 -2.43527E-03
3.58662E+03 -2.31637E-03
3.58759E+03 -2.21518E-03
3.58855E+03 -2.27862E-03
3.58952E+03 -2.32704E-03
3.59048E+03 -2.35967E-03
3.59145E+03 -2.34932E-03
3.59241E+03 -2.37169E-03
3.59338E+03 -2.36174E-03
3.59434E+03 -2.25494E-03
3.59530E+03 -2.23971E-03
3.59627E+03 -2.29574E-03
3.59723E+03 -2.41353E-03
3.59820E+03 -2.48002E-03
3.59916E+03 -2.42380E-03
3.60013E+03 -2.36676E-03
3.60109E+03 -2.64903E-03
3.60206E+03 -3.03647E-03
3.60302E+03 -3.11217E-03
3.60398E+03 -3.13337E-03
3.60495E+03 -3.22508E-03
3.60591E+03 -3.30228E-03
3.60688E+03 -3.34951E-03
3.60784E+03 -3.37758E-03
3.60881E+03 -3.38477E-03
3.60977E+03 -3.32648E-03
3.61074E+03 -3.27353E-03
3.61170E+03 -3.29803E-03
3.61266E+03 -3.31119E-03
3.61363E+03 -3.31644E-03
3.61459E+03 -3.26287E-03
3.61556E+03 -3.25850E-03
3.61652E+03 -3.28859E-03
3.61749E+03 -3.28231E-03
3.61845E+03 -3.34412E-03
3.61941E+03 -3.32519E-03
3.62038E+03 -3.22467E-03
3.62134E+03 -3.22178E-03
3.62231E+03 -3.25171E-03
3.62327E+03 -3.26065E-03
3.62424E+03 -3.22073E-03
3.62520E+03 -3.22073E-03
3.62617E+03 -3.31622E-03
3.62713E+03 -3.35296E-03
3.62809E+03 -3.36621E-03
3.62906E+03 -3.41713E-03
3.63002E+03 -3.32023E-03
3.63099E+03 -3.27025E-03
3.63195E+03 -3.27995E-03
3.63292E+03 -3.30165E-03
3.63388E+03 -3.38800E-03
3.63485E+03 -3.34022E-03
3.63581E+03 -3.32915E-03
3.63677E+03 -3.34685E-03
3.63774E+03 -3.36736E-03
3.63870E+03 -3.45355E-03
3.63967E+03 -3.44150E-03
3.64063E+03 -3.41468E-03
3.64160E+03 -3.42348E-03
3.64256E+03 -3.40581E-03
3.64352E+03 -3.39887E-03
3.64449E+03 -3.38543E-03
3.64545E+03 -3.32132E-03
3.64642E+03 -3.32715E-03
3.64738E+03 -3.39706E-03
3.64835E+03 -3.37744E-03
3.64931E+03 -3.32705E-03
3.65028E+03 -3.31978E-03
3.65124E+03 -3.34099E-03
3.65220E+03 -3.32934E-03
3.65317E+03 -3.35974E-03
3.65413E+03 -3.33046E-03
3.65510E+03 -3.25592E-03
3.65606E+03 -3.16542E-03
3.65703E+03 -3.09956E-03
3.65799E+03 -3.23999E-03
3.65896E+03 -3.31201E-03
3.65992E+03 -3.31607E-03
3.66088E+03 -3.37088E-03
3.66185E+03 -3.33729E-03
3.66281E+03 -3.36951E-03
3.66378E+03 -3.45902E-03
3.66474E+03 -3.44537E-03
3.66571E+03 -3.33117E-03
3.66667E+03 -3.30599E-03
3.66764E+03 -3.37879E-03
3.66860E+03 -3.42614E-03
3.66956E+03 -3.48428E-03
3.67053E+03 -3.48574E-03
3.67149E+03 -3.49748E-03
3.67246E+03 -3.61947E-03
3.67342E+03 -3.70185E-03
3.67439E+03 -3.64938E-03
3.67535E+03 -3.58370E-03
3.67631E+03 -3.65718E-03
3.67728E+03 -3.71235E-03
3.67824E+03 -3.70241E-03
3.67921E+03 -3.73592E-03
3.68017E+03 -3.77741E-03
3.68114E+03 -3.74048E-03
3.68210E+03 -3.67867E-03
3.68307E+03 -3.69310E-03
3.68403E+03 -3.62118E-03
3.68499E+03 -3.62854E-03
3.68596E+03 -3.59850E-03
3.68692E+03 -3.48345E-03
3.68789E+03 -3.41044E-03
3.68885E+03 -3.24731E-03
3.68982E+03 -3.13928E-03
3.69078E+03 -3.01972E-03
3.69175E+03 -2.80193E-03
3.69271E+03 -2.39065E-03
3.69367E+03 -1.91217E-03
3.69464E+03 -1.46320E-03
3.69560E+03 -9.69756E-04
3.69657E+03 -4.52168E-04
3.69753E+03 1.70872E-04
3.69850E+03 5.87720E-04
3.69946E+03 7.21052E-04
3.70042E+03 7.33767E-04
3.70139E+03 6.28889E-04
3.70235E+03 3.07240E-04
3.70332E+03 -2.66604E-04
3.70428E+03 -8.44501E-04
3.70525E+03 -1.36273E-03
3.70621E+03 -1.80248E-03
3.70718E+03 -1.92080E-03
3.70814E+03 -1.77835E-03
3.70910E+03 -2.13325E-03
3.71007E+03 -2.73622E-03
3.71103E+03 -3.07790E-03
3.71200E+03 -3.27543E-03
3.71296E+03 -3.39418E-03
3.71393E+03 -3.47592E-03
3.71489E+03 -3.44272E-03
3.71586E+03 -3.37604E-03
3.71682E+03 -3.29921E-03
3.71778E+03 -3.38845E-03
3.71875E+03 -3.47399E-03
3.71971E+03 -3.46831E-03
3.72068E+03 -3.50974E-03
3.72164E+03 -3.42919E-03
3.72261E+03 -3.36110E-03
3.72357E+03 -3.42337E-03
3.72453E+03 -3.54303E-03
3.72550E+03 -3.56853E-03
3.72646E+03 -3.60785E-03
3.72743E+03 -3.68620E-03
3.72839E+03 -3.58899E-03
3.72936E+03 -3.55959E-03
3.73032E+03 -3.68294E-03
3.73129E+03 -3.68641E-03
3.73225E+03 -3.61597E-03
3.73321E+03 -3.61983E-03
3.73418E+03 -3.56888E-03
3.73514E+03 -3.58246E-03
3.73611E+03 -3.73195E-03
3.73707E+03 -3.73996E-03
3.73804E+03 -3.72084E-03
3.73900E+03 -3.77503E-03
3.73997E+03 -3.78690E-03
3.74093E+03 -3.76223E-03
3.74189E+03 -3.79161E-03
3.74286E+03 -3.81064E-03
3.74382E+03 -3.77394E-03
3.74479E+03 -3.74167E-03
3.74575E+03 -3.74975E-03
3.74672E+03 -3.82664E-03
3.74768E+03 -3.85660E-03
3.74865E+03 -3.90947E-03
3.74961E+03 -3.88602E-03
3.75057E+03 -3.78597E-03
3.75154E+03 -3.82164E-03
3.75250E+03 -3.91861E-03
3.75347E+03 -3.97321E-03
3.75443E+03 -3.92700E-03
3.75540E+03 -3.83911E-03
3.75636E+03 -3.84327E-03
3.75732E+03 -3.83157E-03
3.75829E+03 -3.84438E-03
3.75925E+03 -3.96415E-03
3.76022E+03 -3.99989E-03
3.76118E+03 -4.00231E-03
3.76215E+03 -4.06577E-03
3.76311E+03 -4.08205E-03
3.76408E+03 -4.12641E-03
3.76504E+03 -4.06604E-03
3.76600E+03 -3.82260E-03
3.76697E+03 -3.84546E-03
3.76793E+03 -3.92673E-03
3.76890E+03 -3.92735E-03
3.76986E+03 -3.97689E-03
3.77083E+03 -3.97532E-03
3.77179E+03 -3.98781E-03
3.77276E+03 -3.95755E-03
3.77372E+03 -4.00225E-03
3.77468E+03 -4.02329E-03
3.77565E+03 -3.99421E-03
3.77661E+03 -3.93023E-03
3.77758E+03 -3.86131E-03
3.77854E+03 -3.96229E-03
3.77951E+03 -3.97638E-03
3.78047E+03 -3.97390E-03
3.78143E+03 -4.01991E-03
3.78240E+03 -3.96894E-03
3.78336E+03 -4.01361E-03
3.78433E+03 -4.05150E-03
3.78529E+03 -4.10786E-03
3.78626E+03 -4.16235E-03
3.78722E+03 -4.06649E-03
3.78819E+03 -4.00188E-03
3.78915E+03 -3.96835E-03
3.79011E+03 -3.87757E-03
3.79108E+03 -3.93258E-03
3.79204E+03 -4.09678E-03
3.79301E+03 -4.03830E-03
3.79397E+03 -3.94469E-03
3.79494E+03 -3.94006E-03
3.79590E+03 -3.93568E-03
3.79687E+03 -3.96391E-03
3.79783E+03 -4.03048E-03
3.79879E+03 -4.06260E-03
3.79976E+03 -3.96849E-03
3.80072E+03 -3.92988E-03
3.80169E+03 -4.04000E-03
3.80265E+03 -4.02261E-03
3.80362E+03 -4.01050E-03
3.80458E+03 -4.19785E-03
3.80554E+03 -4.13278E-03
3.80651E+03 -3.97444E-03
3.80747E+03 -3.91414E-03
3.80844E+03 -3.93588E-03
3.80940E+03 -4.08923E-03
3.81037E+03 -4.14304E-03
3.81133E+03 -4.15920E-03
3.81230E+03 -4.22309E-03
3.81326E+03 -4.14727E-03
3.81422E+03 -4.10726E-03
3.81519E+03 -4.11710E-03
3.81615E+03 -4.14682E-03
3.81712E+03 -4.22714E-03
3.81808E+03 -4.11133E-03
3.81905E+03 -4.13049E-03
3.82001E+03 -4.10806E-03
3.82098E+03 -4.08708E-03
3.82194E+03 -4.22475E-03
3.82290E+03 -4.11699E-03
3.82387E+03 -4.05106E-03
3.82483E+03 -4.11126E-03
3.82580E+03 -4.19939E-03
3.82676E+03 -4.31965E-03
3.82773E+03 -4.26465E-03
3.82869E+03 -4.14454E-03
3.82966E+03 -4.03790E-03
3.83062E+03 -4.05880E-03
3.83158E+03 -4.11748E-03
3.83255E+03 -4.16879E-03
3.83351E+03 -4.23381E-03
3.83448E+03 -4.15533E-03
3.83544E+03 -4.00501E-03
3.83641E+03 -4.03538E-03
3.83737E+03 -4.06767E-03
3.83833E+03 -4.01360E-03
3.83930E+03 -4.05868E-03
3.84026E+03 -4.09031E-03
3.84123E+03 -4.18609E-03
3.84219E+03 -4.11166E-03
3.84316E+03 -3.95270E-03
3.84412E+03 -4.00947E-03
3.84509E+03 -4.09023E-03
3.84605E+03 -4.15281E-03
3.84701E+03 -4.19148E-03
3.84798E+03 -4.18543E-03
3.84894E+03 -4.16062E-03
3.84991E+03 -4.09206E-03
3.85087E+03 -4.09881E-03
3.85184E+03 -4.12471E-03
3.85280E+03 -4.06390E-03
3.85377E+03 -4.11117E-03
3.85473E+03 -4.09362E-03
3.85569E+03 -4.08783E-03
3.85666E+03 -4.21437E-03
3.85762E+03 -4.21356E-03
3.85859E+03 -4.12556E-03
3.85955E+03 -4.15979E-03
3.86052E+03 -4.24366E-03
3.86148E+03 -4.18244E-03
3.86244E+03 -4.12492E-03
3.86341E+03 -4.07224E-03
3.86437E+03 -4.08655E-03
3.86534E+03 -4.15604E-03
3.86630E+03 -4.12101E-03
3.86727E+03 -4.15466E-03
3.86823E+03 -4.29325E-03
3.86920E+03 -4.32850E-03
3.87016E+03 -4.24372E-03
3.87112E+03 -4.22521E-03
3.87209E+03 -4.26826E-03
3.87305E+03 -4.20334E-03
3.87402E+03 -4.21703E-03
3.87498E+03 -4.27138E-03
3.87595E+03 -4.27625E-03
3.87691E+03 -4.35632E-03
3.87788E+03 -4.31360E-03
3.87884E+03 -4.10266E-03
3.87980E+03 -4.09550E-03
3.88077E+03 -4.12466E-03
3.88173E+03 -4.18898E-03
3.88270E+03 -4.38571E-03
3.88366E+03 -4.39129E-03
3.88463E+03 -4.34034E-03
3.88559E+03 -4.31780E-03
3.88655E+03 -4.38907E-03
3.88752E+03 -4.33030E-03
3.88848E+03 -4.16896E-03
3.88945E+03 -4.22522E-03
3.89041E+03 -4.30550E-03
3.89138E+03 -4.28427E-03
3.89234E+03 -4.31132E-03
3.89331E+03 -4.34265E-03
3.89427E+03 -4.31555E-03
3.89523E+03 -4.23592E-03
3.89620E+03 -4.28706E-03
3.89716E+03 -4.25745E-03
3.89813E+03 -4.10667E-03
3.89909E+03 -4.09416E-03
3.90006E+03 -4.18424E-03
3.90102E+03 -4.30757E-03
3.90199E+03 -4.34278E-03
3.90295E+03 -4.37459E-03
3.90391E+03 -4.28983E-03
3.90488E+03 -4.20938E-03
3.90584E+03 -4.35086E-03
3.90681E+03 -4.36898E-03
3.90777E+03 -4.30468E-03
3.90874E+03 -4.33515E-03
3.90970E+03 -4.41182E-03
3.91067E+03 -4.53306E-03
3.91163E+03 -4.41428E-03
3.91259E+03 -4.24626E-03
3.91356E+03 -4.24630E-03
3.91452E+03 -4.38851E-03
3.91549E+03 -4.44058E-03
3.91645E+03 -4.28093E-03
3.91742E+03 -4.20684E-03
3.91838E+03 -4.20845E-03
3.91934E+03 -4.22710E-03
3.92031E+03 -4.21755E-03
3.92127E+03 -4.16093E-03
3.92224E+03 -4.26833E-03
3.92320E+03 -4.35345E-03
3.92417E+03 -4.15630E-03
3.92513E+03 -4.19485E-03
3.92610E+03 -4.31062E-03
3.92706E+03 -4.27620E-03
3.92802E+03 -4.27622E-03
3.92899E+03 -4.33242E-03
3.92995E+03 -4.31518E-03
3.93092E+03 -4.32884E-03
3.93188E+03 -4.36684E-03
3.93285E+03 -4.29248E-03
3.93381E+03 -4.38249E-03
3.93478E+03 -4.44575E-03
3.93574E+03 -4.48725E-03
3.93670E+03 -4.41227E-03
3.93767E+03 -4.43260E-03
3.93863E+03 -4.43326E-03
3.93960E+03 -4.31481E-03
3.94056E+03 -4.34888E-03
3.94153E+03 -4.38147E-03
3.94249E+03 -4.43093E-03
3.94346E+03 -4.37118E-03
3.94442E+03 -4.29368E-03
3.94538E+03 -4.26475E-03
3.94635E+03 -4.32475E-03
3.94731E+03 -4.44712E-03
3.94828E+03 -4.45045E-03
3.94924E+03 -4.37721E-03
3.95021E+03 -4.36445E-03
3.95117E+03 -4.37710E-03
3.95213E+03 -4.48823E-03
3.95310E+03 -4.48851E-03
3.95406E+03 -4.30512E-03
3.95503E+03 -4.38676E-03
3.95599E+03 -4.48298E-03
3.95696E+03 -4.40547E-03
3.95792E+03 -4.39620E-03
3.95889E+03 -4.37528E-03
3.95985E+03 -4.17680E-03
3.96081E+03 -4.09961E-03
3.96178E+03 -4.31413E-03
3.96274E+03 -4.40918E-03
3.96371E+03 -4.20486E-03
3.96467E+03 -4.12866E-03
3.96564E+03 -4.20387E-03
3.96660E+03 -4.36280E-03
3.96757E+03 -4.51010E-03
3.96853E+03 -4.34712E-03
3.96949E+03 -4.25408E-03
3.97046E+03 -4.35194E-03
3.97142E+03 -4.42334E-03
3.97239E+03 -4.41110E-03
3.97335E+03 -4.39684E-03
3.97432E+03 -4.44644E-03
3.97528E+03 -4.56143E-03
3.97624E+03 -4.54988E-03
3.97721E+03 -4.46840E-03
3.97817E+03 -4.46077E-03
3.97914E+03 -4.42185E-03
3.98010E+03 -4.41911E-03
3.98107E+03 -4.47284E-03
3.98203E+03 -4.50642E-03
3.98300E+03 -4.39712E-03
3.98396E+03 -4.27400E-03
3.98492E+03 -4.32338E-03
3.98589E+03 -4.46850E-03
3.98685E+03 -4.36607E-03
3.98782E+03 -4.40317E-03
3.98878E+03 -4.58054E-03
3.98975E+03 -4.45165E-03
3.99071E+03 -4.33883E-03
3.99168E+03 -4.38413E-03
3.99264E+03 -4.48123E-03
3.99360E+03 -4.45451E-03
3.99457E+03 -4.37175E-03
3.99553E+03 -4.28062E-03
3.99650E+03 -4.37102E-03
3.99746E+03 -4.41083E-03
3.99843E+03 -4.36144E-03
3.99939E+03 -4.45211E-03
4.00035E+03 -4.51053E-03
4.00132E+03 -4.52950E-03
