# {"full": "H2O:CH3OH:CO2 (0.3:0.7:1)", "name": "H2O:CH3OH:CO2", "ratio": "(0.3:0.7:1)", "url": "https://icedb.strw.leidenuniv.nl/data/49", "author": "Ehrenfreund et al."}
3.99264E+02 5.90048E-03
4.00228E+02 1.37650E-02
4.01193E+02 -4.53735E-03
4.02157E+02 -8.95632E-03
4.03122E+02 -3.62745E-03
4.04086E+02 -6.11390E-03
4.05050E+02 -9.90253E-03
4.06015E+02 -3.08621E-03
4.06979E+02 3.84553E-02
4.07944E+02 3.76417E-02
4.08908E+02 9.81697E-03
4.09872E+02 6.08592E-03
4.10837E+02 2.37698E-03
4.11801E+02 4.97245E-03
4.12766E+02 9.66726E-03
4.13730E+02 6.17839E-03
4.14694E+02 -8.99781E-03
4.15659E+02 -1.16157E-02
4.16623E+02 -8.60418E-03
4.17588E+02 -1.19750E-02
4.18552E+02 -1.53622E-02
4.19516E+02 -1.19163E-02
4.20481E+02 -2.05692E-02
4.21445E+02 -1.57715E-02
4.22410E+02 -2.34295E-04
4.23374E+02 -1.93843E-03
4.24339E+02 -2.41189E-03
4.25303E+02 -1.73633E-03
4.26267E+02 -2.77738E-03
4.27232E+02 -4.08632E-03
4.28196E+02 -4.11146E-03
4.29161E+02 -3.87913E-03
4.30125E+02 -3.62937E-03
4.31089E+02 -3.41647E-03
4.32054E+02 -6.16273E-03
4.33018E+02 -4.61994E-03
4.33983E+02 -1.78776E-03
4.34947E+02 -1.79590E-03
4.35911E+02 -2.07924E-03
4.36876E+02 1.36141E-03
4.37840E+02 5.09367E-03
4.38805E+02 4.52429E-03
4.39769E+02 3.90823E-03
4.40733E+02 1.08657E-02
4.41698E+02 2.22507E-03
4.42662E+02 -2.44283E-02
4.43627E+02 -2.11858E-02
4.44591E+02 -1.01531E-02
4.45555E+02 -8.34011E-03
4.46520E+02 -5.83031E-03
4.47484E+02 -6.70081E-03
4.48449E+02 -6.67094E-03
4.49413E+02 -5.11887E-03
4.50377E+02 -2.70034E-03
4.51342E+02 -2.48377E-03
4.52306E+02 -2.01280E-03
4.53271E+02 -2.67126E-03
4.54235E+02 -2.56747E-03
4.55199E+02 -2.44087E-03
4.56164E+02 -5.56376E-03
4.57128E+02 -4.93009E-03
4.58093E+02 -2.98706E-03
4.59057E+02 -3.20810E-03
4.60022E+02 -3.86640E-03
4.60986E+02 -3.54308E-03
4.61950E+02 -4.48629E-03
4.62915E+02 -7.81885E-03
4.63879E+02 -3.69266E-03
4.64844E+02 -4.45429E-04
4.65808E+02 -1.78776E-03
4.66772E+02 -1.32113E-03
4.67737E+02 -1.52143E-03
4.68701E+02 -2.42423E-03
4.69666E+02 -4.16261E-03
4.70630E+02 -4.66673E-03
4.71594E+02 -2.43302E-03
4.72559E+02 -1.34788E-03
4.73523E+02 -1.31520E-03
4.74488E+02 -1.36000E-03
4.75452E+02 -6.81497E-04
4.76416E+02 -4.69282E-04
4.77381E+02 -2.89356E-03
4.78345E+02 -3.27524E-03
4.79310E+02 -2.39922E-03
4.80274E+02 -2.61244E-03
4.81238E+02 -2.13180E-03
4.82203E+02 -1.95266E-03
4.83167E+02 -9.35774E-04
4.84132E+02 -1.28595E-03
4.85096E+02 -3.05625E-03
4.86060E+02 -2.78820E-03
4.87025E+02 -2.41592E-03
4.87989E+02 -2.58942E-03
4.88954E+02 -2.55853E-03
4.89918E+02 -2.30649E-03
4.90883E+02 -3.40742E-03
4.91847E+02 -3.51242E-03
4.92811E+02 -1.98806E-03
4.93776E+02 -1.86647E-03
4.94740E+02 -1.87029E-03
4.95705E+02 -1.82652E-03
4.96669E+02 -1.91327E-03
4.97633E+02 -3.13183E-03
4.98598E+02 -2.53522E-03
4.99562E+02 -6.70843E-04
5.00527E+02 -8.73495E-04
5.01491E+02 -1.32144E-03
5.02455E+02 -1.36426E-03
5.03420E+02 -1.52326E-03
5.04384E+02 -6.05199E-04
5.05349E+02 1.62512E-04
5.06313E+02 -1.14097E-03
5.07277E+02 -1.64131E-03
5.08242E+02 -1.72949E-03
5.09206E+02 -2.04698E-03
5.10171E+02 -1.48790E-03
5.11135E+02 -1.16935E-03
5.12099E+02 -8.32666E-04
5.13064E+02 -9.96981E-04
5.14028E+02 -1.44436E-03
5.14993E+02 -1.64326E-03
5.15957E+02 -1.50514E-03
5.16921E+02 -2.04209E-03
5.17886E+02 -2.18887E-03
5.18850E+02 -8.78318E-03
5.19815E+02 -1.06875E-02
5.20779E+02 -2.39450E-03
5.21743E+02 -9.20117E-04
5.22708E+02 -1.29433E-03
5.23672E+02 -9.26327E-04
5.24637E+02 -1.03946E-03
5.25601E+02 -1.02608E-03
5.26565E+02 -9.81461E-04
5.27530E+02 -7.83794E-04
5.28494E+02 -8.94707E-04
5.29459E+02 -7.10770E-04
5.30423E+02 -8.49016E-04
5.31388E+02 -8.99322E-04
5.32352E+02 -1.12043E-03
5.33316E+02 -9.65722E-04
5.34281E+02 -5.26965E-04
5.35245E+02 -5.41605E-04
5.36210E+02 -7.13110E-04
5.37174E+02 -9.22743E-04
5.38138E+02 -9.19916E-04
5.39103E+02 -1.07948E-03
5.40067E+02 -8.26549E-04
5.41032E+02 -5.58030E-04
5.41996E+02 -6.98406E-04
5.42960E+02 -8.36629E-04
5.43925E+02 -1.04364E-03
5.44889E+02 -1.06005E-03
5.45854E+02 -1.18475E-03
5.46818E+02 -1.01989E-03
5.47782E+02 -9.13255E-05
5.48747E+02 1.90102E-05
5.49711E+02 -2.59805E-04
5.50676E+02 -1.44150E-04
5.51640E+02 1.68305E-04
5.52604E+02 3.04457E-04
5.53569E+02 9.51588E-05
5.54533E+02 -8.17664E-05
5.55498E+02 -4.59399E-04
5.56462E+02 -5.42816E-04
5.57427E+02 -4.45943E-04
5.58391E+02 -3.51228E-04
5.59355E+02 -2.97241E-05
5.60320E+02 3.66177E-04
5.61284E+02 5.88670E-04
5.62249E+02 -9.14335E-05
5.63213E+02 -5.18057E-04
5.64177E+02 -3.31853E-04
5.65142E+02 -3.81663E-04
5.66106E+02 -3.84521E-04
5.67071E+02 -3.08894E-04
5.68035E+02 -2.89746E-04
5.68999E+02 -5.63547E-04
5.69964E+02 -3.18848E-04
5.70928E+02 -6.87316E-06
5.71893E+02 -5.55553E-05
5.72857E+02 1.19191E-04
5.73821E+02 1.79578E-04
5.74786E+02 3.96796E-04
5.75750E+02 -2.55499E-04
5.76715E+02 -6.82350E-04
5.77679E+02 -7.16075E-05
5.78643E+02 7.91885E-05
5.79608E+02 1.92355E-04
5.80572E+02 1.79745E-05
5.81537E+02 1.01030E-04
5.82501E+02 2.71499E-05
5.83465E+02 -1.74083E-05
5.84430E+02 1.76746E-04
5.85394E+02 1.33254E-04
5.86359E+02 2.31683E-04
5.87323E+02 3.50699E-04
5.88287E+02 3.11416E-04
5.89252E+02 3.46217E-04
5.90216E+02 4.15619E-04
5.91181E+02 4.46834E-04
5.92145E+02 4.60487E-04
5.93109E+02 3.85147E-04
5.94074E+02 3.00519E-04
5.95038E+02 4.26672E-04
5.96003E+02 -1.11953E-03
5.96967E+02 -1.67172E-03
5.97932E+02 3.93122E-04
5.98896E+02 7.33629E-04
5.99860E+02 5.85526E-04
6.00825E+02 7.85746E-04
6.01789E+02 6.88680E-04
6.02754E+02 6.88240E-04
6.03718E+02 1.04641E-03
6.04682E+02 1.18538E-03
6.05647E+02 1.03992E-03
6.06611E+02 9.53361E-04
6.07576E+02 1.09465E-03
6.08540E+02 1.35081E-03
6.09504E+02 1.23597E-03
6.10469E+02 1.27301E-03
6.11433E+02 1.33390E-03
6.12398E+02 1.49136E-03
6.13362E+02 1.57185E-03
6.14326E+02 1.49620E-03
6.15291E+02 1.62380E-03
6.16255E+02 1.59201E-03
6.17220E+02 1.74985E-03
6.18184E+02 2.18535E-03
6.19148E+02 2.19573E-03
6.20113E+02 2.08862E-03
6.21077E+02 2.25788E-03
6.22042E+02 2.46714E-03
6.23006E+02 2.56653E-03
6.23971E+02 2.72987E-03
6.24935E+02 2.94190E-03
6.25899E+02 3.29993E-03
6.26864E+02 3.57316E-03
6.27828E+02 3.79317E-03
6.28793E+02 4.03228E-03
6.29757E+02 4.33838E-03
6.30721E+02 4.55261E-03
6.31686E+02 5.06743E-03
6.32650E+02 6.09537E-03
6.33615E+02 6.62093E-03
6.34579E+02 7.17596E-03
6.35543E+02 8.13821E-03
6.36508E+02 9.08279E-03
6.37472E+02 1.03007E-02
6.38437E+02 1.14624E-02
6.39401E+02 1.20305E-02
6.40365E+02 1.33854E-02
6.41330E+02 1.48904E-02
6.42294E+02 1.61411E-02
6.43259E+02 1.76143E-02
6.44223E+02 1.88524E-02
6.45187E+02 1.96718E-02
6.46152E+02 2.01971E-02
6.47116E+02 2.10635E-02
6.48081E+02 2.17532E-02
6.49045E+02 2.19105E-02
6.50009E+02 2.18472E-02
6.50974E+02 2.17521E-02
6.51938E+02 2.21051E-02
6.52903E+02 2.24211E-02
6.53867E+02 2.30442E-02
6.54831E+02 2.45517E-02
6.55796E+02 2.58934E-02
6.56760E+02 2.62967E-02
6.57725E+02 2.60694E-02
6.58689E+02 2.50362E-02
6.59654E+02 2.35617E-02
6.60618E+02 2.28509E-02
6.61582E+02 2.16239E-02
6.62547E+02 1.96955E-02
6.63511E+02 1.76743E-02
6.64476E+02 1.54245E-02
6.65440E+02 1.33308E-02
6.66404E+02 1.12296E-02
6.67369E+02 9.21435E-03
6.68333E+02 7.64821E-03
6.69298E+02 6.14902E-03
6.70262E+02 4.66029E-03
6.71226E+02 3.56451E-03
6.72191E+02 2.87747E-03
6.73155E+02 2.64963E-03
6.74120E+02 2.13290E-03
6.75084E+02 1.56893E-03
6.76048E+02 1.50546E-03
6.77013E+02 1.37421E-03
6.77977E+02 1.43829E-03
6.78942E+02 1.51319E-03
6.79906E+02 1.58307E-03
6.80870E+02 1.83029E-03
6.81835E+02 1.88009E-03
6.82799E+02 1.80298E-03
6.83764E+02 1.72238E-03
6.84728E+02 1.69152E-03
6.85692E+02 1.76542E-03
6.86657E+02 1.90416E-03
6.87621E+02 1.98498E-03
6.88586E+02 1.94827E-03
6.89550E+02 1.88279E-03
6.90514E+02 1.84388E-03
6.91479E+02 2.05716E-03
6.92443E+02 2.34508E-03
6.93408E+02 2.46923E-03
6.94372E+02 3.47940E-03
6.95337E+02 2.89546E-03
6.96301E+02 1.50472E-03
6.97265E+02 1.34250E-03
6.98230E+02 1.26847E-03
6.99194E+02 1.13405E-03
7.00159E+02 8.32330E-04
7.01123E+02 -7.24688E-04
7.02087E+02 8.81169E-04
7.03052E+02 4.19820E-03
7.04016E+02 3.36564E-03
7.04981E+02 3.12859E-03
7.05945E+02 3.74638E-03
7.06909E+02 3.19171E-03
7.07874E+02 3.11380E-03
7.08838E+02 3.60624E-03
7.09803E+02 3.13615E-03
7.10767E+02 2.66795E-03
7.11731E+02 2.62173E-03
7.12696E+02 2.70972E-03
7.13660E+02 2.80235E-03
7.14625E+02 2.69213E-03
7.15589E+02 3.01237E-03
7.16553E+02 2.99747E-03
7.17518E+02 2.65625E-03
7.18482E+02 2.80156E-03
7.19447E+02 2.74143E-03
7.20411E+02 2.65779E-03
7.21375E+02 2.77705E-03
7.22340E+02 2.67597E-03
7.23304E+02 2.53285E-03
7.24269E+02 2.70134E-03
7.25233E+02 2.79939E-03
7.26198E+02 2.77512E-03
7.27162E+02 2.88322E-03
7.28126E+02 2.90922E-03
7.29091E+02 2.82488E-03
7.30055E+02 3.22914E-03
7.31020E+02 3.48675E-03
7.31984E+02 3.22213E-03
7.32948E+02 3.06990E-03
7.33913E+02 3.06240E-03
7.34877E+02 3.10161E-03
7.35842E+02 3.14531E-03
7.36806E+02 3.17221E-03
7.37770E+02 3.06201E-03
7.38735E+02 3.07378E-03
7.39699E+02 3.04753E-03
7.40664E+02 2.99245E-03
7.41628E+02 2.99232E-03
7.42592E+02 2.94583E-03
7.43557E+02 2.94478E-03
7.44521E+02 3.05787E-03
7.45486E+02 3.09293E-03
7.46450E+02 3.10582E-03
7.47414E+02 3.16598E-03
7.48379E+02 2.94494E-03
7.49343E+02 2.85666E-03
7.50308E+02 2.05698E-03
7.51272E+02 1.88820E-03
7.52236E+02 3.24398E-03
7.53201E+02 3.54603E-03
7.54165E+02 3.42902E-03
7.55130E+02 3.43234E-03
7.56094E+02 3.40040E-03
7.57058E+02 3.35573E-03
7.58023E+02 3.27678E-03
7.58987E+02 3.35712E-03
7.59952E+02 3.47534E-03
7.60916E+02 3.52725E-03
7.61880E+02 3.38519E-03
7.62845E+02 3.43681E-03
7.63809E+02 3.52066E-03
7.64774E+02 3.64386E-03
7.65738E+02 3.66094E-03
7.66703E+02 3.41544E-03
7.67667E+02 3.35729E-03
7.68631E+02 3.32563E-03
7.69596E+02 3.28339E-03
7.70560E+02 3.16587E-03
7.71525E+02 2.96342E-03
7.72489E+02 3.34280E-03
7.73453E+02 3.66573E-03
7.74418E+02 3.47009E-03
7.75382E+02 3.49050E-03
7.76347E+02 3.57011E-03
7.77311E+02 3.49171E-03
7.78275E+02 3.36843E-03
7.79240E+02 3.24435E-03
7.80204E+02 3.21279E-03
7.81169E+02 3.24255E-03
7.82133E+02 3.32628E-03
7.83097E+02 3.41956E-03
7.84062E+02 3.35975E-03
7.85026E+02 3.13521E-03
7.85991E+02 3.29728E-03
7.86955E+02 3.69870E-03
7.87919E+02 3.65173E-03
7.88884E+02 3.52643E-03
7.89848E+02 3.44598E-03
7.90813E+02 3.54752E-03
7.91777E+02 3.77845E-03
7.92742E+02 3.95958E-03
7.93706E+02 3.64403E-03
7.94670E+02 3.31955E-03
7.95635E+02 3.48338E-03
7.96599E+02 3.50050E-03
7.97564E+02 3.39371E-03
7.98528E+02 3.41068E-03
7.99492E+02 3.31435E-03
8.00457E+02 3.38158E-03
8.01421E+02 3.63377E-03
8.02386E+02 3.63104E-03
8.03350E+02 3.54643E-03
8.04314E+02 3.60601E-03
8.05279E+02 3.59357E-03
8.06243E+02 4.02894E-03
8.07208E+02 4.22584E-03
8.08172E+02 3.36789E-03
8.09136E+02 3.15311E-03
8.10101E+02 3.29850E-03
8.11065E+02 3.30720E-03
8.12030E+02 3.27592E-03
8.12994E+02 3.20508E-03
8.13958E+02 3.19031E-03
8.14923E+02 3.21363E-03
8.15887E+02 3.24720E-03
8.16852E+02 3.20914E-03
8.17816E+02 3.17492E-03
8.18780E+02 3.21100E-03
8.19745E+02 3.21187E-03
8.20709E+02 3.26578E-03
8.21674E+02 3.38933E-03
8.22638E+02 3.23163E-03
8.23602E+02 3.39733E-03
8.24567E+02 3.47750E-03
8.25531E+02 3.20530E-03
8.26496E+02 3.06635E-03
8.27460E+02 2.65693E-03
8.28424E+02 3.07353E-03
8.29389E+02 3.47484E-03
8.30353E+02 3.05152E-03
8.31318E+02 3.05912E-03
8.32282E+02 3.10319E-03
8.33247E+02 3.05462E-03
8.34211E+02 2.94703E-03
8.35175E+02 3.05685E-03
8.36140E+02 3.10679E-03
8.37104E+02 3.00987E-03
8.38069E+02 3.10891E-03
8.39033E+02 3.16343E-03
8.39997E+02 3.15446E-03
8.40962E+02 3.20305E-03
8.41926E+02 3.23167E-03
8.42891E+02 2.90499E-03
8.43855E+02 2.65957E-03
8.44819E+02 2.76363E-03
8.45784E+02 2.83268E-03
8.46748E+02 2.70857E-03
8.47713E+02 2.54542E-03
8.48677E+02 2.48505E-03
8.49641E+02 2.80409E-03
8.50606E+02 2.81462E-03
8.51570E+02 2.64013E-03
8.52535E+02 2.70955E-03
8.53499E+02 2.70887E-03
8.54463E+02 2.66884E-03
8.55428E+02 2.76298E-03
8.56392E+02 2.61518E-03
8.57357E+02 2.29685E-03
8.58321E+02 2.31699E-03
8.59286E+02 2.22595E-03
8.60250E+02 1.89717E-03
8.61214E+02 1.52571E-03
8.62179E+02 1.55765E-03
8.63143E+02 2.11685E-03
8.64108E+02 2.57032E-03
8.65072E+02 2.77035E-03
8.66036E+02 2.55236E-03
8.67001E+02 1.61635E-03
8.67965E+02 1.70272E-03
8.68930E+02 2.19212E-03
8.69894E+02 2.27169E-03
8.70858E+02 2.50621E-03
8.71823E+02 2.28846E-03
8.72787E+02 2.47832E-03
8.73752E+02 2.18308E-03
8.74716E+02 1.36616E-03
8.75680E+02 1.66757E-03
8.76645E+02 1.77084E-03
8.77609E+02 1.70866E-03
8.78574E+02 1.79115E-03
8.79538E+02 1.81811E-03
8.80502E+02 1.84788E-03
8.81467E+02 1.94675E-03
8.82431E+02 1.91699E-03
8.83396E+02 2.16340E-03
8.84360E+02 1.82889E-03
8.85324E+02 9.15356E-04
8.86289E+02 1.03848E-03
8.87253E+02 1.18700E-03
8.88218E+02 1.27412E-03
8.89182E+02 1.33063E-03
8.90146E+02 1.36427E-03
8.91111E+02 1.46528E-03
8.92075E+02 1.50448E-03
8.93040E+02 1.49625E-03
8.94004E+02 1.54769E-03
8.94969E+02 1.37688E-03
8.95933E+02 1.23618E-03
8.96897E+02 1.31899E-03
8.97862E+02 1.57321E-03
8.98826E+02 1.76544E-03
8.99791E+02 1.20648E-03
9.00755E+02 9.42662E-04
9.01719E+02 1.07589E-03
9.02684E+02 1.03039E-03
9.03648E+02 1.02245E-03
9.04613E+02 1.01307E-03
9.05577E+02 9.95420E-04
9.06541E+02 1.05617E-03
9.07506E+02 9.71660E-04
9.08470E+02 8.65612E-04
9.09435E+02 8.77026E-04
9.10399E+02 8.98611E-04
9.11363E+02 8.32856E-04
9.12328E+02 6.01757E-04
9.13292E+02 5.30098E-04
9.14257E+02 6.62174E-04
9.15221E+02 6.79784E-04
9.16185E+02 6.88173E-04
9.17150E+02 7.27642E-04
9.18114E+02 7.82251E-04
9.19079E+02 7.21231E-04
9.20043E+02 3.93789E-04
9.21007E+02 2.48410E-04
9.21972E+02 3.19730E-04
9.22936E+02 3.39180E-04
9.23901E+02 3.81913E-04
9.24865E+02 3.53027E-04
9.25829E+02 1.61592E-04
9.26794E+02 3.98349E-04
9.27758E+02 6.19251E-04
9.28723E+02 4.32517E-04
9.29687E+02 3.96941E-04
9.30651E+02 3.28179E-04
9.31616E+02 2.16763E-04
9.32580E+02 1.51161E-04
9.33545E+02 -7.68341E-05
9.34509E+02 -6.94320E-05
9.35474E+02 6.96592E-05
9.36438E+02 6.18920E-05
9.37402E+02 5.63003E-05
9.38367E+02 6.21416E-05
9.39331E+02 2.65203E-05
9.40296E+02 -1.38957E-04
9.41260E+02 -2.04649E-04
9.42224E+02 -1.60307E-04
9.43189E+02 -1.46449E-04
9.44153E+02 -1.38614E-04
9.45118E+02 -8.89376E-05
9.46082E+02 -8.27573E-05
9.47046E+02 -6.47716E-05
9.48011E+02 -2.85320E-04
9.48975E+02 -3.48218E-04
9.49940E+02 -2.23242E-04
9.50904E+02 -2.40356E-04
9.51868E+02 -2.72106E-04
9.52833E+02 -3.25814E-04
9.53797E+02 -3.74224E-04
9.54762E+02 -4.35669E-04
9.55726E+02 -3.72954E-04
9.56690E+02 -3.50066E-04
9.57655E+02 -3.27308E-04
9.58619E+02 -2.39249E-04
9.59584E+02 -2.43090E-04
9.60548E+02 -5.23739E-05
9.61513E+02 -4.76912E-04
9.62477E+02 -1.13165E-03
9.63441E+02 -8.53758E-04
9.64406E+02 -6.67907E-04
9.65370E+02 -6.36473E-04
9.66335E+02 -6.34074E-04
9.67299E+02 -6.31139E-04
9.68263E+02 -4.77381E-04
9.69228E+02 -4.88777E-04
9.70192E+02 -5.46489E-04
9.71157E+02 -5.01670E-04
9.72121E+02 -5.57050E-04
9.73085E+02 -6.05743E-04
9.74050E+02 -5.95357E-04
9.75014E+02 -5.20695E-04
9.75979E+02 -5.16206E-04
9.76943E+02 -6.62442E-04
9.77907E+02 -6.48562E-04
9.78872E+02 -6.31224E-04
9.79836E+02 -5.63741E-04
9.80801E+02 -5.62631E-04
9.81765E+02 -5.14887E-04
9.82729E+02 -3.48035E-04
9.83694E+02 -4.51330E-04
9.84658E+02 -5.41970E-04
9.85623E+02 -4.75403E-04
9.86587E+02 -4.88076E-04
9.87551E+02 -3.52759E-04
9.88516E+02 -1.13577E-04
9.89480E+02 -5.93632E-04
9.90445E+02 -9.44171E-04
9.91409E+02 -6.00327E-04
9.92373E+02 -4.02957E-04
9.93338E+02 -2.63914E-04
9.94302E+02 -2.13400E-04
9.95267E+02 -6.27711E-06
9.96231E+02 7.51130E-05
9.97195E+02 -2.65986E-06
9.98160E+02 4.89663E-04
9.99124E+02 1.01979E-03
1.00009E+03 1.50811E-03
1.00105E+03 2.13382E-03
1.00202E+03 2.67322E-03
1.00298E+03 3.26879E-03
1.00395E+03 4.32782E-03
1.00491E+03 5.29915E-03
1.00588E+03 5.95084E-03
1.00684E+03 6.85035E-03
1.00780E+03 7.68140E-03
1.00877E+03 8.60004E-03
1.00973E+03 9.33098E-03
1.01070E+03 1.00326E-02
1.01166E+03 1.16634E-02
1.01263E+03 1.29635E-02
1.01359E+03 1.38315E-02
1.01455E+03 1.49114E-02
1.01552E+03 1.60737E-02
1.01648E+03 1.71360E-02
1.01745E+03 1.87602E-02
1.01841E+03 2.04723E-02
1.01938E+03 2.11832E-02
1.02034E+03 2.19191E-02
1.02131E+03 2.27400E-02
1.02227E+03 2.34218E-02
1.02323E+03 2.39889E-02
1.02420E+03 2.45363E-02
1.02516E+03 2.46675E-02
1.02613E+03 2.43134E-02
1.02709E+03 2.41591E-02
1.02806E+03 2.37204E-02
1.02902E+03 2.32511E-02
1.02999E+03 2.27030E-02
1.03095E+03 2.19509E-02
1.03191E+03 2.13999E-02
1.03288E+03 2.02656E-02
1.03384E+03 1.89087E-02
1.03481E+03 1.78575E-02
1.03577E+03 1.65215E-02
1.03674E+03 1.52600E-02
1.03770E+03 1.34592E-02
1.03866E+03 1.19397E-02
1.03963E+03 1.23120E-02
1.04059E+03 1.14618E-02
1.04156E+03 9.73406E-03
1.04252E+03 8.41642E-03
1.04349E+03 7.00251E-03
1.04445E+03 5.86190E-03
1.04542E+03 4.62990E-03
1.04638E+03 3.52082E-03
1.04734E+03 2.79609E-03
1.04831E+03 2.18557E-03
1.04927E+03 1.59288E-03
1.05024E+03 1.00599E-03
1.05120E+03 5.23355E-04
1.05217E+03 8.55960E-05
1.05313E+03 -2.78100E-04
1.05410E+03 -3.36513E-04
1.05506E+03 -4.11175E-04
1.05602E+03 -4.94137E-04
1.05699E+03 -6.58765E-04
1.05795E+03 -7.94090E-04
1.05892E+03 -9.82296E-04
1.05988E+03 -1.02798E-03
1.06085E+03 -6.68876E-04
1.06181E+03 -5.65201E-04
1.06278E+03 -6.78226E-04
1.06374E+03 -7.24625E-04
1.06470E+03 -7.25482E-04
1.06567E+03 -7.70517E-04
1.06663E+03 -4.85014E-04
1.06760E+03 -2.22303E-04
1.06856E+03 -5.60731E-04
1.06953E+03 -7.02091E-04
1.07049E+03 -7.93401E-04
1.07145E+03 -7.80065E-04
1.07242E+03 -7.93278E-04
1.07338E+03 -6.84295E-04
1.07435E+03 -1.35243E-04
1.07531E+03 -3.41468E-04
1.07628E+03 -7.14630E-04
1.07724E+03 -6.82522E-04
1.07821E+03 -7.04646E-04
1.07917E+03 -6.58505E-04
1.08013E+03 -5.87426E-04
1.08110E+03 -1.01909E-03
1.08206E+03 -1.15299E-03
1.08303E+03 -8.79545E-04
1.08399E+03 -9.04214E-04
1.08496E+03 -7.89635E-04
1.08592E+03 -7.38434E-04
1.08689E+03 -6.08418E-04
1.08785E+03 -4.84403E-04
1.08881E+03 -9.14730E-04
1.08978E+03 -1.05056E-03
1.09074E+03 -9.17856E-04
1.09171E+03 -8.83508E-04
1.09267E+03 -6.97922E-04
1.09364E+03 -5.70904E-04
1.09460E+03 -7.45665E-04
1.09556E+03 -1.18244E-03
1.09653E+03 -1.02250E-03
1.09749E+03 -8.32208E-04
1.09846E+03 -8.07784E-04
1.09942E+03 -6.62860E-04
1.10039E+03 -5.56704E-04
1.10135E+03 -4.71581E-04
1.10232E+03 -5.42287E-04
1.10328E+03 -4.28125E-04
1.10424E+03 -2.46998E-04
1.10521E+03 -9.70997E-05
1.10617E+03 3.89069E-05
1.10714E+03 1.41133E-04
1.10810E+03 3.91863E-04
1.10907E+03 5.00854E-04
1.11003E+03 5.28969E-04
1.11100E+03 7.54811E-04
1.11196E+03 9.94440E-04
1.11292E+03 1.16603E-03
1.11389E+03 1.25294E-03
1.11485E+03 1.37516E-03
1.11582E+03 1.59692E-03
1.11678E+03 1.59398E-03
1.11775E+03 1.47005E-03
1.11871E+03 1.43337E-03
1.11968E+03 1.52730E-03
1.12064E+03 1.61332E-03
1.12160E+03 1.58280E-03
1.12257E+03 1.65132E-03
1.12353E+03 1.77565E-03
1.12450E+03 1.80075E-03
1.12546E+03 1.77744E-03
1.12643E+03 1.84638E-03
1.12739E+03 1.87888E-03
1.12835E+03 1.76606E-03
1.12932E+03 1.65434E-03
1.13028E+03 1.73886E-03
1.13125E+03 1.79540E-03
1.13221E+03 1.64077E-03
1.13318E+03 1.54196E-03
1.13414E+03 1.41768E-03
1.13511E+03 1.15522E-03
1.13607E+03 9.94943E-04
1.13703E+03 9.80437E-04
1.13800E+03 8.27476E-04
1.13896E+03 6.16398E-04
1.13993E+03 4.60900E-04
1.14089E+03 2.28785E-04
1.14186E+03 7.24606E-05
1.14282E+03 -5.42104E-05
1.14379E+03 -3.62318E-04
1.14475E+03 -5.38364E-04
1.14571E+03 -4.64533E-04
1.14668E+03 -5.47167E-04
1.14764E+03 -6.05982E-04
1.14861E+03 -5.76384E-04
1.14957E+03 -5.95283E-04
1.15054E+03 -6.24381E-04
1.15150E+03 -8.22514E-04
1.15246E+03 -9.35972E-04
1.15343E+03 -8.72996E-04
1.15439E+03 -7.01580E-04
1.15536E+03 -5.14865E-04
1.15632E+03 -5.03056E-04
1.15729E+03 -5.59036E-04
1.15825E+03 -5.98058E-04
1.15922E+03 -6.08675E-04
1.16018E+03 -5.46332E-04
1.16114E+03 -4.99871E-04
1.16211E+03 -5.43889E-04
1.16307E+03 -5.45714E-04
1.16404E+03 -5.74090E-04
1.16500E+03 -7.35249E-04
1.16597E+03 -7.95532E-04
1.16693E+03 -7.09727E-04
1.16790E+03 -6.84459E-04
1.16886E+03 -7.10439E-04
1.16982E+03 -7.63778E-04
1.17079E+03 -7.92753E-04
1.17175E+03 -8.06250E-04
1.17272E+03 -7.77908E-04
1.17368E+03 -7.48619E-04
1.17465E+03 -7.70185E-04
1.17561E+03 -7.92142E-04
1.17657E+03 -7.96594E-04
1.17754E+03 -8.07110E-04
1.17850E+03 -8.39453E-04
1.17947E+03 -8.25718E-04
1.18043E+03 -7.75304E-04
1.18140E+03 -7.70908E-04
1.18236E+03 -7.89154E-04
1.18333E+03 -7.95815E-04
1.18429E+03 -8.29436E-04
1.18525E+03 -8.47142E-04
1.18622E+03 -7.89132E-04
1.18718E+03 -7.53570E-04
1.18815E+03 -7.67328E-04
1.18911E+03 -7.69313E-04
1.19008E+03 -7.53500E-04
1.19104E+03 -8.02539E-04
1.19201E+03 -8.08667E-04
1.19297E+03 -8.21706E-04
1.19393E+03 -9.14186E-04
1.19490E+03 -9.50452E-04
1.19586E+03 -8.96879E-04
1.19683E+03 -8.08995E-04
1.19779E+03 -8.08705E-04
1.19876E+03 -7.87489E-04
1.19972E+03 -7.53365E-04
1.20069E+03 -7.57553E-04
1.20165E+03 -7.61621E-04
1.20261E+03 -7.99228E-04
1.20358E+03 -7.99794E-04
1.20454E+03 -7.62649E-04
1.20551E+03 -7.33633E-04
1.20647E+03 -7.02236E-04
1.20744E+03 -6.64379E-04
1.20840E+03 -7.17174E-04
1.20936E+03 -7.70181E-04
1.21033E+03 -7.79275E-04
1.21129E+03 -7.57113E-04
1.21226E+03 -7.09116E-04
1.21322E+03 -6.80368E-04
1.21419E+03 -7.03048E-04
1.21515E+03 -7.59970E-04
1.21612E+03 -7.30664E-04
1.21708E+03 -7.20747E-04
1.21804E+03 -7.90659E-04
1.21901E+03 -7.82602E-04
1.21997E+03 -7.71224E-04
1.22094E+03 -7.72446E-04
1.22190E+03 -7.13501E-04
1.22287E+03 -6.85893E-04
1.22383E+03 -7.68512E-04
1.22480E+03 -7.62213E-04
1.22576E+03 -7.41165E-04
1.22672E+03 -6.79940E-04
1.22769E+03 -6.70519E-04
1.22865E+03 -6.49318E-04
1.22962E+03 -6.34626E-04
1.23058E+03 -4.95907E-04
1.23155E+03 -5.67250E-04
1.23251E+03 -4.29429E-04
1.23347E+03 -2.33471E-03
1.23444E+03 -3.98449E-03
1.23540E+03 -1.29871E-03
1.23637E+03 -1.05999E-04
1.23733E+03 -3.52617E-04
1.23830E+03 -2.41179E-04
1.23926E+03 -4.60278E-04
1.24023E+03 -5.23020E-04
1.24119E+03 -6.73797E-04
1.24215E+03 -7.32400E-04
1.24312E+03 -6.89730E-04
1.24408E+03 -6.75503E-04
1.24505E+03 -6.70884E-04
1.24601E+03 -6.55666E-04
1.24698E+03 -6.97143E-04
1.24794E+03 -6.40046E-04
1.24891E+03 -5.71836E-04
1.24987E+03 -6.01694E-04
1.25083E+03 -6.22448E-04
1.25180E+03 -6.21267E-04
1.25276E+03 -6.31128E-04
1.25373E+03 -6.27153E-04
1.25469E+03 -6.38425E-04
1.25566E+03 -6.39997E-04
1.25662E+03 -6.26151E-04
1.25759E+03 -6.07654E-04
1.25855E+03 -5.97391E-04
1.25951E+03 -6.06891E-04
1.26048E+03 -6.43663E-04
1.26144E+03 -6.30572E-04
1.26241E+03 -6.32547E-04
1.26337E+03 -5.79562E-04
1.26434E+03 -5.30805E-04
1.26530E+03 -5.99176E-04
1.26626E+03 -6.36622E-04
1.26723E+03 -5.74838E-04
1.26819E+03 -6.02841E-04
1.26916E+03 -6.47560E-04
1.27012E+03 -6.73618E-04
1.27109E+03 -6.16685E-04
1.27205E+03 -5.20263E-04
1.27302E+03 -5.54979E-04
1.27398E+03 -5.78716E-04
1.27494E+03 -5.85359E-04
1.27591E+03 -5.81816E-04
1.27687E+03 -5.85031E-04
1.27784E+03 -6.36231E-04
1.27880E+03 -6.60829E-04
1.27977E+03 -6.32957E-04
1.28073E+03 -6.28904E-04
1.28170E+03 -6.80085E-04
1.28266E+03 -6.53565E-04
1.28362E+03 -5.65179E-04
1.28459E+03 -5.55988E-04
1.28555E+03 -5.78623E-04
1.28652E+03 -5.59893E-04
1.28748E+03 -5.92127E-04
1.28845E+03 -5.71351E-04
1.28941E+03 -5.59643E-04
1.29037E+03 -6.31638E-04
1.29134E+03 -6.49869E-04
1.29230E+03 -5.69463E-04
1.29327E+03 -4.74889E-04
1.29423E+03 -4.92178E-04
1.29520E+03 -5.17368E-04
1.29616E+03 -4.92238E-04
1.29713E+03 -5.12302E-04
1.29809E+03 -5.00318E-04
1.29905E+03 -4.73637E-04
1.30002E+03 -4.83017E-04
1.30098E+03 -5.10693E-04
1.30195E+03 -5.53455E-04
1.30291E+03 -5.89121E-04
1.30388E+03 -5.71754E-04
1.30484E+03 -5.89132E-04
1.30581E+03 -5.99593E-04
1.30677E+03 -4.60908E-04
1.30773E+03 -4.18410E-04
1.30870E+03 -4.60748E-04
1.30966E+03 -4.56914E-04
1.31063E+03 -4.49531E-04
1.31159E+03 -4.96265E-04
1.31256E+03 -5.06438E-04
1.31352E+03 -4.69096E-04
1.31448E+03 -4.44546E-04
1.31545E+03 -4.12211E-04
1.31641E+03 -4.19933E-04
1.31738E+03 -4.77728E-04
1.31834E+03 -5.74473E-04
1.31931E+03 -4.98030E-04
1.32027E+03 -4.49531E-04
1.32124E+03 -4.95058E-04
1.32220E+03 -4.73909E-04
1.32316E+03 -4.42538E-04
1.32413E+03 -4.29370E-04
1.32509E+03 -3.46504E-04
1.32606E+03 -2.21588E-04
1.32702E+03 -2.82642E-04
1.32799E+03 -3.94858E-04
1.32895E+03 -4.11734E-04
1.32992E+03 -4.01672E-04
1.33088E+03 -3.88879E-04
1.33184E+03 -4.06787E-04
1.33281E+03 -4.19188E-04
1.33377E+03 -4.12341E-04
1.33474E+03 -4.24493E-04
1.33570E+03 -4.19497E-04
1.33667E+03 -3.80415E-04
1.33763E+03 -4.24158E-04
1.33860E+03 -5.21526E-04
1.33956E+03 -5.71724E-04
1.34052E+03 -6.61530E-04
1.34149E+03 -7.16869E-04
1.34245E+03 -7.07459E-04
1.34342E+03 -8.49120E-04
1.34438E+03 -7.41154E-04
1.34535E+03 -3.69266E-04
1.34631E+03 -2.87808E-04
1.34727E+03 -3.40540E-04
1.34824E+03 -3.87546E-04
1.34920E+03 -6.71193E-04
1.35017E+03 -9.19990E-04
1.35113E+03 -5.92701E-04
1.35210E+03 -2.22653E-04
1.35306E+03 -2.60614E-04
1.35403E+03 -4.12770E-04
1.35499E+03 -5.01450E-04
1.35595E+03 -4.28148E-04
1.35692E+03 -3.46970E-04
1.35788E+03 -3.40134E-04
1.35885E+03 -2.05226E-04
1.35981E+03 -7.46474E-05
1.36078E+03 -4.59105E-05
1.36174E+03 2.55406E-05
1.36271E+03 5.46277E-05
1.36367E+03 -2.75597E-05
1.36463E+03 -6.44252E-05
1.36560E+03 -4.35673E-05
1.36656E+03 -6.63325E-05
1.36753E+03 -1.11792E-04
1.36849E+03 -5.52647E-05
1.36946E+03 1.26060E-04
1.37042E+03 1.54354E-04
1.37138E+03 1.16959E-04
1.37235E+03 1.20260E-04
1.37331E+03 1.18162E-04
1.37428E+03 2.06005E-04
1.37524E+03 2.37789E-04
1.37621E+03 2.58684E-04
1.37717E+03 3.35075E-04
1.37814E+03 3.96278E-04
1.37910E+03 3.90120E-04
1.38006E+03 3.91491E-04
1.38103E+03 3.99359E-04
1.38199E+03 3.08078E-04
1.38296E+03 1.45596E-04
1.38392E+03 7.40215E-05
1.38489E+03 1.43595E-04
1.38585E+03 1.91785E-04
1.38682E+03 2.09443E-04
1.38778E+03 2.80056E-04
1.38874E+03 3.45096E-04
1.38971E+03 4.04660E-04
1.39067E+03 4.36645E-04
1.39164E+03 4.56214E-04
1.39260E+03 5.74723E-04
1.39357E+03 6.90378E-04
1.39453E+03 7.01323E-04
1.39550E+03 7.15565E-04
1.39646E+03 8.14520E-04
1.39742E+03 8.76941E-04
1.39839E+03 9.50888E-04
1.39935E+03 1.07659E-03
1.40032E+03 1.16518E-03
1.40128E+03 1.29686E-03
1.40225E+03 1.40968E-03
1.40321E+03 1.41830E-03
1.40417E+03 1.77050E-03
1.40514E+03 2.00654E-03
1.40610E+03 1.90734E-03
1.40707E+03 1.97094E-03
1.40803E+03 2.06354E-03
1.40900E+03 2.05209E-03
1.40996E+03 1.97658E-03
1.41093E+03 2.01122E-03
1.41189E+03 2.05288E-03
1.41285E+03 2.07510E-03
1.41382E+03 2.15983E-03
1.41478E+03 2.21771E-03
1.41575E+03 2.26234E-03
1.41671E+03 2.31655E-03
1.41768E+03 2.39511E-03
1.41864E+03 2.49941E-03
1.41961E+03 2.47884E-03
1.42057E+03 2.40884E-03
1.42153E+03 2.42054E-03
1.42250E+03 2.47716E-03
1.42346E+03 2.49824E-03
1.42443E+03 2.44944E-03
1.42539E+03 2.45187E-03
1.42636E+03 2.53222E-03
1.42732E+03 2.50741E-03
1.42828E+03 2.50251E-03
1.42925E+03 2.50296E-03
1.43021E+03 2.48423E-03
1.43118E+03 2.52152E-03
1.43214E+03 2.51543E-03
1.43311E+03 2.49115E-03
1.43407E+03 2.47912E-03
1.43504E+03 2.52322E-03
1.43600E+03 2.50563E-03
1.43696E+03 2.50361E-03
1.43793E+03 2.49887E-03
1.43889E+03 2.50710E-03
1.43986E+03 2.57624E-03
1.44082E+03 2.62428E-03
1.44179E+03 2.69698E-03
1.44275E+03 2.73485E-03
1.44372E+03 2.85972E-03
1.44468E+03 3.00845E-03
1.44564E+03 3.07240E-03
1.44661E+03 3.10304E-03
1.44757E+03 3.12908E-03
1.44854E+03 3.13749E-03
1.44950E+03 3.15068E-03
1.45047E+03 3.24180E-03
1.45143E+03 3.28153E-03
1.45240E+03 3.29474E-03
1.45336E+03 3.35886E-03
1.45432E+03 3.42891E-03
1.45529E+03 3.53000E-03
1.45625E+03 3.65035E-03
1.45722E+03 3.72605E-03
1.45818E+03 3.77819E-03
1.45915E+03 3.90652E-03
1.46011E+03 3.97384E-03
1.46107E+03 3.96762E-03
1.46204E+03 4.01377E-03
1.46300E+03 4.00304E-03
1.46397E+03 3.98816E-03
1.46493E+03 3.96838E-03
1.46590E+03 3.84511E-03
1.46686E+03 3.69022E-03
1.46783E+03 3.49814E-03
1.46879E+03 3.36039E-03
1.46975E+03 3.27268E-03
1.47072E+03 3.19339E-03
1.47168E+03 3.29109E-03
1.47265E+03 3.43029E-03
1.47361E+03 3.60932E-03
1.47458E+03 3.79915E-03
1.47554E+03 3.90907E-03
1.47651E+03 4.01978E-03
1.47747E+03 4.00143E-03
1.47843E+03 3.89067E-03
1.47940E+03 3.75552E-03
1.48036E+03 3.59040E-03
1.48133E+03 3.43535E-03
1.48229E+03 3.18998E-03
1.48326E+03 2.89805E-03
1.48422E+03 2.67082E-03
1.48518E+03 2.40529E-03
1.48615E+03 2.17691E-03
1.48711E+03 2.03658E-03
1.48808E+03 1.89448E-03
1.48904E+03 1.77616E-03
1.49001E+03 1.65663E-03
1.49097E+03 1.52283E-03
1.49194E+03 1.38852E-03
1.49290E+03 1.27404E-03
1.49386E+03 1.18235E-03
1.49483E+03 1.08716E-03
1.49579E+03 1.07305E-03
1.49676E+03 9.83015E-04
1.49772E+03 8.18130E-04
1.49869E+03 7.74801E-04
1.49965E+03 7.82542E-04
1.50062E+03 7.49316E-04
1.50158E+03 6.82838E-04
1.50254E+03 5.93212E-04
1.50351E+03 5.11236E-04
1.50447E+03 4.80071E-04
1.50544E+03 4.55339E-04
1.50640E+03 4.30901E-04
1.50737E+03 3.81883E-04
1.50833E+03 3.62255E-04
1.50929E+03 3.09248E-04
1.51026E+03 2.51405E-04
1.51122E+03 2.42047E-04
1.51219E+03 2.28819E-04
1.51315E+03 1.51534E-04
1.51412E+03 8.49999E-05
1.51508E+03 1.32497E-04
1.51605E+03 2.18179E-04
1.51701E+03 1.79365E-04
1.51797E+03 8.62144E-05
1.51894E+03 7.17603E-05
1.51990E+03 8.48807E-05
1.52087E+03 1.30046E-04
1.52183E+03 9.92268E-05
1.52280E+03 5.23441E-05
1.52376E+03 -1.78814E-06
1.52473E+03 -6.63176E-05
1.52569E+03 -1.01689E-04
1.52665E+03 -4.00282E-05
1.52762E+03 -3.10764E-05
1.52858E+03 -8.31559E-05
1.52955E+03 -3.39448E-05
1.53051E+03 -5.05149E-05
1.53148E+03 -6.56098E-05
1.53244E+03 -8.52458E-05
1.53341E+03 -9.00514E-05
1.53437E+03 -8.33981E-05
1.53533E+03 -1.13275E-04
1.53630E+03 -6.99311E-05
1.53726E+03 -8.44523E-05
1.53823E+03 -1.04364E-04
1.53919E+03 -8.26828E-05
1.54016E+03 -7.90618E-05
1.54112E+03 -7.08252E-05
1.54208E+03 -5.51678E-05
1.54305E+03 -9.64366E-05
1.54401E+03 -1.43152E-04
1.54498E+03 -9.64478E-05
1.54594E+03 -1.36498E-04
1.54691E+03 -1.80721E-04
1.54787E+03 -1.59360E-04
1.54884E+03 -1.66886E-04
1.54980E+03 -1.25486E-04
1.55076E+03 -1.25188E-04
1.55173E+03 -2.16268E-04
1.55269E+03 -2.68385E-04
1.55366E+03 -1.57852E-04
1.55462E+03 -1.35455E-04
1.55559E+03 -2.34239E-04
1.55655E+03 -1.67646E-04
1.55752E+03 -5.45382E-05
1.55848E+03 -9.88320E-06
1.55944E+03 -2.75411E-05
1.56041E+03 -9.49576E-05
1.56137E+03 -1.75189E-04
1.56234E+03 -2.10721E-04
1.56330E+03 -2.36630E-04
1.56427E+03 -2.26509E-04
1.56523E+03 -2.24836E-04
1.56619E+03 -2.70363E-04
1.56716E+03 -2.42714E-04
1.56812E+03 -2.65941E-04
1.56909E+03 -2.99580E-04
1.57005E+03 -2.95792E-04
1.57102E+03 -3.05559E-04
1.57198E+03 -2.46417E-04
1.57295E+03 -2.04232E-04
1.57391E+03 -2.43414E-04
1.57487E+03 -2.83755E-04
1.57584E+03 -2.74945E-04
1.57680E+03 -2.93702E-04
1.57777E+03 -3.40797E-04
1.57873E+03 -3.81917E-04
1.57970E+03 -3.85702E-04
1.58066E+03 -3.77472E-04
1.58163E+03 -3.47599E-04
1.58259E+03 -3.56171E-04
1.58355E+03 -3.70439E-04
1.58452E+03 -2.85868E-04
1.58548E+03 -2.94913E-04
1.58645E+03 -3.73110E-04
1.58741E+03 -3.99046E-04
1.58838E+03 -3.97477E-04
1.58934E+03 -3.58533E-04
1.59031E+03 -3.77916E-04
1.59127E+03 -3.89572E-04
1.59223E+03 -3.65682E-04
1.59320E+03 -4.12524E-04
1.59416E+03 -4.81945E-04
1.59513E+03 -4.78119E-04
1.59609E+03 -4.27499E-04
1.59706E+03 -3.96635E-04
1.59802E+03 -4.11887E-04
1.59898E+03 -4.44960E-04
1.59995E+03 -4.59936E-04
1.60091E+03 -4.84638E-04
1.60188E+03 -4.75049E-04
1.60284E+03 -4.93933E-04
1.60381E+03 -5.15688E-04
1.60477E+03 -5.05377E-04
1.60574E+03 -4.85517E-04
1.60670E+03 -4.91928E-04
1.60766E+03 -5.24327E-04
1.60863E+03 -5.21302E-04
1.60959E+03 -4.78566E-04
1.61056E+03 -4.88039E-04
1.61152E+03 -5.62225E-04
1.61249E+03 -5.26421E-04
1.61345E+03 -5.27233E-04
1.61442E+03 -5.55463E-04
1.61538E+03 -5.19030E-04
1.61634E+03 -4.50376E-04
1.61731E+03 -4.47564E-04
1.61827E+03 -5.00523E-04
1.61924E+03 -4.87510E-04
1.62020E+03 -4.81509E-04
1.62117E+03 -5.15115E-04
1.62213E+03 -5.20431E-04
1.62309E+03 -5.00921E-04
1.62406E+03 -5.07072E-04
1.62502E+03 -4.75857E-04
1.62599E+03 -4.34965E-04
1.62695E+03 -4.36645E-04
1.62792E+03 -4.15564E-04
1.62888E+03 -4.39003E-04
1.62985E+03 -4.49788E-04
1.63081E+03 -3.94359E-04
1.63177E+03 -3.96710E-04
1.63274E+03 -4.06310E-04
1.63370E+03 -3.76783E-04
1.63467E+03 -3.08149E-04
1.63563E+03 -2.93396E-04
1.63660E+03 -3.36323E-04
1.63756E+03 -3.60668E-04
1.63853E+03 -3.08834E-04
1.63949E+03 -2.09264E-04
1.64045E+03 -2.38393E-04
1.64142E+03 -2.77460E-04
1.64238E+03 -2.19330E-04
1.64335E+03 -1.63902E-04
1.64431E+03 -1.46385E-04
1.64528E+03 -1.14422E-04
1.64624E+03 -9.37618E-05
1.64720E+03 -7.15405E-05
1.64817E+03 -1.26347E-04
1.64913E+03 -2.06627E-04
1.65010E+03 -1.25553E-04
1.65106E+03 -6.45220E-05
1.65203E+03 -2.42777E-05
1.65299E+03 7.47629E-05
1.65396E+03 5.58868E-05
1.65492E+03 -6.61835E-05
1.65588E+03 -1.04904E-04
1.65685E+03 -7.46548E-05
1.65781E+03 -1.07978E-04
1.65878E+03 -1.11915E-04
1.65974E+03 -7.83727E-05
1.66071E+03 -8.54544E-05
1.66167E+03 -5.73061E-05
1.66264E+03 -1.82092E-05
1.66360E+03 -1.94274E-05
1.66456E+03 -4.53033E-05
1.66553E+03 -2.96272E-05
1.66649E+03 1.72406E-05
1.66746E+03 3.09274E-05
1.66842E+03 4.47035E-05
1.66939E+03 5.03697E-05
1.67035E+03 -1.72183E-05
1.67132E+03 -5.29066E-05
1.67228E+03 -7.09929E-05
1.67324E+03 -1.08704E-04
1.67421E+03 -1.04912E-04
1.67517E+03 -7.61859E-05
1.67614E+03 -5.12339E-05
1.67710E+03 -1.82241E-05
1.67807E+03 -6.10650E-05
1.67903E+03 -1.46665E-04
1.67999E+03 -1.39058E-04
1.68096E+03 -1.12653E-04
1.68192E+03 -6.55688E-05
1.68289E+03 -7.26208E-05
1.68385E+03 -1.12664E-04
1.68482E+03 -8.62814E-05
1.68578E+03 -6.97263E-05
1.68675E+03 -8.79616E-05
1.68771E+03 -9.41455E-05
1.68867E+03 -1.23776E-04
1.68964E+03 -1.85929E-04
1.69060E+03 -2.14756E-04
1.69157E+03 -2.27816E-04
1.69253E+03 -2.58271E-04
1.69350E+03 -3.18740E-04
1.69446E+03 -3.48814E-04
1.69543E+03 -2.93463E-04
1.69639E+03 -3.00165E-04
1.69735E+03 -3.92962E-04
1.69832E+03 -4.46573E-04
1.69928E+03 -4.42315E-04
1.70025E+03 -4.05621E-04
1.70121E+03 -4.65099E-04
1.70218E+03 -5.66538E-04
1.70314E+03 -5.92984E-04
1.70410E+03 -5.76884E-04
1.70507E+03 -5.87527E-04
1.70603E+03 -6.38500E-04
1.70700E+03 -6.55763E-04
1.70796E+03 -6.64372E-04
1.70893E+03 -6.90900E-04
1.70989E+03 -7.02113E-04
1.71086E+03 -7.37540E-04
1.71182E+03 -8.04711E-04
1.71278E+03 -8.52764E-04
1.71375E+03 -8.42188E-04
1.71471E+03 -8.45272E-04
1.71568E+03 -8.04782E-04
1.71664E+03 -7.95022E-04
1.71761E+03 -8.49325E-04
1.71857E+03 -8.83505E-04
1.71954E+03 -9.03860E-04
1.72050E+03 -9.40979E-04
1.72146E+03 -9.89806E-04
1.72243E+03 -1.01916E-03
1.72339E+03 -9.97230E-04
1.72436E+03 -9.47673E-04
1.72532E+03 -9.97048E-04
1.72629E+03 -1.03211E-03
1.72725E+03 -1.01786E-03
1.72822E+03 -1.02044E-03
1.72918E+03 -9.99290E-04
1.73014E+03 -9.88666E-04
1.73111E+03 -1.22785E-03
1.73207E+03 -1.29471E-03
1.73304E+03 -1.14187E-03
1.73400E+03 -1.08899E-03
1.73497E+03 -1.07463E-03
1.73593E+03 -1.14282E-03
1.73689E+03 -1.20127E-03
1.73786E+03 -1.21212E-03
1.73882E+03 -1.19651E-03
1.73979E+03 -1.20529E-03
1.74075E+03 -1.20687E-03
1.74172E+03 -1.26450E-03
1.74268E+03 -1.30326E-03
1.74365E+03 -1.28877E-03
1.74461E+03 -1.32082E-03
1.74557E+03 -1.29617E-03
1.74654E+03 -1.23884E-03
1.74750E+03 -1.25403E-03
1.74847E+03 -1.25869E-03
1.74943E+03 -1.27038E-03
1.75040E+03 -1.30953E-03
1.75136E+03 -1.31300E-03
1.75233E+03 -1.29100E-03
1.75329E+03 -1.27619E-03
1.75425E+03 -1.25096E-03
1.75522E+03 -1.25475E-03
1.75618E+03 -1.34326E-03
1.75715E+03 -1.34738E-03
1.75811E+03 -1.36998E-03
1.75908E+03 -1.43472E-03
1.76004E+03 -1.39911E-03
1.76100E+03 -1.35217E-03
1.76197E+03 -1.37979E-03
1.76293E+03 -1.39842E-03
1.76390E+03 -1.36261E-03
1.76486E+03 -1.36540E-03
1.76583E+03 -1.38251E-03
1.76679E+03 -1.39537E-03
1.76776E+03 -1.34873E-03
1.76872E+03 -1.30307E-03
1.76968E+03 -1.39686E-03
1.77065E+03 -1.48173E-03
1.77161E+03 -1.47488E-03
1.77258E+03 -1.45124E-03
1.77354E+03 -1.45570E-03
1.77451E+03 -1.48175E-03
1.77547E+03 -1.47194E-03
1.77644E+03 -1.45274E-03
1.77740E+03 -1.47509E-03
1.77836E+03 -1.49960E-03
1.77933E+03 -1.53244E-03
1.78029E+03 -1.54614E-03
1.78126E+03 -1.55351E-03
1.78222E+03 -1.52251E-03
1.78319E+03 -1.47369E-03
1.78415E+03 -1.50702E-03
1.78511E+03 -1.50304E-03
1.78608E+03 -1.48237E-03
1.78704E+03 -1.50385E-03
1.78801E+03 -1.55491E-03
1.78897E+03 -1.57594E-03
1.78994E+03 -1.54215E-03
1.79090E+03 -1.49969E-03
1.79187E+03 -1.50936E-03
1.79283E+03 -1.55579E-03
1.79379E+03 -1.58940E-03
1.79476E+03 -1.58947E-03
1.79572E+03 -1.58605E-03
1.79669E+03 -1.62560E-03
1.79765E+03 -1.64246E-03
1.79862E+03 -1.60280E-03
1.79958E+03 -1.60443E-03
1.80055E+03 -1.64495E-03
1.80151E+03 -1.62290E-03
1.80247E+03 -1.56700E-03
1.80344E+03 -1.57243E-03
1.80440E+03 -1.62628E-03
1.80537E+03 -1.63563E-03
1.80633E+03 -1.63111E-03
1.80730E+03 -1.65259E-03
1.80826E+03 -1.65590E-03
1.80923E+03 -1.66368E-03
1.81019E+03 -1.67616E-03
1.81115E+03 -1.64152E-03
1.81212E+03 -1.62143E-03
1.81308E+03 -1.64501E-03
1.81405E+03 -1.67040E-03
1.81501E+03 -1.64270E-03
1.81598E+03 -1.64176E-03
1.81694E+03 -1.66974E-03
1.81790E+03 -1.68449E-03
1.81887E+03 -1.69068E-03
1.81983E+03 -1.67927E-03
1.82080E+03 -1.67763E-03
1.82176E+03 -1.69420E-03
1.82273E+03 -1.68296E-03
1.82369E+03 -1.67891E-03
1.82466E+03 -1.67029E-03
1.82562E+03 -1.66601E-03
1.82658E+03 -1.69900E-03
1.82755E+03 -1.69227E-03
1.82851E+03 -1.70153E-03
1.82948E+03 -1.69037E-03
1.83044E+03 -1.68481E-03
1.83141E+03 -1.72071E-03
1.83237E+03 -1.72109E-03
1.83334E+03 -1.70519E-03
1.83430E+03 -1.71822E-03
1.83526E+03 -1.75122E-03
1.83623E+03 -1.73358E-03
1.83719E+03 -1.70828E-03
1.83816E+03 -1.72468E-03
1.83912E+03 -1.69786E-03
1.84009E+03 -1.68878E-03
1.84105E+03 -1.68368E-03
1.84201E+03 -1.72326E-03
1.84298E+03 -1.72653E-03
1.84394E+03 -1.70184E-03
1.84491E+03 -1.72906E-03
1.84587E+03 -1.74310E-03
1.84684E+03 -1.76959E-03
1.84780E+03 -1.75690E-03
1.84877E+03 -1.73328E-03
1.84973E+03 -1.77112E-03
1.85069E+03 -1.80179E-03
1.85166E+03 -1.78630E-03
1.85262E+03 -1.82629E-03
1.85359E+03 -1.85744E-03
1.85455E+03 -1.82730E-03
1.85552E+03 -1.82674E-03
1.85648E+03 -1.82838E-03
1.85745E+03 -1.79743E-03
1.85841E+03 -1.81631E-03
1.85937E+03 -1.84263E-03
1.86034E+03 -1.82110E-03
1.86130E+03 -1.80903E-03
1.86227E+03 -1.81026E-03
1.86323E+03 -1.78363E-03
1.86420E+03 -1.77499E-03
1.86516E+03 -1.79116E-03
1.86612E+03 -1.77905E-03
1.86709E+03 -1.79858E-03
1.86805E+03 -1.82282E-03
1.86902E+03 -1.79671E-03
1.86998E+03 -1.79097E-03
1.87095E+03 -1.78154E-03
1.87191E+03 -1.79162E-03
1.87288E+03 -1.83343E-03
1.87384E+03 -1.83425E-03
1.87480E+03 -1.79152E-03
1.87577E+03 -1.79644E-03
1.87673E+03 -1.83138E-03
1.87770E+03 -1.82967E-03
1.87866E+03 -1.79913E-03
1.87963E+03 -1.77990E-03
1.88059E+03 -1.82588E-03
1.88156E+03 -1.85873E-03
1.88252E+03 -1.83881E-03
1.88348E+03 -1.81607E-03
1.88445E+03 -1.83464E-03
1.88541E+03 -1.83183E-03
1.88638E+03 -1.80260E-03
1.88734E+03 -1.80052E-03
1.88831E+03 -1.83910E-03
1.88927E+03 -1.86761E-03
1.89024E+03 -1.84811E-03
1.89120E+03 -1.86268E-03
1.89216E+03 -1.85833E-03
1.89313E+03 -1.88117E-03
1.89409E+03 -1.92877E-03
1.89506E+03 -1.88190E-03
1.89602E+03 -1.84983E-03
1.89699E+03 -1.87149E-03
1.89795E+03 -1.89623E-03
1.89891E+03 -1.87806E-03
1.89988E+03 -1.87356E-03
1.90084E+03 -1.90661E-03
1.90181E+03 -1.88487E-03
1.90277E+03 -1.85679E-03
1.90374E+03 -1.88528E-03
1.90470E+03 -1.88806E-03
1.90567E+03 -1.88775E-03
1.90663E+03 -1.94604E-03
1.90759E+03 -1.97301E-03
1.90856E+03 -1.94007E-03
1.90952E+03 -1.90560E-03
1.91049E+03 -1.90855E-03
1.91145E+03 -1.88688E-03
1.91242E+03 -1.90023E-03
1.91338E+03 -1.91834E-03
1.91435E+03 -1.88666E-03
1.91531E+03 -1.92347E-03
1.91627E+03 -1.94030E-03
1.91724E+03 -1.91453E-03
1.91820E+03 -1.92287E-03
1.91917E+03 -1.94276E-03
1.92013E+03 -1.92913E-03
1.92110E+03 -1.85943E-03
1.92206E+03 -1.82711E-03
1.92303E+03 -1.85775E-03
1.92399E+03 -1.90226E-03
1.92495E+03 -1.92503E-03
1.92592E+03 -1.91991E-03
1.92688E+03 -1.93473E-03
1.92785E+03 -1.92453E-03
1.92881E+03 -1.89758E-03
1.92978E+03 -1.90767E-03
1.93074E+03 -1.89418E-03
1.93170E+03 -1.89064E-03
1.93267E+03 -1.91748E-03
1.93363E+03 -1.92032E-03
1.93460E+03 -1.93079E-03
1.93556E+03 -1.95495E-03
1.93653E+03 -1.98762E-03
1.93749E+03 -1.97710E-03
1.93846E+03 -1.96235E-03
1.93942E+03 -1.95658E-03
1.94038E+03 -1.91493E-03
1.94135E+03 -1.92958E-03
1.94231E+03 -1.97296E-03
1.94328E+03 -1.96854E-03
1.94424E+03 -1.93764E-03
1.94521E+03 -1.91309E-03
1.94617E+03 -1.92066E-03
1.94714E+03 -1.95919E-03
1.94810E+03 -2.01230E-03
1.94906E+03 -1.96874E-03
1.95003E+03 -1.88517E-03
1.95099E+03 -1.87577E-03
1.95196E+03 -1.96160E-03
1.95292E+03 -1.99411E-03
1.95389E+03 -1.91187E-03
1.95485E+03 -1.92529E-03
1.95581E+03 -1.92830E-03
1.95678E+03 -1.92085E-03
1.95774E+03 -1.98066E-03
1.95871E+03 -1.99453E-03
1.95967E+03 -2.01295E-03
1.96064E+03 -2.00726E-03
1.96160E+03 -1.92920E-03
1.96257E+03 -1.91149E-03
1.96353E+03 -1.96184E-03
1.96449E+03 -1.98556E-03
1.96546E+03 -1.96961E-03
1.96642E+03 -2.00134E-03
1.96739E+03 -2.00322E-03
1.96835E+03 -1.99857E-03
1.96932E+03 -2.01862E-03
1.97028E+03 -1.99737E-03
1.97125E+03 -1.98803E-03
1.97221E+03 -1.98625E-03
1.97317E+03 -2.00547E-03
1.97414E+03 -1.99476E-03
1.97510E+03 -1.95018E-03
1.97607E+03 -1.94495E-03
1.97703E+03 -1.95996E-03
1.97800E+03 -2.01153E-03
1.97896E+03 -2.02218E-03
1.97992E+03 -1.99957E-03
1.98089E+03 -1.98175E-03
1.98185E+03 -1.95528E-03
1.98282E+03 -1.98760E-03
1.98378E+03 -2.00336E-03
1.98475E+03 -1.99974E-03
1.98571E+03 -1.97737E-03
1.98668E+03 -1.94018E-03
1.98764E+03 -1.95943E-03
1.98860E+03 -1.98011E-03
1.98957E+03 -1.97729E-03
1.99053E+03 -1.96021E-03
1.99150E+03 -1.98718E-03
1.99246E+03 -1.99940E-03
1.99343E+03 -1.98501E-03
1.99439E+03 -1.97739E-03
1.99536E+03 -1.91982E-03
1.99632E+03 -1.95590E-03
1.99728E+03 -1.94756E-03
1.99825E+03 -1.91852E-03
1.99921E+03 -1.93065E-03
2.00018E+03 -1.91148E-03
2.00114E+03 -1.89904E-03
2.00211E+03 -1.91123E-03
2.00307E+03 -1.93546E-03
2.00404E+03 -1.93698E-03
2.00500E+03 -1.95270E-03
2.00596E+03 -1.90941E-03
2.00693E+03 -1.87427E-03
2.00789E+03 -1.88215E-03
2.00886E+03 -1.90520E-03
2.00982E+03 -1.87195E-03
2.01079E+03 -1.84625E-03
2.01175E+03 -1.88874E-03
2.01271E+03 -1.88746E-03
2.01368E+03 -1.88109E-03
2.01464E+03 -1.87741E-03
2.01561E+03 -1.87900E-03
2.01657E+03 -1.86872E-03
2.01754E+03 -1.83339E-03
2.01850E+03 -1.82794E-03
2.01947E+03 -1.82337E-03
2.02043E+03 -1.86116E-03
2.02139E+03 -1.84922E-03
2.02236E+03 -1.78355E-03
2.02332E+03 -1.79889E-03
2.02429E+03 -1.81647E-03
2.02525E+03 -1.80027E-03
2.02622E+03 -1.76785E-03
2.02718E+03 -1.77199E-03
2.02815E+03 -1.76469E-03
2.02911E+03 -1.73091E-03
2.03007E+03 -1.70778E-03
2.03104E+03 -1.71529E-03
2.03200E+03 -1.72456E-03
2.03297E+03 -1.69338E-03
2.03393E+03 -1.72663E-03
2.03490E+03 -1.73172E-03
2.03586E+03 -1.77281E-03
2.03682E+03 -1.80975E-03
2.03779E+03 -1.73918E-03
2.03875E+03 -1.74603E-03
2.03972E+03 -1.71680E-03
2.04068E+03 -1.65744E-03
2.04165E+03 -1.71398E-03
2.04261E+03 -1.74532E-03
2.04358E+03 -1.69623E-03
2.04454E+03 -1.69296E-03
2.04550E+03 -1.66989E-03
2.04647E+03 -1.65799E-03
2.04743E+03 -1.73416E-03
2.04840E+03 -1.76942E-03
2.04936E+03 -1.77717E-03
2.05033E+03 -1.76015E-03
2.05129E+03 -1.76105E-03
2.05226E+03 -1.86443E-03
2.05322E+03 -1.94405E-03
2.05418E+03 -1.93850E-03
2.05515E+03 -1.89199E-03
2.05611E+03 -1.83635E-03
2.05708E+03 -1.84675E-03
2.05804E+03 -1.86365E-03
2.05901E+03 -1.81245E-03
2.05997E+03 -1.81010E-03
2.06094E+03 -1.86509E-03
2.06190E+03 -1.90399E-03
2.06286E+03 -1.92444E-03
2.06383E+03 -1.92937E-03
2.06479E+03 -1.90935E-03
2.06576E+03 -1.81516E-03
2.06672E+03 -1.92047E-03
2.06769E+03 -2.03046E-03
2.06865E+03 -1.95740E-03
2.06961E+03 -1.92060E-03
2.07058E+03 -1.93090E-03
2.07154E+03 -1.91389E-03
2.07251E+03 -1.91748E-03
2.07347E+03 -1.99380E-03
2.07444E+03 -2.00391E-03
2.07540E+03 -2.01929E-03
2.07637E+03 -1.99753E-03
2.07733E+03 -1.99083E-03
2.07829E+03 -2.04628E-03
2.07926E+03 -2.08890E-03
2.08022E+03 -2.08182E-03
2.08119E+03 -2.05152E-03
2.08215E+03 -2.05011E-03
2.08312E+03 -2.03461E-03
2.08408E+03 -2.01850E-03
2.08505E+03 -2.02530E-03
2.08601E+03 -2.02112E-03
2.08697E+03 -2.01340E-03
2.08794E+03 -2.03589E-03
2.08890E+03 -2.06967E-03
2.08987E+03 -2.07611E-03
2.09083E+03 -2.07845E-03
2.09180E+03 -2.11110E-03
2.09276E+03 -2.09671E-03
2.09372E+03 -2.06139E-03
2.09469E+03 -2.09237E-03
2.09565E+03 -2.11567E-03
2.09662E+03 -2.12559E-03
2.09758E+03 -2.12738E-03
2.09855E+03 -2.08151E-03
2.09951E+03 -2.06399E-03
2.10048E+03 -2.14541E-03
2.10144E+03 -2.13803E-03
2.10240E+03 -2.06707E-03
2.10337E+03 -2.11562E-03
2.10433E+03 -2.12442E-03
2.10530E+03 -2.09379E-03
2.10626E+03 -2.09971E-03
2.10723E+03 -2.10840E-03
2.10819E+03 -2.11312E-03
2.10916E+03 -2.09985E-03
2.11012E+03 -2.14534E-03
2.11108E+03 -2.13858E-03
2.11205E+03 -2.08199E-03
2.11301E+03 -2.10476E-03
2.11398E+03 -2.11373E-03
2.11494E+03 -2.14189E-03
2.11591E+03 -2.13164E-03
2.11687E+03 -2.09955E-03
2.11783E+03 -2.11829E-03
2.11880E+03 -2.12747E-03
2.11976E+03 -2.12254E-03
2.12073E+03 -2.07600E-03
2.12169E+03 -2.03462E-03
2.12266E+03 -2.03304E-03
2.12362E+03 -2.04770E-03
2.12459E+03 -2.10942E-03
2.12555E+03 -2.12317E-03
2.12651E+03 -2.10314E-03
2.12748E+03 -2.14782E-03
2.12844E+03 -2.13641E-03
2.12941E+03 -2.10747E-03
2.13037E+03 -2.10085E-03
2.13134E+03 -2.05718E-03
2.13230E+03 -2.04142E-03
2.13327E+03 -2.05809E-03
2.13423E+03 -2.08251E-03
2.13519E+03 -2.15672E-03
2.13616E+03 -2.15141E-03
2.13712E+03 -2.10819E-03
2.13809E+03 -2.10439E-03
2.13905E+03 -2.13174E-03
2.14002E+03 -2.12901E-03
2.14098E+03 -2.06360E-03
2.14195E+03 -2.07302E-03
2.14291E+03 -2.10260E-03
2.14387E+03 -2.10672E-03
2.14484E+03 -2.07543E-03
2.14580E+03 -2.05217E-03
2.14677E+03 -2.06430E-03
2.14773E+03 -2.09054E-03
2.14870E+03 -2.07268E-03
2.14966E+03 -2.08382E-03
2.15062E+03 -2.10250E-03
2.15159E+03 -2.10269E-03
2.15255E+03 -2.12952E-03
2.15352E+03 -2.07652E-03
2.15448E+03 -2.04710E-03
2.15545E+03 -2.06074E-03
2.15641E+03 -2.05245E-03
2.15738E+03 -2.03418E-03
2.15834E+03 -2.04764E-03
2.15930E+03 -2.06478E-03
2.16027E+03 -2.07418E-03
2.16123E+03 -2.03324E-03
2.16220E+03 -2.03025E-03
2.16316E+03 -2.04091E-03
2.16413E+03 -1.99829E-03
2.16509E+03 -1.99126E-03
2.16606E+03 -1.98463E-03
2.16702E+03 -1.98741E-03
2.16798E+03 -2.01463E-03
2.16895E+03 -2.06225E-03
2.16991E+03 -2.04656E-03
2.17088E+03 -2.00166E-03
2.17184E+03 -2.01402E-03
2.17281E+03 -2.00903E-03
2.17377E+03 -1.99258E-03
2.17473E+03 -2.01156E-03
2.17570E+03 -1.99478E-03
2.17666E+03 -2.02690E-03
2.17763E+03 -2.07180E-03
2.17859E+03 -2.05153E-03
2.17956E+03 -2.05270E-03
2.18052E+03 -2.06196E-03
2.18149E+03 -2.02416E-03
2.18245E+03 -1.97192E-03
2.18341E+03 -1.94869E-03
2.18438E+03 -1.94352E-03
2.18534E+03 -1.95829E-03
2.18631E+03 -2.00013E-03
2.18727E+03 -2.01744E-03
2.18824E+03 -2.02100E-03
2.18920E+03 -1.98664E-03
2.19017E+03 -1.93473E-03
2.19113E+03 -1.98147E-03
2.19209E+03 -2.02800E-03
2.19306E+03 -2.03373E-03
2.19402E+03 -2.03533E-03
2.19499E+03 -2.03424E-03
2.19595E+03 -2.02973E-03
2.19692E+03 -1.99073E-03
2.19788E+03 -1.96942E-03
2.19884E+03 -1.98523E-03
2.19981E+03 -1.97827E-03
2.20077E+03 -1.98303E-03
2.20174E+03 -1.98545E-03
2.20270E+03 -1.99061E-03
2.20367E+03 -2.00665E-03
2.20463E+03 -1.95087E-03
2.20560E+03 -1.91410E-03
2.20656E+03 -1.92077E-03
2.20752E+03 -1.93323E-03
2.20849E+03 -1.97025E-03
2.20945E+03 -1.96267E-03
2.21042E+03 -1.91515E-03
2.21138E+03 -1.88491E-03
2.21235E+03 -1.86618E-03
2.21331E+03 -1.90780E-03
2.21428E+03 -1.96675E-03
2.21524E+03 -1.94705E-03
2.21620E+03 -1.92879E-03
2.21717E+03 -1.90753E-03
2.21813E+03 -1.89663E-03
2.21910E+03 -1.87933E-03
2.22006E+03 -1.86963E-03
2.22103E+03 -1.84828E-03
2.22199E+03 -1.84220E-03
2.22296E+03 -1.87289E-03
2.22392E+03 -1.88394E-03
2.22488E+03 -1.85179E-03
2.22585E+03 -1.81577E-03
2.22681E+03 -1.86111E-03
2.22778E+03 -1.87972E-03
2.22874E+03 -1.88122E-03
2.22971E+03 -1.85299E-03
2.23067E+03 -1.78773E-03
2.23163E+03 -1.77512E-03
2.23260E+03 -1.77635E-03
2.23356E+03 -1.80195E-03
2.23453E+03 -1.80664E-03
2.23549E+03 -1.74994E-03
2.23646E+03 -1.75526E-03
2.23742E+03 -1.80346E-03
2.23839E+03 -1.82242E-03
2.23935E+03 -1.81171E-03
2.24031E+03 -1.81932E-03
2.24128E+03 -1.83782E-03
2.24224E+03 -1.85429E-03
2.24321E+03 -1.85784E-03
2.24417E+03 -1.88244E-03
2.24514E+03 -1.88443E-03
2.24610E+03 -1.86177E-03
2.24707E+03 -1.88828E-03
2.24803E+03 -1.91996E-03
2.24899E+03 -1.91917E-03
2.24996E+03 -1.92830E-03
2.25092E+03 -1.90520E-03
2.25189E+03 -1.90672E-03
2.25285E+03 -1.95970E-03
2.25382E+03 -1.93983E-03
2.25478E+03 -1.89926E-03
2.25574E+03 -1.91168E-03
2.25671E+03 -1.95346E-03
2.25767E+03 -1.95245E-03
2.25864E+03 -1.94138E-03
2.25960E+03 -1.98542E-03
2.26057E+03 -1.97367E-03
2.26153E+03 -1.96452E-03
2.26250E+03 -2.03605E-03
2.26346E+03 -2.06332E-03
2.26442E+03 -2.07727E-03
2.26539E+03 -2.04740E-03
2.26635E+03 -2.02062E-03
2.26732E+03 -2.05224E-03
2.26828E+03 -2.03209E-03
2.26925E+03 -1.95313E-03
2.27021E+03 -1.76080E-03
2.27118E+03 -1.34783E-03
2.27214E+03 -5.73877E-04
2.27310E+03 5.79476E-04
2.27407E+03 1.95466E-03
2.27503E+03 3.17687E-03
2.27600E+03 3.86506E-03
2.27696E+03 3.88043E-03
2.27793E+03 3.27458E-03
2.27889E+03 2.30766E-03
2.27986E+03 1.24977E-03
2.28082E+03 2.72270E-04
2.28178E+03 -5.34371E-04
2.28275E+03 -1.11102E-03
2.28371E+03 -1.47844E-03
2.28468E+03 -1.73174E-03
2.28564E+03 -1.93729E-03
2.28661E+03 -2.06040E-03
2.28757E+03 -2.14214E-03
2.28853E+03 -2.16300E-03
2.28950E+03 -2.16396E-03
2.29046E+03 -2.16280E-03
2.29143E+03 -2.12695E-03
2.29239E+03 -2.15294E-03
2.29336E+03 -2.16543E-03
2.29432E+03 -2.16378E-03
2.29529E+03 -2.15063E-03
2.29625E+03 -2.06617E-03
2.29721E+03 -2.05472E-03
2.29818E+03 -2.08312E-03
2.29914E+03 -2.03956E-03
2.30011E+03 -1.96291E-03
2.30107E+03 -1.90200E-03
2.30204E+03 -1.89543E-03
2.30300E+03 -1.84111E-03
2.30397E+03 -1.75552E-03
2.30493E+03 -1.74272E-03
2.30589E+03 -1.68979E-03
2.30686E+03 -1.62375E-03
2.30782E+03 -1.63061E-03
2.30879E+03 -1.57046E-03
2.30975E+03 -1.47972E-03
2.31072E+03 -1.44679E-03
2.31168E+03 -1.42108E-03
2.31265E+03 -1.36848E-03
2.31361E+03 -1.27706E-03
2.31457E+03 -1.19487E-03
2.31554E+03 -1.08843E-03
2.31650E+03 -9.33237E-04
2.31747E+03 -6.32856E-04
2.31843E+03 -1.58515E-04
2.31940E+03 5.90436E-04
2.32036E+03 1.61345E-03
2.32132E+03 2.81979E-03
2.32229E+03 4.21194E-03
2.32325E+03 5.75454E-03
2.32422E+03 7.78924E-03
2.32518E+03 1.15781E-02
2.32615E+03 1.92538E-02
2.32711E+03 3.31849E-02
2.32808E+03 5.33481E-02
2.32904E+03 7.67382E-02
2.33000E+03 9.92657E-02
2.33097E+03 1.18643E-01
2.33193E+03 1.34475E-01
2.33290E+03 1.47085E-01
2.33386E+03 1.57127E-01
2.33483E+03 1.65065E-01
2.33579E+03 1.71412E-01
2.33676E+03 1.76117E-01
2.33772E+03 1.78916E-01
2.33868E+03 1.79384E-01
2.33965E+03 1.77205E-01
2.34061E+03 1.72482E-01
2.34158E+03 1.65714E-01
2.34254E+03 1.57393E-01
2.34351E+03 1.48246E-01
2.34447E+03 1.38818E-01
2.34543E+03 1.29341E-01
2.34640E+03 1.20017E-01
2.34736E+03 1.11147E-01
2.34833E+03 1.02854E-01
2.34929E+03 9.52129E-02
2.35026E+03 8.82199E-02
2.35122E+03 8.17817E-02
2.35219E+03 7.57908E-02
2.35315E+03 7.02002E-02
2.35411E+03 6.50025E-02
2.35508E+03 6.00636E-02
2.35604E+03 5.53416E-02
2.35701E+03 5.08660E-02
2.35797E+03 4.64879E-02
2.35894E+03 4.21929E-02
2.35990E+03 3.80074E-02
2.36087E+03 3.38983E-02
2.36183E+03 2.98230E-02
2.36279E+03 2.57564E-02
2.36376E+03 2.18587E-02
2.36472E+03 1.81526E-02
2.36569E+03 1.47712E-02
2.36665E+03 1.19033E-02
2.36762E+03 9.55688E-03
2.36858E+03 7.66043E-03
2.36954E+03 6.13557E-03
2.37051E+03 4.97003E-03
2.37147E+03 4.06213E-03
2.37244E+03 3.38213E-03
2.37340E+03 2.90270E-03
2.37437E+03 2.52807E-03
2.37533E+03 2.16356E-03
2.37630E+03 1.86388E-03
2.37726E+03 1.63172E-03
2.37822E+03 1.35304E-03
2.37919E+03 1.06133E-03
2.38015E+03 8.26512E-04
2.38112E+03 6.36388E-04
2.38208E+03 5.23228E-04
2.38305E+03 4.49937E-04
2.38401E+03 3.52554E-04
2.38498E+03 2.73652E-04
2.38594E+03 2.08039E-04
2.38690E+03 1.20904E-04
2.38787E+03 4.99561E-05
2.38883E+03 -1.82539E-05
2.38980E+03 -6.30952E-05
2.39076E+03 -1.00724E-04
2.39173E+03 -1.45439E-04
2.39269E+03 -1.49440E-04
2.39366E+03 -1.67336E-04
2.39462E+03 -2.43850E-04
2.39558E+03 -2.98619E-04
2.39655E+03 -3.58853E-04
2.39751E+03 -3.83761E-04
2.39848E+03 -3.97041E-04
2.39944E+03 -4.42956E-04
2.40041E+03 -5.03156E-04
2.40137E+03 -5.73475E-04
2.40233E+03 -5.35496E-04
2.40330E+03 -5.42019E-04
2.40426E+03 -6.21136E-04
2.40523E+03 -6.48141E-04
2.40619E+03 -6.78506E-04
2.40716E+03 -7.40249E-04
2.40812E+03 -7.71482E-04
2.40909E+03 -7.78388E-04
2.41005E+03 -7.79860E-04
2.41101E+03 -7.78008E-04
2.41198E+03 -7.90473E-04
2.41294E+03 -8.07047E-04
2.41391E+03 -8.44944E-04
2.41487E+03 -8.83766E-04
2.41584E+03 -9.04035E-04
2.41680E+03 -8.93693E-04
2.41777E+03 -8.87405E-04
2.41873E+03 -9.02414E-04
2.41969E+03 -9.06345E-04
2.42066E+03 -9.50713E-04
2.42162E+03 -9.79520E-04
2.42259E+03 -9.86591E-04
2.42355E+03 -1.00433E-03
2.42452E+03 -9.94939E-04
2.42548E+03 -9.72427E-04
2.42644E+03 -1.01016E-03
2.42741E+03 -1.06618E-03
2.42837E+03 -1.04996E-03
2.42934E+03 -1.00528E-03
2.43030E+03 -1.01456E-03
2.43127E+03 -1.05924E-03
2.43223E+03 -1.07164E-03
2.43320E+03 -1.04460E-03
2.43416E+03 -1.06883E-03
2.43512E+03 -1.13304E-03
2.43609E+03 -1.11604E-03
2.43705E+03 -1.10640E-03
2.43802E+03 -1.12639E-03
2.43898E+03 -1.16660E-03
2.43995E+03 -1.22855E-03
2.44091E+03 -1.20610E-03
2.44188E+03 -1.17532E-03
2.44284E+03 -1.23638E-03
2.44380E+03 -1.29725E-03
2.44477E+03 -1.29067E-03
2.44573E+03 -1.28375E-03
2.44670E+03 -1.28263E-03
2.44766E+03 -1.25929E-03
2.44863E+03 -1.25524E-03
2.44959E+03 -1.23503E-03
2.45055E+03 -1.23217E-03
2.45152E+03 -1.27494E-03
2.45248E+03 -1.32253E-03
2.45345E+03 -1.35598E-03
2.45441E+03 -1.34291E-03
2.45538E+03 -1.33825E-03
2.45634E+03 -1.39436E-03
2.45731E+03 -1.41517E-03
2.45827E+03 -1.39990E-03
2.45923E+03 -1.40194E-03
2.46020E+03 -1.43184E-03
2.46116E+03 -1.47819E-03
2.46213E+03 -1.49906E-03
2.46309E+03 -1.50876E-03
2.46406E+03 -1.52548E-03
2.46502E+03 -1.55954E-03
2.46599E+03 -1.57664E-03
2.46695E+03 -1.57210E-03
2.46791E+03 -1.62180E-03
2.46888E+03 -1.67026E-03
2.46984E+03 -1.65011E-03
2.47081E+03 -1.63749E-03
2.47177E+03 -1.60847E-03
2.47274E+03 -1.61454E-03
2.47370E+03 -1.67613E-03
2.47467E+03 -1.69395E-03
2.47563E+03 -1.69586E-03
2.47659E+03 -1.68686E-03
2.47756E+03 -1.70514E-03
2.47852E+03 -1.68657E-03
2.47949E+03 -1.67272E-03
2.48045E+03 -1.71036E-03
2.48142E+03 -1.73436E-03
2.48238E+03 -1.74898E-03
2.48334E+03 -1.75538E-03
2.48431E+03 -1.75800E-03
2.48527E+03 -1.73707E-03
2.48624E+03 -1.74987E-03
2.48720E+03 -1.76971E-03
2.48817E+03 -1.72728E-03
2.48913E+03 -1.65932E-03
2.49010E+03 -1.63978E-03
2.49106E+03 -1.66355E-03
2.49202E+03 -1.65011E-03
2.49299E+03 -1.63969E-03
2.49395E+03 -1.68740E-03
2.49492E+03 -1.68292E-03
2.49588E+03 -1.61518E-03
2.49685E+03 -1.60632E-03
2.49781E+03 -1.62131E-03
2.49878E+03 -1.56853E-03
2.49974E+03 -1.56106E-03
2.50070E+03 -1.59537E-03
2.50167E+03 -1.54924E-03
2.50263E+03 -1.46941E-03
2.50360E+03 -1.47859E-03
2.50456E+03 -1.47482E-03
2.50553E+03 -1.44665E-03
2.50649E+03 -1.45018E-03
2.50745E+03 -1.45230E-03
2.50842E+03 -1.45241E-03
2.50938E+03 -1.40210E-03
2.51035E+03 -1.38714E-03
2.51131E+03 -1.40909E-03
2.51228E+03 -1.36866E-03
2.51324E+03 -1.32352E-03
2.51421E+03 -1.27802E-03
2.51517E+03 -1.21863E-03
2.51613E+03 -1.22241E-03
2.51710E+03 -1.24448E-03
2.51806E+03 -1.23918E-03
2.51903E+03 -1.21500E-03
2.51999E+03 -1.23570E-03
2.52096E+03 -1.21878E-03
2.52192E+03 -1.17435E-03
2.52289E+03 -1.12071E-03
2.52385E+03 -1.07379E-03
2.52481E+03 -1.08643E-03
2.52578E+03 -1.13755E-03
2.52674E+03 -1.12017E-03
2.52771E+03 -1.07208E-03
2.52867E+03 -1.10254E-03
2.52964E+03 -1.09927E-03
2.53060E+03 -1.09787E-03
2.53156E+03 -1.07458E-03
2.53253E+03 -1.06650E-03
2.53349E+03 -1.09037E-03
2.53446E+03 -1.10136E-03
2.53542E+03 -1.15374E-03
2.53639E+03 -1.14768E-03
2.53735E+03 -1.13311E-03
2.53832E+03 -1.18534E-03
2.53928E+03 -1.19536E-03
2.54024E+03 -1.14194E-03
2.54121E+03 -1.15120E-03
2.54217E+03 -1.20409E-03
2.54314E+03 -1.19754E-03
2.54410E+03 -1.20204E-03
2.54507E+03 -1.24851E-03
2.54603E+03 -1.26361E-03
2.54700E+03 -1.23672E-03
2.54796E+03 -1.26539E-03
2.54892E+03 -1.31649E-03
2.54989E+03 -1.31847E-03
2.55085E+03 -1.29750E-03
2.55182E+03 -1.35914E-03
2.55278E+03 -1.40435E-03
2.55375E+03 -1.38339E-03
2.55471E+03 -1.37673E-03
2.55568E+03 -1.35238E-03
2.55664E+03 -1.33627E-03
2.55760E+03 -1.33448E-03
2.55857E+03 -1.37057E-03
2.55953E+03 -1.37855E-03
2.56050E+03 -1.42073E-03
2.56146E+03 -1.43857E-03
2.56243E+03 -1.43762E-03
2.56339E+03 -1.47793E-03
2.56435E+03 -1.47074E-03
2.56532E+03 -1.47762E-03
2.56628E+03 -1.48384E-03
2.56725E+03 -1.50434E-03
2.56821E+03 -1.56997E-03
2.56918E+03 -1.59449E-03
2.57014E+03 -1.56484E-03
2.57111E+03 -1.59220E-03
2.57207E+03 -1.59060E-03
2.57303E+03 -1.54806E-03
2.57400E+03 -1.53777E-03
2.57496E+03 -1.51300E-03
2.57593E+03 -1.54586E-03
2.57689E+03 -1.55067E-03
2.57786E+03 -1.54533E-03
2.57882E+03 -1.56562E-03
2.57979E+03 -1.56380E-03
2.58075E+03 -1.58614E-03
2.58171E+03 -1.61405E-03
2.58268E+03 -1.58806E-03
2.58364E+03 -1.57620E-03
2.58461E+03 -1.59061E-03
2.58557E+03 -1.52253E-03
2.58654E+03 -1.52065E-03
2.58750E+03 -1.54550E-03
2.58846E+03 -1.49951E-03
2.58943E+03 -1.51696E-03
2.59039E+03 -1.57122E-03
2.59136E+03 -1.55959E-03
2.59232E+03 -1.54124E-03
2.59329E+03 -1.50711E-03
2.59425E+03 -1.50101E-03
2.59522E+03 -1.50190E-03
2.59618E+03 -1.48582E-03
2.59714E+03 -1.49936E-03
2.59811E+03 -1.52961E-03
2.59907E+03 -1.55214E-03
2.60004E+03 -1.54206E-03
2.60100E+03 -1.53136E-03
2.60197E+03 -1.54012E-03
2.60293E+03 -1.54490E-03
2.60390E+03 -1.57693E-03
2.60486E+03 -1.57655E-03
2.60582E+03 -1.57098E-03
2.60679E+03 -1.60020E-03
2.60775E+03 -1.65646E-03
2.60872E+03 -1.70334E-03
2.60968E+03 -1.69698E-03
2.61065E+03 -1.71190E-03
2.61161E+03 -1.69659E-03
2.61258E+03 -1.67023E-03
2.61354E+03 -1.68844E-03
2.61450E+03 -1.70846E-03
2.61547E+03 -1.69292E-03
2.61643E+03 -1.73708E-03
2.61740E+03 -1.74242E-03
2.61836E+03 -1.70323E-03
2.61933E+03 -1.70694E-03
2.62029E+03 -1.76372E-03
2.62125E+03 -1.80004E-03
2.62222E+03 -1.77498E-03
2.62318E+03 -1.82043E-03
2.62415E+03 -1.84222E-03
2.62511E+03 -1.81815E-03
2.62608E+03 -1.85657E-03
2.62704E+03 -1.91629E-03
2.62801E+03 -1.91256E-03
2.62897E+03 -1.93540E-03
2.62993E+03 -1.97377E-03
2.63090E+03 -1.93320E-03
2.63186E+03 -1.96633E-03
2.63283E+03 -2.03189E-03
2.63379E+03 -2.07553E-03
2.63476E+03 -2.12346E-03
2.63572E+03 -2.11516E-03
2.63669E+03 -2.09430E-03
2.63765E+03 -2.09156E-03
2.63861E+03 -2.11864E-03
2.63958E+03 -2.16715E-03
2.64054E+03 -2.21559E-03
2.64151E+03 -2.27467E-03
2.64247E+03 -2.30332E-03
2.64344E+03 -2.27116E-03
2.64440E+03 -2.27389E-03
2.64536E+03 -2.28057E-03
2.64633E+03 -2.29172E-03
2.64729E+03 -2.34043E-03
2.64826E+03 -2.34392E-03
2.64922E+03 -2.35696E-03
2.65019E+03 -2.40355E-03
2.65115E+03 -2.35626E-03
2.65212E+03 -2.28075E-03
2.65308E+03 -2.32813E-03
2.65404E+03 -2.39383E-03
2.65501E+03 -2.40723E-03
2.65597E+03 -2.40802E-03
2.65694E+03 -2.37536E-03
2.65790E+03 -2.35407E-03
2.65887E+03 -2.39638E-03
2.65983E+03 -2.43253E-03
2.66080E+03 -2.43492E-03
2.66176E+03 -2.43108E-03
2.66272E+03 -2.39965E-03
2.66369E+03 -2.39298E-03
2.66465E+03 -2.45696E-03
2.66562E+03 -2.47635E-03
2.66658E+03 -2.50193E-03
2.66755E+03 -2.51710E-03
2.66851E+03 -2.46937E-03
2.66948E+03 -2.50748E-03
2.67044E+03 -2.46168E-03
2.67140E+03 -2.44489E-03
2.67237E+03 -2.53084E-03
2.67333E+03 -2.55499E-03
2.67430E+03 -2.54228E-03
2.67526E+03 -2.51519E-03
2.67623E+03 -2.51681E-03
2.67719E+03 -2.53778E-03
2.67815E+03 -2.55379E-03
2.67912E+03 -2.55552E-03
2.68008E+03 -2.54929E-03
2.68105E+03 -2.54911E-03
2.68201E+03 -2.54164E-03
2.68298E+03 -2.49135E-03
2.68394E+03 -2.47659E-03
2.68491E+03 -2.51444E-03
2.68587E+03 -2.53656E-03
2.68683E+03 -2.55862E-03
2.68780E+03 -2.51720E-03
2.68876E+03 -2.44934E-03
2.68973E+03 -2.51291E-03
2.69069E+03 -2.53345E-03
2.69166E+03 -2.50048E-03
2.69262E+03 -2.50626E-03
2.69359E+03 -2.47021E-03
2.69455E+03 -2.46503E-03
2.69551E+03 -2.50153E-03
2.69648E+03 -2.49723E-03
2.69744E+03 -2.50581E-03
2.69841E+03 -2.52397E-03
2.69937E+03 -2.57703E-03
2.70034E+03 -2.58264E-03
2.70130E+03 -2.55136E-03
2.70226E+03 -2.57467E-03
2.70323E+03 -2.56488E-03
2.70419E+03 -2.52544E-03
2.70516E+03 -2.49150E-03
2.70612E+03 -2.49197E-03
2.70709E+03 -2.52074E-03
2.70805E+03 -2.55540E-03
2.70902E+03 -2.58845E-03
2.70998E+03 -2.60436E-03
2.71094E+03 -2.59331E-03
2.71191E+03 -2.51247E-03
2.71287E+03 -2.43305E-03
2.71384E+03 -2.46916E-03
2.71480E+03 -2.50589E-03
2.71577E+03 -2.51594E-03
2.71673E+03 -2.48241E-03
2.71770E+03 -2.46674E-03
2.71866E+03 -2.54087E-03
2.71962E+03 -2.54025E-03
2.72059E+03 -2.54475E-03
2.72155E+03 -2.54392E-03
2.72252E+03 -2.52134E-03
2.72348E+03 -2.57673E-03
2.72445E+03 -2.66130E-03
2.72541E+03 -2.62711E-03
2.72638E+03 -2.60327E-03
2.72734E+03 -2.55963E-03
2.72830E+03 -2.54055E-03
2.72927E+03 -2.51939E-03
2.73023E+03 -2.28979E-03
2.73120E+03 -2.13194E-03
2.73216E+03 -2.10074E-03
2.73313E+03 -2.15092E-03
2.73409E+03 -2.17374E-03
2.73505E+03 -2.19735E-03
2.73602E+03 -2.29403E-03
2.73698E+03 -2.41965E-03
2.73795E+03 -2.77731E-03
2.73891E+03 -3.00370E-03
2.73988E+03 -2.87640E-03
2.74084E+03 -2.45319E-03
2.74181E+03 -2.28904E-03
2.74277E+03 -2.56928E-03
2.74373E+03 -2.67840E-03
2.74470E+03 -2.21906E-03
2.74566E+03 -1.85763E-03
2.74663E+03 -2.48442E-03
2.74759E+03 -2.35320E-03
2.74856E+03 -2.00777E-03
2.74952E+03 -2.21071E-03
2.75049E+03 -2.22574E-03
2.75145E+03 -2.12448E-03
2.75241E+03 -2.00940E-03
2.75338E+03 -2.05977E-03
2.75434E+03 -2.02150E-03
2.75531E+03 -2.04437E-03
2.75627E+03 -2.03703E-03
2.75724E+03 -1.86007E-03
2.75820E+03 -1.87190E-03
2.75916E+03 -1.87990E-03
2.76013E+03 -1.82033E-03
2.76109E+03 -1.83859E-03
2.76206E+03 -1.78827E-03
2.76302E+03 -1.78843E-03
2.76399E+03 -1.77561E-03
2.76495E+03 -1.77706E-03
2.76592E+03 -1.73876E-03
2.76688E+03 -1.70718E-03
2.76784E+03 -1.59170E-03
2.76881E+03 -1.47338E-03
2.76977E+03 -1.50721E-03
2.77074E+03 -1.48955E-03
2.77170E+03 -1.38115E-03
2.77267E+03 -1.35981E-03
2.77363E+03 -1.34147E-03
2.77460E+03 -1.27953E-03
2.77556E+03 -1.21265E-03
2.77652E+03 -1.14816E-03
2.77749E+03 -1.11988E-03
2.77845E+03 -1.01240E-03
2.77942E+03 -8.84429E-04
2.78038E+03 -8.02718E-04
2.78135E+03 -7.12316E-04
2.78231E+03 -6.34316E-04
2.78327E+03 -5.76224E-04
2.78424E+03 -5.16973E-04
2.78520E+03 -4.00819E-04
2.78617E+03 -2.27876E-04
2.78713E+03 -8.50409E-05
2.78810E+03 2.88747E-05
2.78906E+03 1.32576E-04
2.79003E+03 2.29161E-04
2.79099E+03 3.05861E-04
2.79195E+03 4.18715E-04
2.79292E+03 5.27430E-04
2.79388E+03 6.43618E-04
2.79485E+03 7.30414E-04
2.79581E+03 7.76973E-04
2.79678E+03 9.43925E-04
2.79774E+03 1.12549E-03
2.79871E+03 1.21196E-03
2.79967E+03 1.27334E-03
2.80063E+03 1.34878E-03
2.80160E+03 1.51014E-03
2.80256E+03 1.69239E-03
2.80353E+03 1.80265E-03
2.80449E+03 1.92541E-03
2.80546E+03 2.03748E-03
2.80642E+03 2.16864E-03
2.80739E+03 2.31256E-03
2.80835E+03 2.44668E-03
2.80931E+03 2.59032E-03
2.81028E+03 2.79954E-03
2.81124E+03 2.97811E-03
2.81221E+03 3.11919E-03
2.81317E+03 3.26286E-03
2.81414E+03 3.34078E-03
2.81510E+03 3.51170E-03
2.81606E+03 3.69648E-03
2.81703E+03 3.90694E-03
2.81799E+03 4.14852E-03
2.81896E+03 4.44651E-03
2.81992E+03 4.76331E-03
2.82089E+03 4.95500E-03
2.82185E+03 5.24254E-03
2.82282E+03 5.60566E-03
2.82378E+03 5.96350E-03
2.82474E+03 6.28807E-03
2.82571E+03 6.58093E-03
2.82667E+03 6.91108E-03
2.82764E+03 7.21591E-03
2.82860E+03 7.49507E-03
2.82957E+03 7.75253E-03
2.83053E+03 7.87522E-03
2.83150E+03 7.85633E-03
2.83246E+03 7.80137E-03
2.83342E+03 7.73787E-03
2.83439E+03 7.58906E-03
2.83535E+03 7.36728E-03
2.83632E+03 7.09099E-03
2.83728E+03 6.81832E-03
2.83825E+03 6.50528E-03
2.83921E+03 6.14058E-03
2.84017E+03 5.85848E-03
2.84114E+03 5.57151E-03
2.84210E+03 5.27147E-03
2.84307E+03 4.97779E-03
2.84403E+03 4.63175E-03
2.84500E+03 4.25980E-03
2.84596E+03 3.99434E-03
2.84693E+03 3.84022E-03
2.84789E+03 3.65539E-03
2.84885E+03 3.43909E-03
2.84982E+03 3.25479E-03
2.85078E+03 3.08766E-03
2.85175E+03 2.98937E-03
2.85271E+03 2.94164E-03
2.85368E+03 2.83045E-03
2.85464E+03 2.72410E-03
2.85561E+03 2.65228E-03
2.85657E+03 2.56399E-03
2.85753E+03 2.52922E-03
2.85850E+03 2.51641E-03
2.85946E+03 2.45542E-03
2.86043E+03 2.42927E-03
2.86139E+03 2.38133E-03
2.86236E+03 2.29375E-03
2.86332E+03 2.29407E-03
2.86428E+03 2.32155E-03
2.86525E+03 2.26984E-03
2.86621E+03 2.20778E-03
2.86718E+03 2.24219E-03
2.86814E+03 2.30524E-03
2.86911E+03 2.33496E-03
2.87007E+03 2.25708E-03
2.87104E+03 2.15393E-03
2.87200E+03 2.13816E-03
2.87296E+03 2.17584E-03
2.87393E+03 2.26254E-03
2.87489E+03 2.26396E-03
2.87586E+03 2.22399E-03
2.87682E+03 2.21940E-03
2.87779E+03 2.25166E-03
2.87875E+03 2.23998E-03
2.87972E+03 2.22291E-03
2.88068E+03 2.30730E-03
2.88164E+03 2.33415E-03
2.88261E+03 2.35159E-03
2.88357E+03 2.42058E-03
2.88454E+03 2.49304E-03
2.88550E+03 2.54397E-03
2.88647E+03 2.55039E-03
2.88743E+03 2.55785E-03
2.88840E+03 2.60952E-03
2.88936E+03 2.76752E-03
2.89032E+03 2.85238E-03
2.89129E+03 2.88954E-03
2.89225E+03 2.94467E-03
2.89322E+03 2.99209E-03
2.89418E+03 3.00534E-03
2.89515E+03 3.01471E-03
2.89611E+03 3.13849E-03
2.89707E+03 3.23144E-03
2.89804E+03 3.26604E-03
2.89900E+03 3.38801E-03
2.89997E+03 3.47934E-03
2.90093E+03 3.45880E-03
2.90190E+03 3.55140E-03
2.90286E+03 3.71740E-03
2.90383E+03 3.80126E-03
2.90479E+03 3.87472E-03
2.90575E+03 3.96743E-03
2.90672E+03 4.03678E-03
2.90768E+03 4.17169E-03
2.90865E+03 4.31206E-03
2.90961E+03 4.41354E-03
2.91058E+03 4.46124E-03
2.91154E+03 4.52914E-03
2.91251E+03 4.58959E-03
2.91347E+03 4.67390E-03
2.91443E+03 4.75900E-03
2.91540E+03 4.66639E-03
2.91636E+03 4.66243E-03
2.91733E+03 4.72016E-03
2.91829E+03 4.74088E-03
2.91926E+03 4.80788E-03
2.92022E+03 4.87318E-03
2.92118E+03 4.96776E-03
2.92215E+03 5.02088E-03
2.92311E+03 4.95933E-03
2.92408E+03 4.99512E-03
2.92504E+03 5.19523E-03
2.92601E+03 5.40511E-03
2.92697E+03 5.48234E-03
2.92794E+03 5.49113E-03
2.92890E+03 5.55417E-03
2.92986E+03 5.62494E-03
2.93083E+03 5.68795E-03
2.93179E+03 5.82556E-03
2.93276E+03 5.91875E-03
2.93372E+03 6.03138E-03
2.93469E+03 6.13461E-03
2.93565E+03 6.06171E-03
2.93662E+03 6.02458E-03
2.93758E+03 6.06988E-03
2.93854E+03 6.09405E-03
2.93951E+03 6.05125E-03
2.94047E+03 6.01878E-03
2.94144E+03 5.98513E-03
2.94240E+03 5.93479E-03
2.94337E+03 5.84064E-03
2.94433E+03 5.79382E-03
2.94530E+03 5.85227E-03
2.94626E+03 5.90311E-03
2.94722E+03 5.89911E-03
2.94819E+03 5.87724E-03
2.94915E+03 5.89256E-03
2.95012E+03 5.95332E-03
2.95108E+03 6.09346E-03
2.95205E+03 6.18597E-03
2.95301E+03 6.26009E-03
2.95397E+03 6.34810E-03
2.95494E+03 6.40439E-03
2.95590E+03 6.51034E-03
2.95687E+03 6.57561E-03
2.95783E+03 6.61996E-03
2.95880E+03 6.64622E-03
2.95976E+03 6.69038E-03
2.96073E+03 6.74497E-03
2.96169E+03 6.75425E-03
2.96265E+03 6.70330E-03
2.96362E+03 6.61639E-03
2.96458E+03 6.55267E-03
2.96555E+03 6.46299E-03
2.96651E+03 6.35207E-03
2.96748E+03 6.21934E-03
2.96844E+03 6.06863E-03
2.96941E+03 5.89254E-03
2.97037E+03 5.75942E-03
2.97133E+03 5.66397E-03
2.97230E+03 5.53399E-03
2.97326E+03 5.41338E-03
2.97423E+03 5.28374E-03
2.97519E+03 5.10438E-03
2.97616E+03 5.01643E-03
2.97712E+03 4.98220E-03
2.97808E+03 4.90040E-03
2.97905E+03 4.84044E-03
2.98001E+03 4.82964E-03
2.98098E+03 4.83929E-03
2.98194E+03 4.83194E-03
2.98291E+03 4.89093E-03
2.98387E+03 4.91460E-03
2.98484E+03 4.91316E-03
2.98580E+03 4.95569E-03
2.98676E+03 5.00758E-03
2.98773E+03 5.02686E-03
2.98869E+03 4.91017E-03
2.98966E+03 4.89024E-03
2.99062E+03 4.95091E-03
2.99159E+03 4.91061E-03
2.99255E+03 4.88595E-03
2.99352E+03 4.82070E-03
2.99448E+03 4.73555E-03
2.99544E+03 4.59367E-03
2.99641E+03 4.44223E-03
2.99737E+03 4.35502E-03
2.99834E+03 4.18784E-03
2.99930E+03 3.97262E-03
3.00027E+03 3.76679E-03
3.00123E+03 3.62244E-03
3.00220E+03 3.51477E-03
3.00316E+03 3.30927E-03
3.00412E+03 3.15521E-03
3.00509E+03 3.02301E-03
3.00605E+03 2.82738E-03
3.00702E+03 2.68293E-03
3.00798E+03 2.52514E-03
3.00895E+03 2.36122E-03
3.00991E+03 2.26057E-03
3.01087E+03 2.18814E-03
3.01184E+03 2.02581E-03
3.01280E+03 1.86808E-03
3.01377E+03 1.76443E-03
3.01473E+03 1.67141E-03
3.01570E+03 1.63281E-03
3.01666E+03 1.66903E-03
3.01763E+03 1.56721E-03
3.01859E+03 1.47313E-03
3.01955E+03 1.50119E-03
3.02052E+03 1.52309E-03
3.02148E+03 1.56631E-03
3.02245E+03 1.58398E-03
3.02341E+03 1.60266E-03
3.02438E+03 1.62205E-03
3.02534E+03 1.59300E-03
3.02631E+03 1.54146E-03
3.02727E+03 1.59322E-03
3.02823E+03 1.72332E-03
3.02920E+03 1.78541E-03
3.03016E+03 1.77059E-03
3.03113E+03 1.82110E-03
3.03209E+03 1.89281E-03
3.03306E+03 2.00295E-03
3.03402E+03 2.04403E-03
3.03498E+03 1.96790E-03
3.03595E+03 2.03894E-03
3.03691E+03 2.18070E-03
3.03788E+03 2.17368E-03
3.03884E+03 2.15229E-03
3.03981E+03 2.27140E-03
3.04077E+03 2.42497E-03
3.04174E+03 2.52588E-03
3.04270E+03 2.62013E-03
3.04366E+03 2.73430E-03
3.04463E+03 2.82267E-03
3.04559E+03 2.89758E-03
3.04656E+03 2.99816E-03
3.04752E+03 3.10010E-03
3.04849E+03 3.14580E-03
3.04945E+03 3.25826E-03
3.05042E+03 3.35429E-03
3.05138E+03 3.42723E-03
3.05234E+03 3.42923E-03
3.05331E+03 3.42686E-03
3.05427E+03 3.58292E-03
3.05524E+03 3.68058E-03
3.05620E+03 3.74855E-03
3.05717E+03 3.80551E-03
3.05813E+03 3.91993E-03
3.05909E+03 3.98943E-03
3.06006E+03 4.02358E-03
3.06102E+03 4.17800E-03
3.06199E+03 4.31819E-03
3.06295E+03 4.42079E-03
3.06392E+03 4.44356E-03
3.06488E+03 4.53869E-03
3.06585E+03 4.69090E-03
3.06681E+03 4.80457E-03
3.06777E+03 4.92374E-03
3.06874E+03 5.05533E-03
3.06970E+03 5.17348E-03
3.07067E+03 5.25077E-03
3.07163E+03 5.33607E-03
3.07260E+03 5.40863E-03
3.07356E+03 5.46856E-03
3.07453E+03 5.56789E-03
3.07549E+03 5.68828E-03
3.07645E+03 5.78099E-03
3.07742E+03 5.96243E-03
3.07838E+03 6.15255E-03
3.07935E+03 6.21931E-03
3.08031E+03 6.31024E-03
3.08128E+03 6.38582E-03
3.08224E+03 6.48510E-03
3.08321E+03 6.67243E-03
3.08417E+03 6.82639E-03
3.08513E+03 6.91704E-03
3.08610E+03 7.00679E-03
3.08706E+03 7.14669E-03
3.08803E+03 7.34011E-03
3.08899E+03 7.49416E-03
3.08996E+03 7.62674E-03
3.09092E+03 7.71575E-03
3.09188E+03 7.79560E-03
3.09285E+03 7.95351E-03
3.09381E+03 8.12427E-03
3.09478E+03 8.23297E-03
3.09574E+03 8.38946E-03
3.09671E+03 8.58278E-03
3.09767E+03 8.69764E-03
3.09864E+03 8.80824E-03
3.09960E+03 8.96022E-03
3.10056E+03 9.11867E-03
3.10153E+03 9.20780E-03
3.10249E+03 9.36192E-03
3.10346E+03 9.49870E-03
3.10442E+03 9.66005E-03
3.10539E+03 9.80979E-03
3.10635E+03 9.90868E-03
3.10732E+03 1.00618E-02
3.10828E+03 1.01518E-02
3.10924E+03 1.02487E-02
3.11021E+03 1.04115E-02
3.11117E+03 1.05553E-02
3.11214E+03 1.07051E-02
3.11310E+03 1.08994E-02
3.11407E+03 1.10325E-02
3.11503E+03 1.11678E-02
3.11599E+03 1.13633E-02
3.11696E+03 1.15035E-02
3.11792E+03 1.15723E-02
3.11889E+03 1.17507E-02
3.11985E+03 1.19759E-02
3.12082E+03 1.20947E-02
3.12178E+03 1.22351E-02
3.12275E+03 1.24077E-02
3.12371E+03 1.25571E-02
3.12467E+03 1.27135E-02
3.12564E+03 1.28525E-02
3.12660E+03 1.30160E-02
3.12757E+03 1.31675E-02
3.12853E+03 1.33024E-02
3.12950E+03 1.34681E-02
3.13046E+03 1.35903E-02
3.13143E+03 1.37603E-02
3.13239E+03 1.40070E-02
3.13335E+03 1.40949E-02
3.13432E+03 1.41724E-02
3.13528E+03 1.43310E-02
3.13625E+03 1.44239E-02
3.13721E+03 1.46121E-02
3.13818E+03 1.48503E-02
3.13914E+03 1.49695E-02
3.14010E+03 1.51030E-02
3.14107E+03 1.53255E-02
3.14203E+03 1.54969E-02
3.14300E+03 1.55869E-02
3.14396E+03 1.57846E-02
3.14493E+03 1.60184E-02
3.14589E+03 1.61334E-02
3.14686E+03 1.62993E-02
3.14782E+03 1.64352E-02
3.14878E+03 1.65826E-02
3.14975E+03 1.68145E-02
3.15071E+03 1.70553E-02
3.15168E+03 1.72257E-02
3.15264E+03 1.73550E-02
3.15361E+03 1.75343E-02
3.15457E+03 1.77001E-02
3.15554E+03 1.78346E-02
3.15650E+03 1.79359E-02
3.15746E+03 1.81019E-02
3.15843E+03 1.83442E-02
3.15939E+03 1.85493E-02
3.16036E+03 1.86857E-02
3.16132E+03 1.88761E-02
3.16229E+03 1.90936E-02
3.16325E+03 1.92668E-02
3.16422E+03 1.93602E-02
3.16518E+03 1.94953E-02
3.16614E+03 1.97505E-02
3.16711E+03 1.98777E-02
3.16807E+03 2.00104E-02
3.16904E+03 2.01821E-02
3.17000E+03 2.03249E-02
3.17097E+03 2.05356E-02
3.17193E+03 2.07550E-02
3.17289E+03 2.09387E-02
3.17386E+03 2.11061E-02
3.17482E+03 2.12600E-02
3.17579E+03 2.13542E-02
3.17675E+03 2.15117E-02
3.17772E+03 2.17206E-02
3.17868E+03 2.18451E-02
3.17965E+03 2.20397E-02
3.18061E+03 2.21921E-02
3.18157E+03 2.23379E-02
3.18254E+03 2.25371E-02
3.18350E+03 2.26395E-02
3.18447E+03 2.28136E-02
3.18543E+03 2.30230E-02
3.18640E+03 2.30664E-02
3.18736E+03 2.32281E-02
3.18833E+03 2.34066E-02
3.18929E+03 2.34609E-02
3.19025E+03 2.36110E-02
3.19122E+03 2.37515E-02
3.19218E+03 2.38519E-02
3.19315E+03 2.40330E-02
3.19411E+03 2.42304E-02
3.19508E+03 2.43551E-02
3.19604E+03 2.45070E-02
3.19700E+03 2.46746E-02
3.19797E+03 2.48236E-02
3.19893E+03 2.49247E-02
3.19990E+03 2.49976E-02
3.20086E+03 2.50886E-02
3.20183E+03 2.51598E-02
3.20279E+03 2.52501E-02
3.20376E+03 2.54575E-02
3.20472E+03 2.56364E-02
3.20568E+03 2.57050E-02
3.20665E+03 2.58373E-02
3.20761E+03 2.59599E-02
3.20858E+03 2.60454E-02
3.20954E+03 2.61740E-02
3.21051E+03 2.62442E-02
3.21147E+03 2.63688E-02
3.21244E+03 2.64955E-02
3.21340E+03 2.66193E-02
3.21436E+03 2.67172E-02
3.21533E+03 2.67425E-02
3.21629E+03 2.67828E-02
3.21726E+03 2.68962E-02
3.21822E+03 2.69903E-02
3.21919E+03 2.70816E-02
3.22015E+03 2.71972E-02
3.22111E+03 2.72707E-02
3.22208E+03 2.73635E-02
3.22304E+03 2.74336E-02
3.22401E+03 2.75058E-02
3.22497E+03 2.75977E-02
3.22594E+03 2.76567E-02
3.22690E+03 2.76736E-02
3.22787E+03 2.77269E-02
3.22883E+03 2.77906E-02
3.22979E+03 2.78321E-02
3.23076E+03 2.78881E-02
3.23172E+03 2.79907E-02
3.23269E+03 2.80468E-02
3.23365E+03 2.80745E-02
3.23462E+03 2.81519E-02
3.23558E+03 2.81406E-02
3.23655E+03 2.81809E-02
3.23751E+03 2.82944E-02
3.23847E+03 2.82939E-02
3.23944E+03 2.82666E-02
3.24040E+03 2.82830E-02
3.24137E+03 2.83248E-02
3.24233E+03 2.83668E-02
3.24330E+03 2.83557E-02
3.24426E+03 2.83954E-02
3.24523E+03 2.84532E-02
3.24619E+03 2.84724E-02
3.24715E+03 2.85046E-02
3.24812E+03 2.84828E-02
3.24908E+03 2.84812E-02
3.25005E+03 2.85813E-02
3.25101E+03 2.85697E-02
3.25198E+03 2.84939E-02
3.25294E+03 2.84690E-02
3.25390E+03 2.84757E-02
3.25487E+03 2.85807E-02
3.25583E+03 2.84911E-02
3.25680E+03 2.84134E-02
3.25776E+03 2.85008E-02
3.25873E+03 2.84222E-02
3.25969E+03 2.83779E-02
3.26066E+03 2.84076E-02
3.26162E+03 2.83702E-02
3.26258E+03 2.83239E-02
3.26355E+03 2.83123E-02
3.26451E+03 2.83639E-02
3.26548E+03 2.83334E-02
3.26644E+03 2.81945E-02
3.26741E+03 2.81558E-02
3.26837E+03 2.82188E-02
3.26934E+03 2.81961E-02
3.27030E+03 2.81415E-02
3.27126E+03 2.80967E-02
3.27223E+03 2.79898E-02
3.27319E+03 2.78343E-02
3.27416E+03 2.78145E-02
3.27512E+03 2.78101E-02
3.27609E+03 2.77545E-02
3.27705E+03 2.76942E-02
3.27802E+03 2.76343E-02
3.27898E+03 2.75389E-02
3.27994E+03 2.74278E-02
3.28091E+03 2.74227E-02
3.28187E+03 2.73588E-02
3.28284E+03 2.72721E-02
3.28380E+03 2.71524E-02
3.28477E+03 2.70314E-02
3.28573E+03 2.70235E-02
3.28669E+03 2.69020E-02
3.28766E+03 2.67499E-02
3.28862E+03 2.68683E-02
3.28959E+03 2.68863E-02
3.29055E+03 2.67491E-02
3.29152E+03 2.66334E-02
3.29248E+03 2.64575E-02
3.29345E+03 2.63292E-02
3.29441E+03 2.62862E-02
3.29537E+03 2.62757E-02
3.29634E+03 2.61004E-02
3.29730E+03 2.59360E-02
3.29827E+03 2.59425E-02
3.29923E+03 2.57784E-02
3.30020E+03 2.56821E-02
3.30116E+03 2.56607E-02
3.30213E+03 2.55349E-02
3.30309E+03 2.53280E-02
3.30405E+03 2.50436E-02
3.30502E+03 2.49914E-02
3.30598E+03 2.49132E-02
3.30695E+03 2.47266E-02
3.30791E+03 2.46199E-02
3.30888E+03 2.45884E-02
3.30984E+03 2.44819E-02
3.31080E+03 2.43024E-02
3.31177E+03 2.42059E-02
3.31273E+03 2.41046E-02
3.31370E+03 2.39067E-02
3.31466E+03 2.37675E-02
3.31563E+03 2.37713E-02
3.31659E+03 2.36440E-02
3.31756E+03 2.34572E-02
3.31852E+03 2.33117E-02
3.31948E+03 2.31305E-02
3.32045E+03 2.29516E-02
3.32141E+03 2.27965E-02
3.32238E+03 2.26682E-02
3.32334E+03 2.25918E-02
3.32431E+03 2.25425E-02
3.32527E+03 2.24592E-02
3.32624E+03 2.22889E-02
3.32720E+03 2.20144E-02
3.32816E+03 2.18979E-02
3.32913E+03 2.17956E-02
3.33009E+03 2.16032E-02
3.33106E+03 2.15364E-02
3.33202E+03 2.13950E-02
3.33299E+03 2.12552E-02
3.33395E+03 2.11869E-02
3.33492E+03 2.09439E-02
3.33588E+03 2.07607E-02
3.33684E+03 2.07726E-02
3.33781E+03 2.06835E-02
3.33877E+03 2.04861E-02
3.33974E+03 2.03665E-02
3.34070E+03 2.02137E-02
3.34167E+03 2.00123E-02
3.34263E+03 1.99360E-02
3.34359E+03 1.98433E-02
3.34456E+03 1.97323E-02
3.34552E+03 1.95682E-02
3.34649E+03 1.94052E-02
3.34745E+03 1.93487E-02
3.34842E+03 1.91889E-02
3.34938E+03 1.89928E-02
3.35035E+03 1.89013E-02
3.35131E+03 1.87685E-02
3.35227E+03 1.86335E-02
3.35324E+03 1.85874E-02
3.35420E+03 1.84630E-02
3.35517E+03 1.83244E-02
3.35613E+03 1.82010E-02
3.35710E+03 1.80786E-02
3.35806E+03 1.80006E-02
3.35903E+03 1.78287E-02
3.35999E+03 1.76765E-02
3.36095E+03 1.75820E-02
3.36192E+03 1.74043E-02
3.36288E+03 1.73561E-02
3.36385E+03 1.73354E-02
3.36481E+03 1.71765E-02
3.36578E+03 1.69955E-02
3.36674E+03 1.67865E-02
3.36770E+03 1.66732E-02
3.36867E+03 1.66096E-02
3.36963E+03 1.64527E-02
3.37060E+03 1.63479E-02
3.37156E+03 1.63507E-02
3.37253E+03 1.62268E-02
3.37349E+03 1.60611E-02
3.37446E+03 1.59711E-02
3.37542E+03 1.58592E-02
3.37638E+03 1.57226E-02
3.37735E+03 1.55634E-02
3.37831E+03 1.53768E-02
3.37928E+03 1.52069E-02
3.38024E+03 1.51671E-02
3.38121E+03 1.50658E-02
3.38217E+03 1.49101E-02
3.38314E+03 1.47873E-02
3.38410E+03 1.45815E-02
3.38506E+03 1.44929E-02
3.38603E+03 1.44170E-02
3.38699E+03 1.42115E-02
3.38796E+03 1.40573E-02
3.38892E+03 1.39162E-02
3.38989E+03 1.37860E-02
3.39085E+03 1.36320E-02
3.39181E+03 1.35005E-02
3.39278E+03 1.34350E-02
3.39374E+03 1.33827E-02
3.39471E+03 1.32626E-02
3.39567E+03 1.30618E-02
3.39664E+03 1.29286E-02
3.39760E+03 1.28029E-02
3.39857E+03 1.26855E-02
3.39953E+03 1.25623E-02
3.40049E+03 1.24506E-02
3.40146E+03 1.22770E-02
3.40242E+03 1.20088E-02
3.40339E+03 1.17987E-02
3.40435E+03 1.17332E-02
3.40532E+03 1.17054E-02
3.40628E+03 1.15470E-02
3.40725E+03 1.14169E-02
3.40821E+03 1.12994E-02
3.40917E+03 1.11127E-02
3.41014E+03 1.09691E-02
3.41110E+03 1.08922E-02
3.41207E+03 1.08018E-02
3.41303E+03 1.05121E-02
3.41400E+03 1.00952E-02
3.41496E+03 1.01444E-02
3.41593E+03 1.03281E-02
3.41689E+03 1.02043E-02
3.41785E+03 1.00851E-02
3.41882E+03 9.90339E-03
3.41978E+03 9.73738E-03
3.42075E+03 9.71827E-03
3.42171E+03 9.59183E-03
3.42268E+03 9.35476E-03
3.42364E+03 9.25135E-03
3.42460E+03 9.09401E-03
3.42557E+03 8.92083E-03
3.42653E+03 8.88205E-03
3.42750E+03 8.79680E-03
3.42846E+03 8.65151E-03
3.42943E+03 8.43703E-03
3.43039E+03 8.30850E-03
3.43136E+03 8.28629E-03
3.43232E+03 8.17693E-03
3.43328E+03 8.04471E-03
3.43425E+03 7.96795E-03
3.43521E+03 7.88577E-03
3.43618E+03 7.78399E-03
3.43714E+03 7.72787E-03
3.43811E+03 7.57820E-03
3.43907E+03 7.37822E-03
3.44004E+03 7.19565E-03
3.44100E+03 7.04388E-03
3.44196E+03 7.03992E-03
3.44293E+03 7.07560E-03
3.44389E+03 6.87214E-03
3.44486E+03 6.49782E-03
3.44582E+03 6.29676E-03
3.44679E+03 6.43299E-03
3.44775E+03 6.35169E-03
3.44871E+03 6.13651E-03
3.44968E+03 6.13195E-03
3.45064E+03 6.03433E-03
3.45161E+03 5.93947E-03
3.45257E+03 5.81392E-03
3.45354E+03 5.79939E-03
3.45450E+03 5.71822E-03
3.45547E+03 5.58759E-03
3.45643E+03 5.55032E-03
3.45739E+03 5.34241E-03
3.45836E+03 5.24928E-03
3.45932E+03 5.20714E-03
3.46029E+03 5.05577E-03
3.46125E+03 4.85134E-03
3.46222E+03 4.78138E-03
3.46318E+03 4.78905E-03
3.46415E+03 4.66730E-03
3.46511E+03 4.47376E-03
3.46607E+03 4.28426E-03
3.46704E+03 4.27122E-03
3.46800E+03 4.19959E-03
3.46897E+03 4.09985E-03
3.46993E+03 4.08927E-03
3.47090E+03 3.97469E-03
3.47186E+03 3.79401E-03
3.47282E+03 3.68640E-03
3.47379E+03 3.61183E-03
3.47475E+03 3.46935E-03
3.47572E+03 3.32202E-03
3.47668E+03 3.27144E-03
3.47765E+03 3.23347E-03
3.47861E+03 3.13936E-03
3.47958E+03 3.01865E-03
3.48054E+03 2.91017E-03
3.48150E+03 2.77160E-03
3.48247E+03 2.66513E-03
3.48343E+03 2.57159E-03
3.48440E+03 2.50413E-03
3.48536E+03 2.37656E-03
3.48633E+03 2.27030E-03
3.48729E+03 2.22177E-03
3.48826E+03 2.08028E-03
3.48922E+03 2.06731E-03
3.49018E+03 2.02509E-03
3.49115E+03 1.88090E-03
3.49211E+03 1.88342E-03
3.49308E+03 1.78870E-03
3.49404E+03 1.59576E-03
3.49501E+03 1.50266E-03
3.49597E+03 1.43497E-03
3.49694E+03 1.40365E-03
3.49790E+03 1.28808E-03
3.49886E+03 1.11834E-03
3.49983E+03 1.09351E-03
3.50079E+03 1.03123E-03
3.50176E+03 8.81951E-04
3.50272E+03 8.89868E-04
3.50369E+03 7.59900E-04
3.50465E+03 5.65708E-04
3.50561E+03 5.62642E-04
3.50658E+03 4.58512E-04
3.50754E+03 2.93173E-04
3.50851E+03 2.03229E-04
3.50947E+03 1.31506E-04
3.51044E+03 1.13863E-04
3.51140E+03 8.95448E-05
3.51237E+03 -5.62444E-05
3.51333E+03 -1.62471E-04
3.51429E+03 -2.17609E-04
3.51526E+03 -2.83174E-04
3.51622E+03 -3.08108E-04
3.51719E+03 -3.66230E-04
3.51815E+03 -5.18497E-04
3.51912E+03 -5.77740E-04
3.52008E+03 -5.74972E-04
3.52105E+03 -7.46481E-04
3.52201E+03 -8.45440E-04
3.52297E+03 -8.96215E-04
3.52394E+03 -9.56681E-04
3.52490E+03 -1.02073E-03
3.52587E+03 -1.11280E-03
3.52683E+03 -1.06956E-03
3.52780E+03 -1.14449E-03
3.52876E+03 -1.31980E-03
3.52972E+03 -1.32012E-03
3.53069E+03 -1.31423E-03
3.53165E+03 -1.33576E-03
3.53262E+03 -1.45793E-03
3.53358E+03 -1.63751E-03
3.53455E+03 -1.61922E-03
3.53551E+03 -1.67042E-03
3.53648E+03 -1.78384E-03
3.53744E+03 -1.78583E-03
3.53840E+03 -1.87127E-03
3.53937E+03 -1.98770E-03
3.54033E+03 -1.95397E-03
3.54130E+03 -1.99429E-03
3.54226E+03 -2.07156E-03
3.54323E+03 -2.06570E-03
3.54419E+03 -2.09930E-03
3.54516E+03 -2.12948E-03
3.54612E+03 -2.21599E-03
3.54708E+03 -2.20358E-03
3.54805E+03 -2.22504E-03
3.54901E+03 -2.32286E-03
3.54998E+03 -2.29621E-03
3.55094E+03 -2.30714E-03
3.55191E+03 -2.29553E-03
3.55287E+03 -2.30886E-03
3.55383E+03 -2.44957E-03
3.55480E+03 -2.58724E-03
3.55576E+03 -2.57060E-03
3.55673E+03 -2.53269E-03
3.55769E+03 -2.54432E-03
3.55866E+03 -2.56692E-03
3.55962E+03 -2.65376E-03
3.56059E+03 -2.72778E-03
3.56155E+03 -2.72752E-03
3.56251E+03 -2.74119E-03
3.56348E+03 -2.78739E-03
3.56444E+03 -2.82192E-03
3.56541E+03 -2.86982E-03
3.56637E+03 -2.83821E-03
3.56734E+03 -2.83139E-03
3.56830E+03 -2.87435E-03
3.56927E+03 -2.90153E-03
3.57023E+03 -2.89316E-03
3.57119E+03 -2.88734E-03
3.57216E+03 -2.86130E-03
3.57312E+03 -2.86747E-03
3.57409E+03 -2.88472E-03
3.57505E+03 -2.86748E-03
3.57602E+03 -2.93501E-03
3.57698E+03 -2.90696E-03
3.57795E+03 -2.87925E-03
3.57891E+03 -2.85475E-03
3.57987E+03 -2.73997E-03
3.58084E+03 -2.55648E-03
3.58180E+03 -2.41050E-03
3.58277E+03 -2.49727E-03
3.58373E+03 -2.46778E-03
3.58470E+03 -2.26418E-03
3.58566E+03 -2.21422E-03
3.58662E+03 -2.21990E-03
3.58759E+03 -2.16207E-03
3.58855E+03 -2.18605E-03
3.58952E+03 -2.21513E-03
3.59048E+03 -2.20829E-03
3.59145E+03 -2.23857E-03
3.59241E+03 -2.18937E-03
3.59338E+03 -2.14379E-03
3.59434E+03 -2.13021E-03
3.59530E+03 -2.14925E-03
3.59627E+03 -2.26741E-03
3.59723E+03 -2.44316E-03
3.59820E+03 -2.63769E-03
3.59916E+03 -2.70514E-03
3.60013E+03 -2.81864E-03
3.60109E+03 -3.04523E-03
3.60206E+03 -3.10140E-03
3.60302E+03 -3.18373E-03
3.60398E+03 -3.34705E-03
3.60495E+03 -3.32361E-03
3.60591E+03 -3.25384E-03
3.60688E+03 -3.21951E-03
3.60784E+03 -3.21945E-03
3.60881E+03 -3.21443E-03
3.60977E+03 -3.18574E-03
3.61074E+03 -3.16286E-03
3.61170E+03 -3.26695E-03
3.61266E+03 -3.41235E-03
3.61363E+03 -3.37940E-03
3.61459E+03 -3.36244E-03
3.61556E+03 -3.38532E-03
3.61652E+03 -3.39906E-03
3.61749E+03 -3.31263E-03
3.61845E+03 -3.22780E-03
3.61941E+03 -3.24454E-03
3.62038E+03 -3.22773E-03
3.62134E+03 -3.21823E-03
3.62231E+03 -3.23604E-03
3.62327E+03 -3.27439E-03
3.62424E+03 -3.22328E-03
3.62520E+03 -3.16819E-03
3.62617E+03 -3.24370E-03
3.62713E+03 -3.30601E-03
3.62809E+03 -3.32010E-03
3.62906E+03 -3.29037E-03
3.63002E+03 -3.23280E-03
3.63099E+03 -3.19158E-03
3.63195E+03 -3.21234E-03
3.63292E+03 -3.30913E-03
3.63388E+03 -3.41852E-03
3.63485E+03 -3.40501E-03
3.63581E+03 -3.34348E-03
3.63677E+03 -3.42321E-03
3.63774E+03 -3.37194E-03
3.63870E+03 -3.29292E-03
3.63967E+03 -3.35331E-03
3.64063E+03 -3.31335E-03
3.64160E+03 -3.33919E-03
3.64256E+03 -3.35569E-03
3.64352E+03 -3.31672E-03
3.64449E+03 -3.29686E-03
3.64545E+03 -3.21425E-03
3.64642E+03 -3.23880E-03
3.64738E+03 -3.33721E-03
3.64835E+03 -3.33594E-03
3.64931E+03 -3.25532E-03
3.65028E+03 -3.15633E-03
3.65124E+03 -3.10236E-03
3.65220E+03 -3.11097E-03
3.65317E+03 -3.11818E-03
3.65413E+03 -3.09501E-03
3.65510E+03 -3.01532E-03
3.65606E+03 -3.00227E-03
3.65703E+03 -2.94136E-03
3.65799E+03 -2.92172E-03
3.65896E+03 -3.03601E-03
3.65992E+03 -3.02397E-03
3.66088E+03 -2.99845E-03
3.66185E+03 -2.97386E-03
3.66281E+03 -3.08026E-03
3.66378E+03 -3.21390E-03
3.66474E+03 -3.19222E-03
3.66571E+03 -3.19558E-03
3.66667E+03 -3.33649E-03
3.66764E+03 -3.36627E-03
3.66860E+03 -3.28396E-03
3.66956E+03 -3.32775E-03
3.67053E+03 -3.33799E-03
3.67149E+03 -3.28672E-03
3.67246E+03 -3.38642E-03
3.67342E+03 -3.51301E-03
3.67439E+03 -3.52322E-03
3.67535E+03 -3.56993E-03
3.67631E+03 -3.58311E-03
3.67728E+03 -3.62639E-03
3.67824E+03 -3.69425E-03
3.67921E+03 -3.70893E-03
3.68017E+03 -3.69037E-03
3.68114E+03 -3.72231E-03
3.68210E+03 -3.68010E-03
3.68307E+03 -3.65388E-03
3.68403E+03 -3.72123E-03
3.68499E+03 -3.67000E-03
3.68596E+03 -3.66963E-03
3.68692E+03 -3.69692E-03
3.68789E+03 -3.70563E-03
3.68885E+03 -3.53530E-03
3.68982E+03 -3.41445E-03
3.69078E+03 -3.30028E-03
3.69175E+03 -2.97821E-03
3.69271E+03 -2.59276E-03
3.69367E+03 -2.16971E-03
3.69464E+03 -1.72951E-03
3.69560E+03 -1.12901E-03
3.69657E+03 -4.34339E-04
3.69753E+03 4.56348E-05
3.69850E+03 4.37900E-04
3.69946E+03 8.74195E-04
3.70042E+03 1.00366E-03
3.70139E+03 7.81998E-04
3.70235E+03 3.02885E-04
3.70332E+03 -1.75096E-04
3.70428E+03 -6.12009E-04
3.70525E+03 -1.31515E-03
3.70621E+03 -1.99509E-03
3.70718E+03 -2.38840E-03
3.70814E+03 -2.67862E-03
3.70910E+03 -3.03809E-03
3.71007E+03 -3.29744E-03
3.71103E+03 -3.37777E-03
3.71200E+03 -3.40173E-03
3.71296E+03 -3.40599E-03
3.71393E+03 -3.52461E-03
3.71489E+03 -3.59362E-03
3.71586E+03 -3.68985E-03
3.71682E+03 -3.84445E-03
3.71778E+03 -3.79832E-03
3.71875E+03 -3.75220E-03
3.71971E+03 -3.82397E-03
3.72068E+03 -3.78431E-03
3.72164E+03 -3.66621E-03
3.72261E+03 -3.70349E-03
3.72357E+03 -3.76989E-03
3.72453E+03 -3.74310E-03
3.72550E+03 -3.79521E-03
3.72646E+03 -3.87292E-03
3.72743E+03 -3.84600E-03
3.72839E+03 -3.79866E-03
3.72936E+03 -3.84222E-03
3.73032E+03 -3.84367E-03
3.73129E+03 -3.76174E-03
3.73225E+03 -3.74369E-03
3.73321E+03 -3.76788E-03
3.73418E+03 -3.80762E-03
3.73514E+03 -3.77502E-03
3.73611E+03 -3.82519E-03
3.73707E+03 -3.95389E-03
3.73804E+03 -3.95414E-03
3.73900E+03 -3.92446E-03
3.73997E+03 -3.90156E-03
3.74093E+03 -3.92319E-03
3.74189E+03 -4.00806E-03
3.74286E+03 -4.11061E-03
3.74382E+03 -4.06927E-03
3.74479E+03 -3.88977E-03
3.74575E+03 -3.94182E-03
3.74672E+03 -4.10096E-03
3.74768E+03 -4.05373E-03
3.74865E+03 -4.13316E-03
3.74961E+03 -4.25413E-03
3.75057E+03 -4.12831E-03
3.75154E+03 -4.01945E-03
3.75250E+03 -3.97529E-03
3.75347E+03 -4.06151E-03
3.75443E+03 -4.17855E-03
3.75540E+03 -4.19529E-03
3.75636E+03 -4.22598E-03
3.75732E+03 -4.14971E-03
3.75829E+03 -4.11261E-03
3.75925E+03 -4.14985E-03
3.76022E+03 -4.08862E-03
3.76118E+03 -4.05532E-03
3.76215E+03 -4.13754E-03
3.76311E+03 -4.18079E-03
3.76408E+03 -4.21380E-03
3.76504E+03 -4.20470E-03
3.76600E+03 -4.16543E-03
3.76697E+03 -4.16961E-03
3.76793E+03 -4.08513E-03
3.76890E+03 -4.10659E-03
3.76986E+03 -4.24502E-03
3.77083E+03 -4.29925E-03
3.77179E+03 -4.31370E-03
3.77276E+03 -4.39559E-03
3.77372E+03 -4.36678E-03
3.77468E+03 -4.27558E-03
3.77565E+03 -4.34157E-03
3.77661E+03 -4.36360E-03
3.77758E+03 -4.27082E-03
3.77854E+03 -4.20685E-03
3.77951E+03 -4.22694E-03
3.78047E+03 -4.33231E-03
3.78143E+03 -4.39005E-03
3.78240E+03 -4.26322E-03
3.78336E+03 -4.18040E-03
3.78433E+03 -4.21859E-03
3.78529E+03 -4.31215E-03
3.78626E+03 -4.32904E-03
3.78722E+03 -4.24493E-03
3.78819E+03 -4.23159E-03
3.78915E+03 -4.28245E-03
3.79011E+03 -4.31002E-03
3.79108E+03 -4.24709E-03
3.79204E+03 -4.19858E-03
3.79301E+03 -4.16444E-03
3.79397E+03 -4.17847E-03
3.79494E+03 -4.31077E-03
3.79590E+03 -4.38531E-03
3.79687E+03 -4.45129E-03
3.79783E+03 -4.47350E-03
3.79879E+03 -4.33010E-03
3.79976E+03 -4.28850E-03
3.80072E+03 -4.27189E-03
3.80169E+03 -4.11185E-03
3.80265E+03 -4.04942E-03
3.80362E+03 -4.11879E-03
3.80458E+03 -4.23961E-03
3.80554E+03 -4.30892E-03
3.80651E+03 -4.34190E-03
3.80747E+03 -4.32713E-03
3.80844E+03 -4.36176E-03
3.80940E+03 -4.44996E-03
3.81037E+03 -4.40064E-03
3.81133E+03 -4.39253E-03
3.81230E+03 -4.45006E-03
3.81326E+03 -4.42093E-03
3.81422E+03 -4.33408E-03
3.81519E+03 -4.25310E-03
3.81615E+03 -4.05220E-03
3.81712E+03 -4.01894E-03
3.81808E+03 -4.28588E-03
3.81905E+03 -4.37551E-03
3.82001E+03 -4.35589E-03
3.82098E+03 -4.41792E-03
3.82194E+03 -4.36350E-03
3.82290E+03 -4.28631E-03
3.82387E+03 -4.37601E-03
3.82483E+03 -4.38876E-03
3.82580E+03 -4.39689E-03
3.82676E+03 -4.47968E-03
3.82773E+03 -4.37038E-03
3.82869E+03 -4.30696E-03
3.82966E+03 -4.34882E-03
3.83062E+03 -4.34719E-03
3.83158E+03 -4.33051E-03
3.83255E+03 -4.32784E-03
3.83351E+03 -4.42393E-03
3.83448E+03 -4.48422E-03
3.83544E+03 -4.41927E-03
3.83641E+03 -4.35041E-03
3.83737E+03 -4.33376E-03
3.83833E+03 -4.29171E-03
3.83930E+03 -4.33723E-03
3.84026E+03 -4.36763E-03
3.84123E+03 -4.38668E-03
3.84219E+03 -4.40349E-03
3.84316E+03 -4.35343E-03
3.84412E+03 -4.39174E-03
3.84509E+03 -4.40354E-03
3.84605E+03 -4.41236E-03
3.84701E+03 -4.39103E-03
3.84798E+03 -4.33841E-03
3.84894E+03 -4.36693E-03
3.84991E+03 -4.34764E-03
3.85087E+03 -4.48113E-03
3.85184E+03 -4.39029E-03
3.85280E+03 -4.31804E-03
3.85377E+03 -4.49926E-03
3.85473E+03 -4.40720E-03
3.85569E+03 -4.37425E-03
3.85666E+03 -4.41980E-03
3.85762E+03 -4.41948E-03
3.85859E+03 -4.43987E-03
3.85955E+03 -4.44007E-03
3.86052E+03 -4.38967E-03
3.86148E+03 -4.37307E-03
3.86244E+03 -4.33474E-03
3.86341E+03 -4.38655E-03
3.86437E+03 -4.47179E-03
3.86534E+03 -4.46277E-03
3.86630E+03 -4.45523E-03
3.86727E+03 -4.43802E-03
3.86823E+03 -4.41715E-03
3.86920E+03 -4.35918E-03
3.87016E+03 -4.41341E-03
3.87112E+03 -4.45918E-03
3.87209E+03 -4.41191E-03
3.87305E+03 -4.50186E-03
3.87402E+03 -4.55816E-03
3.87498E+03 -4.42626E-03
3.87595E+03 -4.29579E-03
3.87691E+03 -4.38305E-03
3.87788E+03 -4.42864E-03
3.87884E+03 -4.40526E-03
3.87980E+03 -4.48888E-03
3.88077E+03 -4.51575E-03
3.88173E+03 -4.49996E-03
3.88270E+03 -4.53639E-03
3.88366E+03 -4.57930E-03
3.88463E+03 -4.50409E-03
3.88559E+03 -4.29112E-03
3.88655E+03 -4.27394E-03
3.88752E+03 -4.39335E-03
3.88848E+03 -4.40813E-03
3.88945E+03 -4.54397E-03
3.89041E+03 -4.53621E-03
3.89138E+03 -4.42677E-03
3.89234E+03 -4.44238E-03
3.89331E+03 -4.48877E-03
3.89427E+03 -4.46930E-03
3.89523E+03 -4.49387E-03
3.89620E+03 -4.58113E-03
3.89716E+03 -4.53170E-03
3.89813E+03 -4.47775E-03
3.89909E+03 -4.48511E-03
3.90006E+03 -4.39689E-03
3.90102E+03 -4.39050E-03
3.90199E+03 -4.42197E-03
3.90295E+03 -4.43719E-03
3.90391E+03 -4.45176E-03
3.90488E+03 -4.36917E-03
3.90584E+03 -4.41267E-03
3.90681E+03 -4.47550E-03
3.90777E+03 -4.62987E-03
3.90874E+03 -4.61521E-03
3.90970E+03 -4.48097E-03
3.91067E+03 -4.57386E-03
3.91163E+03 -4.62741E-03
3.91259E+03 -4.53661E-03
3.91356E+03 -4.49754E-03
3.91452E+03 -4.49597E-03
3.91549E+03 -4.42339E-03
3.91645E+03 -4.36660E-03
3.91742E+03 -4.50015E-03
3.91838E+03 -4.57103E-03
3.91934E+03 -4.51905E-03
3.92031E+03 -4.63833E-03
3.92127E+03 -4.70695E-03
3.92224E+03 -4.64041E-03
3.92320E+03 -4.50655E-03
3.92417E+03 -4.40039E-03
3.92513E+03 -4.55574E-03
3.92610E+03 -4.64642E-03
3.92706E+03 -4.52681E-03
3.92802E+03 -4.54431E-03
3.92899E+03 -4.53524E-03
3.92995E+03 -4.50519E-03
3.93092E+03 -4.57414E-03
3.93188E+03 -4.54816E-03
3.93285E+03 -4.46687E-03
3.93381E+03 -4.43018E-03
3.93478E+03 -4.49338E-03
3.93574E+03 -4.52871E-03
3.93670E+03 -4.49074E-03
3.93767E+03 -4.45214E-03
3.93863E+03 -4.51168E-03
3.93960E+03 -4.63096E-03
3.94056E+03 -4.61150E-03
3.94153E+03 -4.63036E-03
3.94249E+03 -4.59450E-03
3.94346E+03 -4.43931E-03
3.94442E+03 -4.34215E-03
3.94538E+03 -4.31461E-03
3.94635E+03 -4.29899E-03
3.94731E+03 -4.40194E-03
3.94828E+03 -4.54164E-03
3.94924E+03 -4.51639E-03
3.95021E+03 -4.45094E-03
3.95117E+03 -4.45493E-03
3.95213E+03 -4.50617E-03
3.95310E+03 -4.52038E-03
3.95406E+03 -4.41232E-03
3.95503E+03 -4.45501E-03
3.95599E+03 -4.63189E-03
3.95696E+03 -4.57646E-03
3.95792E+03 -4.47240E-03
3.95889E+03 -4.50630E-03
3.95985E+03 -4.44980E-03
3.96081E+03 -4.35458E-03
3.96178E+03 -4.33264E-03
3.96274E+03 -4.34915E-03
3.96371E+03 -4.43283E-03
3.96467E+03 -4.56980E-03
3.96564E+03 -4.58078E-03
3.96660E+03 -4.47572E-03
3.96757E+03 -4.50411E-03
3.96853E+03 -4.50426E-03
3.96949E+03 -4.44536E-03
3.97046E+03 -4.49963E-03
3.97142E+03 -4.67636E-03
3.97239E+03 -4.65127E-03
3.97335E+03 -4.57502E-03
3.97432E+03 -4.49542E-03
3.97528E+03 -4.47727E-03
3.97624E+03 -4.52904E-03
3.97721E+03 -4.58292E-03
3.97817E+03 -4.67981E-03
3.97914E+03 -4.62181E-03
3.98010E+03 -4.50029E-03
3.98107E+03 -4.44555E-03
3.98203E+03 -4.50502E-03
3.98300E+03 -4.54985E-03
3.98396E+03 -4.49182E-03
3.98492E+03 -4.47132E-03
3.98589E+03 -4.47038E-03
3.98685E+03 -4.27703E-03
3.98782E+03 -4.31872E-03
3.98878E+03 -4.44201E-03
3.98975E+03 -4.31938E-03
3.99071E+03 -4.35033E-03
3.99168E+03 -4.46879E-03
3.99264E+03 -4.42183E-03
3.99360E+03 -4.43924E-03
3.99457E+03 -4.58388E-03
3.99553E+03 -4.55612E-03
3.99650E+03 -4.47217E-03
3.99746E+03 -4.45225E-03
3.99843E+03 -4.36780E-03
3.99939E+03 -4.38159E-03
4.00035E+03 -4.46819E-03
4.00132E+03 -4.54383E-03
