# {"full": "H2O:CH3OH:CO2 (0.3:0.7:1)", "name": "H2O:CH3OH:CO2", "ratio": "(0.3:0.7:1)", "url": "https://icedb.strw.leidenuniv.nl/data/49", "author": "Ehrenfreund et al.", "latex_molname": "$\\ce{H2O}$:$\\ce{CH3OH}$:$\\ce{CO2}$ (0.3:0.7:1)", "temperature": 77.0, "index": 429}
3.99264E+02 1.72026E-02
4.00228E+02 1.34628E-02
4.01193E+02 -5.58256E-03
4.02157E+02 -1.00271E-02
4.03122E+02 -8.63759E-03
4.04086E+02 -1.78385E-02
4.05050E+02 -2.06195E-02
4.06015E+02 -4.10198E-02
4.06979E+02 -5.91212E-03
4.07944E+02 5.84927E-02
4.08908E+02 3.42181E-02
4.09872E+02 1.93160E-02
4.10837E+02 1.90424E-02
4.11801E+02 1.17285E-02
4.12766E+02 5.06085E-03
4.13730E+02 -1.70477E-03
4.14694E+02 1.82856E-03
4.15659E+02 6.05425E-03
4.16623E+02 1.98118E-03
4.17588E+02 -5.86350E-04
4.18552E+02 -2.62816E-03
4.19516E+02 -2.53228E-03
4.20481E+02 -3.38065E-03
4.21445E+02 2.07271E-03
4.22410E+02 6.39686E-03
4.23374E+02 1.79388E-03
4.24339E+02 2.13701E-03
4.25303E+02 3.82358E-03
4.26267E+02 5.14517E-03
4.27232E+02 3.92364E-03
4.28196E+02 -3.63917E-03
4.29161E+02 -4.58684E-03
4.30125E+02 -1.12666E-03
4.31089E+02 3.06524E-04
4.32054E+02 -1.14348E-04
4.33018E+02 2.75950E-03
4.33983E+02 4.70465E-03
4.34947E+02 5.67956E-03
4.35911E+02 6.68789E-03
4.36876E+02 7.55219E-03
4.37840E+02 7.91874E-03
4.38805E+02 1.00606E-02
4.39769E+02 1.39058E-02
4.40733E+02 2.50420E-02
4.41698E+02 4.13349E-02
4.42662E+02 4.77358E-03
4.43627E+02 -2.08779E-02
4.44591E+02 -9.10479E-03
4.45555E+02 -7.28912E-03
4.46520E+02 -6.02122E-03
4.47484E+02 -5.36558E-03
4.48449E+02 -3.72470E-03
4.49413E+02 -1.23440E-03
4.50377E+02 -4.33303E-04
4.51342E+02 -9.36713E-04
4.52306E+02 -5.94784E-04
4.53271E+02 1.93808E-04
4.54235E+02 -4.40702E-06
4.55199E+02 -5.85012E-04
4.56164E+02 -2.66403E-04
4.57128E+02 -5.02281E-05
4.58093E+02 5.79331E-04
4.59057E+02 6.70943E-04
4.60022E+02 -1.19582E-05
4.60986E+02 -4.11309E-05
4.61950E+02 -4.74342E-03
4.62915E+02 -7.52964E-03
4.63879E+02 4.39742E-03
4.64844E+02 7.62812E-03
4.65808E+02 3.50800E-03
4.66772E+02 3.26033E-03
4.67737E+02 2.17024E-03
4.68701E+02 2.22914E-03
4.69666E+02 1.86688E-03
4.70630E+02 1.16067E-03
4.71594E+02 6.72270E-04
4.72559E+02 7.54058E-04
4.73523E+02 9.77304E-04
4.74488E+02 7.76522E-04
4.75452E+02 1.45573E-04
4.76416E+02 2.11670E-03
4.77381E+02 4.41455E-03
4.78345E+02 1.70196E-03
4.79310E+02 -2.44029E-04
4.80274E+02 -9.79863E-05
4.81238E+02 -3.01637E-04
4.82203E+02 -1.48427E-04
4.83167E+02 -1.27235E-03
4.84132E+02 7.07198E-04
4.85096E+02 3.61855E-03
4.86060E+02 2.13555E-03
4.87025E+02 1.11444E-03
4.87989E+02 9.16094E-04
4.88954E+02 8.12545E-04
4.89918E+02 1.02527E-03
4.90883E+02 4.49184E-04
4.91847E+02 -1.25464E-04
4.92811E+02 6.35870E-05
4.93776E+02 2.50619E-04
4.94740E+02 3.49339E-04
4.95705E+02 5.96568E-05
4.96669E+02 -4.06828E-04
4.97633E+02 -1.89016E-03
4.98598E+02 -1.00723E-03
4.99562E+02 1.28925E-03
5.00527E+02 7.19182E-04
5.01491E+02 5.39750E-04
5.02455E+02 6.83066E-04
5.03420E+02 4.11563E-04
5.04384E+02 7.27843E-04
5.05349E+02 1.72369E-03
5.06313E+02 1.43977E-03
5.07277E+02 4.71693E-04
5.08242E+02 4.75887E-04
5.09206E+02 9.61032E-04
5.10171E+02 7.33972E-04
5.11135E+02 4.35941E-04
5.12099E+02 4.63244E-04
5.13064E+02 1.08570E-03
5.14028E+02 1.06297E-03
5.14993E+02 9.77933E-04
5.15957E+02 1.09436E-03
5.16921E+02 1.30294E-03
5.17886E+02 1.25395E-03
5.18850E+02 6.82031E-03
5.19815E+02 7.64092E-03
5.20779E+02 9.00991E-04
5.21743E+02 3.49551E-04
5.22708E+02 2.08493E-04
5.23672E+02 -8.77120E-05
5.24637E+02 1.26407E-04
5.25601E+02 1.61480E-04
5.26565E+02 1.31868E-04
5.27530E+02 1.43822E-04
5.28494E+02 2.04176E-04
5.29459E+02 -8.85352E-05
5.30423E+02 4.45105E-04
5.31388E+02 8.46643E-04
5.32352E+02 7.68483E-04
5.33316E+02 7.39522E-04
5.34281E+02 5.73423E-04
5.35245E+02 4.37859E-04
5.36210E+02 4.61437E-04
5.37174E+02 9.06602E-04
5.38138E+02 9.30816E-04
5.39103E+02 4.39182E-04
5.40067E+02 -4.55510E-04
5.41032E+02 -2.43053E-04
5.41996E+02 5.97555E-04
5.42960E+02 5.44049E-04
5.43925E+02 4.79311E-04
5.44889E+02 7.08442E-04
5.45854E+02 6.66454E-04
5.46818E+02 4.30603E-04
5.47782E+02 8.95094E-04
5.48747E+02 1.17473E-03
5.49711E+02 1.00915E-03
5.50676E+02 5.85064E-04
5.51640E+02 6.65233E-04
5.52604E+02 9.67789E-04
5.53569E+02 1.28959E-03
5.54533E+02 1.41535E-03
5.55498E+02 6.46494E-04
5.56462E+02 5.29680E-04
5.57427E+02 9.34340E-04
5.58391E+02 1.21805E-03
5.59355E+02 1.13818E-03
5.60320E+02 1.45149E-03
5.61284E+02 2.96306E-04
5.62249E+02 -1.08344E-03
5.63213E+02 2.13660E-04
5.64177E+02 8.30062E-04
5.65142E+02 6.28818E-04
5.66106E+02 8.19214E-04
5.67071E+02 1.02548E-03
5.68035E+02 1.11976E-03
5.68999E+02 9.84542E-04
5.69964E+02 8.38596E-04
5.70928E+02 7.95685E-04
5.71893E+02 9.68769E-04
5.72857E+02 1.19431E-03
5.73821E+02 1.20353E-03
5.74786E+02 1.15763E-03
5.75750E+02 1.00728E-03
5.76715E+02 1.38343E-03
5.77679E+02 1.63868E-03
5.78643E+02 1.29431E-03
5.79608E+02 1.17246E-03
5.80572E+02 1.06979E-03
5.81537E+02 1.16855E-03
5.82501E+02 1.64280E-03
5.83465E+02 1.60977E-03
5.84430E+02 1.36433E-03
5.85394E+02 1.32388E-03
5.86359E+02 1.35249E-03
5.87323E+02 1.40383E-03
5.88287E+02 1.31056E-03
5.89252E+02 1.21260E-03
5.90216E+02 1.29559E-03
5.91181E+02 1.27831E-03
5.92145E+02 1.23956E-03
5.93109E+02 1.29191E-03
5.94074E+02 9.65096E-04
5.95038E+02 4.64540E-04
5.96003E+02 -5.16843E-04
5.96967E+02 1.15963E-03
5.97932E+02 2.87278E-03
5.98896E+02 2.32494E-03
5.99860E+02 2.32833E-03
6.00825E+02 2.19440E-03
6.01789E+02 2.09612E-03
6.02754E+02 1.86577E-03
6.03718E+02 1.55095E-03
6.04682E+02 1.79660E-03
6.05647E+02 2.01149E-03
6.06611E+02 1.91762E-03
6.07576E+02 2.14832E-03
6.08540E+02 2.22602E-03
6.09504E+02 2.21271E-03
6.10469E+02 2.37698E-03
6.11433E+02 2.30516E-03
6.12398E+02 2.23958E-03
6.13362E+02 2.23264E-03
6.14326E+02 2.25319E-03
6.15291E+02 2.41020E-03
6.16255E+02 2.50522E-03
6.17220E+02 2.44001E-03
6.18184E+02 2.47842E-03
6.19148E+02 2.92598E-03
6.20113E+02 2.97000E-03
6.21077E+02 2.98597E-03
6.22042E+02 3.26002E-03
6.23006E+02 3.19287E-03
6.23971E+02 3.42058E-03
6.24935E+02 3.72516E-03
6.25899E+02 3.83522E-03
6.26864E+02 3.98315E-03
6.27828E+02 4.25288E-03
6.28793E+02 4.64689E-03
6.29757E+02 5.09852E-03
6.30721E+02 5.28290E-03
6.31686E+02 5.77256E-03
6.32650E+02 6.69819E-03
6.33615E+02 7.21075E-03
6.34579E+02 7.85157E-03
6.35543E+02 8.77506E-03
6.36508E+02 9.66291E-03
6.37472E+02 1.10630E-02
6.38437E+02 1.21144E-02
6.39401E+02 1.23306E-02
6.40365E+02 1.35410E-02
6.41330E+02 1.52527E-02
6.42294E+02 1.67749E-02
6.43259E+02 1.83261E-02
6.44223E+02 1.95974E-02
6.45187E+02 2.07741E-02
6.46152E+02 2.18612E-02
6.47116E+02 2.27077E-02
6.48081E+02 2.30699E-02
6.49045E+02 2.30536E-02
6.50009E+02 2.27962E-02
6.50974E+02 2.25526E-02
6.51938E+02 2.23344E-02
6.52903E+02 2.27637E-02
6.53867E+02 2.45903E-02
6.54831E+02 2.67201E-02
6.55796E+02 2.76864E-02
6.56760E+02 2.74473E-02
6.57725E+02 2.69988E-02
6.58689E+02 2.67393E-02
6.59654E+02 2.61719E-02
6.60618E+02 2.46794E-02
6.61582E+02 2.29932E-02
6.62547E+02 2.10198E-02
6.63511E+02 1.87735E-02
6.64476E+02 1.65137E-02
6.65440E+02 1.44122E-02
6.66404E+02 1.25006E-02
6.67369E+02 1.04699E-02
6.68333E+02 8.83350E-03
6.69298E+02 7.37211E-03
6.70262E+02 6.06687E-03
6.71226E+02 5.04578E-03
6.72191E+02 4.29582E-03
6.73155E+02 4.42501E-03
6.74120E+02 3.70214E-03
6.75084E+02 2.51202E-03
6.76048E+02 2.32418E-03
6.77013E+02 2.17085E-03
6.77977E+02 2.24929E-03
6.78942E+02 2.35247E-03
6.79906E+02 2.30632E-03
6.80870E+02 2.17685E-03
6.81835E+02 2.15062E-03
6.82799E+02 2.31373E-03
6.83764E+02 2.47578E-03
6.84728E+02 2.53919E-03
6.85692E+02 2.47847E-03
6.86657E+02 2.49137E-03
6.87621E+02 2.71657E-03
6.88586E+02 2.63312E-03
6.89550E+02 2.38284E-03
6.90514E+02 2.47712E-03
6.91479E+02 2.55676E-03
6.92443E+02 2.59955E-03
6.93408E+02 2.48343E-03
6.94372E+02 3.00905E-03
6.95337E+02 3.95167E-03
6.96301E+02 3.75528E-03
6.97265E+02 3.57179E-03
6.98230E+02 3.86921E-03
6.99194E+02 3.99362E-03
7.00159E+02 4.05709E-03
7.01123E+02 4.94378E-03
7.02087E+02 2.91154E-03
7.03052E+02 1.05442E-03
7.04016E+02 1.76449E-03
7.04981E+02 2.69243E-03
7.05945E+02 3.91043E-03
7.06909E+02 3.37066E-03
7.07874E+02 2.90861E-03
7.08838E+02 3.45571E-03
7.09803E+02 3.85609E-03
7.10767E+02 3.54304E-03
7.11731E+02 3.31599E-03
7.12696E+02 3.18472E-03
7.13660E+02 3.21201E-03
7.14625E+02 3.11020E-03
7.15589E+02 3.33144E-03
7.16553E+02 3.84350E-03
7.17518E+02 3.70339E-03
7.18482E+02 3.59151E-03
7.19447E+02 3.59825E-03
7.20411E+02 3.56225E-03
7.21375E+02 3.60851E-03
7.22340E+02 3.63395E-03
7.23304E+02 3.76258E-03
7.24269E+02 3.79765E-03
7.25233E+02 3.71046E-03
7.26198E+02 3.75431E-03
7.27162E+02 3.67185E-03
7.28126E+02 3.59618E-03
7.29091E+02 3.65995E-03
7.30055E+02 3.90266E-03
7.31020E+02 4.07140E-03
7.31984E+02 3.89681E-03
7.32948E+02 3.84030E-03
7.33913E+02 3.96364E-03
7.34877E+02 4.01204E-03
7.35842E+02 4.11486E-03
7.36806E+02 3.90553E-03
7.37770E+02 3.50272E-03
7.38735E+02 3.76356E-03
7.39699E+02 4.00319E-03
7.40664E+02 3.91662E-03
7.41628E+02 3.87343E-03
7.42592E+02 4.01745E-03
7.43557E+02 4.10534E-03
7.44521E+02 4.13353E-03
7.45486E+02 4.16412E-03
7.46450E+02 4.25196E-03
7.47414E+02 4.34230E-03
7.48379E+02 4.44548E-03
7.49343E+02 4.51867E-03
7.50308E+02 5.64845E-03
7.51272E+02 5.41154E-03
7.52236E+02 3.57790E-03
7.53201E+02 3.66606E-03
7.54165E+02 3.88022E-03
7.55130E+02 3.92457E-03
7.56094E+02 4.10854E-03
7.57058E+02 3.95584E-03
7.58023E+02 4.05273E-03
7.58987E+02 4.24904E-03
7.59952E+02 4.23895E-03
7.60916E+02 4.24317E-03
7.61880E+02 4.26585E-03
7.62845E+02 4.35140E-03
7.63809E+02 4.37032E-03
7.64774E+02 4.27288E-03
7.65738E+02 4.22408E-03
7.66703E+02 4.33680E-03
7.67667E+02 4.35059E-03
7.68631E+02 4.35121E-03
7.69596E+02 4.44894E-03
7.70560E+02 4.42667E-03
7.71525E+02 4.27871E-03
7.72489E+02 4.27033E-03
7.73453E+02 4.32222E-03
7.74418E+02 4.31256E-03
7.75382E+02 4.27826E-03
7.76347E+02 4.34833E-03
7.77311E+02 4.50443E-03
7.78275E+02 4.51191E-03
7.79240E+02 4.55973E-03
7.80204E+02 4.51675E-03
7.81169E+02 4.42718E-03
7.82133E+02 4.34622E-03
7.83097E+02 4.28183E-03
7.84062E+02 4.52825E-03
7.85026E+02 4.57380E-03
7.85991E+02 4.44978E-03
7.86955E+02 4.45610E-03
7.87919E+02 4.36237E-03
7.88884E+02 4.28672E-03
7.89848E+02 4.38412E-03
7.90813E+02 4.49138E-03
7.91777E+02 4.40706E-03
7.92742E+02 4.07397E-03
7.93706E+02 4.12017E-03
7.94670E+02 4.43913E-03
7.95635E+02 4.51991E-03
7.96599E+02 4.67014E-03
7.97564E+02 4.62965E-03
7.98528E+02 4.55566E-03
7.99492E+02 4.57317E-03
8.00457E+02 4.46589E-03
8.01421E+02 4.30870E-03
8.02386E+02 4.43600E-03
8.03350E+02 4.51733E-03
8.04314E+02 4.43706E-03
8.05279E+02 4.40081E-03
8.06243E+02 4.36976E-03
8.07208E+02 4.51696E-03
8.08172E+02 4.57897E-03
8.09136E+02 4.40601E-03
8.10101E+02 4.26205E-03
8.11065E+02 4.16780E-03
8.12030E+02 4.22442E-03
8.12994E+02 4.22403E-03
8.13958E+02 4.20666E-03
8.14923E+02 4.37831E-03
8.15887E+02 4.34916E-03
8.16852E+02 4.30532E-03
8.17816E+02 4.29507E-03
8.18780E+02 4.27468E-03
8.19745E+02 4.33336E-03
8.20709E+02 4.24969E-03
8.21674E+02 4.19280E-03
8.22638E+02 4.26312E-03
8.23602E+02 4.38140E-03
8.24567E+02 4.17609E-03
8.25531E+02 4.02192E-03
8.26496E+02 3.92551E-03
8.27460E+02 4.26899E-03
8.28424E+02 5.43801E-03
8.29389E+02 4.94392E-03
8.30353E+02 4.16131E-03
8.31318E+02 4.20700E-03
8.32282E+02 4.08911E-03
8.33247E+02 4.09567E-03
8.34211E+02 3.95809E-03
8.35175E+02 4.00424E-03
8.36140E+02 4.01194E-03
8.37104E+02 3.95266E-03
8.38069E+02 3.98275E-03
8.39033E+02 4.00630E-03
8.39997E+02 3.97417E-03
8.40962E+02 4.03744E-03
8.41926E+02 3.99035E-03
8.42891E+02 3.65721E-03
8.43855E+02 3.68012E-03
8.44819E+02 3.74832E-03
8.45784E+02 3.55723E-03
8.46748E+02 3.41872E-03
8.47713E+02 3.48871E-03
8.48677E+02 3.56610E-03
8.49641E+02 3.56964E-03
8.50606E+02 3.47133E-03
8.51570E+02 3.32281E-03
8.52535E+02 3.38086E-03
8.53499E+02 3.52734E-03
8.54463E+02 3.39595E-03
8.55428E+02 3.13774E-03
8.56392E+02 3.07744E-03
8.57357E+02 3.32872E-03
8.58321E+02 3.16498E-03
8.59286E+02 3.61498E-03
8.60250E+02 4.85464E-03
8.61214E+02 4.34923E-03
8.62179E+02 3.56504E-03
8.63143E+02 3.64024E-03
8.64108E+02 3.95937E-03
8.65072E+02 4.05426E-03
8.66036E+02 4.05658E-03
8.67001E+02 3.82259E-03
8.67965E+02 2.98656E-03
8.68930E+02 3.01186E-03
8.69894E+02 3.25659E-03
8.70858E+02 2.64234E-03
8.71823E+02 2.40348E-03
8.72787E+02 2.77362E-03
8.73752E+02 3.41172E-03
8.74716E+02 3.20335E-03
8.75680E+02 2.81418E-03
8.76645E+02 2.99331E-03
8.77609E+02 3.26293E-03
8.78574E+02 3.13266E-03
8.79538E+02 2.71524E-03
8.80502E+02 2.68991E-03
8.81467E+02 2.69836E-03
8.82431E+02 2.49896E-03
8.83396E+02 2.31248E-03
8.84360E+02 2.54814E-03
8.85324E+02 2.79531E-03
8.86289E+02 2.66431E-03
8.87253E+02 2.45131E-03
8.88218E+02 2.36447E-03
8.89182E+02 2.29498E-03
8.90146E+02 2.30702E-03
8.91111E+02 2.22101E-03
8.92075E+02 2.31889E-03
8.93040E+02 2.34000E-03
8.94004E+02 2.22315E-03
8.94969E+02 2.24753E-03
8.95933E+02 2.17584E-03
8.96897E+02 2.09619E-03
8.97862E+02 2.22297E-03
8.98826E+02 1.74299E-03
8.99791E+02 1.62552E-03
9.00755E+02 2.12253E-03
9.01719E+02 2.11836E-03
9.02684E+02 2.04373E-03
9.03648E+02 1.93908E-03
9.04613E+02 1.80583E-03
9.05577E+02 1.47622E-03
9.06541E+02 1.45081E-03
9.07506E+02 1.61150E-03
9.08470E+02 1.57442E-03
9.09435E+02 1.61026E-03
9.10399E+02 1.63354E-03
9.11363E+02 1.66828E-03
9.12328E+02 1.60096E-03
9.13292E+02 1.41469E-03
9.14257E+02 1.39715E-03
9.15221E+02 1.44674E-03
9.16185E+02 1.43318E-03
9.17150E+02 1.52168E-03
9.18114E+02 1.42437E-03
9.19079E+02 1.64896E-03
9.20043E+02 2.02307E-03
9.21007E+02 1.53478E-03
9.21972E+02 1.24876E-03
9.22936E+02 1.23464E-03
9.23901E+02 1.12502E-03
9.24865E+02 1.11506E-03
9.25829E+02 1.29450E-03
9.26794E+02 1.25645E-03
9.27758E+02 8.33433E-04
9.28723E+02 8.31470E-04
9.29687E+02 9.63774E-04
9.30651E+02 9.39697E-04
9.31616E+02 9.01926E-04
9.32580E+02 8.53259E-04
9.33545E+02 6.63340E-04
9.34509E+02 5.44116E-04
9.35474E+02 5.93204E-04
9.36438E+02 5.23988E-04
9.37402E+02 5.23269E-04
9.38367E+02 5.58905E-04
9.39331E+02 5.03749E-04
9.40296E+02 4.28438E-04
9.41260E+02 4.78439E-04
9.42224E+02 6.14412E-04
9.43189E+02 6.20589E-04
9.44153E+02 6.13235E-04
9.45118E+02 5.56104E-04
9.46082E+02 5.15100E-04
9.47046E+02 7.58275E-04
9.48011E+02 6.56359E-04
9.48975E+02 3.29427E-04
9.49940E+02 3.52852E-04
9.50904E+02 2.94130E-04
9.51868E+02 2.92007E-04
9.52833E+02 2.97025E-04
9.53797E+02 2.66749E-04
9.54762E+02 3.06193E-04
9.55726E+02 1.84093E-04
9.56690E+02 6.04354E-05
9.57655E+02 7.82460E-05
9.58619E+02 8.21576E-05
9.59584E+02 1.22126E-04
9.60548E+02 7.65435E-05
9.61513E+02 -1.14232E-04
9.62477E+02 -3.47905E-05
9.63441E+02 8.77082E-05
9.64406E+02 9.68426E-05
9.65370E+02 9.06102E-05
9.66335E+02 3.93651E-05
9.67299E+02 6.29500E-05
9.68263E+02 -3.01935E-05
9.69228E+02 -7.23675E-05
9.70192E+02 5.58197E-05
9.71157E+02 2.43746E-05
9.72121E+02 -8.61622E-05
9.73085E+02 -6.02603E-05
9.74050E+02 -1.81273E-05
9.75014E+02 6.77519E-05
9.75979E+02 -1.34669E-05
9.76943E+02 -1.60940E-04
9.77907E+02 -1.02546E-04
9.78872E+02 -7.46064E-05
9.79836E+02 -9.50284E-05
9.80801E+02 -5.66244E-05
9.81765E+02 -2.87123E-04
9.82729E+02 -1.09447E-03
9.83694E+02 -7.85138E-04
9.84658E+02 -1.66439E-04
9.85623E+02 -1.88995E-04
9.86587E+02 -7.82833E-05
9.87551E+02 4.21628E-05
9.88516E+02 4.49643E-05
9.89480E+02 -6.81169E-05
9.90445E+02 2.30446E-05
9.91409E+02 -2.52351E-05
9.92373E+02 -9.43393E-05
9.93338E+02 2.13459E-06
9.94302E+02 2.01844E-04
9.95267E+02 1.95198E-04
9.96231E+02 5.25787E-05
9.97195E+02 6.31981E-04
9.98160E+02 1.22964E-03
9.99124E+02 1.38775E-03
1.00009E+03 1.74798E-03
1.00105E+03 2.25122E-03
1.00202E+03 2.77922E-03
1.00298E+03 3.58175E-03
1.00395E+03 4.72663E-03
1.00491E+03 5.21395E-03
1.00588E+03 5.75983E-03
1.00684E+03 6.70285E-03
1.00780E+03 7.57654E-03
1.00877E+03 8.53544E-03
1.00973E+03 9.55684E-03
1.01070E+03 1.06940E-02
1.01166E+03 1.16512E-02
1.01263E+03 1.26809E-02
1.01359E+03 1.38422E-02
1.01455E+03 1.49700E-02
1.01552E+03 1.61423E-02
1.01648E+03 1.75062E-02
1.01745E+03 1.90778E-02
1.01841E+03 2.03955E-02
1.01938E+03 2.14721E-02
1.02034E+03 2.26686E-02
1.02131E+03 2.37908E-02
1.02227E+03 2.46333E-02
1.02323E+03 2.52103E-02
1.02420E+03 2.56104E-02
1.02516E+03 2.62878E-02
1.02613E+03 2.63858E-02
1.02709E+03 2.59417E-02
1.02806E+03 2.54229E-02
1.02902E+03 2.47508E-02
1.02999E+03 2.39889E-02
1.03095E+03 2.32828E-02
1.03191E+03 2.26644E-02
1.03288E+03 2.14289E-02
1.03384E+03 2.00748E-02
1.03481E+03 1.89824E-02
1.03577E+03 1.77561E-02
1.03674E+03 1.64852E-02
1.03770E+03 1.46833E-02
1.03866E+03 1.28793E-02
1.03963E+03 1.25632E-02
1.04059E+03 1.17610E-02
1.04156E+03 1.01914E-02
1.04252E+03 8.85727E-03
1.04349E+03 7.54501E-03
1.04445E+03 6.27867E-03
1.04542E+03 5.12075E-03
1.04638E+03 4.30863E-03
1.04734E+03 3.40211E-03
1.04831E+03 2.57285E-03
1.04927E+03 1.88939E-03
1.05024E+03 1.46556E-03
1.05120E+03 1.09226E-03
1.05217E+03 7.25083E-04
1.05313E+03 4.20265E-04
1.05410E+03 1.28467E-04
1.05506E+03 -6.49430E-05
1.05602E+03 -1.14471E-04
1.05699E+03 -3.90604E-04
1.05795E+03 -5.05265E-04
1.05892E+03 -1.07942E-03
1.05988E+03 -9.73810E-04
1.06085E+03 5.05190E-04
1.06181E+03 5.32780E-04
1.06278E+03 9.93870E-05
1.06374E+03 6.64778E-05
1.06470E+03 3.85456E-05
1.06567E+03 7.58693E-05
1.06663E+03 1.13752E-04
1.06760E+03 -5.71683E-05
1.06856E+03 -3.16828E-04
1.06953E+03 -2.80298E-04
1.07049E+03 -1.64971E-04
1.07145E+03 -1.67027E-04
1.07242E+03 -2.90073E-04
1.07338E+03 -1.53206E-04
1.07435E+03 3.04997E-04
1.07531E+03 1.22812E-04
1.07628E+03 -1.54525E-04
1.07724E+03 -9.96366E-05
1.07821E+03 -8.11405E-05
1.07917E+03 -6.63437E-05
1.08013E+03 1.81127E-04
1.08110E+03 6.48201E-06
1.08206E+03 -5.39578E-04
1.08303E+03 -4.43224E-04
1.08399E+03 -4.31478E-04
1.08496E+03 -4.33616E-04
1.08592E+03 -4.20287E-04
1.08689E+03 -3.26641E-04
1.08785E+03 -2.56050E-04
1.08881E+03 -4.56721E-04
1.08978E+03 -4.36261E-04
1.09074E+03 -3.29770E-04
1.09171E+03 -3.11073E-04
1.09267E+03 -2.35416E-04
1.09364E+03 -1.35176E-04
1.09460E+03 -2.06918E-04
1.09556E+03 -3.11289E-04
1.09653E+03 -3.07020E-04
1.09749E+03 -3.13498E-04
1.09846E+03 -1.50345E-04
1.09942E+03 -3.61204E-05
1.10039E+03 -1.35202E-04
1.10135E+03 -1.15223E-04
1.10232E+03 9.22196E-05
1.10328E+03 1.31521E-04
1.10424E+03 1.91271E-04
1.10521E+03 3.08502E-04
1.10617E+03 4.16271E-04
1.10714E+03 5.71661E-04
1.10810E+03 7.60183E-04
1.10907E+03 9.25239E-04
1.11003E+03 9.86610E-04
1.11100E+03 1.16715E-03
1.11196E+03 1.34325E-03
1.11292E+03 1.36651E-03
1.11389E+03 1.45018E-03
1.11485E+03 1.50703E-03
1.11582E+03 1.65312E-03
1.11678E+03 1.96828E-03
1.11775E+03 2.06275E-03
1.11871E+03 2.11245E-03
1.11968E+03 2.17170E-03
1.12064E+03 2.16730E-03
1.12160E+03 2.09677E-03
1.12257E+03 2.11859E-03
1.12353E+03 2.27257E-03
1.12450E+03 2.33464E-03
1.12546E+03 2.35663E-03
1.12643E+03 2.36686E-03
1.12739E+03 2.33934E-03
1.12835E+03 2.19487E-03
1.12932E+03 2.13477E-03
1.13028E+03 2.15442E-03
1.13125E+03 2.06634E-03
1.13221E+03 1.94481E-03
1.13318E+03 1.92462E-03
1.13414E+03 1.85845E-03
1.13511E+03 1.72223E-03
1.13607E+03 1.48692E-03
1.13703E+03 1.37013E-03
1.13800E+03 1.43932E-03
1.13896E+03 1.15793E-03
1.13993E+03 8.76114E-04
1.14089E+03 6.59041E-04
1.14186E+03 4.70228E-04
1.14282E+03 3.97358E-04
1.14379E+03 1.68011E-04
1.14475E+03 -5.54994E-05
1.14571E+03 -1.20889E-04
1.14668E+03 -1.37795E-04
1.14764E+03 -1.76273E-04
1.14861E+03 -1.81429E-04
1.14957E+03 -1.66386E-04
1.15054E+03 -6.41793E-05
1.15150E+03 -4.51170E-05
1.15246E+03 -2.39778E-04
1.15343E+03 -2.60565E-04
1.15439E+03 -1.42563E-04
1.15536E+03 -8.12300E-05
1.15632E+03 -6.60643E-05
1.15729E+03 -4.50015E-06
1.15825E+03 1.40183E-05
1.15922E+03 -1.74269E-04
1.16018E+03 -2.31747E-04
1.16114E+03 -1.94240E-04
1.16211E+03 -2.04086E-04
1.16307E+03 -2.03993E-04
1.16404E+03 -2.17225E-04
1.16500E+03 -2.63512E-04
1.16597E+03 -3.17711E-04
1.16693E+03 -3.26723E-04
1.16790E+03 -4.23737E-04
1.16886E+03 -4.69521E-04
1.16982E+03 -3.94251E-04
1.17079E+03 -3.61096E-04
1.17175E+03 -4.11972E-04
1.17272E+03 -4.63046E-04
1.17368E+03 -4.48678E-04
1.17465E+03 -4.61943E-04
1.17561E+03 -4.41425E-04
1.17657E+03 -3.40376E-04
1.17754E+03 -3.03697E-04
1.17850E+03 -3.11065E-04
1.17947E+03 -2.23268E-04
1.18043E+03 -2.87551E-04
1.18140E+03 -4.09734E-04
1.18236E+03 -4.39398E-04
1.18333E+03 -4.43578E-04
1.18429E+03 -4.44237E-04
1.18525E+03 -4.66805E-04
1.18622E+03 -4.39245E-04
1.18718E+03 -4.38537E-04
1.18815E+03 -4.35669E-04
1.18911E+03 -3.95771E-04
1.19008E+03 -3.97850E-04
1.19104E+03 -4.32480E-04
1.19201E+03 -5.05075E-04
1.19297E+03 -6.04350E-04
1.19393E+03 -4.77482E-04
1.19490E+03 -3.93063E-04
1.19586E+03 -4.82637E-04
1.19683E+03 -5.36256E-04
1.19779E+03 -5.46847E-04
1.19876E+03 -5.15442E-04
1.19972E+03 -5.06319E-04
1.20069E+03 -5.19622E-04
1.20165E+03 -4.27302E-04
1.20261E+03 -3.94795E-04
1.20358E+03 -4.70772E-04
1.20454E+03 -5.28969E-04
1.20551E+03 -5.32806E-04
1.20647E+03 -4.29105E-04
1.20744E+03 -4.35784E-04
1.20840E+03 -4.80630E-04
1.20936E+03 -4.16175E-04
1.21033E+03 -3.44064E-04
1.21129E+03 -3.38435E-04
1.21226E+03 -3.91807E-04
1.21322E+03 -4.44055E-04
1.21419E+03 -5.08029E-04
1.21515E+03 -4.68001E-04
1.21612E+03 -4.06843E-04
1.21708E+03 -4.01441E-04
1.21804E+03 -4.81982E-04
1.21901E+03 -5.09087E-04
1.21997E+03 -4.42877E-04
1.22094E+03 -4.34365E-04
1.22190E+03 -4.56098E-04
1.22287E+03 -4.29202E-04
1.22383E+03 -4.65661E-04
1.22480E+03 -3.81555E-04
1.22576E+03 -3.22096E-04
1.22672E+03 -3.16210E-04
1.22769E+03 -3.31465E-04
1.22865E+03 -2.60182E-04
1.22962E+03 -2.85447E-04
1.23058E+03 -1.70816E-04
1.23155E+03 -2.32685E-04
1.23251E+03 -2.20496E-04
1.23347E+03 -2.17127E-03
1.23444E+03 -3.70504E-03
1.23540E+03 -9.08997E-04
1.23637E+03 1.99743E-04
1.23733E+03 -1.28757E-04
1.23830E+03 -7.91103E-05
1.23926E+03 -1.70387E-04
1.24023E+03 -1.18960E-04
1.24119E+03 -2.86944E-04
1.24215E+03 -2.52623E-04
1.24312E+03 -2.70303E-04
1.24408E+03 -3.01611E-04
1.24505E+03 -2.98131E-04
1.24601E+03 -3.15536E-04
1.24698E+03 -3.29327E-04
1.24794E+03 -3.16653E-04
1.24891E+03 -4.24791E-04
1.24987E+03 -4.89663E-04
1.25083E+03 -4.00558E-04
1.25180E+03 -4.12375E-04
1.25276E+03 -4.60796E-04
1.25373E+03 -4.60371E-04
1.25469E+03 -4.33255E-04
1.25566E+03 -3.77178E-04
1.25662E+03 -2.80701E-04
1.25759E+03 -2.50023E-04
1.25855E+03 -2.96727E-04
1.25951E+03 -3.15826E-04
1.26048E+03 -3.23944E-04
1.26144E+03 -2.99338E-04
1.26241E+03 -3.27606E-04
1.26337E+03 -3.05664E-04
1.26434E+03 -2.90491E-04
1.26530E+03 -3.02564E-04
1.26626E+03 -3.07329E-04
1.26723E+03 -3.08543E-04
1.26819E+03 -3.54387E-04
1.26916E+03 -3.78650E-04
1.27012E+03 -4.16953E-04
1.27109E+03 -3.86011E-04
1.27205E+03 -3.11423E-04
1.27302E+03 -3.09948E-04
1.27398E+03 -3.19783E-04
1.27494E+03 -3.64751E-04
1.27591E+03 -3.43978E-04
1.27687E+03 -3.13926E-04
1.27784E+03 -3.32121E-04
1.27880E+03 -3.71095E-04
1.27977E+03 -3.63950E-04
1.28073E+03 -3.52211E-04
1.28170E+03 -3.75122E-04
1.28266E+03 -2.79959E-04
1.28362E+03 -2.85640E-04
1.28459E+03 -3.64315E-04
1.28555E+03 -3.53925E-04
1.28652E+03 -3.32657E-04
1.28748E+03 -2.96608E-04
1.28845E+03 -2.88639E-04
1.28941E+03 -2.95412E-04
1.29037E+03 -3.13431E-04
1.29134E+03 -2.76741E-04
1.29230E+03 -2.65863E-04
1.29327E+03 -3.20721E-04
1.29423E+03 -2.41164E-04
1.29520E+03 -2.22243E-04
1.29616E+03 -2.88948E-04
1.29713E+03 -2.97368E-04
1.29809E+03 -2.98288E-04
1.29905E+03 -3.06953E-04
1.30002E+03 -2.76785E-04
1.30098E+03 -2.54825E-04
1.30195E+03 -2.66276E-04
1.30291E+03 -2.39000E-04
1.30388E+03 -2.42077E-04
1.30484E+03 -2.76379E-04
1.30581E+03 -2.92733E-04
1.30677E+03 -2.33211E-04
1.30773E+03 -1.85747E-04
1.30870E+03 -2.24065E-04
1.30966E+03 -2.07890E-04
1.31063E+03 -2.04414E-04
1.31159E+03 -2.47054E-04
1.31256E+03 -2.26934E-04
1.31352E+03 -2.39499E-04
1.31448E+03 -2.92297E-04
1.31545E+03 -2.69637E-04
1.31641E+03 -2.28211E-04
1.31738E+03 -2.60416E-04
1.31834E+03 -1.23817E-04
1.31931E+03 6.24172E-05
1.32027E+03 -4.09409E-05
1.32124E+03 -1.25553E-04
1.32220E+03 -1.22108E-04
1.32316E+03 -1.08533E-04
1.32413E+03 -6.31958E-05
1.32509E+03 -1.55073E-04
1.32606E+03 -2.39130E-04
1.32702E+03 -2.11515E-04
1.32799E+03 -1.79358E-04
1.32895E+03 -1.91666E-04
1.32992E+03 -2.20116E-04
1.33088E+03 -1.68145E-04
1.33184E+03 -1.53258E-04
1.33281E+03 -1.37523E-04
1.33377E+03 -8.12039E-05
1.33474E+03 -1.02848E-04
1.33570E+03 -1.67321E-04
1.33667E+03 -1.76806E-04
1.33763E+03 -2.17188E-04
1.33860E+03 -2.65237E-04
1.33956E+03 -3.70417E-04
1.34052E+03 -5.63279E-04
1.34149E+03 -5.32683E-04
1.34245E+03 -4.54795E-04
1.34342E+03 -6.38559E-04
1.34438E+03 -6.18435E-04
1.34535E+03 -2.42271E-04
1.34631E+03 -7.08774E-05
1.34727E+03 -8.77082E-05
1.34824E+03 -1.14556E-04
1.34920E+03 -4.34585E-04
1.35017E+03 -6.86422E-04
1.35113E+03 -3.51813E-04
1.35210E+03 -2.13571E-05
1.35306E+03 -8.15094E-05
1.35403E+03 -2.33758E-04
1.35499E+03 -2.59388E-04
1.35595E+03 -1.78892E-04
1.35692E+03 -1.44478E-04
1.35788E+03 -1.43748E-04
1.35885E+03 -2.86959E-05
1.35981E+03 1.21854E-04
1.36078E+03 2.55156E-04
1.36174E+03 3.53511E-04
1.36271E+03 3.60224E-04
1.36367E+03 3.14392E-04
1.36463E+03 2.95948E-04
1.36560E+03 2.39648E-04
1.36656E+03 2.09067E-04
1.36753E+03 2.91333E-04
1.36849E+03 2.87760E-04
1.36946E+03 3.23236E-04
1.37042E+03 3.44880E-04
1.37138E+03 3.18144E-04
1.37235E+03 3.51533E-04
1.37331E+03 3.69418E-04
1.37428E+03 4.38783E-04
1.37524E+03 5.00865E-04
1.37621E+03 5.30984E-04
1.37717E+03 5.60295E-04
1.37814E+03 6.04309E-04
1.37910E+03 6.27071E-04
1.38006E+03 6.22250E-04
1.38103E+03 6.30919E-04
1.38199E+03 5.22826E-04
1.38296E+03 3.55121E-04
1.38392E+03 3.18389E-04
1.38489E+03 3.14090E-04
1.38585E+03 2.88498E-04
1.38682E+03 3.42686E-04
1.38778E+03 4.26207E-04
1.38874E+03 5.20617E-04
1.38971E+03 6.37796E-04
1.39067E+03 6.24027E-04
1.39164E+03 5.78191E-04
1.39260E+03 6.85915E-04
1.39357E+03 7.45267E-04
1.39453E+03 8.02606E-04
1.39550E+03 9.00511E-04
1.39646E+03 9.82255E-04
1.39742E+03 1.15119E-03
1.39839E+03 1.24164E-03
1.39935E+03 1.27983E-03
1.40032E+03 1.46163E-03
1.40128E+03 1.56675E-03
1.40225E+03 1.61256E-03
1.40321E+03 1.68686E-03
1.40417E+03 1.83058E-03
1.40514E+03 2.02163E-03
1.40610E+03 2.05901E-03
1.40707E+03 2.10667E-03
1.40803E+03 2.12737E-03
1.40900E+03 2.06945E-03
1.40996E+03 2.14138E-03
1.41093E+03 2.25261E-03
1.41189E+03 2.22026E-03
1.41285E+03 2.24867E-03
1.41382E+03 2.27967E-03
1.41478E+03 2.28612E-03
1.41575E+03 2.44872E-03
1.41671E+03 2.54379E-03
1.41768E+03 2.55097E-03
1.41864E+03 2.60233E-03
1.41961E+03 2.63201E-03
1.42057E+03 2.63257E-03
1.42153E+03 2.63624E-03
1.42250E+03 2.65605E-03
1.42346E+03 2.70102E-03
1.42443E+03 2.72235E-03
1.42539E+03 2.77333E-03
1.42636E+03 2.78755E-03
1.42732E+03 2.74590E-03
1.42828E+03 2.76807E-03
1.42925E+03 2.74300E-03
1.43021E+03 2.72496E-03
1.43118E+03 2.74782E-03
1.43214E+03 2.72251E-03
1.43311E+03 2.72897E-03
1.43407E+03 2.77559E-03
1.43504E+03 2.75238E-03
1.43600E+03 2.73100E-03
1.43696E+03 2.72370E-03
1.43793E+03 2.71022E-03
1.43889E+03 2.71054E-03
1.43986E+03 2.76598E-03
1.44082E+03 2.89332E-03
1.44179E+03 2.97067E-03
1.44275E+03 3.05020E-03
1.44372E+03 3.18503E-03
1.44468E+03 3.30145E-03
1.44564E+03 3.35894E-03
1.44661E+03 3.41784E-03
1.44757E+03 3.44049E-03
1.44854E+03 3.45125E-03
1.44950E+03 3.54365E-03
1.45047E+03 3.57682E-03
1.45143E+03 3.58186E-03
1.45240E+03 3.67877E-03
1.45336E+03 3.73576E-03
1.45432E+03 3.74307E-03
1.45529E+03 3.74971E-03
1.45625E+03 3.86437E-03
1.45722E+03 4.05176E-03
1.45818E+03 4.14777E-03
1.45915E+03 4.16607E-03
1.46011E+03 4.24061E-03
1.46107E+03 4.33766E-03
1.46204E+03 4.41555E-03
1.46300E+03 4.37219E-03
1.46397E+03 4.24267E-03
1.46493E+03 4.22417E-03
1.46590E+03 4.11823E-03
1.46686E+03 3.93073E-03
1.46783E+03 3.75626E-03
1.46879E+03 3.56055E-03
1.46975E+03 3.48393E-03
1.47072E+03 3.47898E-03
1.47168E+03 3.46735E-03
1.47265E+03 3.58960E-03
1.47361E+03 3.80780E-03
1.47458E+03 3.97227E-03
1.47554E+03 4.11247E-03
1.47651E+03 4.22058E-03
1.47747E+03 4.17855E-03
1.47843E+03 4.07146E-03
1.47940E+03 3.90980E-03
1.48036E+03 3.67589E-03
1.48133E+03 3.41117E-03
1.48229E+03 3.21194E-03
1.48326E+03 3.05163E-03
1.48422E+03 2.80408E-03
1.48518E+03 2.60673E-03
1.48615E+03 2.44381E-03
1.48711E+03 2.24086E-03
1.48808E+03 2.05234E-03
1.48904E+03 1.95999E-03
1.49001E+03 1.89885E-03
1.49097E+03 1.74658E-03
1.49194E+03 1.63366E-03
1.49290E+03 1.54503E-03
1.49386E+03 1.43163E-03
1.49483E+03 1.35112E-03
1.49579E+03 1.31900E-03
1.49676E+03 1.22932E-03
1.49772E+03 1.14259E-03
1.49869E+03 1.10450E-03
1.49965E+03 1.04629E-03
1.50062E+03 1.01526E-03
1.50158E+03 8.76609E-04
1.50254E+03 8.02670E-04
1.50351E+03 8.41793E-04
1.50447E+03 7.98110E-04
1.50544E+03 7.35752E-04
1.50640E+03 6.52809E-04
1.50737E+03 5.93632E-04
1.50833E+03 6.10754E-04
1.50929E+03 6.02636E-04
1.51026E+03 5.22174E-04
1.51122E+03 4.71607E-04
1.51219E+03 5.24811E-04
1.51315E+03 5.10748E-04
1.51412E+03 4.25506E-04
1.51508E+03 3.80311E-04
1.51605E+03 4.16547E-04
1.51701E+03 4.95750E-04
1.51797E+03 4.06850E-04
1.51894E+03 2.74602E-04
1.51990E+03 3.00493E-04
1.52087E+03 3.64155E-04
1.52183E+03 2.87347E-04
1.52280E+03 2.49993E-04
1.52376E+03 2.54948E-04
1.52473E+03 2.22612E-04
1.52569E+03 2.33818E-04
1.52665E+03 2.29478E-04
1.52762E+03 2.11481E-04
1.52858E+03 1.88131E-04
1.52955E+03 2.19148E-04
1.53051E+03 2.12517E-04
1.53148E+03 2.32793E-04
1.53244E+03 2.47572E-04
1.53341E+03 2.03878E-04
1.53437E+03 1.95120E-04
1.53533E+03 1.98513E-04
1.53630E+03 1.73811E-04
1.53726E+03 1.57934E-04
1.53823E+03 1.86417E-04
1.53919E+03 1.71728E-04
1.54016E+03 1.31994E-04
1.54112E+03 1.42694E-04
1.54208E+03 1.38316E-04
1.54305E+03 1.32505E-04
1.54401E+03 1.25475E-04
1.54498E+03 1.09952E-04
1.54594E+03 1.26578E-04
1.54691E+03 1.35224E-04
1.54787E+03 9.98564E-05
1.54884E+03 2.65427E-05
1.54980E+03 7.05458E-05
1.55076E+03 9.30019E-05
1.55173E+03 7.80188E-05
1.55269E+03 1.07247E-04
1.55366E+03 8.93772E-05
1.55462E+03 6.73570E-05
1.55559E+03 5.70081E-05
1.55655E+03 5.73359E-05
1.55752E+03 5.16772E-05
1.55848E+03 -3.63961E-06
1.55944E+03 4.35337E-05
1.56041E+03 1.35109E-04
1.56137E+03 8.17068E-05
1.56234E+03 3.98122E-05
1.56330E+03 3.94769E-05
1.56427E+03 2.23890E-06
1.56523E+03 -3.47234E-05
1.56619E+03 -6.88434E-05
1.56716E+03 -7.99298E-05
1.56812E+03 -7.57314E-05
1.56909E+03 -1.41896E-05
1.57005E+03 3.36133E-05
1.57102E+03 5.31599E-06
1.57198E+03 -3.12626E-05
1.57295E+03 -2.75113E-05
1.57391E+03 -4.19691E-05
1.57487E+03 -7.76313E-05
1.57584E+03 -4.58322E-05
1.57680E+03 -6.07781E-05
1.57777E+03 -9.39704E-05
1.57873E+03 -1.24652E-04
1.57970E+03 -1.43174E-04
1.58066E+03 -9.44622E-05
1.58163E+03 -8.26120E-05
1.58259E+03 -7.91736E-05
1.58355E+03 -1.01332E-04
1.58452E+03 -1.49596E-04
1.58548E+03 -1.30724E-04
1.58645E+03 -1.42071E-04
1.58741E+03 -1.46061E-04
1.58838E+03 -9.08338E-05
1.58934E+03 -8.79876E-05
1.59031E+03 -1.39866E-04
1.59127E+03 -1.66211E-04
1.59223E+03 -1.91089E-04
1.59320E+03 -1.87986E-04
1.59416E+03 -1.46292E-04
1.59513E+03 -1.73151E-04
1.59609E+03 -2.38575E-04
1.59706E+03 -2.67278E-04
1.59802E+03 -2.50671E-04
1.59898E+03 -2.25689E-04
1.59995E+03 -2.05729E-04
1.60091E+03 -2.08218E-04
1.60188E+03 -2.35297E-04
1.60284E+03 -2.36362E-04
1.60381E+03 -1.99184E-04
1.60477E+03 -2.03650E-04
1.60574E+03 -2.33192E-04
1.60670E+03 -2.74569E-04
1.60766E+03 -3.08461E-04
1.60863E+03 -2.87514E-04
1.60959E+03 -2.38843E-04
1.61056E+03 -2.75809E-04
1.61152E+03 -3.17257E-04
1.61249E+03 -3.08782E-04
1.61345E+03 -3.13282E-04
1.61442E+03 -2.87786E-04
1.61538E+03 -2.89243E-04
1.61634E+03 -3.15238E-04
1.61731E+03 -3.24845E-04
1.61827E+03 -3.51317E-04
1.61924E+03 -3.74578E-04
1.62020E+03 -3.57907E-04
1.62117E+03 -3.25494E-04
1.62213E+03 -3.05697E-04
1.62309E+03 -2.98318E-04
1.62406E+03 -2.80336E-04
1.62502E+03 -2.69610E-04
1.62599E+03 -2.65576E-04
1.62695E+03 -2.89761E-04
1.62792E+03 -3.19064E-04
1.62888E+03 -3.49503E-04
1.62985E+03 -3.35246E-04
1.63081E+03 -2.96321E-04
1.63177E+03 -2.87190E-04
1.63274E+03 -2.76491E-04
1.63370E+03 -2.63076E-04
1.63467E+03 -2.39272E-04
1.63563E+03 -2.56367E-04
1.63660E+03 -2.58729E-04
1.63756E+03 -2.30383E-04
1.63853E+03 -2.28465E-04
1.63949E+03 -2.21785E-04
1.64045E+03 -1.95879E-04
1.64142E+03 -1.62419E-04
1.64238E+03 -2.32473E-04
1.64335E+03 -2.76897E-04
1.64431E+03 -2.02097E-04
1.64528E+03 -1.59293E-04
1.64624E+03 -9.62503E-05
1.64720E+03 -1.15592E-04
1.64817E+03 -1.31913E-04
1.64913E+03 -2.83457E-05
1.65010E+03 -2.69189E-05
1.65106E+03 -7.80262E-05
1.65203E+03 -5.89378E-05
1.65299E+03 3.32221E-05
1.65396E+03 4.24646E-05
1.65492E+03 -2.50414E-05
1.65588E+03 -2.85208E-05
1.65685E+03 -3.88995E-05
1.65781E+03 -7.49528E-06
1.65878E+03 1.73748E-05
1.65974E+03 4.44092E-05
1.66071E+03 4.14848E-05
1.66167E+03 1.18986E-05
1.66264E+03 2.73138E-05
1.66360E+03 8.36328E-06
1.66456E+03 -1.39661E-05
1.66553E+03 5.66244E-07
1.66649E+03 5.40949E-05
1.66746E+03 3.11807E-05
1.66842E+03 5.59911E-05
1.66939E+03 9.10386E-05
1.67035E+03 3.29800E-05
1.67132E+03 6.71782E-05
1.67228E+03 1.08808E-04
1.67324E+03 1.04949E-04
1.67421E+03 7.55601E-05
1.67517E+03 4.77508E-05
1.67614E+03 5.26868E-05
1.67710E+03 5.32493E-05
1.67807E+03 1.00907E-04
1.67903E+03 9.55164E-05
1.67999E+03 6.47791E-05
1.68096E+03 9.14782E-05
1.68192E+03 4.27701E-05
1.68289E+03 1.78143E-05
1.68385E+03 6.81356E-06
1.68482E+03 -2.56300E-06
1.68578E+03 -2.80105E-05
1.68675E+03 -8.42437E-05
1.68771E+03 -6.49616E-05
1.68867E+03 -5.50449E-05
1.68964E+03 -8.68626E-05
1.69060E+03 -9.38959E-05
1.69157E+03 -1.13122E-04
1.69253E+03 -1.70875E-04
1.69350E+03 -1.85974E-04
1.69446E+03 -1.92359E-04
1.69543E+03 -1.82562E-04
1.69639E+03 -1.89129E-04
1.69735E+03 -2.60513E-04
1.69832E+03 -2.71741E-04
1.69928E+03 -2.12424E-04
1.70025E+03 -2.16175E-04
1.70121E+03 -3.04021E-04
1.70218E+03 -3.75185E-04
1.70314E+03 -4.34071E-04
1.70410E+03 -4.42665E-04
1.70507E+03 -4.56531E-04
1.70603E+03 -4.66373E-04
1.70700E+03 -4.63702E-04
1.70796E+03 -4.88702E-04
1.70893E+03 -5.30362E-04
1.70989E+03 -5.83764E-04
1.71086E+03 -5.40886E-04
1.71182E+03 -5.51268E-04
1.71278E+03 -6.10098E-04
1.71375E+03 -6.38939E-04
1.71471E+03 -6.55062E-04
1.71568E+03 -6.63452E-04
1.71664E+03 -6.84731E-04
1.71761E+03 -6.84422E-04
1.71857E+03 -7.32202E-04
1.71954E+03 -8.03616E-04
1.72050E+03 -8.57029E-04
1.72146E+03 -8.77079E-04
1.72243E+03 -8.72802E-04
1.72339E+03 -9.03070E-04
1.72436E+03 -9.01729E-04
1.72532E+03 -9.16906E-04
1.72629E+03 -9.84017E-04
1.72725E+03 -9.65841E-04
1.72822E+03 -9.59236E-04
1.72918E+03 -9.96187E-04
1.73014E+03 -1.34222E-03
1.73111E+03 -1.20702E-03
1.73207E+03 -7.22606E-04
1.73304E+03 -7.87746E-04
1.73400E+03 -8.61030E-04
1.73497E+03 -8.53129E-04
1.73593E+03 -9.05465E-04
1.73689E+03 -9.65860E-04
1.73786E+03 -9.80344E-04
1.73882E+03 -1.00963E-03
1.73979E+03 -1.02864E-03
1.74075E+03 -1.02662E-03
1.74172E+03 -1.05709E-03
1.74268E+03 -1.07194E-03
1.74365E+03 -1.04676E-03
1.74461E+03 -1.07746E-03
1.74557E+03 -1.07253E-03
1.74654E+03 -1.08503E-03
1.74750E+03 -1.13303E-03
1.74847E+03 -1.10633E-03
1.74943E+03 -1.12753E-03
1.75040E+03 -1.16544E-03
1.75136E+03 -1.15326E-03
1.75233E+03 -1.15443E-03
1.75329E+03 -1.15671E-03
1.75425E+03 -1.17832E-03
1.75522E+03 -1.11929E-03
1.75618E+03 -1.10024E-03
1.75715E+03 -1.13895E-03
1.75811E+03 -1.14691E-03
1.75908E+03 -1.17534E-03
1.76004E+03 -1.21118E-03
1.76100E+03 -1.24715E-03
1.76197E+03 -1.24691E-03
1.76293E+03 -1.20546E-03
1.76390E+03 -1.20842E-03
1.76486E+03 -1.24827E-03
1.76583E+03 -1.28452E-03
1.76679E+03 -1.26947E-03
1.76776E+03 -1.23936E-03
1.76872E+03 -1.27214E-03
1.76968E+03 -1.21991E-03
1.77065E+03 -1.19072E-03
1.77161E+03 -1.21689E-03
1.77258E+03 -1.21837E-03
1.77354E+03 -1.27206E-03
1.77451E+03 -1.29528E-03
1.77547E+03 -1.24459E-03
1.77644E+03 -1.23444E-03
1.77740E+03 -1.27982E-03
1.77836E+03 -1.29494E-03
1.77933E+03 -1.34398E-03
1.78029E+03 -1.33847E-03
1.78126E+03 -1.31944E-03
1.78222E+03 -1.32512E-03
1.78319E+03 -1.33066E-03
1.78415E+03 -1.40624E-03
1.78511E+03 -1.40363E-03
1.78608E+03 -1.36175E-03
1.78704E+03 -1.36950E-03
1.78801E+03 -1.36757E-03
1.78897E+03 -1.36281E-03
1.78994E+03 -1.38852E-03
1.79090E+03 -1.40045E-03
1.79187E+03 -1.39691E-03
1.79283E+03 -1.39113E-03
1.79379E+03 -1.36407E-03
1.79476E+03 -1.37502E-03
1.79572E+03 -1.43636E-03
1.79669E+03 -1.47593E-03
1.79765E+03 -1.45602E-03
1.79862E+03 -1.42518E-03
1.79958E+03 -1.43541E-03
1.80055E+03 -1.44190E-03
1.80151E+03 -1.43180E-03
1.80247E+03 -1.43770E-03
1.80344E+03 -1.46375E-03
1.80440E+03 -1.49101E-03
1.80537E+03 -1.48716E-03
1.80633E+03 -1.50474E-03
1.80730E+03 -1.56298E-03
1.80826E+03 -1.52720E-03
1.80923E+03 -1.48920E-03
1.81019E+03 -1.51718E-03
1.81115E+03 -1.52076E-03
1.81212E+03 -1.52960E-03
1.81308E+03 -1.52133E-03
1.81405E+03 -1.50539E-03
1.81501E+03 -1.48745E-03
1.81598E+03 -1.48274E-03
1.81694E+03 -1.52077E-03
1.81790E+03 -1.52986E-03
1.81887E+03 -1.53643E-03
1.81983E+03 -1.53776E-03
1.82080E+03 -1.55956E-03
1.82176E+03 -1.60166E-03
1.82273E+03 -1.58956E-03
1.82369E+03 -1.52977E-03
1.82466E+03 -1.54291E-03
1.82562E+03 -1.56369E-03
1.82658E+03 -1.56296E-03
1.82755E+03 -1.59158E-03
1.82851E+03 -1.57767E-03
1.82948E+03 -1.54653E-03
1.83044E+03 -1.54081E-03
1.83141E+03 -1.56042E-03
1.83237E+03 -1.57828E-03
1.83334E+03 -1.61227E-03
1.83430E+03 -1.59780E-03
1.83526E+03 -1.56234E-03
1.83623E+03 -1.57155E-03
1.83719E+03 -1.63609E-03
1.83816E+03 -1.66238E-03
1.83912E+03 -1.63349E-03
1.84009E+03 -1.63263E-03
1.84105E+03 -1.62710E-03
1.84201E+03 -1.60262E-03
1.84298E+03 -1.59507E-03
1.84394E+03 -1.61080E-03
1.84491E+03 -1.63496E-03
1.84587E+03 -1.60430E-03
1.84684E+03 -1.57650E-03
1.84780E+03 -1.61521E-03
1.84877E+03 -1.63998E-03
1.84973E+03 -1.65346E-03
1.85069E+03 -1.64493E-03
1.85166E+03 -1.66708E-03
1.85262E+03 -1.71706E-03
1.85359E+03 -1.70740E-03
1.85455E+03 -1.67936E-03
1.85552E+03 -1.69923E-03
1.85648E+03 -1.71143E-03
1.85745E+03 -1.68731E-03
1.85841E+03 -1.68787E-03
1.85937E+03 -1.70006E-03
1.86034E+03 -1.69082E-03
1.86130E+03 -1.69223E-03
1.86227E+03 -1.68857E-03
1.86323E+03 -1.68403E-03
1.86420E+03 -1.68286E-03
1.86516E+03 -1.67049E-03
1.86612E+03 -1.66688E-03
1.86709E+03 -1.71052E-03
1.86805E+03 -1.72889E-03
1.86902E+03 -1.65207E-03
1.86998E+03 -1.66846E-03
1.87095E+03 -1.68942E-03
1.87191E+03 -1.68161E-03
1.87288E+03 -1.74688E-03
1.87384E+03 -1.74312E-03
1.87480E+03 -1.68552E-03
1.87577E+03 -1.69664E-03
1.87673E+03 -1.72034E-03
1.87770E+03 -1.70768E-03
1.87866E+03 -1.71643E-03
1.87963E+03 -1.72639E-03
1.88059E+03 -1.74859E-03
1.88156E+03 -1.73201E-03
1.88252E+03 -1.65948E-03
1.88348E+03 -1.67160E-03
1.88445E+03 -1.70568E-03
1.88541E+03 -1.70602E-03
1.88638E+03 -1.73743E-03
1.88734E+03 -1.70612E-03
1.88831E+03 -1.69988E-03
1.88927E+03 -1.72520E-03
1.89024E+03 -1.71522E-03
1.89120E+03 -1.73771E-03
1.89216E+03 -1.72287E-03
1.89313E+03 -1.68461E-03
1.89409E+03 -1.74009E-03
1.89506E+03 -1.75267E-03
1.89602E+03 -1.72248E-03
1.89699E+03 -1.74458E-03
1.89795E+03 -1.75145E-03
1.89891E+03 -1.77734E-03
1.89988E+03 -1.75019E-03
1.90084E+03 -1.70793E-03
1.90181E+03 -1.73543E-03
1.90277E+03 -1.74528E-03
1.90374E+03 -1.75497E-03
1.90470E+03 -1.75783E-03
1.90567E+03 -1.79052E-03
1.90663E+03 -1.79783E-03
1.90759E+03 -1.78649E-03
1.90856E+03 -1.78890E-03
1.90952E+03 -1.77600E-03
1.91049E+03 -1.78641E-03
1.91145E+03 -1.76941E-03
1.91242E+03 -1.74875E-03
1.91338E+03 -1.72473E-03
1.91435E+03 -1.73515E-03
1.91531E+03 -1.79439E-03
1.91627E+03 -1.80582E-03
1.91724E+03 -1.77306E-03
1.91820E+03 -1.75441E-03
1.91917E+03 -1.80601E-03
1.92013E+03 -1.83494E-03
1.92110E+03 -1.76969E-03
1.92206E+03 -1.74407E-03
1.92303E+03 -1.75756E-03
1.92399E+03 -1.78764E-03
1.92495E+03 -1.85104E-03
1.92592E+03 -1.86983E-03
1.92688E+03 -1.79652E-03
1.92785E+03 -1.75355E-03
1.92881E+03 -1.77901E-03
1.92978E+03 -1.82397E-03
1.93074E+03 -1.86123E-03
1.93170E+03 -1.84458E-03
1.93267E+03 -1.82553E-03
1.93363E+03 -1.83515E-03
1.93460E+03 -1.83245E-03
1.93556E+03 -1.83884E-03
1.93653E+03 -1.84561E-03
1.93749E+03 -1.83874E-03
1.93846E+03 -1.87328E-03
1.93942E+03 -1.84859E-03
1.94038E+03 -1.81824E-03
1.94135E+03 -1.85447E-03
1.94231E+03 -1.87218E-03
1.94328E+03 -1.84888E-03
1.94424E+03 -1.81954E-03
1.94521E+03 -1.83482E-03
1.94617E+03 -1.83661E-03
1.94714E+03 -1.88011E-03
1.94810E+03 -1.90277E-03
1.94906E+03 -1.85955E-03
1.95003E+03 -1.84103E-03
1.95099E+03 -1.82511E-03
1.95196E+03 -1.80441E-03
1.95292E+03 -1.79097E-03
1.95389E+03 -1.83242E-03
1.95485E+03 -1.84582E-03
1.95581E+03 -1.83879E-03
1.95678E+03 -1.85426E-03
1.95774E+03 -1.84720E-03
1.95871E+03 -1.82684E-03
1.95967E+03 -1.81029E-03
1.96064E+03 -1.85031E-03
1.96160E+03 -1.87638E-03
1.96257E+03 -1.88571E-03
1.96353E+03 -1.93056E-03
1.96449E+03 -1.92799E-03
1.96546E+03 -1.91442E-03
1.96642E+03 -1.92306E-03
1.96739E+03 -1.90444E-03
1.96835E+03 -1.86545E-03
1.96932E+03 -1.88203E-03
1.97028E+03 -1.90664E-03
1.97125E+03 -1.88289E-03
1.97221E+03 -1.85852E-03
1.97317E+03 -1.84244E-03
1.97414E+03 -1.86259E-03
1.97510E+03 -1.89478E-03
1.97607E+03 -1.91671E-03
1.97703E+03 -1.90051E-03
1.97800E+03 -1.87240E-03
1.97896E+03 -1.88411E-03
1.97992E+03 -1.91763E-03
1.98089E+03 -1.90855E-03
1.98185E+03 -1.90191E-03
1.98282E+03 -1.93796E-03
1.98378E+03 -1.92502E-03
1.98475E+03 -1.92097E-03
1.98571E+03 -1.92642E-03
1.98668E+03 -1.89986E-03
1.98764E+03 -1.91399E-03
1.98860E+03 -1.90375E-03
1.98957E+03 -1.84349E-03
1.99053E+03 -1.81091E-03
1.99150E+03 -1.86377E-03
1.99246E+03 -1.87476E-03
1.99343E+03 -1.79069E-03
1.99439E+03 -1.78044E-03
1.99536E+03 -1.83458E-03
1.99632E+03 -1.85368E-03
1.99728E+03 -1.83333E-03
1.99825E+03 -1.83273E-03
1.99921E+03 -1.81836E-03
2.00018E+03 -1.81024E-03
2.00114E+03 -1.82601E-03
2.00211E+03 -1.80927E-03
2.00307E+03 -1.81037E-03
2.00404E+03 -1.84214E-03
2.00500E+03 -1.84232E-03
2.00596E+03 -1.82487E-03
2.00693E+03 -1.84415E-03
2.00789E+03 -1.88287E-03
2.00886E+03 -1.86500E-03
2.00982E+03 -1.82036E-03
2.01079E+03 -1.80923E-03
2.01175E+03 -1.80397E-03
2.01271E+03 -1.79715E-03
2.01368E+03 -1.78763E-03
2.01464E+03 -1.75526E-03
2.01561E+03 -1.70493E-03
2.01657E+03 -1.73745E-03
2.01754E+03 -1.77700E-03
2.01850E+03 -1.77557E-03
2.01947E+03 -1.75129E-03
2.02043E+03 -1.72199E-03
2.02139E+03 -1.73728E-03
2.02236E+03 -1.73844E-03
2.02332E+03 -1.71309E-03
2.02429E+03 -1.72768E-03
2.02525E+03 -1.74422E-03
2.02622E+03 -1.72285E-03
2.02718E+03 -1.69049E-03
2.02815E+03 -1.65572E-03
2.02911E+03 -1.63918E-03
2.03007E+03 -1.63389E-03
2.03104E+03 -1.61175E-03
2.03200E+03 -1.58631E-03
2.03297E+03 -1.60956E-03
2.03393E+03 -1.66227E-03
2.03490E+03 -1.69145E-03
2.03586E+03 -1.67371E-03
2.03682E+03 -1.62755E-03
2.03779E+03 -1.63487E-03
2.03875E+03 -1.61812E-03
2.03972E+03 -1.59223E-03
2.04068E+03 -1.59295E-03
2.04165E+03 -1.58930E-03
2.04261E+03 -1.60955E-03
2.04358E+03 -1.56630E-03
2.04454E+03 -1.58336E-03
2.04550E+03 -1.64780E-03
2.04647E+03 -1.61489E-03
2.04743E+03 -1.58134E-03
2.04840E+03 -1.63795E-03
2.04936E+03 -1.67966E-03
2.05033E+03 -1.66341E-03
2.05129E+03 -1.67767E-03
2.05226E+03 -1.72327E-03
2.05322E+03 -1.73559E-03
2.05418E+03 -1.76648E-03
2.05515E+03 -1.80321E-03
2.05611E+03 -1.77073E-03
2.05708E+03 -1.77682E-03
2.05804E+03 -1.79564E-03
2.05901E+03 -1.77774E-03
2.05997E+03 -1.75690E-03
2.06094E+03 -1.78587E-03
2.06190E+03 -1.82341E-03
2.06286E+03 -1.78425E-03
2.06383E+03 -1.77654E-03
2.06479E+03 -1.80239E-03
2.06576E+03 -1.72590E-03
2.06672E+03 -1.89435E-03
2.06769E+03 -2.01412E-03
2.06865E+03 -1.88338E-03
2.06961E+03 -1.90516E-03
2.07058E+03 -1.87236E-03
2.07154E+03 -1.86244E-03
2.07251E+03 -1.91018E-03
2.07347E+03 -1.93428E-03
2.07444E+03 -1.93514E-03
2.07540E+03 -1.93802E-03
2.07637E+03 -1.88766E-03
2.07733E+03 -1.86704E-03
2.07829E+03 -1.94921E-03
2.07926E+03 -1.95959E-03
2.08022E+03 -1.92782E-03
2.08119E+03 -1.94670E-03
2.08215E+03 -1.97507E-03
2.08312E+03 -1.95795E-03
2.08408E+03 -1.95237E-03
2.08505E+03 -1.98510E-03
2.08601E+03 -1.99374E-03
2.08697E+03 -2.05522E-03
2.08794E+03 -2.07529E-03
2.08890E+03 -1.99213E-03
2.08987E+03 -1.96864E-03
2.09083E+03 -1.97002E-03
2.09180E+03 -1.96449E-03
2.09276E+03 -1.98934E-03
2.09372E+03 -1.99739E-03
2.09469E+03 -2.01501E-03
2.09565E+03 -2.05190E-03
2.09662E+03 -2.02057E-03
2.09758E+03 -1.95330E-03
2.09855E+03 -1.90849E-03
2.09951E+03 -2.00436E-03
2.10048E+03 -2.06832E-03
2.10144E+03 -2.07006E-03
2.10240E+03 -2.06109E-03
2.10337E+03 -2.00907E-03
2.10433E+03 -2.06221E-03
2.10530E+03 -2.07213E-03
2.10626E+03 -2.04588E-03
2.10723E+03 -2.02932E-03
2.10819E+03 -2.01885E-03
2.10916E+03 -2.05012E-03
2.11012E+03 -2.02924E-03
2.11108E+03 -2.01522E-03
2.11205E+03 -2.03746E-03
2.11301E+03 -2.05983E-03
2.11398E+03 -2.06942E-03
2.11494E+03 -2.06458E-03
2.11591E+03 -2.07436E-03
2.11687E+03 -2.10006E-03
2.11783E+03 -2.09326E-03
2.11880E+03 -2.05597E-03
2.11976E+03 -2.01270E-03
2.12073E+03 -1.99688E-03
2.12169E+03 -2.01046E-03
2.12266E+03 -2.00641E-03
2.12362E+03 -2.01923E-03
2.12459E+03 -2.04861E-03
2.12555E+03 -2.07116E-03
2.12651E+03 -2.04667E-03
2.12748E+03 -2.03246E-03
2.12844E+03 -2.04280E-03
2.12941E+03 -1.98162E-03
2.13037E+03 -1.94530E-03
2.13134E+03 -1.96957E-03
2.13230E+03 -2.00432E-03
2.13327E+03 -1.99425E-03
2.13423E+03 -2.00849E-03
2.13519E+03 -2.06305E-03
2.13616E+03 -2.03457E-03
2.13712E+03 -1.98720E-03
2.13809E+03 -2.03440E-03
2.13905E+03 -2.05206E-03
2.14002E+03 -2.00239E-03
2.14098E+03 -1.98459E-03
2.14195E+03 -2.01565E-03
2.14291E+03 -2.02887E-03
2.14387E+03 -1.95878E-03
2.14484E+03 -1.91676E-03
2.14580E+03 -1.95368E-03
2.14677E+03 -1.99264E-03
2.14773E+03 -2.00830E-03
2.14870E+03 -2.00174E-03
2.14966E+03 -1.97826E-03
2.15062E+03 -1.98883E-03
2.15159E+03 -2.03706E-03
2.15255E+03 -2.04241E-03
2.15352E+03 -2.03763E-03
2.15448E+03 -2.02700E-03
2.15545E+03 -1.97888E-03
2.15641E+03 -1.97044E-03
2.15738E+03 -2.00365E-03
2.15834E+03 -1.94558E-03
2.15930E+03 -1.92462E-03
2.16027E+03 -2.00909E-03
2.16123E+03 -2.02728E-03
2.16220E+03 -2.04012E-03
2.16316E+03 -2.01061E-03
2.16413E+03 -1.96135E-03
2.16509E+03 -1.93079E-03
2.16606E+03 -1.91154E-03
2.16702E+03 -1.94730E-03
2.16798E+03 -1.94077E-03
2.16895E+03 -1.89245E-03
2.16991E+03 -1.88198E-03
2.17088E+03 -1.92157E-03
2.17184E+03 -1.94607E-03
2.17281E+03 -1.90388E-03
2.17377E+03 -1.91827E-03
2.17473E+03 -1.96498E-03
2.17570E+03 -1.92571E-03
2.17666E+03 -1.88958E-03
2.17763E+03 -1.87512E-03
2.17859E+03 -1.87534E-03
2.17956E+03 -1.90440E-03
2.18052E+03 -1.91510E-03
2.18149E+03 -1.91019E-03
2.18245E+03 -1.90564E-03
2.18341E+03 -1.90541E-03
2.18438E+03 -1.94972E-03
2.18534E+03 -1.95171E-03
2.18631E+03 -1.94877E-03
2.18727E+03 -1.98321E-03
2.18824E+03 -1.98137E-03
2.18920E+03 -1.98249E-03
2.19017E+03 -1.91239E-03
2.19113E+03 -1.85857E-03
2.19209E+03 -1.87510E-03
2.19306E+03 -1.86980E-03
2.19402E+03 -1.87801E-03
2.19499E+03 -1.91840E-03
2.19595E+03 -1.92748E-03
2.19692E+03 -1.92899E-03
2.19788E+03 -1.94209E-03
2.19884E+03 -1.94391E-03
2.19981E+03 -1.90809E-03
2.20077E+03 -1.89839E-03
2.20174E+03 -1.94168E-03
2.20270E+03 -1.94003E-03
2.20367E+03 -1.95090E-03
2.20463E+03 -1.94426E-03
2.20560E+03 -1.87661E-03
2.20656E+03 -1.89427E-03
2.20752E+03 -1.90077E-03
2.20849E+03 -1.89889E-03
2.20945E+03 -1.88343E-03
2.21042E+03 -1.80909E-03
2.21138E+03 -1.82242E-03
2.21235E+03 -1.83400E-03
2.21331E+03 -1.81387E-03
2.21428E+03 -1.82928E-03
2.21524E+03 -1.83611E-03
2.21620E+03 -1.83443E-03
2.21717E+03 -1.82075E-03
2.21813E+03 -1.80947E-03
2.21910E+03 -1.81982E-03
2.22006E+03 -1.82016E-03
2.22103E+03 -1.78270E-03
2.22199E+03 -1.73324E-03
2.22296E+03 -1.72571E-03
2.22392E+03 -1.70913E-03
2.22488E+03 -1.70898E-03
2.22585E+03 -1.72045E-03
2.22681E+03 -1.71342E-03
2.22778E+03 -1.71970E-03
2.22874E+03 -1.69011E-03
2.22971E+03 -1.69541E-03
2.23067E+03 -1.70600E-03
2.23163E+03 -1.70846E-03
2.23260E+03 -1.70508E-03
2.23356E+03 -1.66859E-03
2.23453E+03 -1.66599E-03
2.23549E+03 -1.64663E-03
2.23646E+03 -1.66922E-03
2.23742E+03 -1.72080E-03
2.23839E+03 -1.73080E-03
2.23935E+03 -1.68538E-03
2.24031E+03 -1.66553E-03
2.24128E+03 -1.71452E-03
2.24224E+03 -1.73003E-03
2.24321E+03 -1.72082E-03
2.24417E+03 -1.70347E-03
2.24514E+03 -1.71648E-03
2.24610E+03 -1.73343E-03
2.24707E+03 -1.71458E-03
2.24803E+03 -1.70655E-03
2.24899E+03 -1.71648E-03
2.24996E+03 -1.76208E-03
2.25092E+03 -1.76964E-03
2.25189E+03 -1.76808E-03
2.25285E+03 -1.77058E-03
2.25382E+03 -1.75544E-03
2.25478E+03 -1.81478E-03
2.25574E+03 -1.80729E-03
2.25671E+03 -1.83891E-03
2.25767E+03 -1.89396E-03
2.25864E+03 -1.82862E-03
2.25960E+03 -1.77368E-03
2.26057E+03 -1.77804E-03
2.26153E+03 -1.81020E-03
2.26250E+03 -1.82737E-03
2.26346E+03 -1.85903E-03
2.26442E+03 -1.85059E-03
2.26539E+03 -1.84646E-03
2.26635E+03 -1.85010E-03
2.26732E+03 -1.79747E-03
2.26828E+03 -1.73942E-03
2.26925E+03 -1.70875E-03
2.27021E+03 -1.55128E-03
2.27118E+03 -1.15735E-03
2.27214E+03 -4.18670E-04
2.27310E+03 7.73091E-04
2.27407E+03 2.19210E-03
2.27503E+03 3.34740E-03
2.27600E+03 3.97876E-03
2.27696E+03 3.94806E-03
2.27793E+03 3.28813E-03
2.27889E+03 2.32327E-03
2.27986E+03 1.29507E-03
2.28082E+03 3.87322E-04
2.28178E+03 -2.17903E-04
2.28275E+03 -6.22191E-04
2.28371E+03 -1.08286E-03
2.28468E+03 -1.43928E-03
2.28564E+03 -1.68005E-03
2.28661E+03 -1.85244E-03
2.28757E+03 -1.94610E-03
2.28853E+03 -1.93661E-03
2.28950E+03 -1.91424E-03
2.29046E+03 -1.91657E-03
2.29143E+03 -1.87254E-03
2.29239E+03 -1.86169E-03
2.29336E+03 -1.87057E-03
2.29432E+03 -1.87180E-03
2.29529E+03 -1.86248E-03
2.29625E+03 -1.84947E-03
2.29721E+03 -1.83253E-03
2.29818E+03 -1.79362E-03
2.29914E+03 -1.73881E-03
2.30011E+03 -1.71879E-03
2.30107E+03 -1.71125E-03
2.30204E+03 -1.64887E-03
2.30300E+03 -1.52965E-03
2.30397E+03 -1.46241E-03
2.30493E+03 -1.43728E-03
2.30589E+03 -1.33820E-03
2.30686E+03 -1.27927E-03
2.30782E+03 -1.31097E-03
2.30879E+03 -1.25190E-03
2.30975E+03 -1.17028E-03
2.31072E+03 -1.10039E-03
2.31168E+03 -1.03009E-03
2.31265E+03 -1.00433E-03
2.31361E+03 -9.45330E-04
2.31457E+03 -8.19381E-04
2.31554E+03 -7.00593E-04
2.31650E+03 -5.09817E-04
2.31747E+03 -2.18257E-04
2.31843E+03 2.52280E-04
2.31940E+03 9.88387E-04
2.32036E+03 1.92242E-03
2.32132E+03 3.16094E-03
2.32229E+03 4.51690E-03
2.32325E+03 5.95625E-03
2.32422E+03 7.77984E-03
2.32518E+03 1.09589E-02
2.32615E+03 1.72349E-02
2.32711E+03 2.90288E-02
2.32808E+03 4.70165E-02
2.32904E+03 6.91147E-02
2.33000E+03 9.17842E-02
2.33097E+03 1.12213E-01
2.33193E+03 1.29349E-01
2.33290E+03 1.43399E-01
2.33386E+03 1.54818E-01
2.33483E+03 1.63979E-01
2.33579E+03 1.71523E-01
2.33676E+03 1.77492E-01
2.33772E+03 1.81415E-01
2.33868E+03 1.82498E-01
2.33965E+03 1.80484E-01
2.34061E+03 1.75598E-01
2.34158E+03 1.68630E-01
2.34254E+03 1.60260E-01
2.34351E+03 1.51054E-01
2.34447E+03 1.41306E-01
2.34543E+03 1.31161E-01
2.34640E+03 1.21134E-01
2.34736E+03 1.11715E-01
2.34833E+03 1.02919E-01
2.34929E+03 9.48995E-02
2.35026E+03 8.77038E-02
2.35122E+03 8.11071E-02
2.35219E+03 7.49086E-02
2.35315E+03 6.91983E-02
2.35411E+03 6.39642E-02
2.35508E+03 5.90278E-02
2.35604E+03 5.43312E-02
2.35701E+03 4.98847E-02
2.35797E+03 4.55938E-02
2.35894E+03 4.13678E-02
2.35990E+03 3.71845E-02
2.36087E+03 3.31407E-02
2.36183E+03 2.92024E-02
2.36279E+03 2.53390E-02
2.36376E+03 2.17808E-02
2.36472E+03 1.85382E-02
2.36569E+03 1.57409E-02
2.36665E+03 1.34002E-02
2.36762E+03 1.14344E-02
2.36858E+03 9.83284E-03
2.36954E+03 8.55495E-03
2.37051E+03 7.57052E-03
2.37147E+03 6.73473E-03
2.37244E+03 5.93577E-03
2.37340E+03 5.21054E-03
2.37437E+03 4.63913E-03
2.37533E+03 4.05033E-03
2.37630E+03 3.45108E-03
2.37726E+03 2.92965E-03
2.37822E+03 2.43862E-03
2.37919E+03 1.94420E-03
2.38015E+03 1.48441E-03
2.38112E+03 1.06359E-03
2.38208E+03 7.47014E-04
2.38305E+03 5.87452E-04
2.38401E+03 4.54627E-04
2.38498E+03 3.49145E-04
2.38594E+03 2.73164E-04
2.38690E+03 2.01765E-04
2.38787E+03 1.54015E-04
2.38883E+03 1.19247E-04
2.38980E+03 8.28356E-05
2.39076E+03 3.08380E-05
2.39173E+03 -1.42232E-05
2.39269E+03 -7.42041E-05
2.39366E+03 -1.24868E-04
2.39462E+03 -1.77011E-04
2.39558E+03 -2.34008E-04
2.39655E+03 -2.43608E-04
2.39751E+03 -2.80626E-04
2.39848E+03 -3.42213E-04
2.39944E+03 -3.69333E-04
2.40041E+03 -3.70324E-04
2.40137E+03 -4.44006E-04
2.40233E+03 -4.99509E-04
2.40330E+03 -5.20732E-04
2.40426E+03 -5.44354E-04
2.40523E+03 -5.30608E-04
2.40619E+03 -5.79197E-04
2.40716E+03 -5.84323E-04
2.40812E+03 -5.76451E-04
2.40909E+03 -5.96981E-04
2.41005E+03 -5.83448E-04
2.41101E+03 -6.56527E-04
2.41198E+03 -7.36356E-04
2.41294E+03 -7.48526E-04
2.41391E+03 -7.43691E-04
2.41487E+03 -7.46105E-04
2.41584E+03 -7.39753E-04
2.41680E+03 -7.65905E-04
2.41777E+03 -7.95390E-04
2.41873E+03 -7.80713E-04
2.41969E+03 -7.86614E-04
2.42066E+03 -8.08984E-04
2.42162E+03 -8.49057E-04
2.42259E+03 -8.73126E-04
2.42355E+03 -8.51166E-04
2.42452E+03 -8.26117E-04
2.42548E+03 -8.51486E-04
2.42644E+03 -8.95325E-04
2.42741E+03 -8.88351E-04
2.42837E+03 -8.68652E-04
2.42934E+03 -9.15501E-04
2.43030E+03 -9.48776E-04
2.43127E+03 -9.57072E-04
2.43223E+03 -9.82400E-04
2.43320E+03 -1.00169E-03
2.43416E+03 -1.03441E-03
2.43512E+03 -1.03864E-03
2.43609E+03 -1.05720E-03
2.43705E+03 -1.08826E-03
2.43802E+03 -1.07953E-03
2.43898E+03 -1.03738E-03
2.43995E+03 -1.06305E-03
2.44091E+03 -1.12472E-03
2.44188E+03 -1.11303E-03
2.44284E+03 -1.11140E-03
2.44380E+03 -1.12801E-03
2.44477E+03 -1.14720E-03
2.44573E+03 -1.13813E-03
2.44670E+03 -1.14579E-03
2.44766E+03 -1.20527E-03
2.44863E+03 -1.22261E-03
2.44959E+03 -1.19831E-03
2.45055E+03 -1.18596E-03
2.45152E+03 -1.18051E-03
2.45248E+03 -1.20733E-03
2.45345E+03 -1.22026E-03
2.45441E+03 -1.22718E-03
2.45538E+03 -1.25597E-03
2.45634E+03 -1.26337E-03
2.45731E+03 -1.30419E-03
2.45827E+03 -1.32468E-03
2.45923E+03 -1.32255E-03
2.46020E+03 -1.31244E-03
2.46116E+03 -1.33348E-03
2.46213E+03 -1.40237E-03
2.46309E+03 -1.46727E-03
2.46406E+03 -1.52140E-03
2.46502E+03 -1.52662E-03
2.46599E+03 -1.48699E-03
2.46695E+03 -1.49303E-03
2.46791E+03 -1.54112E-03
2.46888E+03 -1.54575E-03
2.46984E+03 -1.52826E-03
2.47081E+03 -1.54613E-03
2.47177E+03 -1.56588E-03
2.47274E+03 -1.54901E-03
2.47370E+03 -1.53454E-03
2.47467E+03 -1.58845E-03
2.47563E+03 -1.67284E-03
2.47659E+03 -1.67022E-03
2.47756E+03 -1.63935E-03
2.47852E+03 -1.68180E-03
2.47949E+03 -1.73240E-03
2.48045E+03 -1.71784E-03
2.48142E+03 -1.69766E-03
2.48238E+03 -1.71155E-03
2.48334E+03 -1.70415E-03
2.48431E+03 -1.67117E-03
2.48527E+03 -1.66491E-03
2.48624E+03 -1.68145E-03
2.48720E+03 -1.68937E-03
2.48817E+03 -1.72343E-03
2.48913E+03 -1.73693E-03
2.49010E+03 -1.67663E-03
2.49106E+03 -1.63387E-03
2.49202E+03 -1.64565E-03
2.49299E+03 -1.64002E-03
2.49395E+03 -1.63192E-03
2.49492E+03 -1.63388E-03
2.49588E+03 -1.58416E-03
2.49685E+03 -1.57936E-03
2.49781E+03 -1.58080E-03
2.49878E+03 -1.53657E-03
2.49974E+03 -1.52712E-03
2.50070E+03 -1.52659E-03
2.50167E+03 -1.50338E-03
2.50263E+03 -1.50337E-03
2.50360E+03 -1.49405E-03
2.50456E+03 -1.43220E-03
2.50553E+03 -1.37101E-03
2.50649E+03 -1.36423E-03
2.50745E+03 -1.36971E-03
2.50842E+03 -1.32361E-03
2.50938E+03 -1.28528E-03
2.51035E+03 -1.35337E-03
2.51131E+03 -1.35458E-03
2.51228E+03 -1.28550E-03
2.51324E+03 -1.25354E-03
2.51421E+03 -1.24770E-03
2.51517E+03 -1.24273E-03
2.51613E+03 -1.20768E-03
2.51710E+03 -1.22088E-03
2.51806E+03 -1.20922E-03
2.51903E+03 -1.14156E-03
2.51999E+03 -1.12138E-03
2.52096E+03 -1.14197E-03
2.52192E+03 -1.08228E-03
2.52289E+03 -9.98829E-04
2.52385E+03 -1.05818E-03
2.52481E+03 -1.09777E-03
2.52578E+03 -1.04545E-03
2.52674E+03 -1.03169E-03
2.52771E+03 -9.87396E-04
2.52867E+03 -1.00362E-03
2.52964E+03 -1.04882E-03
2.53060E+03 -1.02583E-03
2.53156E+03 -1.00836E-03
2.53253E+03 -1.03907E-03
2.53349E+03 -1.07816E-03
2.53446E+03 -1.08674E-03
2.53542E+03 -1.07539E-03
2.53639E+03 -1.01039E-03
2.53735E+03 -1.01085E-03
2.53832E+03 -1.04611E-03
2.53928E+03 -1.03659E-03
2.54024E+03 -1.04221E-03
2.54121E+03 -1.09933E-03
2.54217E+03 -1.13358E-03
2.54314E+03 -1.11830E-03
2.54410E+03 -1.11911E-03
2.54507E+03 -1.13117E-03
2.54603E+03 -1.15224E-03
2.54700E+03 -1.19462E-03
2.54796E+03 -1.20356E-03
2.54892E+03 -1.19360E-03
2.54989E+03 -1.23089E-03
2.55085E+03 -1.26233E-03
2.55182E+03 -1.24397E-03
2.55278E+03 -1.29739E-03
2.55375E+03 -1.34743E-03
2.55471E+03 -1.30210E-03
2.55568E+03 -1.29425E-03
2.55664E+03 -1.27477E-03
2.55760E+03 -1.27508E-03
2.55857E+03 -1.30313E-03
2.55953E+03 -1.31696E-03
2.56050E+03 -1.31803E-03
2.56146E+03 -1.31717E-03
2.56243E+03 -1.37430E-03
2.56339E+03 -1.40116E-03
2.56435E+03 -1.37888E-03
2.56532E+03 -1.36746E-03
2.56628E+03 -1.39425E-03
2.56725E+03 -1.41663E-03
2.56821E+03 -1.43472E-03
2.56918E+03 -1.44317E-03
2.57014E+03 -1.42108E-03
2.57111E+03 -1.43967E-03
2.57207E+03 -1.43636E-03
2.57303E+03 -1.41581E-03
2.57400E+03 -1.49508E-03
2.57496E+03 -1.54356E-03
2.57593E+03 -1.49263E-03
2.57689E+03 -1.52093E-03
2.57786E+03 -1.54623E-03
2.57882E+03 -1.53177E-03
2.57979E+03 -1.52980E-03
2.58075E+03 -1.54098E-03
2.58171E+03 -1.58678E-03
2.58268E+03 -1.55925E-03
2.58364E+03 -1.49919E-03
2.58461E+03 -1.46771E-03
2.58557E+03 -1.46475E-03
2.58654E+03 -1.47068E-03
2.58750E+03 -1.48173E-03
2.58846E+03 -1.53006E-03
2.58943E+03 -1.49672E-03
2.59039E+03 -1.44714E-03
2.59136E+03 -1.44329E-03
2.59232E+03 -1.45596E-03
2.59329E+03 -1.47829E-03
2.59425E+03 -1.51025E-03
2.59522E+03 -1.52286E-03
2.59618E+03 -1.46472E-03
2.59714E+03 -1.46240E-03
2.59811E+03 -1.52174E-03
2.59907E+03 -1.52538E-03
2.60004E+03 -1.47396E-03
2.60100E+03 -1.43963E-03
2.60197E+03 -1.42971E-03
2.60293E+03 -1.46456E-03
2.60390E+03 -1.54126E-03
2.60486E+03 -1.55614E-03
2.60582E+03 -1.52365E-03
2.60679E+03 -1.52256E-03
2.60775E+03 -1.59081E-03
2.60872E+03 -1.58880E-03
2.60968E+03 -1.58723E-03
2.61065E+03 -1.57856E-03
2.61161E+03 -1.56505E-03
2.61258E+03 -1.62226E-03
2.61354E+03 -1.62119E-03
2.61450E+03 -1.60846E-03
2.61547E+03 -1.61129E-03
2.61643E+03 -1.63114E-03
2.61740E+03 -1.64129E-03
2.61836E+03 -1.64882E-03
2.61933E+03 -1.68213E-03
2.62029E+03 -1.68053E-03
2.62125E+03 -1.71689E-03
2.62222E+03 -1.78166E-03
2.62318E+03 -1.83887E-03
2.62415E+03 -1.85123E-03
2.62511E+03 -1.79757E-03
2.62608E+03 -1.79407E-03
2.62704E+03 -1.88650E-03
2.62801E+03 -1.95623E-03
2.62897E+03 -1.94169E-03
2.62993E+03 -2.00053E-03
2.63090E+03 -1.98783E-03
2.63186E+03 -1.95607E-03
2.63283E+03 -1.99220E-03
2.63379E+03 -2.02567E-03
2.63476E+03 -2.03040E-03
2.63572E+03 -2.05735E-03
2.63669E+03 -2.11317E-03
2.63765E+03 -2.07862E-03
2.63861E+03 -2.11459E-03
2.63958E+03 -2.15237E-03
2.64054E+03 -2.13886E-03
2.64151E+03 -2.14840E-03
2.64247E+03 -2.16986E-03
2.64344E+03 -2.19543E-03
2.64440E+03 -2.19440E-03
2.64536E+03 -2.22594E-03
2.64633E+03 -2.25900E-03
2.64729E+03 -2.26922E-03
2.64826E+03 -2.31761E-03
2.64922E+03 -2.35301E-03
2.65019E+03 -2.34348E-03
2.65115E+03 -2.34398E-03
2.65212E+03 -2.32800E-03
2.65308E+03 -2.34103E-03
2.65404E+03 -2.42172E-03
2.65501E+03 -2.42222E-03
2.65597E+03 -2.35950E-03
2.65694E+03 -2.37484E-03
2.65790E+03 -2.35694E-03
2.65887E+03 -2.36362E-03
2.65983E+03 -2.43621E-03
2.66080E+03 -2.43137E-03
2.66176E+03 -2.42781E-03
2.66272E+03 -2.44497E-03
2.66369E+03 -2.45459E-03
2.66465E+03 -2.46047E-03
2.66562E+03 -2.45108E-03
2.66658E+03 -2.45469E-03
2.66755E+03 -2.47319E-03
2.66851E+03 -2.47569E-03
2.66948E+03 -2.47867E-03
2.67044E+03 -2.47920E-03
2.67140E+03 -2.47278E-03
2.67237E+03 -2.47983E-03
2.67333E+03 -2.47784E-03
2.67430E+03 -2.46128E-03
2.67526E+03 -2.45854E-03
2.67623E+03 -2.47061E-03
2.67719E+03 -2.50393E-03
2.67815E+03 -2.54270E-03
2.67912E+03 -2.52471E-03
2.68008E+03 -2.50686E-03
2.68105E+03 -2.50810E-03
2.68201E+03 -2.50636E-03
2.68298E+03 -2.51225E-03
2.68394E+03 -2.46794E-03
2.68491E+03 -2.44120E-03
2.68587E+03 -2.46549E-03
2.68683E+03 -2.52987E-03
2.68780E+03 -2.58167E-03
2.68876E+03 -2.55808E-03
2.68973E+03 -2.56808E-03
2.69069E+03 -2.58083E-03
2.69166E+03 -2.53643E-03
2.69262E+03 -2.49894E-03
2.69359E+03 -2.48902E-03
2.69455E+03 -2.48612E-03
2.69551E+03 -2.51840E-03
2.69648E+03 -2.53800E-03
2.69744E+03 -2.53993E-03
2.69841E+03 -2.54544E-03
2.69937E+03 -2.53555E-03
2.70034E+03 -2.52827E-03
2.70130E+03 -2.49476E-03
2.70226E+03 -2.45991E-03
2.70323E+03 -2.45649E-03
2.70419E+03 -2.51098E-03
2.70516E+03 -2.54764E-03
2.70612E+03 -2.50619E-03
2.70709E+03 -2.51751E-03
2.70805E+03 -2.51149E-03
2.70902E+03 -2.51536E-03
2.70998E+03 -2.54018E-03
2.71094E+03 -2.43841E-03
2.71191E+03 -2.39423E-03
2.71287E+03 -2.43631E-03
2.71384E+03 -2.49582E-03
2.71480E+03 -2.60064E-03
2.71577E+03 -2.57387E-03
2.71673E+03 -2.48180E-03
2.71770E+03 -2.44265E-03
2.71866E+03 -2.45576E-03
2.71962E+03 -2.53950E-03
2.72059E+03 -2.62162E-03
2.72155E+03 -2.56737E-03
2.72252E+03 -2.48123E-03
2.72348E+03 -2.47432E-03
2.72445E+03 -2.47204E-03
2.72541E+03 -2.50106E-03
2.72638E+03 -2.53277E-03
2.72734E+03 -2.47464E-03
2.72830E+03 -2.46383E-03
2.72927E+03 -2.44866E-03
2.73023E+03 -2.31973E-03
2.73120E+03 -2.20396E-03
2.73216E+03 -2.23735E-03
2.73313E+03 -2.40978E-03
2.73409E+03 -2.54752E-03
2.73505E+03 -2.67673E-03
2.73602E+03 -2.73161E-03
2.73698E+03 -2.64073E-03
2.73795E+03 -2.66249E-03
2.73891E+03 -2.54135E-03
2.73988E+03 -2.16059E-03
2.74084E+03 -1.93607E-03
2.74181E+03 -2.04098E-03
2.74277E+03 -2.36874E-03
2.74373E+03 -2.53341E-03
2.74470E+03 -2.03888E-03
2.74566E+03 -1.90751E-03
2.74663E+03 -2.43175E-03
2.74759E+03 -2.26728E-03
2.74856E+03 -2.19961E-03
2.74952E+03 -2.22431E-03
2.75049E+03 -2.22773E-03
2.75145E+03 -2.25195E-03
2.75241E+03 -2.18853E-03
2.75338E+03 -2.23903E-03
2.75434E+03 -2.21214E-03
2.75531E+03 -2.22963E-03
2.75627E+03 -2.07682E-03
2.75724E+03 -1.94820E-03
2.75820E+03 -1.99972E-03
2.75916E+03 -2.05666E-03
2.76013E+03 -2.04065E-03
2.76109E+03 -1.95589E-03
2.76206E+03 -1.89912E-03
2.76302E+03 -1.89756E-03
2.76399E+03 -1.81307E-03
2.76495E+03 -1.71396E-03
2.76592E+03 -1.63972E-03
2.76688E+03 -1.63950E-03
2.76784E+03 -1.59958E-03
2.76881E+03 -1.53122E-03
2.76977E+03 -1.51794E-03
2.77074E+03 -1.44716E-03
2.77170E+03 -1.38028E-03
2.77267E+03 -1.29768E-03
2.77363E+03 -1.24643E-03
2.77460E+03 -1.18475E-03
2.77556E+03 -1.08632E-03
2.77652E+03 -1.02372E-03
2.77749E+03 -9.34206E-04
2.77845E+03 -8.95061E-04
2.77942E+03 -8.05762E-04
2.78038E+03 -7.03007E-04
2.78135E+03 -6.10705E-04
2.78231E+03 -4.74483E-04
2.78327E+03 -3.89080E-04
2.78424E+03 -3.24667E-04
2.78520E+03 -2.47575E-04
2.78617E+03 -1.34870E-04
2.78713E+03 -1.78516E-05
2.78810E+03 9.03942E-05
2.78906E+03 1.48233E-04
2.79003E+03 1.98502E-04
2.79099E+03 3.59863E-04
2.79195E+03 5.11650E-04
2.79292E+03 6.15820E-04
2.79388E+03 7.37336E-04
2.79485E+03 8.58936E-04
2.79581E+03 9.65971E-04
2.79678E+03 1.08997E-03
2.79774E+03 1.27315E-03
2.79871E+03 1.41104E-03
2.79967E+03 1.53886E-03
2.80063E+03 1.62880E-03
2.80160E+03 1.70591E-03
2.80256E+03 1.87896E-03
2.80353E+03 2.08766E-03
2.80449E+03 2.18564E-03
2.80546E+03 2.24745E-03
2.80642E+03 2.45082E-03
2.80739E+03 2.57264E-03
2.80835E+03 2.68840E-03
2.80931E+03 2.83771E-03
2.81028E+03 2.98350E-03
2.81124E+03 3.19100E-03
2.81221E+03 3.35747E-03
2.81317E+03 3.49573E-03
2.81414E+03 3.61076E-03
2.81510E+03 3.79764E-03
2.81606E+03 4.00387E-03
2.81703E+03 4.19535E-03
2.81799E+03 4.45552E-03
2.81896E+03 4.74859E-03
2.81992E+03 5.02002E-03
2.82089E+03 5.28096E-03
2.82185E+03 5.57555E-03
2.82282E+03 5.90847E-03
2.82378E+03 6.27087E-03
2.82474E+03 6.71787E-03
2.82571E+03 7.08061E-03
2.82667E+03 7.33306E-03
2.82764E+03 7.62179E-03
2.82860E+03 7.92454E-03
2.82957E+03 8.20036E-03
2.83053E+03 8.35114E-03
2.83150E+03 8.36724E-03
2.83246E+03 8.30845E-03
2.83342E+03 8.22994E-03
2.83439E+03 8.05183E-03
2.83535E+03 7.81219E-03
2.83632E+03 7.56836E-03
2.83728E+03 7.25103E-03
2.83825E+03 6.87077E-03
2.83921E+03 6.53449E-03
2.84017E+03 6.20312E-03
2.84114E+03 5.83003E-03
2.84210E+03 5.49423E-03
2.84307E+03 5.19569E-03
2.84403E+03 4.87242E-03
2.84500E+03 4.55153E-03
2.84596E+03 4.26428E-03
2.84693E+03 4.01545E-03
2.84789E+03 3.82101E-03
2.84885E+03 3.65058E-03
2.84982E+03 3.51539E-03
2.85078E+03 3.36338E-03
2.85175E+03 3.21030E-03
2.85271E+03 3.11286E-03
2.85368E+03 3.06709E-03
2.85464E+03 3.00685E-03
2.85561E+03 2.92149E-03
2.85657E+03 2.87643E-03
2.85753E+03 2.82608E-03
2.85850E+03 2.79225E-03
2.85946E+03 2.74774E-03
2.86043E+03 2.73915E-03
2.86139E+03 2.73183E-03
2.86236E+03 2.66533E-03
2.86332E+03 2.64207E-03
2.86428E+03 2.65582E-03
2.86525E+03 2.65305E-03
2.86621E+03 2.58881E-03
2.86718E+03 2.50086E-03
2.86814E+03 2.46735E-03
2.86911E+03 2.47357E-03
2.87007E+03 2.49646E-03
2.87104E+03 2.53539E-03
2.87200E+03 2.50184E-03
2.87296E+03 2.50301E-03
2.87393E+03 2.50811E-03
2.87489E+03 2.45587E-03
2.87586E+03 2.52103E-03
2.87682E+03 2.56043E-03
2.87779E+03 2.53893E-03
2.87875E+03 2.52597E-03
2.87972E+03 2.56561E-03
2.88068E+03 2.62550E-03
2.88164E+03 2.68515E-03
2.88261E+03 2.76588E-03
2.88357E+03 2.81226E-03
2.88454E+03 2.84647E-03
2.88550E+03 2.78154E-03
2.88647E+03 2.75087E-03
2.88743E+03 2.84170E-03
2.88840E+03 2.97911E-03
2.88936E+03 3.08160E-03
2.89032E+03 3.14233E-03
2.89129E+03 3.18992E-03
2.89225E+03 3.21072E-03
2.89322E+03 3.29465E-03
2.89418E+03 3.38704E-03
2.89515E+03 3.45831E-03
2.89611E+03 3.54616E-03
2.89707E+03 3.61101E-03
2.89804E+03 3.66455E-03
2.89900E+03 3.64676E-03
2.89997E+03 3.68854E-03
2.90093E+03 3.84705E-03
2.90190E+03 3.94964E-03
2.90286E+03 3.98589E-03
2.90383E+03 4.05269E-03
2.90479E+03 4.19340E-03
2.90575E+03 4.34043E-03
2.90672E+03 4.41857E-03
2.90768E+03 4.51525E-03
2.90865E+03 4.64576E-03
2.90961E+03 4.72035E-03
2.91058E+03 4.79224E-03
2.91154E+03 4.81973E-03
2.91251E+03 4.84456E-03
2.91347E+03 4.93988E-03
2.91443E+03 5.06521E-03
2.91540E+03 5.08638E-03
2.91636E+03 5.06030E-03
2.91733E+03 5.09284E-03
2.91829E+03 5.13674E-03
2.91926E+03 5.16061E-03
2.92022E+03 5.14400E-03
2.92118E+03 5.18331E-03
2.92215E+03 5.26262E-03
2.92311E+03 5.36343E-03
2.92408E+03 5.41546E-03
2.92504E+03 5.47490E-03
2.92601E+03 5.66532E-03
2.92697E+03 5.79417E-03
2.92794E+03 5.84388E-03
2.92890E+03 5.98127E-03
2.92986E+03 6.04663E-03
2.93083E+03 6.09710E-03
2.93179E+03 6.22184E-03
2.93276E+03 6.28792E-03
2.93372E+03 6.41733E-03
2.93469E+03 6.50809E-03
2.93565E+03 6.53467E-03
2.93662E+03 6.54232E-03
2.93758E+03 6.55732E-03
2.93854E+03 6.60143E-03
2.93951E+03 6.55676E-03
2.94047E+03 6.49651E-03
2.94144E+03 6.49406E-03
2.94240E+03 6.47229E-03
2.94337E+03 6.35662E-03
2.94433E+03 6.29713E-03
2.94530E+03 6.34106E-03
2.94626E+03 6.34298E-03
2.94722E+03 6.31013E-03
2.94819E+03 6.39071E-03
2.94915E+03 6.50189E-03
2.95012E+03 6.53788E-03
2.95108E+03 6.58438E-03
2.95205E+03 6.66738E-03
2.95301E+03 6.75796E-03
2.95397E+03 6.79025E-03
2.95494E+03 6.95876E-03
2.95590E+03 7.17089E-03
2.95687E+03 7.13280E-03
2.95783E+03 7.11889E-03
2.95880E+03 7.24054E-03
2.95976E+03 7.29063E-03
2.96073E+03 7.24854E-03
2.96169E+03 7.23257E-03
2.96265E+03 7.23989E-03
2.96362E+03 7.11888E-03
2.96458E+03 7.00792E-03
2.96555E+03 6.94058E-03
2.96651E+03 6.82764E-03
2.96748E+03 6.70374E-03
2.96844E+03 6.52172E-03
2.96941E+03 6.27242E-03
2.97037E+03 6.07199E-03
2.97133E+03 5.99089E-03
2.97230E+03 5.84359E-03
2.97326E+03 5.64680E-03
2.97423E+03 5.57290E-03
2.97519E+03 5.50427E-03
2.97616E+03 5.38085E-03
2.97712E+03 5.30806E-03
2.97808E+03 5.26137E-03
2.97905E+03 5.15556E-03
2.98001E+03 5.08396E-03
2.98098E+03 5.13794E-03
2.98194E+03 5.23806E-03
2.98291E+03 5.24858E-03
2.98387E+03 5.24639E-03
2.98484E+03 5.27756E-03
2.98580E+03 5.33543E-03
2.98676E+03 5.42865E-03
2.98773E+03 5.50233E-03
2.98869E+03 5.52401E-03
2.98966E+03 5.48002E-03
2.99062E+03 5.39141E-03
2.99159E+03 5.38867E-03
2.99255E+03 5.41672E-03
2.99352E+03 5.24108E-03
2.99448E+03 5.06432E-03
2.99544E+03 4.99094E-03
2.99641E+03 4.85507E-03
2.99737E+03 4.69049E-03
2.99834E+03 4.50429E-03
2.99930E+03 4.33084E-03
3.00027E+03 4.17750E-03
3.00123E+03 4.02827E-03
3.00220E+03 3.89908E-03
3.00316E+03 3.68277E-03
3.00412E+03 3.47884E-03
3.00509E+03 3.32586E-03
3.00605E+03 3.20967E-03
3.00702E+03 3.11533E-03
3.00798E+03 2.91181E-03
3.00895E+03 2.72638E-03
3.00991E+03 2.62719E-03
3.01087E+03 2.52064E-03
3.01184E+03 2.41979E-03
3.01280E+03 2.29766E-03
3.01377E+03 2.18967E-03
3.01473E+03 2.19222E-03
3.01570E+03 2.16382E-03
3.01666E+03 2.12111E-03
3.01763E+03 2.12364E-03
3.01859E+03 2.06495E-03
3.01955E+03 1.99331E-03
3.02052E+03 2.01777E-03
3.02148E+03 2.08544E-03
3.02245E+03 2.07143E-03
3.02341E+03 1.97237E-03
3.02438E+03 1.93578E-03
3.02534E+03 2.00654E-03
3.02631E+03 2.10222E-03
3.02727E+03 2.16700E-03
3.02823E+03 2.19207E-03
3.02920E+03 2.23199E-03
3.03016E+03 2.29266E-03
3.03113E+03 2.39385E-03
3.03209E+03 2.53145E-03
3.03306E+03 2.58022E-03
3.03402E+03 2.58774E-03
3.03498E+03 2.62663E-03
3.03595E+03 2.70544E-03
3.03691E+03 2.77340E-03
3.03788E+03 2.75400E-03
3.03884E+03 2.80689E-03
3.03981E+03 2.87998E-03
3.04077E+03 2.97349E-03
3.04174E+03 3.12510E-03
3.04270E+03 3.25936E-03
3.04366E+03 3.30077E-03
3.04463E+03 3.35375E-03
3.04559E+03 3.43548E-03
3.04656E+03 3.50095E-03
3.04752E+03 3.57717E-03
3.04849E+03 3.62410E-03
3.04945E+03 3.76231E-03
3.05042E+03 3.92121E-03
3.05138E+03 3.99349E-03
3.05234E+03 4.02189E-03
3.05331E+03 4.09421E-03
3.05427E+03 4.22369E-03
3.05524E+03 4.30673E-03
3.05620E+03 4.38691E-03
3.05717E+03 4.55385E-03
3.05813E+03 4.61119E-03
3.05909E+03 4.67850E-03
3.06006E+03 4.84589E-03
3.06102E+03 4.95436E-03
3.06199E+03 5.02813E-03
3.06295E+03 5.16671E-03
3.06392E+03 5.25009E-03
3.06488E+03 5.28086E-03
3.06585E+03 5.38320E-03
3.06681E+03 5.49459E-03
3.06777E+03 5.63028E-03
3.06874E+03 5.79791E-03
3.06970E+03 5.93399E-03
3.07067E+03 6.09652E-03
3.07163E+03 6.29251E-03
3.07260E+03 6.34184E-03
3.07356E+03 6.36639E-03
3.07453E+03 6.46902E-03
3.07549E+03 6.59685E-03
3.07645E+03 6.73204E-03
3.07742E+03 6.86929E-03
3.07838E+03 6.97776E-03
3.07935E+03 7.11391E-03
3.08031E+03 7.27009E-03
3.08128E+03 7.43695E-03
3.08224E+03 7.60096E-03
3.08321E+03 7.79409E-03
3.08417E+03 7.94126E-03
3.08513E+03 8.03616E-03
3.08610E+03 8.18597E-03
3.08706E+03 8.28161E-03
3.08803E+03 8.33755E-03
3.08899E+03 8.43475E-03
3.08996E+03 8.61303E-03
3.09092E+03 8.79199E-03
3.09188E+03 8.95746E-03
3.09285E+03 9.11129E-03
3.09381E+03 9.23921E-03
3.09478E+03 9.34090E-03
3.09574E+03 9.52191E-03
3.09671E+03 9.74031E-03
3.09767E+03 9.87891E-03
3.09864E+03 1.00125E-02
3.09960E+03 1.01622E-02
3.10056E+03 1.03123E-02
3.10153E+03 1.04668E-02
3.10249E+03 1.06037E-02
3.10346E+03 1.07277E-02
3.10442E+03 1.09466E-02
3.10539E+03 1.11870E-02
3.10635E+03 1.14137E-02
3.10732E+03 1.15692E-02
3.10828E+03 1.15997E-02
3.10924E+03 1.17110E-02
3.11021E+03 1.17991E-02
3.11117E+03 1.19806E-02
3.11214E+03 1.22826E-02
3.11310E+03 1.24026E-02
3.11407E+03 1.24907E-02
3.11503E+03 1.26303E-02
3.11599E+03 1.28169E-02
3.11696E+03 1.30310E-02
3.11792E+03 1.32512E-02
3.11889E+03 1.35150E-02
3.11985E+03 1.36779E-02
3.12082E+03 1.37888E-02
3.12178E+03 1.39187E-02
3.12275E+03 1.40190E-02
3.12371E+03 1.41776E-02
3.12467E+03 1.44166E-02
3.12564E+03 1.46498E-02
3.12660E+03 1.47850E-02
3.12757E+03 1.48799E-02
3.12853E+03 1.50042E-02
3.12950E+03 1.52470E-02
3.13046E+03 1.54302E-02
3.13143E+03 1.55332E-02
3.13239E+03 1.57220E-02
3.13335E+03 1.59338E-02
3.13432E+03 1.61486E-02
3.13528E+03 1.63251E-02
3.13625E+03 1.64990E-02
3.13721E+03 1.66579E-02
3.13818E+03 1.68679E-02
3.13914E+03 1.70624E-02
3.14010E+03 1.72129E-02
3.14107E+03 1.73830E-02
3.14203E+03 1.75581E-02
3.14300E+03 1.76776E-02
3.14396E+03 1.78600E-02
3.14493E+03 1.80931E-02
3.14589E+03 1.82286E-02
3.14686E+03 1.83864E-02
3.14782E+03 1.85211E-02
3.14878E+03 1.87293E-02
3.14975E+03 1.89861E-02
3.15071E+03 1.92249E-02
3.15168E+03 1.94655E-02
3.15264E+03 1.95792E-02
3.15361E+03 1.96628E-02
3.15457E+03 1.98190E-02
3.15554E+03 1.99522E-02
3.15650E+03 2.01382E-02
3.15746E+03 2.03433E-02
3.15843E+03 2.05529E-02
3.15939E+03 2.08787E-02
3.16036E+03 2.11218E-02
3.16132E+03 2.12437E-02
3.16229E+03 2.13965E-02
3.16325E+03 2.16111E-02
3.16422E+03 2.17401E-02
3.16518E+03 2.19670E-02
3.16614E+03 2.22155E-02
3.16711E+03 2.23417E-02
3.16807E+03 2.24697E-02
3.16904E+03 2.25765E-02
3.17000E+03 2.28156E-02
3.17097E+03 2.30463E-02
3.17193E+03 2.31512E-02
3.17289E+03 2.32862E-02
3.17386E+03 2.34593E-02
3.17482E+03 2.36206E-02
3.17579E+03 2.38046E-02
3.17675E+03 2.39883E-02
3.17772E+03 2.41005E-02
3.17868E+03 2.42543E-02
3.17965E+03 2.45098E-02
3.18061E+03 2.47317E-02
3.18157E+03 2.49264E-02
3.18254E+03 2.50773E-02
3.18350E+03 2.52033E-02
3.18447E+03 2.53292E-02
3.18543E+03 2.55136E-02
3.18640E+03 2.57246E-02
3.18736E+03 2.58183E-02
3.18833E+03 2.59542E-02
3.18929E+03 2.61112E-02
3.19025E+03 2.61789E-02
3.19122E+03 2.63609E-02
3.19218E+03 2.66003E-02
3.19315E+03 2.68026E-02
3.19411E+03 2.69243E-02
3.19508E+03 2.69776E-02
3.19604E+03 2.71088E-02
3.19700E+03 2.72008E-02
3.19797E+03 2.72757E-02
3.19893E+03 2.74189E-02
3.19990E+03 2.74974E-02
3.20086E+03 2.75788E-02
3.20183E+03 2.77728E-02
3.20279E+03 2.79589E-02
3.20376E+03 2.80908E-02
3.20472E+03 2.82851E-02
3.20568E+03 2.84119E-02
3.20665E+03 2.84357E-02
3.20761E+03 2.85148E-02
3.20858E+03 2.86229E-02
3.20954E+03 2.86706E-02
3.21051E+03 2.86991E-02
3.21147E+03 2.86942E-02
3.21244E+03 2.87723E-02
3.21340E+03 2.90314E-02
3.21436E+03 2.92129E-02
3.21533E+03 2.92684E-02
3.21629E+03 2.93950E-02
3.21726E+03 2.95115E-02
3.21822E+03 2.95599E-02
3.21919E+03 2.96982E-02
3.22015E+03 2.97825E-02
3.22111E+03 2.98276E-02
3.22208E+03 2.98667E-02
3.22304E+03 2.99322E-02
3.22401E+03 2.99857E-02
3.22497E+03 2.99480E-02
3.22594E+03 3.00938E-02
3.22690E+03 3.02364E-02
3.22787E+03 3.02294E-02
3.22883E+03 3.02601E-02
3.22979E+03 3.02676E-02
3.23076E+03 3.02882E-02
3.23172E+03 3.03908E-02
3.23269E+03 3.04682E-02
3.23365E+03 3.04732E-02
3.23462E+03 3.05139E-02
3.23558E+03 3.05902E-02
3.23655E+03 3.06345E-02
3.23751E+03 3.07142E-02
3.23847E+03 3.07169E-02
3.23944E+03 3.06400E-02
3.24040E+03 3.06692E-02
3.24137E+03 3.06763E-02
3.24233E+03 3.07811E-02
3.24330E+03 3.08808E-02
3.24426E+03 3.08314E-02
3.24523E+03 3.08062E-02
3.24619E+03 3.08451E-02
3.24715E+03 3.08257E-02
3.24812E+03 3.07876E-02
3.24908E+03 3.07879E-02
3.25005E+03 3.08144E-02
3.25101E+03 3.08581E-02
3.25198E+03 3.08711E-02
3.25294E+03 3.09433E-02
3.25390E+03 3.08705E-02
3.25487E+03 3.07436E-02
3.25583E+03 3.06272E-02
3.25680E+03 3.05848E-02
3.25776E+03 3.06005E-02
3.25873E+03 3.05929E-02
3.25969E+03 3.06214E-02
3.26066E+03 3.05741E-02
3.26162E+03 3.05089E-02
3.26258E+03 3.04845E-02
3.26355E+03 3.04047E-02
3.26451E+03 3.04107E-02
3.26548E+03 3.04158E-02
3.26644E+03 3.03430E-02
3.26741E+03 3.02707E-02
3.26837E+03 3.01932E-02
3.26934E+03 3.01136E-02
3.27030E+03 2.99847E-02
3.27126E+03 2.99440E-02
3.27223E+03 2.98839E-02
3.27319E+03 2.97772E-02
3.27416E+03 2.96866E-02
3.27512E+03 2.95600E-02
3.27609E+03 2.94651E-02
3.27705E+03 2.94633E-02
3.27802E+03 2.93798E-02
3.27898E+03 2.92635E-02
3.27994E+03 2.91874E-02
3.28091E+03 2.91801E-02
3.28187E+03 2.91249E-02
3.28284E+03 2.89697E-02
3.28380E+03 2.88647E-02
3.28477E+03 2.87134E-02
3.28573E+03 2.85662E-02
3.28669E+03 2.84492E-02
3.28766E+03 2.83634E-02
3.28862E+03 2.83065E-02
3.28959E+03 2.82101E-02
3.29055E+03 2.80496E-02
3.29152E+03 2.78924E-02
3.29248E+03 2.78189E-02
3.29345E+03 2.76636E-02
3.29441E+03 2.74792E-02
3.29537E+03 2.74148E-02
3.29634E+03 2.72988E-02
3.29730E+03 2.71434E-02
3.29827E+03 2.70302E-02
3.29923E+03 2.68774E-02
3.30020E+03 2.67773E-02
3.30116E+03 2.66318E-02
3.30213E+03 2.64358E-02
3.30309E+03 2.62805E-02
3.30405E+03 2.61278E-02
3.30502E+03 2.60072E-02
3.30598E+03 2.58556E-02
3.30695E+03 2.57241E-02
3.30791E+03 2.55290E-02
3.30888E+03 2.54436E-02
3.30984E+03 2.53812E-02
3.31080E+03 2.52034E-02
3.31177E+03 2.50462E-02
3.31273E+03 2.49186E-02
3.31370E+03 2.47982E-02
3.31466E+03 2.45867E-02
3.31563E+03 2.43629E-02
3.31659E+03 2.42339E-02
3.31756E+03 2.39964E-02
3.31852E+03 2.37210E-02
3.31948E+03 2.36646E-02
3.32045E+03 2.35285E-02
3.32141E+03 2.33258E-02
3.32238E+03 2.31789E-02
3.32334E+03 2.29969E-02
3.32431E+03 2.28954E-02
3.32527E+03 2.27827E-02
3.32624E+03 2.26451E-02
3.32720E+03 2.24689E-02
3.32816E+03 2.22699E-02
3.32913E+03 2.21115E-02
3.33009E+03 2.19034E-02
3.33106E+03 2.18253E-02
3.33202E+03 2.17608E-02
3.33299E+03 2.15643E-02
3.33395E+03 2.14081E-02
3.33492E+03 2.12469E-02
3.33588E+03 2.10776E-02
3.33684E+03 2.09486E-02
3.33781E+03 2.08354E-02
3.33877E+03 2.06484E-02
3.33974E+03 2.05006E-02
3.34070E+03 2.03499E-02
3.34167E+03 2.00838E-02
3.34263E+03 1.98720E-02
3.34359E+03 1.97395E-02
3.34456E+03 1.96628E-02
3.34552E+03 1.95247E-02
3.34649E+03 1.93581E-02
3.34745E+03 1.92567E-02
3.34842E+03 1.91816E-02
3.34938E+03 1.90534E-02
3.35035E+03 1.88686E-02
3.35131E+03 1.87138E-02
3.35227E+03 1.85695E-02
3.35324E+03 1.84030E-02
3.35420E+03 1.81983E-02
3.35517E+03 1.80490E-02
3.35613E+03 1.79899E-02
3.35710E+03 1.78394E-02
3.35806E+03 1.76061E-02
3.35903E+03 1.74019E-02
3.35999E+03 1.73970E-02
3.36095E+03 1.73971E-02
3.36192E+03 1.72117E-02
3.36288E+03 1.70465E-02
3.36385E+03 1.69661E-02
3.36481E+03 1.68494E-02
3.36578E+03 1.66655E-02
3.36674E+03 1.64942E-02
3.36770E+03 1.63420E-02
3.36867E+03 1.62312E-02
3.36963E+03 1.61093E-02
3.37060E+03 1.59929E-02
3.37156E+03 1.59656E-02
3.37253E+03 1.58471E-02
3.37349E+03 1.55894E-02
3.37446E+03 1.54214E-02
3.37542E+03 1.52841E-02
3.37638E+03 1.51721E-02
3.37735E+03 1.50871E-02
3.37831E+03 1.50060E-02
3.37928E+03 1.48940E-02
3.38024E+03 1.47364E-02
3.38121E+03 1.45592E-02
3.38217E+03 1.43842E-02
3.38314E+03 1.42462E-02
3.38410E+03 1.40461E-02
3.38506E+03 1.38874E-02
3.38603E+03 1.37533E-02
3.38699E+03 1.35685E-02
3.38796E+03 1.34547E-02
3.38892E+03 1.33063E-02
3.38989E+03 1.31832E-02
3.39085E+03 1.31439E-02
3.39181E+03 1.30378E-02
3.39278E+03 1.29505E-02
3.39374E+03 1.28259E-02
3.39471E+03 1.25865E-02
3.39567E+03 1.23857E-02
3.39664E+03 1.22632E-02
3.39760E+03 1.22609E-02
3.39857E+03 1.20986E-02
3.39953E+03 1.17908E-02
3.40049E+03 1.16718E-02
3.40146E+03 1.15772E-02
3.40242E+03 1.14784E-02
3.40339E+03 1.13322E-02
3.40435E+03 1.11713E-02
3.40532E+03 1.10714E-02
3.40628E+03 1.09156E-02
3.40725E+03 1.07990E-02
3.40821E+03 1.07316E-02
3.40917E+03 1.06008E-02
3.41014E+03 1.05482E-02
3.41110E+03 1.03794E-02
3.41207E+03 1.01303E-02
3.41303E+03 9.91696E-03
3.41400E+03 9.58411E-03
3.41496E+03 9.59057E-03
3.41593E+03 9.66502E-03
3.41689E+03 9.55614E-03
3.41785E+03 9.45779E-03
3.41882E+03 9.28026E-03
3.41978E+03 9.20743E-03
3.42075E+03 9.11736E-03
3.42171E+03 8.95728E-03
3.42268E+03 8.84181E-03
3.42364E+03 8.69454E-03
3.42460E+03 8.58748E-03
3.42557E+03 8.50962E-03
3.42653E+03 8.31714E-03
3.42750E+03 8.10173E-03
3.42846E+03 7.94078E-03
3.42943E+03 7.71521E-03
3.43039E+03 7.66908E-03
3.43136E+03 7.68586E-03
3.43232E+03 7.54005E-03
3.43328E+03 7.41370E-03
3.43425E+03 7.38491E-03
3.43521E+03 7.38466E-03
3.43618E+03 7.30298E-03
3.43714E+03 7.18191E-03
3.43811E+03 7.01182E-03
3.43907E+03 6.92912E-03
3.44004E+03 6.80174E-03
3.44100E+03 6.63782E-03
3.44196E+03 6.58995E-03
3.44293E+03 6.47826E-03
3.44389E+03 6.29876E-03
3.44486E+03 6.09174E-03
3.44582E+03 6.04571E-03
3.44679E+03 6.02645E-03
3.44775E+03 5.78527E-03
3.44871E+03 5.65713E-03
3.44968E+03 5.47085E-03
3.45064E+03 5.30260E-03
3.45161E+03 5.27560E-03
3.45257E+03 5.22624E-03
3.45354E+03 5.21510E-03
3.45450E+03 5.15664E-03
3.45547E+03 5.02222E-03
3.45643E+03 4.90294E-03
3.45739E+03 4.80652E-03
3.45836E+03 4.67530E-03
3.45932E+03 4.60900E-03
3.46029E+03 4.53729E-03
3.46125E+03 4.48350E-03
3.46222E+03 4.46053E-03
3.46318E+03 4.31890E-03
3.46415E+03 4.21153E-03
3.46511E+03 4.14327E-03
3.46607E+03 4.02778E-03
3.46704E+03 3.91157E-03
3.46800E+03 3.73825E-03
3.46897E+03 3.65674E-03
3.46993E+03 3.60257E-03
3.47090E+03 3.42787E-03
3.47186E+03 3.26670E-03
3.47282E+03 3.22220E-03
3.47379E+03 3.13209E-03
3.47475E+03 2.97983E-03
3.47572E+03 2.85925E-03
3.47668E+03 2.81954E-03
3.47765E+03 2.85646E-03
3.47861E+03 2.67975E-03
3.47958E+03 2.44302E-03
3.48054E+03 2.39116E-03
3.48150E+03 2.37534E-03
3.48247E+03 2.33549E-03
3.48343E+03 2.17774E-03
3.48440E+03 2.00779E-03
3.48536E+03 1.95824E-03
3.48633E+03 1.91049E-03
3.48729E+03 1.80122E-03
3.48826E+03 1.72882E-03
3.48922E+03 1.68384E-03
3.49018E+03 1.52921E-03
3.49115E+03 1.39803E-03
3.49211E+03 1.31416E-03
3.49308E+03 1.23518E-03
3.49404E+03 1.06342E-03
3.49501E+03 9.07291E-04
3.49597E+03 9.40017E-04
3.49694E+03 9.33580E-04
3.49790E+03 8.22019E-04
3.49886E+03 7.06196E-04
3.49983E+03 6.30409E-04
3.50079E+03 5.64568E-04
3.50176E+03 5.63763E-04
3.50272E+03 4.14953E-04
3.50369E+03 1.73222E-04
3.50465E+03 1.67809E-04
3.50561E+03 8.41022E-05
3.50658E+03 -9.71891E-05
3.50754E+03 -1.31283E-04
3.50851E+03 -1.30020E-04
3.50947E+03 -2.44480E-04
3.51044E+03 -2.77665E-04
3.51140E+03 -3.39985E-04
3.51237E+03 -4.68198E-04
3.51333E+03 -4.64320E-04
3.51429E+03 -4.95329E-04
3.51526E+03 -5.75468E-04
3.51622E+03 -6.56184E-04
3.51719E+03 -7.01562E-04
3.51815E+03 -8.07002E-04
3.51912E+03 -8.65873E-04
3.52008E+03 -9.53536E-04
3.52105E+03 -1.05251E-03
3.52201E+03 -1.05845E-03
3.52297E+03 -1.22033E-03
3.52394E+03 -1.32410E-03
3.52490E+03 -1.28776E-03
3.52587E+03 -1.38209E-03
3.52683E+03 -1.48100E-03
3.52780E+03 -1.52519E-03
3.52876E+03 -1.60081E-03
3.52972E+03 -1.69830E-03
3.53069E+03 -1.80968E-03
3.53165E+03 -1.81493E-03
3.53262E+03 -1.87722E-03
3.53358E+03 -1.90045E-03
3.53455E+03 -1.82394E-03
3.53551E+03 -1.89940E-03
3.53648E+03 -2.01049E-03
3.53744E+03 -2.07371E-03
3.53840E+03 -2.11589E-03
3.53937E+03 -2.15402E-03
3.54033E+03 -2.32016E-03
3.54130E+03 -2.28176E-03
3.54226E+03 -2.20435E-03
3.54323E+03 -2.26435E-03
3.54419E+03 -2.24873E-03
3.54516E+03 -2.27091E-03
3.54612E+03 -2.31027E-03
3.54708E+03 -2.45495E-03
3.54805E+03 -2.55049E-03
3.54901E+03 -2.64906E-03
3.54998E+03 -2.67921E-03
3.55094E+03 -2.60365E-03
3.55191E+03 -2.59910E-03
3.55287E+03 -2.65115E-03
3.55383E+03 -2.69108E-03
3.55480E+03 -2.69198E-03
3.55576E+03 -2.73330E-03
3.55673E+03 -2.70239E-03
3.55769E+03 -2.63033E-03
3.55866E+03 -2.66386E-03
3.55962E+03 -2.73735E-03
3.56059E+03 -2.76967E-03
3.56155E+03 -2.73138E-03
3.56251E+03 -2.68533E-03
3.56348E+03 -2.78881E-03
3.56444E+03 -2.97968E-03
3.56541E+03 -3.02278E-03
3.56637E+03 -2.98060E-03
3.56734E+03 -2.96593E-03
3.56830E+03 -2.97641E-03
3.56927E+03 -2.99279E-03
3.57023E+03 -2.96012E-03
3.57119E+03 -2.96367E-03
3.57216E+03 -2.95806E-03
3.57312E+03 -2.91692E-03
3.57409E+03 -2.88973E-03
3.57505E+03 -2.91953E-03
3.57602E+03 -2.97457E-03
3.57698E+03 -3.00182E-03
3.57795E+03 -2.90532E-03
3.57891E+03 -2.72775E-03
3.57987E+03 -2.68250E-03
3.58084E+03 -2.67692E-03
3.58180E+03 -2.65343E-03
3.58277E+03 -2.63969E-03
3.58373E+03 -2.50482E-03
3.58470E+03 -2.35245E-03
3.58566E+03 -2.29535E-03
3.58662E+03 -2.29127E-03
3.58759E+03 -2.28271E-03
3.58855E+03 -2.21805E-03
3.58952E+03 -2.21058E-03
3.59048E+03 -2.22427E-03
3.59145E+03 -2.16683E-03
3.59241E+03 -2.16851E-03
3.59338E+03 -2.21431E-03
3.59434E+03 -2.22348E-03
3.59530E+03 -2.11454E-03
3.59627E+03 -2.06682E-03
3.59723E+03 -2.32090E-03
3.59820E+03 -2.49444E-03
3.59916E+03 -2.43022E-03
3.60013E+03 -2.42650E-03
3.60109E+03 -2.69612E-03
3.60206E+03 -2.99079E-03
3.60302E+03 -3.10694E-03
3.60398E+03 -3.14840E-03
3.60495E+03 -3.18380E-03
3.60591E+03 -3.20990E-03
3.60688E+03 -3.19609E-03
3.60784E+03 -3.17686E-03
3.60881E+03 -3.15765E-03
3.60977E+03 -3.11524E-03
3.61074E+03 -3.18115E-03
3.61170E+03 -3.26372E-03
3.61266E+03 -3.21534E-03
3.61363E+03 -3.29954E-03
3.61459E+03 -3.35076E-03
3.61556E+03 -3.31933E-03
3.61652E+03 -3.31514E-03
3.61749E+03 -3.29271E-03
3.61845E+03 -3.28180E-03
3.61941E+03 -3.18700E-03
3.62038E+03 -3.10151E-03
3.62134E+03 -3.10951E-03
3.62231E+03 -3.17436E-03
3.62327E+03 -3.23413E-03
3.62424E+03 -3.18372E-03
3.62520E+03 -3.14964E-03
3.62617E+03 -3.25425E-03
3.62713E+03 -3.37510E-03
3.62809E+03 -3.35631E-03
3.62906E+03 -3.24424E-03
3.63002E+03 -3.23780E-03
3.63099E+03 -3.31571E-03
3.63195E+03 -3.39067E-03
3.63292E+03 -3.39418E-03
3.63388E+03 -3.28084E-03
3.63485E+03 -3.17532E-03
3.63581E+03 -3.18207E-03
3.63677E+03 -3.27716E-03
3.63774E+03 -3.33663E-03
3.63870E+03 -3.29129E-03
3.63967E+03 -3.26101E-03
3.64063E+03 -3.32806E-03
3.64160E+03 -3.28605E-03
3.64256E+03 -3.26160E-03
3.64352E+03 -3.28845E-03
3.64449E+03 -3.26963E-03
3.64545E+03 -3.34140E-03
3.64642E+03 -3.36750E-03
3.64738E+03 -3.33877E-03
3.64835E+03 -3.39077E-03
3.64931E+03 -3.24038E-03
3.65028E+03 -3.17619E-03
3.65124E+03 -3.25762E-03
3.65220E+03 -3.17518E-03
3.65317E+03 -3.17596E-03
3.65413E+03 -3.17639E-03
3.65510E+03 -3.13536E-03
3.65606E+03 -3.07379E-03
3.65703E+03 -3.10900E-03
3.65799E+03 -3.19168E-03
3.65896E+03 -3.15380E-03
3.65992E+03 -3.03148E-03
3.66088E+03 -3.06436E-03
3.66185E+03 -3.21698E-03
3.66281E+03 -3.18646E-03
3.66378E+03 -3.17247E-03
3.66474E+03 -3.22675E-03
3.66571E+03 -3.29405E-03
3.66667E+03 -3.34178E-03
3.66764E+03 -3.29822E-03
3.66860E+03 -3.25561E-03
3.66956E+03 -3.35324E-03
3.67053E+03 -3.41773E-03
3.67149E+03 -3.28629E-03
3.67246E+03 -3.39532E-03
3.67342E+03 -3.51737E-03
3.67439E+03 -3.51493E-03
3.67535E+03 -3.53381E-03
3.67631E+03 -3.54773E-03
3.67728E+03 -3.61390E-03
3.67824E+03 -3.57944E-03
3.67921E+03 -3.58755E-03
3.68017E+03 -3.62611E-03
3.68114E+03 -3.64008E-03
3.68210E+03 -3.64484E-03
3.68307E+03 -3.63004E-03
3.68403E+03 -3.59984E-03
3.68499E+03 -3.51062E-03
3.68596E+03 -3.45023E-03
3.68692E+03 -3.48493E-03
3.68789E+03 -3.46358E-03
3.68885E+03 -3.35615E-03
3.68982E+03 -3.28299E-03
3.69078E+03 -3.12131E-03
3.69175E+03 -2.82210E-03
3.69271E+03 -2.38279E-03
3.69367E+03 -1.90027E-03
3.69464E+03 -1.39202E-03
3.69560E+03 -8.02200E-04
3.69657E+03 -3.48080E-04
3.69753E+03 1.37020E-04
3.69850E+03 6.79340E-04
3.69946E+03 9.19372E-04
3.70042E+03 9.73076E-04
3.70139E+03 8.38205E-04
3.70235E+03 3.94370E-04
3.70332E+03 -1.33488E-04
3.70428E+03 -6.49258E-04
3.70525E+03 -1.20217E-03
3.70621E+03 -1.66324E-03
3.70718E+03 -1.97152E-03
3.70814E+03 -2.02328E-03
3.70910E+03 -2.26223E-03
3.71007E+03 -2.81488E-03
3.71103E+03 -3.21477E-03
3.71200E+03 -3.32694E-03
3.71296E+03 -3.20888E-03
3.71393E+03 -3.23063E-03
3.71489E+03 -3.28789E-03
3.71586E+03 -3.24007E-03
3.71682E+03 -3.31280E-03
3.71778E+03 -3.41936E-03
3.71875E+03 -3.43699E-03
3.71971E+03 -3.45147E-03
3.72068E+03 -3.45430E-03
3.72164E+03 -3.50157E-03
3.72261E+03 -3.60099E-03
3.72357E+03 -3.54701E-03
3.72453E+03 -3.44473E-03
3.72550E+03 -3.39789E-03
3.72646E+03 -3.43881E-03
3.72743E+03 -3.52339E-03
3.72839E+03 -3.56387E-03
3.72936E+03 -3.61728E-03
3.73032E+03 -3.60240E-03
3.73129E+03 -3.56063E-03
3.73225E+03 -3.56649E-03
3.73321E+03 -3.61125E-03
3.73418E+03 -3.62333E-03
3.73514E+03 -3.65761E-03
3.73611E+03 -3.66709E-03
3.73707E+03 -3.68943E-03
3.73804E+03 -3.67695E-03
3.73900E+03 -3.70394E-03
3.73997E+03 -3.73539E-03
3.74093E+03 -3.65064E-03
3.74189E+03 -3.71923E-03
3.74286E+03 -3.75038E-03
3.74382E+03 -3.69777E-03
3.74479E+03 -3.71671E-03
3.74575E+03 -3.80311E-03
3.74672E+03 -3.77006E-03
3.74768E+03 -3.68062E-03
3.74865E+03 -3.71538E-03
3.74961E+03 -3.81600E-03
3.75057E+03 -3.85234E-03
3.75154E+03 -3.73774E-03
3.75250E+03 -3.65040E-03
3.75347E+03 -3.73213E-03
3.75443E+03 -3.83515E-03
3.75540E+03 -3.89864E-03
3.75636E+03 -3.88039E-03
3.75732E+03 -3.80848E-03
3.75829E+03 -3.81051E-03
3.75925E+03 -3.84138E-03
3.76022E+03 -3.81566E-03
3.76118E+03 -3.87709E-03
3.76215E+03 -3.99109E-03
3.76311E+03 -3.97179E-03
3.76408E+03 -3.96962E-03
3.76504E+03 -3.87487E-03
3.76600E+03 -3.74350E-03
3.76697E+03 -3.84898E-03
3.76793E+03 -3.81017E-03
3.76890E+03 -3.76972E-03
3.76986E+03 -3.90742E-03
3.77083E+03 -3.99937E-03
3.77179E+03 -3.85448E-03
3.77276E+03 -3.76841E-03
3.77372E+03 -3.90226E-03
3.77468E+03 -3.87829E-03
3.77565E+03 -3.84162E-03
3.77661E+03 -3.83369E-03
3.77758E+03 -3.87291E-03
3.77854E+03 -3.89732E-03
3.77951E+03 -3.86980E-03
3.78047E+03 -3.98543E-03
3.78143E+03 -4.09040E-03
3.78240E+03 -4.00298E-03
3.78336E+03 -3.89676E-03
3.78433E+03 -3.95050E-03
3.78529E+03 -3.93304E-03
3.78626E+03 -3.84981E-03
3.78722E+03 -3.83690E-03
3.78819E+03 -3.82869E-03
3.78915E+03 -3.92824E-03
3.79011E+03 -3.88489E-03
3.79108E+03 -3.89762E-03
3.79204E+03 -4.04873E-03
3.79301E+03 -4.08177E-03
3.79397E+03 -4.08220E-03
3.79494E+03 -3.99277E-03
3.79590E+03 -3.93453E-03
3.79687E+03 -3.96853E-03
3.79783E+03 -4.02742E-03
3.79879E+03 -4.07684E-03
3.79976E+03 -4.03011E-03
3.80072E+03 -3.91394E-03
3.80169E+03 -3.88622E-03
3.80265E+03 -4.00510E-03
3.80362E+03 -3.98791E-03
3.80458E+03 -3.97470E-03
3.80554E+03 -4.05425E-03
3.80651E+03 -3.98156E-03
3.80747E+03 -3.90306E-03
3.80844E+03 -3.93697E-03
3.80940E+03 -4.01167E-03
3.81037E+03 -4.01273E-03
3.81133E+03 -4.00519E-03
3.81230E+03 -4.07287E-03
3.81326E+03 -4.08756E-03
3.81422E+03 -4.17162E-03
3.81519E+03 -4.15435E-03
3.81615E+03 -4.00693E-03
3.81712E+03 -4.12928E-03
3.81808E+03 -4.12624E-03
3.81905E+03 -4.02822E-03
3.82001E+03 -4.11190E-03
3.82098E+03 -3.99221E-03
3.82194E+03 -3.93360E-03
3.82290E+03 -4.02926E-03
3.82387E+03 -4.02879E-03
3.82483E+03 -4.01266E-03
3.82580E+03 -3.91034E-03
3.82676E+03 -3.89384E-03
3.82773E+03 -4.07942E-03
3.82869E+03 -4.21482E-03
3.82966E+03 -4.15334E-03
3.83062E+03 -3.98826E-03
3.83158E+03 -3.91644E-03
3.83255E+03 -4.02114E-03
3.83351E+03 -4.13532E-03
3.83448E+03 -4.14199E-03
3.83544E+03 -4.09868E-03
3.83641E+03 -3.99767E-03
3.83737E+03 -4.01137E-03
3.83833E+03 -4.09646E-03
3.83930E+03 -4.06764E-03
3.84026E+03 -4.04960E-03
3.84123E+03 -3.99626E-03
3.84219E+03 -3.95444E-03
3.84316E+03 -3.99001E-03
3.84412E+03 -3.96835E-03
3.84509E+03 -4.07695E-03
3.84605E+03 -4.21181E-03
3.84701E+03 -4.14909E-03
3.84798E+03 -4.09573E-03
3.84894E+03 -4.08124E-03
3.84991E+03 -4.05233E-03
3.85087E+03 -4.05677E-03
3.85184E+03 -3.99908E-03
3.85280E+03 -4.05464E-03
3.85377E+03 -4.11770E-03
3.85473E+03 -4.04979E-03
3.85569E+03 -4.10284E-03
3.85666E+03 -4.13627E-03
3.85762E+03 -4.08569E-03
3.85859E+03 -4.08899E-03
3.85955E+03 -4.01762E-03
3.86052E+03 -4.01385E-03
3.86148E+03 -3.99337E-03
3.86244E+03 -3.99810E-03
3.86341E+03 -4.12365E-03
3.86437E+03 -4.04435E-03
3.86534E+03 -4.04201E-03
3.86630E+03 -4.15542E-03
3.86727E+03 -4.07194E-03
3.86823E+03 -3.96895E-03
3.86920E+03 -3.99335E-03
3.87016E+03 -4.09570E-03
3.87112E+03 -4.16165E-03
3.87209E+03 -4.14219E-03
3.87305E+03 -4.13686E-03
3.87402E+03 -4.10383E-03
3.87498E+03 -4.10255E-03
3.87595E+03 -4.07898E-03
3.87691E+03 -4.09736E-03
3.87788E+03 -4.17582E-03
3.87884E+03 -4.22516E-03
3.87980E+03 -4.22566E-03
3.88077E+03 -4.15282E-03
3.88173E+03 -4.15273E-03
3.88270E+03 -4.17268E-03
3.88366E+03 -4.12415E-03
3.88463E+03 -4.03083E-03
3.88559E+03 -4.04911E-03
3.88655E+03 -4.12655E-03
3.88752E+03 -4.24937E-03
3.88848E+03 -4.30936E-03
3.88945E+03 -4.21359E-03
3.89041E+03 -4.17171E-03
3.89138E+03 -4.07725E-03
3.89234E+03 -4.14152E-03
3.89331E+03 -4.23933E-03
3.89427E+03 -4.16066E-03
3.89523E+03 -4.17800E-03
3.89620E+03 -4.21514E-03
3.89716E+03 -4.22177E-03
3.89813E+03 -4.31641E-03
3.89909E+03 -4.27354E-03
3.90006E+03 -4.14721E-03
3.90102E+03 -4.10417E-03
3.90199E+03 -4.15434E-03
3.90295E+03 -4.18889E-03
3.90391E+03 -4.21844E-03
3.90488E+03 -4.18165E-03
3.90584E+03 -4.20145E-03
3.90681E+03 -4.30456E-03
3.90777E+03 -4.23750E-03
3.90874E+03 -4.22511E-03
3.90970E+03 -4.24632E-03
3.91067E+03 -4.15740E-03
3.91163E+03 -4.12187E-03
3.91259E+03 -4.21281E-03
3.91356E+03 -4.21476E-03
3.91452E+03 -4.27605E-03
3.91549E+03 -4.25979E-03
3.91645E+03 -4.08502E-03
3.91742E+03 -4.11983E-03
3.91838E+03 -4.22007E-03
3.91934E+03 -4.31326E-03
3.92031E+03 -4.25760E-03
3.92127E+03 -4.15299E-03
3.92224E+03 -4.21660E-03
3.92320E+03 -4.14430E-03
3.92417E+03 -4.06219E-03
3.92513E+03 -4.15213E-03
3.92610E+03 -4.18524E-03
3.92706E+03 -4.18820E-03
3.92802E+03 -4.27816E-03
3.92899E+03 -4.29095E-03
3.92995E+03 -4.30160E-03
3.93092E+03 -4.33343E-03
3.93188E+03 -4.23221E-03
3.93285E+03 -4.24422E-03
3.93381E+03 -4.26293E-03
3.93478E+03 -4.21048E-03
3.93574E+03 -4.24686E-03
3.93670E+03 -4.32594E-03
3.93767E+03 -4.32395E-03
3.93863E+03 -4.35234E-03
3.93960E+03 -4.41317E-03
3.94056E+03 -4.19607E-03
3.94153E+03 -4.09368E-03
3.94249E+03 -4.21039E-03
3.94346E+03 -4.19830E-03
3.94442E+03 -4.13691E-03
3.94538E+03 -4.19861E-03
3.94635E+03 -4.23700E-03
3.94731E+03 -4.25459E-03
3.94828E+03 -4.23732E-03
3.94924E+03 -4.26832E-03
3.95021E+03 -4.26292E-03
3.95117E+03 -4.28940E-03
3.95213E+03 -4.43152E-03
3.95310E+03 -4.33043E-03
3.95406E+03 -4.12372E-03
3.95503E+03 -4.16742E-03
3.95599E+03 -4.26680E-03
3.95696E+03 -4.27357E-03
3.95792E+03 -4.33029E-03
3.95889E+03 -4.28966E-03
3.95985E+03 -4.25164E-03
3.96081E+03 -4.28528E-03
3.96178E+03 -4.29196E-03
3.96274E+03 -4.22738E-03
3.96371E+03 -4.21025E-03
3.96467E+03 -4.29256E-03
3.96564E+03 -4.25248E-03
3.96660E+03 -4.27317E-03
3.96757E+03 -4.36091E-03
3.96853E+03 -4.28054E-03
3.96949E+03 -4.30195E-03
3.97046E+03 -4.44961E-03
3.97142E+03 -4.39144E-03
3.97239E+03 -4.33206E-03
3.97335E+03 -4.35799E-03
3.97432E+03 -4.34228E-03
3.97528E+03 -4.22607E-03
3.97624E+03 -4.20693E-03
3.97721E+03 -4.28632E-03
3.97817E+03 -4.21679E-03
3.97914E+03 -4.28858E-03
3.98010E+03 -4.24340E-03
3.98107E+03 -4.12660E-03
3.98203E+03 -4.22830E-03
3.98300E+03 -4.33575E-03
3.98396E+03 -4.33794E-03
3.98492E+03 -4.28534E-03
3.98589E+03 -4.20894E-03
3.98685E+03 -4.10201E-03
3.98782E+03 -4.23284E-03
3.98878E+03 -4.25885E-03
3.98975E+03 -4.12552E-03
3.99071E+03 -4.20697E-03
3.99168E+03 -4.22978E-03
3.99264E+03 -4.26254E-03
3.99360E+03 -4.28315E-03
3.99457E+03 -4.23724E-03
3.99553E+03 -4.21806E-03
3.99650E+03 -4.24798E-03
3.99746E+03 -4.21570E-03
3.99843E+03 -4.26567E-03
3.99939E+03 -4.27995E-03
4.00035E+03 -4.16277E-03
4.00132E+03 -4.29422E-03
