# {"full": "H2O:CH3OH:CO2 (0.3:0.7:1)", "name": "H2O:CH3OH:CO2", "ratio": "(0.3:0.7:1)", "url": "https://icedb.strw.leidenuniv.nl/data/49", "author": "Ehrenfreund et al."}
3.99264E+02 -8.25232E-03
4.00228E+02 4.44035E-03
4.01193E+02 2.67864E-03
4.02157E+02 -4.43047E-03
4.03122E+02 -2.92025E-03
4.04086E+02 -4.63403E-03
4.05050E+02 -8.14053E-03
4.06015E+02 -8.73932E-03
4.06979E+02 5.72833E-03
4.07944E+02 1.03186E-02
4.08908E+02 -5.73270E-04
4.09872E+02 -3.74293E-03
4.10837E+02 -4.96358E-03
4.11801E+02 -5.64627E-03
4.12766E+02 7.07284E-04
4.13730E+02 3.85854E-03
4.14694E+02 -5.65213E-03
4.15659E+02 -7.99106E-03
4.16623E+02 -7.45189E-03
4.17588E+02 -7.07639E-03
4.18552E+02 -9.04466E-03
4.19516E+02 -9.96073E-03
4.20481E+02 -3.07201E-02
4.21445E+02 -3.29395E-02
4.22410E+02 -2.75547E-03
4.23374E+02 -4.96998E-04
4.24339E+02 -3.84668E-03
4.25303E+02 -2.70426E-03
4.26267E+02 -4.02115E-03
4.27232E+02 -3.19963E-03
4.28196E+02 -2.90815E-03
4.29161E+02 -3.07878E-03
4.30125E+02 -2.77734E-03
4.31089E+02 -1.78710E-03
4.32054E+02 -4.48685E-04
4.33018E+02 -2.13421E-03
4.33983E+02 -4.02491E-03
4.34947E+02 -5.39873E-03
4.35911E+02 -5.09347E-03
4.36876E+02 -4.99846E-03
4.37840E+02 -5.60120E-03
4.38805E+02 -2.86055E-03
4.39769E+02 -6.10784E-04
4.40733E+02 -6.46152E-05
4.41698E+02 5.20230E-03
4.42662E+02 4.95026E-03
4.43627E+02 -3.46647E-03
4.44591E+02 -5.19111E-03
4.45555E+02 -4.67636E-03
4.46520E+02 -4.87358E-03
4.47484E+02 -4.73048E-03
4.48449E+02 -4.81017E-03
4.49413E+02 -3.99309E-03
4.50377E+02 -2.23550E-03
4.51342E+02 -2.30212E-03
4.52306E+02 -2.02314E-03
4.53271E+02 -2.37551E-03
4.54235E+02 -2.29963E-03
4.55199E+02 -2.05355E-03
4.56164E+02 -2.79025E-03
4.57128E+02 -2.29155E-03
4.58093E+02 -1.83159E-03
4.59057E+02 -1.29562E-03
4.60022E+02 -1.16384E-03
4.60986E+02 -1.73360E-03
4.61950E+02 -3.04699E-04
4.62915E+02 -1.08181E-03
4.63879E+02 -4.50113E-03
4.64844E+02 -3.48146E-03
4.65808E+02 -2.25675E-03
4.66772E+02 -2.45597E-03
4.67737E+02 -2.43293E-03
4.68701E+02 -2.51450E-03
4.69666E+02 -2.86350E-03
4.70630E+02 -2.65766E-03
4.71594E+02 -2.33985E-03
4.72559E+02 -2.51457E-03
4.73523E+02 -2.19721E-03
4.74488E+02 -2.11533E-03
4.75452E+02 -1.86421E-03
4.76416E+02 -1.13560E-03
4.77381E+02 -1.48709E-03
4.78345E+02 -2.19985E-03
4.79310E+02 -2.05345E-03
4.80274E+02 -2.17512E-03
4.81238E+02 -2.17323E-03
4.82203E+02 -1.93435E-03
4.83167E+02 -1.81876E-03
4.84132E+02 -1.98748E-03
4.85096E+02 -2.15209E-03
4.86060E+02 -2.34215E-03
4.87025E+02 -2.14311E-03
4.87989E+02 -1.50852E-03
4.88954E+02 -1.58382E-03
4.89918E+02 -1.80488E-03
4.90883E+02 -1.57545E-03
4.91847E+02 -1.66851E-03
4.92811E+02 -1.76100E-03
4.93776E+02 -1.73885E-03
4.94740E+02 -1.55252E-03
4.95705E+02 -1.92157E-03
4.96669E+02 -1.98642E-03
4.97633E+02 -4.31124E-03
4.98598E+02 -5.51699E-03
4.99562E+02 -2.00476E-03
5.00527E+02 -1.25156E-03
5.01491E+02 -1.72134E-03
5.02455E+02 -1.69210E-03
5.03420E+02 -1.72880E-03
5.04384E+02 -2.16937E-03
5.05349E+02 -2.24775E-03
5.06313E+02 -1.13662E-03
5.07277E+02 -9.77442E-04
5.08242E+02 -9.91918E-04
5.09206E+02 -8.19843E-04
5.10171E+02 -9.09138E-04
5.11135E+02 -1.05326E-03
5.12099E+02 -9.61378E-04
5.13064E+02 -8.93436E-04
5.14028E+02 -1.11744E-03
5.14993E+02 -1.00945E-03
5.15957E+02 -8.70205E-04
5.16921E+02 -9.17707E-04
5.17886E+02 -7.82102E-04
5.18850E+02 1.37817E-03
5.19815E+02 1.18042E-03
5.20779E+02 -1.15512E-03
5.21743E+02 -1.08869E-03
5.22708E+02 -9.87891E-04
5.23672E+02 -8.90899E-04
5.24637E+02 -8.93835E-04
5.25601E+02 -1.03617E-03
5.26565E+02 -1.06758E-03
5.27530E+02 -1.00840E-03
5.28494E+02 -1.25628E-03
5.29459E+02 -1.10768E-03
5.30423E+02 -5.17450E-04
5.31388E+02 -4.21278E-04
5.32352E+02 -6.15258E-04
5.33316E+02 -7.54457E-04
5.34281E+02 -6.74523E-04
5.35245E+02 -7.83823E-04
5.36210E+02 -8.72161E-04
5.37174E+02 -6.53405E-04
5.38138E+02 -5.48773E-04
5.39103E+02 -5.94579E-04
5.40067E+02 -2.01281E-04
5.41032E+02 -3.11509E-04
5.41996E+02 -7.65551E-04
5.42960E+02 -5.93778E-04
5.43925E+02 -5.48214E-04
5.44889E+02 -6.23595E-04
5.45854E+02 -6.38407E-04
5.46818E+02 -5.85187E-04
5.47782E+02 -5.56652E-04
5.48747E+02 -4.72944E-04
5.49711E+02 -2.43399E-04
5.50676E+02 -1.71330E-04
5.51640E+02 -3.82219E-04
5.52604E+02 -3.36502E-04
5.53569E+02 1.90698E-05
5.54533E+02 -1.39758E-04
5.55498E+02 -5.63022E-04
5.56462E+02 -5.31413E-04
5.57427E+02 -3.82323E-04
5.58391E+02 -2.58889E-04
5.59355E+02 -2.29541E-04
5.60320E+02 -2.39618E-04
5.61284E+02 -1.39173E-04
5.62249E+02 -2.74904E-04
5.63213E+02 -2.83577E-04
5.64177E+02 -3.94396E-05
5.65142E+02 8.50707E-05
5.66106E+02 -1.66520E-05
5.67071E+02 -5.78873E-05
5.68035E+02 2.91541E-05
5.68999E+02 2.76156E-05
5.69964E+02 1.29029E-04
5.70928E+02 1.57904E-04
5.71893E+02 1.70223E-04
5.72857E+02 8.83304E-05
5.73821E+02 7.37198E-05
5.74786E+02 -3.61335E-04
5.75750E+02 -1.21777E-03
5.76715E+02 -5.69906E-04
5.77679E+02 1.34267E-04
5.78643E+02 9.34079E-05
5.79608E+02 1.38272E-04
5.80572E+02 1.35601E-04
5.81537E+02 1.89841E-04
5.82501E+02 2.62935E-04
5.83465E+02 2.84646E-04
5.84430E+02 2.52184E-04
5.85394E+02 3.47190E-04
5.86359E+02 5.40871E-04
5.87323E+02 6.49892E-04
5.88287E+02 5.22908E-04
5.89252E+02 3.86741E-04
5.90216E+02 5.66266E-04
5.91181E+02 7.34631E-04
5.92145E+02 7.32973E-04
5.93109E+02 7.78027E-04
5.94074E+02 8.16774E-04
5.95038E+02 7.57080E-04
5.96003E+02 1.38005E-03
5.96967E+02 1.66874E-03
5.97932E+02 1.00486E-03
5.98896E+02 8.11450E-04
5.99860E+02 8.59518E-04
6.00825E+02 9.78969E-04
6.01789E+02 1.00723E-03
6.02754E+02 9.29628E-04
6.03718E+02 7.63357E-04
6.04682E+02 9.00947E-04
6.05647E+02 1.10210E-03
6.06611E+02 1.23244E-03
6.07576E+02 1.40454E-03
6.08540E+02 1.32221E-03
6.09504E+02 1.34950E-03
6.10469E+02 1.35294E-03
6.11433E+02 1.37059E-03
6.12398E+02 1.43646E-03
6.13362E+02 1.51743E-03
6.14326E+02 1.56381E-03
6.15291E+02 1.64902E-03
6.16255E+02 1.62790E-03
6.17220E+02 1.65163E-03
6.18184E+02 2.11765E-03
6.19148E+02 2.46713E-03
6.20113E+02 2.67588E-03
6.21077E+02 2.74303E-03
6.22042E+02 2.75230E-03
6.23006E+02 2.91806E-03
6.23971E+02 3.03238E-03
6.24935E+02 3.17432E-03
6.25899E+02 3.46024E-03
6.26864E+02 3.75265E-03
6.27828E+02 4.00649E-03
6.28793E+02 4.24494E-03
6.29757E+02 4.63862E-03
6.30721E+02 5.02256E-03
6.31686E+02 5.59706E-03
6.32650E+02 6.44569E-03
6.33615E+02 6.93424E-03
6.34579E+02 7.51343E-03
6.35543E+02 8.43016E-03
6.36508E+02 9.29235E-03
6.37472E+02 1.02901E-02
6.38437E+02 1.14195E-02
6.39401E+02 1.24286E-02
6.40365E+02 1.36357E-02
6.41330E+02 1.49905E-02
6.42294E+02 1.62014E-02
6.43259E+02 1.75721E-02
6.44223E+02 1.88061E-02
6.45187E+02 1.97601E-02
6.46152E+02 2.04450E-02
6.47116E+02 2.10683E-02
6.48081E+02 2.14579E-02
6.49045E+02 2.15810E-02
6.50009E+02 2.14000E-02
6.50974E+02 2.13392E-02
6.51938E+02 2.08421E-02
6.52903E+02 2.04042E-02
6.53867E+02 2.24437E-02
6.54831E+02 2.44067E-02
6.55796E+02 2.52844E-02
6.56760E+02 2.57624E-02
6.57725E+02 2.55120E-02
6.58689E+02 2.49835E-02
6.59654E+02 2.43446E-02
6.60618E+02 2.29387E-02
6.61582E+02 2.10357E-02
6.62547E+02 1.93197E-02
6.63511E+02 1.74742E-02
6.64476E+02 1.54182E-02
6.65440E+02 1.32734E-02
6.66404E+02 1.12049E-02
6.67369E+02 9.50089E-03
6.68333E+02 7.84358E-03
6.69298E+02 6.14491E-03
6.70262E+02 4.72008E-03
6.71226E+02 3.48359E-03
6.72191E+02 2.63373E-03
6.73155E+02 2.39378E-03
6.74120E+02 2.21713E-03
6.75084E+02 1.87966E-03
6.76048E+02 1.72343E-03
6.77013E+02 1.68269E-03
6.77977E+02 1.75338E-03
6.78942E+02 1.77407E-03
6.79906E+02 1.72064E-03
6.80870E+02 1.70096E-03
6.81835E+02 1.76876E-03
6.82799E+02 1.81917E-03
6.83764E+02 1.69833E-03
6.84728E+02 1.70118E-03
6.85692E+02 1.82293E-03
6.86657E+02 1.89482E-03
6.87621E+02 2.06118E-03
6.88586E+02 2.12871E-03
6.89550E+02 1.93878E-03
6.90514E+02 2.04796E-03
6.91479E+02 2.18383E-03
6.92443E+02 2.19233E-03
6.93408E+02 2.24632E-03
6.94372E+02 2.51330E-03
6.95337E+02 2.57342E-03
6.96301E+02 2.53220E-03
6.97265E+02 2.67173E-03
6.98230E+02 2.98480E-03
6.99194E+02 2.92762E-03
7.00159E+02 3.53711E-03
7.01123E+02 3.19269E-03
7.02087E+02 -3.77741E-04
7.03052E+02 -8.32565E-05
7.04016E+02 1.81787E-03
7.04981E+02 1.91956E-03
7.05945E+02 2.01644E-03
7.06909E+02 2.21432E-03
7.07874E+02 2.98260E-03
7.08838E+02 2.04697E-03
7.09803E+02 1.33447E-03
7.10767E+02 1.82192E-03
7.11731E+02 1.95347E-03
7.12696E+02 2.18972E-03
7.13660E+02 2.36870E-03
7.14625E+02 2.38043E-03
7.15589E+02 2.48268E-03
7.16553E+02 2.57536E-03
7.17518E+02 2.56054E-03
7.18482E+02 2.51656E-03
7.19447E+02 2.52706E-03
7.20411E+02 2.67912E-03
7.21375E+02 2.77924E-03
7.22340E+02 2.67034E-03
7.23304E+02 2.69604E-03
7.24269E+02 2.83036E-03
7.25233E+02 2.86211E-03
7.26198E+02 2.84925E-03
7.27162E+02 2.87145E-03
7.28126E+02 2.91953E-03
7.29091E+02 2.93286E-03
7.30055E+02 2.97345E-03
7.31020E+02 2.99205E-03
7.31984E+02 2.92365E-03
7.32948E+02 2.91586E-03
7.33913E+02 2.93697E-03
7.34877E+02 2.96972E-03
7.35842E+02 2.97055E-03
7.36806E+02 2.98600E-03
7.37770E+02 2.93992E-03
7.38735E+02 2.93776E-03
7.39699E+02 2.99192E-03
7.40664E+02 2.94784E-03
7.41628E+02 2.98956E-03
7.42592E+02 3.02298E-03
7.43557E+02 2.98183E-03
7.44521E+02 2.99583E-03
7.45486E+02 3.08477E-03
7.46450E+02 3.13286E-03
7.47414E+02 3.17175E-03
7.48379E+02 3.11915E-03
7.49343E+02 3.15866E-03
7.50308E+02 2.63547E-03
7.51272E+02 1.95251E-03
7.52236E+02 2.60102E-03
7.53201E+02 3.01288E-03
7.54165E+02 2.95392E-03
7.55130E+02 3.12246E-03
7.56094E+02 3.15890E-03
7.57058E+02 3.08885E-03
7.58023E+02 3.12712E-03
7.58987E+02 3.23022E-03
7.59952E+02 3.18332E-03
7.60916E+02 3.15921E-03
7.61880E+02 3.19224E-03
7.62845E+02 3.19849E-03
7.63809E+02 3.18681E-03
7.64774E+02 3.19454E-03
7.65738E+02 3.20223E-03
7.66703E+02 3.25727E-03
7.67667E+02 3.29880E-03
7.68631E+02 3.28694E-03
7.69596E+02 3.22377E-03
7.70560E+02 3.13571E-03
7.71525E+02 3.18716E-03
7.72489E+02 3.29624E-03
7.73453E+02 3.21319E-03
7.74418E+02 3.17588E-03
7.75382E+02 3.22314E-03
7.76347E+02 3.23072E-03
7.77311E+02 3.22286E-03
7.78275E+02 3.23215E-03
7.79240E+02 3.23340E-03
7.80204E+02 3.13036E-03
7.81169E+02 3.14366E-03
7.82133E+02 3.22873E-03
7.83097E+02 3.21679E-03
7.84062E+02 3.12425E-03
7.85026E+02 3.14047E-03
7.85991E+02 3.74677E-03
7.86955E+02 3.87562E-03
7.87919E+02 3.39495E-03
7.88884E+02 3.27782E-03
7.89848E+02 3.24470E-03
7.90813E+02 3.22866E-03
7.91777E+02 3.16570E-03
7.92742E+02 3.13667E-03
7.93706E+02 3.20667E-03
7.94670E+02 3.24230E-03
7.95635E+02 3.24515E-03
7.96599E+02 3.22793E-03
7.97564E+02 3.20588E-03
7.98528E+02 3.15491E-03
7.99492E+02 3.12386E-03
8.00457E+02 3.14157E-03
8.01421E+02 3.09864E-03
8.02386E+02 3.07263E-03
8.03350E+02 3.07266E-03
8.04314E+02 3.00986E-03
8.05279E+02 2.97545E-03
8.06243E+02 2.84027E-03
8.07208E+02 3.02373E-03
8.08172E+02 3.41847E-03
8.09136E+02 3.32822E-03
8.10101E+02 3.19906E-03
8.11065E+02 3.08236E-03
8.12030E+02 2.99375E-03
8.12994E+02 2.96917E-03
8.13958E+02 2.98205E-03
8.14923E+02 3.07592E-03
8.15887E+02 3.08769E-03
8.16852E+02 2.98213E-03
8.17816E+02 2.91444E-03
8.18780E+02 2.91478E-03
8.19745E+02 2.92292E-03
8.20709E+02 2.97530E-03
8.21674E+02 2.92853E-03
8.22638E+02 2.86854E-03
8.23602E+02 2.95635E-03
8.24567E+02 2.94189E-03
8.25531E+02 2.82858E-03
8.26496E+02 2.84780E-03
8.27460E+02 2.84584E-03
8.28424E+02 2.76535E-03
8.29389E+02 2.67971E-03
8.30353E+02 2.68612E-03
8.31318E+02 2.73051E-03
8.32282E+02 2.73098E-03
8.33247E+02 2.68808E-03
8.34211E+02 2.67483E-03
8.35175E+02 2.77146E-03
8.36140E+02 2.75835E-03
8.37104E+02 2.57014E-03
8.38069E+02 2.51212E-03
8.39033E+02 2.57947E-03
8.39997E+02 2.51755E-03
8.40962E+02 2.49908E-03
8.41926E+02 2.60688E-03
8.42891E+02 2.58504E-03
8.43855E+02 2.56136E-03
8.44819E+02 2.57146E-03
8.45784E+02 2.44500E-03
8.46748E+02 2.32590E-03
8.47713E+02 2.31620E-03
8.48677E+02 2.34933E-03
8.49641E+02 2.27858E-03
8.50606E+02 2.19227E-03
8.51570E+02 2.15106E-03
8.52535E+02 2.02997E-03
8.53499E+02 1.95645E-03
8.54463E+02 1.96087E-03
8.55428E+02 2.11525E-03
8.56392E+02 2.48316E-03
8.57357E+02 2.51336E-03
8.58321E+02 2.48805E-03
8.59286E+02 3.05706E-03
8.60250E+02 2.88156E-03
8.61214E+02 1.95274E-03
8.62179E+02 1.86228E-03
8.63143E+02 1.89605E-03
8.64108E+02 1.94100E-03
8.65072E+02 2.18179E-03
8.66036E+02 2.37463E-03
8.67001E+02 2.31282E-03
8.67965E+02 1.86026E-03
8.68930E+02 1.68090E-03
8.69894E+02 1.58774E-03
8.70858E+02 1.53198E-03
8.71823E+02 1.59403E-03
8.72787E+02 1.59986E-03
8.73752E+02 1.50414E-03
8.74716E+02 1.63262E-03
8.75680E+02 1.65285E-03
8.76645E+02 1.66099E-03
8.77609E+02 1.93282E-03
8.78574E+02 1.71066E-03
8.79538E+02 1.46342E-03
8.80502E+02 1.47177E-03
8.81467E+02 1.48909E-03
8.82431E+02 1.36609E-03
8.83396E+02 1.23497E-03
8.84360E+02 1.61502E-03
8.85324E+02 1.63737E-03
8.86289E+02 1.31820E-03
8.87253E+02 1.37374E-03
8.88218E+02 1.41348E-03
8.89182E+02 1.40063E-03
8.90146E+02 1.34577E-03
8.91111E+02 1.21213E-03
8.92075E+02 1.14346E-03
8.93040E+02 1.12353E-03
8.94004E+02 1.04413E-03
8.94969E+02 9.97271E-04
8.95933E+02 1.08801E-03
8.96897E+02 1.16381E-03
8.97862E+02 1.22138E-03
8.98826E+02 1.16860E-03
8.99791E+02 8.62788E-04
9.00755E+02 7.60272E-04
9.01719E+02 8.54149E-04
9.02684E+02 8.70638E-04
9.03648E+02 7.77368E-04
9.04613E+02 8.48956E-04
9.05577E+02 1.15216E-03
9.06541E+02 9.77032E-04
9.07506E+02 7.63845E-04
9.08470E+02 8.00777E-04
9.09435E+02 7.45356E-04
9.10399E+02 6.88888E-04
9.11363E+02 6.19195E-04
9.12328E+02 5.20729E-04
9.13292E+02 4.57685E-04
9.14257E+02 5.15919E-04
9.15221E+02 5.12701E-04
9.16185E+02 4.40255E-04
9.17150E+02 4.86352E-04
9.18114E+02 4.74337E-04
9.19079E+02 6.15858E-04
9.20043E+02 7.66635E-04
9.21007E+02 4.96175E-04
9.21972E+02 3.13777E-04
9.22936E+02 2.65725E-04
9.23901E+02 2.88203E-04
9.24865E+02 3.05060E-04
9.25829E+02 2.48075E-04
9.26794E+02 1.89066E-04
9.27758E+02 1.15532E-04
9.28723E+02 1.07091E-04
9.29687E+02 8.43853E-05
9.30651E+02 5.15617E-05
9.31616E+02 1.89990E-05
9.32580E+02 -7.29486E-05
9.33545E+02 7.27884E-05
9.34509E+02 1.83094E-04
9.35474E+02 3.26745E-05
9.36438E+02 7.78213E-06
9.37402E+02 -2.45534E-05
9.38367E+02 -8.87625E-05
9.39331E+02 -1.45059E-04
9.40296E+02 -2.48916E-04
9.41260E+02 -2.13411E-04
9.42224E+02 -8.54321E-05
9.43189E+02 -9.62801E-05
9.44153E+02 -1.23363E-04
9.45118E+02 -1.44918E-04
9.46082E+02 -1.63574E-04
9.47046E+02 -1.42787E-04
9.48011E+02 -3.00594E-04
9.48975E+02 -3.99508E-04
9.49940E+02 -3.61819E-04
9.50904E+02 -3.18754E-04
9.51868E+02 -2.88133E-04
9.52833E+02 -3.22871E-04
9.53797E+02 -3.49652E-04
9.54762E+02 -5.06293E-04
9.55726E+02 -5.72804E-04
9.56690E+02 -5.04062E-04
9.57655E+02 -4.75489E-04
9.58619E+02 -4.35717E-04
9.59584E+02 -4.48044E-04
9.60548E+02 -4.01594E-04
9.61513E+02 -3.38726E-04
9.62477E+02 -5.27330E-04
9.63441E+02 -6.07464E-04
9.64406E+02 -5.70916E-04
9.65370E+02 -6.07133E-04
9.66335E+02 -6.49605E-04
9.67299E+02 -7.16403E-04
9.68263E+02 -6.93209E-04
9.69228E+02 -5.74768E-04
9.70192E+02 -5.25285E-04
9.71157E+02 -5.62701E-04
9.72121E+02 -6.23330E-04
9.73085E+02 -6.43313E-04
9.74050E+02 -6.28624E-04
9.75014E+02 -5.66963E-04
9.75979E+02 -6.03776E-04
9.76943E+02 -7.46828E-04
9.77907E+02 -6.96152E-04
9.78872E+02 -6.36868E-04
9.79836E+02 -5.95130E-04
9.80801E+02 -6.15399E-04
9.81765E+02 -5.38610E-04
9.82729E+02 -5.02180E-04
9.83694E+02 -7.49391E-04
9.84658E+02 -7.70941E-04
9.85623E+02 -7.12976E-04
9.86587E+02 -6.56620E-04
9.87551E+02 -6.93962E-04
9.88516E+02 -7.21335E-04
9.89480E+02 -4.02760E-04
9.90445E+02 -4.07156E-04
9.91409E+02 -5.51891E-04
9.92373E+02 -4.09119E-04
9.93338E+02 -3.62072E-04
9.94302E+02 -1.99307E-04
9.95267E+02 -1.15976E-04
9.96231E+02 1.97250E-04
9.97195E+02 1.03667E-03
9.98160E+02 1.33686E-03
9.99124E+02 1.56057E-03
1.00009E+03 2.11275E-03
1.00105E+03 2.66005E-03
1.00202E+03 3.31197E-03
1.00298E+03 3.98928E-03
1.00395E+03 4.44516E-03
1.00491E+03 5.26285E-03
1.00588E+03 6.32647E-03
1.00684E+03 7.22595E-03
1.00780E+03 8.19134E-03
1.00877E+03 9.11729E-03
1.00973E+03 1.00188E-02
1.01070E+03 1.11361E-02
1.01166E+03 1.22388E-02
1.01263E+03 1.30713E-02
1.01359E+03 1.39668E-02
1.01455E+03 1.50328E-02
1.01552E+03 1.61474E-02
1.01648E+03 1.72611E-02
1.01745E+03 1.80322E-02
1.01841E+03 1.90126E-02
1.01938E+03 2.03060E-02
1.02034E+03 2.12738E-02
1.02131E+03 2.21187E-02
1.02227E+03 2.27602E-02
1.02323E+03 2.33358E-02
1.02420E+03 2.35175E-02
1.02516E+03 2.32568E-02
1.02613E+03 2.32909E-02
1.02709E+03 2.33157E-02
1.02806E+03 2.30573E-02
1.02902E+03 2.26754E-02
1.02999E+03 2.21206E-02
1.03095E+03 2.14341E-02
1.03191E+03 2.02487E-02
1.03288E+03 1.92140E-02
1.03384E+03 1.84213E-02
1.03481E+03 1.73994E-02
1.03577E+03 1.62894E-02
1.03674E+03 1.51746E-02
1.03770E+03 1.37477E-02
1.03866E+03 1.21537E-02
1.03963E+03 1.13395E-02
1.04059E+03 1.04617E-02
1.04156E+03 9.21301E-03
1.04252E+03 8.01405E-03
1.04349E+03 6.76978E-03
1.04445E+03 5.68092E-03
1.04542E+03 4.69683E-03
1.04638E+03 3.70239E-03
1.04734E+03 2.81388E-03
1.04831E+03 2.14839E-03
1.04927E+03 1.59039E-03
1.05024E+03 1.01607E-03
1.05120E+03 5.00500E-04
1.05217E+03 1.06789E-04
1.05313E+03 -2.01851E-04
1.05410E+03 -3.49715E-04
1.05506E+03 -3.96736E-04
1.05602E+03 -5.03510E-04
1.05699E+03 -5.93804E-04
1.05795E+03 -6.57570E-04
1.05892E+03 -5.42819E-04
1.05988E+03 -3.99627E-04
1.06085E+03 -6.91202E-04
1.06181E+03 -7.98523E-04
1.06278E+03 -7.20855E-04
1.06374E+03 -7.72804E-04
1.06470E+03 -7.88011E-04
1.06567E+03 -7.79990E-04
1.06663E+03 -8.86343E-04
1.06760E+03 -8.79515E-04
1.06856E+03 -7.67287E-04
1.06953E+03 -8.02074E-04
1.07049E+03 -7.62250E-04
1.07145E+03 -7.33487E-04
1.07242E+03 -5.23120E-04
1.07338E+03 -4.34469E-04
1.07435E+03 -1.05716E-03
1.07531E+03 -1.18851E-03
1.07628E+03 -1.01736E-03
1.07724E+03 -1.08330E-03
1.07821E+03 -1.03289E-03
1.07917E+03 -1.00618E-03
1.08013E+03 -1.02564E-03
1.08110E+03 -9.57668E-04
1.08206E+03 -7.96255E-04
1.08303E+03 -8.37572E-04
1.08399E+03 -9.04948E-04
1.08496E+03 -8.12270E-04
1.08592E+03 -7.80169E-04
1.08689E+03 -7.77639E-04
1.08785E+03 -7.42074E-04
1.08881E+03 -9.05082E-04
1.08978E+03 -9.73631E-04
1.09074E+03 -9.59307E-04
1.09171E+03 -9.34869E-04
1.09267E+03 -8.07531E-04
1.09364E+03 -8.34014E-04
1.09460E+03 -6.02417E-04
1.09556E+03 -3.48739E-04
1.09653E+03 -6.63526E-04
1.09749E+03 -7.30444E-04
1.09846E+03 -6.29764E-04
1.09942E+03 -5.64534E-04
1.10039E+03 -4.40102E-04
1.10135E+03 -3.98889E-04
1.10232E+03 -4.62919E-04
1.10328E+03 -4.17344E-04
1.10424E+03 -1.90455E-04
1.10521E+03 -8.07606E-05
1.10617E+03 9.67085E-06
1.10714E+03 1.68279E-04
1.10810E+03 2.42896E-04
1.10907E+03 4.21856E-04
1.11003E+03 6.68772E-04
1.11100E+03 7.84215E-04
1.11196E+03 9.74741E-04
1.11292E+03 1.10370E-03
1.11389E+03 1.21151E-03
1.11485E+03 1.33343E-03
1.11582E+03 1.47619E-03
1.11678E+03 1.56558E-03
1.11775E+03 1.55041E-03
1.11871E+03 1.53551E-03
1.11968E+03 1.53071E-03
1.12064E+03 1.59315E-03
1.12160E+03 1.65373E-03
1.12257E+03 1.73679E-03
1.12353E+03 1.77266E-03
1.12450E+03 1.78017E-03
1.12546E+03 1.76448E-03
1.12643E+03 1.72386E-03
1.12739E+03 1.73778E-03
1.12835E+03 1.71999E-03
1.12932E+03 1.64760E-03
1.13028E+03 1.63699E-03
1.13125E+03 1.66886E-03
1.13221E+03 1.53685E-03
1.13318E+03 1.35670E-03
1.13414E+03 1.28360E-03
1.13511E+03 1.18654E-03
1.13607E+03 1.04003E-03
1.13703E+03 8.20529E-04
1.13800E+03 5.73281E-04
1.13896E+03 4.26408E-04
1.13993E+03 2.91765E-04
1.14089E+03 1.01723E-04
1.14186E+03 -5.97276E-05
1.14282E+03 -1.89692E-04
1.14379E+03 -3.61368E-04
1.14475E+03 -5.37205E-04
1.14571E+03 -6.25499E-04
1.14668E+03 -6.57424E-04
1.14764E+03 -6.52920E-04
1.14861E+03 -6.49787E-04
1.14957E+03 -7.23578E-04
1.15054E+03 -8.74922E-04
1.15150E+03 -8.28262E-04
1.15246E+03 -6.83457E-04
1.15343E+03 -6.49448E-04
1.15439E+03 -6.82067E-04
1.15536E+03 -6.99796E-04
1.15632E+03 -6.43454E-04
1.15729E+03 -5.76761E-04
1.15825E+03 -5.04903E-04
1.15922E+03 -5.05708E-04
1.16018E+03 -5.28283E-04
1.16114E+03 -5.38461E-04
1.16211E+03 -5.77446E-04
1.16307E+03 -5.87329E-04
1.16404E+03 -6.46345E-04
1.16500E+03 -7.11191E-04
1.16597E+03 -7.07865E-04
1.16693E+03 -7.36799E-04
1.16790E+03 -7.51674E-04
1.16886E+03 -7.68337E-04
1.16982E+03 -7.89773E-04
1.17079E+03 -8.12516E-04
1.17175E+03 -8.27856E-04
1.17272E+03 -8.19102E-04
1.17368E+03 -8.19206E-04
1.17465E+03 -8.15947E-04
1.17561E+03 -8.23651E-04
1.17657E+03 -8.56020E-04
1.17754E+03 -8.89588E-04
1.17850E+03 -8.94096E-04
1.17947E+03 -8.68276E-04
1.18043E+03 -8.48312E-04
1.18140E+03 -8.74467E-04
1.18236E+03 -8.60699E-04
1.18333E+03 -8.49128E-04
1.18429E+03 -8.81247E-04
1.18525E+03 -8.72388E-04
1.18622E+03 -8.14658E-04
1.18718E+03 -8.40783E-04
1.18815E+03 -8.64312E-04
1.18911E+03 -8.48461E-04
1.19008E+03 -8.49936E-04
1.19104E+03 -8.43108E-04
1.19201E+03 -8.60509E-04
1.19297E+03 -8.81638E-04
1.19393E+03 -8.64390E-04
1.19490E+03 -8.56917E-04
1.19586E+03 -9.00909E-04
1.19683E+03 -8.89286E-04
1.19779E+03 -8.45369E-04
1.19876E+03 -8.30088E-04
1.19972E+03 -8.36294E-04
1.20069E+03 -8.28430E-04
1.20165E+03 -7.92373E-04
1.20261E+03 -7.86729E-04
1.20358E+03 -8.26068E-04
1.20454E+03 -8.22600E-04
1.20551E+03 -7.97994E-04
1.20647E+03 -7.97879E-04
1.20744E+03 -8.23010E-04
1.20840E+03 -8.73845E-04
1.20936E+03 -8.61619E-04
1.21033E+03 -8.25398E-04
1.21129E+03 -7.86841E-04
1.21226E+03 -7.89333E-04
1.21322E+03 -8.17865E-04
1.21419E+03 -8.14304E-04
1.21515E+03 -7.80750E-04
1.21612E+03 -7.58681E-04
1.21708E+03 -7.57292E-04
1.21804E+03 -8.29231E-04
1.21901E+03 -8.17336E-04
1.21997E+03 -8.17012E-04
1.22094E+03 -8.42925E-04
1.22190E+03 -7.82464E-04
1.22287E+03 -7.30831E-04
1.22383E+03 -7.52091E-04
1.22480E+03 -7.74946E-04
1.22576E+03 -7.76824E-04
1.22672E+03 -7.17118E-04
1.22769E+03 -7.30257E-04
1.22865E+03 -7.21741E-04
1.22962E+03 -6.94100E-04
1.23058E+03 -5.21373E-04
1.23155E+03 -6.03519E-04
1.23251E+03 -3.57140E-04
1.23347E+03 -2.07697E-03
1.23444E+03 -3.78972E-03
1.23540E+03 -1.32419E-03
1.23637E+03 -1.97507E-04
1.23733E+03 -4.41037E-04
1.23830E+03 -3.67526E-04
1.23926E+03 -5.20695E-04
1.24023E+03 -5.60619E-04
1.24119E+03 -7.25683E-04
1.24215E+03 -6.74330E-04
1.24312E+03 -6.40828E-04
1.24408E+03 -6.74210E-04
1.24505E+03 -6.44784E-04
1.24601E+03 -6.68582E-04
1.24698E+03 -7.31576E-04
1.24794E+03 -7.51201E-04
1.24891E+03 -7.78154E-04
1.24987E+03 -7.50598E-04
1.25083E+03 -7.16053E-04
1.25180E+03 -7.12331E-04
1.25276E+03 -7.09005E-04
1.25373E+03 -6.42255E-04
1.25469E+03 -6.54105E-04
1.25566E+03 -7.00880E-04
1.25662E+03 -6.62599E-04
1.25759E+03 -6.16640E-04
1.25855E+03 -6.58199E-04
1.25951E+03 -6.58065E-04
1.26048E+03 -6.42665E-04
1.26144E+03 -6.44252E-04
1.26241E+03 -6.45064E-04
1.26337E+03 -6.19851E-04
1.26434E+03 -5.84636E-04
1.26530E+03 -6.33005E-04
1.26626E+03 -6.45012E-04
1.26723E+03 -6.42918E-04
1.26819E+03 -6.35665E-04
1.26916E+03 -6.38794E-04
1.27012E+03 -6.46967E-04
1.27109E+03 -6.30319E-04
1.27205E+03 -6.50845E-04
1.27302E+03 -6.58765E-04
1.27398E+03 -6.45909E-04
1.27494E+03 -6.74628E-04
1.27591E+03 -6.80216E-04
1.27687E+03 -6.29455E-04
1.27784E+03 -6.29529E-04
1.27880E+03 -6.70459E-04
1.27977E+03 -6.83226E-04
1.28073E+03 -6.82406E-04
1.28170E+03 -6.65911E-04
1.28266E+03 -6.28248E-04
1.28362E+03 -6.34719E-04
1.28459E+03 -6.21058E-04
1.28555E+03 -5.92124E-04
1.28652E+03 -5.73236E-04
1.28748E+03 -5.94068E-04
1.28845E+03 -6.04510E-04
1.28941E+03 -5.78176E-04
1.29037E+03 -5.62061E-04
1.29134E+03 -6.00055E-04
1.29230E+03 -6.11063E-04
1.29327E+03 -5.65767E-04
1.29423E+03 -5.53221E-04
1.29520E+03 -5.87586E-04
1.29616E+03 -5.97440E-04
1.29713E+03 -5.71813E-04
1.29809E+03 -5.69660E-04
1.29905E+03 -5.51164E-04
1.30002E+03 -5.67697E-04
1.30098E+03 -5.91651E-04
1.30195E+03 -5.52844E-04
1.30291E+03 -5.42611E-04
1.30388E+03 -5.65488E-04
1.30484E+03 -5.70599E-04
1.30581E+03 -5.71497E-04
1.30677E+03 -5.50192E-04
1.30773E+03 -5.25486E-04
1.30870E+03 -5.27348E-04
1.30966E+03 -5.20233E-04
1.31063E+03 -5.35481E-04
1.31159E+03 -5.20378E-04
1.31256E+03 -5.03436E-04
1.31352E+03 -4.89458E-04
1.31448E+03 -4.82496E-04
1.31545E+03 -5.01595E-04
1.31641E+03 -5.05615E-04
1.31738E+03 -5.31711E-04
1.31834E+03 -5.67812E-04
1.31931E+03 -5.48016E-04
1.32027E+03 -5.11523E-04
1.32124E+03 -5.13677E-04
1.32220E+03 -5.12209E-04
1.32316E+03 -4.82548E-04
1.32413E+03 -4.88702E-04
1.32509E+03 -5.09810E-04
1.32606E+03 -4.57730E-04
1.32702E+03 -4.71596E-04
1.32799E+03 -5.26749E-04
1.32895E+03 -4.98522E-04
1.32992E+03 -4.71972E-04
1.33088E+03 -4.70337E-04
1.33184E+03 -4.74758E-04
1.33281E+03 -4.38880E-04
1.33377E+03 -3.89621E-04
1.33474E+03 -3.99996E-04
1.33570E+03 -4.08348E-04
1.33667E+03 -4.11883E-04
1.33763E+03 -4.38951E-04
1.33860E+03 -4.77247E-04
1.33956E+03 -5.53004E-04
1.34052E+03 -6.38440E-04
1.34149E+03 -6.87189E-04
1.34245E+03 -7.31450E-04
1.34342E+03 -9.27191E-04
1.34438E+03 -8.59097E-04
1.34535E+03 -4.98280E-04
1.34631E+03 -3.79540E-04
1.34727E+03 -4.20567E-04
1.34824E+03 -4.86463E-04
1.34920E+03 -6.91354E-04
1.35017E+03 -8.47761E-04
1.35113E+03 -5.56473E-04
1.35210E+03 -2.74535E-04
1.35306E+03 -3.68074E-04
1.35403E+03 -5.13904E-04
1.35499E+03 -5.20691E-04
1.35595E+03 -4.67051E-04
1.35692E+03 -4.34075E-04
1.35788E+03 -3.67757E-04
1.35885E+03 -2.70009E-04
1.35981E+03 -2.27213E-04
1.36078E+03 -1.51437E-04
1.36174E+03 -7.00764E-05
1.36271E+03 -5.99958E-05
1.36367E+03 -8.75816E-05
1.36463E+03 -9.89884E-05
1.36560E+03 -9.75542E-05
1.36656E+03 -1.22234E-04
1.36753E+03 -1.28400E-04
1.36849E+03 -1.24618E-04
1.36946E+03 -6.20000E-05
1.37042E+03 -4.24571E-05
1.37138E+03 -8.93697E-06
1.37235E+03 7.57873E-05
1.37331E+03 1.14024E-04
1.37428E+03 1.55307E-04
1.37524E+03 1.79920E-04
1.37621E+03 2.03390E-04
1.37717E+03 2.59440E-04
1.37814E+03 3.05600E-04
1.37910E+03 3.51682E-04
1.38006E+03 3.84763E-04
1.38103E+03 3.92441E-04
1.38199E+03 3.13953E-04
1.38296E+03 1.22949E-04
1.38392E+03 7.79107E-05
1.38489E+03 1.36059E-04
1.38585E+03 1.78542E-04
1.38682E+03 2.30264E-04
1.38778E+03 3.22141E-04
1.38874E+03 3.97999E-04
1.38971E+03 4.37275E-04
1.39067E+03 4.81494E-04
1.39164E+03 5.38744E-04
1.39260E+03 6.18499E-04
1.39357E+03 6.72985E-04
1.39453E+03 7.27247E-04
1.39550E+03 8.04786E-04
1.39646E+03 9.64556E-04
1.39742E+03 1.05185E-03
1.39839E+03 1.08382E-03
1.39935E+03 1.16638E-03
1.40032E+03 1.24609E-03
1.40128E+03 1.42943E-03
1.40225E+03 1.49378E-03
1.40321E+03 1.45948E-03
1.40417E+03 1.70213E-03
1.40514E+03 1.80931E-03
1.40610E+03 1.76589E-03
1.40707E+03 1.85692E-03
1.40803E+03 1.95029E-03
1.40900E+03 2.02985E-03
1.40996E+03 2.03730E-03
1.41093E+03 2.05454E-03
1.41189E+03 2.09317E-03
1.41285E+03 2.11092E-03
1.41382E+03 2.14063E-03
1.41478E+03 2.20301E-03
1.41575E+03 2.28807E-03
1.41671E+03 2.31373E-03
1.41768E+03 2.31837E-03
1.41864E+03 2.36041E-03
1.41961E+03 2.40226E-03
1.42057E+03 2.37236E-03
1.42153E+03 2.35103E-03
1.42250E+03 2.39105E-03
1.42346E+03 2.43513E-03
1.42443E+03 2.49236E-03
1.42539E+03 2.46544E-03
1.42636E+03 2.43890E-03
1.42732E+03 2.45332E-03
1.42828E+03 2.47486E-03
1.42925E+03 2.48247E-03
1.43021E+03 2.45876E-03
1.43118E+03 2.47350E-03
1.43214E+03 2.42506E-03
1.43311E+03 2.36916E-03
1.43407E+03 2.41538E-03
1.43504E+03 2.42306E-03
1.43600E+03 2.41502E-03
1.43696E+03 2.43659E-03
1.43793E+03 2.42592E-03
1.43889E+03 2.39127E-03
1.43986E+03 2.42939E-03
1.44082E+03 2.53117E-03
1.44179E+03 2.62487E-03
1.44275E+03 2.73334E-03
1.44372E+03 2.82688E-03
1.44468E+03 2.91592E-03
1.44564E+03 2.96376E-03
1.44661E+03 2.98058E-03
1.44757E+03 3.02341E-03
1.44854E+03 3.09609E-03
1.44950E+03 3.15584E-03
1.45047E+03 3.16150E-03
1.45143E+03 3.16948E-03
1.45240E+03 3.22000E-03
1.45336E+03 3.27827E-03
1.45432E+03 3.30655E-03
1.45529E+03 3.35986E-03
1.45625E+03 3.48465E-03
1.45722E+03 3.59543E-03
1.45818E+03 3.68271E-03
1.45915E+03 3.78114E-03
1.46011E+03 3.83641E-03
1.46107E+03 3.90157E-03
1.46204E+03 3.99550E-03
1.46300E+03 4.00467E-03
1.46397E+03 3.94249E-03
1.46493E+03 3.88437E-03
1.46590E+03 3.81156E-03
1.46686E+03 3.68093E-03
1.46783E+03 3.49440E-03
1.46879E+03 3.34221E-03
1.46975E+03 3.23118E-03
1.47072E+03 3.17141E-03
1.47168E+03 3.23855E-03
1.47265E+03 3.40132E-03
1.47361E+03 3.60862E-03
1.47458E+03 3.80804E-03
1.47554E+03 3.94158E-03
1.47651E+03 3.99400E-03
1.47747E+03 3.99470E-03
1.47843E+03 3.92052E-03
1.47940E+03 3.75324E-03
1.48036E+03 3.56010E-03
1.48133E+03 3.35884E-03
1.48229E+03 3.14453E-03
1.48326E+03 2.90530E-03
1.48422E+03 2.65642E-03
1.48518E+03 2.42490E-03
1.48615E+03 2.21253E-03
1.48711E+03 2.03567E-03
1.48808E+03 1.86123E-03
1.48904E+03 1.70778E-03
1.49001E+03 1.59885E-03
1.49097E+03 1.42807E-03
1.49194E+03 1.25949E-03
1.49290E+03 1.15522E-03
1.49386E+03 1.08751E-03
1.49483E+03 1.01700E-03
1.49579E+03 9.34608E-04
1.49676E+03 8.51009E-04
1.49772E+03 7.48809E-04
1.49869E+03 6.94159E-04
1.49965E+03 6.49355E-04
1.50062E+03 5.89628E-04
1.50158E+03 5.39441E-04
1.50254E+03 4.78465E-04
1.50351E+03 4.29161E-04
1.50447E+03 3.57132E-04
1.50544E+03 3.11207E-04
1.50640E+03 3.12716E-04
1.50737E+03 2.75124E-04
1.50833E+03 1.85560E-04
1.50929E+03 1.10228E-04
1.51026E+03 1.05310E-04
1.51122E+03 9.86680E-05
1.51219E+03 6.18994E-05
1.51315E+03 2.64198E-05
1.51412E+03 1.67936E-05
1.51508E+03 -9.57027E-06
1.51605E+03 -3.84636E-05
1.51701E+03 -5.47320E-05
1.51797E+03 -8.71979E-05
1.51894E+03 -9.71667E-05
1.51990E+03 -8.53240E-05
1.52087E+03 -1.07624E-04
1.52183E+03 -1.37303E-04
1.52280E+03 -1.15678E-04
1.52376E+03 -9.79528E-05
1.52473E+03 -1.23706E-04
1.52569E+03 -1.48036E-04
1.52665E+03 -1.59334E-04
1.52762E+03 -1.48643E-04
1.52858E+03 -1.43312E-04
1.52955E+03 -1.84663E-04
1.53051E+03 -2.17751E-04
1.53148E+03 -2.08572E-04
1.53244E+03 -2.09235E-04
1.53341E+03 -2.10926E-04
1.53437E+03 -2.06206E-04
1.53533E+03 -2.39074E-04
1.53630E+03 -2.36887E-04
1.53726E+03 -2.20757E-04
1.53823E+03 -2.15270E-04
1.53919E+03 -1.95991E-04
1.54016E+03 -2.17836E-04
1.54112E+03 -2.42248E-04
1.54208E+03 -2.66034E-04
1.54305E+03 -2.90405E-04
1.54401E+03 -2.73861E-04
1.54498E+03 -2.14830E-04
1.54594E+03 -2.18712E-04
1.54691E+03 -2.55853E-04
1.54787E+03 -2.71562E-04
1.54884E+03 -3.07884E-04
1.54980E+03 -3.02974E-04
1.55076E+03 -2.65714E-04
1.55173E+03 -2.76431E-04
1.55269E+03 -3.06714E-04
1.55366E+03 -2.88643E-04
1.55462E+03 -2.36191E-04
1.55559E+03 -2.53215E-04
1.55655E+03 -2.88233E-04
1.55752E+03 -2.50254E-04
1.55848E+03 -2.19602E-04
1.55944E+03 -1.97858E-04
1.56041E+03 -2.10419E-04
1.56137E+03 -2.73980E-04
1.56234E+03 -3.00311E-04
1.56330E+03 -2.97174E-04
1.56427E+03 -3.17086E-04
1.56523E+03 -3.39370E-04
1.56619E+03 -3.61927E-04
1.56716E+03 -4.23513E-04
1.56812E+03 -4.62927E-04
1.56909E+03 -4.10121E-04
1.57005E+03 -3.77182E-04
1.57102E+03 -3.75044E-04
1.57198E+03 -3.81973E-04
1.57295E+03 -3.94613E-04
1.57391E+03 -3.65078E-04
1.57487E+03 -3.45211E-04
1.57584E+03 -3.15648E-04
1.57680E+03 -3.44343E-04
1.57777E+03 -4.25041E-04
1.57873E+03 -4.38128E-04
1.57970E+03 -4.07346E-04
1.58066E+03 -3.94017E-04
1.58163E+03 -4.29161E-04
1.58259E+03 -4.51274E-04
1.58355E+03 -4.81483E-04
1.58452E+03 -5.09582E-04
1.58548E+03 -4.95177E-04
1.58645E+03 -4.82224E-04
1.58741E+03 -4.55908E-04
1.58838E+03 -4.56605E-04
1.58934E+03 -4.99588E-04
1.59031E+03 -5.11825E-04
1.59127E+03 -4.78003E-04
1.59223E+03 -4.67449E-04
1.59320E+03 -4.67267E-04
1.59416E+03 -4.73425E-04
1.59513E+03 -4.92755E-04
1.59609E+03 -5.07474E-04
1.59706E+03 -4.94365E-04
1.59802E+03 -4.73753E-04
1.59898E+03 -5.07709E-04
1.59995E+03 -5.54319E-04
1.60091E+03 -5.39202E-04
1.60188E+03 -5.05738E-04
1.60284E+03 -5.17357E-04
1.60381E+03 -5.42507E-04
1.60477E+03 -5.53921E-04
1.60574E+03 -5.71579E-04
1.60670E+03 -5.87404E-04
1.60766E+03 -5.70413E-04
1.60863E+03 -5.58179E-04
1.60959E+03 -5.34762E-04
1.61056E+03 -5.21958E-04
1.61152E+03 -5.54960E-04
1.61249E+03 -5.44764E-04
1.61345E+03 -5.57996E-04
1.61442E+03 -5.78914E-04
1.61538E+03 -5.19581E-04
1.61634E+03 -4.56035E-04
1.61731E+03 -4.45440E-04
1.61827E+03 -5.20941E-04
1.61924E+03 -5.66181E-04
1.62020E+03 -5.44831E-04
1.62117E+03 -5.26581E-04
1.62213E+03 -5.11754E-04
1.62309E+03 -5.01696E-04
1.62406E+03 -5.08212E-04
1.62502E+03 -5.22912E-04
1.62599E+03 -4.93053E-04
1.62695E+03 -4.51870E-04
1.62792E+03 -4.48365E-04
1.62888E+03 -4.55100E-04
1.62985E+03 -4.50991E-04
1.63081E+03 -4.27339E-04
1.63177E+03 -4.28714E-04
1.63274E+03 -3.92858E-04
1.63370E+03 -3.43826E-04
1.63467E+03 -3.01063E-04
1.63563E+03 -2.28610E-04
1.63660E+03 -2.19457E-04
1.63756E+03 -2.30253E-04
1.63853E+03 -2.27887E-04
1.63949E+03 -1.81805E-04
1.64045E+03 -1.47332E-04
1.64142E+03 -1.45078E-04
1.64238E+03 -1.35336E-04
1.64335E+03 -1.19720E-04
1.64431E+03 -9.64142E-05
1.64528E+03 -8.29026E-05
1.64624E+03 -5.37299E-05
1.64720E+03 -5.87739E-05
1.64817E+03 -9.91710E-05
1.64913E+03 -5.41657E-05
1.65010E+03 1.28560E-05
1.65106E+03 1.05985E-05
1.65203E+03 2.20388E-05
1.65299E+03 5.51865E-05
1.65396E+03 3.40529E-05
1.65492E+03 3.87803E-06
1.65588E+03 -2.53767E-05
1.65685E+03 -5.89453E-05
1.65781E+03 -7.13766E-05
1.65878E+03 -7.49193E-05
1.65974E+03 -4.69014E-05
1.66071E+03 -3.07970E-05
1.66167E+03 -5.17443E-05
1.66264E+03 -2.75373E-05
1.66360E+03 3.85568E-05
1.66456E+03 -3.84077E-06
1.66553E+03 -8.28430E-05
1.66649E+03 -6.21863E-05
1.66746E+03 -3.13632E-05
1.66842E+03 -2.83457E-05
1.66939E+03 -1.48267E-06
1.67035E+03 9.66340E-06
1.67132E+03 -6.65188E-05
1.67228E+03 -1.07553E-04
1.67324E+03 -9.20109E-05
1.67421E+03 -7.95871E-05
1.67517E+03 -4.79817E-05
1.67614E+03 -9.23611E-05
1.67710E+03 -1.32311E-04
1.67807E+03 -1.08048E-04
1.67903E+03 -9.00328E-05
1.67999E+03 -9.59635E-05
1.68096E+03 -1.27401E-04
1.68192E+03 -1.40816E-04
1.68289E+03 -1.43290E-04
1.68385E+03 -1.30638E-04
1.68482E+03 -9.91188E-05
1.68578E+03 -1.38137E-04
1.68675E+03 -2.02283E-04
1.68771E+03 -2.43045E-04
1.68867E+03 -2.66083E-04
1.68964E+03 -2.74971E-04
1.69060E+03 -3.03458E-04
1.69157E+03 -3.26872E-04
1.69253E+03 -3.41330E-04
1.69350E+03 -3.68193E-04
1.69446E+03 -4.08784E-04
1.69543E+03 -3.83712E-04
1.69639E+03 -4.10419E-04
1.69735E+03 -5.01048E-04
1.69832E+03 -5.47752E-04
1.69928E+03 -5.54617E-04
1.70025E+03 -5.16370E-04
1.70121E+03 -5.35097E-04
1.70218E+03 -5.91651E-04
1.70314E+03 -6.33560E-04
1.70410E+03 -6.60162E-04
1.70507E+03 -7.20296E-04
1.70603E+03 -7.54505E-04
1.70700E+03 -7.57743E-04
1.70796E+03 -7.86956E-04
1.70893E+03 -8.17116E-04
1.70989E+03 -8.61164E-04
1.71086E+03 -8.81631E-04
1.71182E+03 -8.84324E-04
1.71278E+03 -8.69576E-04
1.71375E+03 -8.86265E-04
1.71471E+03 -9.03953E-04
1.71568E+03 -9.17669E-04
1.71664E+03 -9.37339E-04
1.71761E+03 -9.29598E-04
1.71857E+03 -9.57351E-04
1.71954E+03 -1.01225E-03
1.72050E+03 -1.05752E-03
1.72146E+03 -1.06205E-03
1.72243E+03 -1.10506E-03
1.72339E+03 -1.19937E-03
1.72436E+03 -1.18948E-03
1.72532E+03 -1.17843E-03
1.72629E+03 -1.21228E-03
1.72725E+03 -1.20451E-03
1.72822E+03 -1.23160E-03
1.72918E+03 -1.25817E-03
1.73014E+03 -1.36075E-03
1.73111E+03 -1.20597E-03
1.73207E+03 -1.04054E-03
1.73304E+03 -1.11777E-03
1.73400E+03 -1.14518E-03
1.73497E+03 -1.17775E-03
1.73593E+03 -1.18947E-03
1.73689E+03 -1.21943E-03
1.73786E+03 -1.23394E-03
1.73882E+03 -1.30455E-03
1.73979E+03 -1.36201E-03
1.74075E+03 -1.34983E-03
1.74172E+03 -1.35471E-03
1.74268E+03 -1.37708E-03
1.74365E+03 -1.37585E-03
1.74461E+03 -1.38405E-03
1.74557E+03 -1.37595E-03
1.74654E+03 -1.33482E-03
1.74750E+03 -1.31121E-03
1.74847E+03 -1.33209E-03
1.74943E+03 -1.37357E-03
1.75040E+03 -1.40633E-03
1.75136E+03 -1.41644E-03
1.75233E+03 -1.46683E-03
1.75329E+03 -1.50855E-03
1.75425E+03 -1.51961E-03
1.75522E+03 -1.51651E-03
1.75618E+03 -1.45955E-03
1.75715E+03 -1.46352E-03
1.75811E+03 -1.49743E-03
1.75908E+03 -1.50518E-03
1.76004E+03 -1.48871E-03
1.76100E+03 -1.46465E-03
1.76197E+03 -1.48719E-03
1.76293E+03 -1.49861E-03
1.76390E+03 -1.50313E-03
1.76486E+03 -1.51608E-03
1.76583E+03 -1.53348E-03
1.76679E+03 -1.53570E-03
1.76776E+03 -1.48991E-03
1.76872E+03 -1.49199E-03
1.76968E+03 -1.50771E-03
1.77065E+03 -1.50853E-03
1.77161E+03 -1.52535E-03
1.77258E+03 -1.52742E-03
1.77354E+03 -1.56609E-03
1.77451E+03 -1.59788E-03
1.77547E+03 -1.59241E-03
1.77644E+03 -1.60449E-03
1.77740E+03 -1.63177E-03
1.77836E+03 -1.66004E-03
1.77933E+03 -1.66615E-03
1.78029E+03 -1.66180E-03
1.78126E+03 -1.64362E-03
1.78222E+03 -1.62507E-03
1.78319E+03 -1.61131E-03
1.78415E+03 -1.60404E-03
1.78511E+03 -1.63407E-03
1.78608E+03 -1.62650E-03
1.78704E+03 -1.61849E-03
1.78801E+03 -1.65277E-03
1.78897E+03 -1.63743E-03
1.78994E+03 -1.64077E-03
1.79090E+03 -1.67986E-03
1.79187E+03 -1.67140E-03
1.79283E+03 -1.65173E-03
1.79379E+03 -1.65254E-03
1.79476E+03 -1.67254E-03
1.79572E+03 -1.72302E-03
1.79669E+03 -1.73925E-03
1.79765E+03 -1.70880E-03
1.79862E+03 -1.71428E-03
1.79958E+03 -1.73098E-03
1.80055E+03 -1.71860E-03
1.80151E+03 -1.73998E-03
1.80247E+03 -1.75547E-03
1.80344E+03 -1.72728E-03
1.80440E+03 -1.72456E-03
1.80537E+03 -1.76292E-03
1.80633E+03 -1.76323E-03
1.80730E+03 -1.76257E-03
1.80826E+03 -1.78701E-03
1.80923E+03 -1.76021E-03
1.81019E+03 -1.74930E-03
1.81115E+03 -1.77933E-03
1.81212E+03 -1.81018E-03
1.81308E+03 -1.80154E-03
1.81405E+03 -1.75570E-03
1.81501E+03 -1.75854E-03
1.81598E+03 -1.78152E-03
1.81694E+03 -1.79408E-03
1.81790E+03 -1.81397E-03
1.81887E+03 -1.80602E-03
1.81983E+03 -1.80104E-03
1.82080E+03 -1.81476E-03
1.82176E+03 -1.81339E-03
1.82273E+03 -1.80917E-03
1.82369E+03 -1.80770E-03
1.82466E+03 -1.82467E-03
1.82562E+03 -1.84610E-03
1.82658E+03 -1.82991E-03
1.82755E+03 -1.82885E-03
1.82851E+03 -1.83301E-03
1.82948E+03 -1.82379E-03
1.83044E+03 -1.83902E-03
1.83141E+03 -1.85885E-03
1.83237E+03 -1.88546E-03
1.83334E+03 -1.88712E-03
1.83430E+03 -1.87159E-03
1.83526E+03 -1.85777E-03
1.83623E+03 -1.84494E-03
1.83719E+03 -1.86112E-03
1.83816E+03 -1.87081E-03
1.83912E+03 -1.86231E-03
1.84009E+03 -1.87553E-03
1.84105E+03 -1.88059E-03
1.84201E+03 -1.87484E-03
1.84298E+03 -1.88868E-03
1.84394E+03 -1.91146E-03
1.84491E+03 -1.91967E-03
1.84587E+03 -1.89137E-03
1.84684E+03 -1.87697E-03
1.84780E+03 -1.87328E-03
1.84877E+03 -1.87086E-03
1.84973E+03 -1.89288E-03
1.85069E+03 -1.90515E-03
1.85166E+03 -1.90308E-03
1.85262E+03 -1.94675E-03
1.85359E+03 -1.96498E-03
1.85455E+03 -1.96331E-03
1.85552E+03 -1.98112E-03
1.85648E+03 -1.96618E-03
1.85745E+03 -1.94726E-03
1.85841E+03 -1.94721E-03
1.85937E+03 -1.98749E-03
1.86034E+03 -1.97389E-03
1.86130E+03 -1.96134E-03
1.86227E+03 -1.98090E-03
1.86323E+03 -1.98116E-03
1.86420E+03 -1.98709E-03
1.86516E+03 -1.99749E-03
1.86612E+03 -1.98574E-03
1.86709E+03 -1.99976E-03
1.86805E+03 -2.02796E-03
1.86902E+03 -1.99036E-03
1.86998E+03 -1.95563E-03
1.87095E+03 -1.95424E-03
1.87191E+03 -1.99139E-03
1.87288E+03 -2.01174E-03
1.87384E+03 -2.00085E-03
1.87480E+03 -1.97738E-03
1.87577E+03 -1.97125E-03
1.87673E+03 -2.00116E-03
1.87770E+03 -2.00756E-03
1.87866E+03 -1.97048E-03
1.87963E+03 -1.97146E-03
1.88059E+03 -2.00062E-03
1.88156E+03 -1.99725E-03
1.88252E+03 -1.98852E-03
1.88348E+03 -2.00685E-03
1.88445E+03 -2.03204E-03
1.88541E+03 -2.01946E-03
1.88638E+03 -2.01214E-03
1.88734E+03 -2.00783E-03
1.88831E+03 -2.00174E-03
1.88927E+03 -2.02438E-03
1.89024E+03 -2.03795E-03
1.89120E+03 -2.03980E-03
1.89216E+03 -2.03656E-03
1.89313E+03 -2.02678E-03
1.89409E+03 -2.05116E-03
1.89506E+03 -2.04574E-03
1.89602E+03 -2.03796E-03
1.89699E+03 -2.04042E-03
1.89795E+03 -2.02819E-03
1.89891E+03 -2.05433E-03
1.89988E+03 -2.06136E-03
1.90084E+03 -2.06027E-03
1.90181E+03 -2.07131E-03
1.90277E+03 -2.03669E-03
1.90374E+03 -1.99403E-03
1.90470E+03 -2.00202E-03
1.90567E+03 -2.03393E-03
1.90663E+03 -2.08361E-03
1.90759E+03 -2.09934E-03
1.90856E+03 -2.08687E-03
1.90952E+03 -2.06404E-03
1.91049E+03 -2.06997E-03
1.91145E+03 -2.10482E-03
1.91242E+03 -2.09642E-03
1.91338E+03 -2.10572E-03
1.91435E+03 -2.11788E-03
1.91531E+03 -2.07901E-03
1.91627E+03 -2.07428E-03
1.91724E+03 -2.09646E-03
1.91820E+03 -2.13581E-03
1.91917E+03 -2.16225E-03
1.92013E+03 -2.11190E-03
1.92110E+03 -2.07498E-03
1.92206E+03 -2.07235E-03
1.92303E+03 -2.06655E-03
1.92399E+03 -2.07498E-03
1.92495E+03 -2.09230E-03
1.92592E+03 -2.09615E-03
1.92688E+03 -2.08871E-03
1.92785E+03 -2.10134E-03
1.92881E+03 -2.10887E-03
1.92978E+03 -2.11924E-03
1.93074E+03 -2.14304E-03
1.93170E+03 -2.13752E-03
1.93267E+03 -2.13538E-03
1.93363E+03 -2.13142E-03
1.93460E+03 -2.12979E-03
1.93556E+03 -2.13138E-03
1.93653E+03 -2.12593E-03
1.93749E+03 -2.10643E-03
1.93846E+03 -2.10934E-03
1.93942E+03 -2.13595E-03
1.94038E+03 -2.14559E-03
1.94135E+03 -2.11514E-03
1.94231E+03 -2.10608E-03
1.94328E+03 -2.15075E-03
1.94424E+03 -2.16397E-03
1.94521E+03 -2.11715E-03
1.94617E+03 -2.09916E-03
1.94714E+03 -2.15426E-03
1.94810E+03 -2.17877E-03
1.94906E+03 -2.19098E-03
1.95003E+03 -2.19736E-03
1.95099E+03 -2.18526E-03
1.95196E+03 -2.17906E-03
1.95292E+03 -2.17459E-03
1.95389E+03 -2.17607E-03
1.95485E+03 -2.17807E-03
1.95581E+03 -2.18050E-03
1.95678E+03 -2.14901E-03
1.95774E+03 -2.13792E-03
1.95871E+03 -2.15527E-03
1.95967E+03 -2.18657E-03
1.96064E+03 -2.21066E-03
1.96160E+03 -2.18501E-03
1.96257E+03 -2.16553E-03
1.96353E+03 -2.17453E-03
1.96449E+03 -2.16616E-03
1.96546E+03 -2.19434E-03
1.96642E+03 -2.22032E-03
1.96739E+03 -2.20898E-03
1.96835E+03 -2.21776E-03
1.96932E+03 -2.21796E-03
1.97028E+03 -2.21575E-03
1.97125E+03 -2.20337E-03
1.97221E+03 -2.18819E-03
1.97317E+03 -2.17834E-03
1.97414E+03 -2.17054E-03
1.97510E+03 -2.16363E-03
1.97607E+03 -2.17615E-03
1.97703E+03 -2.19486E-03
1.97800E+03 -2.20827E-03
1.97896E+03 -2.20848E-03
1.97992E+03 -2.21312E-03
1.98089E+03 -2.22085E-03
1.98185E+03 -2.20141E-03
1.98282E+03 -2.17134E-03
1.98378E+03 -2.16433E-03
1.98475E+03 -2.17686E-03
1.98571E+03 -2.17104E-03
1.98668E+03 -2.16253E-03
1.98764E+03 -2.16458E-03
1.98860E+03 -2.17340E-03
1.98957E+03 -2.16220E-03
1.99053E+03 -2.12990E-03
1.99150E+03 -2.14163E-03
1.99246E+03 -2.18308E-03
1.99343E+03 -2.19777E-03
1.99439E+03 -2.17647E-03
1.99536E+03 -2.15340E-03
1.99632E+03 -2.17671E-03
1.99728E+03 -2.16969E-03
1.99825E+03 -2.13771E-03
1.99921E+03 -2.12763E-03
2.00018E+03 -2.12593E-03
2.00114E+03 -2.11856E-03
2.00211E+03 -2.12830E-03
2.00307E+03 -2.12349E-03
2.00404E+03 -2.11507E-03
2.00500E+03 -2.10398E-03
2.00596E+03 -2.07657E-03
2.00693E+03 -2.07603E-03
2.00789E+03 -2.10316E-03
2.00886E+03 -2.12516E-03
2.00982E+03 -2.10333E-03
2.01079E+03 -2.08867E-03
2.01175E+03 -2.07897E-03
2.01271E+03 -2.09040E-03
2.01368E+03 -2.10499E-03
2.01464E+03 -2.10362E-03
2.01561E+03 -2.09717E-03
2.01657E+03 -2.07634E-03
2.01754E+03 -2.04263E-03
2.01850E+03 -2.05540E-03
2.01947E+03 -2.07622E-03
2.02043E+03 -2.08484E-03
2.02139E+03 -2.07103E-03
2.02236E+03 -2.02641E-03
2.02332E+03 -2.03186E-03
2.02429E+03 -2.05697E-03
2.02525E+03 -2.03446E-03
2.02622E+03 -1.99172E-03
2.02718E+03 -1.99868E-03
2.02815E+03 -1.99981E-03
2.02911E+03 -2.00173E-03
2.03007E+03 -2.00966E-03
2.03104E+03 -1.98947E-03
2.03200E+03 -1.96356E-03
2.03297E+03 -1.94925E-03
2.03393E+03 -1.96182E-03
2.03490E+03 -1.97450E-03
2.03586E+03 -1.97109E-03
2.03682E+03 -1.96103E-03
2.03779E+03 -1.96283E-03
2.03875E+03 -1.98913E-03
2.03972E+03 -1.97577E-03
2.04068E+03 -1.93697E-03
2.04165E+03 -1.96596E-03
2.04261E+03 -2.01161E-03
2.04358E+03 -1.97418E-03
2.04454E+03 -1.95620E-03
2.04550E+03 -1.98310E-03
2.04647E+03 -1.96541E-03
2.04743E+03 -1.99840E-03
2.04840E+03 -2.02009E-03
2.04936E+03 -1.99667E-03
2.05033E+03 -1.98910E-03
2.05129E+03 -2.01777E-03
2.05226E+03 -2.07317E-03
2.05322E+03 -2.12888E-03
2.05418E+03 -2.13254E-03
2.05515E+03 -2.10823E-03
2.05611E+03 -2.09226E-03
2.05708E+03 -2.10341E-03
2.05804E+03 -2.12356E-03
2.05901E+03 -2.11493E-03
2.05997E+03 -2.11873E-03
2.06094E+03 -2.14617E-03
2.06190E+03 -2.16753E-03
2.06286E+03 -2.16018E-03
2.06383E+03 -2.14710E-03
2.06479E+03 -2.13033E-03
2.06576E+03 -2.01884E-03
2.06672E+03 -2.10492E-03
2.06769E+03 -2.25342E-03
2.06865E+03 -2.19180E-03
2.06961E+03 -2.19146E-03
2.07058E+03 -2.18584E-03
2.07154E+03 -2.20504E-03
2.07251E+03 -2.23029E-03
2.07347E+03 -2.24815E-03
2.07444E+03 -2.25628E-03
2.07540E+03 -2.25583E-03
2.07637E+03 -2.26555E-03
2.07733E+03 -2.25657E-03
2.07829E+03 -2.27313E-03
2.07926E+03 -2.28880E-03
2.08022E+03 -2.27904E-03
2.08119E+03 -2.29447E-03
2.08215E+03 -2.31110E-03
2.08312E+03 -2.29027E-03
2.08408E+03 -2.29318E-03
2.08505E+03 -2.30668E-03
2.08601E+03 -2.29351E-03
2.08697E+03 -2.31174E-03
2.08794E+03 -2.32702E-03
2.08890E+03 -2.31750E-03
2.08987E+03 -2.31513E-03
2.09083E+03 -2.32441E-03
2.09180E+03 -2.32314E-03
2.09276E+03 -2.32854E-03
2.09372E+03 -2.33828E-03
2.09469E+03 -2.32651E-03
2.09565E+03 -2.32715E-03
2.09662E+03 -2.36998E-03
2.09758E+03 -2.38961E-03
2.09855E+03 -2.38119E-03
2.09951E+03 -2.40562E-03
2.10048E+03 -2.40515E-03
2.10144E+03 -2.38607E-03
2.10240E+03 -2.37247E-03
2.10337E+03 -2.36685E-03
2.10433E+03 -2.36535E-03
2.10530E+03 -2.36984E-03
2.10626E+03 -2.34543E-03
2.10723E+03 -2.34841E-03
2.10819E+03 -2.39372E-03
2.10916E+03 -2.38166E-03
2.11012E+03 -2.37884E-03
2.11108E+03 -2.39680E-03
2.11205E+03 -2.36822E-03
2.11301E+03 -2.36800E-03
2.11398E+03 -2.38800E-03
2.11494E+03 -2.39404E-03
2.11591E+03 -2.39530E-03
2.11687E+03 -2.37260E-03
2.11783E+03 -2.35418E-03
2.11880E+03 -2.34886E-03
2.11976E+03 -2.34465E-03
2.12073E+03 -2.35165E-03
2.12169E+03 -2.36959E-03
2.12266E+03 -2.38431E-03
2.12362E+03 -2.35050E-03
2.12459E+03 -2.34421E-03
2.12555E+03 -2.35736E-03
2.12651E+03 -2.34639E-03
2.12748E+03 -2.36476E-03
2.12844E+03 -2.38651E-03
2.12941E+03 -2.38938E-03
2.13037E+03 -2.34831E-03
2.13134E+03 -2.34920E-03
2.13230E+03 -2.36242E-03
2.13327E+03 -2.35263E-03
2.13423E+03 -2.36556E-03
2.13519E+03 -2.39242E-03
2.13616E+03 -2.38482E-03
2.13712E+03 -2.35714E-03
2.13809E+03 -2.36098E-03
2.13905E+03 -2.37668E-03
2.14002E+03 -2.38173E-03
2.14098E+03 -2.34435E-03
2.14195E+03 -2.35523E-03
2.14291E+03 -2.37844E-03
2.14387E+03 -2.35809E-03
2.14484E+03 -2.32035E-03
2.14580E+03 -2.31296E-03
2.14677E+03 -2.35623E-03
2.14773E+03 -2.38775E-03
2.14870E+03 -2.40280E-03
2.14966E+03 -2.38998E-03
2.15062E+03 -2.37687E-03
2.15159E+03 -2.36820E-03
2.15255E+03 -2.35472E-03
2.15352E+03 -2.35445E-03
2.15448E+03 -2.39044E-03
2.15545E+03 -2.39565E-03
2.15641E+03 -2.36475E-03
2.15738E+03 -2.38040E-03
2.15834E+03 -2.36591E-03
2.15930E+03 -2.30034E-03
2.16027E+03 -2.30183E-03
2.16123E+03 -2.32446E-03
2.16220E+03 -2.31433E-03
2.16316E+03 -2.34717E-03
2.16413E+03 -2.34602E-03
2.16509E+03 -2.32689E-03
2.16606E+03 -2.33424E-03
2.16702E+03 -2.34824E-03
2.16798E+03 -2.35129E-03
2.16895E+03 -2.32064E-03
2.16991E+03 -2.29881E-03
2.17088E+03 -2.29707E-03
2.17184E+03 -2.33061E-03
2.17281E+03 -2.34801E-03
2.17377E+03 -2.35659E-03
2.17473E+03 -2.37311E-03
2.17570E+03 -2.34601E-03
2.17666E+03 -2.32197E-03
2.17763E+03 -2.32141E-03
2.17859E+03 -2.32235E-03
2.17956E+03 -2.30983E-03
2.18052E+03 -2.30838E-03
2.18149E+03 -2.32186E-03
2.18245E+03 -2.32477E-03
2.18341E+03 -2.31013E-03
2.18438E+03 -2.31931E-03
2.18534E+03 -2.34381E-03
2.18631E+03 -2.32916E-03
2.18727E+03 -2.30224E-03
2.18824E+03 -2.31402E-03
2.18920E+03 -2.33323E-03
2.19017E+03 -2.29389E-03
2.19113E+03 -2.25173E-03
2.19209E+03 -2.26471E-03
2.19306E+03 -2.27841E-03
2.19402E+03 -2.29257E-03
2.19499E+03 -2.31463E-03
2.19595E+03 -2.32884E-03
2.19692E+03 -2.33176E-03
2.19788E+03 -2.33108E-03
2.19884E+03 -2.33895E-03
2.19981E+03 -2.31807E-03
2.20077E+03 -2.34104E-03
2.20174E+03 -2.35914E-03
2.20270E+03 -2.34946E-03
2.20367E+03 -2.33611E-03
2.20463E+03 -2.30709E-03
2.20560E+03 -2.28555E-03
2.20656E+03 -2.29587E-03
2.20752E+03 -2.30647E-03
2.20849E+03 -2.30205E-03
2.20945E+03 -2.33150E-03
2.21042E+03 -2.29737E-03
2.21138E+03 -2.23869E-03
2.21235E+03 -2.25301E-03
2.21331E+03 -2.26206E-03
2.21428E+03 -2.26760E-03
2.21524E+03 -2.28834E-03
2.21620E+03 -2.28335E-03
2.21717E+03 -2.25613E-03
2.21813E+03 -2.23570E-03
2.21910E+03 -2.25585E-03
2.22006E+03 -2.25100E-03
2.22103E+03 -2.21528E-03
2.22199E+03 -2.21437E-03
2.22296E+03 -2.22594E-03
2.22392E+03 -2.19770E-03
2.22488E+03 -2.17512E-03
2.22585E+03 -2.21013E-03
2.22681E+03 -2.21992E-03
2.22778E+03 -2.21087E-03
2.22874E+03 -2.23205E-03
2.22971E+03 -2.24690E-03
2.23067E+03 -2.23398E-03
2.23163E+03 -2.20913E-03
2.23260E+03 -2.19916E-03
2.23356E+03 -2.20133E-03
2.23453E+03 -2.21018E-03
2.23549E+03 -2.23492E-03
2.23646E+03 -2.23674E-03
2.23742E+03 -2.22372E-03
2.23839E+03 -2.22126E-03
2.23935E+03 -2.21953E-03
2.24031E+03 -2.22315E-03
2.24128E+03 -2.24605E-03
2.24224E+03 -2.25278E-03
2.24321E+03 -2.22476E-03
2.24417E+03 -2.24515E-03
2.24514E+03 -2.26359E-03
2.24610E+03 -2.24554E-03
2.24707E+03 -2.22507E-03
2.24803E+03 -2.26390E-03
2.24899E+03 -2.30269E-03
2.24996E+03 -2.27898E-03
2.25092E+03 -2.28485E-03
2.25189E+03 -2.32736E-03
2.25285E+03 -2.35124E-03
2.25382E+03 -2.33646E-03
2.25478E+03 -2.35473E-03
2.25574E+03 -2.35404E-03
2.25671E+03 -2.33608E-03
2.25767E+03 -2.39481E-03
2.25864E+03 -2.40967E-03
2.25960E+03 -2.40776E-03
2.26057E+03 -2.42165E-03
2.26153E+03 -2.42263E-03
2.26250E+03 -2.43806E-03
2.26346E+03 -2.41977E-03
2.26442E+03 -2.41979E-03
2.26539E+03 -2.44474E-03
2.26635E+03 -2.44744E-03
2.26732E+03 -2.43272E-03
2.26828E+03 -2.39264E-03
2.26925E+03 -2.31431E-03
2.27021E+03 -2.13584E-03
2.27118E+03 -1.77460E-03
2.27214E+03 -1.06281E-03
2.27310E+03 1.03507E-04
2.27407E+03 1.47702E-03
2.27503E+03 2.70512E-03
2.27600E+03 3.42334E-03
2.27696E+03 3.48555E-03
2.27793E+03 2.95876E-03
2.27889E+03 1.99976E-03
2.27986E+03 9.02183E-04
2.28082E+03 -1.22003E-04
2.28178E+03 -9.32101E-04
2.28275E+03 -1.52360E-03
2.28371E+03 -1.94154E-03
2.28468E+03 -2.23721E-03
2.28564E+03 -2.41727E-03
2.28661E+03 -2.50446E-03
2.28757E+03 -2.57701E-03
2.28853E+03 -2.61334E-03
2.28950E+03 -2.62359E-03
2.29046E+03 -2.63382E-03
2.29143E+03 -2.60143E-03
2.29239E+03 -2.57791E-03
2.29336E+03 -2.60530E-03
2.29432E+03 -2.59551E-03
2.29529E+03 -2.56754E-03
2.29625E+03 -2.54477E-03
2.29721E+03 -2.52973E-03
2.29818E+03 -2.51821E-03
2.29914E+03 -2.49314E-03
2.30011E+03 -2.45585E-03
2.30107E+03 -2.43492E-03
2.30204E+03 -2.40457E-03
2.30300E+03 -2.35826E-03
2.30397E+03 -2.32901E-03
2.30493E+03 -2.26995E-03
2.30589E+03 -2.20772E-03
2.30686E+03 -2.16121E-03
2.30782E+03 -2.11107E-03
2.30879E+03 -2.07024E-03
2.30975E+03 -2.07601E-03
2.31072E+03 -2.04335E-03
2.31168E+03 -1.99720E-03
2.31265E+03 -1.96856E-03
2.31361E+03 -1.89885E-03
2.31457E+03 -1.82457E-03
2.31554E+03 -1.71938E-03
2.31650E+03 -1.50700E-03
2.31747E+03 -1.18734E-03
2.31843E+03 -7.80497E-04
2.31940E+03 -6.55130E-05
2.32036E+03 9.45531E-04
2.32132E+03 2.15188E-03
2.32229E+03 3.52478E-03
2.32325E+03 5.10025E-03
2.32422E+03 7.23459E-03
2.32518E+03 1.12879E-02
2.32615E+03 1.96207E-02
2.32711E+03 3.45869E-02
2.32808E+03 5.56311E-02
2.32904E+03 7.92124E-02
2.33000E+03 1.01344E-01
2.33097E+03 1.20053E-01
2.33193E+03 1.35179E-01
2.33290E+03 1.47053E-01
2.33386E+03 1.56363E-01
2.33483E+03 1.63697E-01
2.33579E+03 1.69471E-01
2.33676E+03 1.73648E-01
2.33772E+03 1.76062E-01
2.33868E+03 1.76307E-01
2.33965E+03 1.74220E-01
2.34061E+03 1.69754E-01
2.34158E+03 1.63287E-01
2.34254E+03 1.55437E-01
2.34351E+03 1.46714E-01
2.34447E+03 1.37576E-01
2.34543E+03 1.28417E-01
2.34640E+03 1.19477E-01
2.34736E+03 1.10996E-01
2.34833E+03 1.03038E-01
2.34929E+03 9.56174E-02
2.35026E+03 8.87765E-02
2.35122E+03 8.24585E-02
2.35219E+03 7.65095E-02
2.35315E+03 7.09229E-02
2.35411E+03 6.57018E-02
2.35508E+03 6.07483E-02
2.35604E+03 5.59791E-02
2.35701E+03 5.14601E-02
2.35797E+03 4.71048E-02
2.35894E+03 4.28272E-02
2.35990E+03 3.85852E-02
2.36087E+03 3.43628E-02
2.36183E+03 3.01389E-02
2.36279E+03 2.59664E-02
2.36376E+03 2.19454E-02
2.36472E+03 1.80877E-02
2.36569E+03 1.45153E-02
2.36665E+03 1.14043E-02
2.36762E+03 8.86869E-03
2.36858E+03 6.82213E-03
2.36954E+03 5.26512E-03
2.37051E+03 4.14366E-03
2.37147E+03 3.26397E-03
2.37244E+03 2.59810E-03
2.37340E+03 2.15548E-03
2.37437E+03 1.80139E-03
2.37533E+03 1.48679E-03
2.37630E+03 1.22704E-03
2.37726E+03 9.71977E-04
2.37822E+03 7.73922E-04
2.37919E+03 6.21777E-04
2.38015E+03 4.70392E-04
2.38112E+03 2.96723E-04
2.38208E+03 1.82964E-04
2.38305E+03 1.34606E-04
2.38401E+03 3.56995E-05
2.38498E+03 -8.21389E-05
2.38594E+03 -1.48010E-04
2.38690E+03 -1.87997E-04
2.38787E+03 -2.22437E-04
2.38883E+03 -2.66630E-04
2.38980E+03 -3.49436E-04
2.39076E+03 -4.25089E-04
2.39173E+03 -4.49430E-04
2.39269E+03 -4.95106E-04
2.39366E+03 -5.59554E-04
2.39462E+03 -6.10825E-04
2.39558E+03 -6.47034E-04
2.39655E+03 -6.83352E-04
2.39751E+03 -7.46123E-04
2.39848E+03 -7.63945E-04
2.39944E+03 -7.50035E-04
2.40041E+03 -7.77554E-04
2.40137E+03 -8.14933E-04
2.40233E+03 -8.45324E-04
2.40330E+03 -9.02608E-04
2.40426E+03 -9.27355E-04
2.40523E+03 -9.37495E-04
2.40619E+03 -9.83857E-04
2.40716E+03 -1.00996E-03
2.40812E+03 -1.01013E-03
2.40909E+03 -1.04487E-03
2.41005E+03 -1.08675E-03
2.41101E+03 -1.11937E-03
2.41198E+03 -1.12758E-03
2.41294E+03 -1.12076E-03
2.41391E+03 -1.11995E-03
2.41487E+03 -1.14089E-03
2.41584E+03 -1.15936E-03
2.41680E+03 -1.16337E-03
2.41777E+03 -1.20739E-03
2.41873E+03 -1.23054E-03
2.41969E+03 -1.21838E-03
2.42066E+03 -1.19383E-03
2.42162E+03 -1.19491E-03
2.42259E+03 -1.22283E-03
2.42355E+03 -1.22885E-03
2.42452E+03 -1.23693E-03
2.42548E+03 -1.26025E-03
2.42644E+03 -1.28813E-03
2.42741E+03 -1.29999E-03
2.42837E+03 -1.29997E-03
2.42934E+03 -1.33232E-03
2.43030E+03 -1.35348E-03
2.43127E+03 -1.35707E-03
2.43223E+03 -1.38828E-03
2.43320E+03 -1.37211E-03
2.43416E+03 -1.33901E-03
2.43512E+03 -1.36230E-03
2.43609E+03 -1.41999E-03
2.43705E+03 -1.43812E-03
2.43802E+03 -1.43010E-03
2.43898E+03 -1.41635E-03
2.43995E+03 -1.42907E-03
2.44091E+03 -1.47050E-03
2.44188E+03 -1.45948E-03
2.44284E+03 -1.46855E-03
2.44380E+03 -1.47885E-03
2.44477E+03 -1.47963E-03
2.44573E+03 -1.51002E-03
2.44670E+03 -1.50011E-03
2.44766E+03 -1.49687E-03
2.44863E+03 -1.52256E-03
2.44959E+03 -1.52124E-03
2.45055E+03 -1.53017E-03
2.45152E+03 -1.58801E-03
2.45248E+03 -1.63428E-03
2.45345E+03 -1.62335E-03
2.45441E+03 -1.62791E-03
2.45538E+03 -1.62592E-03
2.45634E+03 -1.63485E-03
2.45731E+03 -1.66528E-03
2.45827E+03 -1.70258E-03
2.45923E+03 -1.73256E-03
2.46020E+03 -1.72190E-03
2.46116E+03 -1.73056E-03
2.46213E+03 -1.74139E-03
2.46309E+03 -1.77708E-03
2.46406E+03 -1.83987E-03
2.46502E+03 -1.83418E-03
2.46599E+03 -1.79323E-03
2.46695E+03 -1.80043E-03
2.46791E+03 -1.81688E-03
2.46888E+03 -1.85487E-03
2.46984E+03 -1.89687E-03
2.47081E+03 -1.88670E-03
2.47177E+03 -1.89998E-03
2.47274E+03 -1.92038E-03
2.47370E+03 -1.92636E-03
2.47467E+03 -1.93837E-03
2.47563E+03 -1.91835E-03
2.47659E+03 -1.91800E-03
2.47756E+03 -1.91982E-03
2.47852E+03 -1.90340E-03
2.47949E+03 -1.92228E-03
2.48045E+03 -1.95311E-03
2.48142E+03 -1.97675E-03
2.48238E+03 -1.97800E-03
2.48334E+03 -1.95147E-03
2.48431E+03 -1.93731E-03
2.48527E+03 -1.92871E-03
2.48624E+03 -1.93626E-03
2.48720E+03 -1.97272E-03
2.48817E+03 -1.97650E-03
2.48913E+03 -1.96550E-03
2.49010E+03 -1.93681E-03
2.49106E+03 -1.94936E-03
2.49202E+03 -1.96287E-03
2.49299E+03 -1.94955E-03
2.49395E+03 -1.95582E-03
2.49492E+03 -1.93119E-03
2.49588E+03 -1.92326E-03
2.49685E+03 -1.91790E-03
2.49781E+03 -1.88496E-03
2.49878E+03 -1.82675E-03
2.49974E+03 -1.82643E-03
2.50070E+03 -1.82048E-03
2.50167E+03 -1.78420E-03
2.50263E+03 -1.78083E-03
2.50360E+03 -1.76830E-03
2.50456E+03 -1.74196E-03
2.50553E+03 -1.73072E-03
2.50649E+03 -1.70314E-03
2.50745E+03 -1.63107E-03
2.50842E+03 -1.61650E-03
2.50938E+03 -1.60690E-03
2.51035E+03 -1.57850E-03
2.51131E+03 -1.58390E-03
2.51228E+03 -1.57989E-03
2.51324E+03 -1.55544E-03
2.51421E+03 -1.54332E-03
2.51517E+03 -1.52461E-03
2.51613E+03 -1.50532E-03
2.51710E+03 -1.48121E-03
2.51806E+03 -1.46035E-03
2.51903E+03 -1.46446E-03
2.51999E+03 -1.47225E-03
2.52096E+03 -1.46727E-03
2.52192E+03 -1.42699E-03
2.52289E+03 -1.39204E-03
2.52385E+03 -1.40037E-03
2.52481E+03 -1.39421E-03
2.52578E+03 -1.37581E-03
2.52674E+03 -1.37388E-03
2.52771E+03 -1.34694E-03
2.52867E+03 -1.35657E-03
2.52964E+03 -1.39583E-03
2.53060E+03 -1.41802E-03
2.53156E+03 -1.41384E-03
2.53253E+03 -1.39812E-03
2.53349E+03 -1.40201E-03
2.53446E+03 -1.43998E-03
2.53542E+03 -1.44649E-03
2.53639E+03 -1.41035E-03
2.53735E+03 -1.41554E-03
2.53832E+03 -1.43301E-03
2.53928E+03 -1.44996E-03
2.54024E+03 -1.46394E-03
2.54121E+03 -1.49676E-03
2.54217E+03 -1.53182E-03
2.54314E+03 -1.53309E-03
2.54410E+03 -1.51256E-03
2.54507E+03 -1.52290E-03
2.54603E+03 -1.53797E-03
2.54700E+03 -1.51453E-03
2.54796E+03 -1.50132E-03
2.54892E+03 -1.55697E-03
2.54989E+03 -1.56862E-03
2.55085E+03 -1.57806E-03
2.55182E+03 -1.64024E-03
2.55278E+03 -1.68832E-03
2.55375E+03 -1.70197E-03
2.55471E+03 -1.67039E-03
2.55568E+03 -1.66270E-03
2.55664E+03 -1.66727E-03
2.55760E+03 -1.68898E-03
2.55857E+03 -1.70438E-03
2.55953E+03 -1.73427E-03
2.56050E+03 -1.74088E-03
2.56146E+03 -1.72995E-03
2.56243E+03 -1.77277E-03
2.56339E+03 -1.79964E-03
2.56435E+03 -1.79004E-03
2.56532E+03 -1.80671E-03
2.56628E+03 -1.81221E-03
2.56725E+03 -1.76681E-03
2.56821E+03 -1.78487E-03
2.56918E+03 -1.81316E-03
2.57014E+03 -1.81804E-03
2.57111E+03 -1.85598E-03
2.57207E+03 -1.86221E-03
2.57303E+03 -1.86319E-03
2.57400E+03 -1.86174E-03
2.57496E+03 -1.85513E-03
2.57593E+03 -1.85735E-03
2.57689E+03 -1.86320E-03
2.57786E+03 -1.88635E-03
2.57882E+03 -1.90906E-03
2.57979E+03 -1.89427E-03
2.58075E+03 -1.88208E-03
2.58171E+03 -1.89240E-03
2.58268E+03 -1.88361E-03
2.58364E+03 -1.87219E-03
2.58461E+03 -1.86553E-03
2.58557E+03 -1.86556E-03
2.58654E+03 -1.88202E-03
2.58750E+03 -1.89156E-03
2.58846E+03 -1.83429E-03
2.58943E+03 -1.80056E-03
2.59039E+03 -1.79806E-03
2.59136E+03 -1.81109E-03
2.59232E+03 -1.83037E-03
2.59329E+03 -1.79942E-03
2.59425E+03 -1.81805E-03
2.59522E+03 -1.84112E-03
2.59618E+03 -1.84465E-03
2.59714E+03 -1.84327E-03
2.59811E+03 -1.83644E-03
2.59907E+03 -1.86779E-03
2.60004E+03 -1.85788E-03
2.60100E+03 -1.84257E-03
2.60197E+03 -1.86178E-03
2.60293E+03 -1.88230E-03
2.60390E+03 -1.91022E-03
2.60486E+03 -1.93134E-03
2.60582E+03 -1.94195E-03
2.60679E+03 -1.94446E-03
2.60775E+03 -1.97199E-03
2.60872E+03 -1.97271E-03
2.60968E+03 -1.95682E-03
2.61065E+03 -1.97675E-03
2.61161E+03 -1.98752E-03
2.61258E+03 -1.96484E-03
2.61354E+03 -1.95371E-03
2.61450E+03 -1.96534E-03
2.61547E+03 -1.98552E-03
2.61643E+03 -2.02239E-03
2.61740E+03 -2.06114E-03
2.61836E+03 -2.08105E-03
2.61933E+03 -2.07390E-03
2.62029E+03 -2.08852E-03
2.62125E+03 -2.11541E-03
2.62222E+03 -2.13033E-03
2.62318E+03 -2.16223E-03
2.62415E+03 -2.15842E-03
2.62511E+03 -2.13969E-03
2.62608E+03 -2.16946E-03
2.62704E+03 -2.19681E-03
2.62801E+03 -2.23787E-03
2.62897E+03 -2.27625E-03
2.62993E+03 -2.28010E-03
2.63090E+03 -2.27189E-03
2.63186E+03 -2.27683E-03
2.63283E+03 -2.32147E-03
2.63379E+03 -2.37694E-03
2.63476E+03 -2.41506E-03
2.63572E+03 -2.39761E-03
2.63669E+03 -2.40857E-03
2.63765E+03 -2.45833E-03
2.63861E+03 -2.47328E-03
2.63958E+03 -2.50465E-03
2.64054E+03 -2.52477E-03
2.64151E+03 -2.52320E-03
2.64247E+03 -2.54164E-03
2.64344E+03 -2.57048E-03
2.64440E+03 -2.58414E-03
2.64536E+03 -2.61475E-03
2.64633E+03 -2.65009E-03
2.64729E+03 -2.64178E-03
2.64826E+03 -2.62179E-03
2.64922E+03 -2.61309E-03
2.65019E+03 -2.63913E-03
2.65115E+03 -2.66644E-03
2.65212E+03 -2.65259E-03
2.65308E+03 -2.66264E-03
2.65404E+03 -2.70168E-03
2.65501E+03 -2.70533E-03
2.65597E+03 -2.70757E-03
2.65694E+03 -2.73740E-03
2.65790E+03 -2.73724E-03
2.65887E+03 -2.75277E-03
2.65983E+03 -2.76982E-03
2.66080E+03 -2.75212E-03
2.66176E+03 -2.74622E-03
2.66272E+03 -2.72901E-03
2.66369E+03 -2.75341E-03
2.66465E+03 -2.77402E-03
2.66562E+03 -2.75195E-03
2.66658E+03 -2.75591E-03
2.66755E+03 -2.76917E-03
2.66851E+03 -2.75455E-03
2.66948E+03 -2.78673E-03
2.67044E+03 -2.82677E-03
2.67140E+03 -2.81749E-03
2.67237E+03 -2.80585E-03
2.67333E+03 -2.79823E-03
2.67430E+03 -2.81048E-03
2.67526E+03 -2.81935E-03
2.67623E+03 -2.82478E-03
2.67719E+03 -2.85725E-03
2.67815E+03 -2.86305E-03
2.67912E+03 -2.87040E-03
2.68008E+03 -2.85142E-03
2.68105E+03 -2.82942E-03
2.68201E+03 -2.84201E-03
2.68298E+03 -2.82414E-03
2.68394E+03 -2.81201E-03
2.68491E+03 -2.78635E-03
2.68587E+03 -2.80597E-03
2.68683E+03 -2.84657E-03
2.68780E+03 -2.85657E-03
2.68876E+03 -2.89050E-03
2.68973E+03 -2.90224E-03
2.69069E+03 -2.86235E-03
2.69166E+03 -2.84754E-03
2.69262E+03 -2.84784E-03
2.69359E+03 -2.83229E-03
2.69455E+03 -2.82708E-03
2.69551E+03 -2.82115E-03
2.69648E+03 -2.83549E-03
2.69744E+03 -2.84481E-03
2.69841E+03 -2.84851E-03
2.69937E+03 -2.89306E-03
2.70034E+03 -2.88024E-03
2.70130E+03 -2.83533E-03
2.70226E+03 -2.82750E-03
2.70323E+03 -2.82428E-03
2.70419E+03 -2.83815E-03
2.70516E+03 -2.84403E-03
2.70612E+03 -2.82058E-03
2.70709E+03 -2.83058E-03
2.70805E+03 -2.83530E-03
2.70902E+03 -2.84201E-03
2.70998E+03 -2.87727E-03
2.71094E+03 -2.87840E-03
2.71191E+03 -2.82661E-03
2.71287E+03 -2.76346E-03
2.71384E+03 -2.77658E-03
2.71480E+03 -2.83795E-03
2.71577E+03 -2.86177E-03
2.71673E+03 -2.87369E-03
2.71770E+03 -2.85862E-03
2.71866E+03 -2.81309E-03
2.71962E+03 -2.80635E-03
2.72059E+03 -2.83644E-03
2.72155E+03 -2.89152E-03
2.72252E+03 -2.90731E-03
2.72348E+03 -2.87914E-03
2.72445E+03 -2.91744E-03
2.72541E+03 -2.94891E-03
2.72638E+03 -2.91479E-03
2.72734E+03 -2.89769E-03
2.72830E+03 -2.87659E-03
2.72927E+03 -2.87039E-03
2.73023E+03 -2.82988E-03
2.73120E+03 -2.75248E-03
2.73216E+03 -2.74877E-03
2.73313E+03 -2.71717E-03
2.73409E+03 -2.61015E-03
2.73505E+03 -2.50853E-03
2.73602E+03 -2.38372E-03
2.73698E+03 -2.39152E-03
2.73795E+03 -2.66297E-03
2.73891E+03 -3.09971E-03
2.73988E+03 -3.32599E-03
2.74084E+03 -3.01399E-03
2.74181E+03 -2.74189E-03
2.74277E+03 -2.86367E-03
2.74373E+03 -2.98813E-03
2.74470E+03 -2.89149E-03
2.74566E+03 -2.77099E-03
2.74663E+03 -2.76600E-03
2.74759E+03 -2.73163E-03
2.74856E+03 -2.67889E-03
2.74952E+03 -2.61689E-03
2.75049E+03 -2.60995E-03
2.75145E+03 -2.61243E-03
2.75241E+03 -2.54758E-03
2.75338E+03 -2.47014E-03
2.75434E+03 -2.43311E-03
2.75531E+03 -2.45125E-03
2.75627E+03 -2.42279E-03
2.75724E+03 -2.33706E-03
2.75820E+03 -2.25705E-03
2.75916E+03 -2.25593E-03
2.76013E+03 -2.28594E-03
2.76109E+03 -2.23515E-03
2.76206E+03 -2.13297E-03
2.76302E+03 -2.08489E-03
2.76399E+03 -2.08677E-03
2.76495E+03 -2.10903E-03
2.76592E+03 -2.03583E-03
2.76688E+03 -1.98010E-03
2.76784E+03 -1.96958E-03
2.76881E+03 -1.88005E-03
2.76977E+03 -1.84566E-03
2.77074E+03 -1.80554E-03
2.77170E+03 -1.76074E-03
2.77267E+03 -1.72184E-03
2.77363E+03 -1.66495E-03
2.77460E+03 -1.60021E-03
2.77556E+03 -1.55409E-03
2.77652E+03 -1.50032E-03
2.77749E+03 -1.38021E-03
2.77845E+03 -1.29614E-03
2.77942E+03 -1.22512E-03
2.78038E+03 -1.15915E-03
2.78135E+03 -1.06458E-03
2.78231E+03 -9.56394E-04
2.78327E+03 -9.20802E-04
2.78424E+03 -8.69982E-04
2.78520E+03 -7.77040E-04
2.78617E+03 -6.74363E-04
2.78713E+03 -5.53582E-04
2.78810E+03 -4.42173E-04
2.78906E+03 -3.38156E-04
2.79003E+03 -2.25339E-04
2.79099E+03 -1.19027E-04
2.79195E+03 -2.71201E-05
2.79292E+03 5.95935E-05
2.79388E+03 1.53765E-04
2.79485E+03 2.58807E-04
2.79581E+03 3.92713E-04
2.79678E+03 5.28187E-04
2.79774E+03 6.26232E-04
2.79871E+03 7.05387E-04
2.79967E+03 7.89478E-04
2.80063E+03 8.93857E-04
2.80160E+03 1.04513E-03
2.80256E+03 1.19798E-03
2.80353E+03 1.28893E-03
2.80449E+03 1.38926E-03
2.80546E+03 1.53070E-03
2.80642E+03 1.68563E-03
2.80739E+03 1.82109E-03
2.80835E+03 1.89590E-03
2.80931E+03 1.99239E-03
2.81028E+03 2.15105E-03
2.81124E+03 2.30934E-03
2.81221E+03 2.47404E-03
2.81317E+03 2.61200E-03
2.81414E+03 2.77511E-03
2.81510E+03 2.98728E-03
2.81606E+03 3.18403E-03
2.81703E+03 3.36920E-03
2.81799E+03 3.57757E-03
2.81896E+03 3.85251E-03
2.81992E+03 4.11967E-03
2.82089E+03 4.37641E-03
2.82185E+03 4.63719E-03
2.82282E+03 4.96009E-03
2.82378E+03 5.29434E-03
2.82474E+03 5.62474E-03
2.82571E+03 5.92831E-03
2.82667E+03 6.20897E-03
2.82764E+03 6.52044E-03
2.82860E+03 6.75064E-03
2.82957E+03 6.94097E-03
2.83053E+03 7.08498E-03
2.83150E+03 7.12120E-03
2.83246E+03 7.10220E-03
2.83342E+03 7.04698E-03
2.83439E+03 6.89751E-03
2.83535E+03 6.67330E-03
2.83632E+03 6.44388E-03
2.83728E+03 6.19525E-03
2.83825E+03 5.92804E-03
2.83921E+03 5.62837E-03
2.84017E+03 5.31386E-03
2.84114E+03 4.99971E-03
2.84210E+03 4.69734E-03
2.84307E+03 4.41392E-03
2.84403E+03 4.09691E-03
2.84500E+03 3.79829E-03
2.84596E+03 3.53185E-03
2.84693E+03 3.33312E-03
2.84789E+03 3.13599E-03
2.84885E+03 2.89985E-03
2.84982E+03 2.73379E-03
2.85078E+03 2.58687E-03
2.85175E+03 2.44984E-03
2.85271E+03 2.35855E-03
2.85368E+03 2.28333E-03
2.85464E+03 2.22161E-03
2.85561E+03 2.13125E-03
2.85657E+03 2.02643E-03
2.85753E+03 1.92786E-03
2.85850E+03 1.90932E-03
2.85946E+03 1.93724E-03
2.86043E+03 1.94123E-03
2.86139E+03 1.85206E-03
2.86236E+03 1.75912E-03
2.86332E+03 1.76080E-03
2.86428E+03 1.77418E-03
2.86525E+03 1.79266E-03
2.86621E+03 1.74965E-03
2.86718E+03 1.75348E-03
2.86814E+03 1.72599E-03
2.86911E+03 1.66655E-03
2.87007E+03 1.65037E-03
2.87104E+03 1.64061E-03
2.87200E+03 1.62787E-03
2.87296E+03 1.63402E-03
2.87393E+03 1.64869E-03
2.87489E+03 1.66367E-03
2.87586E+03 1.66389E-03
2.87682E+03 1.68416E-03
2.87779E+03 1.73064E-03
2.87875E+03 1.71270E-03
2.87972E+03 1.70718E-03
2.88068E+03 1.74258E-03
2.88164E+03 1.80279E-03
2.88261E+03 1.82268E-03
2.88357E+03 1.84093E-03
2.88454E+03 1.94420E-03
2.88550E+03 2.01326E-03
2.88647E+03 1.99294E-03
2.88743E+03 1.99841E-03
2.88840E+03 2.05645E-03
2.88936E+03 2.15729E-03
2.89032E+03 2.20486E-03
2.89129E+03 2.29112E-03
2.89225E+03 2.36396E-03
2.89322E+03 2.40540E-03
2.89418E+03 2.46564E-03
2.89515E+03 2.51329E-03
2.89611E+03 2.57897E-03
2.89707E+03 2.65280E-03
2.89804E+03 2.74273E-03
2.89900E+03 2.78559E-03
2.89997E+03 2.86624E-03
2.90093E+03 2.95909E-03
2.90190E+03 3.05320E-03
2.90286E+03 3.14287E-03
2.90383E+03 3.23227E-03
2.90479E+03 3.33799E-03
2.90575E+03 3.42564E-03
2.90672E+03 3.50540E-03
2.90768E+03 3.57008E-03
2.90865E+03 3.68443E-03
2.90961E+03 3.81117E-03
2.91058E+03 3.89669E-03
2.91154E+03 4.01957E-03
2.91251E+03 4.07650E-03
2.91347E+03 4.10259E-03
2.91443E+03 4.14175E-03
2.91540E+03 4.13672E-03
2.91636E+03 4.17697E-03
2.91733E+03 4.24674E-03
2.91829E+03 4.27324E-03
2.91926E+03 4.26327E-03
2.92022E+03 4.28161E-03
2.92118E+03 4.35409E-03
2.92215E+03 4.43433E-03
2.92311E+03 4.50791E-03
2.92408E+03 4.58732E-03
2.92504E+03 4.64154E-03
2.92601E+03 4.75135E-03
2.92697E+03 4.86718E-03
2.92794E+03 4.92287E-03
2.92890E+03 5.01497E-03
2.92986E+03 5.10027E-03
2.93083E+03 5.19137E-03
2.93179E+03 5.30712E-03
2.93276E+03 5.34146E-03
2.93372E+03 5.36266E-03
2.93469E+03 5.43741E-03
2.93565E+03 5.49735E-03
2.93662E+03 5.48397E-03
2.93758E+03 5.42345E-03
2.93854E+03 5.38191E-03
2.93951E+03 5.36898E-03
2.94047E+03 5.37164E-03
2.94144E+03 5.29631E-03
2.94240E+03 5.24134E-03
2.94337E+03 5.22675E-03
2.94433E+03 5.15809E-03
2.94530E+03 5.16689E-03
2.94626E+03 5.15089E-03
2.94722E+03 5.16880E-03
2.94819E+03 5.22488E-03
2.94915E+03 5.30567E-03
2.95012E+03 5.38241E-03
2.95108E+03 5.43386E-03
2.95205E+03 5.56348E-03
2.95301E+03 5.64597E-03
2.95397E+03 5.69801E-03
2.95494E+03 5.75861E-03
2.95590E+03 5.85308E-03
2.95687E+03 5.95482E-03
2.95783E+03 6.00953E-03
2.95880E+03 6.05079E-03
2.95976E+03 6.07543E-03
2.96073E+03 6.08179E-03
2.96169E+03 6.09462E-03
2.96265E+03 6.04824E-03
2.96362E+03 5.94518E-03
2.96458E+03 5.82805E-03
2.96555E+03 5.78196E-03
2.96651E+03 5.71635E-03
2.96748E+03 5.57553E-03
2.96844E+03 5.47638E-03
2.96941E+03 5.35099E-03
2.97037E+03 5.18732E-03
2.97133E+03 5.05302E-03
2.97230E+03 4.87781E-03
2.97326E+03 4.76620E-03
2.97423E+03 4.71076E-03
2.97519E+03 4.58375E-03
2.97616E+03 4.50006E-03
2.97712E+03 4.43312E-03
2.97808E+03 4.40051E-03
2.97905E+03 4.38813E-03
2.98001E+03 4.35372E-03
2.98098E+03 4.34413E-03
2.98194E+03 4.28963E-03
2.98291E+03 4.28346E-03
2.98387E+03 4.35808E-03
2.98484E+03 4.36666E-03
2.98580E+03 4.36930E-03
2.98676E+03 4.44461E-03
2.98773E+03 4.47746E-03
2.98869E+03 4.46044E-03
2.98966E+03 4.38940E-03
2.99062E+03 4.31411E-03
2.99159E+03 4.29263E-03
2.99255E+03 4.23866E-03
2.99352E+03 4.18299E-03
2.99448E+03 4.12657E-03
2.99544E+03 4.01033E-03
2.99641E+03 3.87516E-03
2.99737E+03 3.73857E-03
2.99834E+03 3.60362E-03
2.99930E+03 3.47300E-03
3.00027E+03 3.27943E-03
3.00123E+03 3.09763E-03
3.00220E+03 2.93592E-03
3.00316E+03 2.76705E-03
3.00412E+03 2.62366E-03
3.00509E+03 2.45637E-03
3.00605E+03 2.27391E-03
3.00702E+03 2.11475E-03
3.00798E+03 1.97202E-03
3.00895E+03 1.81576E-03
3.00991E+03 1.70033E-03
3.01087E+03 1.58503E-03
3.01184E+03 1.46750E-03
3.01280E+03 1.40170E-03
3.01377E+03 1.32400E-03
3.01473E+03 1.22267E-03
3.01570E+03 1.12817E-03
3.01666E+03 1.03288E-03
3.01763E+03 9.70412E-04
3.01859E+03 9.76499E-04
3.01955E+03 9.29095E-04
3.02052E+03 9.18005E-04
3.02148E+03 9.40543E-04
3.02245E+03 9.17118E-04
3.02341E+03 8.86187E-04
3.02438E+03 8.74419E-04
3.02534E+03 8.99561E-04
3.02631E+03 9.37384E-04
3.02727E+03 9.74115E-04
3.02823E+03 9.86177E-04
3.02920E+03 1.02521E-03
3.03016E+03 1.04988E-03
3.03113E+03 1.04818E-03
3.03209E+03 1.12516E-03
3.03306E+03 1.21620E-03
3.03402E+03 1.27057E-03
3.03498E+03 1.26836E-03
3.03595E+03 1.29645E-03
3.03691E+03 1.39058E-03
3.03788E+03 1.40812E-03
3.03884E+03 1.45283E-03
3.03981E+03 1.54373E-03
3.04077E+03 1.64993E-03
3.04174E+03 1.70024E-03
3.04270E+03 1.72338E-03
3.04366E+03 1.83296E-03
3.04463E+03 1.90097E-03
3.04559E+03 1.97636E-03
3.04656E+03 2.07478E-03
3.04752E+03 2.11569E-03
3.04849E+03 2.18141E-03
3.04945E+03 2.30634E-03
3.05042E+03 2.38037E-03
3.05138E+03 2.43551E-03
3.05234E+03 2.48116E-03
3.05331E+03 2.55403E-03
3.05427E+03 2.68935E-03
3.05524E+03 2.74772E-03
3.05620E+03 2.83317E-03
3.05717E+03 2.96550E-03
3.05813E+03 3.02262E-03
3.05909E+03 3.02724E-03
3.06006E+03 3.10806E-03
3.06102E+03 3.24425E-03
3.06199E+03 3.30935E-03
3.06295E+03 3.40110E-03
3.06392E+03 3.50995E-03
3.06488E+03 3.61477E-03
3.06585E+03 3.72183E-03
3.06681E+03 3.80293E-03
3.06777E+03 3.89193E-03
3.06874E+03 4.01626E-03
3.06970E+03 4.15498E-03
3.07067E+03 4.27757E-03
3.07163E+03 4.35803E-03
3.07260E+03 4.42280E-03
3.07356E+03 4.49475E-03
3.07453E+03 4.55170E-03
3.07549E+03 4.70980E-03
3.07645E+03 4.81991E-03
3.07742E+03 4.86792E-03
3.07838E+03 4.97526E-03
3.07935E+03 5.07329E-03
3.08031E+03 5.19077E-03
3.08128E+03 5.33618E-03
3.08224E+03 5.44975E-03
3.08321E+03 5.53381E-03
3.08417E+03 5.66007E-03
3.08513E+03 5.78278E-03
3.08610E+03 5.90885E-03
3.08706E+03 6.00278E-03
3.08803E+03 6.09869E-03
3.08899E+03 6.20920E-03
3.08996E+03 6.33985E-03
3.09092E+03 6.50718E-03
3.09188E+03 6.63896E-03
3.09285E+03 6.71137E-03
3.09381E+03 6.82767E-03
3.09478E+03 6.97223E-03
3.09574E+03 7.09208E-03
3.09671E+03 7.21104E-03
3.09767E+03 7.31159E-03
3.09864E+03 7.40732E-03
3.09960E+03 7.56694E-03
3.10056E+03 7.75874E-03
3.10153E+03 7.85140E-03
3.10249E+03 7.89455E-03
3.10346E+03 7.97869E-03
3.10442E+03 8.12882E-03
3.10539E+03 8.29281E-03
3.10635E+03 8.44390E-03
3.10732E+03 8.55543E-03
3.10828E+03 8.65442E-03
3.10924E+03 8.74018E-03
3.11021E+03 8.85418E-03
3.11117E+03 8.99269E-03
3.11214E+03 9.20390E-03
3.11310E+03 9.38465E-03
3.11407E+03 9.48692E-03
3.11503E+03 9.55901E-03
3.11599E+03 9.64341E-03
3.11696E+03 9.78106E-03
3.11792E+03 9.92597E-03
3.11889E+03 1.01308E-02
3.11985E+03 1.03156E-02
3.12082E+03 1.04132E-02
3.12178E+03 1.04949E-02
3.12275E+03 1.06322E-02
3.12371E+03 1.07860E-02
3.12467E+03 1.08903E-02
3.12564E+03 1.09891E-02
3.12660E+03 1.11407E-02
3.12757E+03 1.12767E-02
3.12853E+03 1.14200E-02
3.12950E+03 1.15703E-02
3.13046E+03 1.17113E-02
3.13143E+03 1.19011E-02
3.13239E+03 1.20762E-02
3.13335E+03 1.21658E-02
3.13432E+03 1.22852E-02
3.13528E+03 1.24478E-02
3.13625E+03 1.25970E-02
3.13721E+03 1.27304E-02
3.13818E+03 1.28619E-02
3.13914E+03 1.30381E-02
3.14010E+03 1.31973E-02
3.14107E+03 1.33458E-02
3.14203E+03 1.35012E-02
3.14300E+03 1.35959E-02
3.14396E+03 1.37081E-02
3.14493E+03 1.38778E-02
3.14589E+03 1.40045E-02
3.14686E+03 1.41744E-02
3.14782E+03 1.43340E-02
3.14878E+03 1.45238E-02
3.14975E+03 1.47483E-02
3.15071E+03 1.48592E-02
3.15168E+03 1.50202E-02
3.15264E+03 1.51702E-02
3.15361E+03 1.52786E-02
3.15457E+03 1.54296E-02
3.15554E+03 1.55504E-02
3.15650E+03 1.57147E-02
3.15746E+03 1.58599E-02
3.15843E+03 1.60037E-02
3.15939E+03 1.62078E-02
3.16036E+03 1.63830E-02
3.16132E+03 1.65347E-02
3.16229E+03 1.67255E-02
3.16325E+03 1.68935E-02
3.16422E+03 1.70154E-02
3.16518E+03 1.72018E-02
3.16614E+03 1.73645E-02
3.16711E+03 1.75116E-02
3.16807E+03 1.77061E-02
3.16904E+03 1.79076E-02
3.17000E+03 1.80514E-02
3.17097E+03 1.81824E-02
3.17193E+03 1.83242E-02
3.17289E+03 1.84463E-02
3.17386E+03 1.85803E-02
3.17482E+03 1.87826E-02
3.17579E+03 1.89952E-02
3.17675E+03 1.91073E-02
3.17772E+03 1.92014E-02
3.17868E+03 1.93490E-02
3.17965E+03 1.95261E-02
3.18061E+03 1.96833E-02
3.18157E+03 1.98467E-02
3.18254E+03 1.99945E-02
3.18350E+03 2.00816E-02
3.18447E+03 2.02428E-02
3.18543E+03 2.04350E-02
3.18640E+03 2.06214E-02
3.18736E+03 2.07833E-02
3.18833E+03 2.09068E-02
3.18929E+03 2.10095E-02
3.19025E+03 2.10965E-02
3.19122E+03 2.12617E-02
3.19218E+03 2.14223E-02
3.19315E+03 2.15755E-02
3.19411E+03 2.16932E-02
3.19508E+03 2.17757E-02
3.19604E+03 2.18933E-02
3.19700E+03 2.20592E-02
3.19797E+03 2.21839E-02
3.19893E+03 2.23073E-02
3.19990E+03 2.24807E-02
3.20086E+03 2.25906E-02
3.20183E+03 2.27043E-02
3.20279E+03 2.28492E-02
3.20376E+03 2.30012E-02
3.20472E+03 2.31046E-02
3.20568E+03 2.31945E-02
3.20665E+03 2.32992E-02
3.20761E+03 2.33722E-02
3.20858E+03 2.34676E-02
3.20954E+03 2.35805E-02
3.21051E+03 2.37034E-02
3.21147E+03 2.38086E-02
3.21244E+03 2.38805E-02
3.21340E+03 2.40568E-02
3.21436E+03 2.42196E-02
3.21533E+03 2.42802E-02
3.21629E+03 2.43763E-02
3.21726E+03 2.44168E-02
3.21822E+03 2.44699E-02
3.21919E+03 2.45867E-02
3.22015E+03 2.46700E-02
3.22111E+03 2.47713E-02
3.22208E+03 2.48775E-02
3.22304E+03 2.49438E-02
3.22401E+03 2.50125E-02
3.22497E+03 2.51135E-02
3.22594E+03 2.52235E-02
3.22690E+03 2.53189E-02
3.22787E+03 2.53892E-02
3.22883E+03 2.53972E-02
3.22979E+03 2.53932E-02
3.23076E+03 2.54505E-02
3.23172E+03 2.55212E-02
3.23269E+03 2.55886E-02
3.23365E+03 2.56148E-02
3.23462E+03 2.57102E-02
3.23558E+03 2.57949E-02
3.23655E+03 2.58423E-02
3.23751E+03 2.58838E-02
3.23847E+03 2.58670E-02
3.23944E+03 2.59023E-02
3.24040E+03 2.59394E-02
3.24137E+03 2.59407E-02
3.24233E+03 2.59911E-02
3.24330E+03 2.60633E-02
3.24426E+03 2.61179E-02
3.24523E+03 2.61472E-02
3.24619E+03 2.61541E-02
3.24715E+03 2.62242E-02
3.24812E+03 2.62111E-02
3.24908E+03 2.62102E-02
3.25005E+03 2.62205E-02
3.25101E+03 2.62125E-02
3.25198E+03 2.62671E-02
3.25294E+03 2.62888E-02
3.25390E+03 2.62720E-02
3.25487E+03 2.62469E-02
3.25583E+03 2.62220E-02
3.25680E+03 2.62253E-02
3.25776E+03 2.62685E-02
3.25873E+03 2.62678E-02
3.25969E+03 2.62136E-02
3.26066E+03 2.61645E-02
3.26162E+03 2.62011E-02
3.26258E+03 2.61882E-02
3.26355E+03 2.61587E-02
3.26451E+03 2.61733E-02
3.26548E+03 2.61299E-02
3.26644E+03 2.61560E-02
3.26741E+03 2.61932E-02
3.26837E+03 2.61863E-02
3.26934E+03 2.61032E-02
3.27030E+03 2.60567E-02
3.27126E+03 2.60555E-02
3.27223E+03 2.60270E-02
3.27319E+03 2.59924E-02
3.27416E+03 2.59069E-02
3.27512E+03 2.58387E-02
3.27609E+03 2.58070E-02
3.27705E+03 2.58486E-02
3.27802E+03 2.57864E-02
3.27898E+03 2.56685E-02
3.27994E+03 2.56693E-02
3.28091E+03 2.56993E-02
3.28187E+03 2.56402E-02
3.28284E+03 2.55911E-02
3.28380E+03 2.55580E-02
3.28477E+03 2.54734E-02
3.28573E+03 2.53789E-02
3.28669E+03 2.53059E-02
3.28766E+03 2.53317E-02
3.28862E+03 2.52826E-02
3.28959E+03 2.51333E-02
3.29055E+03 2.50774E-02
3.29152E+03 2.50043E-02
3.29248E+03 2.48839E-02
3.29345E+03 2.48407E-02
3.29441E+03 2.48077E-02
3.29537E+03 2.47655E-02
3.29634E+03 2.46307E-02
3.29730E+03 2.44558E-02
3.29827E+03 2.43864E-02
3.29923E+03 2.43253E-02
3.30020E+03 2.42059E-02
3.30116E+03 2.41226E-02
3.30213E+03 2.41046E-02
3.30309E+03 2.40254E-02
3.30405E+03 2.38637E-02
3.30502E+03 2.37606E-02
3.30598E+03 2.36993E-02
3.30695E+03 2.35584E-02
3.30791E+03 2.34541E-02
3.30888E+03 2.34564E-02
3.30984E+03 2.33449E-02
3.31080E+03 2.31480E-02
3.31177E+03 2.30619E-02
3.31273E+03 2.30189E-02
3.31370E+03 2.29658E-02
3.31466E+03 2.28494E-02
3.31563E+03 2.27196E-02
3.31659E+03 2.26068E-02
3.31756E+03 2.24618E-02
3.31852E+03 2.23311E-02
3.31948E+03 2.22256E-02
3.32045E+03 2.21158E-02
3.32141E+03 2.19648E-02
3.32238E+03 2.18783E-02
3.32334E+03 2.18144E-02
3.32431E+03 2.17019E-02
3.32527E+03 2.16082E-02
3.32624E+03 2.15021E-02
3.32720E+03 2.14054E-02
3.32816E+03 2.13351E-02
3.32913E+03 2.11733E-02
3.33009E+03 2.10181E-02
3.33106E+03 2.08825E-02
3.33202E+03 2.07259E-02
3.33299E+03 2.06041E-02
3.33395E+03 2.04506E-02
3.33492E+03 2.03203E-02
3.33588E+03 2.02410E-02
3.33684E+03 2.01384E-02
3.33781E+03 2.00423E-02
3.33877E+03 1.99229E-02
3.33974E+03 1.97910E-02
3.34070E+03 1.97187E-02
3.34167E+03 1.96088E-02
3.34263E+03 1.95010E-02
3.34359E+03 1.94255E-02
3.34456E+03 1.92847E-02
3.34552E+03 1.91567E-02
3.34649E+03 1.90737E-02
3.34745E+03 1.89423E-02
3.34842E+03 1.88325E-02
3.34938E+03 1.87282E-02
3.35035E+03 1.86242E-02
3.35131E+03 1.84802E-02
3.35227E+03 1.83717E-02
3.35324E+03 1.82906E-02
3.35420E+03 1.81768E-02
3.35517E+03 1.80692E-02
3.35613E+03 1.79112E-02
3.35710E+03 1.77850E-02
3.35806E+03 1.77357E-02
3.35903E+03 1.77182E-02
3.35999E+03 1.76385E-02
3.36095E+03 1.74584E-02
3.36192E+03 1.73117E-02
3.36288E+03 1.72376E-02
3.36385E+03 1.71204E-02
3.36481E+03 1.69917E-02
3.36578E+03 1.68423E-02
3.36674E+03 1.66981E-02
3.36770E+03 1.66196E-02
3.36867E+03 1.65206E-02
3.36963E+03 1.64239E-02
3.37060E+03 1.63108E-02
3.37156E+03 1.62005E-02
3.37253E+03 1.61439E-02
3.37349E+03 1.60690E-02
3.37446E+03 1.59349E-02
3.37542E+03 1.57524E-02
3.37638E+03 1.56097E-02
3.37735E+03 1.55334E-02
3.37831E+03 1.54592E-02
3.37928E+03 1.52847E-02
3.38024E+03 1.50806E-02
3.38121E+03 1.49903E-02
3.38217E+03 1.48959E-02
3.38314E+03 1.47458E-02
3.38410E+03 1.45874E-02
3.38506E+03 1.44749E-02
3.38603E+03 1.43514E-02
3.38699E+03 1.41536E-02
3.38796E+03 1.40091E-02
3.38892E+03 1.39393E-02
3.38989E+03 1.38761E-02
3.39085E+03 1.37752E-02
3.39181E+03 1.36629E-02
3.39278E+03 1.34906E-02
3.39374E+03 1.33065E-02
3.39471E+03 1.31735E-02
3.39567E+03 1.30020E-02
3.39664E+03 1.28798E-02
3.39760E+03 1.27839E-02
3.39857E+03 1.26231E-02
3.39953E+03 1.24974E-02
3.40049E+03 1.23957E-02
3.40146E+03 1.22798E-02
3.40242E+03 1.21141E-02
3.40339E+03 1.20440E-02
3.40435E+03 1.19707E-02
3.40532E+03 1.18041E-02
3.40628E+03 1.16255E-02
3.40725E+03 1.14215E-02
3.40821E+03 1.13084E-02
3.40917E+03 1.11958E-02
3.41014E+03 1.10412E-02
3.41110E+03 1.09337E-02
3.41207E+03 1.08321E-02
3.41303E+03 1.05107E-02
3.41400E+03 1.01295E-02
3.41496E+03 1.02138E-02
3.41593E+03 1.03096E-02
3.41689E+03 1.01841E-02
3.41785E+03 1.00986E-02
3.41882E+03 9.92370E-03
3.41978E+03 9.78145E-03
3.42075E+03 9.68693E-03
3.42171E+03 9.55477E-03
3.42268E+03 9.41707E-03
3.42364E+03 9.28096E-03
3.42460E+03 9.13958E-03
3.42557E+03 8.96021E-03
3.42653E+03 8.84238E-03
3.42750E+03 8.79234E-03
3.42846E+03 8.64457E-03
3.42943E+03 8.38543E-03
3.43039E+03 8.29392E-03
3.43136E+03 8.31138E-03
3.43232E+03 8.21082E-03
3.43328E+03 8.03842E-03
3.43425E+03 7.89912E-03
3.43521E+03 7.86931E-03
3.43618E+03 7.76982E-03
3.43714E+03 7.64289E-03
3.43811E+03 7.52941E-03
3.43907E+03 7.44741E-03
3.44004E+03 7.26867E-03
3.44100E+03 7.08682E-03
3.44196E+03 7.06290E-03
3.44293E+03 6.93741E-03
3.44389E+03 6.76218E-03
3.44486E+03 6.56623E-03
3.44582E+03 6.41335E-03
3.44679E+03 6.38705E-03
3.44775E+03 6.31177E-03
3.44871E+03 6.18080E-03
3.44968E+03 6.07382E-03
3.45064E+03 5.98873E-03
3.45161E+03 5.90910E-03
3.45257E+03 5.82385E-03
3.45354E+03 5.66892E-03
3.45450E+03 5.49949E-03
3.45547E+03 5.45440E-03
3.45643E+03 5.41091E-03
3.45739E+03 5.26038E-03
3.45836E+03 5.19771E-03
3.45932E+03 5.12473E-03
3.46029E+03 5.02244E-03
3.46125E+03 4.91991E-03
3.46222E+03 4.76375E-03
3.46318E+03 4.64102E-03
3.46415E+03 4.51754E-03
3.46511E+03 4.43315E-03
3.46607E+03 4.32128E-03
3.46704E+03 4.19623E-03
3.46800E+03 4.05045E-03
3.46897E+03 3.93864E-03
3.46993E+03 3.83861E-03
3.47090E+03 3.75705E-03
3.47186E+03 3.68067E-03
3.47282E+03 3.57060E-03
3.47379E+03 3.51378E-03
3.47475E+03 3.38597E-03
3.47572E+03 3.26517E-03
3.47668E+03 3.19158E-03
3.47765E+03 3.06949E-03
3.47861E+03 2.97866E-03
3.47958E+03 2.87820E-03
3.48054E+03 2.81012E-03
3.48150E+03 2.72055E-03
3.48247E+03 2.55163E-03
3.48343E+03 2.43961E-03
3.48440E+03 2.35841E-03
3.48536E+03 2.27084E-03
3.48633E+03 2.15598E-03
3.48729E+03 2.05803E-03
3.48826E+03 1.95868E-03
3.48922E+03 1.89069E-03
3.49018E+03 1.81145E-03
3.49115E+03 1.70536E-03
3.49211E+03 1.66534E-03
3.49308E+03 1.51036E-03
3.49404E+03 1.32854E-03
3.49501E+03 1.24690E-03
3.49597E+03 1.17090E-03
3.49694E+03 1.16914E-03
3.49790E+03 1.10060E-03
3.49886E+03 9.29751E-04
3.49983E+03 8.22984E-04
3.50079E+03 7.61211E-04
3.50176E+03 6.77500E-04
3.50272E+03 6.21062E-04
3.50369E+03 5.64955E-04
3.50465E+03 4.38768E-04
3.50561E+03 3.33566E-04
3.50658E+03 2.40065E-04
3.50754E+03 1.56730E-04
3.50851E+03 7.55079E-05
3.50947E+03 -6.68615E-05
3.51044E+03 -1.03112E-04
3.51140E+03 -1.59692E-04
3.51237E+03 -2.96880E-04
3.51333E+03 -3.62352E-04
3.51429E+03 -4.63564E-04
3.51526E+03 -5.29721E-04
3.51622E+03 -5.50788E-04
3.51719E+03 -6.35825E-04
3.51815E+03 -7.28082E-04
3.51912E+03 -7.55385E-04
3.52008E+03 -7.85880E-04
3.52105E+03 -8.69341E-04
3.52201E+03 -9.86096E-04
3.52297E+03 -1.14341E-03
3.52394E+03 -1.23540E-03
3.52490E+03 -1.27766E-03
3.52587E+03 -1.32241E-03
3.52683E+03 -1.40698E-03
3.52780E+03 -1.49210E-03
3.52876E+03 -1.45810E-03
3.52972E+03 -1.53138E-03
3.53069E+03 -1.65898E-03
3.53165E+03 -1.69824E-03
3.53262E+03 -1.79473E-03
3.53358E+03 -1.87584E-03
3.53455E+03 -1.91446E-03
3.53551E+03 -1.99278E-03
3.53648E+03 -2.05408E-03
3.53744E+03 -2.09515E-03
3.53840E+03 -2.15576E-03
3.53937E+03 -2.19395E-03
3.54033E+03 -2.22451E-03
3.54130E+03 -2.23216E-03
3.54226E+03 -2.23279E-03
3.54323E+03 -2.29967E-03
3.54419E+03 -2.43117E-03
3.54516E+03 -2.48844E-03
3.54612E+03 -2.52847E-03
3.54708E+03 -2.57272E-03
3.54805E+03 -2.64420E-03
3.54901E+03 -2.75072E-03
3.54998E+03 -2.73510E-03
3.55094E+03 -2.72230E-03
3.55191E+03 -2.70744E-03
3.55287E+03 -2.71493E-03
3.55383E+03 -2.84978E-03
3.55480E+03 -2.95664E-03
3.55576E+03 -2.94850E-03
3.55673E+03 -2.95671E-03
3.55769E+03 -2.93271E-03
3.55866E+03 -2.94489E-03
3.55962E+03 -3.02307E-03
3.56059E+03 -3.10243E-03
3.56155E+03 -3.18822E-03
3.56251E+03 -3.22019E-03
3.56348E+03 -3.22795E-03
3.56444E+03 -3.22501E-03
3.56541E+03 -3.34762E-03
3.56637E+03 -3.40799E-03
3.56734E+03 -3.33127E-03
3.56830E+03 -3.31851E-03
3.56927E+03 -3.34904E-03
3.57023E+03 -3.33034E-03
3.57119E+03 -3.35297E-03
3.57216E+03 -3.35681E-03
3.57312E+03 -3.31150E-03
3.57409E+03 -3.29409E-03
3.57505E+03 -3.27473E-03
3.57602E+03 -3.28480E-03
3.57698E+03 -3.30537E-03
3.57795E+03 -3.29964E-03
3.57891E+03 -3.24685E-03
3.57987E+03 -3.21633E-03
3.58084E+03 -3.17301E-03
3.58180E+03 -3.08125E-03
3.58277E+03 -3.01646E-03
3.58373E+03 -3.00706E-03
3.58470E+03 -2.93396E-03
3.58566E+03 -2.84177E-03
3.58662E+03 -2.78844E-03
3.58759E+03 -2.73469E-03
3.58855E+03 -2.73216E-03
3.58952E+03 -2.76086E-03
3.59048E+03 -2.79041E-03
3.59145E+03 -2.76521E-03
3.59241E+03 -2.75583E-03
3.59338E+03 -2.77020E-03
3.59434E+03 -2.71735E-03
3.59530E+03 -2.66990E-03
3.59627E+03 -2.73192E-03
3.59723E+03 -2.88672E-03
3.59820E+03 -3.05361E-03
3.59916E+03 -3.23871E-03
3.60013E+03 -3.39555E-03
3.60109E+03 -3.52551E-03
3.60206E+03 -3.60768E-03
3.60302E+03 -3.68927E-03
3.60398E+03 -3.75674E-03
3.60495E+03 -3.77445E-03
3.60591E+03 -3.83482E-03
3.60688E+03 -3.87871E-03
3.60784E+03 -3.87095E-03
3.60881E+03 -3.88787E-03
3.60977E+03 -3.90588E-03
3.61074E+03 -3.93115E-03
3.61170E+03 -3.95388E-03
3.61266E+03 -3.92651E-03
3.61363E+03 -3.88188E-03
3.61459E+03 -3.88790E-03
3.61556E+03 -3.94981E-03
3.61652E+03 -3.93356E-03
3.61749E+03 -3.86928E-03
3.61845E+03 -3.86453E-03
3.61941E+03 -3.87270E-03
3.62038E+03 -3.81787E-03
3.62134E+03 -3.78752E-03
3.62231E+03 -3.81612E-03
3.62327E+03 -3.88069E-03
3.62424E+03 -3.83926E-03
3.62520E+03 -3.77439E-03
3.62617E+03 -3.81540E-03
3.62713E+03 -3.78168E-03
3.62809E+03 -3.77384E-03
3.62906E+03 -3.79990E-03
3.63002E+03 -3.83122E-03
3.63099E+03 -3.85017E-03
3.63195E+03 -3.84435E-03
3.63292E+03 -3.89620E-03
3.63388E+03 -3.93809E-03
3.63485E+03 -3.89714E-03
3.63581E+03 -3.87016E-03
3.63677E+03 -3.89349E-03
3.63774E+03 -3.84639E-03
3.63870E+03 -3.87549E-03
3.63967E+03 -3.92625E-03
3.64063E+03 -3.88352E-03
3.64160E+03 -3.89178E-03
3.64256E+03 -3.84719E-03
3.64352E+03 -3.75018E-03
3.64449E+03 -3.74072E-03
3.64545E+03 -3.75649E-03
3.64642E+03 -3.75087E-03
3.64738E+03 -3.72638E-03
3.64835E+03 -3.67786E-03
3.64931E+03 -3.63532E-03
3.65028E+03 -3.60116E-03
3.65124E+03 -3.58189E-03
3.65220E+03 -3.57143E-03
3.65317E+03 -3.50714E-03
3.65413E+03 -3.48696E-03
3.65510E+03 -3.44907E-03
3.65606E+03 -3.37306E-03
3.65703E+03 -3.37349E-03
3.65799E+03 -3.42136E-03
3.65896E+03 -3.48574E-03
3.65992E+03 -3.46988E-03
3.66088E+03 -3.42651E-03
3.66185E+03 -3.42923E-03
3.66281E+03 -3.50333E-03
3.66378E+03 -3.60662E-03
3.66474E+03 -3.59230E-03
3.66571E+03 -3.57702E-03
3.66667E+03 -3.63744E-03
3.66764E+03 -3.74549E-03
3.66860E+03 -3.74264E-03
3.66956E+03 -3.74928E-03
3.67053E+03 -3.80532E-03
3.67149E+03 -3.74486E-03
3.67246E+03 -3.78551E-03
3.67342E+03 -3.91413E-03
3.67439E+03 -3.99648E-03
3.67535E+03 -4.07285E-03
3.67631E+03 -4.13082E-03
3.67728E+03 -4.14525E-03
3.67824E+03 -4.16907E-03
3.67921E+03 -4.27103E-03
3.68017E+03 -4.32829E-03
3.68114E+03 -4.27411E-03
3.68210E+03 -4.26220E-03
3.68307E+03 -4.30945E-03
3.68403E+03 -4.26181E-03
3.68499E+03 -4.24444E-03
3.68596E+03 -4.26652E-03
3.68692E+03 -4.20306E-03
3.68789E+03 -4.17494E-03
3.68885E+03 -4.06263E-03
3.68982E+03 -3.99728E-03
3.69078E+03 -3.84254E-03
3.69175E+03 -3.48514E-03
3.69271E+03 -3.16900E-03
3.69367E+03 -2.78051E-03
3.69464E+03 -2.20386E-03
3.69560E+03 -1.66553E-03
3.69657E+03 -1.08285E-03
3.69753E+03 -4.27376E-04
3.69850E+03 7.95424E-05
3.69946E+03 3.57401E-04
3.70042E+03 3.89233E-04
3.70139E+03 2.83055E-04
3.70235E+03 -1.00709E-04
3.70332E+03 -7.83119E-04
3.70428E+03 -1.42291E-03
3.70525E+03 -1.95663E-03
3.70621E+03 -2.49458E-03
3.70718E+03 -3.00680E-03
3.70814E+03 -3.43363E-03
3.70910E+03 -3.66891E-03
3.71007E+03 -3.84106E-03
3.71103E+03 -4.03636E-03
3.71200E+03 -4.11716E-03
3.71296E+03 -4.11442E-03
3.71393E+03 -4.21806E-03
3.71489E+03 -4.26848E-03
3.71586E+03 -4.22041E-03
3.71682E+03 -4.27413E-03
3.71778E+03 -4.35635E-03
3.71875E+03 -4.41902E-03
3.71971E+03 -4.38577E-03
3.72068E+03 -4.30322E-03
3.72164E+03 -4.29889E-03
3.72261E+03 -4.34369E-03
3.72357E+03 -4.38284E-03
3.72453E+03 -4.40744E-03
3.72550E+03 -4.46521E-03
3.72646E+03 -4.49910E-03
3.72743E+03 -4.44259E-03
3.72839E+03 -4.43415E-03
3.72936E+03 -4.47269E-03
3.73032E+03 -4.46868E-03
3.73129E+03 -4.48623E-03
3.73225E+03 -4.51185E-03
3.73321E+03 -4.54592E-03
3.73418E+03 -4.49266E-03
3.73514E+03 -4.40378E-03
3.73611E+03 -4.45009E-03
3.73707E+03 -4.54865E-03
3.73804E+03 -4.60066E-03
3.73900E+03 -4.58219E-03
3.73997E+03 -4.58337E-03
3.74093E+03 -4.62645E-03
3.74189E+03 -4.64424E-03
3.74286E+03 -4.65888E-03
3.74382E+03 -4.70148E-03
3.74479E+03 -4.65373E-03
3.74575E+03 -4.68624E-03
3.74672E+03 -4.72688E-03
3.74768E+03 -4.61192E-03
3.74865E+03 -4.65627E-03
3.74961E+03 -4.72073E-03
3.75057E+03 -4.69094E-03
3.75154E+03 -4.66809E-03
3.75250E+03 -4.65113E-03
3.75347E+03 -4.74848E-03
3.75443E+03 -4.83374E-03
3.75540E+03 -4.83979E-03
3.75636E+03 -4.83216E-03
3.75732E+03 -4.79861E-03
3.75829E+03 -4.83658E-03
3.75925E+03 -4.89989E-03
3.76022E+03 -4.83272E-03
3.76118E+03 -4.82938E-03
3.76215E+03 -4.87628E-03
3.76311E+03 -4.84773E-03
3.76408E+03 -4.85027E-03
3.76504E+03 -4.86631E-03
3.76600E+03 -4.78473E-03
3.76697E+03 -4.79755E-03
3.76793E+03 -4.85292E-03
3.76890E+03 -4.83654E-03
3.76986E+03 -4.79300E-03
3.77083E+03 -4.77953E-03
3.77179E+03 -4.84061E-03
3.77276E+03 -4.85413E-03
3.77372E+03 -4.90957E-03
3.77468E+03 -4.95296E-03
3.77565E+03 -4.91682E-03
3.77661E+03 -4.80985E-03
3.77758E+03 -4.85053E-03
3.77854E+03 -4.93107E-03
3.77951E+03 -4.88655E-03
3.78047E+03 -4.94729E-03
3.78143E+03 -4.97500E-03
3.78240E+03 -4.86876E-03
3.78336E+03 -4.88346E-03
3.78433E+03 -4.96104E-03
3.78529E+03 -4.94190E-03
3.78626E+03 -4.89851E-03
3.78722E+03 -4.87221E-03
3.78819E+03 -4.91848E-03
3.78915E+03 -4.99086E-03
3.79011E+03 -5.02526E-03
3.79108E+03 -5.00331E-03
3.79204E+03 -4.93902E-03
3.79301E+03 -4.92744E-03
3.79397E+03 -4.96263E-03
3.79494E+03 -4.95121E-03
3.79590E+03 -4.93862E-03
3.79687E+03 -4.97210E-03
3.79783E+03 -4.94957E-03
3.79879E+03 -4.93938E-03
3.79976E+03 -4.97177E-03
3.80072E+03 -4.89867E-03
3.80169E+03 -4.83038E-03
3.80265E+03 -4.85034E-03
3.80362E+03 -4.87077E-03
3.80458E+03 -4.96588E-03
3.80554E+03 -5.01623E-03
3.80651E+03 -5.01739E-03
3.80747E+03 -5.04817E-03
3.80844E+03 -5.07096E-03
3.80940E+03 -5.01397E-03
3.81037E+03 -4.93221E-03
3.81133E+03 -4.99685E-03
3.81230E+03 -5.02706E-03
3.81326E+03 -4.96683E-03
3.81422E+03 -4.99822E-03
3.81519E+03 -4.99982E-03
3.81615E+03 -4.94098E-03
3.81712E+03 -5.00755E-03
3.81808E+03 -5.04322E-03
3.81905E+03 -5.02213E-03
3.82001E+03 -4.94946E-03
3.82098E+03 -4.96145E-03
3.82194E+03 -5.07744E-03
3.82290E+03 -5.13609E-03
3.82387E+03 -5.11605E-03
3.82483E+03 -5.02664E-03
3.82580E+03 -4.97236E-03
3.82676E+03 -4.97752E-03
3.82773E+03 -5.07766E-03
3.82869E+03 -5.10775E-03
3.82966E+03 -5.06175E-03
3.83062E+03 -5.05382E-03
3.83158E+03 -5.00175E-03
3.83255E+03 -4.97085E-03
3.83351E+03 -5.01320E-03
3.83448E+03 -5.06189E-03
3.83544E+03 -5.08253E-03
3.83641E+03 -5.03091E-03
3.83737E+03 -4.99469E-03
3.83833E+03 -4.95930E-03
3.83930E+03 -4.97339E-03
3.84026E+03 -5.05927E-03
3.84123E+03 -5.04144E-03
3.84219E+03 -5.01546E-03
3.84316E+03 -5.08168E-03
3.84412E+03 -5.14087E-03
3.84509E+03 -5.11711E-03
3.84605E+03 -5.08756E-03
3.84701E+03 -5.07325E-03
3.84798E+03 -4.99902E-03
3.84894E+03 -5.03068E-03
3.84991E+03 -5.06704E-03
3.85087E+03 -5.09610E-03
3.85184E+03 -5.09986E-03
3.85280E+03 -5.04509E-03
3.85377E+03 -4.97914E-03
3.85473E+03 -4.98424E-03
3.85569E+03 -5.13057E-03
3.85666E+03 -5.18220E-03
3.85762E+03 -5.16974E-03
3.85859E+03 -5.12193E-03
3.85955E+03 -5.07722E-03
3.86052E+03 -5.09709E-03
3.86148E+03 -5.16602E-03
3.86244E+03 -5.10965E-03
3.86341E+03 -4.97419E-03
3.86437E+03 -5.04718E-03
3.86534E+03 -5.14161E-03
3.86630E+03 -5.15065E-03
3.86727E+03 -5.17343E-03
3.86823E+03 -5.15976E-03
3.86920E+03 -5.13016E-03
3.87016E+03 -5.14095E-03
3.87112E+03 -5.15805E-03
3.87209E+03 -5.17241E-03
3.87305E+03 -5.14938E-03
3.87402E+03 -5.14795E-03
3.87498E+03 -5.12962E-03
3.87595E+03 -5.03278E-03
3.87691E+03 -5.12533E-03
3.87788E+03 -5.24493E-03
3.87884E+03 -5.19117E-03
3.87980E+03 -5.23019E-03
3.88077E+03 -5.23784E-03
3.88173E+03 -5.18240E-03
3.88270E+03 -5.15200E-03
3.88366E+03 -5.11407E-03
3.88463E+03 -5.14814E-03
3.88559E+03 -5.17380E-03
3.88655E+03 -5.20908E-03
3.88752E+03 -5.29992E-03
3.88848E+03 -5.26441E-03
3.88945E+03 -5.23728E-03
3.89041E+03 -5.29845E-03
3.89138E+03 -5.26315E-03
3.89234E+03 -5.25414E-03
3.89331E+03 -5.31361E-03
3.89427E+03 -5.38484E-03
3.89523E+03 -5.36903E-03
3.89620E+03 -5.31748E-03
3.89716E+03 -5.27856E-03
3.89813E+03 -5.30451E-03
3.89909E+03 -5.23139E-03
3.90006E+03 -5.16498E-03
3.90102E+03 -5.26269E-03
3.90199E+03 -5.22472E-03
3.90295E+03 -5.20359E-03
3.90391E+03 -5.21955E-03
3.90488E+03 -5.25463E-03
3.90584E+03 -5.27695E-03
3.90681E+03 -5.23447E-03
3.90777E+03 -5.28197E-03
3.90874E+03 -5.29283E-03
3.90970E+03 -5.29468E-03
3.91067E+03 -5.40719E-03
3.91163E+03 -5.37157E-03
3.91259E+03 -5.26243E-03
3.91356E+03 -5.31954E-03
3.91452E+03 -5.38342E-03
3.91549E+03 -5.40981E-03
3.91645E+03 -5.33733E-03
3.91742E+03 -5.27544E-03
3.91838E+03 -5.26478E-03
3.91934E+03 -5.24588E-03
3.92031E+03 -5.29495E-03
3.92127E+03 -5.31295E-03
3.92224E+03 -5.42012E-03
3.92320E+03 -5.47691E-03
3.92417E+03 -5.33592E-03
3.92513E+03 -5.30137E-03
3.92610E+03 -5.32112E-03
3.92706E+03 -5.32736E-03
3.92802E+03 -5.31673E-03
3.92899E+03 -5.36280E-03
3.92995E+03 -5.37705E-03
3.93092E+03 -5.31720E-03
3.93188E+03 -5.29135E-03
3.93285E+03 -5.23698E-03
3.93381E+03 -5.23831E-03
3.93478E+03 -5.34782E-03
3.93574E+03 -5.37718E-03
3.93670E+03 -5.39951E-03
3.93767E+03 -5.45239E-03
3.93863E+03 -5.49960E-03
3.93960E+03 -5.52186E-03
3.94056E+03 -5.43961E-03
3.94153E+03 -5.39580E-03
3.94249E+03 -5.35761E-03
3.94346E+03 -5.34808E-03
3.94442E+03 -5.34531E-03
3.94538E+03 -5.36942E-03
3.94635E+03 -5.43576E-03
3.94731E+03 -5.43124E-03
3.94828E+03 -5.36683E-03
3.94924E+03 -5.36475E-03
3.95021E+03 -5.37973E-03
3.95117E+03 -5.36030E-03
3.95213E+03 -5.40496E-03
3.95310E+03 -5.44853E-03
3.95406E+03 -5.44375E-03
3.95503E+03 -5.43648E-03
3.95599E+03 -5.44819E-03
3.95696E+03 -5.40012E-03
3.95792E+03 -5.43236E-03
3.95889E+03 -5.50127E-03
3.95985E+03 -5.48273E-03
3.96081E+03 -5.44971E-03
3.96178E+03 -5.43334E-03
3.96274E+03 -5.42763E-03
3.96371E+03 -5.42255E-03
3.96467E+03 -5.47470E-03
3.96564E+03 -5.50853E-03
3.96660E+03 -5.49141E-03
3.96757E+03 -5.45700E-03
3.96853E+03 -5.41678E-03
3.96949E+03 -5.36982E-03
3.97046E+03 -5.33548E-03
3.97142E+03 -5.35749E-03
3.97239E+03 -5.42099E-03
3.97335E+03 -5.48219E-03
3.97432E+03 -5.50535E-03
3.97528E+03 -5.53831E-03
3.97624E+03 -5.53311E-03
3.97721E+03 -5.50705E-03
3.97817E+03 -5.52917E-03
3.97914E+03 -5.52776E-03
3.98010E+03 -5.47874E-03
3.98107E+03 -5.49491E-03
3.98203E+03 -5.55697E-03
3.98300E+03 -5.47637E-03
3.98396E+03 -5.44021E-03
3.98492E+03 -5.59190E-03
3.98589E+03 -5.59526E-03
3.98685E+03 -5.48380E-03
3.98782E+03 -5.49608E-03
3.98878E+03 -5.50105E-03
3.98975E+03 -5.47414E-03
3.99071E+03 -5.56963E-03
3.99168E+03 -5.61210E-03
3.99264E+03 -5.53353E-03
3.99360E+03 -5.56307E-03
3.99457E+03 -5.57154E-03
3.99553E+03 -5.55116E-03
3.99650E+03 -5.51263E-03
3.99746E+03 -5.41047E-03
3.99843E+03 -5.44672E-03
3.99939E+03 -5.54290E-03
4.00035E+03 -5.48343E-03
4.00132E+03 -5.49586E-03
