# {"full": "H2O:CH3OH:CO2 (0.3:0.7:1)", "name": "H2O:CH3OH:CO2", "ratio": "(0.3:0.7:1)", "url": "https://icedb.strw.leidenuniv.nl/data/49", "author": "Ehrenfreund et al.", "latex_molname": "$\\ce{H2O}$:$\\ce{CH3OH}$:$\\ce{CO2}$ (0.3:0.7:1)", "temperature": 82.0, "index": 431}
3.99264E+02 -1.06209E-02
4.00228E+02 -5.31404E-03
4.01193E+02 4.69499E-03
4.02157E+02 6.63958E-03
4.03122E+02 5.78948E-03
4.04086E+02 2.66230E-03
4.05050E+02 4.17172E-03
4.06015E+02 3.23676E-03
4.06979E+02 -4.25709E-03
4.07944E+02 -9.42713E-03
4.08908E+02 -6.65422E-03
4.09872E+02 -6.04004E-03
4.10837E+02 -6.49210E-03
4.11801E+02 -5.32922E-03
4.12766E+02 -2.30125E-03
4.13730E+02 6.03314E-04
4.14694E+02 -2.29724E-03
4.15659E+02 -7.77263E-04
4.16623E+02 -9.47077E-04
4.17588E+02 -1.20100E-04
4.18552E+02 -2.17253E-03
4.19516E+02 -3.82897E-04
4.20481E+02 -1.73417E-02
4.21445E+02 -4.25140E-02
4.22410E+02 -1.58457E-02
4.23374E+02 1.68344E-03
4.24339E+02 -1.52392E-03
4.25303E+02 -1.12856E-03
4.26267E+02 -9.27281E-04
4.27232E+02 2.63487E-03
4.28196E+02 -3.94320E-03
4.29161E+02 -7.31900E-03
4.30125E+02 -3.76051E-03
4.31089E+02 -2.85174E-03
4.32054E+02 -1.87139E-03
4.33018E+02 -1.15508E-03
4.33983E+02 -1.97389E-03
4.34947E+02 -2.98005E-04
4.35911E+02 1.85555E-03
4.36876E+02 1.92983E-03
4.37840E+02 -1.19867E-03
4.38805E+02 -2.24537E-03
4.39769E+02 1.14506E-03
4.40733E+02 7.97667E-04
4.41698E+02 7.23445E-03
4.42662E+02 8.67671E-03
4.43627E+02 -1.23714E-03
4.44591E+02 -3.44525E-03
4.45555E+02 -2.19654E-03
4.46520E+02 -2.26448E-03
4.47484E+02 -2.89439E-03
4.48449E+02 -5.35244E-03
4.49413E+02 -5.27015E-03
4.50377E+02 -1.83504E-04
4.51342E+02 4.44677E-04
4.52306E+02 3.31707E-04
4.53271E+02 -1.08909E-04
4.54235E+02 -1.24751E-03
4.55199E+02 -2.58915E-03
4.56164E+02 -2.76822E-03
4.57128E+02 -7.65547E-06
4.58093E+02 2.20492E-04
4.59057E+02 9.53712E-05
4.60022E+02 -9.05581E-05
4.60986E+02 5.66222E-04
4.61950E+02 2.12424E-03
4.62915E+02 1.59690E-02
4.63879E+02 1.57648E-02
4.64844E+02 2.49702E-04
4.65808E+02 -6.36272E-04
4.66772E+02 -4.85715E-04
4.67737E+02 -1.13649E-03
4.68701E+02 -1.06484E-03
4.69666E+02 -1.31648E-03
4.70630E+02 -1.56930E-03
4.71594E+02 -8.91995E-04
4.72559E+02 -4.82194E-04
4.73523E+02 -7.75222E-04
4.74488E+02 -1.66663E-03
4.75452E+02 -1.50418E-03
4.76416E+02 -2.46648E-03
4.77381E+02 -2.24925E-03
4.78345E+02 3.35019E-04
4.79310E+02 -9.15267E-05
4.80274E+02 -1.03258E-03
4.81238E+02 -9.19290E-04
4.82203E+02 -6.34685E-04
4.83167E+02 -6.62878E-04
4.84132E+02 -1.41664E-03
4.85096E+02 -1.48096E-03
4.86060E+02 -8.93001E-04
4.87025E+02 -8.71770E-04
4.87989E+02 -2.89567E-04
4.88954E+02 -7.95238E-05
4.89918E+02 -8.58784E-04
4.90883E+02 -1.58852E-03
4.91847E+02 -1.24430E-03
4.92811E+02 -6.82704E-04
4.93776E+02 -1.15632E-03
4.94740E+02 -6.52876E-04
4.95705E+02 -9.00183E-04
4.96669E+02 -1.27709E-03
4.97633E+02 -2.45841E-03
4.98598E+02 -2.58510E-03
4.99562E+02 -8.16211E-05
5.00527E+02 2.29981E-04
5.01491E+02 -1.32974E-04
5.02455E+02 -1.16508E-04
5.03420E+02 3.01749E-06
5.04384E+02 5.20550E-04
5.05349E+02 2.99040E-04
5.06313E+02 -9.14086E-04
5.07277E+02 -9.53872E-04
5.08242E+02 -1.12879E-03
5.09206E+02 -1.34671E-03
5.10171E+02 -6.90285E-04
5.11135E+02 -5.01115E-04
5.12099E+02 -1.04605E-03
5.13064E+02 -1.24025E-03
5.14028E+02 -8.69107E-04
5.14993E+02 -1.01319E-03
5.15957E+02 -8.49050E-04
5.16921E+02 -1.00448E-03
5.17886E+02 -1.29166E-03
5.18850E+02 -2.87824E-03
5.19815E+02 -2.82267E-03
5.20779E+02 -1.45666E-04
5.21743E+02 1.70354E-04
5.22708E+02 -2.72423E-04
5.23672E+02 -4.34346E-04
5.24637E+02 -2.92689E-04
5.25601E+02 -2.74803E-04
5.26565E+02 -4.48611E-04
5.27530E+02 -3.76448E-04
5.28494E+02 -2.58166E-04
5.29459E+02 -3.65756E-04
5.30423E+02 -3.92653E-04
5.31388E+02 -1.22041E-05
5.32352E+02 -1.16013E-04
5.33316E+02 -3.62050E-04
5.34281E+02 1.00184E-04
5.35245E+02 7.79815E-05
5.36210E+02 4.23156E-05
5.37174E+02 3.14124E-04
5.38138E+02 -8.56742E-05
5.39103E+02 -3.28038E-04
5.40067E+02 -2.69059E-04
5.41032E+02 4.23666E-04
5.41996E+02 3.94784E-04
5.42960E+02 1.79727E-04
5.43925E+02 1.58649E-04
5.44889E+02 -9.12212E-05
5.45854E+02 2.95080E-05
5.46818E+02 -2.13541E-04
5.47782E+02 -2.30823E-04
5.48747E+02 1.37195E-04
5.49711E+02 4.53647E-04
5.50676E+02 6.48137E-04
5.51640E+02 3.71400E-04
5.52604E+02 1.68934E-04
5.53569E+02 3.69433E-04
5.54533E+02 6.36432E-04
5.55498E+02 3.31402E-04
5.56462E+02 4.89801E-05
5.57427E+02 1.48784E-04
5.58391E+02 4.43269E-04
5.59355E+02 4.97136E-04
5.60320E+02 2.13441E-04
5.61284E+02 8.22768E-05
5.62249E+02 -1.78266E-04
5.63213E+02 -7.20099E-05
5.64177E+02 2.49971E-04
5.65142E+02 4.45802E-04
5.66106E+02 5.19939E-04
5.67071E+02 5.70424E-04
5.68035E+02 6.55599E-04
5.68999E+02 5.78143E-04
5.69964E+02 4.16841E-04
5.70928E+02 3.95253E-04
5.71893E+02 5.53977E-04
5.72857E+02 5.41050E-04
5.73821E+02 6.38690E-04
5.74786E+02 6.88225E-04
5.75750E+02 -9.80638E-04
5.76715E+02 -1.15672E-03
5.77679E+02 4.94096E-04
5.78643E+02 7.69485E-04
5.79608E+02 6.58002E-04
5.80572E+02 6.78923E-04
5.81537E+02 1.01967E-03
5.82501E+02 7.28820E-04
5.83465E+02 3.05235E-04
5.84430E+02 7.27780E-04
5.85394E+02 7.21812E-04
5.86359E+02 5.89874E-04
5.87323E+02 6.84239E-04
5.88287E+02 7.46306E-04
5.89252E+02 6.87670E-04
5.90216E+02 6.62625E-04
5.91181E+02 8.03873E-04
5.92145E+02 8.81590E-04
5.93109E+02 1.00999E-03
5.94074E+02 1.01816E-03
5.95038E+02 9.29084E-04
5.96003E+02 5.53560E-04
5.96967E+02 4.91131E-04
5.97932E+02 9.91065E-04
5.98896E+02 1.15777E-03
5.99860E+02 1.17211E-03
6.00825E+02 1.15465E-03
6.01789E+02 1.14836E-03
6.02754E+02 1.06940E-03
6.03718E+02 9.38687E-04
6.04682E+02 1.20676E-03
6.05647E+02 1.39994E-03
6.06611E+02 1.41480E-03
6.07576E+02 1.30758E-03
6.08540E+02 1.37897E-03
6.09504E+02 1.58110E-03
6.10469E+02 1.53280E-03
6.11433E+02 1.54650E-03
6.12398E+02 1.54071E-03
6.13362E+02 1.59964E-03
6.14326E+02 1.65565E-03
6.15291E+02 1.83274E-03
6.16255E+02 2.15932E-03
6.17220E+02 1.98713E-03
6.18184E+02 1.68662E-03
6.19148E+02 1.95173E-03
6.20113E+02 2.34005E-03
6.21077E+02 2.41664E-03
6.22042E+02 2.61754E-03
6.23006E+02 2.89990E-03
6.23971E+02 2.97113E-03
6.24935E+02 3.04355E-03
6.25899E+02 3.21300E-03
6.26864E+02 3.32705E-03
6.27828E+02 3.46686E-03
6.28793E+02 3.87793E-03
6.29757E+02 4.42621E-03
6.30721E+02 4.65174E-03
6.31686E+02 5.06679E-03
6.32650E+02 5.78381E-03
6.33615E+02 6.32206E-03
6.34579E+02 6.88284E-03
6.35543E+02 7.77728E-03
6.36508E+02 8.87090E-03
6.37472E+02 9.93345E-03
6.38437E+02 1.08159E-02
6.39401E+02 1.17067E-02
6.40365E+02 1.30982E-02
6.41330E+02 1.44642E-02
6.42294E+02 1.60041E-02
6.43259E+02 1.74652E-02
6.44223E+02 1.86932E-02
6.45187E+02 2.00295E-02
6.46152E+02 2.09542E-02
6.47116E+02 2.16615E-02
6.48081E+02 2.21868E-02
6.49045E+02 2.23173E-02
6.50009E+02 2.21540E-02
6.50974E+02 2.18691E-02
6.51938E+02 2.17227E-02
6.52903E+02 2.16667E-02
6.53867E+02 2.31967E-02
6.54831E+02 2.56435E-02
6.55796E+02 2.63514E-02
6.56760E+02 2.56686E-02
6.57725E+02 2.51912E-02
6.58689E+02 2.50351E-02
6.59654E+02 2.56856E-02
6.60618E+02 2.53220E-02
6.61582E+02 2.30938E-02
6.62547E+02 2.08439E-02
6.63511E+02 1.85619E-02
6.64476E+02 1.62167E-02
6.65440E+02 1.40872E-02
6.66404E+02 1.21055E-02
6.67369E+02 1.02459E-02
6.68333E+02 8.56253E-03
6.69298E+02 7.01427E-03
6.70262E+02 5.83455E-03
6.71226E+02 4.95980E-03
6.72191E+02 4.27441E-03
6.73155E+02 3.89897E-03
6.74120E+02 3.36996E-03
6.75084E+02 2.71800E-03
6.76048E+02 2.39422E-03
6.77013E+02 2.07706E-03
6.77977E+02 1.83770E-03
6.78942E+02 1.73506E-03
6.79906E+02 1.63273E-03
6.80870E+02 1.87376E-03
6.81835E+02 2.07424E-03
6.82799E+02 1.97177E-03
6.83764E+02 1.98010E-03
6.84728E+02 2.06738E-03
6.85692E+02 1.95925E-03
6.86657E+02 2.02257E-03
6.87621E+02 2.24516E-03
6.88586E+02 2.24170E-03
6.89550E+02 1.92960E-03
6.90514E+02 2.11887E-03
6.91479E+02 2.11780E-03
6.92443E+02 2.25267E-03
6.93408E+02 1.71398E-03
6.94372E+02 3.96777E-03
6.95337E+02 7.52085E-03
6.96301E+02 4.83314E-03
6.97265E+02 2.89750E-03
6.98230E+02 3.08387E-03
6.99194E+02 2.57482E-03
7.00159E+02 2.38310E-03
7.01123E+02 1.27038E-03
7.02087E+02 1.13235E-03
7.03052E+02 2.49434E-03
7.04016E+02 3.27748E-03
7.04981E+02 3.15068E-03
7.05945E+02 1.63862E-03
7.06909E+02 1.72018E-03
7.07874E+02 2.59755E-03
7.08838E+02 2.49056E-03
7.09803E+02 2.44454E-03
7.10767E+02 2.58651E-03
7.11731E+02 2.76535E-03
7.12696E+02 2.83416E-03
7.13660E+02 2.86099E-03
7.14625E+02 2.82519E-03
7.15589E+02 2.93859E-03
7.16553E+02 2.86819E-03
7.17518E+02 2.99535E-03
7.18482E+02 3.14495E-03
7.19447E+02 2.99400E-03
7.20411E+02 2.92676E-03
7.21375E+02 3.01452E-03
7.22340E+02 3.05217E-03
7.23304E+02 3.13901E-03
7.24269E+02 3.26270E-03
7.25233E+02 3.37710E-03
7.26198E+02 3.31375E-03
7.27162E+02 3.30431E-03
7.28126E+02 3.45893E-03
7.29091E+02 3.54040E-03
7.30055E+02 3.83886E-03
7.31020E+02 3.84173E-03
7.31984E+02 3.53665E-03
7.32948E+02 3.58140E-03
7.33913E+02 3.70690E-03
7.34877E+02 3.65964E-03
7.35842E+02 3.66860E-03
7.36806E+02 3.91471E-03
7.37770E+02 3.64976E-03
7.38735E+02 3.42675E-03
7.39699E+02 3.68824E-03
7.40664E+02 3.71775E-03
7.41628E+02 3.58026E-03
7.42592E+02 3.59675E-03
7.43557E+02 3.52378E-03
7.44521E+02 3.46807E-03
7.45486E+02 3.60207E-03
7.46450E+02 3.71078E-03
7.47414E+02 3.80069E-03
7.48379E+02 3.85699E-03
7.49343E+02 3.82897E-03
7.50308E+02 3.74273E-03
7.51272E+02 3.39302E-03
7.52236E+02 3.48755E-03
7.53201E+02 3.84552E-03
7.54165E+02 3.93509E-03
7.55130E+02 3.96260E-03
7.56094E+02 3.95820E-03
7.57058E+02 4.07191E-03
7.58023E+02 3.99738E-03
7.58987E+02 3.83570E-03
7.59952E+02 3.89140E-03
7.60916E+02 4.00281E-03
7.61880E+02 4.03101E-03
7.62845E+02 4.07470E-03
7.63809E+02 4.07554E-03
7.64774E+02 3.98520E-03
7.65738E+02 4.02244E-03
7.66703E+02 4.14323E-03
7.67667E+02 4.15959E-03
7.68631E+02 4.34101E-03
7.69596E+02 4.40616E-03
7.70560E+02 4.45994E-03
7.71525E+02 4.49820E-03
7.72489E+02 3.51529E-03
7.73453E+02 3.30609E-03
7.74418E+02 3.91753E-03
7.75382E+02 3.95526E-03
7.76347E+02 3.94910E-03
7.77311E+02 3.98459E-03
7.78275E+02 3.91445E-03
7.79240E+02 3.89289E-03
7.80204E+02 3.92774E-03
7.81169E+02 4.02731E-03
7.82133E+02 4.15217E-03
7.83097E+02 4.14821E-03
7.84062E+02 4.11698E-03
7.85026E+02 3.91448E-03
7.85991E+02 4.13587E-03
7.86955E+02 4.37096E-03
7.87919E+02 4.29078E-03
7.88884E+02 4.27311E-03
7.89848E+02 4.21960E-03
7.90813E+02 4.26813E-03
7.91777E+02 4.37878E-03
7.92742E+02 4.42576E-03
7.93706E+02 4.23844E-03
7.94670E+02 4.17872E-03
7.95635E+02 4.21515E-03
7.96599E+02 4.18165E-03
7.97564E+02 4.24960E-03
7.98528E+02 4.25703E-03
7.99492E+02 4.26998E-03
8.00457E+02 4.28597E-03
8.01421E+02 4.14132E-03
8.02386E+02 4.16319E-03
8.03350E+02 4.25112E-03
8.04314E+02 4.23929E-03
8.05279E+02 4.16471E-03
8.06243E+02 4.30248E-03
8.07208E+02 4.48572E-03
8.08172E+02 4.22989E-03
8.09136E+02 4.03709E-03
8.10101E+02 4.07520E-03
8.11065E+02 4.15555E-03
8.12030E+02 4.15761E-03
8.12994E+02 4.12003E-03
8.13958E+02 4.10638E-03
8.14923E+02 4.26692E-03
8.15887E+02 4.32406E-03
8.16852E+02 4.15378E-03
8.17816E+02 4.08988E-03
8.18780E+02 4.16502E-03
8.19745E+02 4.21047E-03
8.20709E+02 4.21850E-03
8.21674E+02 4.16866E-03
8.22638E+02 4.16353E-03
8.23602E+02 4.23842E-03
8.24567E+02 4.08331E-03
8.25531E+02 3.91830E-03
8.26496E+02 3.94933E-03
8.27460E+02 4.07081E-03
8.28424E+02 3.92040E-03
8.29389E+02 3.75340E-03
8.30353E+02 3.80959E-03
8.31318E+02 3.84562E-03
8.32282E+02 3.86249E-03
8.33247E+02 3.80073E-03
8.34211E+02 3.82120E-03
8.35175E+02 3.83327E-03
8.36140E+02 3.71464E-03
8.37104E+02 3.66237E-03
8.38069E+02 3.67241E-03
8.39033E+02 3.62913E-03
8.39997E+02 3.72121E-03
8.40962E+02 3.68813E-03
8.41926E+02 3.50675E-03
8.42891E+02 3.61031E-03
8.43855E+02 3.79355E-03
8.44819E+02 3.56343E-03
8.45784E+02 3.36356E-03
8.46748E+02 3.34427E-03
8.47713E+02 3.36362E-03
8.48677E+02 3.42434E-03
8.49641E+02 3.33171E-03
8.50606E+02 3.24143E-03
8.51570E+02 3.28264E-03
8.52535E+02 3.12698E-03
8.53499E+02 2.98079E-03
8.54463E+02 2.98454E-03
8.55428E+02 2.94861E-03
8.56392E+02 3.10431E-03
8.57357E+02 3.41189E-03
8.58321E+02 2.92430E-03
8.59286E+02 3.00153E-03
8.60250E+02 3.39557E-03
8.61214E+02 2.64122E-03
8.62179E+02 2.99070E-03
8.63143E+02 3.11593E-03
8.64108E+02 3.11119E-03
8.65072E+02 3.27496E-03
8.66036E+02 3.20228E-03
8.67001E+02 3.48222E-03
8.67965E+02 3.32678E-03
8.68930E+02 3.23248E-03
8.69894E+02 3.11361E-03
8.70858E+02 2.93025E-03
8.71823E+02 2.91062E-03
8.72787E+02 3.01496E-03
8.73752E+02 3.02050E-03
8.74716E+02 2.70151E-03
8.75680E+02 2.42469E-03
8.76645E+02 2.28903E-03
8.77609E+02 2.42246E-03
8.78574E+02 2.57248E-03
8.79538E+02 2.61770E-03
8.80502E+02 2.47554E-03
8.81467E+02 2.45848E-03
8.82431E+02 2.48177E-03
8.83396E+02 2.48147E-03
8.84360E+02 2.89438E-03
8.85324E+02 2.54236E-03
8.86289E+02 2.03190E-03
8.87253E+02 2.13849E-03
8.88218E+02 2.10610E-03
8.89182E+02 1.97807E-03
8.90146E+02 1.93774E-03
8.91111E+02 2.06938E-03
8.92075E+02 2.21643E-03
8.93040E+02 2.04800E-03
8.94004E+02 1.92929E-03
8.94969E+02 1.89839E-03
8.95933E+02 1.93071E-03
8.96897E+02 2.02874E-03
8.97862E+02 2.16204E-03
8.98826E+02 2.19993E-03
8.99791E+02 1.82388E-03
9.00755E+02 1.56939E-03
9.01719E+02 1.60287E-03
9.02684E+02 1.59532E-03
9.03648E+02 1.54662E-03
9.04613E+02 1.50325E-03
9.05577E+02 1.38266E-03
9.06541E+02 1.35515E-03
9.07506E+02 1.31240E-03
9.08470E+02 1.23427E-03
9.09435E+02 1.26002E-03
9.10399E+02 1.30884E-03
9.11363E+02 1.29630E-03
9.12328E+02 1.28364E-03
9.13292E+02 1.28841E-03
9.14257E+02 1.20891E-03
9.15221E+02 1.17814E-03
9.16185E+02 1.16707E-03
9.17150E+02 1.14693E-03
9.18114E+02 1.06735E-03
9.19079E+02 1.13894E-03
9.20043E+02 1.11388E-03
9.21007E+02 9.47218E-04
9.21972E+02 9.44693E-04
9.22936E+02 9.60290E-04
9.23901E+02 9.11567E-04
9.24865E+02 8.57349E-04
9.25829E+02 7.86699E-04
9.26794E+02 5.88238E-04
9.27758E+02 6.50011E-04
9.28723E+02 7.23187E-04
9.29687E+02 6.67430E-04
9.30651E+02 5.81667E-04
9.31616E+02 5.37213E-04
9.32580E+02 5.42674E-04
9.33545E+02 4.21494E-04
9.34509E+02 4.84932E-04
9.35474E+02 5.00318E-04
9.36438E+02 4.13299E-04
9.37402E+02 4.66064E-04
9.38367E+02 5.05973E-04
9.39331E+02 3.80047E-04
9.40296E+02 4.33836E-04
9.41260E+02 4.75343E-04
9.42224E+02 3.78806E-04
9.43189E+02 3.65205E-04
9.44153E+02 3.30351E-04
9.45118E+02 2.49613E-04
9.46082E+02 1.76527E-04
9.47046E+02 2.72758E-04
9.48011E+02 1.15465E-04
9.48975E+02 -1.52294E-04
9.49940E+02 -6.02864E-05
9.50904E+02 -2.60584E-05
9.51868E+02 -4.90062E-05
9.52833E+02 1.53631E-05
9.53797E+02 -1.54041E-05
9.54762E+02 -6.75432E-05
9.55726E+02 -5.90049E-05
9.56690E+02 -1.34010E-04
9.57655E+02 -1.91744E-04
9.58619E+02 -1.27245E-04
9.59584E+02 -2.05316E-04
9.60548E+02 -3.07210E-04
9.61513E+02 -2.55622E-04
9.62477E+02 -1.10660E-04
9.63441E+02 -7.41631E-05
9.64406E+02 -1.24961E-04
9.65370E+02 -1.62855E-04
9.66335E+02 -2.95982E-04
9.67299E+02 -2.77907E-04
9.68263E+02 -2.58870E-04
9.69228E+02 -4.17162E-04
9.70192E+02 -3.63052E-04
9.71157E+02 -3.18754E-04
9.72121E+02 -3.83765E-04
9.73085E+02 -4.10192E-04
9.74050E+02 -3.81116E-04
9.75014E+02 -2.89094E-04
9.75979E+02 -2.62961E-04
9.76943E+02 -2.93367E-04
9.77907E+02 -2.77609E-04
9.78872E+02 -3.08808E-04
9.79836E+02 -3.22863E-04
9.80801E+02 -3.75971E-04
9.81765E+02 -3.90969E-04
9.82729E+02 -5.92865E-04
9.83694E+02 -6.73570E-04
9.84658E+02 -4.22910E-04
9.85623E+02 -3.40614E-04
9.86587E+02 -3.00452E-04
9.87551E+02 -3.31152E-04
9.88516E+02 -1.73844E-04
9.89480E+02 -1.01089E-04
9.90445E+02 -3.38621E-04
9.91409E+02 -4.09041E-04
9.92373E+02 -2.95080E-04
9.93338E+02 -2.38549E-04
9.94302E+02 -1.15104E-04
9.95267E+02 8.03508E-05
9.96231E+02 1.25237E-04
9.97195E+02 3.03801E-04
9.98160E+02 6.07837E-04
9.99124E+02 8.91786E-04
1.00009E+03 1.31211E-03
1.00105E+03 1.73683E-03
1.00202E+03 2.23807E-03
1.00298E+03 2.98440E-03
1.00395E+03 2.27794E-03
1.00491E+03 2.43298E-03
1.00588E+03 4.30979E-03
1.00684E+03 5.48827E-03
1.00780E+03 6.52952E-03
1.00877E+03 7.51355E-03
1.00973E+03 8.47888E-03
1.01070E+03 9.57440E-03
1.01166E+03 1.07789E-02
1.01263E+03 1.18022E-02
1.01359E+03 1.29183E-02
1.01455E+03 1.41923E-02
1.01552E+03 1.55829E-02
1.01648E+03 1.69630E-02
1.01745E+03 1.88132E-02
1.01841E+03 2.05266E-02
1.01938E+03 2.15518E-02
1.02034E+03 2.28472E-02
1.02131E+03 2.40701E-02
1.02227E+03 2.49072E-02
1.02323E+03 2.56059E-02
1.02420E+03 2.61598E-02
1.02516E+03 2.60888E-02
1.02613E+03 2.59991E-02
1.02709E+03 2.60409E-02
1.02806E+03 2.54922E-02
1.02902E+03 2.47823E-02
1.02999E+03 2.42217E-02
1.03095E+03 2.34726E-02
1.03191E+03 2.25597E-02
1.03288E+03 2.16462E-02
1.03384E+03 2.05240E-02
1.03481E+03 1.93533E-02
1.03577E+03 1.82456E-02
1.03674E+03 1.69615E-02
1.03770E+03 1.59296E-02
1.03866E+03 1.40536E-02
1.03963E+03 1.15417E-02
1.04059E+03 1.06576E-02
1.04156E+03 9.80465E-03
1.04252E+03 8.46422E-03
1.04349E+03 7.07825E-03
1.04445E+03 5.86896E-03
1.04542E+03 4.33445E-03
1.04638E+03 2.90290E-03
1.04734E+03 2.65746E-03
1.04831E+03 2.20525E-03
1.04927E+03 1.52459E-03
1.05024E+03 1.04485E-03
1.05120E+03 6.44963E-04
1.05217E+03 3.69418E-04
1.05313E+03 1.69110E-04
1.05410E+03 2.32086E-06
1.05506E+03 -1.33842E-04
1.05602E+03 -1.95276E-04
1.05699E+03 -2.50198E-04
1.05795E+03 -2.63389E-04
1.05892E+03 -3.16132E-04
1.05988E+03 6.15381E-05
1.06085E+03 2.56550E-04
1.06181E+03 -1.07802E-04
1.06278E+03 -2.48265E-04
1.06374E+03 -4.03780E-04
1.06470E+03 -4.57697E-04
1.06567E+03 -4.36455E-04
1.06663E+03 -6.82097E-04
1.06760E+03 -7.95938E-04
1.06856E+03 -4.82831E-04
1.06953E+03 -4.32163E-04
1.07049E+03 -5.17111E-04
1.07145E+03 -5.22621E-04
1.07242E+03 -6.54303E-04
1.07338E+03 -6.52313E-04
1.07435E+03 -4.68314E-04
1.07531E+03 -4.90986E-04
1.07628E+03 -6.32089E-04
1.07724E+03 -6.54101E-04
1.07821E+03 -8.26698E-04
1.07917E+03 -9.49897E-04
1.08013E+03 -1.30969E-03
1.08110E+03 -6.26072E-04
1.08206E+03 6.11588E-04
1.08303E+03 1.49339E-04
1.08399E+03 -4.18141E-04
1.08496E+03 -4.98436E-04
1.08592E+03 -4.46685E-04
1.08689E+03 -3.48069E-04
1.08785E+03 -2.75604E-04
1.08881E+03 -3.92839E-04
1.08978E+03 -4.26814E-04
1.09074E+03 -3.77424E-04
1.09171E+03 -4.38109E-04
1.09267E+03 -4.72035E-04
1.09364E+03 -4.91478E-04
1.09460E+03 -5.07254E-04
1.09556E+03 -6.80961E-04
1.09653E+03 -6.09711E-04
1.09749E+03 -4.83502E-04
1.09846E+03 -5.30697E-04
1.09942E+03 -4.74833E-04
1.10039E+03 -3.77268E-04
1.10135E+03 -3.58071E-04
1.10232E+03 -3.59613E-04
1.10328E+03 -3.13077E-04
1.10424E+03 -2.00722E-04
1.10521E+03 -4.50611E-05
1.10617E+03 1.74288E-04
1.10714E+03 3.98844E-04
1.10810E+03 4.71175E-04
1.10907E+03 5.78772E-04
1.11003E+03 7.88920E-04
1.11100E+03 9.11102E-04
1.11196E+03 9.93941E-04
1.11292E+03 1.06455E-03
1.11389E+03 1.18737E-03
1.11485E+03 1.28419E-03
1.11582E+03 1.21810E-03
1.11678E+03 1.45335E-03
1.11775E+03 1.75888E-03
1.11871E+03 1.78786E-03
1.11968E+03 1.81426E-03
1.12064E+03 1.78153E-03
1.12160E+03 1.78737E-03
1.12257E+03 1.77512E-03
1.12353E+03 1.89332E-03
1.12450E+03 2.14565E-03
1.12546E+03 2.15587E-03
1.12643E+03 2.08645E-03
1.12739E+03 2.04149E-03
1.12835E+03 2.00286E-03
1.12932E+03 1.95925E-03
1.13028E+03 1.95086E-03
1.13125E+03 1.98714E-03
1.13221E+03 1.90580E-03
1.13318E+03 1.81329E-03
1.13414E+03 1.68845E-03
1.13511E+03 1.53498E-03
1.13607E+03 1.38817E-03
1.13703E+03 1.28039E-03
1.13800E+03 1.05553E-03
1.13896E+03 8.05698E-04
1.13993E+03 6.26519E-04
1.14089E+03 4.67941E-04
1.14186E+03 3.07109E-04
1.14282E+03 9.39779E-05
1.14379E+03 -1.05962E-04
1.14475E+03 -1.64758E-04
1.14571E+03 -2.03121E-04
1.14668E+03 -3.01238E-04
1.14764E+03 -3.66535E-04
1.14861E+03 -4.24404E-04
1.14957E+03 -3.91256E-04
1.15054E+03 -3.87266E-04
1.15150E+03 -4.88330E-04
1.15246E+03 -5.44064E-04
1.15343E+03 -3.75856E-04
1.15439E+03 -1.06022E-04
1.15536E+03 -1.40298E-04
1.15632E+03 -2.39514E-04
1.15729E+03 -2.39443E-04
1.15825E+03 -2.29120E-04
1.15922E+03 -3.34296E-04
1.16018E+03 -4.44263E-04
1.16114E+03 -4.33184E-04
1.16211E+03 -4.50794E-04
1.16307E+03 -4.05293E-04
1.16404E+03 -4.11570E-04
1.16500E+03 -4.84046E-04
1.16597E+03 -5.29125E-04
1.16693E+03 -5.38778E-04
1.16790E+03 -5.17819E-04
1.16886E+03 -4.58091E-04
1.16982E+03 -5.33581E-04
1.17079E+03 -6.07014E-04
1.17175E+03 -6.61619E-04
1.17272E+03 -6.72787E-04
1.17368E+03 -6.11711E-04
1.17465E+03 -6.42031E-04
1.17561E+03 -6.18305E-04
1.17657E+03 -5.27039E-04
1.17754E+03 -5.16009E-04
1.17850E+03 -5.75483E-04
1.17947E+03 -5.88223E-04
1.18043E+03 -6.24288E-04
1.18140E+03 -6.26087E-04
1.18236E+03 -6.05777E-04
1.18333E+03 -6.08642E-04
1.18429E+03 -5.96348E-04
1.18525E+03 -6.28535E-04
1.18622E+03 -6.22407E-04
1.18718E+03 -6.32178E-04
1.18815E+03 -6.29231E-04
1.18911E+03 -5.86949E-04
1.19008E+03 -6.26598E-04
1.19104E+03 -6.38027E-04
1.19201E+03 -7.07712E-04
1.19297E+03 -7.04546E-04
1.19393E+03 -4.93627E-04
1.19490E+03 -5.04408E-04
1.19586E+03 -6.43294E-04
1.19683E+03 -6.62614E-04
1.19779E+03 -5.97358E-04
1.19876E+03 -6.03035E-04
1.19972E+03 -6.20581E-04
1.20069E+03 -5.52930E-04
1.20165E+03 -5.43579E-04
1.20261E+03 -5.96292E-04
1.20358E+03 -5.93469E-04
1.20454E+03 -6.23435E-04
1.20551E+03 -6.27548E-04
1.20647E+03 -6.42192E-04
1.20744E+03 -6.73193E-04
1.20840E+03 -5.86696E-04
1.20936E+03 -5.16780E-04
1.21033E+03 -5.17353E-04
1.21129E+03 -5.43762E-04
1.21226E+03 -5.66170E-04
1.21322E+03 -5.81902E-04
1.21419E+03 -5.87419E-04
1.21515E+03 -5.84759E-04
1.21612E+03 -5.12857E-04
1.21708E+03 -5.03052E-04
1.21804E+03 -5.57624E-04
1.21901E+03 -5.10041E-04
1.21997E+03 -5.73523E-04
1.22094E+03 -5.41497E-04
1.22190E+03 -4.84467E-04
1.22287E+03 -5.23392E-04
1.22383E+03 -5.67019E-04
1.22480E+03 -5.41355E-04
1.22576E+03 -5.33745E-04
1.22672E+03 -4.44919E-04
1.22769E+03 -4.34358E-04
1.22865E+03 -4.29727E-04
1.22962E+03 -4.52522E-04
1.23058E+03 -3.83843E-04
1.23155E+03 -5.30332E-04
1.23251E+03 -5.31670E-04
1.23347E+03 -2.47488E-03
1.23444E+03 -3.97598E-03
1.23540E+03 -1.12215E-03
1.23637E+03 5.73546E-05
1.23733E+03 -2.17400E-04
1.23830E+03 -1.35910E-04
1.23926E+03 -2.70821E-04
1.24023E+03 -2.94793E-04
1.24119E+03 -4.96492E-04
1.24215E+03 -5.00023E-04
1.24312E+03 -4.91522E-04
1.24408E+03 -4.94182E-04
1.24505E+03 -4.25790E-04
1.24601E+03 -4.24359E-04
1.24698E+03 -5.16087E-04
1.24794E+03 -5.11557E-04
1.24891E+03 -5.09053E-04
1.24987E+03 -4.63873E-04
1.25083E+03 -4.47750E-04
1.25180E+03 -4.93202E-04
1.25276E+03 -4.88993E-04
1.25373E+03 -4.90427E-04
1.25469E+03 -5.26056E-04
1.25566E+03 -4.81565E-04
1.25662E+03 -3.78549E-04
1.25759E+03 -3.51384E-04
1.25855E+03 -3.80021E-04
1.25951E+03 -4.06228E-04
1.26048E+03 -4.05461E-04
1.26144E+03 -3.56708E-04
1.26241E+03 -3.48583E-04
1.26337E+03 -3.76180E-04
1.26434E+03 -3.92903E-04
1.26530E+03 -4.21010E-04
1.26626E+03 -4.42997E-04
1.26723E+03 -3.63976E-04
1.26819E+03 -3.78456E-04
1.26916E+03 -4.61388E-04
1.27012E+03 -4.38184E-04
1.27109E+03 -3.79350E-04
1.27205E+03 -3.81656E-04
1.27302E+03 -3.89025E-04
1.27398E+03 -4.07763E-04
1.27494E+03 -4.54534E-04
1.27591E+03 -4.39588E-04
1.27687E+03 -3.61163E-04
1.27784E+03 -4.15418E-04
1.27880E+03 -4.79814E-04
1.27977E+03 -4.58706E-04
1.28073E+03 -4.20850E-04
1.28170E+03 -3.98550E-04
1.28266E+03 -3.57848E-04
1.28362E+03 -3.43218E-04
1.28459E+03 -3.99001E-04
1.28555E+03 -3.70197E-04
1.28652E+03 -3.66405E-04
1.28748E+03 -3.94214E-04
1.28845E+03 -3.75345E-04
1.28941E+03 -3.80352E-04
1.29037E+03 -3.57136E-04
1.29134E+03 -4.04675E-04
1.29230E+03 -4.11648E-04
1.29327E+03 -3.21455E-04
1.29423E+03 -3.62474E-04
1.29520E+03 -4.02544E-04
1.29616E+03 -3.79048E-04
1.29713E+03 -3.54558E-04
1.29809E+03 -2.99279E-04
1.29905E+03 -2.85577E-04
1.30002E+03 -3.33194E-04
1.30098E+03 -3.51761E-04
1.30195E+03 -3.05194E-04
1.30291E+03 -2.32939E-04
1.30388E+03 -2.00812E-04
1.30484E+03 -2.43690E-04
1.30581E+03 -3.10790E-04
1.30677E+03 -2.64101E-04
1.30773E+03 -2.45281E-04
1.30870E+03 -2.67621E-04
1.30966E+03 -2.39588E-04
1.31063E+03 -2.79326E-04
1.31159E+03 -2.33032E-04
1.31256E+03 -1.94095E-04
1.31352E+03 -2.41168E-04
1.31448E+03 -2.30167E-04
1.31545E+03 -2.19207E-04
1.31641E+03 -2.36791E-04
1.31738E+03 -1.98714E-04
1.31834E+03 -1.69519E-04
1.31931E+03 -2.93653E-04
1.32027E+03 -3.03533E-04
1.32124E+03 -2.17367E-04
1.32220E+03 -1.92977E-04
1.32316E+03 -1.76821E-04
1.32413E+03 -1.99120E-04
1.32509E+03 -2.39506E-04
1.32606E+03 -2.34276E-04
1.32702E+03 -1.48360E-04
1.32799E+03 -1.25416E-04
1.32895E+03 -1.54644E-04
1.32992E+03 -1.40935E-04
1.33088E+03 -1.38491E-04
1.33184E+03 -1.66114E-04
1.33281E+03 -1.42526E-04
1.33377E+03 -1.15894E-04
1.33474E+03 -1.21076E-04
1.33570E+03 -1.15313E-04
1.33667E+03 -1.15905E-04
1.33763E+03 -1.65720E-04
1.33860E+03 -2.85413E-04
1.33956E+03 -4.15049E-04
1.34052E+03 -4.57350E-04
1.34149E+03 -4.85688E-04
1.34245E+03 -4.92398E-04
1.34342E+03 -6.47210E-04
1.34438E+03 -5.71344E-04
1.34535E+03 -1.59834E-04
1.34631E+03 -6.71297E-06
1.34727E+03 -6.24023E-05
1.34824E+03 -1.81265E-04
1.34920E+03 -4.86702E-04
1.35017E+03 -7.26130E-04
1.35113E+03 -3.83120E-04
1.35210E+03 3.60124E-05
1.35306E+03 -8.03545E-06
1.35403E+03 -2.61329E-04
1.35499E+03 -3.59517E-04
1.35595E+03 -2.69394E-04
1.35692E+03 -1.61406E-04
1.35788E+03 -9.51663E-05
1.35885E+03 -7.46176E-06
1.35981E+03 8.25897E-05
1.36078E+03 1.36200E-04
1.36174E+03 2.92387E-04
1.36271E+03 3.69675E-04
1.36367E+03 3.31342E-04
1.36463E+03 3.71620E-04
1.36560E+03 3.35593E-04
1.36656E+03 3.41062E-04
1.36753E+03 3.65410E-04
1.36849E+03 3.08268E-04
1.36946E+03 3.57896E-04
1.37042E+03 3.89580E-04
1.37138E+03 3.96680E-04
1.37235E+03 4.65795E-04
1.37331E+03 4.99930E-04
1.37428E+03 5.27143E-04
1.37524E+03 6.00800E-04
1.37621E+03 6.25357E-04
1.37717E+03 6.71480E-04
1.37814E+03 7.11046E-04
1.37910E+03 6.93280E-04
1.38006E+03 7.42428E-04
1.38103E+03 7.16992E-04
1.38199E+03 5.41236E-04
1.38296E+03 4.10322E-04
1.38392E+03 3.43017E-04
1.38489E+03 2.96284E-04
1.38585E+03 2.92342E-04
1.38682E+03 3.32627E-04
1.38778E+03 4.29485E-04
1.38874E+03 4.50194E-04
1.38971E+03 4.18879E-04
1.39067E+03 4.83420E-04
1.39164E+03 6.32297E-04
1.39260E+03 7.15114E-04
1.39357E+03 7.43929E-04
1.39453E+03 8.15190E-04
1.39550E+03 8.80722E-04
1.39646E+03 1.01611E-03
1.39742E+03 1.19472E-03
1.39839E+03 1.28933E-03
1.39935E+03 1.37533E-03
1.40032E+03 1.51669E-03
1.40128E+03 1.48494E-03
1.40225E+03 1.53158E-03
1.40321E+03 1.60465E-03
1.40417E+03 1.52566E-03
1.40514E+03 1.80028E-03
1.40610E+03 1.99703E-03
1.40707E+03 2.06570E-03
1.40803E+03 2.24499E-03
1.40900E+03 2.32379E-03
1.40996E+03 2.31729E-03
1.41093E+03 2.31575E-03
1.41189E+03 2.33668E-03
1.41285E+03 2.33361E-03
1.41382E+03 2.34460E-03
1.41478E+03 2.41197E-03
1.41575E+03 2.49369E-03
1.41671E+03 2.54500E-03
1.41768E+03 2.64208E-03
1.41864E+03 2.70248E-03
1.41961E+03 2.69171E-03
1.42057E+03 2.66397E-03
1.42153E+03 2.68641E-03
1.42250E+03 2.74126E-03
1.42346E+03 2.81818E-03
1.42443E+03 2.80285E-03
1.42539E+03 2.73288E-03
1.42636E+03 2.83458E-03
1.42732E+03 2.86134E-03
1.42828E+03 2.87056E-03
1.42925E+03 2.86229E-03
1.43021E+03 2.79760E-03
1.43118E+03 2.79592E-03
1.43214E+03 2.85244E-03
1.43311E+03 2.86148E-03
1.43407E+03 2.82700E-03
1.43504E+03 2.82526E-03
1.43600E+03 2.82641E-03
1.43696E+03 2.86042E-03
1.43793E+03 2.82966E-03
1.43889E+03 2.87054E-03
1.43986E+03 2.98000E-03
1.44082E+03 3.03512E-03
1.44179E+03 3.12442E-03
1.44275E+03 3.24165E-03
1.44372E+03 3.30050E-03
1.44468E+03 3.37495E-03
1.44564E+03 3.53673E-03
1.44661E+03 3.62432E-03
1.44757E+03 3.61676E-03
1.44854E+03 3.60215E-03
1.44950E+03 3.63455E-03
1.45047E+03 3.70168E-03
1.45143E+03 3.73019E-03
1.45240E+03 3.79849E-03
1.45336E+03 3.86310E-03
1.45432E+03 3.90280E-03
1.45529E+03 3.93606E-03
1.45625E+03 4.03103E-03
1.45722E+03 4.16603E-03
1.45818E+03 4.25714E-03
1.45915E+03 4.39097E-03
1.46011E+03 4.46482E-03
1.46107E+03 4.44890E-03
1.46204E+03 4.47141E-03
1.46300E+03 4.47101E-03
1.46397E+03 4.38602E-03
1.46493E+03 4.28231E-03
1.46590E+03 4.14788E-03
1.46686E+03 4.00309E-03
1.46783E+03 3.88099E-03
1.46879E+03 3.74648E-03
1.46975E+03 3.62761E-03
1.47072E+03 3.49348E-03
1.47168E+03 3.47668E-03
1.47265E+03 3.61918E-03
1.47361E+03 3.84049E-03
1.47458E+03 4.04192E-03
1.47554E+03 4.13710E-03
1.47651E+03 4.19924E-03
1.47747E+03 4.18784E-03
1.47843E+03 4.03494E-03
1.47940E+03 3.85672E-03
1.48036E+03 3.69002E-03
1.48133E+03 3.51770E-03
1.48229E+03 3.29987E-03
1.48326E+03 3.11119E-03
1.48422E+03 2.97947E-03
1.48518E+03 2.75181E-03
1.48615E+03 2.52442E-03
1.48711E+03 2.36692E-03
1.48808E+03 2.20384E-03
1.48904E+03 2.06760E-03
1.49001E+03 2.00993E-03
1.49097E+03 1.92423E-03
1.49194E+03 1.75235E-03
1.49290E+03 1.65356E-03
1.49386E+03 1.61466E-03
1.49483E+03 1.48377E-03
1.49579E+03 1.46512E-03
1.49676E+03 1.44856E-03
1.49772E+03 1.32477E-03
1.49869E+03 1.24488E-03
1.49965E+03 1.12675E-03
1.50062E+03 1.06709E-03
1.50158E+03 1.01183E-03
1.50254E+03 9.49442E-04
1.50351E+03 9.93460E-04
1.50447E+03 1.00629E-03
1.50544E+03 9.46753E-04
1.50640E+03 8.58821E-04
1.50737E+03 7.63800E-04
1.50833E+03 6.91637E-04
1.50929E+03 6.88188E-04
1.51026E+03 6.80417E-04
1.51122E+03 6.21375E-04
1.51219E+03 6.26072E-04
1.51315E+03 6.15511E-04
1.51412E+03 5.50840E-04
1.51508E+03 5.20803E-04
1.51605E+03 4.94551E-04
1.51701E+03 4.76457E-04
1.51797E+03 4.53983E-04
1.51894E+03 4.22712E-04
1.51990E+03 4.57861E-04
1.52087E+03 5.06256E-04
1.52183E+03 5.24499E-04
1.52280E+03 4.98880E-04
1.52376E+03 4.89406E-04
1.52473E+03 4.62167E-04
1.52569E+03 4.42989E-04
1.52665E+03 4.58196E-04
1.52762E+03 4.11462E-04
1.52858E+03 3.44142E-04
1.52955E+03 3.27516E-04
1.53051E+03 3.83515E-04
1.53148E+03 4.13328E-04
1.53244E+03 4.19129E-04
1.53341E+03 4.04302E-04
1.53437E+03 4.10642E-04
1.53533E+03 4.38016E-04
1.53630E+03 4.30726E-04
1.53726E+03 3.91200E-04
1.53823E+03 3.20386E-04
1.53919E+03 2.90047E-04
1.54016E+03 2.91165E-04
1.54112E+03 2.68154E-04
1.54208E+03 2.30432E-04
1.54305E+03 2.91426E-04
1.54401E+03 2.98049E-04
1.54498E+03 2.92294E-04
1.54594E+03 2.95512E-04
1.54691E+03 2.63736E-04
1.54787E+03 2.49334E-04
1.54884E+03 1.94337E-04
1.54980E+03 2.50086E-04
1.55076E+03 2.77955E-04
1.55173E+03 2.16521E-04
1.55269E+03 2.28748E-04
1.55366E+03 2.47531E-04
1.55462E+03 2.46190E-04
1.55559E+03 2.38933E-04
1.55655E+03 2.38311E-04
1.55752E+03 2.14446E-04
1.55848E+03 1.92020E-04
1.55944E+03 2.41484E-04
1.56041E+03 2.59735E-04
1.56137E+03 1.99996E-04
1.56234E+03 2.05252E-04
1.56330E+03 2.21685E-04
1.56427E+03 1.99966E-04
1.56523E+03 1.46806E-04
1.56619E+03 1.55170E-04
1.56716E+03 2.17319E-04
1.56812E+03 1.60716E-04
1.56909E+03 1.38983E-04
1.57005E+03 1.44593E-04
1.57102E+03 1.44053E-04
1.57198E+03 1.37947E-04
1.57295E+03 1.23717E-04
1.57391E+03 1.45350E-04
1.57487E+03 1.34591E-04
1.57584E+03 1.40540E-04
1.57680E+03 1.74537E-04
1.57777E+03 1.37761E-04
1.57873E+03 8.57189E-05
1.57970E+03 5.70230E-05
1.58066E+03 4.57056E-05
1.58163E+03 -1.53743E-05
1.58259E+03 -2.50451E-05
1.58355E+03 -2.48477E-06
1.58452E+03 5.08875E-06
1.58548E+03 3.83332E-05
1.58645E+03 3.65451E-05
1.58741E+03 4.98295E-05
1.58838E+03 5.10365E-05
1.58934E+03 1.88164E-05
1.59031E+03 -1.45473E-05
1.59127E+03 -1.05798E-06
1.59223E+03 -9.71928E-06
1.59320E+03 -2.51941E-05
1.59416E+03 9.85339E-06
1.59513E+03 1.36010E-05
1.59609E+03 -4.43272E-05
1.59706E+03 -7.14213E-05
1.59802E+03 -4.40851E-05
1.59898E+03 -7.20434E-05
1.59995E+03 -9.83924E-05
1.60091E+03 -8.24891E-05
1.60188E+03 -8.18409E-05
1.60284E+03 -1.06920E-04
1.60381E+03 -1.11073E-04
1.60477E+03 -1.19343E-04
1.60574E+03 -1.10973E-04
1.60670E+03 -1.25021E-04
1.60766E+03 -1.38223E-04
1.60863E+03 -1.49664E-04
1.60959E+03 -1.49310E-04
1.61056E+03 -1.40328E-04
1.61152E+03 -1.47890E-04
1.61249E+03 -1.22193E-04
1.61345E+03 -1.41192E-04
1.61442E+03 -1.45838E-04
1.61538E+03 -1.47987E-04
1.61634E+03 -1.30828E-04
1.61731E+03 -1.48948E-04
1.61827E+03 -1.87609E-04
1.61924E+03 -2.15150E-04
1.62020E+03 -2.41809E-04
1.62117E+03 -2.40766E-04
1.62213E+03 -2.30443E-04
1.62309E+03 -2.42922E-04
1.62406E+03 -2.46301E-04
1.62502E+03 -2.18745E-04
1.62599E+03 -1.95932E-04
1.62695E+03 -1.81410E-04
1.62792E+03 -2.29917E-04
1.62888E+03 -2.54411E-04
1.62985E+03 -2.31054E-04
1.63081E+03 -2.42189E-04
1.63177E+03 -2.31367E-04
1.63274E+03 -2.50038E-04
1.63370E+03 -2.86117E-04
1.63467E+03 -2.38203E-04
1.63563E+03 -1.76713E-04
1.63660E+03 -1.86466E-04
1.63756E+03 -2.28398E-04
1.63853E+03 -1.79049E-04
1.63949E+03 -1.27967E-04
1.64045E+03 -1.31909E-04
1.64142E+03 -1.02613E-04
1.64238E+03 -1.01730E-04
1.64335E+03 -1.40194E-04
1.64431E+03 -1.30605E-04
1.64528E+03 -1.10548E-04
1.64624E+03 -1.13059E-04
1.64720E+03 -1.05277E-04
1.64817E+03 -5.69448E-05
1.64913E+03 -3.23616E-05
1.65010E+03 -9.95398E-06
1.65106E+03 7.90134E-06
1.65203E+03 -2.17557E-05
1.65299E+03 -1.96211E-05
1.65396E+03 2.42814E-05
1.65492E+03 -2.18675E-06
1.65588E+03 -1.33943E-04
1.65685E+03 -1.18569E-04
1.65781E+03 -5.13718E-05
1.65878E+03 -1.79261E-05
1.65974E+03 -1.01030E-05
1.66071E+03 -2.01948E-05
1.66167E+03 1.00210E-05
1.66264E+03 3.71374E-05
1.66360E+03 1.01514E-04
1.66456E+03 9.37618E-05
1.66553E+03 5.28134E-05
1.66649E+03 7.70874E-05
1.66746E+03 1.00341E-04
1.66842E+03 1.10421E-04
1.66939E+03 1.47481E-04
1.67035E+03 1.04763E-04
1.67132E+03 1.04763E-04
1.67228E+03 1.11360E-04
1.67324E+03 9.09045E-05
1.67421E+03 8.08239E-05
1.67517E+03 7.33137E-05
1.67614E+03 5.97276E-05
1.67710E+03 2.70791E-05
1.67807E+03 3.56659E-05
1.67903E+03 5.87068E-05
1.67999E+03 1.10824E-04
1.68096E+03 1.19243E-04
1.68192E+03 1.10965E-04
1.68289E+03 8.86992E-05
1.68385E+03 1.51530E-04
1.68482E+03 1.82651E-04
1.68578E+03 9.82620E-05
1.68675E+03 8.24854E-05
1.68771E+03 5.02393E-05
1.68867E+03 -4.67636E-05
1.68964E+03 -4.56236E-05
1.69060E+03 -5.77942E-05
1.69157E+03 -6.82101E-05
1.69253E+03 -2.43410E-05
1.69350E+03 -6.25998E-05
1.69446E+03 -1.14273E-04
1.69543E+03 -1.12746E-04
1.69639E+03 -1.16576E-04
1.69735E+03 -1.58649E-04
1.69832E+03 -1.99407E-04
1.69928E+03 -2.11757E-04
1.70025E+03 -1.86998E-04
1.70121E+03 -2.25000E-04
1.70218E+03 -2.77679E-04
1.70314E+03 -3.12679E-04
1.70410E+03 -3.52379E-04
1.70507E+03 -3.67749E-04
1.70603E+03 -3.71620E-04
1.70700E+03 -4.08698E-04
1.70796E+03 -4.42091E-04
1.70893E+03 -3.90198E-04
1.70989E+03 -3.77588E-04
1.71086E+03 -4.37587E-04
1.71182E+03 -4.70854E-04
1.71278E+03 -5.09433E-04
1.71375E+03 -5.26361E-04
1.71471E+03 -5.01916E-04
1.71568E+03 -5.32631E-04
1.71664E+03 -5.52993E-04
1.71761E+03 -5.98166E-04
1.71857E+03 -6.66495E-04
1.71954E+03 -6.48353E-04
1.72050E+03 -6.78148E-04
1.72146E+03 -7.17234E-04
1.72243E+03 -7.27065E-04
1.72339E+03 -7.28659E-04
1.72436E+03 -6.96048E-04
1.72532E+03 -7.28216E-04
1.72629E+03 -8.18294E-04
1.72725E+03 -8.05669E-04
1.72822E+03 -8.01332E-04
1.72918E+03 -8.35747E-04
1.73014E+03 -1.00268E-03
1.73111E+03 -1.42163E-03
1.73207E+03 -1.12730E-03
1.73304E+03 -7.46224E-04
1.73400E+03 -7.89225E-04
1.73497E+03 -7.95733E-04
1.73593E+03 -8.59704E-04
1.73689E+03 -8.31868E-04
1.73786E+03 -8.25159E-04
1.73882E+03 -9.00969E-04
1.73979E+03 -9.36475E-04
1.74075E+03 -9.02075E-04
1.74172E+03 -9.49260E-04
1.74268E+03 -9.72085E-04
1.74365E+03 -9.69924E-04
1.74461E+03 -9.72841E-04
1.74557E+03 -9.48388E-04
1.74654E+03 -9.00358E-04
1.74750E+03 -8.88292E-04
1.74847E+03 -9.25172E-04
1.74943E+03 -9.55913E-04
1.75040E+03 -1.00227E-03
1.75136E+03 -1.04125E-03
1.75233E+03 -1.09465E-03
1.75329E+03 -1.12912E-03
1.75425E+03 -1.14599E-03
1.75522E+03 -1.16893E-03
1.75618E+03 -1.10509E-03
1.75715E+03 -1.10246E-03
1.75811E+03 -1.08136E-03
1.75908E+03 -1.04379E-03
1.76004E+03 -1.08605E-03
1.76100E+03 -1.08758E-03
1.76197E+03 -1.09655E-03
1.76293E+03 -1.09790E-03
1.76390E+03 -1.06452E-03
1.76486E+03 -1.08880E-03
1.76583E+03 -1.16461E-03
1.76679E+03 -1.18618E-03
1.76776E+03 -1.12860E-03
1.76872E+03 -1.12639E-03
1.76968E+03 -1.11708E-03
1.77065E+03 -1.10578E-03
1.77161E+03 -1.12789E-03
1.77258E+03 -1.15380E-03
1.77354E+03 -1.20201E-03
1.77451E+03 -1.20470E-03
1.77547E+03 -1.18089E-03
1.77644E+03 -1.21870E-03
1.77740E+03 -1.23317E-03
1.77836E+03 -1.21764E-03
1.77933E+03 -1.23107E-03
1.78029E+03 -1.24411E-03
1.78126E+03 -1.27684E-03
1.78222E+03 -1.25916E-03
1.78319E+03 -1.25255E-03
1.78415E+03 -1.25258E-03
1.78511E+03 -1.22953E-03
1.78608E+03 -1.28088E-03
1.78704E+03 -1.32606E-03
1.78801E+03 -1.31768E-03
1.78897E+03 -1.27567E-03
1.78994E+03 -1.27423E-03
1.79090E+03 -1.30440E-03
1.79187E+03 -1.33349E-03
1.79283E+03 -1.35729E-03
1.79379E+03 -1.32252E-03
1.79476E+03 -1.33463E-03
1.79572E+03 -1.36567E-03
1.79669E+03 -1.35933E-03
1.79765E+03 -1.37553E-03
1.79862E+03 -1.37852E-03
1.79958E+03 -1.36227E-03
1.80055E+03 -1.37005E-03
1.80151E+03 -1.38585E-03
1.80247E+03 -1.35667E-03
1.80344E+03 -1.38188E-03
1.80440E+03 -1.42163E-03
1.80537E+03 -1.39834E-03
1.80633E+03 -1.43515E-03
1.80730E+03 -1.46051E-03
1.80826E+03 -1.43399E-03
1.80923E+03 -1.40847E-03
1.81019E+03 -1.41608E-03
1.81115E+03 -1.45866E-03
1.81212E+03 -1.48701E-03
1.81308E+03 -1.44833E-03
1.81405E+03 -1.43345E-03
1.81501E+03 -1.41435E-03
1.81598E+03 -1.39518E-03
1.81694E+03 -1.45239E-03
1.81790E+03 -1.48043E-03
1.81887E+03 -1.51473E-03
1.81983E+03 -1.51484E-03
1.82080E+03 -1.47204E-03
1.82176E+03 -1.49115E-03
1.82273E+03 -1.45353E-03
1.82369E+03 -1.47177E-03
1.82466E+03 -1.50333E-03
1.82562E+03 -1.48403E-03
1.82658E+03 -1.51940E-03
1.82755E+03 -1.51835E-03
1.82851E+03 -1.52612E-03
1.82948E+03 -1.52603E-03
1.83044E+03 -1.54002E-03
1.83141E+03 -1.49690E-03
1.83237E+03 -1.45874E-03
1.83334E+03 -1.53332E-03
1.83430E+03 -1.54154E-03
1.83526E+03 -1.50412E-03
1.83623E+03 -1.51452E-03
1.83719E+03 -1.52728E-03
1.83816E+03 -1.53896E-03
1.83912E+03 -1.57804E-03
1.84009E+03 -1.57856E-03
1.84105E+03 -1.55083E-03
1.84201E+03 -1.57014E-03
1.84298E+03 -1.53947E-03
1.84394E+03 -1.56839E-03
1.84491E+03 -1.60807E-03
1.84587E+03 -1.56220E-03
1.84684E+03 -1.53976E-03
1.84780E+03 -1.55956E-03
1.84877E+03 -1.58044E-03
1.84973E+03 -1.56677E-03
1.85069E+03 -1.59955E-03
1.85166E+03 -1.66102E-03
1.85262E+03 -1.64910E-03
1.85359E+03 -1.60952E-03
1.85455E+03 -1.58923E-03
1.85552E+03 -1.55039E-03
1.85648E+03 -1.55859E-03
1.85745E+03 -1.61294E-03
1.85841E+03 -1.61953E-03
1.85937E+03 -1.59152E-03
1.86034E+03 -1.58288E-03
1.86130E+03 -1.61581E-03
1.86227E+03 -1.64200E-03
1.86323E+03 -1.63648E-03
1.86420E+03 -1.64029E-03
1.86516E+03 -1.66775E-03
1.86612E+03 -1.66703E-03
1.86709E+03 -1.67644E-03
1.86805E+03 -1.66846E-03
1.86902E+03 -1.61967E-03
1.86998E+03 -1.59093E-03
1.87095E+03 -1.59372E-03
1.87191E+03 -1.65556E-03
1.87288E+03 -1.68784E-03
1.87384E+03 -1.67551E-03
1.87480E+03 -1.64112E-03
1.87577E+03 -1.63425E-03
1.87673E+03 -1.64881E-03
1.87770E+03 -1.67270E-03
1.87866E+03 -1.67187E-03
1.87963E+03 -1.66568E-03
1.88059E+03 -1.66946E-03
1.88156E+03 -1.64183E-03
1.88252E+03 -1.64833E-03
1.88348E+03 -1.66338E-03
1.88445E+03 -1.65631E-03
1.88541E+03 -1.63148E-03
1.88638E+03 -1.62814E-03
1.88734E+03 -1.66643E-03
1.88831E+03 -1.69253E-03
1.88927E+03 -1.71493E-03
1.89024E+03 -1.73866E-03
1.89120E+03 -1.69964E-03
1.89216E+03 -1.64381E-03
1.89313E+03 -1.64807E-03
1.89409E+03 -1.67226E-03
1.89506E+03 -1.64571E-03
1.89602E+03 -1.62830E-03
1.89699E+03 -1.71628E-03
1.89795E+03 -1.75919E-03
1.89891E+03 -1.73084E-03
1.89988E+03 -1.68274E-03
1.90084E+03 -1.63493E-03
1.90181E+03 -1.68746E-03
1.90277E+03 -1.71020E-03
1.90374E+03 -1.66662E-03
1.90470E+03 -1.67540E-03
1.90567E+03 -1.70700E-03
1.90663E+03 -1.72898E-03
1.90759E+03 -1.75196E-03
1.90856E+03 -1.78310E-03
1.90952E+03 -1.76194E-03
1.91049E+03 -1.72675E-03
1.91145E+03 -1.74308E-03
1.91242E+03 -1.78459E-03
1.91338E+03 -1.75241E-03
1.91435E+03 -1.73302E-03
1.91531E+03 -1.76012E-03
1.91627E+03 -1.76562E-03
1.91724E+03 -1.76648E-03
1.91820E+03 -1.74908E-03
1.91917E+03 -1.73385E-03
1.92013E+03 -1.72840E-03
1.92110E+03 -1.74069E-03
1.92206E+03 -1.73124E-03
1.92303E+03 -1.70662E-03
1.92399E+03 -1.74254E-03
1.92495E+03 -1.83210E-03
1.92592E+03 -1.81165E-03
1.92688E+03 -1.75131E-03
1.92785E+03 -1.80719E-03
1.92881E+03 -1.83091E-03
1.92978E+03 -1.77979E-03
1.93074E+03 -1.75575E-03
1.93170E+03 -1.75942E-03
1.93267E+03 -1.78595E-03
1.93363E+03 -1.78926E-03
1.93460E+03 -1.78938E-03
1.93556E+03 -1.81999E-03
1.93653E+03 -1.83035E-03
1.93749E+03 -1.82223E-03
1.93846E+03 -1.82079E-03
1.93942E+03 -1.79964E-03
1.94038E+03 -1.76492E-03
1.94135E+03 -1.77021E-03
1.94231E+03 -1.80821E-03
1.94328E+03 -1.85918E-03
1.94424E+03 -1.91312E-03
1.94521E+03 -1.85478E-03
1.94617E+03 -1.80007E-03
1.94714E+03 -1.82481E-03
1.94810E+03 -1.81655E-03
1.94906E+03 -1.78636E-03
1.95003E+03 -1.77187E-03
1.95099E+03 -1.81443E-03
1.95196E+03 -1.85332E-03
1.95292E+03 -1.80254E-03
1.95389E+03 -1.79806E-03
1.95485E+03 -1.86742E-03
1.95581E+03 -1.88261E-03
1.95678E+03 -1.85213E-03
1.95774E+03 -1.82899E-03
1.95871E+03 -1.79936E-03
1.95967E+03 -1.82036E-03
1.96064E+03 -1.86245E-03
1.96160E+03 -1.81038E-03
1.96257E+03 -1.83834E-03
1.96353E+03 -1.87835E-03
1.96449E+03 -1.88919E-03
1.96546E+03 -1.93395E-03
1.96642E+03 -1.91513E-03
1.96739E+03 -1.90239E-03
1.96835E+03 -1.90051E-03
1.96932E+03 -1.87670E-03
1.97028E+03 -1.85597E-03
1.97125E+03 -1.85176E-03
1.97221E+03 -1.86000E-03
1.97317E+03 -1.84869E-03
1.97414E+03 -1.87165E-03
1.97510E+03 -1.84793E-03
1.97607E+03 -1.82371E-03
1.97703E+03 -1.87562E-03
1.97800E+03 -1.88500E-03
1.97896E+03 -1.83757E-03
1.97992E+03 -1.85898E-03
1.98089E+03 -1.90656E-03
1.98185E+03 -1.90178E-03
1.98282E+03 -1.85643E-03
1.98378E+03 -1.78942E-03
1.98475E+03 -1.77978E-03
1.98571E+03 -1.78517E-03
1.98668E+03 -1.83892E-03
1.98764E+03 -1.86040E-03
1.98860E+03 -1.85069E-03
1.98957E+03 -1.89488E-03
1.99053E+03 -1.90673E-03
1.99150E+03 -1.90258E-03
1.99246E+03 -1.88695E-03
1.99343E+03 -1.83078E-03
1.99439E+03 -1.81445E-03
1.99536E+03 -1.85208E-03
1.99632E+03 -1.87564E-03
1.99728E+03 -1.85323E-03
1.99825E+03 -1.84252E-03
1.99921E+03 -1.84854E-03
2.00018E+03 -1.82182E-03
2.00114E+03 -1.82254E-03
2.00211E+03 -1.85068E-03
2.00307E+03 -1.79780E-03
2.00404E+03 -1.78219E-03
2.00500E+03 -1.78995E-03
2.00596E+03 -1.73774E-03
2.00693E+03 -1.73499E-03
2.00789E+03 -1.75623E-03
2.00886E+03 -1.77252E-03
2.00982E+03 -1.73921E-03
2.01079E+03 -1.73464E-03
2.01175E+03 -1.76075E-03
2.01271E+03 -1.79535E-03
2.01368E+03 -1.79774E-03
2.01464E+03 -1.76196E-03
2.01561E+03 -1.72897E-03
2.01657E+03 -1.71497E-03
2.01754E+03 -1.71985E-03
2.01850E+03 -1.77259E-03
2.01947E+03 -1.80014E-03
2.02043E+03 -1.76477E-03
2.02139E+03 -1.71522E-03
2.02236E+03 -1.67211E-03
2.02332E+03 -1.69994E-03
2.02429E+03 -1.69301E-03
2.02525E+03 -1.67533E-03
2.02622E+03 -1.69202E-03
2.02718E+03 -1.70904E-03
2.02815E+03 -1.72575E-03
2.02911E+03 -1.74558E-03
2.03007E+03 -1.74453E-03
2.03104E+03 -1.65112E-03
2.03200E+03 -1.53104E-03
2.03297E+03 -1.53000E-03
2.03393E+03 -1.54472E-03
2.03490E+03 -1.52398E-03
2.03586E+03 -1.47053E-03
2.03682E+03 -1.51133E-03
2.03779E+03 -1.59881E-03
2.03875E+03 -1.59378E-03
2.03972E+03 -1.61062E-03
2.04068E+03 -1.60160E-03
2.04165E+03 -1.53999E-03
2.04261E+03 -1.56701E-03
2.04358E+03 -1.59775E-03
2.04454E+03 -1.60836E-03
2.04550E+03 -1.70470E-03
2.04647E+03 -1.68169E-03
2.04743E+03 -1.64413E-03
2.04840E+03 -1.61500E-03
2.04936E+03 -1.59106E-03
2.05033E+03 -1.62217E-03
2.05129E+03 -1.64120E-03
2.05226E+03 -1.67146E-03
2.05322E+03 -1.71057E-03
2.05418E+03 -1.77089E-03
2.05515E+03 -1.79708E-03
2.05611E+03 -1.78074E-03
2.05708E+03 -1.76632E-03
2.05804E+03 -1.78625E-03
2.05901E+03 -1.78887E-03
2.05997E+03 -1.78352E-03
2.06094E+03 -1.81758E-03
2.06190E+03 -1.83012E-03
2.06286E+03 -1.83490E-03
2.06383E+03 -1.83623E-03
2.06479E+03 -1.80079E-03
2.06576E+03 -1.69906E-03
2.06672E+03 -1.84506E-03
2.06769E+03 -1.94505E-03
2.06865E+03 -1.82343E-03
2.06961E+03 -1.85196E-03
2.07058E+03 -1.86117E-03
2.07154E+03 -1.85535E-03
2.07251E+03 -1.87200E-03
2.07347E+03 -1.91690E-03
2.07444E+03 -1.96541E-03
2.07540E+03 -1.99172E-03
2.07637E+03 -1.97374E-03
2.07733E+03 -1.93491E-03
2.07829E+03 -1.96165E-03
2.07926E+03 -1.94946E-03
2.08022E+03 -1.87688E-03
2.08119E+03 -1.90086E-03
2.08215E+03 -1.91572E-03
2.08312E+03 -1.88958E-03
2.08408E+03 -1.94011E-03
2.08505E+03 -1.93842E-03
2.08601E+03 -1.90663E-03
2.08697E+03 -1.97217E-03
2.08794E+03 -2.01993E-03
2.08890E+03 -1.95394E-03
2.08987E+03 -1.92562E-03
2.09083E+03 -1.96232E-03
2.09180E+03 -1.95874E-03
2.09276E+03 -1.97456E-03
2.09372E+03 -1.99537E-03
2.09469E+03 -1.98264E-03
2.09565E+03 -1.97944E-03
2.09662E+03 -2.00944E-03
2.09758E+03 -2.05225E-03
2.09855E+03 -2.06422E-03
2.09951E+03 -2.01556E-03
2.10048E+03 -2.00002E-03
2.10144E+03 -2.01868E-03
2.10240E+03 -2.00221E-03
2.10337E+03 -1.97381E-03
2.10433E+03 -1.99635E-03
2.10530E+03 -2.02651E-03
2.10626E+03 -2.01115E-03
2.10723E+03 -2.01382E-03
2.10819E+03 -2.05112E-03
2.10916E+03 -2.03419E-03
2.11012E+03 -2.00417E-03
2.11108E+03 -2.03148E-03
2.11205E+03 -2.00944E-03
2.11301E+03 -2.01389E-03
2.11398E+03 -2.04193E-03
2.11494E+03 -2.01566E-03
2.11591E+03 -2.00894E-03
2.11687E+03 -2.00636E-03
2.11783E+03 -2.01912E-03
2.11880E+03 -2.00659E-03
2.11976E+03 -1.97766E-03
2.12073E+03 -2.01506E-03
2.12169E+03 -2.03069E-03
2.12266E+03 -2.02061E-03
2.12362E+03 -2.02632E-03
2.12459E+03 -2.02799E-03
2.12555E+03 -2.04371E-03
2.12651E+03 -2.02244E-03
2.12748E+03 -1.96968E-03
2.12844E+03 -1.96802E-03
2.12941E+03 -1.99978E-03
2.13037E+03 -1.98716E-03
2.13134E+03 -1.99631E-03
2.13230E+03 -2.04338E-03
2.13327E+03 -2.04764E-03
2.13423E+03 -2.03624E-03
2.13519E+03 -2.02194E-03
2.13616E+03 -2.00907E-03
2.13712E+03 -1.97976E-03
2.13809E+03 -1.97242E-03
2.13905E+03 -2.01811E-03
2.14002E+03 -2.02025E-03
2.14098E+03 -1.95418E-03
2.14195E+03 -1.97923E-03
2.14291E+03 -2.01168E-03
2.14387E+03 -1.97733E-03
2.14484E+03 -1.98964E-03
2.14580E+03 -1.98667E-03
2.14677E+03 -1.97949E-03
2.14773E+03 -2.00143E-03
2.14870E+03 -2.01847E-03
2.14966E+03 -1.96734E-03
2.15062E+03 -1.97045E-03
2.15159E+03 -1.98086E-03
2.15255E+03 -1.93300E-03
2.15352E+03 -1.92537E-03
2.15448E+03 -1.94031E-03
2.15545E+03 -1.96677E-03
2.15641E+03 -1.96511E-03
2.15738E+03 -1.96853E-03
2.15834E+03 -1.96418E-03
2.15930E+03 -1.92342E-03
2.16027E+03 -1.92958E-03
2.16123E+03 -1.94531E-03
2.16220E+03 -1.97025E-03
2.16316E+03 -1.99823E-03
2.16413E+03 -1.96330E-03
2.16509E+03 -1.90109E-03
2.16606E+03 -1.91751E-03
2.16702E+03 -1.97156E-03
2.16798E+03 -1.95361E-03
2.16895E+03 -1.94810E-03
2.16991E+03 -1.94240E-03
2.17088E+03 -1.92553E-03
2.17184E+03 -1.92498E-03
2.17281E+03 -1.94445E-03
2.17377E+03 -1.90030E-03
2.17473E+03 -1.88300E-03
2.17570E+03 -1.88713E-03
2.17666E+03 -1.87977E-03
2.17763E+03 -1.87576E-03
2.17859E+03 -1.85129E-03
2.17956E+03 -1.84245E-03
2.18052E+03 -1.84833E-03
2.18149E+03 -1.89756E-03
2.18245E+03 -1.87687E-03
2.18341E+03 -1.81903E-03
2.18438E+03 -1.84199E-03
2.18534E+03 -1.85187E-03
2.18631E+03 -1.84903E-03
2.18727E+03 -1.86409E-03
2.18824E+03 -1.88290E-03
2.18920E+03 -1.90178E-03
2.19017E+03 -1.86116E-03
2.19113E+03 -1.84673E-03
2.19209E+03 -1.82450E-03
2.19306E+03 -1.76909E-03
2.19402E+03 -1.76296E-03
2.19499E+03 -1.79952E-03
2.19595E+03 -1.79887E-03
2.19692E+03 -1.80644E-03
2.19788E+03 -1.82824E-03
2.19884E+03 -1.82438E-03
2.19981E+03 -1.81744E-03
2.20077E+03 -1.85024E-03
2.20174E+03 -1.84377E-03
2.20270E+03 -1.80064E-03
2.20367E+03 -1.80101E-03
2.20463E+03 -1.77773E-03
2.20560E+03 -1.77450E-03
2.20656E+03 -1.77960E-03
2.20752E+03 -1.77797E-03
2.20849E+03 -1.80002E-03
2.20945E+03 -1.79061E-03
2.21042E+03 -1.75738E-03
2.21138E+03 -1.73364E-03
2.21235E+03 -1.72590E-03
2.21331E+03 -1.72421E-03
2.21428E+03 -1.72251E-03
2.21524E+03 -1.71193E-03
2.21620E+03 -1.69130E-03
2.21717E+03 -1.68633E-03
2.21813E+03 -1.68700E-03
2.21910E+03 -1.70293E-03
2.22006E+03 -1.72918E-03
2.22103E+03 -1.72243E-03
2.22199E+03 -1.71201E-03
2.22296E+03 -1.70542E-03
2.22392E+03 -1.65479E-03
2.22488E+03 -1.60846E-03
2.22585E+03 -1.59732E-03
2.22681E+03 -1.60320E-03
2.22778E+03 -1.60875E-03
2.22874E+03 -1.59571E-03
2.22971E+03 -1.54492E-03
2.23067E+03 -1.56538E-03
2.23163E+03 -1.58131E-03
2.23260E+03 -1.58340E-03
2.23356E+03 -1.59195E-03
2.23453E+03 -1.56543E-03
2.23549E+03 -1.56926E-03
2.23646E+03 -1.58596E-03
2.23742E+03 -1.58608E-03
2.23839E+03 -1.55702E-03
2.23935E+03 -1.55406E-03
2.24031E+03 -1.56140E-03
2.24128E+03 -1.55218E-03
2.24224E+03 -1.53140E-03
2.24321E+03 -1.52782E-03
2.24417E+03 -1.58942E-03
2.24514E+03 -1.62110E-03
2.24610E+03 -1.58545E-03
2.24707E+03 -1.53777E-03
2.24803E+03 -1.55040E-03
2.24899E+03 -1.58799E-03
2.24996E+03 -1.59478E-03
2.25092E+03 -1.64434E-03
2.25189E+03 -1.68644E-03
2.25285E+03 -1.70951E-03
2.25382E+03 -1.69899E-03
2.25478E+03 -1.65574E-03
2.25574E+03 -1.66111E-03
2.25671E+03 -1.66100E-03
2.25767E+03 -1.66515E-03
2.25864E+03 -1.70258E-03
2.25960E+03 -1.70456E-03
2.26057E+03 -1.72587E-03
2.26153E+03 -1.72951E-03
2.26250E+03 -1.70962E-03
2.26346E+03 -1.75653E-03
2.26442E+03 -1.78065E-03
2.26539E+03 -1.75017E-03
2.26635E+03 -1.72756E-03
2.26732E+03 -1.67982E-03
2.26828E+03 -1.61840E-03
2.26925E+03 -1.56313E-03
2.27021E+03 -1.41964E-03
2.27118E+03 -1.06464E-03
2.27214E+03 -3.30906E-04
2.27310E+03 8.46740E-04
2.27407E+03 2.20548E-03
2.27503E+03 3.31172E-03
2.27600E+03 3.86253E-03
2.27696E+03 3.73206E-03
2.27793E+03 3.02000E-03
2.27889E+03 2.04168E-03
2.27986E+03 1.14241E-03
2.28082E+03 4.01974E-04
2.28178E+03 -3.99128E-05
2.28275E+03 -2.55380E-04
2.28371E+03 -7.18262E-04
2.28468E+03 -1.23414E-03
2.28564E+03 -1.52678E-03
2.28661E+03 -1.66313E-03
2.28757E+03 -1.73818E-03
2.28853E+03 -1.77580E-03
2.28950E+03 -1.77953E-03
2.29046E+03 -1.80066E-03
2.29143E+03 -1.77748E-03
2.29239E+03 -1.73476E-03
2.29336E+03 -1.70044E-03
2.29432E+03 -1.70239E-03
2.29529E+03 -1.73875E-03
2.29625E+03 -1.69564E-03
2.29721E+03 -1.65730E-03
2.29818E+03 -1.63340E-03
2.29914E+03 -1.54449E-03
2.30011E+03 -1.50055E-03
2.30107E+03 -1.48590E-03
2.30204E+03 -1.42983E-03
2.30300E+03 -1.36857E-03
2.30397E+03 -1.29967E-03
2.30493E+03 -1.21414E-03
2.30589E+03 -1.14352E-03
2.30686E+03 -1.12310E-03
2.30782E+03 -1.09317E-03
2.30879E+03 -1.02890E-03
2.30975E+03 -9.73571E-04
2.31072E+03 -8.83047E-04
2.31168E+03 -8.05408E-04
2.31265E+03 -7.31047E-04
2.31361E+03 -6.32931E-04
2.31457E+03 -5.62858E-04
2.31554E+03 -5.08308E-04
2.31650E+03 -3.41743E-04
2.31747E+03 -1.90660E-05
2.31843E+03 3.99429E-04
2.31940E+03 1.00194E-03
2.32036E+03 1.88489E-03
2.32132E+03 3.03458E-03
2.32229E+03 4.28878E-03
2.32325E+03 5.60285E-03
2.32422E+03 7.15850E-03
2.32518E+03 9.75311E-03
2.32615E+03 1.47847E-02
2.32711E+03 2.44492E-02
2.32808E+03 3.98343E-02
2.32904E+03 5.99393E-02
2.33000E+03 8.18823E-02
2.33097E+03 1.02613E-01
2.33193E+03 1.20568E-01
2.33290E+03 1.35603E-01
2.33386E+03 1.48131E-01
2.33483E+03 1.58447E-01
2.33579E+03 1.67216E-01
2.33676E+03 1.74486E-01
2.33772E+03 1.79455E-01
2.33868E+03 1.81167E-01
2.33965E+03 1.79505E-01
2.34061E+03 1.74824E-01
2.34158E+03 1.67880E-01
2.34254E+03 1.59635E-01
2.34351E+03 1.50951E-01
2.34447E+03 1.41565E-01
2.34543E+03 1.31167E-01
2.34640E+03 1.20542E-01
2.34736E+03 1.10509E-01
2.34833E+03 1.01398E-01
2.34929E+03 9.32413E-02
2.35026E+03 8.59135E-02
2.35122E+03 7.92468E-02
2.35219E+03 7.31248E-02
2.35315E+03 6.75426E-02
2.35411E+03 6.23571E-02
2.35508E+03 5.74477E-02
2.35604E+03 5.28088E-02
2.35701E+03 4.84073E-02
2.35797E+03 4.41160E-02
2.35894E+03 3.99355E-02
2.35990E+03 3.58178E-02
2.36087E+03 3.18626E-02
2.36183E+03 2.81195E-02
2.36279E+03 2.45756E-02
2.36376E+03 2.13494E-02
2.36472E+03 1.85434E-02
2.36569E+03 1.62020E-02
2.36665E+03 1.42459E-02
2.36762E+03 1.27192E-02
2.36858E+03 1.15290E-02
2.36954E+03 1.06097E-02
2.37051E+03 9.92779E-03
2.37147E+03 9.26432E-03
2.37244E+03 8.52652E-03
2.37340E+03 7.78269E-03
2.37437E+03 7.07320E-03
2.37533E+03 6.32093E-03
2.37630E+03 5.52315E-03
2.37726E+03 4.66809E-03
2.37822E+03 3.77199E-03
2.37919E+03 2.89311E-03
2.38015E+03 2.06798E-03
2.38112E+03 1.41980E-03
2.38208E+03 1.00183E-03
2.38305E+03 7.44309E-04
2.38401E+03 6.29999E-04
2.38498E+03 5.00742E-04
2.38594E+03 3.46389E-04
2.38690E+03 2.69491E-04
2.38787E+03 2.24952E-04
2.38883E+03 1.62754E-04
2.38980E+03 9.49129E-05
2.39076E+03 4.58807E-05
2.39173E+03 -1.06767E-05
2.39269E+03 -1.96509E-05
2.39366E+03 -5.61401E-06
2.39462E+03 -8.90866E-05
2.39558E+03 -1.65556E-04
2.39655E+03 -1.97731E-04
2.39751E+03 -2.26412E-04
2.39848E+03 -2.03889E-04
2.39944E+03 -2.31091E-04
2.40041E+03 -3.01518E-04
2.40137E+03 -3.90489E-04
2.40233E+03 -4.42229E-04
2.40330E+03 -4.40344E-04
2.40426E+03 -4.39383E-04
2.40523E+03 -4.41883E-04
2.40619E+03 -4.74624E-04
2.40716E+03 -5.26585E-04
2.40812E+03 -5.88421E-04
2.40909E+03 -6.11976E-04
2.41005E+03 -6.15142E-04
2.41101E+03 -6.24657E-04
2.41198E+03 -6.23181E-04
2.41294E+03 -6.46625E-04
2.41391E+03 -6.98492E-04
2.41487E+03 -7.12559E-04
2.41584E+03 -6.90386E-04
2.41680E+03 -6.83259E-04
2.41777E+03 -6.94074E-04
2.41873E+03 -7.29684E-04
2.41969E+03 -7.23172E-04
2.42066E+03 -7.53291E-04
2.42162E+03 -7.90019E-04
2.42259E+03 -7.43374E-04
2.42355E+03 -7.34303E-04
2.42452E+03 -7.72469E-04
2.42548E+03 -7.90197E-04
2.42644E+03 -8.37892E-04
2.42741E+03 -8.63485E-04
2.42837E+03 -8.56340E-04
2.42934E+03 -8.68835E-04
2.43030E+03 -9.01651E-04
2.43127E+03 -9.21134E-04
2.43223E+03 -9.19703E-04
2.43320E+03 -9.50892E-04
2.43416E+03 -9.69328E-04
2.43512E+03 -9.87139E-04
2.43609E+03 -1.00708E-03
2.43705E+03 -9.70680E-04
2.43802E+03 -9.39894E-04
2.43898E+03 -9.19595E-04
2.43995E+03 -8.86973E-04
2.44091E+03 -9.44570E-04
2.44188E+03 -9.73698E-04
2.44284E+03 -9.30011E-04
2.44380E+03 -9.36545E-04
2.44477E+03 -9.03502E-04
2.44573E+03 -8.95675E-04
2.44670E+03 -9.30000E-04
2.44766E+03 -9.84881E-04
2.44863E+03 -1.01304E-03
2.44959E+03 -1.04999E-03
2.45055E+03 -1.10841E-03
2.45152E+03 -1.11127E-03
2.45248E+03 -1.11908E-03
2.45345E+03 -1.10748E-03
2.45441E+03 -1.10846E-03
2.45538E+03 -1.10216E-03
2.45634E+03 -1.14062E-03
2.45731E+03 -1.15915E-03
2.45827E+03 -1.11947E-03
2.45923E+03 -1.12709E-03
2.46020E+03 -1.21915E-03
2.46116E+03 -1.29403E-03
2.46213E+03 -1.29754E-03
2.46309E+03 -1.29565E-03
2.46406E+03 -1.29402E-03
2.46502E+03 -1.29367E-03
2.46599E+03 -1.28381E-03
2.46695E+03 -1.29186E-03
2.46791E+03 -1.33479E-03
2.46888E+03 -1.39779E-03
2.46984E+03 -1.40360E-03
2.47081E+03 -1.42796E-03
2.47177E+03 -1.47720E-03
2.47274E+03 -1.51919E-03
2.47370E+03 -1.54728E-03
2.47467E+03 -1.51511E-03
2.47563E+03 -1.47815E-03
2.47659E+03 -1.47747E-03
2.47756E+03 -1.51157E-03
2.47852E+03 -1.48622E-03
2.47949E+03 -1.46323E-03
2.48045E+03 -1.49570E-03
2.48142E+03 -1.56658E-03
2.48238E+03 -1.61243E-03
2.48334E+03 -1.57359E-03
2.48431E+03 -1.53604E-03
2.48527E+03 -1.55264E-03
2.48624E+03 -1.52319E-03
2.48720E+03 -1.51152E-03
2.48817E+03 -1.53343E-03
2.48913E+03 -1.53841E-03
2.49010E+03 -1.53836E-03
2.49106E+03 -1.50314E-03
2.49202E+03 -1.48491E-03
2.49299E+03 -1.51268E-03
2.49395E+03 -1.50083E-03
2.49492E+03 -1.47471E-03
2.49588E+03 -1.44411E-03
2.49685E+03 -1.43531E-03
2.49781E+03 -1.43263E-03
2.49878E+03 -1.41263E-03
2.49974E+03 -1.40488E-03
2.50070E+03 -1.35382E-03
2.50167E+03 -1.31822E-03
2.50263E+03 -1.31242E-03
2.50360E+03 -1.32571E-03
2.50456E+03 -1.31552E-03
2.50553E+03 -1.30255E-03
2.50649E+03 -1.26085E-03
2.50745E+03 -1.21639E-03
2.50842E+03 -1.20500E-03
2.50938E+03 -1.17384E-03
2.51035E+03 -1.12489E-03
2.51131E+03 -1.14165E-03
2.51228E+03 -1.14052E-03
2.51324E+03 -1.06506E-03
2.51421E+03 -1.06741E-03
2.51517E+03 -1.08552E-03
2.51613E+03 -1.06203E-03
2.51710E+03 -1.04940E-03
2.51806E+03 -1.00058E-03
2.51903E+03 -9.25209E-04
2.51999E+03 -9.26591E-04
2.52096E+03 -9.18247E-04
2.52192E+03 -8.98045E-04
2.52289E+03 -8.69695E-04
2.52385E+03 -8.54973E-04
2.52481E+03 -8.61309E-04
2.52578E+03 -8.53863E-04
2.52674E+03 -8.69729E-04
2.52771E+03 -8.33970E-04
2.52867E+03 -8.19020E-04
2.52964E+03 -8.54880E-04
2.53060E+03 -8.74456E-04
2.53156E+03 -8.14848E-04
2.53253E+03 -7.93688E-04
2.53349E+03 -8.25927E-04
2.53446E+03 -8.53330E-04
2.53542E+03 -8.31321E-04
2.53639E+03 -7.76369E-04
2.53735E+03 -8.42247E-04
2.53832E+03 -8.74728E-04
2.53928E+03 -8.27774E-04
2.54024E+03 -8.39885E-04
2.54121E+03 -8.61272E-04
2.54217E+03 -8.98138E-04
2.54314E+03 -8.98741E-04
2.54410E+03 -8.86347E-04
2.54507E+03 -9.19435E-04
2.54603E+03 -9.02601E-04
2.54700E+03 -9.28447E-04
2.54796E+03 -9.91095E-04
2.54892E+03 -1.03918E-03
2.54989E+03 -1.02039E-03
2.55085E+03 -9.89579E-04
2.55182E+03 -1.00604E-03
2.55278E+03 -1.03575E-03
2.55375E+03 -1.08009E-03
2.55471E+03 -1.12013E-03
2.55568E+03 -1.12079E-03
2.55664E+03 -1.11989E-03
2.55760E+03 -1.14886E-03
2.55857E+03 -1.10884E-03
2.55953E+03 -1.08431E-03
2.56050E+03 -1.13188E-03
2.56146E+03 -1.13611E-03
2.56243E+03 -1.15057E-03
2.56339E+03 -1.17073E-03
2.56435E+03 -1.16358E-03
2.56532E+03 -1.15144E-03
2.56628E+03 -1.17422E-03
2.56725E+03 -1.18911E-03
2.56821E+03 -1.20636E-03
2.56918E+03 -1.21940E-03
2.57014E+03 -1.21082E-03
2.57111E+03 -1.26591E-03
2.57207E+03 -1.29695E-03
2.57303E+03 -1.29943E-03
2.57400E+03 -1.30036E-03
2.57496E+03 -1.31681E-03
2.57593E+03 -1.33307E-03
2.57689E+03 -1.34459E-03
2.57786E+03 -1.34321E-03
2.57882E+03 -1.30024E-03
2.57979E+03 -1.32944E-03
2.58075E+03 -1.37694E-03
2.58171E+03 -1.33599E-03
2.58268E+03 -1.29520E-03
2.58364E+03 -1.32071E-03
2.58461E+03 -1.31665E-03
2.58557E+03 -1.32950E-03
2.58654E+03 -1.32668E-03
2.58750E+03 -1.26838E-03
2.58846E+03 -1.23211E-03
2.58943E+03 -1.22327E-03
2.59039E+03 -1.23644E-03
2.59136E+03 -1.18900E-03
2.59232E+03 -1.16321E-03
2.59329E+03 -1.20370E-03
2.59425E+03 -1.26208E-03
2.59522E+03 -1.29914E-03
2.59618E+03 -1.32609E-03
2.59714E+03 -1.28147E-03
2.59811E+03 -1.26575E-03
2.59907E+03 -1.27037E-03
2.60004E+03 -1.21582E-03
2.60100E+03 -1.22729E-03
2.60197E+03 -1.25210E-03
2.60293E+03 -1.30177E-03
2.60390E+03 -1.37560E-03
2.60486E+03 -1.40703E-03
2.60582E+03 -1.33683E-03
2.60679E+03 -1.29424E-03
2.60775E+03 -1.33581E-03
2.60872E+03 -1.34788E-03
2.60968E+03 -1.34122E-03
2.61065E+03 -1.37955E-03
2.61161E+03 -1.42139E-03
2.61258E+03 -1.41925E-03
2.61354E+03 -1.39848E-03
2.61450E+03 -1.37491E-03
2.61547E+03 -1.38324E-03
2.61643E+03 -1.39666E-03
2.61740E+03 -1.42046E-03
2.61836E+03 -1.45973E-03
2.61933E+03 -1.50932E-03
2.62029E+03 -1.53491E-03
2.62125E+03 -1.51197E-03
2.62222E+03 -1.53244E-03
2.62318E+03 -1.59287E-03
2.62415E+03 -1.56700E-03
2.62511E+03 -1.55888E-03
2.62608E+03 -1.61006E-03
2.62704E+03 -1.67681E-03
2.62801E+03 -1.73945E-03
2.62897E+03 -1.69756E-03
2.62993E+03 -1.72121E-03
2.63090E+03 -1.81216E-03
2.63186E+03 -1.83580E-03
2.63283E+03 -1.85042E-03
2.63379E+03 -1.81309E-03
2.63476E+03 -1.80385E-03
2.63572E+03 -1.85803E-03
2.63669E+03 -1.93295E-03
2.63765E+03 -1.95679E-03
2.63861E+03 -1.93167E-03
2.63958E+03 -1.92188E-03
2.64054E+03 -1.88991E-03
2.64151E+03 -1.88993E-03
2.64247E+03 -1.98010E-03
2.64344E+03 -2.09434E-03
2.64440E+03 -2.11294E-03
2.64536E+03 -2.09704E-03
2.64633E+03 -2.09301E-03
2.64729E+03 -2.08386E-03
2.64826E+03 -2.08873E-03
2.64922E+03 -2.13303E-03
2.65019E+03 -2.11889E-03
2.65115E+03 -2.06698E-03
2.65212E+03 -2.07425E-03
2.65308E+03 -2.10341E-03
2.65404E+03 -2.13882E-03
2.65501E+03 -2.14471E-03
2.65597E+03 -2.14733E-03
2.65694E+03 -2.22600E-03
2.65790E+03 -2.24341E-03
2.65887E+03 -2.19754E-03
2.65983E+03 -2.17167E-03
2.66080E+03 -2.18518E-03
2.66176E+03 -2.23156E-03
2.66272E+03 -2.21981E-03
2.66369E+03 -2.21648E-03
2.66465E+03 -2.21734E-03
2.66562E+03 -2.14089E-03
2.66658E+03 -2.15427E-03
2.66755E+03 -2.28295E-03
2.66851E+03 -2.29613E-03
2.66948E+03 -2.20834E-03
2.67044E+03 -2.19064E-03
2.67140E+03 -2.26201E-03
2.67237E+03 -2.28871E-03
2.67333E+03 -2.26183E-03
2.67430E+03 -2.23024E-03
2.67526E+03 -2.24274E-03
2.67623E+03 -2.26364E-03
2.67719E+03 -2.29172E-03
2.67815E+03 -2.28873E-03
2.67912E+03 -2.30379E-03
2.68008E+03 -2.34058E-03
2.68105E+03 -2.32542E-03
2.68201E+03 -2.28591E-03
2.68298E+03 -2.27102E-03
2.68394E+03 -2.29399E-03
2.68491E+03 -2.31787E-03
2.68587E+03 -2.36404E-03
2.68683E+03 -2.34360E-03
2.68780E+03 -2.32756E-03
2.68876E+03 -2.36395E-03
2.68973E+03 -2.36585E-03
2.69069E+03 -2.36774E-03
2.69166E+03 -2.37010E-03
2.69262E+03 -2.32179E-03
2.69359E+03 -2.24114E-03
2.69455E+03 -2.27129E-03
2.69551E+03 -2.29906E-03
2.69648E+03 -2.27821E-03
2.69744E+03 -2.29636E-03
2.69841E+03 -2.31377E-03
2.69937E+03 -2.36164E-03
2.70034E+03 -2.30796E-03
2.70130E+03 -2.23351E-03
2.70226E+03 -2.25408E-03
2.70323E+03 -2.31567E-03
2.70419E+03 -2.36912E-03
2.70516E+03 -2.34886E-03
2.70612E+03 -2.28245E-03
2.70709E+03 -2.31032E-03
2.70805E+03 -2.33171E-03
2.70902E+03 -2.26890E-03
2.70998E+03 -2.27807E-03
2.71094E+03 -2.28791E-03
2.71191E+03 -2.29830E-03
2.71287E+03 -2.31764E-03
2.71384E+03 -2.31366E-03
2.71480E+03 -2.31529E-03
2.71577E+03 -2.25287E-03
2.71673E+03 -2.22386E-03
2.71770E+03 -2.26154E-03
2.71866E+03 -2.30984E-03
2.71962E+03 -2.33395E-03
2.72059E+03 -2.28298E-03
2.72155E+03 -2.21550E-03
2.72252E+03 -2.17502E-03
2.72348E+03 -2.17949E-03
2.72445E+03 -2.25005E-03
2.72541E+03 -2.29309E-03
2.72638E+03 -2.33849E-03
2.72734E+03 -2.35361E-03
2.72830E+03 -2.25511E-03
2.72927E+03 -2.20066E-03
2.73023E+03 -2.25405E-03
2.73120E+03 -2.29426E-03
2.73216E+03 -2.48774E-03
2.73313E+03 -2.65781E-03
2.73409E+03 -2.60528E-03
2.73505E+03 -2.41809E-03
2.73602E+03 -2.03043E-03
2.73698E+03 -1.77201E-03
2.73795E+03 -1.75656E-03
2.73891E+03 -1.80759E-03
2.73988E+03 -2.01345E-03
2.74084E+03 -2.13500E-03
2.74181E+03 -2.41417E-03
2.74277E+03 -2.73200E-03
2.74373E+03 -2.18507E-03
2.74470E+03 -1.72393E-03
2.74566E+03 -2.28609E-03
2.74663E+03 -2.37492E-03
2.74759E+03 -2.10373E-03
2.74856E+03 -2.27498E-03
2.74952E+03 -2.13742E-03
2.75049E+03 -2.15061E-03
2.75145E+03 -2.19505E-03
2.75241E+03 -2.17434E-03
2.75338E+03 -2.07107E-03
2.75434E+03 -2.05916E-03
2.75531E+03 -2.05931E-03
2.75627E+03 -1.93023E-03
2.75724E+03 -1.97033E-03
2.75820E+03 -1.98360E-03
2.75916E+03 -1.95888E-03
2.76013E+03 -1.82622E-03
2.76109E+03 -1.74859E-03
2.76206E+03 -1.76138E-03
2.76302E+03 -1.69728E-03
2.76399E+03 -1.63164E-03
2.76495E+03 -1.54229E-03
2.76592E+03 -1.46988E-03
2.76688E+03 -1.48120E-03
2.76784E+03 -1.42619E-03
2.76881E+03 -1.35409E-03
2.76977E+03 -1.25756E-03
2.77074E+03 -1.19418E-03
2.77170E+03 -1.14140E-03
2.77267E+03 -1.08254E-03
2.77363E+03 -9.89310E-04
2.77460E+03 -8.90516E-04
2.77556E+03 -8.64625E-04
2.77652E+03 -7.72674E-04
2.77749E+03 -7.07082E-04
2.77845E+03 -7.14455E-04
2.77942E+03 -6.52440E-04
2.78038E+03 -5.00578E-04
2.78135E+03 -3.84413E-04
2.78231E+03 -3.30213E-04
2.78327E+03 -2.65393E-04
2.78424E+03 -2.62558E-04
2.78520E+03 -1.92650E-04
2.78617E+03 -4.26918E-06
2.78713E+03 1.49965E-04
2.78810E+03 2.52090E-04
2.78906E+03 3.05172E-04
2.79003E+03 3.89025E-04
2.79099E+03 5.32672E-04
2.79195E+03 7.00608E-04
2.79292E+03 8.82227E-04
2.79388E+03 9.86051E-04
2.79485E+03 1.13592E-03
2.79581E+03 1.25956E-03
2.79678E+03 1.31251E-03
2.79774E+03 1.43213E-03
2.79871E+03 1.62561E-03
2.79967E+03 1.75847E-03
2.80063E+03 1.80411E-03
2.80160E+03 1.93563E-03
2.80256E+03 2.10581E-03
2.80353E+03 2.24654E-03
2.80449E+03 2.37094E-03
2.80546E+03 2.50307E-03
2.80642E+03 2.65465E-03
2.80739E+03 2.80552E-03
2.80835E+03 3.00473E-03
2.80931E+03 3.13334E-03
2.81028E+03 3.28914E-03
2.81124E+03 3.47513E-03
2.81221E+03 3.59316E-03
2.81317E+03 3.76673E-03
2.81414E+03 3.94522E-03
2.81510E+03 4.14894E-03
2.81606E+03 4.36951E-03
2.81703E+03 4.57933E-03
2.81799E+03 4.80367E-03
2.81896E+03 5.08548E-03
2.81992E+03 5.36291E-03
2.82089E+03 5.61270E-03
2.82185E+03 5.92322E-03
2.82282E+03 6.28993E-03
2.82378E+03 6.68780E-03
2.82474E+03 7.08017E-03
2.82571E+03 7.39886E-03
2.82667E+03 7.67117E-03
2.82764E+03 8.07382E-03
2.82860E+03 8.43653E-03
2.82957E+03 8.64917E-03
2.83053E+03 8.76541E-03
2.83150E+03 8.83900E-03
2.83246E+03 8.82926E-03
2.83342E+03 8.68065E-03
2.83439E+03 8.47326E-03
2.83535E+03 8.17685E-03
2.83632E+03 7.88220E-03
2.83728E+03 7.61028E-03
2.83825E+03 7.25403E-03
2.83921E+03 6.85886E-03
2.84017E+03 6.47020E-03
2.84114E+03 6.04327E-03
2.84210E+03 5.67049E-03
2.84307E+03 5.39901E-03
2.84403E+03 5.14960E-03
2.84500E+03 4.83194E-03
2.84596E+03 4.52168E-03
2.84693E+03 4.31244E-03
2.84789E+03 4.08985E-03
2.84885E+03 3.85124E-03
2.84982E+03 3.73178E-03
2.85078E+03 3.63896E-03
2.85175E+03 3.48219E-03
2.85271E+03 3.40605E-03
2.85368E+03 3.37063E-03
2.85464E+03 3.30948E-03
2.85561E+03 3.21929E-03
2.85657E+03 3.09648E-03
2.85753E+03 3.08149E-03
2.85850E+03 3.04135E-03
2.85946E+03 2.93626E-03
2.86043E+03 2.90470E-03
2.86139E+03 2.98487E-03
2.86236E+03 3.09939E-03
2.86332E+03 3.05142E-03
2.86428E+03 2.90853E-03
2.86525E+03 2.88200E-03
2.86621E+03 2.89197E-03
2.86718E+03 2.84954E-03
2.86814E+03 2.79862E-03
2.86911E+03 2.79003E-03
2.87007E+03 2.75988E-03
2.87104E+03 2.71192E-03
2.87200E+03 2.73415E-03
2.87296E+03 2.73863E-03
2.87393E+03 2.71087E-03
2.87489E+03 2.75344E-03
2.87586E+03 2.82630E-03
2.87682E+03 2.85266E-03
2.87779E+03 2.86712E-03
2.87875E+03 2.92328E-03
2.87972E+03 2.95946E-03
2.88068E+03 2.98179E-03
2.88164E+03 3.02199E-03
2.88261E+03 3.00141E-03
2.88357E+03 3.05052E-03
2.88454E+03 3.15402E-03
2.88550E+03 3.19545E-03
2.88647E+03 3.16620E-03
2.88743E+03 3.20119E-03
2.88840E+03 3.31899E-03
2.88936E+03 3.42983E-03
2.89032E+03 3.48870E-03
2.89129E+03 3.56888E-03
2.89225E+03 3.60953E-03
2.89322E+03 3.61808E-03
2.89418E+03 3.69858E-03
2.89515E+03 3.79261E-03
2.89611E+03 3.83748E-03
2.89707E+03 3.86449E-03
2.89804E+03 3.94218E-03
2.89900E+03 4.00721E-03
2.89997E+03 4.10404E-03
2.90093E+03 4.18315E-03
2.90190E+03 4.28854E-03
2.90286E+03 4.39208E-03
2.90383E+03 4.43768E-03
2.90479E+03 4.52694E-03
2.90575E+03 4.63605E-03
2.90672E+03 4.77898E-03
2.90768E+03 4.87100E-03
2.90865E+03 4.98435E-03
2.90961E+03 5.09446E-03
2.91058E+03 5.09180E-03
2.91154E+03 5.15334E-03
2.91251E+03 5.22217E-03
2.91347E+03 5.25014E-03
2.91443E+03 5.28124E-03
2.91540E+03 5.33151E-03
2.91636E+03 5.37776E-03
2.91733E+03 5.38050E-03
2.91829E+03 5.42001E-03
2.91926E+03 5.52200E-03
2.92022E+03 5.49869E-03
2.92118E+03 5.54094E-03
2.92215E+03 5.63079E-03
2.92311E+03 5.66296E-03
2.92408E+03 5.74400E-03
2.92504E+03 5.83527E-03
2.92601E+03 5.94655E-03
2.92697E+03 6.06106E-03
2.92794E+03 6.19049E-03
2.92890E+03 6.31404E-03
2.92986E+03 6.47641E-03
2.93083E+03 6.57880E-03
2.93179E+03 6.62498E-03
2.93276E+03 6.71507E-03
2.93372E+03 6.79899E-03
2.93469E+03 6.91750E-03
2.93565E+03 6.96611E-03
2.93662E+03 6.95450E-03
2.93758E+03 6.88771E-03
2.93854E+03 6.83052E-03
2.93951E+03 6.90643E-03
2.94047E+03 6.94608E-03
2.94144E+03 6.92296E-03
2.94240E+03 6.88124E-03
2.94337E+03 6.85407E-03
2.94433E+03 6.77585E-03
2.94530E+03 6.70902E-03
2.94626E+03 6.71857E-03
2.94722E+03 6.75293E-03
2.94819E+03 6.79047E-03
2.94915E+03 6.83773E-03
2.95012E+03 6.89840E-03
2.95108E+03 6.95983E-03
2.95205E+03 7.05298E-03
2.95301E+03 7.19205E-03
2.95397E+03 7.33649E-03
2.95494E+03 7.39676E-03
2.95590E+03 7.48861E-03
2.95687E+03 7.57892E-03
2.95783E+03 7.61909E-03
2.95880E+03 7.69522E-03
2.95976E+03 7.71323E-03
2.96073E+03 7.70819E-03
2.96169E+03 7.61084E-03
2.96265E+03 7.52085E-03
2.96362E+03 7.43758E-03
2.96458E+03 7.31944E-03
2.96555E+03 7.29277E-03
2.96651E+03 7.17597E-03
2.96748E+03 7.03155E-03
2.96844E+03 6.85698E-03
2.96941E+03 6.61876E-03
2.97037E+03 6.50821E-03
2.97133E+03 6.37160E-03
2.97230E+03 6.16039E-03
2.97326E+03 6.02098E-03
2.97423E+03 5.86139E-03
2.97519E+03 5.75380E-03
2.97616E+03 5.69239E-03
2.97712E+03 5.57520E-03
2.97808E+03 5.48330E-03
2.97905E+03 5.49062E-03
2.98001E+03 5.51043E-03
2.98098E+03 5.50392E-03
2.98194E+03 5.54323E-03
2.98291E+03 5.55911E-03
2.98387E+03 5.56371E-03
2.98484E+03 5.58648E-03
2.98580E+03 5.66432E-03
2.98676E+03 5.72098E-03
2.98773E+03 5.81418E-03
2.98869E+03 5.90352E-03
2.98966E+03 5.84864E-03
2.99062E+03 5.82271E-03
2.99159E+03 5.80110E-03
2.99255E+03 5.68416E-03
2.99352E+03 5.58558E-03
2.99448E+03 5.49654E-03
2.99544E+03 5.28961E-03
2.99641E+03 5.10122E-03
2.99737E+03 4.98050E-03
2.99834E+03 4.75480E-03
2.99930E+03 4.54836E-03
3.00027E+03 4.46073E-03
3.00123E+03 4.33862E-03
3.00220E+03 4.14313E-03
3.00316E+03 3.95968E-03
3.00412E+03 3.80882E-03
3.00509E+03 3.66099E-03
3.00605E+03 3.43850E-03
3.00702E+03 3.20512E-03
3.00798E+03 3.10613E-03
3.00895E+03 3.01003E-03
3.00991E+03 2.89377E-03
3.01087E+03 2.77008E-03
3.01184E+03 2.71472E-03
3.01280E+03 2.67247E-03
3.01377E+03 2.64909E-03
3.01473E+03 2.59253E-03
3.01570E+03 2.48862E-03
3.01666E+03 2.50475E-03
3.01763E+03 2.49897E-03
3.01859E+03 2.45957E-03
3.01955E+03 2.41513E-03
3.02052E+03 2.40954E-03
3.02148E+03 2.42053E-03
3.02245E+03 2.44750E-03
3.02341E+03 2.50107E-03
3.02438E+03 2.56114E-03
3.02534E+03 2.53459E-03
3.02631E+03 2.55178E-03
3.02727E+03 2.63115E-03
3.02823E+03 2.72417E-03
3.02920E+03 2.79308E-03
3.03016E+03 2.77623E-03
3.03113E+03 2.79394E-03
3.03209E+03 2.85503E-03
3.03306E+03 3.02903E-03
3.03402E+03 3.10792E-03
3.03498E+03 3.07157E-03
3.03595E+03 3.15647E-03
3.03691E+03 3.26843E-03
3.03788E+03 3.35306E-03
3.03884E+03 3.43717E-03
3.03981E+03 3.46655E-03
3.04077E+03 3.53696E-03
3.04174E+03 3.60759E-03
3.04270E+03 3.65145E-03
3.04366E+03 3.79828E-03
3.04463E+03 3.95839E-03
3.04559E+03 3.98875E-03
3.04656E+03 4.00683E-03
3.04752E+03 4.10966E-03
3.04849E+03 4.23261E-03
3.04945E+03 4.33364E-03
3.05042E+03 4.42753E-03
3.05138E+03 4.49784E-03
3.05234E+03 4.54866E-03
3.05331E+03 4.68367E-03
3.05427E+03 4.78450E-03
3.05524E+03 4.88780E-03
3.05620E+03 5.06288E-03
3.05717E+03 5.17545E-03
3.05813E+03 5.24504E-03
3.05909E+03 5.29113E-03
3.06006E+03 5.45985E-03
3.06102E+03 5.62465E-03
3.06199E+03 5.66722E-03
3.06295E+03 5.75949E-03
3.06392E+03 5.86084E-03
3.06488E+03 6.00343E-03
3.06585E+03 6.13144E-03
3.06681E+03 6.21007E-03
3.06777E+03 6.36823E-03
3.06874E+03 6.47707E-03
3.06970E+03 6.61387E-03
3.07067E+03 6.76737E-03
3.07163E+03 6.84722E-03
3.07260E+03 6.97751E-03
3.07356E+03 7.06832E-03
3.07453E+03 7.20103E-03
3.07549E+03 7.36714E-03
3.07645E+03 7.52178E-03
3.07742E+03 7.69788E-03
3.07838E+03 7.80044E-03
3.07935E+03 7.91759E-03
3.08031E+03 8.08058E-03
3.08128E+03 8.18071E-03
3.08224E+03 8.31376E-03
3.08321E+03 8.51272E-03
3.08417E+03 8.68892E-03
3.08513E+03 8.84349E-03
3.08610E+03 8.98730E-03
3.08706E+03 9.10217E-03
3.08803E+03 9.20018E-03
3.08899E+03 9.38961E-03
3.08996E+03 9.57875E-03
3.09092E+03 9.73708E-03
3.09188E+03 9.92124E-03
3.09285E+03 1.01097E-02
3.09381E+03 1.02603E-02
3.09478E+03 1.04151E-02
3.09574E+03 1.06035E-02
3.09671E+03 1.07648E-02
3.09767E+03 1.08849E-02
3.09864E+03 1.10454E-02
3.09960E+03 1.12094E-02
3.10056E+03 1.12987E-02
3.10153E+03 1.14751E-02
3.10249E+03 1.16266E-02
3.10346E+03 1.17986E-02
3.10442E+03 1.20271E-02
3.10539E+03 1.21889E-02
3.10635E+03 1.23639E-02
3.10732E+03 1.25024E-02
3.10828E+03 1.27237E-02
3.10924E+03 1.29083E-02
3.11021E+03 1.29663E-02
3.11117E+03 1.31214E-02
3.11214E+03 1.33387E-02
3.11310E+03 1.35127E-02
3.11407E+03 1.36963E-02
3.11503E+03 1.39149E-02
3.11599E+03 1.41167E-02
3.11696E+03 1.43507E-02
3.11792E+03 1.44711E-02
3.11889E+03 1.46143E-02
3.11985E+03 1.48300E-02
3.12082E+03 1.50088E-02
3.12178E+03 1.51659E-02
3.12275E+03 1.53712E-02
3.12371E+03 1.56693E-02
3.12467E+03 1.58737E-02
3.12564E+03 1.59661E-02
3.12660E+03 1.60969E-02
3.12757E+03 1.62361E-02
3.12853E+03 1.64323E-02
3.12950E+03 1.66891E-02
3.13046E+03 1.68085E-02
3.13143E+03 1.69813E-02
3.13239E+03 1.72510E-02
3.13335E+03 1.74188E-02
3.13432E+03 1.75929E-02
3.13528E+03 1.78533E-02
3.13625E+03 1.80763E-02
3.13721E+03 1.81856E-02
3.13818E+03 1.83108E-02
3.13914E+03 1.85330E-02
3.14010E+03 1.87067E-02
3.14107E+03 1.88893E-02
3.14203E+03 1.90803E-02
3.14300E+03 1.92436E-02
3.14396E+03 1.94606E-02
3.14493E+03 1.96691E-02
3.14589E+03 1.98722E-02
3.14686E+03 2.00931E-02
3.14782E+03 2.02652E-02
3.14878E+03 2.04830E-02
3.14975E+03 2.06448E-02
3.15071E+03 2.08165E-02
3.15168E+03 2.10926E-02
3.15264E+03 2.12955E-02
3.15361E+03 2.14246E-02
3.15457E+03 2.16133E-02
3.15554E+03 2.17640E-02
3.15650E+03 2.19859E-02
3.15746E+03 2.23374E-02
3.15843E+03 2.24783E-02
3.15939E+03 2.26292E-02
3.16036E+03 2.28458E-02
3.16132E+03 2.29834E-02
3.16229E+03 2.31435E-02
3.16325E+03 2.33401E-02
3.16422E+03 2.35544E-02
3.16518E+03 2.38047E-02
3.16614E+03 2.39919E-02
3.16711E+03 2.41554E-02
3.16807E+03 2.43607E-02
3.16904E+03 2.45866E-02
3.17000E+03 2.47760E-02
3.17097E+03 2.49182E-02
3.17193E+03 2.50409E-02
3.17289E+03 2.52615E-02
3.17386E+03 2.54899E-02
3.17482E+03 2.56289E-02
3.17579E+03 2.57992E-02
3.17675E+03 2.59042E-02
3.17772E+03 2.61193E-02
3.17868E+03 2.64356E-02
3.17965E+03 2.65320E-02
3.18061E+03 2.66264E-02
3.18157E+03 2.68261E-02
3.18254E+03 2.69750E-02
3.18350E+03 2.72010E-02
3.18447E+03 2.73690E-02
3.18543E+03 2.74000E-02
3.18640E+03 2.75508E-02
3.18736E+03 2.76787E-02
3.18833E+03 2.77855E-02
3.18929E+03 2.80145E-02
3.19025E+03 2.81032E-02
3.19122E+03 2.82621E-02
3.19218E+03 2.85142E-02
3.19315E+03 2.87007E-02
3.19411E+03 2.88605E-02
3.19508E+03 2.89541E-02
3.19604E+03 2.90810E-02
3.19700E+03 2.91645E-02
3.19797E+03 2.92846E-02
3.19893E+03 2.94755E-02
3.19990E+03 2.96154E-02
3.20086E+03 2.97332E-02
3.20183E+03 2.98687E-02
3.20279E+03 2.99765E-02
3.20376E+03 3.00201E-02
3.20472E+03 3.01425E-02
3.20568E+03 3.02970E-02
3.20665E+03 3.03968E-02
3.20761E+03 3.05293E-02
3.20858E+03 3.06070E-02
3.20954E+03 3.06272E-02
3.21051E+03 3.07135E-02
3.21147E+03 3.08783E-02
3.21244E+03 3.09774E-02
3.21340E+03 3.10580E-02
3.21436E+03 3.11881E-02
3.21533E+03 3.12332E-02
3.21629E+03 3.12996E-02
3.21726E+03 3.13275E-02
3.21822E+03 3.14005E-02
3.21919E+03 3.14790E-02
3.22015E+03 3.15044E-02
3.22111E+03 3.16155E-02
3.22208E+03 3.17584E-02
3.22304E+03 3.18305E-02
3.22401E+03 3.19246E-02
3.22497E+03 3.20826E-02
3.22594E+03 3.21759E-02
3.22690E+03 3.21661E-02
3.22787E+03 3.21142E-02
3.22883E+03 3.21496E-02
3.22979E+03 3.21671E-02
3.23076E+03 3.22015E-02
3.23172E+03 3.22754E-02
3.23269E+03 3.23165E-02
3.23365E+03 3.23602E-02
3.23462E+03 3.23995E-02
3.23558E+03 3.24054E-02
3.23655E+03 3.24379E-02
3.23751E+03 3.24725E-02
3.23847E+03 3.25114E-02
3.23944E+03 3.24590E-02
3.24040E+03 3.25062E-02
3.24137E+03 3.25358E-02
3.24233E+03 3.24788E-02
3.24330E+03 3.25465E-02
3.24426E+03 3.25062E-02
3.24523E+03 3.24562E-02
3.24619E+03 3.25083E-02
3.24715E+03 3.25266E-02
3.24812E+03 3.24811E-02
3.24908E+03 3.24209E-02
3.25005E+03 3.24600E-02
3.25101E+03 3.25283E-02
3.25198E+03 3.25027E-02
3.25294E+03 3.24918E-02
3.25390E+03 3.24335E-02
3.25487E+03 3.24178E-02
3.25583E+03 3.24192E-02
3.25680E+03 3.23751E-02
3.25776E+03 3.23745E-02
3.25873E+03 3.23665E-02
3.25969E+03 3.23031E-02
3.26066E+03 3.22356E-02
3.26162E+03 3.21234E-02
3.26258E+03 3.20466E-02
3.26355E+03 3.20117E-02
3.26451E+03 3.20209E-02
3.26548E+03 3.20195E-02
3.26644E+03 3.18484E-02
3.26741E+03 3.17373E-02
3.26837E+03 3.17074E-02
3.26934E+03 3.16046E-02
3.27030E+03 3.14647E-02
3.27126E+03 3.14014E-02
3.27223E+03 3.13583E-02
3.27319E+03 3.12886E-02
3.27416E+03 3.12344E-02
3.27512E+03 3.11426E-02
3.27609E+03 3.09805E-02
3.27705E+03 3.08842E-02
3.27802E+03 3.08371E-02
3.27898E+03 3.06512E-02
3.27994E+03 3.05022E-02
3.28091E+03 3.04286E-02
3.28187E+03 3.03504E-02
3.28284E+03 3.02177E-02
3.28380E+03 3.00544E-02
3.28477E+03 2.99749E-02
3.28573E+03 2.99306E-02
3.28669E+03 2.98562E-02
3.28766E+03 2.96883E-02
3.28862E+03 2.94921E-02
3.28959E+03 2.93836E-02
3.29055E+03 2.92744E-02
3.29152E+03 2.91095E-02
3.29248E+03 2.89572E-02
3.29345E+03 2.88803E-02
3.29441E+03 2.88190E-02
3.29537E+03 2.86039E-02
3.29634E+03 2.83876E-02
3.29730E+03 2.83067E-02
3.29827E+03 2.81788E-02
3.29923E+03 2.79595E-02
3.30020E+03 2.77328E-02
3.30116E+03 2.76119E-02
3.30213E+03 2.75269E-02
3.30309E+03 2.73196E-02
3.30405E+03 2.71108E-02
3.30502E+03 2.69286E-02
3.30598E+03 2.67634E-02
3.30695E+03 2.65702E-02
3.30791E+03 2.64234E-02
3.30888E+03 2.63731E-02
3.30984E+03 2.61689E-02
3.31080E+03 2.59387E-02
3.31177E+03 2.57897E-02
3.31273E+03 2.56249E-02
3.31370E+03 2.54266E-02
3.31466E+03 2.51884E-02
3.31563E+03 2.50257E-02
3.31659E+03 2.48785E-02
3.31756E+03 2.47166E-02
3.31852E+03 2.45859E-02
3.31948E+03 2.44035E-02
3.32045E+03 2.41894E-02
3.32141E+03 2.40064E-02
3.32238E+03 2.38460E-02
3.32334E+03 2.37090E-02
3.32431E+03 2.35106E-02
3.32527E+03 2.33141E-02
3.32624E+03 2.32100E-02
3.32720E+03 2.30584E-02
3.32816E+03 2.28112E-02
3.32913E+03 2.25381E-02
3.33009E+03 2.23243E-02
3.33106E+03 2.22156E-02
3.33202E+03 2.20514E-02
3.33299E+03 2.18299E-02
3.33395E+03 2.17164E-02
3.33492E+03 2.15867E-02
3.33588E+03 2.13074E-02
3.33684E+03 2.11485E-02
3.33781E+03 2.11615E-02
3.33877E+03 2.09453E-02
3.33974E+03 2.06898E-02
3.34070E+03 2.05228E-02
3.34167E+03 2.03441E-02
3.34263E+03 2.01514E-02
3.34359E+03 1.99763E-02
3.34456E+03 1.98889E-02
3.34552E+03 1.97348E-02
3.34649E+03 1.95531E-02
3.34745E+03 1.94084E-02
3.34842E+03 1.92529E-02
3.34938E+03 1.91064E-02
3.35035E+03 1.89572E-02
3.35131E+03 1.87667E-02
3.35227E+03 1.87002E-02
3.35324E+03 1.85585E-02
3.35420E+03 1.83472E-02
3.35517E+03 1.82603E-02
3.35613E+03 1.80802E-02
3.35710E+03 1.78963E-02
3.35806E+03 1.78530E-02
3.35903E+03 1.77293E-02
3.35999E+03 1.75591E-02
3.36095E+03 1.73934E-02
3.36192E+03 1.72355E-02
3.36288E+03 1.70770E-02
3.36385E+03 1.68771E-02
3.36481E+03 1.67141E-02
3.36578E+03 1.66114E-02
3.36674E+03 1.64951E-02
3.36770E+03 1.64214E-02
3.36867E+03 1.63020E-02
3.36963E+03 1.60572E-02
3.37060E+03 1.58612E-02
3.37156E+03 1.57318E-02
3.37253E+03 1.56594E-02
3.37349E+03 1.55929E-02
3.37446E+03 1.54330E-02
3.37542E+03 1.52082E-02
3.37638E+03 1.50490E-02
3.37735E+03 1.48871E-02
3.37831E+03 1.48139E-02
3.37928E+03 1.47365E-02
3.38024E+03 1.45319E-02
3.38121E+03 1.43481E-02
3.38217E+03 1.42078E-02
3.38314E+03 1.41326E-02
3.38410E+03 1.40546E-02
3.38506E+03 1.38859E-02
3.38603E+03 1.36950E-02
3.38699E+03 1.34826E-02
3.38796E+03 1.33470E-02
3.38892E+03 1.32743E-02
3.38989E+03 1.31685E-02
3.39085E+03 1.30637E-02
3.39181E+03 1.29520E-02
3.39278E+03 1.27505E-02
3.39374E+03 1.25527E-02
3.39471E+03 1.23574E-02
3.39567E+03 1.21346E-02
3.39664E+03 1.20039E-02
3.39760E+03 1.18904E-02
3.39857E+03 1.17962E-02
3.39953E+03 1.17593E-02
3.40049E+03 1.15755E-02
3.40146E+03 1.14213E-02
3.40242E+03 1.12725E-02
3.40339E+03 1.11269E-02
3.40435E+03 1.10795E-02
3.40532E+03 1.09620E-02
3.40628E+03 1.08023E-02
3.40725E+03 1.06195E-02
3.40821E+03 1.05110E-02
3.40917E+03 1.03795E-02
3.41014E+03 1.02505E-02
3.41110E+03 1.01588E-02
3.41207E+03 9.94367E-03
3.41303E+03 9.62076E-03
3.41400E+03 9.29898E-03
3.41496E+03 9.34792E-03
3.41593E+03 9.47728E-03
3.41689E+03 9.45199E-03
3.41785E+03 9.35721E-03
3.41882E+03 9.21685E-03
3.41978E+03 9.14634E-03
3.42075E+03 8.97108E-03
3.42171E+03 8.78904E-03
3.42268E+03 8.65938E-03
3.42364E+03 8.50194E-03
3.42460E+03 8.32258E-03
3.42557E+03 8.25219E-03
3.42653E+03 8.17984E-03
3.42750E+03 7.94894E-03
3.42846E+03 7.73439E-03
3.42943E+03 7.54109E-03
3.43039E+03 7.38368E-03
3.43136E+03 7.37226E-03
3.43232E+03 7.42267E-03
3.43328E+03 7.31692E-03
3.43425E+03 7.12403E-03
3.43521E+03 7.07227E-03
3.43618E+03 7.04693E-03
3.43714E+03 7.06130E-03
3.43811E+03 7.04762E-03
3.43907E+03 6.93896E-03
3.44004E+03 6.75875E-03
3.44100E+03 6.51903E-03
3.44196E+03 6.27235E-03
3.44293E+03 6.09511E-03
3.44389E+03 5.93481E-03
3.44486E+03 5.85005E-03
3.44582E+03 5.92181E-03
3.44679E+03 5.75656E-03
3.44775E+03 5.49867E-03
3.44871E+03 5.61645E-03
3.44968E+03 5.47376E-03
3.45064E+03 5.25449E-03
3.45161E+03 5.15250E-03
3.45257E+03 4.97909E-03
3.45354E+03 4.95860E-03
3.45450E+03 4.92528E-03
3.45547E+03 4.92064E-03
3.45643E+03 4.84695E-03
3.45739E+03 4.72577E-03
3.45836E+03 4.60528E-03
3.45932E+03 4.50094E-03
3.46029E+03 4.42196E-03
3.46125E+03 4.34213E-03
3.46222E+03 4.22043E-03
3.46318E+03 4.07966E-03
3.46415E+03 3.97569E-03
3.46511E+03 3.84742E-03
3.46607E+03 3.79793E-03
3.46704E+03 3.69861E-03
3.46800E+03 3.47882E-03
3.46897E+03 3.43678E-03
3.46993E+03 3.46834E-03
3.47090E+03 3.43314E-03
3.47186E+03 3.31872E-03
3.47282E+03 3.18732E-03
3.47379E+03 3.01726E-03
3.47475E+03 2.84187E-03
3.47572E+03 2.81488E-03
3.47668E+03 2.82088E-03
3.47765E+03 2.80673E-03
3.47861E+03 2.66009E-03
3.47958E+03 2.52542E-03
3.48054E+03 2.45779E-03
3.48150E+03 2.31379E-03
3.48247E+03 2.15980E-03
3.48343E+03 1.99853E-03
3.48440E+03 1.93096E-03
3.48536E+03 1.84581E-03
3.48633E+03 1.71792E-03
3.48729E+03 1.66601E-03
3.48826E+03 1.55606E-03
3.48922E+03 1.40292E-03
3.49018E+03 1.32897E-03
3.49115E+03 1.31214E-03
3.49211E+03 1.30156E-03
3.49308E+03 1.23713E-03
3.49404E+03 1.05406E-03
3.49501E+03 8.43123E-04
3.49597E+03 7.66918E-04
3.49694E+03 8.42012E-04
3.49790E+03 8.22075E-04
3.49886E+03 5.84625E-04
3.49983E+03 4.50321E-04
3.50079E+03 4.62439E-04
3.50176E+03 3.96673E-04
3.50272E+03 3.10469E-04
3.50369E+03 2.80749E-04
3.50465E+03 2.17505E-04
3.50561E+03 1.30933E-04
3.50658E+03 1.26176E-05
3.50754E+03 -7.99410E-05
3.50851E+03 -1.78654E-04
3.50947E+03 -3.10656E-04
3.51044E+03 -3.01007E-04
3.51140E+03 -4.11011E-04
3.51237E+03 -5.80106E-04
3.51333E+03 -5.40748E-04
3.51429E+03 -5.16284E-04
3.51526E+03 -5.99414E-04
3.51622E+03 -6.58836E-04
3.51719E+03 -7.36564E-04
3.51815E+03 -8.62550E-04
3.51912E+03 -9.64064E-04
3.52008E+03 -1.03448E-03
3.52105E+03 -1.06036E-03
3.52201E+03 -1.16802E-03
3.52297E+03 -1.30361E-03
3.52394E+03 -1.27979E-03
3.52490E+03 -1.28208E-03
3.52587E+03 -1.33196E-03
3.52683E+03 -1.38757E-03
3.52780E+03 -1.51620E-03
3.52876E+03 -1.66841E-03
3.52972E+03 -1.64989E-03
3.53069E+03 -1.53506E-03
3.53165E+03 -1.67970E-03
3.53262E+03 -1.83063E-03
3.53358E+03 -1.78982E-03
3.53455E+03 -1.87777E-03
3.53551E+03 -1.98489E-03
3.53648E+03 -1.96415E-03
3.53744E+03 -2.00994E-03
3.53840E+03 -2.11215E-03
3.53937E+03 -2.11776E-03
3.54033E+03 -2.10008E-03
3.54130E+03 -2.11977E-03
3.54226E+03 -2.15824E-03
3.54323E+03 -2.24765E-03
3.54419E+03 -2.30002E-03
3.54516E+03 -2.30918E-03
3.54612E+03 -2.31797E-03
3.54708E+03 -2.37417E-03
3.54805E+03 -2.47413E-03
3.54901E+03 -2.48605E-03
3.54998E+03 -2.36337E-03
3.55094E+03 -2.27859E-03
3.55191E+03 -2.32122E-03
3.55287E+03 -2.43719E-03
3.55383E+03 -2.59944E-03
3.55480E+03 -2.66211E-03
3.55576E+03 -2.61343E-03
3.55673E+03 -2.57390E-03
3.55769E+03 -2.54482E-03
3.55866E+03 -2.58717E-03
3.55962E+03 -2.61443E-03
3.56059E+03 -2.68120E-03
3.56155E+03 -2.74310E-03
3.56251E+03 -2.76927E-03
3.56348E+03 -2.81432E-03
3.56444E+03 -2.80919E-03
3.56541E+03 -2.73433E-03
3.56637E+03 -2.68906E-03
3.56734E+03 -2.71723E-03
3.56830E+03 -2.74752E-03
3.56927E+03 -2.76870E-03
3.57023E+03 -2.81296E-03
3.57119E+03 -2.85634E-03
3.57216E+03 -2.75317E-03
3.57312E+03 -2.66678E-03
3.57409E+03 -2.68824E-03
3.57505E+03 -2.75212E-03
3.57602E+03 -2.77829E-03
3.57698E+03 -2.78143E-03
3.57795E+03 -2.74457E-03
3.57891E+03 -2.58515E-03
3.57987E+03 -2.45893E-03
3.58084E+03 -2.40528E-03
3.58180E+03 -2.34161E-03
3.58277E+03 -2.27394E-03
3.58373E+03 -2.14821E-03
3.58470E+03 -2.14094E-03
3.58566E+03 -2.20149E-03
3.58662E+03 -2.12828E-03
3.58759E+03 -2.07109E-03
3.58855E+03 -2.09910E-03
3.58952E+03 -2.05563E-03
3.59048E+03 -1.99275E-03
3.59145E+03 -2.12190E-03
3.59241E+03 -2.12578E-03
3.59338E+03 -2.07718E-03
3.59434E+03 -2.10626E-03
3.59530E+03 -2.03897E-03
3.59627E+03 -2.08927E-03
3.59723E+03 -2.25303E-03
3.59820E+03 -2.44165E-03
3.59916E+03 -2.27465E-03
3.60013E+03 -2.04042E-03
3.60109E+03 -2.35702E-03
3.60206E+03 -2.78569E-03
3.60302E+03 -2.95608E-03
3.60398E+03 -2.93371E-03
3.60495E+03 -2.86903E-03
3.60591E+03 -2.89768E-03
3.60688E+03 -2.94807E-03
3.60784E+03 -2.96572E-03
3.60881E+03 -3.00505E-03
3.60977E+03 -3.01532E-03
3.61074E+03 -3.00222E-03
3.61170E+03 -2.95058E-03
3.61266E+03 -2.90920E-03
3.61363E+03 -2.98235E-03
3.61459E+03 -3.10321E-03
3.61556E+03 -3.13285E-03
3.61652E+03 -3.01553E-03
3.61749E+03 -2.86854E-03
3.61845E+03 -2.85750E-03
3.61941E+03 -2.91214E-03
3.62038E+03 -2.94878E-03
3.62134E+03 -2.94707E-03
3.62231E+03 -2.99780E-03
3.62327E+03 -3.08812E-03
3.62424E+03 -3.01092E-03
3.62520E+03 -2.96980E-03
3.62617E+03 -2.98528E-03
3.62713E+03 -2.99634E-03
3.62809E+03 -3.02504E-03
3.62906E+03 -3.02396E-03
3.63002E+03 -3.03371E-03
3.63099E+03 -3.08976E-03
3.63195E+03 -3.13199E-03
3.63292E+03 -3.14554E-03
3.63388E+03 -3.17473E-03
3.63485E+03 -3.08914E-03
3.63581E+03 -3.08967E-03
3.63677E+03 -3.14898E-03
3.63774E+03 -3.06999E-03
3.63870E+03 -3.08729E-03
3.63967E+03 -3.15161E-03
3.64063E+03 -3.09505E-03
3.64160E+03 -3.14637E-03
3.64256E+03 -3.15184E-03
3.64352E+03 -3.04702E-03
3.64449E+03 -3.07212E-03
3.64545E+03 -3.10613E-03
3.64642E+03 -3.13276E-03
3.64738E+03 -3.11437E-03
3.64835E+03 -3.01325E-03
3.64931E+03 -2.94506E-03
3.65028E+03 -3.04201E-03
3.65124E+03 -3.16096E-03
3.65220E+03 -3.21289E-03
3.65317E+03 -3.16308E-03
3.65413E+03 -3.08843E-03
3.65510E+03 -3.10568E-03
3.65606E+03 -3.09365E-03
3.65703E+03 -2.97539E-03
3.65799E+03 -2.99153E-03
3.65896E+03 -3.11508E-03
3.65992E+03 -3.07908E-03
3.66088E+03 -3.06173E-03
3.66185E+03 -3.10142E-03
3.66281E+03 -3.11298E-03
3.66378E+03 -3.14150E-03
3.66474E+03 -3.17445E-03
3.66571E+03 -3.15221E-03
3.66667E+03 -3.18046E-03
3.66764E+03 -3.24666E-03
3.66860E+03 -3.31554E-03
3.66956E+03 -3.31938E-03
3.67053E+03 -3.25928E-03
3.67149E+03 -3.20478E-03
3.67246E+03 -3.29417E-03
3.67342E+03 -3.41571E-03
3.67439E+03 -3.39481E-03
3.67535E+03 -3.34372E-03
3.67631E+03 -3.43361E-03
3.67728E+03 -3.56603E-03
3.67824E+03 -3.47443E-03
3.67921E+03 -3.38463E-03
3.68017E+03 -3.44279E-03
3.68114E+03 -3.53270E-03
3.68210E+03 -3.55862E-03
3.68307E+03 -3.49394E-03
3.68403E+03 -3.44846E-03
3.68499E+03 -3.35818E-03
3.68596E+03 -3.23228E-03
3.68692E+03 -3.19842E-03
3.68789E+03 -3.15749E-03
3.68885E+03 -3.00641E-03
3.68982E+03 -2.91668E-03
3.69078E+03 -2.74871E-03
3.69175E+03 -2.48705E-03
3.69271E+03 -2.18290E-03
3.69367E+03 -1.69273E-03
3.69464E+03 -1.21814E-03
3.69560E+03 -7.28652E-04
3.69657E+03 -1.98707E-04
3.69753E+03 2.78883E-04
3.69850E+03 6.00602E-04
3.69946E+03 7.52188E-04
3.70042E+03 7.68550E-04
3.70139E+03 6.52626E-04
3.70235E+03 3.64963E-04
3.70332E+03 -1.31097E-04
3.70428E+03 -7.15442E-04
3.70525E+03 -1.25030E-03
3.70621E+03 -1.55249E-03
3.70718E+03 -1.49128E-03
3.70814E+03 -1.26772E-03
3.70910E+03 -1.71398E-03
3.71007E+03 -2.46597E-03
3.71103E+03 -2.79383E-03
3.71200E+03 -2.96760E-03
3.71296E+03 -3.04412E-03
3.71393E+03 -3.03222E-03
3.71489E+03 -3.01893E-03
3.71586E+03 -3.13493E-03
3.71682E+03 -3.17495E-03
3.71778E+03 -3.18522E-03
3.71875E+03 -3.16830E-03
3.71971E+03 -3.14282E-03
3.72068E+03 -3.13520E-03
3.72164E+03 -3.14127E-03
3.72261E+03 -3.23385E-03
3.72357E+03 -3.24010E-03
3.72453E+03 -3.27213E-03
3.72550E+03 -3.32605E-03
3.72646E+03 -3.38581E-03
3.72743E+03 -3.44932E-03
3.72839E+03 -3.51666E-03
3.72936E+03 -3.49774E-03
3.73032E+03 -3.40797E-03
3.73129E+03 -3.34448E-03
3.73225E+03 -3.34796E-03
3.73321E+03 -3.34689E-03
3.73418E+03 -3.29660E-03
3.73514E+03 -3.34615E-03
3.73611E+03 -3.38400E-03
3.73707E+03 -3.34503E-03
3.73804E+03 -3.38406E-03
3.73900E+03 -3.45560E-03
3.73997E+03 -3.42331E-03
3.74093E+03 -3.47074E-03
3.74189E+03 -3.59207E-03
3.74286E+03 -3.57596E-03
3.74382E+03 -3.43744E-03
3.74479E+03 -3.40690E-03
3.74575E+03 -3.57040E-03
3.74672E+03 -3.66907E-03
3.74768E+03 -3.71368E-03
3.74865E+03 -3.70780E-03
3.74961E+03 -3.63800E-03
3.75057E+03 -3.64513E-03
3.75154E+03 -3.58599E-03
3.75250E+03 -3.55595E-03
3.75347E+03 -3.61172E-03
3.75443E+03 -3.64445E-03
3.75540E+03 -3.67003E-03
3.75636E+03 -3.63611E-03
3.75732E+03 -3.58800E-03
3.75829E+03 -3.64246E-03
3.75925E+03 -3.61356E-03
3.76022E+03 -3.51636E-03
3.76118E+03 -3.56220E-03
3.76215E+03 -3.66818E-03
3.76311E+03 -3.67753E-03
3.76408E+03 -3.56958E-03
3.76504E+03 -3.62857E-03
3.76600E+03 -3.68277E-03
3.76697E+03 -3.72666E-03
3.76793E+03 -3.75096E-03
3.76890E+03 -3.64727E-03
3.76986E+03 -3.66338E-03
3.77083E+03 -3.71915E-03
3.77179E+03 -3.69745E-03
3.77276E+03 -3.70179E-03
3.77372E+03 -3.72077E-03
3.77468E+03 -3.62087E-03
3.77565E+03 -3.55141E-03
3.77661E+03 -3.56058E-03
3.77758E+03 -3.60403E-03
3.77854E+03 -3.68705E-03
3.77951E+03 -3.73069E-03
3.78047E+03 -3.66918E-03
3.78143E+03 -3.65872E-03
3.78240E+03 -3.64186E-03
3.78336E+03 -3.69279E-03
3.78433E+03 -3.65834E-03
3.78529E+03 -3.57730E-03
3.78626E+03 -3.60224E-03
3.78722E+03 -3.62429E-03
3.78819E+03 -3.67749E-03
3.78915E+03 -3.73825E-03
3.79011E+03 -3.78583E-03
3.79108E+03 -3.75421E-03
3.79204E+03 -3.70625E-03
3.79301E+03 -3.73296E-03
3.79397E+03 -3.66892E-03
3.79494E+03 -3.66317E-03
3.79590E+03 -3.79999E-03
3.79687E+03 -3.72927E-03
3.79783E+03 -3.74414E-03
3.79879E+03 -3.79551E-03
3.79976E+03 -3.77960E-03
3.80072E+03 -3.70990E-03
3.80169E+03 -3.60372E-03
3.80265E+03 -3.61917E-03
3.80362E+03 -3.64198E-03
3.80458E+03 -3.71089E-03
3.80554E+03 -3.71053E-03
3.80651E+03 -3.58921E-03
3.80747E+03 -3.55039E-03
3.80844E+03 -3.65601E-03
3.80940E+03 -3.71934E-03
3.81037E+03 -3.74826E-03
3.81133E+03 -3.73458E-03
3.81230E+03 -3.69530E-03
3.81326E+03 -3.71208E-03
3.81422E+03 -3.69237E-03
3.81519E+03 -3.62694E-03
3.81615E+03 -3.56684E-03
3.81712E+03 -3.66816E-03
3.81808E+03 -3.78388E-03
3.81905E+03 -3.79061E-03
3.82001E+03 -3.72782E-03
3.82098E+03 -3.78790E-03
3.82194E+03 -3.84254E-03
3.82290E+03 -3.79251E-03
3.82387E+03 -3.79805E-03
3.82483E+03 -3.80239E-03
3.82580E+03 -3.80673E-03
3.82676E+03 -3.77343E-03
3.82773E+03 -3.76182E-03
3.82869E+03 -3.72159E-03
3.82966E+03 -3.75816E-03
3.83062E+03 -3.80873E-03
3.83158E+03 -3.73867E-03
3.83255E+03 -3.69330E-03
3.83351E+03 -3.77916E-03
3.83448E+03 -3.82946E-03
3.83544E+03 -3.82723E-03
3.83641E+03 -3.82449E-03
3.83737E+03 -3.63559E-03
3.83833E+03 -3.63626E-03
3.83930E+03 -3.75938E-03
3.84026E+03 -3.74071E-03
3.84123E+03 -3.66059E-03
3.84219E+03 -3.70289E-03
3.84316E+03 -3.82873E-03
3.84412E+03 -3.89805E-03
3.84509E+03 -3.98427E-03
3.84605E+03 -3.97072E-03
3.84701E+03 -3.82203E-03
3.84798E+03 -3.67463E-03
3.84894E+03 -3.75679E-03
3.84991E+03 -3.83447E-03
3.85087E+03 -3.91035E-03
3.85184E+03 -3.89020E-03
3.85280E+03 -3.74726E-03
3.85377E+03 -3.77209E-03
3.85473E+03 -3.81244E-03
3.85569E+03 -3.81165E-03
3.85666E+03 -3.82170E-03
3.85762E+03 -3.88857E-03
3.85859E+03 -3.90374E-03
3.85955E+03 -3.81552E-03
3.86052E+03 -3.70112E-03
3.86148E+03 -3.73478E-03
3.86244E+03 -3.65426E-03
3.86341E+03 -3.61533E-03
3.86437E+03 -3.64165E-03
3.86534E+03 -3.64615E-03
3.86630E+03 -3.93877E-03
3.86727E+03 -4.02767E-03
3.86823E+03 -3.93619E-03
3.86920E+03 -3.83574E-03
3.87016E+03 -3.75855E-03
3.87112E+03 -3.84936E-03
3.87209E+03 -3.90149E-03
3.87305E+03 -3.96950E-03
3.87402E+03 -4.02501E-03
3.87498E+03 -3.90460E-03
3.87595E+03 -3.77732E-03
3.87691E+03 -3.83819E-03
3.87788E+03 -3.95186E-03
3.87884E+03 -3.85875E-03
3.87980E+03 -3.79203E-03
3.88077E+03 -3.83609E-03
3.88173E+03 -3.87206E-03
3.88270E+03 -3.75755E-03
3.88366E+03 -3.73919E-03
3.88463E+03 -3.84118E-03
3.88559E+03 -3.78153E-03
3.88655E+03 -3.84347E-03
3.88752E+03 -3.93452E-03
3.88848E+03 -3.97044E-03
3.88945E+03 -3.93945E-03
3.89041E+03 -3.85042E-03
3.89138E+03 -3.92959E-03
3.89234E+03 -3.99338E-03
3.89331E+03 -4.00045E-03
3.89427E+03 -4.03944E-03
3.89523E+03 -4.08574E-03
3.89620E+03 -4.08392E-03
3.89716E+03 -4.08570E-03
3.89813E+03 -4.00262E-03
3.89909E+03 -3.91968E-03
3.90006E+03 -4.00110E-03
3.90102E+03 -3.97302E-03
3.90199E+03 -4.01393E-03
3.90295E+03 -4.09646E-03
3.90391E+03 -4.09266E-03
3.90488E+03 -4.04661E-03
3.90584E+03 -3.99907E-03
3.90681E+03 -4.06902E-03
3.90777E+03 -4.12393E-03
3.90874E+03 -4.06098E-03
3.90970E+03 -4.03119E-03
3.91067E+03 -4.02969E-03
3.91163E+03 -3.99349E-03
3.91259E+03 -4.02884E-03
3.91356E+03 -4.02908E-03
3.91452E+03 -4.08911E-03
3.91549E+03 -4.12561E-03
3.91645E+03 -4.06603E-03
3.91742E+03 -4.01616E-03
3.91838E+03 -4.05659E-03
3.91934E+03 -4.03760E-03
3.92031E+03 -3.93083E-03
3.92127E+03 -3.99921E-03
3.92224E+03 -4.11881E-03
3.92320E+03 -4.09197E-03
3.92417E+03 -3.98258E-03
3.92513E+03 -4.09625E-03
3.92610E+03 -4.11989E-03
3.92706E+03 -4.13766E-03
3.92802E+03 -4.17593E-03
3.92899E+03 -4.04287E-03
3.92995E+03 -3.99714E-03
3.93092E+03 -3.99480E-03
3.93188E+03 -4.05763E-03
3.93285E+03 -4.07634E-03
3.93381E+03 -4.04727E-03
3.93478E+03 -4.04775E-03
3.93574E+03 -4.01666E-03
3.93670E+03 -4.20721E-03
3.93767E+03 -4.33942E-03
3.93863E+03 -4.16693E-03
3.93960E+03 -4.11331E-03
3.94056E+03 -4.12576E-03
3.94153E+03 -4.11351E-03
3.94249E+03 -4.07674E-03
3.94346E+03 -3.93232E-03
3.94442E+03 -3.81450E-03
3.94538E+03 -3.78096E-03
3.94635E+03 -3.87267E-03
3.94731E+03 -4.07552E-03
3.94828E+03 -4.16316E-03
3.94924E+03 -4.19871E-03
3.95021E+03 -4.23002E-03
3.95117E+03 -4.18655E-03
3.95213E+03 -4.10170E-03
3.95310E+03 -3.95627E-03
3.95406E+03 -3.93880E-03
3.95503E+03 -4.13927E-03
3.95599E+03 -4.26209E-03
3.95696E+03 -4.22145E-03
3.95792E+03 -4.19759E-03
3.95889E+03 -4.10582E-03
3.95985E+03 -4.06554E-03
3.96081E+03 -4.11832E-03
3.96178E+03 -4.07079E-03
3.96274E+03 -4.07373E-03
3.96371E+03 -4.00135E-03
3.96467E+03 -3.97494E-03
3.96564E+03 -4.21453E-03
3.96660E+03 -4.26872E-03
3.96757E+03 -4.17306E-03
3.96853E+03 -4.07628E-03
3.96949E+03 -4.08089E-03
3.97046E+03 -4.19299E-03
3.97142E+03 -4.24013E-03
3.97239E+03 -4.23132E-03
3.97335E+03 -4.24673E-03
3.97432E+03 -4.20809E-03
3.97528E+03 -4.20247E-03
3.97624E+03 -4.09507E-03
3.97721E+03 -4.07441E-03
3.97817E+03 -4.22481E-03
3.97914E+03 -4.22318E-03
3.98010E+03 -4.15242E-03
3.98107E+03 -4.10646E-03
3.98203E+03 -4.11432E-03
3.98300E+03 -4.01016E-03
3.98396E+03 -4.04299E-03
3.98492E+03 -4.13835E-03
3.98589E+03 -4.17257E-03
3.98685E+03 -4.15590E-03
3.98782E+03 -4.04458E-03
3.98878E+03 -4.03193E-03
3.98975E+03 -3.95884E-03
3.99071E+03 -3.89586E-03
3.99168E+03 -4.04602E-03
3.99264E+03 -4.21767E-03
3.99360E+03 -4.21934E-03
3.99457E+03 -4.12971E-03
3.99553E+03 -4.11869E-03
3.99650E+03 -4.14532E-03
3.99746E+03 -4.04910E-03
3.99843E+03 -4.08754E-03
3.99939E+03 -4.27420E-03
4.00035E+03 -4.20612E-03
4.00132E+03 -4.10241E-03
