# {"full": "H2O:CH3OH:CO2 (0.3:0.7:1)", "name": "H2O:CH3OH:CO2", "ratio": "(0.3:0.7:1)", "url": "https://icedb.strw.leidenuniv.nl/data/49", "author": "Ehrenfreund et al."}
3.99264E+02 -9.22867E-03
4.00228E+02 2.13607E-03
4.01193E+02 -8.64729E-04
4.02157E+02 -6.17570E-03
4.03122E+02 -4.30536E-03
4.04086E+02 -5.75302E-03
4.05050E+02 -9.55780E-03
4.06015E+02 -9.88489E-03
4.06979E+02 3.57728E-03
4.07944E+02 7.21442E-03
4.08908E+02 1.03284E-03
4.09872E+02 2.23945E-03
4.10837E+02 -5.70068E-03
4.11801E+02 -5.33911E-03
4.12766E+02 -1.99208E-03
4.13730E+02 -1.28896E-02
4.14694E+02 -1.18959E-02
4.15659E+02 -6.06259E-03
4.16623E+02 -8.44686E-03
4.17588E+02 -1.20714E-02
4.18552E+02 -1.41264E-02
4.19516E+02 -1.48447E-02
4.20481E+02 -3.01528E-02
4.21445E+02 -1.74598E-02
4.22410E+02 7.85724E-03
4.23374E+02 3.49063E-03
4.24339E+02 3.72913E-04
4.25303E+02 -8.53151E-04
4.26267E+02 -2.14160E-03
4.27232E+02 -2.56981E-03
4.28196E+02 -1.04873E-03
4.29161E+02 -1.46063E-03
4.30125E+02 -2.70024E-03
4.31089E+02 -2.23594E-03
4.32054E+02 -8.56444E-06
4.33018E+02 -3.30586E-04
4.33983E+02 -2.56942E-03
4.34947E+02 -2.09621E-03
4.35911E+02 -2.11191E-03
4.36876E+02 -2.80043E-03
4.37840E+02 -3.19660E-03
4.38805E+02 -2.44655E-03
4.39769E+02 -4.01814E-04
4.40733E+02 9.28387E-04
4.41698E+02 1.52102E-02
4.42662E+02 1.49767E-02
4.43627E+02 -3.27255E-03
4.44591E+02 -5.13131E-03
4.45555E+02 -4.56779E-03
4.46520E+02 -4.81355E-03
4.47484E+02 -4.38390E-03
4.48449E+02 -3.96645E-03
4.49413E+02 -3.68659E-03
4.50377E+02 -3.36577E-03
4.51342E+02 -3.30002E-03
4.52306E+02 -3.39605E-03
4.53271E+02 -3.38865E-03
4.54235E+02 -4.35050E-03
4.55199E+02 -5.41654E-03
4.56164E+02 -1.04904E-03
4.57128E+02 2.02542E-03
4.58093E+02 -6.04697E-04
4.59057E+02 -2.03048E-03
4.60022E+02 -2.94937E-03
4.60986E+02 -3.13166E-03
4.61950E+02 -3.47737E-03
4.62915E+02 -4.14931E-03
4.63879E+02 -1.91098E-03
4.64844E+02 -6.29053E-04
4.65808E+02 -1.44085E-03
4.66772E+02 -1.93238E-03
4.67737E+02 -1.66652E-03
4.68701E+02 -1.10627E-03
4.69666E+02 -1.07213E-03
4.70630E+02 -2.73411E-03
4.71594E+02 -3.90132E-03
4.72559E+02 -3.96493E-03
4.73523E+02 -4.00991E-03
4.74488E+02 -4.89938E-03
4.75452E+02 -5.26295E-03
4.76416E+02 -1.23017E-02
4.77381E+02 -1.11197E-02
4.78345E+02 5.85862E-04
4.79310E+02 9.63736E-04
4.80274E+02 -4.84653E-04
4.81238E+02 -4.62543E-04
4.82203E+02 -7.75527E-04
4.83167E+02 -1.32673E-03
4.84132E+02 -1.40326E-03
4.85096E+02 -1.45657E-03
4.86060E+02 -1.70134E-03
4.87025E+02 -1.74496E-03
4.87989E+02 -1.92724E-03
4.88954E+02 -1.94404E-03
4.89918E+02 -2.04509E-03
4.90883E+02 -2.17769E-03
4.91847E+02 -1.57687E-03
4.92811E+02 -1.20367E-03
4.93776E+02 -1.86642E-03
4.94740E+02 -1.92808E-03
4.95705E+02 -2.21013E-03
4.96669E+02 -2.83349E-03
4.97633E+02 -5.14321E-03
4.98598E+02 -3.89880E-03
4.99562E+02 -7.04937E-05
5.00527E+02 -3.61212E-04
5.01491E+02 -1.05494E-03
5.02455E+02 -1.24490E-03
5.03420E+02 -1.34771E-03
5.04384E+02 -1.38640E-03
5.05349E+02 -7.72685E-04
5.06313E+02 -6.00010E-04
5.07277E+02 -9.46749E-04
5.08242E+02 -1.07119E-03
5.09206E+02 -1.19739E-03
5.10171E+02 -1.13182E-03
5.11135E+02 -1.16910E-03
5.12099E+02 -1.30234E-03
5.13064E+02 -1.28074E-03
5.14028E+02 -1.15298E-03
5.14993E+02 -1.24294E-03
5.15957E+02 -1.10677E-03
5.16921E+02 -1.13960E-03
5.17886E+02 -1.34679E-03
5.18850E+02 -1.99903E-03
5.19815E+02 -1.86836E-03
5.20779E+02 -9.94310E-04
5.21743E+02 -8.44758E-04
5.22708E+02 -7.74860E-04
5.23672E+02 -8.81992E-04
5.24637E+02 -8.79049E-04
5.25601E+02 -7.63178E-04
5.26565E+02 -1.02427E-03
5.27530E+02 -1.13749E-03
5.28494E+02 -8.94252E-04
5.29459E+02 -8.51963E-04
5.30423E+02 -1.20940E-03
5.31388E+02 -1.24534E-03
5.32352E+02 -2.23258E-03
5.33316E+02 -1.74896E-03
5.34281E+02 3.35190E-04
5.35245E+02 1.36930E-04
5.36210E+02 -2.49304E-04
5.37174E+02 -3.63156E-04
5.38138E+02 -5.47796E-04
5.39103E+02 -5.74574E-04
5.40067E+02 -4.91355E-04
5.41032E+02 -3.66326E-04
5.41996E+02 -5.19160E-04
5.42960E+02 -6.46520E-04
5.43925E+02 -1.99609E-04
5.44889E+02 1.38581E-06
5.45854E+02 -3.40916E-04
5.46818E+02 -1.94438E-04
5.47782E+02 -1.49257E-04
5.48747E+02 -2.25540E-04
5.49711E+02 -1.66968E-05
5.50676E+02 -1.12433E-04
5.51640E+02 -9.07853E-05
5.52604E+02 1.60340E-04
5.53569E+02 7.68375E-04
5.54533E+02 4.36880E-04
5.55498E+02 -6.80085E-04
5.56462E+02 -5.76150E-04
5.57427E+02 -2.82452E-04
5.58391E+02 -2.19565E-04
5.59355E+02 -3.09989E-04
5.60320E+02 -3.84517E-04
5.61284E+02 -1.35716E-04
5.62249E+02 -8.76188E-05
5.63213E+02 -2.04820E-04
5.64177E+02 -3.05884E-05
5.65142E+02 1.99825E-05
5.66106E+02 -1.41151E-05
5.67071E+02 1.35902E-04
5.68035E+02 3.17801E-04
5.68999E+02 1.69728E-04
5.69964E+02 8.50111E-06
5.70928E+02 3.29688E-05
5.71893E+02 1.48412E-04
5.72857E+02 2.59731E-04
5.73821E+02 2.34403E-04
5.74786E+02 1.85590E-04
5.75750E+02 2.10550E-04
5.76715E+02 3.45368E-04
5.77679E+02 2.18701E-04
5.78643E+02 2.96749E-04
5.79608E+02 4.60044E-04
5.80572E+02 4.92606E-04
5.81537E+02 5.90894E-04
5.82501E+02 4.63516E-04
5.83465E+02 3.63860E-04
5.84430E+02 4.60498E-04
5.85394E+02 5.68248E-04
5.86359E+02 6.62625E-04
5.87323E+02 7.15256E-04
5.88287E+02 5.20065E-04
5.89252E+02 -3.41237E-05
5.90216E+02 9.40487E-05
5.91181E+02 5.13460E-04
5.92145E+02 6.27883E-04
5.93109E+02 8.29257E-04
5.94074E+02 8.32133E-04
5.95038E+02 8.39394E-04
5.96003E+02 6.71934E-04
5.96967E+02 7.26711E-04
5.97932E+02 9.66035E-04
5.98896E+02 1.00348E-03
5.99860E+02 1.11800E-03
6.00825E+02 1.11317E-03
6.01789E+02 1.14133E-03
6.02754E+02 1.25401E-03
6.03718E+02 1.34078E-03
6.04682E+02 1.50965E-03
6.05647E+02 1.74046E-03
6.06611E+02 1.67314E-03
6.07576E+02 1.67593E-03
6.08540E+02 1.76537E-03
6.09504E+02 2.38565E-03
6.10469E+02 2.10383E-03
6.11433E+02 9.63204E-04
6.12398E+02 1.21867E-03
6.13362E+02 1.59586E-03
6.14326E+02 1.72203E-03
6.15291E+02 1.89610E-03
6.16255E+02 2.02677E-03
6.17220E+02 2.35437E-03
6.18184E+02 2.68642E-03
6.19148E+02 2.70789E-03
6.20113E+02 2.76427E-03
6.21077E+02 2.89679E-03
6.22042E+02 3.01941E-03
6.23006E+02 3.24963E-03
6.23971E+02 3.33029E-03
6.24935E+02 3.43884E-03
6.25899E+02 3.75285E-03
6.26864E+02 3.97871E-03
6.27828E+02 4.29221E-03
6.28793E+02 4.72323E-03
6.29757E+02 5.14990E-03
6.30721E+02 5.52079E-03
6.31686E+02 6.05696E-03
6.32650E+02 6.79730E-03
6.33615E+02 7.25459E-03
6.34579E+02 7.85264E-03
6.35543E+02 8.77444E-03
6.36508E+02 9.75033E-03
6.37472E+02 1.07554E-02
6.38437E+02 1.16486E-02
6.39401E+02 1.27021E-02
6.40365E+02 1.40021E-02
6.41330E+02 1.51676E-02
6.42294E+02 1.63837E-02
6.43259E+02 1.76574E-02
6.44223E+02 1.87400E-02
6.45187E+02 1.96909E-02
6.46152E+02 2.03104E-02
6.47116E+02 2.08728E-02
6.48081E+02 2.12594E-02
6.49045E+02 2.12542E-02
6.50009E+02 2.11259E-02
6.50974E+02 2.10183E-02
6.51938E+02 2.10115E-02
6.52903E+02 2.15845E-02
6.53867E+02 2.28801E-02
6.54831E+02 2.39634E-02
6.55796E+02 2.47737E-02
6.56760E+02 2.52986E-02
6.57725E+02 2.52025E-02
6.58689E+02 2.45313E-02
6.59654E+02 2.36320E-02
6.60618E+02 2.25502E-02
6.61582E+02 2.12304E-02
6.62547E+02 1.95307E-02
6.63511E+02 1.76034E-02
6.64476E+02 1.55763E-02
6.65440E+02 1.36156E-02
6.66404E+02 1.16060E-02
6.67369E+02 9.44738E-03
6.68333E+02 7.69889E-03
6.69298E+02 6.14117E-03
6.70262E+02 4.71170E-03
6.71226E+02 3.60961E-03
6.72191E+02 2.70645E-03
6.73155E+02 1.99364E-03
6.74120E+02 1.96205E-03
6.75084E+02 2.03888E-03
6.76048E+02 1.80765E-03
6.77013E+02 1.81934E-03
6.77977E+02 1.87836E-03
6.78942E+02 1.87261E-03
6.79906E+02 1.72844E-03
6.80870E+02 1.87686E-03
6.81835E+02 1.99071E-03
6.82799E+02 1.93275E-03
6.83764E+02 1.98296E-03
6.84728E+02 2.04632E-03
6.85692E+02 2.07464E-03
6.86657E+02 2.11823E-03
6.87621E+02 2.21308E-03
6.88586E+02 2.27327E-03
6.89550E+02 2.19034E-03
6.90514E+02 2.24198E-03
6.91479E+02 2.29456E-03
6.92443E+02 2.29014E-03
6.93408E+02 2.36246E-03
6.94372E+02 2.44802E-03
6.95337E+02 2.63444E-03
6.96301E+02 3.05193E-03
6.97265E+02 2.97503E-03
6.98230E+02 3.26363E-03
6.99194E+02 3.51136E-03
7.00159E+02 4.87333E-03
7.01123E+02 3.52614E-03
7.02087E+02 -2.34396E-03
7.03052E+02 -1.62498E-03
7.04016E+02 7.75136E-04
7.04981E+02 1.27298E-03
7.05945E+02 2.02858E-03
7.06909E+02 2.00826E-03
7.07874E+02 2.47068E-03
7.08838E+02 2.33266E-03
7.09803E+02 2.19500E-03
7.10767E+02 2.41908E-03
7.11731E+02 2.55817E-03
7.12696E+02 2.55974E-03
7.13660E+02 2.52939E-03
7.14625E+02 2.51631E-03
7.15589E+02 2.73487E-03
7.16553E+02 2.71249E-03
7.17518E+02 2.62683E-03
7.18482E+02 2.67455E-03
7.19447E+02 2.60843E-03
7.20411E+02 2.56051E-03
7.21375E+02 2.66076E-03
7.22340E+02 2.41021E-03
7.23304E+02 2.52445E-03
7.24269E+02 2.87016E-03
7.25233E+02 2.82725E-03
7.26198E+02 2.85869E-03
7.27162E+02 2.88474E-03
7.28126E+02 2.91082E-03
7.29091E+02 2.79623E-03
7.30055E+02 2.76253E-03
7.31020E+02 3.02253E-03
7.31984E+02 3.03372E-03
7.32948E+02 3.01646E-03
7.33913E+02 3.03987E-03
7.34877E+02 2.99202E-03
7.35842E+02 3.01478E-03
7.36806E+02 2.86093E-03
7.37770E+02 2.86287E-03
7.38735E+02 2.98460E-03
7.39699E+02 2.99662E-03
7.40664E+02 3.06475E-03
7.41628E+02 3.12095E-03
7.42592E+02 3.03149E-03
7.43557E+02 3.22399E-03
7.44521E+02 3.31235E-03
7.45486E+02 3.03529E-03
7.46450E+02 3.02895E-03
7.47414E+02 3.07488E-03
7.48379E+02 3.08734E-03
7.49343E+02 3.02715E-03
7.50308E+02 2.94589E-03
7.51272E+02 3.07190E-03
7.52236E+02 3.24121E-03
7.53201E+02 3.18153E-03
7.54165E+02 3.15515E-03
7.55130E+02 3.20301E-03
7.56094E+02 3.18218E-03
7.57058E+02 3.10544E-03
7.58023E+02 3.09169E-03
7.58987E+02 3.20043E-03
7.59952E+02 3.26098E-03
7.60916E+02 3.17677E-03
7.61880E+02 3.06429E-03
7.62845E+02 3.13105E-03
7.63809E+02 3.27486E-03
7.64774E+02 3.38451E-03
7.65738E+02 3.38267E-03
7.66703E+02 3.26467E-03
7.67667E+02 3.22691E-03
7.68631E+02 3.20294E-03
7.69596E+02 3.10589E-03
7.70560E+02 3.11375E-03
7.71525E+02 3.17924E-03
7.72489E+02 3.14904E-03
7.73453E+02 3.17317E-03
7.74418E+02 3.13665E-03
7.75382E+02 3.05965E-03
7.76347E+02 3.12754E-03
7.77311E+02 3.22230E-03
7.78275E+02 3.25451E-03
7.79240E+02 3.20699E-03
7.80204E+02 3.16485E-03
7.81169E+02 3.18039E-03
7.82133E+02 3.15524E-03
7.83097E+02 3.11522E-03
7.84062E+02 3.15990E-03
7.85026E+02 3.15231E-03
7.85991E+02 3.11114E-03
7.86955E+02 3.23911E-03
7.87919E+02 3.25175E-03
7.88884E+02 3.18334E-03
7.89848E+02 3.15137E-03
7.90813E+02 3.08986E-03
7.91777E+02 3.09075E-03
7.92742E+02 3.15162E-03
7.93706E+02 3.18588E-03
7.94670E+02 3.13554E-03
7.95635E+02 3.03924E-03
7.96599E+02 3.02468E-03
7.97564E+02 3.08361E-03
7.98528E+02 3.10321E-03
7.99492E+02 3.13427E-03
8.00457E+02 3.04643E-03
8.01421E+02 2.96978E-03
8.02386E+02 2.99348E-03
8.03350E+02 3.02416E-03
8.04314E+02 3.00594E-03
8.05279E+02 2.95465E-03
8.06243E+02 2.85418E-03
8.07208E+02 2.79836E-03
8.08172E+02 3.04073E-03
8.09136E+02 3.06757E-03
8.10101E+02 3.01597E-03
8.11065E+02 3.01200E-03
8.12030E+02 2.95793E-03
8.12994E+02 2.98147E-03
8.13958E+02 2.99751E-03
8.14923E+02 2.95984E-03
8.15887E+02 2.91019E-03
8.16852E+02 2.89413E-03
8.17816E+02 2.83105E-03
8.18780E+02 2.76762E-03
8.19745E+02 2.65710E-03
8.20709E+02 2.64240E-03
8.21674E+02 2.79824E-03
8.22638E+02 2.85888E-03
8.23602E+02 2.81445E-03
8.24567E+02 2.74124E-03
8.25531E+02 2.68833E-03
8.26496E+02 2.69459E-03
8.27460E+02 2.72193E-03
8.28424E+02 2.75410E-03
8.29389E+02 2.65881E-03
8.30353E+02 2.58293E-03
8.31318E+02 2.62409E-03
8.32282E+02 2.61966E-03
8.33247E+02 2.63249E-03
8.34211E+02 2.63402E-03
8.35175E+02 2.51335E-03
8.36140E+02 2.35832E-03
8.37104E+02 2.37189E-03
8.38069E+02 2.59013E-03
8.39033E+02 2.64418E-03
8.39997E+02 2.51656E-03
8.40962E+02 2.70647E-03
8.41926E+02 2.68396E-03
8.42891E+02 2.15081E-03
8.43855E+02 2.15627E-03
8.44819E+02 2.37206E-03
8.45784E+02 2.35765E-03
8.46748E+02 2.21488E-03
8.47713E+02 2.14960E-03
8.48677E+02 2.14675E-03
8.49641E+02 2.12839E-03
8.50606E+02 2.13001E-03
8.51570E+02 2.01030E-03
8.52535E+02 1.98919E-03
8.53499E+02 2.06471E-03
8.54463E+02 1.93895E-03
8.55428E+02 1.49471E-03
8.56392E+02 1.92304E-03
8.57357E+02 2.61842E-03
8.58321E+02 2.26972E-03
8.59286E+02 1.70115E-03
8.60250E+02 1.86536E-03
8.61214E+02 1.80238E-03
8.62179E+02 1.79399E-03
8.63143E+02 2.19695E-03
8.64108E+02 1.80775E-03
8.65072E+02 1.57715E-03
8.66036E+02 5.91733E-04
8.67001E+02 2.00812E-04
8.67965E+02 1.54201E-03
8.68930E+02 1.72735E-03
8.69894E+02 1.61034E-03
8.70858E+02 1.67061E-03
8.71823E+02 1.68632E-03
8.72787E+02 1.79745E-03
8.73752E+02 1.95280E-03
8.74716E+02 1.90283E-03
8.75680E+02 1.91351E-03
8.76645E+02 1.32895E-03
8.77609E+02 5.27374E-04
8.78574E+02 1.09025E-03
8.79538E+02 1.42341E-03
8.80502E+02 1.29746E-03
8.81467E+02 1.30577E-03
8.82431E+02 1.31831E-03
8.83396E+02 1.31155E-03
8.84360E+02 1.31304E-03
8.85324E+02 1.22041E-03
8.86289E+02 1.08757E-03
8.87253E+02 1.05181E-03
8.88218E+02 1.07690E-03
8.89182E+02 1.15731E-03
8.90146E+02 1.21074E-03
8.91111E+02 1.09807E-03
8.92075E+02 1.06811E-03
8.93040E+02 1.05242E-03
8.94004E+02 1.03874E-03
8.94969E+02 1.02361E-03
8.95933E+02 9.59892E-04
8.96897E+02 9.39187E-04
8.97862E+02 9.85585E-04
8.98826E+02 9.94183E-04
8.99791E+02 8.45883E-04
9.00755E+02 7.79260E-04
9.01719E+02 7.92973E-04
9.02684E+02 8.17928E-04
9.03648E+02 7.67767E-04
9.04613E+02 7.63725E-04
9.05577E+02 7.94899E-04
9.06541E+02 7.38285E-04
9.07506E+02 7.62098E-04
9.08470E+02 6.90524E-04
9.09435E+02 5.59982E-04
9.10399E+02 5.76586E-04
9.11363E+02 5.23493E-04
9.12328E+02 4.61165E-04
9.13292E+02 5.02169E-04
9.14257E+02 5.25951E-04
9.15221E+02 5.49126E-04
9.16185E+02 5.75975E-04
9.17150E+02 5.90906E-04
9.18114E+02 5.96125E-04
9.19079E+02 8.55323E-04
9.20043E+02 7.90492E-04
9.21007E+02 3.54163E-04
9.21972E+02 1.89677E-04
9.22936E+02 1.81675E-04
9.23901E+02 3.05146E-04
9.24865E+02 3.07236E-04
9.25829E+02 2.30275E-04
9.26794E+02 2.15728E-04
9.27758E+02 1.14005E-04
9.28723E+02 1.02550E-04
9.29687E+02 1.38305E-04
9.30651E+02 1.46616E-04
9.31616E+02 1.68696E-04
9.32580E+02 2.15765E-04
9.33545E+02 2.68839E-04
9.34509E+02 5.37187E-05
9.35474E+02 -4.55342E-05
9.36438E+02 1.20737E-05
9.37402E+02 -3.46750E-05
9.38367E+02 -4.82164E-05
9.39331E+02 -1.58854E-04
9.40296E+02 -3.11803E-04
9.41260E+02 -2.22031E-04
9.42224E+02 -8.65273E-05
9.43189E+02 -1.32043E-04
9.44153E+02 -1.32758E-04
9.45118E+02 -1.74206E-04
9.46082E+02 -1.81932E-04
9.47046E+02 -1.73301E-04
9.48011E+02 -3.56440E-04
9.48975E+02 -4.38116E-04
9.49940E+02 -3.44973E-04
9.50904E+02 -3.23419E-04
9.51868E+02 -4.09655E-04
9.52833E+02 -4.43820E-04
9.53797E+02 -2.41127E-04
9.54762E+02 -8.53240E-05
9.55726E+02 -3.19429E-04
9.56690E+02 -4.46904E-04
9.57655E+02 -4.05442E-04
9.58619E+02 -4.07275E-04
9.59584E+02 -4.69282E-04
9.60548E+02 -4.97509E-04
9.61513E+02 -3.91081E-04
9.62477E+02 -4.14565E-04
9.63441E+02 -4.77806E-04
9.64406E+02 -4.82593E-04
9.65370E+02 -5.49033E-04
9.66335E+02 -5.96564E-04
9.67299E+02 -5.54401E-04
9.68263E+02 -4.80231E-04
9.69228E+02 -4.97300E-04
9.70192E+02 -5.62515E-04
9.71157E+02 -5.60686E-04
9.72121E+02 -5.90503E-04
9.73085E+02 -6.33586E-04
9.74050E+02 -6.37360E-04
9.75014E+02 -7.30604E-04
9.75979E+02 -7.47595E-04
9.76943E+02 -7.00235E-04
9.77907E+02 -6.79981E-04
9.78872E+02 -6.44244E-04
9.79836E+02 -6.36466E-04
9.80801E+02 -6.19311E-04
9.81765E+02 -5.50855E-04
9.82729E+02 -4.98809E-04
9.83694E+02 -5.77386E-04
9.84658E+02 -5.95078E-04
9.85623E+02 -5.59345E-04
9.86587E+02 -5.49588E-04
9.87551E+02 -6.15261E-04
9.88516E+02 -5.29334E-04
9.89480E+02 -2.69026E-04
9.90445E+02 -3.35164E-04
9.91409E+02 -3.97727E-04
9.92373E+02 -2.12397E-04
9.93338E+02 -1.15301E-04
9.94302E+02 7.61114E-05
9.95267E+02 3.41684E-04
9.96231E+02 7.66449E-04
9.97195E+02 1.25036E-03
9.98160E+02 1.48541E-03
9.99124E+02 1.89000E-03
1.00009E+03 2.47161E-03
1.00105E+03 3.06610E-03
1.00202E+03 3.75625E-03
1.00298E+03 4.60042E-03
1.00395E+03 5.24735E-03
1.00491E+03 5.89374E-03
1.00588E+03 6.81233E-03
1.00684E+03 7.68529E-03
1.00780E+03 8.56739E-03
1.00877E+03 9.37603E-03
1.00973E+03 1.04216E-02
1.01070E+03 1.20495E-02
1.01166E+03 1.29533E-02
1.01263E+03 1.34090E-02
1.01359E+03 1.42715E-02
1.01455E+03 1.52257E-02
1.01552E+03 1.62605E-02
1.01648E+03 1.73531E-02
1.01745E+03 1.85245E-02
1.01841E+03 1.95233E-02
1.01938E+03 2.02543E-02
1.02034E+03 2.09382E-02
1.02131E+03 2.16398E-02
1.02227E+03 2.21487E-02
1.02323E+03 2.26521E-02
1.02420E+03 2.29405E-02
1.02516E+03 2.27921E-02
1.02613E+03 2.28093E-02
1.02709E+03 2.28563E-02
1.02806E+03 2.25270E-02
1.02902E+03 2.20735E-02
1.02999E+03 2.15383E-02
1.03095E+03 2.11130E-02
1.03191E+03 2.03788E-02
1.03288E+03 1.91234E-02
1.03384E+03 1.81133E-02
1.03481E+03 1.71877E-02
1.03577E+03 1.61671E-02
1.03674E+03 1.50248E-02
1.03770E+03 1.38478E-02
1.03866E+03 1.26749E-02
1.03963E+03 1.12662E-02
1.04059E+03 1.00615E-02
1.04156E+03 9.05319E-03
1.04252E+03 8.01138E-03
1.04349E+03 6.85543E-03
1.04445E+03 5.68478E-03
1.04542E+03 4.53220E-03
1.04638E+03 3.57873E-03
1.04734E+03 2.92655E-03
1.04831E+03 2.19567E-03
1.04927E+03 1.56057E-03
1.05024E+03 1.09742E-03
1.05120E+03 5.52673E-04
1.05217E+03 1.07687E-04
1.05313E+03 1.03038E-04
1.05410E+03 2.81259E-05
1.05506E+03 -1.63075E-04
1.05602E+03 -3.24588E-04
1.05699E+03 -4.94648E-04
1.05795E+03 -5.34326E-04
1.05892E+03 -4.17288E-04
1.05988E+03 -5.26052E-04
1.06085E+03 -8.86794E-04
1.06181E+03 -8.56891E-04
1.06278E+03 -8.38347E-04
1.06374E+03 -9.61509E-04
1.06470E+03 -9.76369E-04
1.06567E+03 -1.19203E-03
1.06663E+03 -1.15988E-03
1.06760E+03 -5.34613E-04
1.06856E+03 -4.59176E-04
1.06953E+03 -6.75898E-04
1.07049E+03 -7.34713E-04
1.07145E+03 -7.83060E-04
1.07242E+03 -7.84166E-04
1.07338E+03 -8.14281E-04
1.07435E+03 -7.23764E-04
1.07531E+03 -6.61604E-04
1.07628E+03 -6.65177E-04
1.07724E+03 -7.00019E-04
1.07821E+03 -7.41601E-04
1.07917E+03 -8.15827E-04
1.08013E+03 -7.61200E-04
1.08110E+03 -7.73050E-04
1.08206E+03 -8.80715E-04
1.08303E+03 -7.90183E-04
1.08399E+03 -7.96311E-04
1.08496E+03 -7.88972E-04
1.08592E+03 -8.11115E-04
1.08689E+03 -7.26368E-04
1.08785E+03 -1.83739E-04
1.08881E+03 -4.18689E-04
1.08978E+03 -8.06686E-04
1.09074E+03 -7.17100E-04
1.09171E+03 -6.86344E-04
1.09267E+03 -6.37360E-04
1.09364E+03 -6.45828E-04
1.09460E+03 -5.05354E-04
1.09556E+03 -5.65153E-04
1.09653E+03 -7.75084E-04
1.09749E+03 -7.14019E-04
1.09846E+03 -6.06921E-04
1.09942E+03 -4.94033E-04
1.10039E+03 -3.83593E-04
1.10135E+03 -2.35032E-04
1.10232E+03 -1.71587E-04
1.10328E+03 -1.38681E-04
1.10424E+03 6.80611E-05
1.10521E+03 1.56049E-04
1.10617E+03 2.55562E-04
1.10714E+03 4.19054E-04
1.10810E+03 4.88956E-04
1.10907E+03 5.44522E-04
1.11003E+03 8.11264E-04
1.11100E+03 1.02607E-03
1.11196E+03 1.14473E-03
1.11292E+03 1.20422E-03
1.11389E+03 1.26496E-03
1.11485E+03 1.38137E-03
1.11582E+03 1.50283E-03
1.11678E+03 1.55777E-03
1.11775E+03 1.56821E-03
1.11871E+03 1.69094E-03
1.11968E+03 1.73361E-03
1.12064E+03 1.70799E-03
1.12160E+03 1.69972E-03
1.12257E+03 1.74812E-03
1.12353E+03 1.81777E-03
1.12450E+03 1.85635E-03
1.12546E+03 1.85758E-03
1.12643E+03 1.88023E-03
1.12739E+03 1.82781E-03
1.12835E+03 1.71300E-03
1.12932E+03 1.67814E-03
1.13028E+03 1.72614E-03
1.13125E+03 1.74156E-03
1.13221E+03 1.58641E-03
1.13318E+03 1.40220E-03
1.13414E+03 1.22711E-03
1.13511E+03 1.11877E-03
1.13607E+03 1.02341E-03
1.13703E+03 9.00220E-04
1.13800E+03 6.89618E-04
1.13896E+03 4.83751E-04
1.13993E+03 3.74157E-04
1.14089E+03 2.04317E-04
1.14186E+03 1.46478E-05
1.14282E+03 -1.27725E-04
1.14379E+03 -1.45476E-04
1.14475E+03 -2.31002E-04
1.14571E+03 -3.77554E-04
1.14668E+03 -4.34779E-04
1.14764E+03 -4.98690E-04
1.14861E+03 -5.49387E-04
1.14957E+03 -5.22919E-04
1.15054E+03 -4.61742E-04
1.15150E+03 -6.08321E-04
1.15246E+03 -7.19141E-04
1.15343E+03 -5.70986E-04
1.15439E+03 -5.38055E-04
1.15536E+03 -5.79339E-04
1.15632E+03 -5.42112E-04
1.15729E+03 -4.73469E-04
1.15825E+03 -4.81844E-04
1.15922E+03 -5.22058E-04
1.16018E+03 -4.94935E-04
1.16114E+03 -5.28511E-04
1.16211E+03 -5.36993E-04
1.16307E+03 -5.28507E-04
1.16404E+03 -5.25750E-04
1.16500E+03 -5.03283E-04
1.16597E+03 -5.56584E-04
1.16693E+03 -6.20492E-04
1.16790E+03 -6.58970E-04
1.16886E+03 -6.53338E-04
1.16982E+03 -6.33437E-04
1.17079E+03 -6.64063E-04
1.17175E+03 -7.03540E-04
1.17272E+03 -6.96663E-04
1.17368E+03 -6.87569E-04
1.17465E+03 -7.60678E-04
1.17561E+03 -8.08373E-04
1.17657E+03 -7.62418E-04
1.17754E+03 -6.73283E-04
1.17850E+03 -6.97620E-04
1.17947E+03 -8.29667E-04
1.18043E+03 -8.29704E-04
1.18140E+03 -8.09282E-04
1.18236E+03 -7.84967E-04
1.18333E+03 -7.58503E-04
1.18429E+03 -8.04249E-04
1.18525E+03 -8.53766E-04
1.18622E+03 -7.82646E-04
1.18718E+03 -7.14295E-04
1.18815E+03 -7.17882E-04
1.18911E+03 -7.02035E-04
1.19008E+03 -7.07254E-04
1.19104E+03 -7.24304E-04
1.19201E+03 -7.42253E-04
1.19297E+03 -7.66922E-04
1.19393E+03 -7.65830E-04
1.19490E+03 -7.80758E-04
1.19586E+03 -7.66911E-04
1.19683E+03 -7.58987E-04
1.19779E+03 -7.48608E-04
1.19876E+03 -7.01319E-04
1.19972E+03 -7.55291E-04
1.20069E+03 -8.00021E-04
1.20165E+03 -7.31122E-04
1.20261E+03 -7.24688E-04
1.20358E+03 -7.44551E-04
1.20454E+03 -7.22308E-04
1.20551E+03 -7.12894E-04
1.20647E+03 -6.85651E-04
1.20744E+03 -6.35367E-04
1.20840E+03 -6.61016E-04
1.20936E+03 -7.13099E-04
1.21033E+03 -7.00768E-04
1.21129E+03 -6.53926E-04
1.21226E+03 -6.56158E-04
1.21322E+03 -7.08029E-04
1.21419E+03 -6.74330E-04
1.21515E+03 -6.28494E-04
1.21612E+03 -6.49292E-04
1.21708E+03 -6.50007E-04
1.21804E+03 -7.38908E-04
1.21901E+03 -8.00103E-04
1.21997E+03 -7.56629E-04
1.22094E+03 -6.44859E-04
1.22190E+03 -5.62485E-04
1.22287E+03 -5.85329E-04
1.22383E+03 -6.29596E-04
1.22480E+03 -6.38451E-04
1.22576E+03 -6.75809E-04
1.22672E+03 -6.39301E-04
1.22769E+03 -6.05013E-04
1.22865E+03 -5.08092E-04
1.22962E+03 -5.53928E-04
1.23058E+03 -4.83427E-04
1.23155E+03 -5.05123E-04
1.23251E+03 -1.04610E-04
1.23347E+03 -1.56502E-03
1.23444E+03 -3.33505E-03
1.23540E+03 -1.18749E-03
1.23637E+03 -2.24393E-04
1.23733E+03 -5.19317E-04
1.23830E+03 -4.25946E-04
1.23926E+03 -4.65669E-04
1.24023E+03 -3.81485E-04
1.24119E+03 -5.15677E-04
1.24215E+03 -4.94100E-04
1.24312E+03 -4.54158E-04
1.24408E+03 -5.05831E-04
1.24505E+03 -5.36334E-04
1.24601E+03 -5.64087E-04
1.24698E+03 -6.26728E-04
1.24794E+03 -6.54224E-04
1.24891E+03 -6.82596E-04
1.24987E+03 -6.41957E-04
1.25083E+03 -5.93528E-04
1.25180E+03 -5.85396E-04
1.25276E+03 -5.86305E-04
1.25373E+03 -5.79018E-04
1.25469E+03 -5.56387E-04
1.25566E+03 -5.54089E-04
1.25662E+03 -5.88693E-04
1.25759E+03 -5.33137E-04
1.25855E+03 -4.94946E-04
1.25951E+03 -5.55541E-04
1.26048E+03 -5.69418E-04
1.26144E+03 -5.55810E-04
1.26241E+03 -5.92142E-04
1.26337E+03 -5.47744E-04
1.26434E+03 -5.24484E-04
1.26530E+03 -5.79517E-04
1.26626E+03 -5.91643E-04
1.26723E+03 -5.55150E-04
1.26819E+03 -5.52833E-04
1.26916E+03 -5.47033E-04
1.27012E+03 -5.13833E-04
1.27109E+03 -4.84437E-04
1.27205E+03 -5.19354E-04
1.27302E+03 -5.61763E-04
1.27398E+03 -5.47156E-04
1.27494E+03 -5.28984E-04
1.27591E+03 -5.21135E-04
1.27687E+03 -5.19779E-04
1.27784E+03 -5.18393E-04
1.27880E+03 -5.03652E-04
1.27977E+03 -5.14224E-04
1.28073E+03 -5.58604E-04
1.28170E+03 -5.82714E-04
1.28266E+03 -5.65488E-04
1.28362E+03 -5.56618E-04
1.28459E+03 -5.51801E-04
1.28555E+03 -5.27434E-04
1.28652E+03 -5.02981E-04
1.28748E+03 -4.83926E-04
1.28845E+03 -4.80689E-04
1.28941E+03 -4.97844E-04
1.29037E+03 -4.87871E-04
1.29134E+03 -4.64153E-04
1.29230E+03 -4.60029E-04
1.29327E+03 -4.67636E-04
1.29423E+03 -4.62431E-04
1.29520E+03 -4.62148E-04
1.29616E+03 -4.73760E-04
1.29713E+03 -4.78484E-04
1.29809E+03 -4.69476E-04
1.29905E+03 -4.56717E-04
1.30002E+03 -4.66418E-04
1.30098E+03 -4.60055E-04
1.30195E+03 -4.37602E-04
1.30291E+03 -4.09480E-04
1.30388E+03 -4.03684E-04
1.30484E+03 -4.36574E-04
1.30581E+03 -4.71555E-04
1.30677E+03 -4.34257E-04
1.30773E+03 -3.86529E-04
1.30870E+03 -4.08892E-04
1.30966E+03 -4.16007E-04
1.31063E+03 -4.04123E-04
1.31159E+03 -3.56235E-04
1.31256E+03 -3.86577E-04
1.31352E+03 -4.29880E-04
1.31448E+03 -4.14852E-04
1.31545E+03 -3.94475E-04
1.31641E+03 -3.61912E-04
1.31738E+03 -3.95678E-04
1.31834E+03 -3.70875E-04
1.31931E+03 -3.40521E-04
1.32027E+03 -4.35222E-04
1.32124E+03 -4.69323E-04
1.32220E+03 -4.38914E-04
1.32316E+03 -3.97589E-04
1.32413E+03 -3.88082E-04
1.32509E+03 -4.42687E-04
1.32606E+03 -4.49970E-04
1.32702E+03 -3.87684E-04
1.32799E+03 -3.54256E-04
1.32895E+03 -3.74023E-04
1.32992E+03 -4.00130E-04
1.33088E+03 -3.93994E-04
1.33184E+03 -3.75293E-04
1.33281E+03 -3.81224E-04
1.33377E+03 -3.67463E-04
1.33474E+03 -3.26797E-04
1.33570E+03 -3.11729E-04
1.33667E+03 -3.34807E-04
1.33763E+03 -3.58641E-04
1.33860E+03 -3.74153E-04
1.33956E+03 -3.76504E-04
1.34052E+03 -4.26602E-04
1.34149E+03 -4.65270E-04
1.34245E+03 -5.11240E-04
1.34342E+03 -7.46965E-04
1.34438E+03 -7.20192E-04
1.34535E+03 -3.60031E-04
1.34631E+03 -2.26293E-04
1.34727E+03 -2.60703E-04
1.34824E+03 -2.90483E-04
1.34920E+03 -4.58870E-04
1.35017E+03 -5.81704E-04
1.35113E+03 -3.52643E-04
1.35210E+03 -1.26027E-04
1.35306E+03 -1.92873E-04
1.35403E+03 -3.64445E-04
1.35499E+03 -3.97317E-04
1.35595E+03 -3.32344E-04
1.35692E+03 -2.95661E-04
1.35788E+03 -2.51144E-04
1.35885E+03 -1.88384E-04
1.35981E+03 -1.26239E-04
1.36078E+03 -6.50398E-05
1.36174E+03 -1.34781E-05
1.36271E+03 -1.87680E-05
1.36367E+03 -7.83987E-05
1.36463E+03 -6.93277E-05
1.36560E+03 -1.90437E-05
1.36656E+03 -2.43969E-05
1.36753E+03 1.07251E-05
1.36849E+03 5.27650E-05
1.36946E+03 8.71420E-05
1.37042E+03 7.07582E-05
1.37138E+03 4.22485E-05
1.37235E+03 6.60159E-05
1.37331E+03 1.10023E-04
1.37428E+03 2.01583E-04
1.37524E+03 2.94860E-04
1.37621E+03 3.35339E-04
1.37717E+03 3.55806E-04
1.37814E+03 4.09525E-04
1.37910E+03 4.46577E-04
1.38006E+03 4.71257E-04
1.38103E+03 4.97885E-04
1.38199E+03 4.39700E-04
1.38296E+03 3.08950E-04
1.38392E+03 2.79035E-04
1.38489E+03 3.56965E-04
1.38585E+03 4.11913E-04
1.38682E+03 4.68694E-04
1.38778E+03 5.17830E-04
1.38874E+03 5.22219E-04
1.38971E+03 5.56137E-04
1.39067E+03 5.97186E-04
1.39164E+03 6.97684E-04
1.39260E+03 8.03627E-04
1.39357E+03 8.48625E-04
1.39453E+03 9.20996E-04
1.39550E+03 9.40442E-04
1.39646E+03 9.66564E-04
1.39742E+03 1.09199E-03
1.39839E+03 1.23696E-03
1.39935E+03 1.32978E-03
1.40032E+03 1.44317E-03
1.40128E+03 1.59277E-03
1.40225E+03 1.67901E-03
1.40321E+03 1.66988E-03
1.40417E+03 1.67425E-03
1.40514E+03 1.75286E-03
1.40610E+03 1.80734E-03
1.40707E+03 1.85920E-03
1.40803E+03 1.98522E-03
1.40900E+03 2.14584E-03
1.40996E+03 2.17606E-03
1.41093E+03 2.16728E-03
1.41189E+03 2.22159E-03
1.41285E+03 2.23524E-03
1.41382E+03 2.24053E-03
1.41478E+03 2.23960E-03
1.41575E+03 2.30434E-03
1.41671E+03 2.40099E-03
1.41768E+03 2.46501E-03
1.41864E+03 2.53294E-03
1.41961E+03 2.53376E-03
1.42057E+03 2.49025E-03
1.42153E+03 2.45860E-03
1.42250E+03 2.43071E-03
1.42346E+03 2.42966E-03
1.42443E+03 2.46746E-03
1.42539E+03 2.51162E-03
1.42636E+03 2.57483E-03
1.42732E+03 2.61717E-03
1.42828E+03 2.60295E-03
1.42925E+03 2.56455E-03
1.43021E+03 2.51178E-03
1.43118E+03 2.48085E-03
1.43214E+03 2.47163E-03
1.43311E+03 2.47583E-03
1.43407E+03 2.47311E-03
1.43504E+03 2.47180E-03
1.43600E+03 2.51219E-03
1.43696E+03 2.51167E-03
1.43793E+03 2.47501E-03
1.43889E+03 2.44964E-03
1.43986E+03 2.43450E-03
1.44082E+03 2.49467E-03
1.44179E+03 2.62161E-03
1.44275E+03 2.76771E-03
1.44372E+03 2.86371E-03
1.44468E+03 2.90037E-03
1.44564E+03 3.01457E-03
1.44661E+03 3.05052E-03
1.44757E+03 3.00676E-03
1.44854E+03 3.03173E-03
1.44950E+03 3.06996E-03
1.45047E+03 3.10781E-03
1.45143E+03 3.15491E-03
1.45240E+03 3.23045E-03
1.45336E+03 3.28795E-03
1.45432E+03 3.31036E-03
1.45529E+03 3.34090E-03
1.45625E+03 3.39331E-03
1.45722E+03 3.45809E-03
1.45818E+03 3.57651E-03
1.45915E+03 3.73850E-03
1.46011E+03 3.89289E-03
1.46107E+03 4.01427E-03
1.46204E+03 4.10843E-03
1.46300E+03 4.10176E-03
1.46397E+03 4.01887E-03
1.46493E+03 3.92445E-03
1.46590E+03 3.80282E-03
1.46686E+03 3.68866E-03
1.46783E+03 3.56641E-03
1.46879E+03 3.43279E-03
1.46975E+03 3.32966E-03
1.47072E+03 3.28467E-03
1.47168E+03 3.32263E-03
1.47265E+03 3.45411E-03
1.47361E+03 3.68088E-03
1.47458E+03 3.90811E-03
1.47554E+03 4.01773E-03
1.47651E+03 4.10136E-03
1.47747E+03 4.12299E-03
1.47843E+03 4.03237E-03
1.47940E+03 3.90970E-03
1.48036E+03 3.72698E-03
1.48133E+03 3.50163E-03
1.48229E+03 3.23570E-03
1.48326E+03 2.94738E-03
1.48422E+03 2.69018E-03
1.48518E+03 2.46096E-03
1.48615E+03 2.30904E-03
1.48711E+03 2.17264E-03
1.48808E+03 1.97574E-03
1.48904E+03 1.77582E-03
1.49001E+03 1.62163E-03
1.49097E+03 1.43110E-03
1.49194E+03 1.28390E-03
1.49290E+03 1.20281E-03
1.49386E+03 1.09760E-03
1.49483E+03 1.01073E-03
1.49579E+03 9.69298E-04
1.49676E+03 9.17714E-04
1.49772E+03 7.85414E-04
1.49869E+03 6.70314E-04
1.49965E+03 5.71311E-04
1.50062E+03 5.00306E-04
1.50158E+03 4.71350E-04
1.50254E+03 4.23416E-04
1.50351E+03 4.07014E-04
1.50447E+03 4.01553E-04
1.50544E+03 3.63596E-04
1.50640E+03 3.03410E-04
1.50737E+03 2.39134E-04
1.50833E+03 1.79268E-04
1.50929E+03 1.29096E-04
1.51026E+03 8.76486E-05
1.51122E+03 6.99945E-05
1.51219E+03 8.99918E-05
1.51315E+03 5.91241E-05
1.51412E+03 2.40020E-05
1.51508E+03 1.73151E-05
1.51605E+03 2.65948E-05
1.51701E+03 1.45659E-06
1.51797E+03 -2.56822E-05
1.51894E+03 -2.31639E-05
1.51990E+03 -6.23055E-05
1.52087E+03 -7.63200E-05
1.52183E+03 -6.44550E-05
1.52280E+03 -7.96057E-05
1.52376E+03 -9.01483E-05
1.52473E+03 -6.07185E-05
1.52569E+03 -7.35968E-05
1.52665E+03 -1.16199E-04
1.52762E+03 -1.28500E-04
1.52858E+03 -1.22655E-04
1.52955E+03 -1.52234E-04
1.53051E+03 -1.90709E-04
1.53148E+03 -2.08572E-04
1.53244E+03 -1.84443E-04
1.53341E+03 -1.55516E-04
1.53437E+03 -1.70924E-04
1.53533E+03 -1.80926E-04
1.53630E+03 -1.84167E-04
1.53726E+03 -1.94248E-04
1.53823E+03 -1.71281E-04
1.53919E+03 -1.38108E-04
1.54016E+03 -1.90813E-04
1.54112E+03 -2.47393E-04
1.54208E+03 -2.50626E-04
1.54305E+03 -2.40196E-04
1.54401E+03 -2.65576E-04
1.54498E+03 -2.63378E-04
1.54594E+03 -1.81671E-04
1.54691E+03 -1.35090E-04
1.54787E+03 -2.00942E-04
1.54884E+03 -2.27928E-04
1.54980E+03 -2.16059E-04
1.55076E+03 -2.28737E-04
1.55173E+03 -2.47814E-04
1.55269E+03 -3.05332E-04
1.55366E+03 -3.00787E-04
1.55462E+03 -2.19222E-04
1.55559E+03 -1.77901E-04
1.55655E+03 -2.19397E-04
1.55752E+03 -2.41298E-04
1.55848E+03 -2.47922E-04
1.55944E+03 -2.65487E-04
1.56041E+03 -2.52903E-04
1.56137E+03 -2.79676E-04
1.56234E+03 -2.82917E-04
1.56330E+03 -2.42539E-04
1.56427E+03 -2.15307E-04
1.56523E+03 -2.27474E-04
1.56619E+03 -2.68027E-04
1.56716E+03 -2.75549E-04
1.56812E+03 -3.02687E-04
1.56909E+03 -3.13673E-04
1.57005E+03 -3.15160E-04
1.57102E+03 -3.34322E-04
1.57198E+03 -3.70823E-04
1.57295E+03 -3.70726E-04
1.57391E+03 -3.27475E-04
1.57487E+03 -3.26186E-04
1.57584E+03 -3.06670E-04
1.57680E+03 -3.24097E-04
1.57777E+03 -3.65574E-04
1.57873E+03 -3.91349E-04
1.57970E+03 -3.94978E-04
1.58066E+03 -3.47849E-04
1.58163E+03 -3.36479E-04
1.58259E+03 -3.46761E-04
1.58355E+03 -3.65935E-04
1.58452E+03 -3.99072E-04
1.58548E+03 -3.90384E-04
1.58645E+03 -3.67891E-04
1.58741E+03 -3.75204E-04
1.58838E+03 -4.17054E-04
1.58934E+03 -4.61459E-04
1.59031E+03 -4.39018E-04
1.59127E+03 -4.03594E-04
1.59223E+03 -4.08534E-04
1.59320E+03 -4.52239E-04
1.59416E+03 -4.54228E-04
1.59513E+03 -4.20205E-04
1.59609E+03 -4.24497E-04
1.59706E+03 -4.27727E-04
1.59802E+03 -4.07856E-04
1.59898E+03 -4.17706E-04
1.59995E+03 -4.48629E-04
1.60091E+03 -4.20850E-04
1.60188E+03 -4.24303E-04
1.60284E+03 -4.50104E-04
1.60381E+03 -4.36328E-04
1.60477E+03 -4.06008E-04
1.60574E+03 -4.25126E-04
1.60670E+03 -4.98071E-04
1.60766E+03 -5.08916E-04
1.60863E+03 -4.79978E-04
1.60959E+03 -4.64749E-04
1.61056E+03 -4.58278E-04
1.61152E+03 -4.62797E-04
1.61249E+03 -4.38929E-04
1.61345E+03 -4.13783E-04
1.61442E+03 -4.23063E-04
1.61538E+03 -4.48246E-04
1.61634E+03 -4.07621E-04
1.61731E+03 -3.65846E-04
1.61827E+03 -3.54212E-04
1.61924E+03 -3.40194E-04
1.62020E+03 -3.82267E-04
1.62117E+03 -4.16420E-04
1.62213E+03 -3.87758E-04
1.62309E+03 -3.54480E-04
1.62406E+03 -3.69783E-04
1.62502E+03 -3.62761E-04
1.62599E+03 -3.16698E-04
1.62695E+03 -2.89854E-04
1.62792E+03 -3.09028E-04
1.62888E+03 -3.02847E-04
1.62985E+03 -2.50012E-04
1.63081E+03 -2.12200E-04
1.63177E+03 -2.01631E-04
1.63274E+03 -1.56280E-04
1.63370E+03 -1.35466E-04
1.63467E+03 -1.40477E-04
1.63563E+03 -7.89613E-05
1.63660E+03 -3.38852E-05
1.63756E+03 -1.37016E-05
1.63853E+03 2.02991E-05
1.63949E+03 4.89652E-05
1.64045E+03 5.09918E-05
1.64142E+03 7.85999E-05
1.64238E+03 1.17917E-04
1.64335E+03 1.05038E-04
1.64431E+03 1.36830E-04
1.64528E+03 1.65246E-04
1.64624E+03 1.82603E-04
1.64720E+03 1.72611E-04
1.64817E+03 1.56052E-04
1.64913E+03 1.90243E-04
1.65010E+03 2.20925E-04
1.65106E+03 2.31858E-04
1.65203E+03 2.16622E-04
1.65299E+03 2.42628E-04
1.65396E+03 2.22340E-04
1.65492E+03 1.85315E-04
1.65588E+03 1.94050E-04
1.65685E+03 1.81034E-04
1.65781E+03 1.62862E-04
1.65878E+03 1.64915E-04
1.65974E+03 1.53955E-04
1.66071E+03 1.28631E-04
1.66167E+03 1.20956E-04
1.66264E+03 1.35161E-04
1.66360E+03 1.36521E-04
1.66456E+03 1.28087E-04
1.66553E+03 1.04636E-04
1.66649E+03 9.98341E-05
1.66746E+03 1.09728E-04
1.66842E+03 1.08700E-04
1.66939E+03 1.30419E-04
1.67035E+03 1.39520E-04
1.67132E+03 1.41583E-04
1.67228E+03 1.08082E-04
1.67324E+03 8.61213E-05
1.67421E+03 7.83317E-05
1.67517E+03 1.04766E-04
1.67614E+03 1.29901E-04
1.67710E+03 5.60731E-05
1.67807E+03 5.91949E-06
1.67903E+03 -1.36383E-05
1.67999E+03 -4.00171E-05
1.68096E+03 -3.00854E-05
1.68192E+03 -1.92970E-05
1.68289E+03 -2.67364E-05
1.68385E+03 -3.83332E-05
1.68482E+03 -6.06179E-05
1.68578E+03 -8.22805E-05
1.68675E+03 -1.23039E-04
1.68771E+03 -1.50088E-04
1.68867E+03 -1.31600E-04
1.68964E+03 -1.67746E-04
1.69060E+03 -2.38694E-04
1.69157E+03 -2.37074E-04
1.69253E+03 -2.50783E-04
1.69350E+03 -2.73973E-04
1.69446E+03 -3.08450E-04
1.69543E+03 -2.80663E-04
1.69639E+03 -3.04691E-04
1.69735E+03 -4.16558E-04
1.69832E+03 -4.20250E-04
1.69928E+03 -4.28453E-04
1.70025E+03 -4.20589E-04
1.70121E+03 -4.36183E-04
1.70218E+03 -4.89481E-04
1.70314E+03 -5.39277E-04
1.70410E+03 -5.85146E-04
1.70507E+03 -6.50678E-04
1.70603E+03 -6.71715E-04
1.70700E+03 -6.47228E-04
1.70796E+03 -6.46845E-04
1.70893E+03 -6.51889E-04
1.70989E+03 -6.61373E-04
1.71086E+03 -6.90524E-04
1.71182E+03 -7.75322E-04
1.71278E+03 -8.11148E-04
1.71375E+03 -7.94731E-04
1.71471E+03 -8.20123E-04
1.71568E+03 -8.39736E-04
1.71664E+03 -8.35404E-04
1.71761E+03 -9.15267E-04
1.71857E+03 -9.71440E-04
1.71954E+03 -9.44853E-04
1.72050E+03 -9.52017E-04
1.72146E+03 -9.46019E-04
1.72243E+03 -9.49904E-04
1.72339E+03 -9.82784E-04
1.72436E+03 -1.00400E-03
1.72532E+03 -1.04529E-03
1.72629E+03 -1.05661E-03
1.72725E+03 -1.06530E-03
1.72822E+03 -1.08315E-03
1.72918E+03 -1.10098E-03
1.73014E+03 -1.08556E-03
1.73111E+03 -1.17151E-03
1.73207E+03 -1.26100E-03
1.73304E+03 -1.15887E-03
1.73400E+03 -1.09482E-03
1.73497E+03 -1.12328E-03
1.73593E+03 -1.16720E-03
1.73689E+03 -1.20127E-03
1.73786E+03 -1.21322E-03
1.73882E+03 -1.19909E-03
1.73979E+03 -1.19019E-03
1.74075E+03 -1.23210E-03
1.74172E+03 -1.25496E-03
1.74268E+03 -1.23564E-03
1.74365E+03 -1.21970E-03
1.74461E+03 -1.22238E-03
1.74557E+03 -1.23446E-03
1.74654E+03 -1.22320E-03
1.74750E+03 -1.24143E-03
1.74847E+03 -1.27221E-03
1.74943E+03 -1.30271E-03
1.75040E+03 -1.30124E-03
1.75136E+03 -1.28008E-03
1.75233E+03 -1.31325E-03
1.75329E+03 -1.32293E-03
1.75425E+03 -1.28868E-03
1.75522E+03 -1.30192E-03
1.75618E+03 -1.32672E-03
1.75715E+03 -1.33206E-03
1.75811E+03 -1.33602E-03
1.75908E+03 -1.31819E-03
1.76004E+03 -1.31618E-03
1.76100E+03 -1.32661E-03
1.76197E+03 -1.34724E-03
1.76293E+03 -1.36292E-03
1.76390E+03 -1.36904E-03
1.76486E+03 -1.39309E-03
1.76583E+03 -1.41476E-03
1.76679E+03 -1.40423E-03
1.76776E+03 -1.38693E-03
1.76872E+03 -1.42843E-03
1.76968E+03 -1.43438E-03
1.77065E+03 -1.39039E-03
1.77161E+03 -1.39296E-03
1.77258E+03 -1.42390E-03
1.77354E+03 -1.45351E-03
1.77451E+03 -1.46648E-03
1.77547E+03 -1.46874E-03
1.77644E+03 -1.46203E-03
1.77740E+03 -1.46651E-03
1.77836E+03 -1.45933E-03
1.77933E+03 -1.46526E-03
1.78029E+03 -1.48865E-03
1.78126E+03 -1.47967E-03
1.78222E+03 -1.48553E-03
1.78319E+03 -1.48331E-03
1.78415E+03 -1.46898E-03
1.78511E+03 -1.45583E-03
1.78608E+03 -1.46952E-03
1.78704E+03 -1.51818E-03
1.78801E+03 -1.51874E-03
1.78897E+03 -1.50673E-03
1.78994E+03 -1.52221E-03
1.79090E+03 -1.52952E-03
1.79187E+03 -1.55024E-03
1.79283E+03 -1.55229E-03
1.79379E+03 -1.53886E-03
1.79476E+03 -1.54060E-03
1.79572E+03 -1.53386E-03
1.79669E+03 -1.55304E-03
1.79765E+03 -1.57913E-03
1.79862E+03 -1.62004E-03
1.79958E+03 -1.66575E-03
1.80055E+03 -1.62724E-03
1.80151E+03 -1.57010E-03
1.80247E+03 -1.55753E-03
1.80344E+03 -1.54349E-03
1.80440E+03 -1.57117E-03
1.80537E+03 -1.62809E-03
1.80633E+03 -1.65214E-03
1.80730E+03 -1.65498E-03
1.80826E+03 -1.65270E-03
1.80923E+03 -1.64595E-03
1.81019E+03 -1.59922E-03
1.81115E+03 -1.57816E-03
1.81212E+03 -1.58886E-03
1.81308E+03 -1.60253E-03
1.81405E+03 -1.63340E-03
1.81501E+03 -1.61748E-03
1.81598E+03 -1.64489E-03
1.81694E+03 -1.67576E-03
1.81790E+03 -1.64668E-03
1.81887E+03 -1.65571E-03
1.81983E+03 -1.65779E-03
1.82080E+03 -1.63677E-03
1.82176E+03 -1.64779E-03
1.82273E+03 -1.65947E-03
1.82369E+03 -1.67795E-03
1.82466E+03 -1.70331E-03
1.82562E+03 -1.71743E-03
1.82658E+03 -1.71607E-03
1.82755E+03 -1.68620E-03
1.82851E+03 -1.67021E-03
1.82948E+03 -1.67619E-03
1.83044E+03 -1.72322E-03
1.83141E+03 -1.74380E-03
1.83237E+03 -1.74523E-03
1.83334E+03 -1.77314E-03
1.83430E+03 -1.76173E-03
1.83526E+03 -1.72513E-03
1.83623E+03 -1.69189E-03
1.83719E+03 -1.67660E-03
1.83816E+03 -1.68522E-03
1.83912E+03 -1.71990E-03
1.84009E+03 -1.75024E-03
1.84105E+03 -1.75162E-03
1.84201E+03 -1.75119E-03
1.84298E+03 -1.74695E-03
1.84394E+03 -1.74527E-03
1.84491E+03 -1.74552E-03
1.84587E+03 -1.71602E-03
1.84684E+03 -1.70147E-03
1.84780E+03 -1.73206E-03
1.84877E+03 -1.74947E-03
1.84973E+03 -1.72050E-03
1.85069E+03 -1.73526E-03
1.85166E+03 -1.77643E-03
1.85262E+03 -1.79341E-03
1.85359E+03 -1.81394E-03
1.85455E+03 -1.79241E-03
1.85552E+03 -1.77831E-03
1.85648E+03 -1.79190E-03
1.85745E+03 -1.80993E-03
1.85841E+03 -1.80550E-03
1.85937E+03 -1.76162E-03
1.86034E+03 -1.76958E-03
1.86130E+03 -1.81122E-03
1.86227E+03 -1.81391E-03
1.86323E+03 -1.80700E-03
1.86420E+03 -1.80486E-03
1.86516E+03 -1.81350E-03
1.86612E+03 -1.79931E-03
1.86709E+03 -1.80046E-03
1.86805E+03 -1.81257E-03
1.86902E+03 -1.79019E-03
1.86998E+03 -1.79560E-03
1.87095E+03 -1.79639E-03
1.87191E+03 -1.78500E-03
1.87288E+03 -1.81547E-03
1.87384E+03 -1.84355E-03
1.87480E+03 -1.84906E-03
1.87577E+03 -1.87502E-03
1.87673E+03 -1.88131E-03
1.87770E+03 -1.82932E-03
1.87866E+03 -1.79633E-03
1.87963E+03 -1.82400E-03
1.88059E+03 -1.85392E-03
1.88156E+03 -1.83457E-03
1.88252E+03 -1.81358E-03
1.88348E+03 -1.83477E-03
1.88445E+03 -1.87528E-03
1.88541E+03 -1.87046E-03
1.88638E+03 -1.81675E-03
1.88734E+03 -1.84682E-03
1.88831E+03 -1.88544E-03
1.88927E+03 -1.86672E-03
1.89024E+03 -1.85868E-03
1.89120E+03 -1.85806E-03
1.89216E+03 -1.86454E-03
1.89313E+03 -1.85641E-03
1.89409E+03 -1.86229E-03
1.89506E+03 -1.88240E-03
1.89602E+03 -1.90618E-03
1.89699E+03 -1.91474E-03
1.89795E+03 -1.91249E-03
1.89891E+03 -1.90469E-03
1.89988E+03 -1.91296E-03
1.90084E+03 -1.91501E-03
1.90181E+03 -1.88956E-03
1.90277E+03 -1.88508E-03
1.90374E+03 -1.85892E-03
1.90470E+03 -1.86974E-03
1.90567E+03 -1.91154E-03
1.90663E+03 -1.92009E-03
1.90759E+03 -1.92378E-03
1.90856E+03 -1.93790E-03
1.90952E+03 -1.94610E-03
1.91049E+03 -1.91416E-03
1.91145E+03 -1.90149E-03
1.91242E+03 -1.90034E-03
1.91338E+03 -1.88753E-03
1.91435E+03 -1.89928E-03
1.91531E+03 -1.93163E-03
1.91627E+03 -1.92686E-03
1.91724E+03 -1.88922E-03
1.91820E+03 -1.90724E-03
1.91917E+03 -1.95396E-03
1.92013E+03 -1.98396E-03
1.92110E+03 -1.94000E-03
1.92206E+03 -1.91560E-03
1.92303E+03 -1.92896E-03
1.92399E+03 -1.93947E-03
1.92495E+03 -1.94031E-03
1.92592E+03 -1.92137E-03
1.92688E+03 -1.94109E-03
1.92785E+03 -1.94945E-03
1.92881E+03 -1.91877E-03
1.92978E+03 -1.90160E-03
1.93074E+03 -1.92296E-03
1.93170E+03 -1.94330E-03
1.93267E+03 -1.94834E-03
1.93363E+03 -1.97723E-03
1.93460E+03 -1.98715E-03
1.93556E+03 -1.97372E-03
1.93653E+03 -1.95880E-03
1.93749E+03 -1.95012E-03
1.93846E+03 -1.95628E-03
1.93942E+03 -1.96487E-03
1.94038E+03 -1.96610E-03
1.94135E+03 -1.96138E-03
1.94231E+03 -1.97036E-03
1.94328E+03 -1.99466E-03
1.94424E+03 -2.00777E-03
1.94521E+03 -1.96397E-03
1.94617E+03 -1.93182E-03
1.94714E+03 -1.95880E-03
1.94810E+03 -1.98681E-03
1.94906E+03 -1.96584E-03
1.95003E+03 -1.96066E-03
1.95099E+03 -1.99662E-03
1.95196E+03 -2.00998E-03
1.95292E+03 -1.98594E-03
1.95389E+03 -1.96454E-03
1.95485E+03 -1.97089E-03
1.95581E+03 -1.98134E-03
1.95678E+03 -1.99278E-03
1.95774E+03 -2.01885E-03
1.95871E+03 -2.02139E-03
1.95967E+03 -2.01074E-03
1.96064E+03 -1.99853E-03
1.96160E+03 -1.99317E-03
1.96257E+03 -1.97965E-03
1.96353E+03 -1.98869E-03
1.96449E+03 -2.00104E-03
1.96546E+03 -2.00233E-03
1.96642E+03 -2.01768E-03
1.96739E+03 -1.99530E-03
1.96835E+03 -2.00214E-03
1.96932E+03 -2.01883E-03
1.97028E+03 -2.02294E-03
1.97125E+03 -2.00902E-03
1.97221E+03 -1.99275E-03
1.97317E+03 -1.98648E-03
1.97414E+03 -2.00761E-03
1.97510E+03 -2.01238E-03
1.97607E+03 -1.99636E-03
1.97703E+03 -2.03888E-03
1.97800E+03 -2.03278E-03
1.97896E+03 -1.98380E-03
1.97992E+03 -1.97669E-03
1.98089E+03 -1.99593E-03
1.98185E+03 -1.99147E-03
1.98282E+03 -1.99009E-03
1.98378E+03 -1.99927E-03
1.98475E+03 -1.99944E-03
1.98571E+03 -1.98456E-03
1.98668E+03 -1.96132E-03
1.98764E+03 -1.93330E-03
1.98860E+03 -1.94297E-03
1.98957E+03 -1.97468E-03
1.99053E+03 -1.96825E-03
1.99150E+03 -1.98375E-03
1.99246E+03 -1.99665E-03
1.99343E+03 -1.95666E-03
1.99439E+03 -1.93307E-03
1.99536E+03 -1.94089E-03
1.99632E+03 -1.92932E-03
1.99728E+03 -1.92225E-03
1.99825E+03 -1.93930E-03
1.99921E+03 -1.93601E-03
2.00018E+03 -1.92888E-03
2.00114E+03 -1.94423E-03
2.00211E+03 -1.96149E-03
2.00307E+03 -1.92735E-03
2.00404E+03 -1.89705E-03
2.00500E+03 -1.90033E-03
2.00596E+03 -1.88307E-03
2.00693E+03 -1.89829E-03
2.00789E+03 -1.94310E-03
2.00886E+03 -1.93597E-03
2.00982E+03 -1.90495E-03
2.01079E+03 -1.90281E-03
2.01175E+03 -1.87538E-03
2.01271E+03 -1.87535E-03
2.01368E+03 -1.90037E-03
2.01464E+03 -1.90840E-03
2.01561E+03 -1.91131E-03
2.01657E+03 -1.91798E-03
2.01754E+03 -1.86703E-03
2.01850E+03 -1.82962E-03
2.01947E+03 -1.86076E-03
2.02043E+03 -1.88416E-03
2.02139E+03 -1.87671E-03
2.02236E+03 -1.82916E-03
2.02332E+03 -1.81089E-03
2.02429E+03 -1.79084E-03
2.02525E+03 -1.79214E-03
2.02622E+03 -1.80798E-03
2.02718E+03 -1.78567E-03
2.02815E+03 -1.79144E-03
2.02911E+03 -1.77803E-03
2.03007E+03 -1.76151E-03
2.03104E+03 -1.77296E-03
2.03200E+03 -1.75885E-03
2.03297E+03 -1.75823E-03
2.03393E+03 -1.78198E-03
2.03490E+03 -1.77151E-03
2.03586E+03 -1.75351E-03
2.03682E+03 -1.73639E-03
2.03779E+03 -1.73353E-03
2.03875E+03 -1.74137E-03
2.03972E+03 -1.75631E-03
2.04068E+03 -1.73860E-03
2.04165E+03 -1.73853E-03
2.04261E+03 -1.75871E-03
2.04358E+03 -1.72594E-03
2.04454E+03 -1.73328E-03
2.04550E+03 -1.72190E-03
2.04647E+03 -1.73691E-03
2.04743E+03 -1.78113E-03
2.04840E+03 -1.77579E-03
2.04936E+03 -1.77069E-03
2.05033E+03 -1.77516E-03
2.05129E+03 -1.81713E-03
2.05226E+03 -1.86220E-03
2.05322E+03 -1.89505E-03
2.05418E+03 -1.93982E-03
2.05515E+03 -1.95871E-03
2.05611E+03 -1.93651E-03
2.05708E+03 -1.88970E-03
2.05804E+03 -1.86176E-03
2.05901E+03 -1.88408E-03
2.05997E+03 -1.89905E-03
2.06094E+03 -1.89800E-03
2.06190E+03 -1.90477E-03
2.06286E+03 -1.93213E-03
2.06383E+03 -1.95564E-03
2.06479E+03 -1.94297E-03
2.06576E+03 -1.88241E-03
2.06672E+03 -1.96565E-03
2.06769E+03 -2.03922E-03
2.06865E+03 -1.93795E-03
2.06961E+03 -1.93147E-03
2.07058E+03 -1.95206E-03
2.07154E+03 -1.97402E-03
2.07251E+03 -2.01896E-03
2.07347E+03 -2.01315E-03
2.07444E+03 -1.98096E-03
2.07540E+03 -1.99428E-03
2.07637E+03 -1.99709E-03
2.07733E+03 -1.99467E-03
2.07829E+03 -2.03503E-03
2.07926E+03 -2.05516E-03
2.08022E+03 -2.04686E-03
2.08119E+03 -2.05852E-03
2.08215E+03 -2.06189E-03
2.08312E+03 -2.04921E-03
2.08408E+03 -2.05894E-03
2.08505E+03 -2.08512E-03
2.08601E+03 -2.08111E-03
2.08697E+03 -2.08123E-03
2.08794E+03 -2.08765E-03
2.08890E+03 -2.10087E-03
2.08987E+03 -2.12429E-03
2.09083E+03 -2.12751E-03
2.09180E+03 -2.12935E-03
2.09276E+03 -2.11414E-03
2.09372E+03 -2.10621E-03
2.09469E+03 -2.12458E-03
2.09565E+03 -2.14792E-03
2.09662E+03 -2.15804E-03
2.09758E+03 -2.17848E-03
2.09855E+03 -2.17778E-03
2.09951E+03 -2.14300E-03
2.10048E+03 -2.14623E-03
2.10144E+03 -2.13452E-03
2.10240E+03 -2.13181E-03
2.10337E+03 -2.14067E-03
2.10433E+03 -2.12075E-03
2.10530E+03 -2.13864E-03
2.10626E+03 -2.13765E-03
2.10723E+03 -2.14697E-03
2.10819E+03 -2.16018E-03
2.10916E+03 -2.13725E-03
2.11012E+03 -2.14610E-03
2.11108E+03 -2.16527E-03
2.11205E+03 -2.16428E-03
2.11301E+03 -2.16126E-03
2.11398E+03 -2.15872E-03
2.11494E+03 -2.17282E-03
2.11591E+03 -2.18864E-03
2.11687E+03 -2.18055E-03
2.11783E+03 -2.16432E-03
2.11880E+03 -2.16350E-03
2.11976E+03 -2.13761E-03
2.12073E+03 -2.10588E-03
2.12169E+03 -2.13139E-03
2.12266E+03 -2.15988E-03
2.12362E+03 -2.15193E-03
2.12459E+03 -2.14556E-03
2.12555E+03 -2.12425E-03
2.12651E+03 -2.10935E-03
2.12748E+03 -2.14140E-03
2.12844E+03 -2.14119E-03
2.12941E+03 -2.13885E-03
2.13037E+03 -2.13564E-03
2.13134E+03 -2.11887E-03
2.13230E+03 -2.14090E-03
2.13327E+03 -2.15248E-03
2.13423E+03 -2.14751E-03
2.13519E+03 -2.16188E-03
2.13616E+03 -2.15833E-03
2.13712E+03 -2.13689E-03
2.13809E+03 -2.11624E-03
2.13905E+03 -2.14221E-03
2.14002E+03 -2.18583E-03
2.14098E+03 -2.17140E-03
2.14195E+03 -2.15898E-03
2.14291E+03 -2.16847E-03
2.14387E+03 -2.15364E-03
2.14484E+03 -2.13717E-03
2.14580E+03 -2.12151E-03
2.14677E+03 -2.11688E-03
2.14773E+03 -2.13164E-03
2.14870E+03 -2.16025E-03
2.14966E+03 -2.17194E-03
2.15062E+03 -2.13529E-03
2.15159E+03 -2.12369E-03
2.15255E+03 -2.12395E-03
2.15352E+03 -2.14575E-03
2.15448E+03 -2.17367E-03
2.15545E+03 -2.14465E-03
2.15641E+03 -2.10582E-03
2.15738E+03 -2.12261E-03
2.15834E+03 -2.12831E-03
2.15930E+03 -2.11123E-03
2.16027E+03 -2.12694E-03
2.16123E+03 -2.12776E-03
2.16220E+03 -2.14138E-03
2.16316E+03 -2.14725E-03
2.16413E+03 -2.12792E-03
2.16509E+03 -2.12477E-03
2.16606E+03 -2.14410E-03
2.16702E+03 -2.16585E-03
2.16798E+03 -2.14205E-03
2.16895E+03 -2.10053E-03
2.16991E+03 -2.09030E-03
2.17088E+03 -2.11236E-03
2.17184E+03 -2.12105E-03
2.17281E+03 -2.11201E-03
2.17377E+03 -2.14246E-03
2.17473E+03 -2.17431E-03
2.17570E+03 -2.15280E-03
2.17666E+03 -2.12838E-03
2.17763E+03 -2.12187E-03
2.17859E+03 -2.12392E-03
2.17956E+03 -2.13735E-03
2.18052E+03 -2.14205E-03
2.18149E+03 -2.12007E-03
2.18245E+03 -2.11467E-03
2.18341E+03 -2.11175E-03
2.18438E+03 -2.12421E-03
2.18534E+03 -2.15905E-03
2.18631E+03 -2.15950E-03
2.18727E+03 -2.12787E-03
2.18824E+03 -2.12040E-03
2.18920E+03 -2.11487E-03
2.19017E+03 -2.09409E-03
2.19113E+03 -2.10947E-03
2.19209E+03 -2.11020E-03
2.19306E+03 -2.09029E-03
2.19402E+03 -2.11297E-03
2.19499E+03 -2.12001E-03
2.19595E+03 -2.09619E-03
2.19692E+03 -2.12287E-03
2.19788E+03 -2.16601E-03
2.19884E+03 -2.16402E-03
2.19981E+03 -2.12330E-03
2.20077E+03 -2.12280E-03
2.20174E+03 -2.13029E-03
2.20270E+03 -2.13978E-03
2.20367E+03 -2.13997E-03
2.20463E+03 -2.10749E-03
2.20560E+03 -2.11118E-03
2.20656E+03 -2.10765E-03
2.20752E+03 -2.08080E-03
2.20849E+03 -2.08392E-03
2.20945E+03 -2.09894E-03
2.21042E+03 -2.10346E-03
2.21138E+03 -2.10839E-03
2.21235E+03 -2.08757E-03
2.21331E+03 -2.06409E-03
2.21428E+03 -2.07880E-03
2.21524E+03 -2.07017E-03
2.21620E+03 -2.07160E-03
2.21717E+03 -2.07343E-03
2.21813E+03 -2.06736E-03
2.21910E+03 -2.07061E-03
2.22006E+03 -2.03673E-03
2.22103E+03 -2.02350E-03
2.22199E+03 -2.02922E-03
2.22296E+03 -2.05443E-03
2.22392E+03 -2.07309E-03
2.22488E+03 -2.03419E-03
2.22585E+03 -2.00177E-03
2.22681E+03 -2.02606E-03
2.22778E+03 -2.04880E-03
2.22874E+03 -2.04112E-03
2.22971E+03 -2.04561E-03
2.23067E+03 -2.04451E-03
2.23163E+03 -2.02225E-03
2.23260E+03 -2.03640E-03
2.23356E+03 -2.02953E-03
2.23453E+03 -2.00859E-03
2.23549E+03 -2.04780E-03
2.23646E+03 -2.07177E-03
2.23742E+03 -2.07033E-03
2.23839E+03 -2.07772E-03
2.23935E+03 -2.03973E-03
2.24031E+03 -2.02775E-03
2.24128E+03 -2.08614E-03
2.24224E+03 -2.10951E-03
2.24321E+03 -2.09184E-03
2.24417E+03 -2.06773E-03
2.24514E+03 -2.05978E-03
2.24610E+03 -2.08059E-03
2.24707E+03 -2.07932E-03
2.24803E+03 -2.08497E-03
2.24899E+03 -2.12131E-03
2.24996E+03 -2.13596E-03
2.25092E+03 -2.13443E-03
2.25189E+03 -2.15200E-03
2.25285E+03 -2.16667E-03
2.25382E+03 -2.16152E-03
2.25478E+03 -2.18968E-03
2.25574E+03 -2.22216E-03
2.25671E+03 -2.20769E-03
2.25767E+03 -2.19156E-03
2.25864E+03 -2.20442E-03
2.25960E+03 -2.22117E-03
2.26057E+03 -2.25657E-03
2.26153E+03 -2.25988E-03
2.26250E+03 -2.26950E-03
2.26346E+03 -2.29933E-03
2.26442E+03 -2.29141E-03
2.26539E+03 -2.28915E-03
2.26635E+03 -2.30989E-03
2.26732E+03 -2.28314E-03
2.26828E+03 -2.21999E-03
2.26925E+03 -2.12543E-03
2.27021E+03 -1.94376E-03
2.27118E+03 -1.58698E-03
2.27214E+03 -8.75965E-04
2.27310E+03 2.17192E-04
2.27407E+03 1.54781E-03
2.27503E+03 2.78004E-03
2.27600E+03 3.53033E-03
2.27696E+03 3.60862E-03
2.27793E+03 3.10612E-03
2.27889E+03 2.22429E-03
2.27986E+03 1.15569E-03
2.28082E+03 1.15894E-04
2.28178E+03 -7.44384E-04
2.28275E+03 -1.37612E-03
2.28371E+03 -1.82550E-03
2.28468E+03 -2.11231E-03
2.28564E+03 -2.27919E-03
2.28661E+03 -2.40966E-03
2.28757E+03 -2.46466E-03
2.28853E+03 -2.45484E-03
2.28950E+03 -2.47228E-03
2.29046E+03 -2.49729E-03
2.29143E+03 -2.46707E-03
2.29239E+03 -2.46841E-03
2.29336E+03 -2.50815E-03
2.29432E+03 -2.50516E-03
2.29529E+03 -2.48470E-03
2.29625E+03 -2.44555E-03
2.29721E+03 -2.43512E-03
2.29818E+03 -2.43507E-03
2.29914E+03 -2.39368E-03
2.30011E+03 -2.35394E-03
2.30107E+03 -2.32961E-03
2.30204E+03 -2.28417E-03
2.30300E+03 -2.22867E-03
2.30397E+03 -2.19195E-03
2.30493E+03 -2.17069E-03
2.30589E+03 -2.15367E-03
2.30686E+03 -2.11228E-03
2.30782E+03 -2.08810E-03
2.30879E+03 -2.06911E-03
2.30975E+03 -2.08561E-03
2.31072E+03 -2.07486E-03
2.31168E+03 -1.99509E-03
2.31265E+03 -1.95875E-03
2.31361E+03 -1.91515E-03
2.31457E+03 -1.84166E-03
2.31554E+03 -1.74326E-03
2.31650E+03 -1.58713E-03
2.31747E+03 -1.31851E-03
2.31843E+03 -8.72698E-04
2.31940E+03 -1.40283E-04
2.32036E+03 8.45563E-04
2.32132E+03 2.01721E-03
2.32229E+03 3.29598E-03
2.32325E+03 4.82050E-03
2.32422E+03 6.97868E-03
2.32518E+03 1.12101E-02
2.32615E+03 1.99783E-02
2.32711E+03 3.54861E-02
2.32808E+03 5.68860E-02
2.32904E+03 8.03134E-02
2.33000E+03 1.01920E-01
2.33097E+03 1.20073E-01
2.33193E+03 1.34678E-01
2.33290E+03 1.46188E-01
2.33386E+03 1.55195E-01
2.33483E+03 1.62126E-01
2.33579E+03 1.67577E-01
2.33676E+03 1.71538E-01
2.33772E+03 1.73792E-01
2.33868E+03 1.74063E-01
2.33965E+03 1.72094E-01
2.34061E+03 1.67900E-01
2.34158E+03 1.61844E-01
2.34254E+03 1.54346E-01
2.34351E+03 1.45967E-01
2.34447E+03 1.37186E-01
2.34543E+03 1.28459E-01
2.34640E+03 1.19905E-01
2.34736E+03 1.11673E-01
2.34833E+03 1.03919E-01
2.34929E+03 9.66641E-02
2.35026E+03 8.99264E-02
2.35122E+03 8.36884E-02
2.35219E+03 7.78038E-02
2.35315E+03 7.22798E-02
2.35411E+03 6.70488E-02
2.35508E+03 6.20607E-02
2.35604E+03 5.73192E-02
2.35701E+03 5.27711E-02
2.35797E+03 4.83436E-02
2.35894E+03 4.40015E-02
2.35990E+03 3.97091E-02
2.36087E+03 3.54602E-02
2.36183E+03 3.11854E-02
2.36279E+03 2.68853E-02
2.36376E+03 2.27087E-02
2.36472E+03 1.87306E-02
2.36569E+03 1.50313E-02
2.36665E+03 1.17672E-02
2.36762E+03 9.05789E-03
2.36858E+03 6.87145E-03
2.36954E+03 5.25255E-03
2.37051E+03 4.09618E-03
2.37147E+03 3.24177E-03
2.37244E+03 2.62450E-03
2.37340E+03 2.14340E-03
2.37437E+03 1.75428E-03
2.37533E+03 1.44708E-03
2.37630E+03 1.21548E-03
2.37726E+03 9.88409E-04
2.37822E+03 8.11987E-04
2.37919E+03 6.97095E-04
2.38015E+03 5.54733E-04
2.38112E+03 4.44282E-04
2.38208E+03 3.78981E-04
2.38305E+03 3.24961E-04
2.38401E+03 2.59049E-04
2.38498E+03 1.65951E-04
2.38594E+03 8.45529E-05
2.38690E+03 2.94670E-05
2.38787E+03 -2.09846E-05
2.38883E+03 -8.85278E-05
2.38980E+03 -1.35135E-04
2.39076E+03 -1.87870E-04
2.39173E+03 -2.46037E-04
2.39269E+03 -2.80466E-04
2.39366E+03 -3.47640E-04
2.39462E+03 -3.92888E-04
2.39558E+03 -4.29805E-04
2.39655E+03 -4.46990E-04
2.39751E+03 -4.76461E-04
2.39848E+03 -5.06442E-04
2.39944E+03 -5.29986E-04
2.40041E+03 -5.99723E-04
2.40137E+03 -6.26322E-04
2.40233E+03 -6.28270E-04
2.40330E+03 -6.47843E-04
2.40426E+03 -6.77142E-04
2.40523E+03 -6.93034E-04
2.40619E+03 -7.47245E-04
2.40716E+03 -8.10362E-04
2.40812E+03 -8.21631E-04
2.40909E+03 -8.15749E-04
2.41005E+03 -8.15835E-04
2.41101E+03 -8.37334E-04
2.41198E+03 -8.61481E-04
2.41294E+03 -8.80506E-04
2.41391E+03 -9.08047E-04
2.41487E+03 -9.16731E-04
2.41584E+03 -8.94617E-04
2.41680E+03 -9.25206E-04
2.41777E+03 -9.75113E-04
2.41873E+03 -9.52289E-04
2.41969E+03 -9.43150E-04
2.42066E+03 -9.59557E-04
2.42162E+03 -9.64362E-04
2.42259E+03 -9.87459E-04
2.42355E+03 -1.00680E-03
2.42452E+03 -1.01148E-03
2.42548E+03 -1.02618E-03
2.42644E+03 -1.02173E-03
2.42741E+03 -9.81066E-04
2.42837E+03 -1.00491E-03
2.42934E+03 -1.04744E-03
2.43030E+03 -1.05452E-03
2.43127E+03 -1.10340E-03
2.43223E+03 -1.13261E-03
2.43320E+03 -1.12468E-03
2.43416E+03 -1.12814E-03
2.43512E+03 -1.12600E-03
2.43609E+03 -1.11370E-03
2.43705E+03 -1.13685E-03
2.43802E+03 -1.18915E-03
2.43898E+03 -1.20430E-03
2.43995E+03 -1.19272E-03
2.44091E+03 -1.19263E-03
2.44188E+03 -1.19423E-03
2.44284E+03 -1.23849E-03
2.44380E+03 -1.25454E-03
2.44477E+03 -1.25664E-03
2.44573E+03 -1.28197E-03
2.44670E+03 -1.25990E-03
2.44766E+03 -1.24877E-03
2.44863E+03 -1.24820E-03
2.44959E+03 -1.28508E-03
2.45055E+03 -1.34549E-03
2.45152E+03 -1.36980E-03
2.45248E+03 -1.37456E-03
2.45345E+03 -1.36203E-03
2.45441E+03 -1.37901E-03
2.45538E+03 -1.40706E-03
2.45634E+03 -1.42332E-03
2.45731E+03 -1.44269E-03
2.45827E+03 -1.43800E-03
2.45923E+03 -1.44726E-03
2.46020E+03 -1.46453E-03
2.46116E+03 -1.46443E-03
2.46213E+03 -1.47324E-03
2.46309E+03 -1.51091E-03
2.46406E+03 -1.56098E-03
2.46502E+03 -1.56444E-03
2.46599E+03 -1.56249E-03
2.46695E+03 -1.55946E-03
2.46791E+03 -1.55842E-03
2.46888E+03 -1.58175E-03
2.46984E+03 -1.59491E-03
2.47081E+03 -1.61991E-03
2.47177E+03 -1.63323E-03
2.47274E+03 -1.63113E-03
2.47370E+03 -1.64728E-03
2.47467E+03 -1.66905E-03
2.47563E+03 -1.71561E-03
2.47659E+03 -1.71578E-03
2.47756E+03 -1.68946E-03
2.47852E+03 -1.67851E-03
2.47949E+03 -1.66580E-03
2.48045E+03 -1.69867E-03
2.48142E+03 -1.71038E-03
2.48238E+03 -1.70493E-03
2.48334E+03 -1.70418E-03
2.48431E+03 -1.67559E-03
2.48527E+03 -1.68483E-03
2.48624E+03 -1.70674E-03
2.48720E+03 -1.70293E-03
2.48817E+03 -1.71172E-03
2.48913E+03 -1.71051E-03
2.49010E+03 -1.67731E-03
2.49106E+03 -1.65281E-03
2.49202E+03 -1.63000E-03
2.49299E+03 -1.62492E-03
2.49395E+03 -1.64974E-03
2.49492E+03 -1.65463E-03
2.49588E+03 -1.64125E-03
2.49685E+03 -1.62134E-03
2.49781E+03 -1.59718E-03
2.49878E+03 -1.56707E-03
2.49974E+03 -1.55329E-03
2.50070E+03 -1.55221E-03
2.50167E+03 -1.53686E-03
2.50263E+03 -1.50431E-03
2.50360E+03 -1.45839E-03
2.50456E+03 -1.45626E-03
2.50553E+03 -1.47012E-03
2.50649E+03 -1.44085E-03
2.50745E+03 -1.40737E-03
2.50842E+03 -1.39732E-03
2.50938E+03 -1.38331E-03
2.51035E+03 -1.35246E-03
2.51131E+03 -1.32784E-03
2.51228E+03 -1.29818E-03
2.51324E+03 -1.27996E-03
2.51421E+03 -1.26896E-03
2.51517E+03 -1.24781E-03
2.51613E+03 -1.22759E-03
2.51710E+03 -1.21254E-03
2.51806E+03 -1.20729E-03
2.51903E+03 -1.21500E-03
2.51999E+03 -1.23160E-03
2.52096E+03 -1.25074E-03
2.52192E+03 -1.24446E-03
2.52289E+03 -1.20271E-03
2.52385E+03 -1.16167E-03
2.52481E+03 -1.15967E-03
2.52578E+03 -1.16452E-03
2.52674E+03 -1.14448E-03
2.52771E+03 -1.15371E-03
2.52867E+03 -1.17512E-03
2.52964E+03 -1.16330E-03
2.53060E+03 -1.15640E-03
2.53156E+03 -1.15369E-03
2.53253E+03 -1.15944E-03
2.53349E+03 -1.20173E-03
2.53446E+03 -1.21638E-03
2.53542E+03 -1.19592E-03
2.53639E+03 -1.19049E-03
2.53735E+03 -1.22190E-03
2.53832E+03 -1.25123E-03
2.53928E+03 -1.23074E-03
2.54024E+03 -1.20766E-03
2.54121E+03 -1.24768E-03
2.54217E+03 -1.28949E-03
2.54314E+03 -1.30957E-03
2.54410E+03 -1.27556E-03
2.54507E+03 -1.27015E-03
2.54603E+03 -1.30868E-03
2.54700E+03 -1.32530E-03
2.54796E+03 -1.37476E-03
2.54892E+03 -1.41061E-03
2.54989E+03 -1.40749E-03
2.55085E+03 -1.39106E-03
2.55182E+03 -1.37712E-03
2.55278E+03 -1.41051E-03
2.55375E+03 -1.45097E-03
2.55471E+03 -1.43512E-03
2.55568E+03 -1.44287E-03
2.55664E+03 -1.43741E-03
2.55760E+03 -1.45421E-03
2.55857E+03 -1.47571E-03
2.55953E+03 -1.46569E-03
2.56050E+03 -1.46359E-03
2.56146E+03 -1.48331E-03
2.56243E+03 -1.53576E-03
2.56339E+03 -1.57176E-03
2.56435E+03 -1.58298E-03
2.56532E+03 -1.60172E-03
2.56628E+03 -1.60880E-03
2.56725E+03 -1.58941E-03
2.56821E+03 -1.59550E-03
2.56918E+03 -1.61781E-03
2.57014E+03 -1.63613E-03
2.57111E+03 -1.62854E-03
2.57207E+03 -1.61726E-03
2.57303E+03 -1.60996E-03
2.57400E+03 -1.62656E-03
2.57496E+03 -1.64195E-03
2.57593E+03 -1.63692E-03
2.57689E+03 -1.63821E-03
2.57786E+03 -1.65425E-03
2.57882E+03 -1.70565E-03
2.57979E+03 -1.71636E-03
2.58075E+03 -1.68584E-03
2.58171E+03 -1.65718E-03
2.58268E+03 -1.63835E-03
2.58364E+03 -1.63841E-03
2.58461E+03 -1.61389E-03
2.58557E+03 -1.60434E-03
2.58654E+03 -1.62874E-03
2.58750E+03 -1.62228E-03
2.58846E+03 -1.60702E-03
2.58943E+03 -1.59522E-03
2.59039E+03 -1.61225E-03
2.59136E+03 -1.61459E-03
2.59232E+03 -1.57834E-03
2.59329E+03 -1.55699E-03
2.59425E+03 -1.59978E-03
2.59522E+03 -1.63235E-03
2.59618E+03 -1.61906E-03
2.59714E+03 -1.60821E-03
2.59811E+03 -1.59771E-03
2.59907E+03 -1.62482E-03
2.60004E+03 -1.63802E-03
2.60100E+03 -1.63902E-03
2.60197E+03 -1.66886E-03
2.60293E+03 -1.69723E-03
2.60390E+03 -1.71892E-03
2.60486E+03 -1.69612E-03
2.60582E+03 -1.66453E-03
2.60679E+03 -1.68734E-03
2.60775E+03 -1.73122E-03
2.60872E+03 -1.75070E-03
2.60968E+03 -1.75038E-03
2.61065E+03 -1.72656E-03
2.61161E+03 -1.72383E-03
2.61258E+03 -1.74705E-03
2.61354E+03 -1.74275E-03
2.61450E+03 -1.74455E-03
2.61547E+03 -1.75504E-03
2.61643E+03 -1.79293E-03
2.61740E+03 -1.81075E-03
2.61836E+03 -1.80414E-03
2.61933E+03 -1.83843E-03
2.62029E+03 -1.90156E-03
2.62125E+03 -1.89802E-03
2.62222E+03 -1.88093E-03
2.62318E+03 -1.91040E-03
2.62415E+03 -1.91020E-03
2.62511E+03 -1.91653E-03
2.62608E+03 -1.96308E-03
2.62704E+03 -1.99043E-03
2.62801E+03 -1.99499E-03
2.62897E+03 -2.05790E-03
2.62993E+03 -2.07885E-03
2.63090E+03 -2.04385E-03
2.63186E+03 -2.08397E-03
2.63283E+03 -2.16812E-03
2.63379E+03 -2.21882E-03
2.63476E+03 -2.23157E-03
2.63572E+03 -2.22506E-03
2.63669E+03 -2.20277E-03
2.63765E+03 -2.18815E-03
2.63861E+03 -2.19795E-03
2.63958E+03 -2.24744E-03
2.64054E+03 -2.27252E-03
2.64151E+03 -2.28162E-03
2.64247E+03 -2.34339E-03
2.64344E+03 -2.37643E-03
2.64440E+03 -2.35953E-03
2.64536E+03 -2.34294E-03
2.64633E+03 -2.36790E-03
2.64729E+03 -2.39288E-03
2.64826E+03 -2.40064E-03
2.64922E+03 -2.38904E-03
2.65019E+03 -2.40298E-03
2.65115E+03 -2.41531E-03
2.65212E+03 -2.39832E-03
2.65308E+03 -2.42656E-03
2.65404E+03 -2.45430E-03
2.65501E+03 -2.43033E-03
2.65597E+03 -2.41410E-03
2.65694E+03 -2.44241E-03
2.65790E+03 -2.46000E-03
2.65887E+03 -2.46919E-03
2.65983E+03 -2.44878E-03
2.66080E+03 -2.45851E-03
2.66176E+03 -2.48648E-03
2.66272E+03 -2.47371E-03
2.66369E+03 -2.44294E-03
2.66465E+03 -2.44425E-03
2.66562E+03 -2.47879E-03
2.66658E+03 -2.51145E-03
2.66755E+03 -2.54429E-03
2.66851E+03 -2.53966E-03
2.66948E+03 -2.52053E-03
2.67044E+03 -2.50054E-03
2.67140E+03 -2.51040E-03
2.67237E+03 -2.56419E-03
2.67333E+03 -2.57469E-03
2.67430E+03 -2.57054E-03
2.67526E+03 -2.55694E-03
2.67623E+03 -2.54311E-03
2.67719E+03 -2.57846E-03
2.67815E+03 -2.59404E-03
2.67912E+03 -2.59775E-03
2.68008E+03 -2.59404E-03
2.68105E+03 -2.56644E-03
2.68201E+03 -2.55311E-03
2.68298E+03 -2.57103E-03
2.68394E+03 -2.57386E-03
2.68491E+03 -2.53791E-03
2.68587E+03 -2.54176E-03
2.68683E+03 -2.57812E-03
2.68780E+03 -2.55970E-03
2.68876E+03 -2.55238E-03
2.68973E+03 -2.61181E-03
2.69069E+03 -2.63761E-03
2.69166E+03 -2.59233E-03
2.69262E+03 -2.60466E-03
2.69359E+03 -2.62742E-03
2.69455E+03 -2.64126E-03
2.69551E+03 -2.65450E-03
2.69648E+03 -2.63623E-03
2.69744E+03 -2.65340E-03
2.69841E+03 -2.61068E-03
2.69937E+03 -2.54291E-03
2.70034E+03 -2.56066E-03
2.70130E+03 -2.60855E-03
2.70226E+03 -2.61767E-03
2.70323E+03 -2.61817E-03
2.70419E+03 -2.58946E-03
2.70516E+03 -2.60365E-03
2.70612E+03 -2.60431E-03
2.70709E+03 -2.57334E-03
2.70805E+03 -2.55753E-03
2.70902E+03 -2.57402E-03
2.70998E+03 -2.65064E-03
2.71094E+03 -2.62661E-03
2.71191E+03 -2.54245E-03
2.71287E+03 -2.50611E-03
2.71384E+03 -2.50201E-03
2.71480E+03 -2.56716E-03
2.71577E+03 -2.65832E-03
2.71673E+03 -2.63937E-03
2.71770E+03 -2.58175E-03
2.71866E+03 -2.52203E-03
2.71962E+03 -2.51395E-03
2.72059E+03 -2.60190E-03
2.72155E+03 -2.65824E-03
2.72252E+03 -2.67332E-03
2.72348E+03 -2.68733E-03
2.72445E+03 -2.69597E-03
2.72541E+03 -2.66098E-03
2.72638E+03 -2.62881E-03
2.72734E+03 -2.57996E-03
2.72830E+03 -2.59040E-03
2.72927E+03 -2.66318E-03
2.73023E+03 -2.60270E-03
2.73120E+03 -2.43659E-03
2.73216E+03 -2.37094E-03
2.73313E+03 -2.38954E-03
2.73409E+03 -2.27707E-03
2.73505E+03 -2.17255E-03
2.73602E+03 -2.18783E-03
2.73698E+03 -2.21455E-03
2.73795E+03 -2.50088E-03
2.73891E+03 -2.99094E-03
2.73988E+03 -3.21361E-03
2.74084E+03 -2.81980E-03
2.74181E+03 -2.34575E-03
2.74277E+03 -2.41652E-03
2.74373E+03 -2.86617E-03
2.74470E+03 -2.65015E-03
2.74566E+03 -2.35920E-03
2.74663E+03 -2.52395E-03
2.74759E+03 -2.34596E-03
2.74856E+03 -2.37655E-03
2.74952E+03 -2.36975E-03
2.75049E+03 -2.31796E-03
2.75145E+03 -2.28330E-03
2.75241E+03 -2.24587E-03
2.75338E+03 -2.19448E-03
2.75434E+03 -2.11492E-03
2.75531E+03 -2.18446E-03
2.75627E+03 -2.19012E-03
2.75724E+03 -2.07472E-03
2.75820E+03 -2.03972E-03
2.75916E+03 -2.04065E-03
2.76013E+03 -1.99383E-03
2.76109E+03 -1.94871E-03
2.76206E+03 -1.86005E-03
2.76302E+03 -1.83600E-03
2.76399E+03 -1.85558E-03
2.76495E+03 -1.84584E-03
2.76592E+03 -1.78789E-03
2.76688E+03 -1.76231E-03
2.76784E+03 -1.71804E-03
2.76881E+03 -1.65782E-03
2.76977E+03 -1.68205E-03
2.77074E+03 -1.61676E-03
2.77170E+03 -1.49854E-03
2.77267E+03 -1.45693E-03
2.77363E+03 -1.44694E-03
2.77460E+03 -1.39143E-03
2.77556E+03 -1.28085E-03
2.77652E+03 -1.24147E-03
2.77749E+03 -1.18461E-03
2.77845E+03 -1.10397E-03
2.77942E+03 -1.02336E-03
2.78038E+03 -9.94783E-04
2.78135E+03 -9.42864E-04
2.78231E+03 -8.32204E-04
2.78327E+03 -7.56059E-04
2.78424E+03 -6.73089E-04
2.78520E+03 -6.05665E-04
2.78617E+03 -4.80119E-04
2.78713E+03 -3.39653E-04
2.78810E+03 -2.51975E-04
2.78906E+03 -1.69620E-04
2.79003E+03 -5.96903E-05
2.79099E+03 6.28904E-05
2.79195E+03 1.25162E-04
2.79292E+03 1.89207E-04
2.79388E+03 3.04542E-04
2.79485E+03 4.23104E-04
2.79581E+03 5.39541E-04
2.79678E+03 6.48994E-04
2.79774E+03 7.33521E-04
2.79871E+03 8.29529E-04
2.79967E+03 9.42260E-04
2.80063E+03 1.05257E-03
2.80160E+03 1.18724E-03
2.80256E+03 1.31974E-03
2.80353E+03 1.40480E-03
2.80449E+03 1.48822E-03
2.80546E+03 1.58496E-03
2.80642E+03 1.74378E-03
2.80739E+03 1.92835E-03
2.80835E+03 2.02106E-03
2.80931E+03 2.10093E-03
2.81028E+03 2.23947E-03
2.81124E+03 2.36945E-03
2.81221E+03 2.52390E-03
2.81317E+03 2.71138E-03
2.81414E+03 2.86419E-03
2.81510E+03 3.00413E-03
2.81606E+03 3.19905E-03
2.81703E+03 3.43924E-03
2.81799E+03 3.62723E-03
2.81896E+03 3.87708E-03
2.81992E+03 4.18302E-03
2.82089E+03 4.44800E-03
2.82185E+03 4.68949E-03
2.82282E+03 4.96001E-03
2.82378E+03 5.25955E-03
2.82474E+03 5.58691E-03
2.82571E+03 5.90352E-03
2.82667E+03 6.17194E-03
2.82764E+03 6.43631E-03
2.82860E+03 6.65994E-03
2.82957E+03 6.84517E-03
2.83053E+03 6.98215E-03
2.83150E+03 7.01221E-03
2.83246E+03 7.01756E-03
2.83342E+03 6.99839E-03
2.83439E+03 6.83638E-03
2.83535E+03 6.62336E-03
2.83632E+03 6.41302E-03
2.83728E+03 6.17894E-03
2.83825E+03 5.92992E-03
2.83921E+03 5.64660E-03
2.84017E+03 5.35721E-03
2.84114E+03 5.09395E-03
2.84210E+03 4.80221E-03
2.84307E+03 4.47025E-03
2.84403E+03 4.14063E-03
2.84500E+03 3.89320E-03
2.84596E+03 3.69618E-03
2.84693E+03 3.46589E-03
2.84789E+03 3.20844E-03
2.84885E+03 3.00414E-03
2.84982E+03 2.82404E-03
2.85078E+03 2.67474E-03
2.85175E+03 2.59220E-03
2.85271E+03 2.51233E-03
2.85368E+03 2.41491E-03
2.85464E+03 2.28155E-03
2.85561E+03 2.20512E-03
2.85657E+03 2.12637E-03
2.85753E+03 2.02814E-03
2.85850E+03 2.01951E-03
2.85946E+03 2.00386E-03
2.86043E+03 1.97615E-03
2.86139E+03 1.90140E-03
2.86236E+03 1.84157E-03
2.86332E+03 1.85456E-03
2.86428E+03 1.84149E-03
2.86525E+03 1.83291E-03
2.86621E+03 1.81577E-03
2.86718E+03 1.79076E-03
2.86814E+03 1.78593E-03
2.86911E+03 1.76658E-03
2.87007E+03 1.73686E-03
2.87104E+03 1.74511E-03
2.87200E+03 1.73481E-03
2.87296E+03 1.71439E-03
2.87393E+03 1.74050E-03
2.87489E+03 1.74114E-03
2.87586E+03 1.73019E-03
2.87682E+03 1.77861E-03
2.87779E+03 1.82170E-03
2.87875E+03 1.82742E-03
2.87972E+03 1.82160E-03
2.88068E+03 1.81092E-03
2.88164E+03 1.81919E-03
2.88261E+03 1.88976E-03
2.88357E+03 1.98092E-03
2.88454E+03 2.05797E-03
2.88550E+03 2.07819E-03
2.88647E+03 2.03489E-03
2.88743E+03 2.09434E-03
2.88840E+03 2.22609E-03
2.88936E+03 2.30458E-03
2.89032E+03 2.34321E-03
2.89129E+03 2.39163E-03
2.89225E+03 2.41825E-03
2.89322E+03 2.44832E-03
2.89418E+03 2.54906E-03
2.89515E+03 2.65883E-03
2.89611E+03 2.74061E-03
2.89707E+03 2.78392E-03
2.89804E+03 2.80998E-03
2.89900E+03 2.84056E-03
2.89997E+03 2.93426E-03
2.90093E+03 3.08314E-03
2.90190E+03 3.18620E-03
2.90286E+03 3.28432E-03
2.90383E+03 3.34349E-03
2.90479E+03 3.39899E-03
2.90575E+03 3.55206E-03
2.90672E+03 3.66653E-03
2.90768E+03 3.73275E-03
2.90865E+03 3.82791E-03
2.90961E+03 3.92953E-03
2.91058E+03 4.01483E-03
2.91154E+03 4.08582E-03
2.91251E+03 4.16401E-03
2.91347E+03 4.25933E-03
2.91443E+03 4.33867E-03
2.91540E+03 4.35375E-03
2.91636E+03 4.38495E-03
2.91733E+03 4.44466E-03
2.91829E+03 4.43799E-03
2.91926E+03 4.41670E-03
2.92022E+03 4.47235E-03
2.92118E+03 4.54098E-03
2.92215E+03 4.64201E-03
2.92311E+03 4.74304E-03
2.92408E+03 4.76062E-03
2.92504E+03 4.81695E-03
2.92601E+03 4.91253E-03
2.92697E+03 5.01639E-03
2.92794E+03 5.12489E-03
2.92890E+03 5.19529E-03
2.92986E+03 5.26148E-03
2.93083E+03 5.33210E-03
2.93179E+03 5.39191E-03
2.93276E+03 5.41243E-03
2.93372E+03 5.49331E-03
2.93469E+03 5.61773E-03
2.93565E+03 5.59684E-03
2.93662E+03 5.51611E-03
2.93758E+03 5.49385E-03
2.93854E+03 5.48568E-03
2.93951E+03 5.49514E-03
2.94047E+03 5.46461E-03
2.94144E+03 5.37882E-03
2.94240E+03 5.35357E-03
2.94337E+03 5.32283E-03
2.94433E+03 5.27883E-03
2.94530E+03 5.25840E-03
2.94626E+03 5.23715E-03
2.94722E+03 5.27351E-03
2.94819E+03 5.35387E-03
2.94915E+03 5.38053E-03
2.95012E+03 5.42606E-03
2.95108E+03 5.49121E-03
2.95205E+03 5.60375E-03
2.95301E+03 5.77198E-03
2.95397E+03 5.82062E-03
2.95494E+03 5.83075E-03
2.95590E+03 5.92712E-03
2.95687E+03 5.99095E-03
2.95783E+03 6.02530E-03
2.95880E+03 6.08453E-03
2.95976E+03 6.13585E-03
2.96073E+03 6.16552E-03
2.96169E+03 6.14506E-03
2.96265E+03 6.01659E-03
2.96362E+03 5.89113E-03
2.96458E+03 5.92078E-03
2.96555E+03 5.91978E-03
2.96651E+03 5.80847E-03
2.96748E+03 5.65568E-03
2.96844E+03 5.55128E-03
2.96941E+03 5.42355E-03
2.97037E+03 5.27164E-03
2.97133E+03 5.19386E-03
2.97230E+03 5.12623E-03
2.97326E+03 5.01764E-03
2.97423E+03 4.86147E-03
2.97519E+03 4.72184E-03
2.97616E+03 4.68853E-03
2.97712E+03 4.66133E-03
2.97808E+03 4.55664E-03
2.97905E+03 4.52261E-03
2.98001E+03 4.51622E-03
2.98098E+03 4.49445E-03
2.98194E+03 4.51590E-03
2.98291E+03 4.55920E-03
2.98387E+03 4.54501E-03
2.98484E+03 4.51752E-03
2.98580E+03 4.51494E-03
2.98676E+03 4.54077E-03
2.98773E+03 4.58281E-03
2.98869E+03 4.53975E-03
2.98966E+03 4.50547E-03
2.99062E+03 4.48046E-03
2.99159E+03 4.44946E-03
2.99255E+03 4.44613E-03
2.99352E+03 4.39111E-03
2.99448E+03 4.28609E-03
2.99544E+03 4.14464E-03
2.99641E+03 4.00073E-03
2.99737E+03 3.88880E-03
2.99834E+03 3.73857E-03
2.99930E+03 3.58669E-03
3.00027E+03 3.44658E-03
3.00123E+03 3.27788E-03
3.00220E+03 3.10174E-03
3.00316E+03 2.97662E-03
3.00412E+03 2.84096E-03
3.00509E+03 2.65590E-03
3.00605E+03 2.47227E-03
3.00702E+03 2.30550E-03
3.00798E+03 2.14196E-03
3.00895E+03 2.00096E-03
3.00991E+03 1.88671E-03
3.01087E+03 1.75029E-03
3.01184E+03 1.62992E-03
3.01280E+03 1.50106E-03
3.01377E+03 1.42496E-03
3.01473E+03 1.36796E-03
3.01570E+03 1.28788E-03
3.01666E+03 1.21230E-03
3.01763E+03 1.14795E-03
3.01859E+03 1.07985E-03
3.01955E+03 1.01710E-03
3.02052E+03 1.02343E-03
3.02148E+03 1.04612E-03
3.02245E+03 1.03130E-03
3.02341E+03 1.00133E-03
3.02438E+03 1.02760E-03
3.02534E+03 1.02217E-03
3.02631E+03 9.82028E-04
3.02727E+03 1.02208E-03
3.02823E+03 1.09139E-03
3.02920E+03 1.10134E-03
3.03016E+03 1.11984E-03
3.03113E+03 1.17862E-03
3.03209E+03 1.21224E-03
3.03306E+03 1.23683E-03
3.03402E+03 1.30629E-03
3.03498E+03 1.32456E-03
3.03595E+03 1.34418E-03
3.03691E+03 1.46089E-03
3.03788E+03 1.49324E-03
3.03884E+03 1.49556E-03
3.03981E+03 1.57784E-03
3.04077E+03 1.65547E-03
3.04174E+03 1.70361E-03
3.04270E+03 1.77004E-03
3.04366E+03 1.82483E-03
3.04463E+03 1.86566E-03
3.04559E+03 1.89888E-03
3.04656E+03 1.99289E-03
3.04752E+03 2.08621E-03
3.04849E+03 2.11017E-03
3.04945E+03 2.20991E-03
3.05042E+03 2.28173E-03
3.05138E+03 2.33684E-03
3.05234E+03 2.46123E-03
3.05331E+03 2.54935E-03
3.05427E+03 2.63445E-03
3.05524E+03 2.67909E-03
3.05620E+03 2.72804E-03
3.05717E+03 2.83682E-03
3.05813E+03 2.95146E-03
3.05909E+03 3.04989E-03
3.06006E+03 3.14650E-03
3.06102E+03 3.24774E-03
3.06199E+03 3.28860E-03
3.06295E+03 3.37309E-03
3.06392E+03 3.45967E-03
3.06488E+03 3.48647E-03
3.06585E+03 3.56279E-03
3.06681E+03 3.74721E-03
3.06777E+03 3.82484E-03
3.06874E+03 3.82784E-03
3.06970E+03 3.93951E-03
3.07067E+03 4.05742E-03
3.07163E+03 4.17644E-03
3.07260E+03 4.27214E-03
3.07356E+03 4.35784E-03
3.07453E+03 4.46987E-03
3.07549E+03 4.55749E-03
3.07645E+03 4.64049E-03
3.07742E+03 4.74474E-03
3.07838E+03 4.83442E-03
3.07935E+03 4.90821E-03
3.08031E+03 5.01313E-03
3.08128E+03 5.17002E-03
3.08224E+03 5.26506E-03
3.08321E+03 5.33694E-03
3.08417E+03 5.44009E-03
3.08513E+03 5.55756E-03
3.08610E+03 5.68887E-03
3.08706E+03 5.76525E-03
3.08803E+03 5.83469E-03
3.08899E+03 5.92887E-03
3.08996E+03 6.06114E-03
3.09092E+03 6.17060E-03
3.09188E+03 6.32457E-03
3.09285E+03 6.48431E-03
3.09381E+03 6.53056E-03
3.09478E+03 6.62261E-03
3.09574E+03 6.74318E-03
3.09671E+03 6.85631E-03
3.09767E+03 6.96250E-03
3.09864E+03 7.08364E-03
3.09960E+03 7.21666E-03
3.10056E+03 7.34491E-03
3.10153E+03 7.44990E-03
3.10249E+03 7.52832E-03
3.10346E+03 7.64757E-03
3.10442E+03 7.75244E-03
3.10539E+03 7.84466E-03
3.10635E+03 8.00112E-03
3.10732E+03 8.12495E-03
3.10828E+03 8.22587E-03
3.10924E+03 8.35394E-03
3.11021E+03 8.43659E-03
3.11117E+03 8.56449E-03
3.11214E+03 8.72859E-03
3.11310E+03 8.80181E-03
3.11407E+03 8.86485E-03
3.11503E+03 8.99000E-03
3.11599E+03 9.13681E-03
3.11696E+03 9.29299E-03
3.11792E+03 9.42390E-03
3.11889E+03 9.56934E-03
3.11985E+03 9.68717E-03
3.12082E+03 9.74223E-03
3.12178E+03 9.85606E-03
3.12275E+03 1.00311E-02
3.12371E+03 1.01575E-02
3.12467E+03 1.02680E-02
3.12564E+03 1.04252E-02
3.12660E+03 1.05415E-02
3.12757E+03 1.06125E-02
3.12853E+03 1.07279E-02
3.12950E+03 1.08988E-02
3.13046E+03 1.10929E-02
3.13143E+03 1.12035E-02
3.13239E+03 1.13177E-02
3.13335E+03 1.14239E-02
3.13432E+03 1.15053E-02
3.13528E+03 1.16268E-02
3.13625E+03 1.17406E-02
3.13721E+03 1.18994E-02
3.13818E+03 1.20606E-02
3.13914E+03 1.21870E-02
3.14010E+03 1.23128E-02
3.14107E+03 1.24785E-02
3.14203E+03 1.26356E-02
3.14300E+03 1.27686E-02
3.14396E+03 1.29044E-02
3.14493E+03 1.30378E-02
3.14589E+03 1.31706E-02
3.14686E+03 1.32825E-02
3.14782E+03 1.34156E-02
3.14878E+03 1.35833E-02
3.14975E+03 1.37255E-02
3.15071E+03 1.38889E-02
3.15168E+03 1.40600E-02
3.15264E+03 1.42102E-02
3.15361E+03 1.43420E-02
3.15457E+03 1.44754E-02
3.15554E+03 1.46272E-02
3.15650E+03 1.47535E-02
3.15746E+03 1.49155E-02
3.15843E+03 1.50562E-02
3.15939E+03 1.51906E-02
3.16036E+03 1.53317E-02
3.16132E+03 1.54642E-02
3.16229E+03 1.56472E-02
3.16325E+03 1.58150E-02
3.16422E+03 1.59296E-02
3.16518E+03 1.61218E-02
3.16614E+03 1.63110E-02
3.16711E+03 1.64356E-02
3.16807E+03 1.66136E-02
3.16904E+03 1.67922E-02
3.17000E+03 1.69413E-02
3.17097E+03 1.70232E-02
3.17193E+03 1.71467E-02
3.17289E+03 1.73343E-02
3.17386E+03 1.74941E-02
3.17482E+03 1.76214E-02
3.17579E+03 1.77662E-02
3.17675E+03 1.79208E-02
3.17772E+03 1.80308E-02
3.17868E+03 1.81503E-02
3.17965E+03 1.83873E-02
3.18061E+03 1.85878E-02
3.18157E+03 1.86882E-02
3.18254E+03 1.88113E-02
3.18350E+03 1.89333E-02
3.18447E+03 1.90630E-02
3.18543E+03 1.92412E-02
3.18640E+03 1.93752E-02
3.18736E+03 1.94844E-02
3.18833E+03 1.96332E-02
3.18929E+03 1.97705E-02
3.19025E+03 1.98920E-02
3.19122E+03 2.00148E-02
3.19218E+03 2.01788E-02
3.19315E+03 2.03457E-02
3.19411E+03 2.04970E-02
3.19508E+03 2.05868E-02
3.19604E+03 2.07024E-02
3.19700E+03 2.08284E-02
3.19797E+03 2.09290E-02
3.19893E+03 2.10842E-02
3.19990E+03 2.12584E-02
3.20086E+03 2.13838E-02
3.20183E+03 2.14512E-02
3.20279E+03 2.15755E-02
3.20376E+03 2.16908E-02
3.20472E+03 2.17704E-02
3.20568E+03 2.19060E-02
3.20665E+03 2.20645E-02
3.20761E+03 2.21956E-02
3.20858E+03 2.23175E-02
3.20954E+03 2.23910E-02
3.21051E+03 2.24551E-02
3.21147E+03 2.25758E-02
3.21244E+03 2.26671E-02
3.21340E+03 2.27673E-02
3.21436E+03 2.29286E-02
3.21533E+03 2.30053E-02
3.21629E+03 2.30914E-02
3.21726E+03 2.31676E-02
3.21822E+03 2.32174E-02
3.21919E+03 2.34074E-02
3.22015E+03 2.35364E-02
3.22111E+03 2.35812E-02
3.22208E+03 2.36621E-02
3.22304E+03 2.37268E-02
3.22401E+03 2.37651E-02
3.22497E+03 2.38403E-02
3.22594E+03 2.39779E-02
3.22690E+03 2.40764E-02
3.22787E+03 2.41493E-02
3.22883E+03 2.41786E-02
3.22979E+03 2.42071E-02
3.23076E+03 2.43322E-02
3.23172E+03 2.44000E-02
3.23269E+03 2.44434E-02
3.23365E+03 2.45100E-02
3.23462E+03 2.45282E-02
3.23558E+03 2.45703E-02
3.23655E+03 2.46387E-02
3.23751E+03 2.47007E-02
3.23847E+03 2.46867E-02
3.23944E+03 2.46878E-02
3.24040E+03 2.47899E-02
3.24137E+03 2.48309E-02
3.24233E+03 2.48924E-02
3.24330E+03 2.49321E-02
3.24426E+03 2.49734E-02
3.24523E+03 2.50363E-02
3.24619E+03 2.50694E-02
3.24715E+03 2.50874E-02
3.24812E+03 2.50815E-02
3.24908E+03 2.50918E-02
3.25005E+03 2.51261E-02
3.25101E+03 2.51501E-02
3.25198E+03 2.51717E-02
3.25294E+03 2.52042E-02
3.25390E+03 2.52175E-02
3.25487E+03 2.52692E-02
3.25583E+03 2.52557E-02
3.25680E+03 2.52810E-02
3.25776E+03 2.53379E-02
3.25873E+03 2.52853E-02
3.25969E+03 2.52396E-02
3.26066E+03 2.52099E-02
3.26162E+03 2.52392E-02
3.26258E+03 2.53043E-02
3.26355E+03 2.53240E-02
3.26451E+03 2.53053E-02
3.26548E+03 2.53165E-02
3.26644E+03 2.53460E-02
3.26741E+03 2.53125E-02
3.26837E+03 2.52569E-02
3.26934E+03 2.52007E-02
3.27030E+03 2.51894E-02
3.27126E+03 2.51491E-02
3.27223E+03 2.51241E-02
3.27319E+03 2.51569E-02
3.27416E+03 2.51103E-02
3.27512E+03 2.50699E-02
3.27609E+03 2.51081E-02
3.27705E+03 2.50956E-02
3.27802E+03 2.50182E-02
3.27898E+03 2.49378E-02
3.27994E+03 2.48975E-02
3.28091E+03 2.48912E-02
3.28187E+03 2.48737E-02
3.28284E+03 2.48431E-02
3.28380E+03 2.48271E-02
3.28477E+03 2.48055E-02
3.28573E+03 2.47046E-02
3.28669E+03 2.45933E-02
3.28766E+03 2.45748E-02
3.28862E+03 2.46095E-02
3.28959E+03 2.46074E-02
3.29055E+03 2.45168E-02
3.29152E+03 2.44309E-02
3.29248E+03 2.43727E-02
3.29345E+03 2.43078E-02
3.29441E+03 2.42893E-02
3.29537E+03 2.42837E-02
3.29634E+03 2.42207E-02
3.29730E+03 2.40909E-02
3.29827E+03 2.40186E-02
3.29923E+03 2.39492E-02
3.30020E+03 2.39010E-02
3.30116E+03 2.38702E-02
3.30213E+03 2.38379E-02
3.30309E+03 2.37503E-02
3.30405E+03 2.36024E-02
3.30502E+03 2.34790E-02
3.30598E+03 2.34368E-02
3.30695E+03 2.33808E-02
3.30791E+03 2.33121E-02
3.30888E+03 2.32707E-02
3.30984E+03 2.31648E-02
3.31080E+03 2.30528E-02
3.31177E+03 2.29941E-02
3.31273E+03 2.29057E-02
3.31370E+03 2.27465E-02
3.31466E+03 2.27070E-02
3.31563E+03 2.26523E-02
3.31659E+03 2.25349E-02
3.31756E+03 2.24502E-02
3.31852E+03 2.23303E-02
3.31948E+03 2.22571E-02
3.32045E+03 2.21564E-02
3.32141E+03 2.20259E-02
3.32238E+03 2.19650E-02
3.32334E+03 2.18641E-02
3.32431E+03 2.17182E-02
3.32527E+03 2.17057E-02
3.32624E+03 2.16654E-02
3.32720E+03 2.15088E-02
3.32816E+03 2.14472E-02
3.32913E+03 2.13844E-02
3.33009E+03 2.12390E-02
3.33106E+03 2.10780E-02
3.33202E+03 2.09516E-02
3.33299E+03 2.08883E-02
3.33395E+03 2.08246E-02
3.33492E+03 2.06756E-02
3.33588E+03 2.05144E-02
3.33684E+03 2.04353E-02
3.33781E+03 2.03554E-02
3.33877E+03 2.02807E-02
3.33974E+03 2.02300E-02
3.34070E+03 2.01440E-02
3.34167E+03 2.00181E-02
3.34263E+03 1.99273E-02
3.34359E+03 1.98290E-02
3.34456E+03 1.97428E-02
3.34552E+03 1.96684E-02
3.34649E+03 1.95645E-02
3.34745E+03 1.94540E-02
3.34842E+03 1.93127E-02
3.34938E+03 1.91738E-02
3.35035E+03 1.90284E-02
3.35131E+03 1.89579E-02
3.35227E+03 1.88860E-02
3.35324E+03 1.88551E-02
3.35420E+03 1.88275E-02
3.35517E+03 1.87257E-02
3.35613E+03 1.85971E-02
3.35710E+03 1.84194E-02
3.35806E+03 1.83620E-02
3.35903E+03 1.83146E-02
3.35999E+03 1.81923E-02
3.36095E+03 1.80072E-02
3.36192E+03 1.78831E-02
3.36288E+03 1.78835E-02
3.36385E+03 1.77530E-02
3.36481E+03 1.76261E-02
3.36578E+03 1.75778E-02
3.36674E+03 1.74654E-02
3.36770E+03 1.73416E-02
3.36867E+03 1.72192E-02
3.36963E+03 1.70925E-02
3.37060E+03 1.70202E-02
3.37156E+03 1.69353E-02
3.37253E+03 1.68230E-02
3.37349E+03 1.67124E-02
3.37446E+03 1.65659E-02
3.37542E+03 1.64810E-02
3.37638E+03 1.63992E-02
3.37735E+03 1.62749E-02
3.37831E+03 1.62177E-02
3.37928E+03 1.61425E-02
3.38024E+03 1.59935E-02
3.38121E+03 1.58230E-02
3.38217E+03 1.57175E-02
3.38314E+03 1.55996E-02
3.38410E+03 1.54380E-02
3.38506E+03 1.52587E-02
3.38603E+03 1.51660E-02
3.38699E+03 1.50405E-02
3.38796E+03 1.48774E-02
3.38892E+03 1.47962E-02
3.38989E+03 1.46976E-02
3.39085E+03 1.45923E-02
3.39181E+03 1.44900E-02
3.39278E+03 1.43838E-02
3.39374E+03 1.42147E-02
3.39471E+03 1.40729E-02
3.39567E+03 1.39909E-02
3.39664E+03 1.38354E-02
3.39760E+03 1.37035E-02
3.39857E+03 1.35997E-02
3.39953E+03 1.35179E-02
3.40049E+03 1.33964E-02
3.40146E+03 1.32539E-02
3.40242E+03 1.31201E-02
3.40339E+03 1.29941E-02
3.40435E+03 1.28664E-02
3.40532E+03 1.26343E-02
3.40628E+03 1.25014E-02
3.40725E+03 1.23380E-02
3.40821E+03 1.22159E-02
3.40917E+03 1.20942E-02
3.41014E+03 1.19630E-02
3.41110E+03 1.18949E-02
3.41207E+03 1.17440E-02
3.41303E+03 1.14653E-02
3.41400E+03 1.11360E-02
3.41496E+03 1.12896E-02
3.41593E+03 1.14088E-02
3.41689E+03 1.11887E-02
3.41785E+03 1.10525E-02
3.41882E+03 1.08850E-02
3.41978E+03 1.07271E-02
3.42075E+03 1.06303E-02
3.42171E+03 1.05200E-02
3.42268E+03 1.03370E-02
3.42364E+03 1.01819E-02
3.42460E+03 1.01275E-02
3.42557E+03 1.00661E-02
3.42653E+03 9.90800E-03
3.42750E+03 9.76813E-03
3.42846E+03 9.66423E-03
3.42943E+03 9.39697E-03
3.43039E+03 9.27304E-03
3.43136E+03 9.31502E-03
3.43232E+03 9.17087E-03
3.43328E+03 8.95945E-03
3.43425E+03 8.87790E-03
3.43521E+03 8.77260E-03
3.43618E+03 8.60148E-03
3.43714E+03 8.51861E-03
3.43811E+03 8.44007E-03
3.43907E+03 8.36132E-03
3.44004E+03 8.29746E-03
3.44100E+03 8.14480E-03
3.44196E+03 8.01235E-03
3.44293E+03 7.90418E-03
3.44389E+03 7.71121E-03
3.44486E+03 7.54314E-03
3.44582E+03 7.47054E-03
3.44679E+03 7.35202E-03
3.44775E+03 7.15113E-03
3.44871E+03 7.06149E-03
3.44968E+03 6.97166E-03
3.45064E+03 6.84533E-03
3.45161E+03 6.73829E-03
3.45257E+03 6.62969E-03
3.45354E+03 6.51069E-03
3.45450E+03 6.39872E-03
3.45547E+03 6.39484E-03
3.45643E+03 6.32603E-03
3.45739E+03 6.15048E-03
3.45836E+03 6.04431E-03
3.45932E+03 5.94029E-03
3.46029E+03 5.83312E-03
3.46125E+03 5.74229E-03
3.46222E+03 5.67039E-03
3.46318E+03 5.55989E-03
3.46415E+03 5.39687E-03
3.46511E+03 5.27853E-03
3.46607E+03 5.18403E-03
3.46704E+03 5.08122E-03
3.46800E+03 4.94697E-03
3.46897E+03 4.81929E-03
3.46993E+03 4.73027E-03
3.47090E+03 4.64257E-03
3.47186E+03 4.52478E-03
3.47282E+03 4.41864E-03
3.47379E+03 4.33484E-03
3.47475E+03 4.19552E-03
3.47572E+03 4.08421E-03
3.47668E+03 4.05773E-03
3.47765E+03 3.95020E-03
3.47861E+03 3.81518E-03
3.47958E+03 3.74069E-03
3.48054E+03 3.60349E-03
3.48150E+03 3.41444E-03
3.48247E+03 3.36543E-03
3.48343E+03 3.36837E-03
3.48440E+03 3.24206E-03
3.48536E+03 3.12610E-03
3.48633E+03 2.99488E-03
3.48729E+03 2.86030E-03
3.48826E+03 2.76957E-03
3.48922E+03 2.71893E-03
3.49018E+03 2.63673E-03
3.49115E+03 2.54633E-03
3.49211E+03 2.49055E-03
3.49308E+03 2.30953E-03
3.49404E+03 2.16223E-03
3.49501E+03 2.05364E-03
3.49597E+03 1.98178E-03
3.49694E+03 1.98077E-03
3.49790E+03 1.90156E-03
3.49886E+03 1.77000E-03
3.49983E+03 1.65044E-03
3.50079E+03 1.56855E-03
3.50176E+03 1.50634E-03
3.50272E+03 1.45382E-03
3.50369E+03 1.36969E-03
3.50465E+03 1.23693E-03
3.50561E+03 1.08993E-03
3.50658E+03 9.62626E-04
3.50754E+03 8.61723E-04
3.50851E+03 8.24712E-04
3.50947E+03 7.76298E-04
3.51044E+03 7.58674E-04
3.51140E+03 6.90222E-04
3.51237E+03 5.10901E-04
3.51333E+03 3.99772E-04
3.51429E+03 3.01220E-04
3.51526E+03 2.59750E-04
3.51622E+03 2.08966E-04
3.51719E+03 1.33265E-04
3.51815E+03 7.11232E-05
3.51912E+03 -2.28398E-05
3.52008E+03 -9.90853E-05
3.52105E+03 -1.58392E-04
3.52201E+03 -1.97936E-04
3.52297E+03 -2.96962E-04
3.52394E+03 -4.44002E-04
3.52490E+03 -5.13468E-04
3.52587E+03 -5.36364E-04
3.52683E+03 -5.47517E-04
3.52780E+03 -6.06123E-04
3.52876E+03 -6.93906E-04
3.52972E+03 -7.71217E-04
3.53069E+03 -9.10968E-04
3.53165E+03 -1.00596E-03
3.53262E+03 -1.07957E-03
3.53358E+03 -1.11425E-03
3.53455E+03 -1.11293E-03
3.53551E+03 -1.18114E-03
3.53648E+03 -1.24741E-03
3.53744E+03 -1.28080E-03
3.53840E+03 -1.39985E-03
3.53937E+03 -1.48443E-03
3.54033E+03 -1.45008E-03
3.54130E+03 -1.46662E-03
3.54226E+03 -1.53366E-03
3.54323E+03 -1.60674E-03
3.54419E+03 -1.68055E-03
3.54516E+03 -1.77301E-03
3.54612E+03 -1.87359E-03
3.54708E+03 -1.84681E-03
3.54805E+03 -1.89310E-03
3.54901E+03 -2.02397E-03
3.54998E+03 -2.00232E-03
3.55094E+03 -2.00625E-03
3.55191E+03 -2.05110E-03
3.55287E+03 -2.11792E-03
3.55383E+03 -2.17349E-03
3.55480E+03 -2.20406E-03
3.55576E+03 -2.25054E-03
3.55673E+03 -2.28525E-03
3.55769E+03 -2.33933E-03
3.55866E+03 -2.38115E-03
3.55962E+03 -2.35614E-03
3.56059E+03 -2.43488E-03
3.56155E+03 -2.50076E-03
3.56251E+03 -2.51204E-03
3.56348E+03 -2.64557E-03
3.56444E+03 -2.70008E-03
3.56541E+03 -2.66724E-03
3.56637E+03 -2.67525E-03
3.56734E+03 -2.63460E-03
3.56830E+03 -2.66064E-03
3.56927E+03 -2.72312E-03
3.57023E+03 -2.74674E-03
3.57119E+03 -2.75515E-03
3.57216E+03 -2.73555E-03
3.57312E+03 -2.73082E-03
3.57409E+03 -2.70388E-03
3.57505E+03 -2.68095E-03
3.57602E+03 -2.74339E-03
3.57698E+03 -2.81515E-03
3.57795E+03 -2.80031E-03
3.57891E+03 -2.68575E-03
3.57987E+03 -2.57224E-03
3.58084E+03 -2.53361E-03
3.58180E+03 -2.47762E-03
3.58277E+03 -2.47830E-03
3.58373E+03 -2.43656E-03
3.58470E+03 -2.33562E-03
3.58566E+03 -2.27941E-03
3.58662E+03 -2.26437E-03
3.58759E+03 -2.20044E-03
3.58855E+03 -2.13245E-03
3.58952E+03 -2.18249E-03
3.59048E+03 -2.19975E-03
3.59145E+03 -2.18379E-03
3.59241E+03 -2.16823E-03
3.59338E+03 -2.10229E-03
3.59434E+03 -2.09679E-03
3.59530E+03 -2.15904E-03
3.59627E+03 -2.26273E-03
3.59723E+03 -2.43677E-03
3.59820E+03 -2.62671E-03
3.59916E+03 -2.77784E-03
3.60013E+03 -2.91164E-03
3.60109E+03 -3.05306E-03
3.60206E+03 -3.13098E-03
3.60302E+03 -3.17846E-03
3.60398E+03 -3.21101E-03
3.60495E+03 -3.20957E-03
3.60591E+03 -3.24689E-03
3.60688E+03 -3.33574E-03
3.60784E+03 -3.32916E-03
3.60881E+03 -3.27770E-03
3.60977E+03 -3.33650E-03
3.61074E+03 -3.34782E-03
3.61170E+03 -3.32086E-03
3.61266E+03 -3.32997E-03
3.61363E+03 -3.34368E-03
3.61459E+03 -3.40861E-03
3.61556E+03 -3.43947E-03
3.61652E+03 -3.42388E-03
3.61749E+03 -3.33012E-03
3.61845E+03 -3.25271E-03
3.61941E+03 -3.27568E-03
3.62038E+03 -3.26053E-03
3.62134E+03 -3.26394E-03
3.62231E+03 -3.21534E-03
3.62327E+03 -3.18090E-03
3.62424E+03 -3.19480E-03
3.62520E+03 -3.17809E-03
3.62617E+03 -3.20609E-03
3.62713E+03 -3.26085E-03
3.62809E+03 -3.27913E-03
3.62906E+03 -3.24518E-03
3.63002E+03 -3.18936E-03
3.63099E+03 -3.17446E-03
3.63195E+03 -3.24074E-03
3.63292E+03 -3.31896E-03
3.63388E+03 -3.29356E-03
3.63485E+03 -3.21978E-03
3.63581E+03 -3.33437E-03
3.63677E+03 -3.36055E-03
3.63774E+03 -3.23105E-03
3.63870E+03 -3.27281E-03
3.63967E+03 -3.35153E-03
3.64063E+03 -3.28825E-03
3.64160E+03 -3.23106E-03
3.64256E+03 -3.18614E-03
3.64352E+03 -3.14724E-03
3.64449E+03 -3.13262E-03
3.64545E+03 -3.11537E-03
3.64642E+03 -3.10569E-03
3.64738E+03 -3.07441E-03
3.64835E+03 -3.08117E-03
3.64931E+03 -2.95620E-03
3.65028E+03 -2.93183E-03
3.65124E+03 -3.02013E-03
3.65220E+03 -2.97979E-03
3.65317E+03 -2.90143E-03
3.65413E+03 -2.83695E-03
3.65510E+03 -2.83689E-03
3.65606E+03 -2.80371E-03
3.65703E+03 -2.77982E-03
3.65799E+03 -2.84949E-03
3.65896E+03 -2.88555E-03
3.65992E+03 -2.82414E-03
3.66088E+03 -2.74207E-03
3.66185E+03 -2.72331E-03
3.66281E+03 -2.77706E-03
3.66378E+03 -2.85394E-03
3.66474E+03 -2.87694E-03
3.66571E+03 -2.94514E-03
3.66667E+03 -3.02712E-03
3.66764E+03 -3.04565E-03
3.66860E+03 -3.06408E-03
3.66956E+03 -3.07588E-03
3.67053E+03 -3.12337E-03
3.67149E+03 -3.13436E-03
3.67246E+03 -3.14555E-03
3.67342E+03 -3.21290E-03
3.67439E+03 -3.28367E-03
3.67535E+03 -3.35443E-03
3.67631E+03 -3.46552E-03
3.67728E+03 -3.56612E-03
3.67824E+03 -3.59038E-03
3.67921E+03 -3.60925E-03
3.68017E+03 -3.64757E-03
3.68114E+03 -3.75152E-03
3.68210E+03 -3.83077E-03
3.68307E+03 -3.83141E-03
3.68403E+03 -3.80012E-03
3.68499E+03 -3.78473E-03
3.68596E+03 -3.76565E-03
3.68692E+03 -3.70744E-03
3.68789E+03 -3.62561E-03
3.68885E+03 -3.57168E-03
3.68982E+03 -3.55978E-03
3.69078E+03 -3.32225E-03
3.69175E+03 -2.99687E-03
3.69271E+03 -2.64864E-03
3.69367E+03 -2.20850E-03
3.69464E+03 -1.68876E-03
3.69560E+03 -1.18699E-03
3.69657E+03 -6.32469E-04
3.69753E+03 -2.38717E-05
3.69850E+03 4.18499E-04
3.69946E+03 7.51775E-04
3.70042E+03 9.11508E-04
3.70139E+03 8.42340E-04
3.70235E+03 4.40888E-04
3.70332E+03 -1.88153E-04
3.70428E+03 -7.66940E-04
3.70525E+03 -1.35808E-03
3.70621E+03 -2.02924E-03
3.70718E+03 -2.54833E-03
3.70814E+03 -2.89405E-03
3.70910E+03 -3.20634E-03
3.71007E+03 -3.44699E-03
3.71103E+03 -3.57765E-03
3.71200E+03 -3.62321E-03
3.71296E+03 -3.67053E-03
3.71393E+03 -3.77325E-03
3.71489E+03 -3.84501E-03
3.71586E+03 -3.88042E-03
3.71682E+03 -3.91818E-03
3.71778E+03 -3.86814E-03
3.71875E+03 -3.86196E-03
3.71971E+03 -3.90711E-03
3.72068E+03 -3.89172E-03
3.72164E+03 -3.87204E-03
3.72261E+03 -3.91906E-03
3.72357E+03 -3.96401E-03
3.72453E+03 -3.96076E-03
3.72550E+03 -3.98848E-03
3.72646E+03 -3.98291E-03
3.72743E+03 -3.91479E-03
3.72839E+03 -3.93746E-03
3.72936E+03 -4.06704E-03
3.73032E+03 -4.10902E-03
3.73129E+03 -4.06532E-03
3.73225E+03 -4.06527E-03
3.73321E+03 -4.11725E-03
3.73418E+03 -4.07775E-03
3.73514E+03 -4.02731E-03
3.73611E+03 -4.02292E-03
3.73707E+03 -4.01463E-03
3.73804E+03 -4.07336E-03
3.73900E+03 -4.11446E-03
3.73997E+03 -4.18697E-03
3.74093E+03 -4.25168E-03
3.74189E+03 -4.25028E-03
3.74286E+03 -4.24121E-03
3.74382E+03 -4.21803E-03
3.74479E+03 -4.17168E-03
3.74575E+03 -4.24903E-03
3.74672E+03 -4.33917E-03
3.74768E+03 -4.29198E-03
3.74865E+03 -4.26476E-03
3.74961E+03 -4.27014E-03
3.75057E+03 -4.27744E-03
3.75154E+03 -4.31172E-03
3.75250E+03 -4.38939E-03
3.75347E+03 -4.40529E-03
3.75443E+03 -4.40972E-03
3.75540E+03 -4.40807E-03
3.75636E+03 -4.36876E-03
3.75732E+03 -4.29237E-03
3.75829E+03 -4.25168E-03
3.75925E+03 -4.30627E-03
3.76022E+03 -4.36372E-03
3.76118E+03 -4.43355E-03
3.76215E+03 -4.42781E-03
3.76311E+03 -4.33544E-03
3.76408E+03 -4.29803E-03
3.76504E+03 -4.31100E-03
3.76600E+03 -4.34415E-03
3.76697E+03 -4.36674E-03
3.76793E+03 -4.35783E-03
3.76890E+03 -4.35763E-03
3.76986E+03 -4.28908E-03
3.77083E+03 -4.30971E-03
3.77179E+03 -4.42731E-03
3.77276E+03 -4.43376E-03
3.77372E+03 -4.39563E-03
3.77468E+03 -4.35399E-03
3.77565E+03 -4.30651E-03
3.77661E+03 -4.39050E-03
3.77758E+03 -4.48921E-03
3.77854E+03 -4.46093E-03
3.77951E+03 -4.42616E-03
3.78047E+03 -4.39076E-03
3.78143E+03 -4.45506E-03
3.78240E+03 -4.51307E-03
3.78336E+03 -4.48220E-03
3.78433E+03 -4.47145E-03
3.78529E+03 -4.47145E-03
3.78626E+03 -4.44915E-03
3.78722E+03 -4.40636E-03
3.78819E+03 -4.38699E-03
3.78915E+03 -4.39273E-03
3.79011E+03 -4.37026E-03
3.79108E+03 -4.35380E-03
3.79204E+03 -4.43134E-03
3.79301E+03 -4.43537E-03
3.79397E+03 -4.36624E-03
3.79494E+03 -4.34670E-03
3.79590E+03 -4.38436E-03
3.79687E+03 -4.49977E-03
3.79783E+03 -4.59226E-03
3.79879E+03 -4.51760E-03
3.79976E+03 -4.35238E-03
3.80072E+03 -4.29280E-03
3.80169E+03 -4.34365E-03
3.80265E+03 -4.40896E-03
3.80362E+03 -4.42429E-03
3.80458E+03 -4.50608E-03
3.80554E+03 -4.52594E-03
3.80651E+03 -4.48215E-03
3.80747E+03 -4.42190E-03
3.80844E+03 -4.36885E-03
3.80940E+03 -4.42076E-03
3.81037E+03 -4.46634E-03
3.81133E+03 -4.49277E-03
3.81230E+03 -4.51611E-03
3.81326E+03 -4.52885E-03
3.81422E+03 -4.47966E-03
3.81519E+03 -4.46066E-03
3.81615E+03 -4.53393E-03
3.81712E+03 -4.52479E-03
3.81808E+03 -4.57045E-03
3.81905E+03 -4.55832E-03
3.82001E+03 -4.47507E-03
3.82098E+03 -4.54240E-03
3.82194E+03 -4.53274E-03
3.82290E+03 -4.56531E-03
3.82387E+03 -4.59646E-03
3.82483E+03 -4.53397E-03
3.82580E+03 -4.52298E-03
3.82676E+03 -4.53517E-03
3.82773E+03 -4.53943E-03
3.82869E+03 -4.57712E-03
3.82966E+03 -4.59569E-03
3.83062E+03 -4.55167E-03
3.83158E+03 -4.45629E-03
3.83255E+03 -4.43123E-03
3.83351E+03 -4.49919E-03
3.83448E+03 -4.51248E-03
3.83544E+03 -4.47787E-03
3.83641E+03 -4.45012E-03
3.83737E+03 -4.42203E-03
3.83833E+03 -4.33893E-03
3.83930E+03 -4.33828E-03
3.84026E+03 -4.50763E-03
3.84123E+03 -4.58322E-03
3.84219E+03 -4.53538E-03
3.84316E+03 -4.48411E-03
3.84412E+03 -4.45400E-03
3.84509E+03 -4.57821E-03
3.84605E+03 -4.59128E-03
3.84701E+03 -4.52527E-03
3.84798E+03 -4.47244E-03
3.84894E+03 -4.50546E-03
3.84991E+03 -4.54966E-03
3.85087E+03 -4.49585E-03
3.85184E+03 -4.48322E-03
3.85280E+03 -4.44972E-03
3.85377E+03 -4.46947E-03
3.85473E+03 -4.59221E-03
3.85569E+03 -4.63280E-03
3.85666E+03 -4.48806E-03
3.85762E+03 -4.51660E-03
3.85859E+03 -4.54307E-03
3.85955E+03 -4.44493E-03
3.86052E+03 -4.56421E-03
3.86148E+03 -4.67158E-03
3.86244E+03 -4.58716E-03
3.86341E+03 -4.49357E-03
3.86437E+03 -4.50305E-03
3.86534E+03 -4.55382E-03
3.86630E+03 -4.61549E-03
3.86727E+03 -4.63215E-03
3.86823E+03 -4.63872E-03
3.86920E+03 -4.64619E-03
3.87016E+03 -4.60788E-03
3.87112E+03 -4.57351E-03
3.87209E+03 -4.53081E-03
3.87305E+03 -4.59294E-03
3.87402E+03 -4.70967E-03
3.87498E+03 -4.70735E-03
3.87595E+03 -4.59700E-03
3.87691E+03 -4.57701E-03
3.87788E+03 -4.61476E-03
3.87884E+03 -4.57958E-03
3.87980E+03 -4.60055E-03
3.88077E+03 -4.66139E-03
3.88173E+03 -4.61837E-03
3.88270E+03 -4.59303E-03
3.88366E+03 -4.64274E-03
3.88463E+03 -4.65586E-03
3.88559E+03 -4.65207E-03
3.88655E+03 -4.67214E-03
3.88752E+03 -4.71328E-03
3.88848E+03 -4.69242E-03
3.88945E+03 -4.70346E-03
3.89041E+03 -4.73712E-03
3.89138E+03 -4.71514E-03
3.89234E+03 -4.73109E-03
3.89331E+03 -4.67959E-03
3.89427E+03 -4.63551E-03
3.89523E+03 -4.65228E-03
3.89620E+03 -4.60296E-03
3.89716E+03 -4.67031E-03
3.89813E+03 -4.77524E-03
3.89909E+03 -4.72539E-03
3.90006E+03 -4.70977E-03
3.90102E+03 -4.75281E-03
3.90199E+03 -4.65305E-03
3.90295E+03 -4.59574E-03
3.90391E+03 -4.69906E-03
3.90488E+03 -4.73838E-03
3.90584E+03 -4.72752E-03
3.90681E+03 -4.75342E-03
3.90777E+03 -4.73862E-03
3.90874E+03 -4.66910E-03
3.90970E+03 -4.63897E-03
3.91067E+03 -4.75184E-03
3.91163E+03 -4.88479E-03
3.91259E+03 -4.86393E-03
3.91356E+03 -4.75692E-03
3.91452E+03 -4.76386E-03
3.91549E+03 -4.78410E-03
3.91645E+03 -4.68270E-03
3.91742E+03 -4.66681E-03
3.91838E+03 -4.75819E-03
3.91934E+03 -4.81002E-03
3.92031E+03 -4.75797E-03
3.92127E+03 -4.73719E-03
3.92224E+03 -4.76429E-03
3.92320E+03 -4.77000E-03
3.92417E+03 -4.72009E-03
3.92513E+03 -4.67407E-03
3.92610E+03 -4.69190E-03
3.92706E+03 -4.66699E-03
3.92802E+03 -4.64509E-03
3.92899E+03 -4.74678E-03
3.92995E+03 -4.81537E-03
3.93092E+03 -4.81435E-03
3.93188E+03 -4.85720E-03
3.93285E+03 -4.77009E-03
3.93381E+03 -4.65174E-03
3.93478E+03 -4.65009E-03
3.93574E+03 -4.71152E-03
3.93670E+03 -4.86014E-03
3.93767E+03 -4.94956E-03
3.93863E+03 -4.81416E-03
3.93960E+03 -4.68344E-03
3.94056E+03 -4.66722E-03
3.94153E+03 -4.71808E-03
3.94249E+03 -4.77595E-03
3.94346E+03 -4.76127E-03
3.94442E+03 -4.80793E-03
3.94538E+03 -4.79059E-03
3.94635E+03 -4.72864E-03
3.94731E+03 -4.76073E-03
3.94828E+03 -4.70491E-03
3.94924E+03 -4.67453E-03
3.95021E+03 -4.73946E-03
3.95117E+03 -4.75772E-03
3.95213E+03 -4.79225E-03
3.95310E+03 -4.84426E-03
3.95406E+03 -4.84546E-03
3.95503E+03 -4.81709E-03
3.95599E+03 -4.80947E-03
3.95696E+03 -4.78652E-03
3.95792E+03 -4.73580E-03
3.95889E+03 -4.66461E-03
3.95985E+03 -4.71346E-03
3.96081E+03 -4.77077E-03
3.96178E+03 -4.82343E-03
3.96274E+03 -4.85923E-03
3.96371E+03 -4.72450E-03
3.96467E+03 -4.72108E-03
3.96564E+03 -4.81478E-03
3.96660E+03 -4.78347E-03
3.96757E+03 -4.79091E-03
3.96853E+03 -4.82479E-03
3.96949E+03 -4.83950E-03
3.97046E+03 -4.77614E-03
3.97142E+03 -4.74076E-03
3.97239E+03 -4.77685E-03
3.97335E+03 -4.87979E-03
3.97432E+03 -4.92588E-03
3.97528E+03 -4.90180E-03
3.97624E+03 -4.92661E-03
3.97721E+03 -4.90748E-03
3.97817E+03 -4.84491E-03
3.97914E+03 -4.81553E-03
3.98010E+03 -4.82023E-03
3.98107E+03 -4.84737E-03
3.98203E+03 -4.89033E-03
3.98300E+03 -4.79774E-03
3.98396E+03 -4.78270E-03
3.98492E+03 -4.83243E-03
3.98589E+03 -4.87557E-03
3.98685E+03 -4.88093E-03
3.98782E+03 -4.84307E-03
3.98878E+03 -4.84860E-03
3.98975E+03 -4.80210E-03
3.99071E+03 -4.75863E-03
3.99168E+03 -4.77516E-03
3.99264E+03 -4.82367E-03
3.99360E+03 -4.89064E-03
3.99457E+03 -4.91530E-03
3.99553E+03 -4.92033E-03
3.99650E+03 -4.98186E-03
3.99746E+03 -4.94488E-03
3.99843E+03 -4.86875E-03
3.99939E+03 -4.90857E-03
4.00035E+03 -4.97208E-03
4.00132E+03 -4.96888E-03
