# {"full": "H2O:CH3OH:CO2 (0.3:0.7:1)", "name": "H2O:CH3OH:CO2", "ratio": "(0.3:0.7:1)", "url": "https://icedb.strw.leidenuniv.nl/data/49", "author": "Ehrenfreund et al."}
3.99264E+02 -1.92603E-02
4.00228E+02 -2.50029E-02
4.01193E+02 -1.39856E-03
4.02157E+02 2.41921E-03
4.03122E+02 2.26375E-04
4.04086E+02 3.92772E-04
4.05050E+02 3.76567E-04
4.06015E+02 1.81834E-03
4.06979E+02 3.63599E-03
4.07944E+02 8.11342E-04
4.08908E+02 -3.14315E-03
4.09872E+02 -3.54871E-03
4.10837E+02 -7.48528E-03
4.11801E+02 -8.17263E-03
4.12766E+02 -7.22327E-03
4.13730E+02 -8.15336E-03
4.14694E+02 -7.60261E-03
4.15659E+02 -8.58179E-03
4.16623E+02 -1.25141E-02
4.17588E+02 -1.71785E-02
4.18552E+02 -2.13863E-02
4.19516E+02 -3.52209E-02
4.20481E+02 -6.76732E-02
4.21445E+02 -1.30454E-02
4.22410E+02 4.33561E-02
4.23374E+02 1.97535E-02
4.24339E+02 1.30195E-02
4.25303E+02 8.47736E-03
4.26267E+02 6.21677E-03
4.27232E+02 5.09368E-03
4.28196E+02 5.18171E-03
4.29161E+02 2.81763E-03
4.30125E+02 7.48929E-04
4.31089E+02 9.68933E-04
4.32054E+02 6.97270E-04
4.33018E+02 -3.58175E-04
4.33983E+02 -1.95025E-03
4.34947E+02 -2.78590E-03
4.35911E+02 -2.38251E-04
4.36876E+02 1.23635E-04
4.37840E+02 -4.25335E-04
4.38805E+02 -4.00547E-04
4.39769E+02 5.34728E-04
4.40733E+02 1.83240E-03
4.41698E+02 1.05857E-02
4.42662E+02 9.95858E-03
4.43627E+02 -2.29182E-03
4.44591E+02 -3.31568E-03
4.45555E+02 -2.26264E-03
4.46520E+02 -2.34821E-03
4.47484E+02 -2.31957E-03
4.48449E+02 -1.93607E-03
4.49413E+02 -1.67841E-03
4.50377E+02 -1.90317E-03
4.51342E+02 -1.71220E-03
4.52306E+02 -1.04944E-03
4.53271E+02 -1.45583E-03
4.54235E+02 -2.12768E-03
4.55199E+02 -1.96125E-03
4.56164E+02 -1.32095E-03
4.57128E+02 -5.11698E-04
4.58093E+02 -6.69889E-04
4.59057E+02 -6.88698E-04
4.60022E+02 -1.12264E-03
4.60986E+02 -1.58363E-03
4.61950E+02 -2.17111E-03
4.62915E+02 -4.69509E-03
4.63879E+02 -3.01840E-03
4.64844E+02 -3.11211E-05
4.65808E+02 -2.48443E-04
4.66772E+02 -3.43975E-04
4.67737E+02 -5.41020E-04
4.68701E+02 -5.42156E-04
4.69666E+02 -5.71538E-04
4.70630E+02 -1.19621E-03
4.71594E+02 -1.87856E-03
4.72559E+02 -1.60920E-03
4.73523E+02 -1.68054E-03
4.74488E+02 -2.16077E-03
4.75452E+02 -2.73531E-03
4.76416E+02 -3.84974E-03
4.77381E+02 9.95293E-04
4.78345E+02 3.96976E-03
4.79310E+02 1.26952E-03
4.80274E+02 4.29153E-04
4.81238E+02 4.50015E-05
4.82203E+02 -4.16823E-05
4.83167E+02 -1.80040E-04
4.84132E+02 -5.85787E-04
4.85096E+02 -1.03121E-03
4.86060E+02 -8.63992E-04
4.87025E+02 -8.80960E-04
4.87989E+02 -9.62827E-04
4.88954E+02 -7.98196E-04
4.89918E+02 -8.53553E-04
4.90883E+02 -1.04927E-03
4.91847E+02 -8.26437E-04
4.92811E+02 -5.88931E-04
4.93776E+02 -6.85468E-04
4.94740E+02 -6.03925E-04
4.95705E+02 -8.80186E-04
4.96669E+02 -7.98192E-04
4.97633E+02 -2.06429E-03
4.98598E+02 -2.65654E-03
4.99562E+02 -5.07683E-04
5.00527E+02 -1.66450E-04
5.01491E+02 -5.81056E-04
5.02455E+02 -5.05786E-04
5.03420E+02 -5.37984E-04
5.04384E+02 -5.29785E-04
5.05349E+02 -3.46936E-04
5.06313E+02 -2.91638E-04
5.07277E+02 -3.69366E-04
5.08242E+02 -3.62378E-04
5.09206E+02 -3.36647E-04
5.10171E+02 -3.26131E-04
5.11135E+02 -3.32505E-04
5.12099E+02 2.88635E-05
5.13064E+02 2.42520E-04
5.14028E+02 6.20112E-05
5.14993E+02 2.62931E-05
5.15957E+02 1.23404E-04
5.16921E+02 -1.87378E-04
5.17886E+02 -1.62985E-04
5.18850E+02 -5.28548E-04
5.19815E+02 -1.58182E-03
5.20779E+02 -9.18403E-04
5.21743E+02 -2.69834E-04
5.22708E+02 -3.07575E-04
5.23672E+02 -2.05915E-04
5.24637E+02 -2.25611E-04
5.25601E+02 -2.63561E-04
5.26565E+02 -2.36802E-04
5.27530E+02 -5.39422E-06
5.28494E+02 -3.01264E-05
5.29459E+02 -2.93739E-05
5.30423E+02 6.94953E-05
5.31388E+02 4.23826E-05
5.32352E+02 -1.78292E-04
5.33316E+02 6.06962E-05
5.34281E+02 5.01063E-04
5.35245E+02 2.81621E-04
5.36210E+02 2.66705E-04
5.37174E+02 3.02132E-04
5.38138E+02 1.60743E-04
5.39103E+02 1.53989E-04
5.40067E+02 3.59017E-04
5.41032E+02 4.31281E-04
5.41996E+02 1.50938E-04
5.42960E+02 2.35859E-04
5.43925E+02 3.87900E-04
5.44889E+02 3.78564E-04
5.45854E+02 3.76344E-04
5.46818E+02 4.74270E-04
5.47782E+02 4.11518E-04
5.48747E+02 3.62258E-04
5.49711E+02 5.61662E-04
5.50676E+02 5.79789E-04
5.51640E+02 6.47627E-04
5.52604E+02 8.71737E-04
5.53569E+02 1.29420E-03
5.54533E+02 1.75774E-04
5.55498E+02 -9.02083E-04
5.56462E+02 -1.86935E-04
5.57427E+02 2.22202E-04
5.58391E+02 2.40836E-04
5.59355E+02 2.99837E-04
5.60320E+02 5.17603E-04
5.61284E+02 5.37399E-04
5.62249E+02 4.64704E-04
5.63213E+02 5.87039E-04
5.64177E+02 7.25720E-04
5.65142E+02 7.61870E-04
5.66106E+02 7.63781E-04
5.67071E+02 8.54284E-04
5.68035E+02 1.07262E-03
5.68999E+02 8.89249E-04
5.69964E+02 6.64398E-04
5.70928E+02 7.07656E-04
5.71893E+02 8.20726E-04
5.72857E+02 9.19901E-04
5.73821E+02 8.95172E-04
5.74786E+02 7.80165E-04
5.75750E+02 5.67596E-04
5.76715E+02 8.03042E-04
5.77679E+02 1.00538E-03
5.78643E+02 1.25201E-03
5.79608E+02 1.40724E-03
5.80572E+02 1.19455E-03
5.81537E+02 1.18241E-03
5.82501E+02 1.13639E-03
5.83465E+02 1.18651E-03
5.84430E+02 1.27431E-03
5.85394E+02 1.20510E-03
5.86359E+02 1.23079E-03
5.87323E+02 1.32469E-03
5.88287E+02 1.37408E-03
5.89252E+02 1.55989E-03
5.90216E+02 1.62234E-03
5.91181E+02 1.46972E-03
5.92145E+02 1.48834E-03
5.93109E+02 1.56444E-03
5.94074E+02 1.54845E-03
5.95038E+02 1.55689E-03
5.96003E+02 1.54239E-03
5.96967E+02 1.68489E-03
5.97932E+02 1.79309E-03
5.98896E+02 1.76072E-03
5.99860E+02 1.79929E-03
6.00825E+02 1.89488E-03
6.01789E+02 1.99737E-03
6.02754E+02 1.95497E-03
6.03718E+02 1.89517E-03
6.04682E+02 2.03642E-03
6.05647E+02 2.13709E-03
6.06611E+02 2.13748E-03
6.07576E+02 2.22259E-03
6.08540E+02 2.26703E-03
6.09504E+02 2.27217E-03
6.10469E+02 2.73059E-03
6.11433E+02 3.04504E-03
6.12398E+02 2.88922E-03
6.13362E+02 2.92169E-03
6.14326E+02 2.93908E-03
6.15291E+02 2.94004E-03
6.16255E+02 3.03178E-03
6.17220E+02 3.18203E-03
6.18184E+02 3.29675E-03
6.19148E+02 3.37213E-03
6.20113E+02 3.55309E-03
6.21077E+02 3.79148E-03
6.22042E+02 3.94375E-03
6.23006E+02 4.11253E-03
6.23971E+02 4.29234E-03
6.24935E+02 4.48981E-03
6.25899E+02 4.74868E-03
6.26864E+02 5.02995E-03
6.27828E+02 5.28984E-03
6.28793E+02 5.63018E-03
6.29757E+02 6.11868E-03
6.30721E+02 6.73127E-03
6.31686E+02 7.36621E-03
6.32650E+02 7.65513E-03
6.33615E+02 7.99450E-03
6.34579E+02 8.61565E-03
6.35543E+02 9.36095E-03
6.36508E+02 1.02189E-02
6.37472E+02 1.11030E-02
6.38437E+02 1.19182E-02
6.39401E+02 1.28387E-02
6.40365E+02 1.40071E-02
6.41330E+02 1.51667E-02
6.42294E+02 1.61712E-02
6.43259E+02 1.70688E-02
6.44223E+02 1.79748E-02
6.45187E+02 1.87887E-02
6.46152E+02 1.93493E-02
6.47116E+02 1.98431E-02
6.48081E+02 2.01585E-02
6.49045E+02 2.02461E-02
6.50009E+02 2.02436E-02
6.50974E+02 2.02930E-02
6.51938E+02 2.02644E-02
6.52903E+02 2.05589E-02
6.53867E+02 2.14868E-02
6.54831E+02 2.22434E-02
6.55796E+02 2.28643E-02
6.56760E+02 2.32899E-02
6.57725E+02 2.33542E-02
6.58689E+02 2.31303E-02
6.59654E+02 2.25697E-02
6.60618E+02 2.16713E-02
6.61582E+02 2.06256E-02
6.62547E+02 1.93897E-02
6.63511E+02 1.77549E-02
6.64476E+02 1.59965E-02
6.65440E+02 1.41727E-02
6.66404E+02 1.22788E-02
6.67369E+02 1.04580E-02
6.68333E+02 8.74324E-03
6.69298E+02 7.09523E-03
6.70262E+02 5.62551E-03
6.71226E+02 4.32898E-03
6.72191E+02 3.29784E-03
6.73155E+02 2.66375E-03
6.74120E+02 2.39024E-03
6.75084E+02 2.25148E-03
6.76048E+02 2.12450E-03
6.77013E+02 2.10779E-03
6.77977E+02 2.15673E-03
6.78942E+02 2.11690E-03
6.79906E+02 2.11477E-03
6.80870E+02 2.07497E-03
6.81835E+02 2.10851E-03
6.82799E+02 2.11743E-03
6.83764E+02 2.02901E-03
6.84728E+02 1.98761E-03
6.85692E+02 1.98597E-03
6.86657E+02 1.68394E-03
6.87621E+02 1.53887E-03
6.88586E+02 2.40367E-03
6.89550E+02 2.62200E-03
6.90514E+02 2.37476E-03
6.91479E+02 2.41334E-03
6.92443E+02 2.32368E-03
6.93408E+02 2.32793E-03
6.94372E+02 2.36565E-03
6.95337E+02 2.41374E-03
6.96301E+02 2.38437E-03
6.97265E+02 2.40752E-03
6.98230E+02 2.54169E-03
6.99194E+02 2.60753E-03
7.00159E+02 2.27628E-03
7.01123E+02 3.14086E-03
7.02087E+02 4.66483E-03
7.03052E+02 3.88613E-03
7.04016E+02 2.95326E-03
7.04981E+02 2.92974E-03
7.05945E+02 2.52424E-03
7.06909E+02 2.34732E-03
7.07874E+02 2.06405E-03
7.08838E+02 2.37212E-03
7.09803E+02 3.16876E-03
7.10767E+02 2.99843E-03
7.11731E+02 2.78770E-03
7.12696E+02 2.78476E-03
7.13660E+02 2.73282E-03
7.14625E+02 2.73395E-03
7.15589E+02 2.76231E-03
7.16553E+02 2.71811E-03
7.17518E+02 2.63925E-03
7.18482E+02 2.69952E-03
7.19447E+02 2.67926E-03
7.20411E+02 2.63734E-03
7.21375E+02 2.65096E-03
7.22340E+02 2.64320E-03
7.23304E+02 2.69814E-03
7.24269E+02 2.76508E-03
7.25233E+02 2.74993E-03
7.26198E+02 2.72072E-03
7.27162E+02 2.72138E-03
7.28126E+02 2.75648E-03
7.29091E+02 2.68694E-03
7.30055E+02 2.73097E-03
7.31020E+02 2.92329E-03
7.31984E+02 2.89210E-03
7.32948E+02 2.81893E-03
7.33913E+02 2.86064E-03
7.34877E+02 2.85701E-03
7.35842E+02 2.81983E-03
7.36806E+02 2.79172E-03
7.37770E+02 2.81212E-03
7.38735E+02 2.83474E-03
7.39699E+02 2.84698E-03
7.40664E+02 2.84306E-03
7.41628E+02 2.84690E-03
7.42592E+02 2.79021E-03
7.43557E+02 3.07412E-03
7.44521E+02 3.20794E-03
7.45486E+02 2.88744E-03
7.46450E+02 2.83580E-03
7.47414E+02 2.86933E-03
7.48379E+02 2.84585E-03
7.49343E+02 2.83616E-03
7.50308E+02 2.83442E-03
7.51272E+02 2.77392E-03
7.52236E+02 2.79258E-03
7.53201E+02 2.82023E-03
7.54165E+02 2.77571E-03
7.55130E+02 2.78915E-03
7.56094E+02 2.81223E-03
7.57058E+02 2.85822E-03
7.58023E+02 2.89948E-03
7.58987E+02 2.88507E-03
7.59952E+02 2.86144E-03
7.60916E+02 2.87178E-03
7.61880E+02 2.83208E-03
7.62845E+02 2.78169E-03
7.63809E+02 2.85021E-03
7.64774E+02 2.97511E-03
7.65738E+02 2.99871E-03
7.66703E+02 2.87826E-03
7.67667E+02 2.82187E-03
7.68631E+02 2.88275E-03
7.69596E+02 2.89611E-03
7.70560E+02 2.84010E-03
7.71525E+02 2.81708E-03
7.72489E+02 2.83865E-03
7.73453E+02 2.81036E-03
7.74418E+02 2.79191E-03
7.75382E+02 2.77676E-03
7.76347E+02 2.76769E-03
7.77311E+02 2.77736E-03
7.78275E+02 2.79187E-03
7.79240E+02 2.85316E-03
7.80204E+02 2.79618E-03
7.81169E+02 2.79137E-03
7.82133E+02 2.83487E-03
7.83097E+02 2.81016E-03
7.84062E+02 2.78179E-03
7.85026E+02 2.72343E-03
7.85991E+02 2.71693E-03
7.86955E+02 2.72296E-03
7.87919E+02 2.70750E-03
7.88884E+02 2.74469E-03
7.89848E+02 2.71986E-03
7.90813E+02 2.64130E-03
7.91777E+02 2.68910E-03
7.92742E+02 2.72208E-03
7.93706E+02 2.60687E-03
7.94670E+02 2.58819E-03
7.95635E+02 2.63738E-03
7.96599E+02 2.58023E-03
7.97564E+02 2.59511E-03
7.98528E+02 2.61294E-03
7.99492E+02 2.58885E-03
8.00457E+02 2.58019E-03
8.01421E+02 2.60114E-03
8.02386E+02 2.60708E-03
8.03350E+02 2.55766E-03
8.04314E+02 2.49553E-03
8.05279E+02 2.52562E-03
8.06243E+02 2.44462E-03
8.07208E+02 2.43565E-03
8.08172E+02 2.65492E-03
8.09136E+02 2.67701E-03
8.10101E+02 2.60070E-03
8.11065E+02 2.53881E-03
8.12030E+02 2.51595E-03
8.12994E+02 2.53779E-03
8.13958E+02 2.46521E-03
8.14923E+02 2.46859E-03
8.15887E+02 2.50274E-03
8.16852E+02 2.48807E-03
8.17816E+02 2.46050E-03
8.18780E+02 2.41802E-03
8.19745E+02 2.40617E-03
8.20709E+02 2.58805E-03
8.21674E+02 2.63741E-03
8.22638E+02 2.41906E-03
8.23602E+02 2.39725E-03
8.24567E+02 2.37516E-03
8.25531E+02 2.34211E-03
8.26496E+02 2.38315E-03
8.27460E+02 2.38789E-03
8.28424E+02 2.30801E-03
8.29389E+02 2.19483E-03
8.30353E+02 2.15283E-03
8.31318E+02 2.18878E-03
8.32282E+02 2.22870E-03
8.33247E+02 2.20106E-03
8.34211E+02 2.16043E-03
8.35175E+02 2.22748E-03
8.36140E+02 2.22891E-03
8.37104E+02 2.15866E-03
8.38069E+02 2.17058E-03
8.39033E+02 2.22033E-03
8.39997E+02 2.15114E-03
8.40962E+02 2.27040E-03
8.41926E+02 2.15191E-03
8.42891E+02 1.56896E-03
8.43855E+02 1.66489E-03
8.44819E+02 1.87045E-03
8.45784E+02 1.74623E-03
8.46748E+02 1.73314E-03
8.47713E+02 1.76361E-03
8.48677E+02 1.88756E-03
8.49641E+02 1.98703E-03
8.50606E+02 1.92996E-03
8.51570E+02 1.85687E-03
8.52535E+02 1.74025E-03
8.53499E+02 1.67128E-03
8.54463E+02 1.73643E-03
8.55428E+02 1.60395E-03
8.56392E+02 1.56955E-03
8.57357E+02 1.85483E-03
8.58321E+02 1.79772E-03
8.59286E+02 1.86271E-03
8.60250E+02 2.39629E-03
8.61214E+02 1.78945E-03
8.62179E+02 9.57299E-04
8.63143E+02 1.72894E-03
8.64108E+02 2.25877E-03
8.65072E+02 1.79702E-03
8.66036E+02 1.85219E-03
8.67001E+02 1.61696E-03
8.67965E+02 8.43357E-04
8.68930E+02 9.20523E-04
8.69894E+02 1.14462E-03
8.70858E+02 1.16637E-03
8.71823E+02 1.25191E-03
8.72787E+02 1.23121E-03
8.73752E+02 1.09672E-03
8.74716E+02 1.17168E-03
8.75680E+02 1.37699E-03
8.76645E+02 1.35863E-03
8.77609E+02 1.23832E-03
8.78574E+02 1.15274E-03
8.79538E+02 1.13010E-03
8.80502E+02 1.14288E-03
8.81467E+02 1.16675E-03
8.82431E+02 1.12498E-03
8.83396E+02 1.13226E-03
8.84360E+02 1.09199E-03
8.85324E+02 1.03997E-03
8.86289E+02 1.01002E-03
8.87253E+02 1.00507E-03
8.88218E+02 1.01180E-03
8.89182E+02 1.00652E-03
8.90146E+02 9.78094E-04
8.91111E+02 9.07797E-04
8.92075E+02 9.98717E-04
8.93040E+02 1.02021E-03
8.94004E+02 9.46302E-04
8.94969E+02 9.44197E-04
8.95933E+02 9.03793E-04
8.96897E+02 9.29944E-04
8.97862E+02 1.16697E-03
8.98826E+02 9.08349E-04
8.99791E+02 4.98649E-04
9.00755E+02 5.01093E-04
9.01719E+02 5.07642E-04
9.02684E+02 5.22029E-04
9.03648E+02 5.39646E-04
9.04613E+02 5.68107E-04
9.05577E+02 6.01843E-04
9.06541E+02 5.70666E-04
9.07506E+02 5.55381E-04
9.08470E+02 5.80899E-04
9.09435E+02 5.58712E-04
9.10399E+02 5.04188E-04
9.11363E+02 5.04661E-04
9.12328E+02 5.06148E-04
9.13292E+02 3.45964E-04
9.14257E+02 2.68064E-04
9.15221E+02 3.09274E-04
9.16185E+02 3.10712E-04
9.17150E+02 3.81552E-04
9.18114E+02 3.21142E-04
9.19079E+02 5.09392E-04
9.20043E+02 7.26286E-04
9.21007E+02 3.68033E-04
9.21972E+02 2.08955E-04
9.22936E+02 2.01289E-04
9.23901E+02 2.16633E-04
9.24865E+02 1.93570E-04
9.25829E+02 1.29402E-04
9.26794E+02 1.46758E-04
9.27758E+02 7.77692E-05
9.28723E+02 5.06938E-05
9.29687E+02 5.97946E-05
9.30651E+02 6.35572E-05
9.31616E+02 6.31399E-05
9.32580E+02 1.34505E-04
9.33545E+02 -6.10165E-05
9.34509E+02 -2.93210E-04
9.35474E+02 -1.65820E-04
9.36438E+02 -8.97683E-05
9.37402E+02 -1.45070E-04
9.38367E+02 -1.69925E-04
9.39331E+02 -2.11686E-04
9.40296E+02 -5.21637E-04
9.41260E+02 -4.80440E-04
9.42224E+02 -1.26038E-04
9.43189E+02 -1.65895E-04
9.44153E+02 -2.35960E-04
9.45118E+02 -2.14167E-04
9.46082E+02 -2.13902E-04
9.47046E+02 -2.90591E-04
9.48011E+02 -4.19863E-04
9.48975E+02 -3.98040E-04
9.49940E+02 -3.58887E-04
9.50904E+02 -4.18331E-04
9.51868E+02 -4.32733E-04
9.52833E+02 -4.97852E-04
9.53797E+02 -6.08001E-04
9.54762E+02 -2.38318E-04
9.55726E+02 -1.37623E-04
9.56690E+02 -3.74135E-04
9.57655E+02 -3.40998E-04
9.58619E+02 -3.95261E-04
9.59584E+02 -4.31661E-04
9.60548E+02 -4.38601E-04
9.61513E+02 -4.26553E-04
9.62477E+02 -4.33572E-04
9.63441E+02 -4.64708E-04
9.64406E+02 -4.94726E-04
9.65370E+02 -5.28518E-04
9.66335E+02 -5.29215E-04
9.67299E+02 -4.97520E-04
9.68263E+02 -5.29245E-04
9.69228E+02 -6.22433E-04
9.70192E+02 -6.45246E-04
9.71157E+02 -6.37777E-04
9.72121E+02 -6.76326E-04
9.73085E+02 -6.36060E-04
9.74050E+02 -6.26244E-04
9.75014E+02 -4.78253E-04
9.75979E+02 -3.48751E-04
9.76943E+02 -5.91874E-04
9.77907E+02 -6.53803E-04
9.78872E+02 -5.97708E-04
9.79836E+02 -5.90201E-04
9.80801E+02 -5.78996E-04
9.81765E+02 -5.83809E-04
9.82729E+02 -5.79894E-04
9.83694E+02 -5.73527E-04
9.84658E+02 -5.00355E-04
9.85623E+02 -4.30103E-04
9.86587E+02 -3.87605E-04
9.87551E+02 -3.54331E-04
9.88516E+02 -2.96675E-04
9.89480E+02 -2.67897E-04
9.90445E+02 -1.23214E-04
9.91409E+02 5.96531E-05
9.92373E+02 1.48088E-04
9.93338E+02 3.70774E-04
9.94302E+02 7.85936E-04
9.95267E+02 1.13780E-03
9.96231E+02 1.50505E-03
9.97195E+02 2.12687E-03
9.98160E+02 2.61241E-03
9.99124E+02 3.08844E-03
1.00009E+03 3.71653E-03
1.00105E+03 4.40844E-03
1.00202E+03 5.15102E-03
1.00298E+03 5.90259E-03
1.00395E+03 6.51594E-03
1.00491E+03 7.20068E-03
1.00588E+03 8.10191E-03
1.00684E+03 8.96427E-03
1.00780E+03 9.82782E-03
1.00877E+03 1.07038E-02
1.00973E+03 1.14478E-02
1.01070E+03 1.22762E-02
1.01166E+03 1.32811E-02
1.01263E+03 1.40190E-02
1.01359E+03 1.46920E-02
1.01455E+03 1.54503E-02
1.01552E+03 1.62109E-02
1.01648E+03 1.69190E-02
1.01745E+03 1.76675E-02
1.01841E+03 1.85412E-02
1.01938E+03 1.90554E-02
1.02034E+03 1.94436E-02
1.02131E+03 1.98841E-02
1.02227E+03 2.01933E-02
1.02323E+03 2.03722E-02
1.02420E+03 2.04937E-02
1.02516E+03 2.06205E-02
1.02613E+03 2.05012E-02
1.02709E+03 2.02917E-02
1.02806E+03 2.00134E-02
1.02902E+03 1.95237E-02
1.02999E+03 1.89631E-02
1.03095E+03 1.82840E-02
1.03191E+03 1.77918E-02
1.03288E+03 1.73204E-02
1.03384E+03 1.64819E-02
1.03481E+03 1.55757E-02
1.03577E+03 1.46101E-02
1.03674E+03 1.36510E-02
1.03770E+03 1.27638E-02
1.03866E+03 1.17883E-02
1.03963E+03 1.05993E-02
1.04059E+03 9.59978E-03
1.04156E+03 8.67511E-03
1.04252E+03 7.59642E-03
1.04349E+03 6.61535E-03
1.04445E+03 5.72075E-03
1.04542E+03 4.71700E-03
1.04638E+03 3.73346E-03
1.04734E+03 3.14748E-03
1.04831E+03 2.63556E-03
1.04927E+03 2.07945E-03
1.05024E+03 1.56969E-03
1.05120E+03 1.13470E-03
1.05217E+03 8.18446E-04
1.05313E+03 -1.72943E-04
1.05410E+03 -7.04762E-04
1.05506E+03 -4.89306E-04
1.05602E+03 -5.47670E-04
1.05699E+03 -6.49277E-04
1.05795E+03 -7.08863E-04
1.05892E+03 -7.95141E-04
1.05988E+03 -8.37881E-04
1.06085E+03 -6.37155E-04
1.06181E+03 -5.45509E-04
1.06278E+03 -5.57046E-04
1.06374E+03 -6.02979E-04
1.06470E+03 -6.77615E-04
1.06567E+03 -6.90244E-04
1.06663E+03 -6.31213E-04
1.06760E+03 -5.38092E-04
1.06856E+03 -5.42976E-04
1.06953E+03 -6.27954E-04
1.07049E+03 -5.95309E-04
1.07145E+03 -5.52826E-04
1.07242E+03 -5.32795E-04
1.07338E+03 -5.26939E-04
1.07435E+03 -6.78744E-04
1.07531E+03 -6.61995E-04
1.07628E+03 -5.98177E-04
1.07724E+03 -6.41104E-04
1.07821E+03 -6.10460E-04
1.07917E+03 -6.16170E-04
1.08013E+03 -6.35087E-04
1.08110E+03 -6.24489E-04
1.08206E+03 -5.47193E-04
1.08303E+03 -5.12507E-04
1.08399E+03 -5.71590E-04
1.08496E+03 -4.96998E-04
1.08592E+03 -4.84508E-04
1.08689E+03 -3.84141E-04
1.08785E+03 -7.73910E-04
1.08881E+03 -1.21726E-03
1.08978E+03 -8.77496E-04
1.09074E+03 -7.55772E-04
1.09171E+03 -7.46749E-04
1.09267E+03 -5.94400E-04
1.09364E+03 -5.55359E-04
1.09460E+03 -4.56885E-04
1.09556E+03 -3.48635E-04
1.09653E+03 -4.01013E-04
1.09749E+03 -3.34099E-04
1.09846E+03 -2.16801E-04
1.09942E+03 -1.07273E-04
1.10039E+03 6.86198E-06
1.10135E+03 2.41593E-04
1.10232E+03 3.90057E-04
1.10328E+03 2.78562E-04
1.10424E+03 3.42451E-04
1.10521E+03 5.31740E-04
1.10617E+03 6.56035E-04
1.10714E+03 7.79718E-04
1.10810E+03 9.38330E-04
1.10907E+03 9.83875E-04
1.11003E+03 1.06210E-03
1.11100E+03 1.25221E-03
1.11196E+03 1.36051E-03
1.11292E+03 1.39696E-03
1.11389E+03 1.46316E-03
1.11485E+03 1.55470E-03
1.11582E+03 1.61019E-03
1.11678E+03 1.66627E-03
1.11775E+03 1.70751E-03
1.11871E+03 1.74398E-03
1.11968E+03 1.74589E-03
1.12064E+03 1.74017E-03
1.12160E+03 1.75692E-03
1.12257E+03 1.77387E-03
1.12353E+03 1.79069E-03
1.12450E+03 1.78942E-03
1.12546E+03 1.75981E-03
1.12643E+03 1.73013E-03
1.12739E+03 1.69174E-03
1.12835E+03 1.61880E-03
1.12932E+03 1.54025E-03
1.13028E+03 1.51395E-03
1.13125E+03 1.45401E-03
1.13221E+03 1.26904E-03
1.13318E+03 1.10527E-03
1.13414E+03 9.85581E-04
1.13511E+03 8.64990E-04
1.13607E+03 7.45222E-04
1.13703E+03 6.35419E-04
1.13800E+03 4.89507E-04
1.13896E+03 2.98258E-04
1.13993E+03 1.40794E-04
1.14089E+03 9.44361E-06
1.14186E+03 -9.64962E-05
1.14282E+03 -1.79678E-04
1.14379E+03 -3.02680E-04
1.14475E+03 -4.63709E-04
1.14571E+03 -5.29405E-04
1.14668E+03 -5.41523E-04
1.14764E+03 -5.44053E-04
1.14861E+03 -5.51585E-04
1.14957E+03 -5.80888E-04
1.15054E+03 -5.54260E-04
1.15150E+03 -5.45152E-04
1.15246E+03 -5.90179E-04
1.15343E+03 -6.05110E-04
1.15439E+03 -5.45621E-04
1.15536E+03 -5.06639E-04
1.15632E+03 -4.94607E-04
1.15729E+03 -4.78789E-04
1.15825E+03 -4.68053E-04
1.15922E+03 -4.48827E-04
1.16018E+03 -4.57890E-04
1.16114E+03 -4.69171E-04
1.16211E+03 -4.86281E-04
1.16307E+03 -5.16642E-04
1.16404E+03 -5.52852E-04
1.16500E+03 -5.61204E-04
1.16597E+03 -5.50367E-04
1.16693E+03 -5.99753E-04
1.16790E+03 -6.37747E-04
1.16886E+03 -6.32558E-04
1.16982E+03 -6.31064E-04
1.17079E+03 -6.74020E-04
1.17175E+03 -7.13669E-04
1.17272E+03 -7.01059E-04
1.17368E+03 -7.04013E-04
1.17465E+03 -7.42938E-04
1.17561E+03 -7.34985E-04
1.17657E+03 -7.02769E-04
1.17754E+03 -7.09698E-04
1.17850E+03 -6.81497E-04
1.17947E+03 -6.55342E-04
1.18043E+03 -7.23656E-04
1.18140E+03 -7.63029E-04
1.18236E+03 -7.66318E-04
1.18333E+03 -7.70286E-04
1.18429E+03 -7.59661E-04
1.18525E+03 -7.52714E-04
1.18622E+03 -7.44611E-04
1.18718E+03 -7.70405E-04
1.18815E+03 -7.57504E-04
1.18911E+03 -7.49469E-04
1.19008E+03 -7.56003E-04
1.19104E+03 -7.60186E-04
1.19201E+03 -7.53820E-04
1.19297E+03 -7.34571E-04
1.19393E+03 -7.46001E-04
1.19490E+03 -7.41385E-04
1.19586E+03 -7.44432E-04
1.19683E+03 -7.68214E-04
1.19779E+03 -7.85045E-04
1.19876E+03 -7.75840E-04
1.19972E+03 -6.92524E-04
1.20069E+03 -6.78610E-04
1.20165E+03 -7.27378E-04
1.20261E+03 -7.07749E-04
1.20358E+03 -7.15770E-04
1.20454E+03 -7.26882E-04
1.20551E+03 -7.18471E-04
1.20647E+03 -6.97639E-04
1.20744E+03 -7.85504E-04
1.20840E+03 -8.07717E-04
1.20936E+03 -7.35253E-04
1.21033E+03 -7.23980E-04
1.21129E+03 -6.73767E-04
1.21226E+03 -6.86627E-04
1.21322E+03 -7.39019E-04
1.21419E+03 -7.09623E-04
1.21515E+03 -7.03037E-04
1.21612E+03 -7.00042E-04
1.21708E+03 -6.77612E-04
1.21804E+03 -7.13937E-04
1.21901E+03 -7.26402E-04
1.21997E+03 -7.10744E-04
1.22094E+03 -7.09541E-04
1.22190E+03 -7.02299E-04
1.22287E+03 -7.02288E-04
1.22383E+03 -7.42823E-04
1.22480E+03 -7.50359E-04
1.22576E+03 -7.12380E-04
1.22672E+03 -6.78051E-04
1.22769E+03 -6.67490E-04
1.22865E+03 -7.26685E-04
1.22962E+03 -7.44086E-04
1.23058E+03 -6.92513E-04
1.23155E+03 -6.77940E-04
1.23251E+03 -6.65676E-04
1.23347E+03 -7.01915E-04
1.23444E+03 -7.38680E-04
1.23540E+03 -7.25809E-04
1.23637E+03 -7.10357E-04
1.23733E+03 -6.86057E-04
1.23830E+03 -6.96037E-04
1.23926E+03 -7.19130E-04
1.24023E+03 -7.08394E-04
1.24119E+03 -6.92807E-04
1.24215E+03 -7.41683E-04
1.24312E+03 -7.55209E-04
1.24408E+03 -7.47729E-04
1.24505E+03 -7.31491E-04
1.24601E+03 -7.24383E-04
1.24698E+03 -7.61908E-04
1.24794E+03 -7.58946E-04
1.24891E+03 -7.77420E-04
1.24987E+03 -7.60544E-04
1.25083E+03 -7.00660E-04
1.25180E+03 -6.87927E-04
1.25276E+03 -7.03331E-04
1.25373E+03 -7.07123E-04
1.25469E+03 -6.99628E-04
1.25566E+03 -6.86210E-04
1.25662E+03 -7.05227E-04
1.25759E+03 -7.11575E-04
1.25855E+03 -6.97665E-04
1.25951E+03 -6.85267E-04
1.26048E+03 -6.65396E-04
1.26144E+03 -6.87178E-04
1.26241E+03 -6.94592E-04
1.26337E+03 -6.99244E-04
1.26434E+03 -6.82104E-04
1.26530E+03 -6.67889E-04
1.26626E+03 -6.89641E-04
1.26723E+03 -6.71480E-04
1.26819E+03 -6.70560E-04
1.26916E+03 -6.88415E-04
1.27012E+03 -7.00008E-04
1.27109E+03 -7.09157E-04
1.27205E+03 -6.93571E-04
1.27302E+03 -6.97490E-04
1.27398E+03 -7.01956E-04
1.27494E+03 -7.00217E-04
1.27591E+03 -7.05466E-04
1.27687E+03 -7.04233E-04
1.27784E+03 -7.19819E-04
1.27880E+03 -7.18776E-04
1.27977E+03 -6.93519E-04
1.28073E+03 -7.01826E-04
1.28170E+03 -7.19823E-04
1.28266E+03 -7.29572E-04
1.28362E+03 -7.14451E-04
1.28459E+03 -6.62863E-04
1.28555E+03 -6.45243E-04
1.28652E+03 -6.56091E-04
1.28748E+03 -6.64450E-04
1.28845E+03 -6.75250E-04
1.28941E+03 -6.74043E-04
1.29037E+03 -6.60300E-04
1.29134E+03 -6.78413E-04
1.29230E+03 -6.92043E-04
1.29327E+03 -6.77153E-04
1.29423E+03 -6.68369E-04
1.29520E+03 -6.57793E-04
1.29616E+03 -6.41301E-04
1.29713E+03 -6.64838E-04
1.29809E+03 -6.55316E-04
1.29905E+03 -6.46874E-04
1.30002E+03 -6.85491E-04
1.30098E+03 -6.70977E-04
1.30195E+03 -6.57648E-04
1.30291E+03 -6.58043E-04
1.30388E+03 -6.40333E-04
1.30484E+03 -6.56947E-04
1.30581E+03 -6.82823E-04
1.30677E+03 -6.54168E-04
1.30773E+03 -6.42128E-04
1.30870E+03 -6.77150E-04
1.30966E+03 -6.73290E-04
1.31063E+03 -6.19136E-04
1.31159E+03 -6.14770E-04
1.31256E+03 -6.22820E-04
1.31352E+03 -6.06973E-04
1.31448E+03 -6.22228E-04
1.31545E+03 -6.44870E-04
1.31641E+03 -6.09912E-04
1.31738E+03 -5.79756E-04
1.31834E+03 -5.71862E-04
1.31931E+03 -5.92813E-04
1.32027E+03 -6.36086E-04
1.32124E+03 -6.28274E-04
1.32220E+03 -5.75319E-04
1.32316E+03 -5.74220E-04
1.32413E+03 -6.35456E-04
1.32509E+03 -6.70444E-04
1.32606E+03 -6.74948E-04
1.32702E+03 -6.48700E-04
1.32799E+03 -6.28088E-04
1.32895E+03 -6.75879E-04
1.32992E+03 -7.33890E-04
1.33088E+03 -6.08444E-04
1.33184E+03 -5.07180E-04
1.33281E+03 -5.20907E-04
1.33377E+03 -4.97840E-04
1.33474E+03 -4.86989E-04
1.33570E+03 -4.86340E-04
1.33667E+03 -4.54027E-04
1.33763E+03 -4.31757E-04
1.33860E+03 -4.02130E-04
1.33956E+03 -3.65671E-04
1.34052E+03 -3.76694E-04
1.34149E+03 -3.56507E-04
1.34245E+03 -3.37131E-04
1.34342E+03 -3.56976E-04
1.34438E+03 -3.54696E-04
1.34535E+03 -3.42477E-04
1.34631E+03 -3.36885E-04
1.34727E+03 -3.24462E-04
1.34824E+03 -3.24968E-04
1.34920E+03 -3.53534E-04
1.35017E+03 -3.50196E-04
1.35113E+03 -3.34386E-04
1.35210E+03 -3.54085E-04
1.35306E+03 -3.41658E-04
1.35403E+03 -3.35284E-04
1.35499E+03 -3.49119E-04
1.35595E+03 -3.67548E-04
1.35692E+03 -3.93655E-04
1.35788E+03 -3.87028E-04
1.35885E+03 -3.57442E-04
1.35981E+03 -3.56894E-04
1.36078E+03 -3.76545E-04
1.36174E+03 -3.74191E-04
1.36271E+03 -3.61998E-04
1.36367E+03 -3.54763E-04
1.36463E+03 -3.16985E-04
1.36560E+03 -2.84992E-04
1.36656E+03 -2.80242E-04
1.36753E+03 -2.79248E-04
1.36849E+03 -2.57004E-04
1.36946E+03 -2.20459E-04
1.37042E+03 -2.08605E-04
1.37138E+03 -1.65414E-04
1.37235E+03 -1.32807E-04
1.37331E+03 -1.23579E-04
1.37428E+03 -1.01369E-04
1.37524E+03 -6.40452E-05
1.37621E+03 5.73695E-07
1.37717E+03 2.70456E-05
1.37814E+03 7.35447E-05
1.37910E+03 1.76895E-04
1.38006E+03 2.44033E-04
1.38103E+03 2.97118E-04
1.38199E+03 3.70838E-04
1.38296E+03 3.77126E-04
1.38392E+03 3.65008E-04
1.38489E+03 3.77379E-04
1.38585E+03 3.90388E-04
1.38682E+03 4.10270E-04
1.38778E+03 4.80510E-04
1.38874E+03 5.59110E-04
1.38971E+03 6.12877E-04
1.39067E+03 6.61559E-04
1.39164E+03 7.15461E-04
1.39260E+03 7.78619E-04
1.39357E+03 8.08265E-04
1.39453E+03 8.80744E-04
1.39550E+03 9.74029E-04
1.39646E+03 1.03536E-03
1.39742E+03 1.11547E-03
1.39839E+03 1.18481E-03
1.39935E+03 1.23323E-03
1.40032E+03 1.29595E-03
1.40128E+03 1.38987E-03
1.40225E+03 1.45493E-03
1.40321E+03 1.55704E-03
1.40417E+03 1.61299E-03
1.40514E+03 1.60636E-03
1.40610E+03 1.71811E-03
1.40707E+03 1.76476E-03
1.40803E+03 1.78220E-03
1.40900E+03 1.83580E-03
1.40996E+03 1.87352E-03
1.41093E+03 1.94206E-03
1.41189E+03 1.96370E-03
1.41285E+03 1.99063E-03
1.41382E+03 2.07721E-03
1.41478E+03 2.10316E-03
1.41575E+03 2.12383E-03
1.41671E+03 2.14699E-03
1.41768E+03 2.16567E-03
1.41864E+03 2.18173E-03
1.41961E+03 2.16468E-03
1.42057E+03 2.16886E-03
1.42153E+03 2.19684E-03
1.42250E+03 2.21411E-03
1.42346E+03 2.22031E-03
1.42443E+03 2.20680E-03
1.42539E+03 2.17014E-03
1.42636E+03 2.17453E-03
1.42732E+03 2.18641E-03
1.42828E+03 2.14496E-03
1.42925E+03 2.09450E-03
1.43021E+03 2.09044E-03
1.43118E+03 2.06191E-03
1.43214E+03 2.01212E-03
1.43311E+03 2.00061E-03
1.43407E+03 1.99515E-03
1.43504E+03 1.97944E-03
1.43600E+03 1.91707E-03
1.43696E+03 1.87084E-03
1.43793E+03 1.86812E-03
1.43889E+03 1.86890E-03
1.43986E+03 1.91098E-03
1.44082E+03 1.99472E-03
1.44179E+03 2.06248E-03
1.44275E+03 2.14811E-03
1.44372E+03 2.21703E-03
1.44468E+03 2.26839E-03
1.44564E+03 2.34572E-03
1.44661E+03 2.36006E-03
1.44757E+03 2.36518E-03
1.44854E+03 2.39220E-03
1.44950E+03 2.41233E-03
1.45047E+03 2.44582E-03
1.45143E+03 2.44900E-03
1.45240E+03 2.44959E-03
1.45336E+03 2.48935E-03
1.45432E+03 2.52020E-03
1.45529E+03 2.56568E-03
1.45625E+03 2.64795E-03
1.45722E+03 2.76709E-03
1.45818E+03 2.88669E-03
1.45915E+03 3.01665E-03
1.46011E+03 3.13207E-03
1.46107E+03 3.25532E-03
1.46204E+03 3.39210E-03
1.46300E+03 3.43281E-03
1.46397E+03 3.45296E-03
1.46493E+03 3.42511E-03
1.46590E+03 3.34394E-03
1.46686E+03 3.24502E-03
1.46783E+03 3.10493E-03
1.46879E+03 2.99488E-03
1.46975E+03 2.89308E-03
1.47072E+03 2.85704E-03
1.47168E+03 2.91862E-03
1.47265E+03 3.08840E-03
1.47361E+03 3.32949E-03
1.47458E+03 3.55383E-03
1.47554E+03 3.72742E-03
1.47651E+03 3.80232E-03
1.47747E+03 3.77052E-03
1.47843E+03 3.65336E-03
1.47940E+03 3.52916E-03
1.48036E+03 3.37133E-03
1.48133E+03 3.12978E-03
1.48229E+03 2.87911E-03
1.48326E+03 2.63583E-03
1.48422E+03 2.38894E-03
1.48518E+03 2.16176E-03
1.48615E+03 1.94446E-03
1.48711E+03 1.69371E-03
1.48808E+03 1.48504E-03
1.48904E+03 1.30764E-03
1.49001E+03 1.12910E-03
1.49097E+03 9.74234E-04
1.49194E+03 8.11115E-04
1.49290E+03 6.70534E-04
1.49386E+03 5.30887E-04
1.49483E+03 4.11328E-04
1.49579E+03 3.19887E-04
1.49676E+03 2.18280E-04
1.49772E+03 1.43137E-04
1.49869E+03 7.82423E-05
1.49965E+03 -2.60770E-06
1.50062E+03 -4.00692E-05
1.50158E+03 -7.68341E-05
1.50254E+03 -1.26917E-04
1.50351E+03 -1.64080E-04
1.50447E+03 -2.13023E-04
1.50544E+03 -2.36768E-04
1.50640E+03 -2.67040E-04
1.50737E+03 -3.04684E-04
1.50833E+03 -3.49883E-04
1.50929E+03 -4.00059E-04
1.51026E+03 -4.26270E-04
1.51122E+03 -4.30938E-04
1.51219E+03 -4.12960E-04
1.51315E+03 -4.29500E-04
1.51412E+03 -4.68425E-04
1.51508E+03 -5.11799E-04
1.51605E+03 -5.27591E-04
1.51701E+03 -5.40990E-04
1.51797E+03 -5.55281E-04
1.51894E+03 -5.49946E-04
1.51990E+03 -5.42354E-04
1.52087E+03 -5.32113E-04
1.52183E+03 -5.47580E-04
1.52280E+03 -5.61733E-04
1.52376E+03 -5.67939E-04
1.52473E+03 -5.68859E-04
1.52569E+03 -5.75393E-04
1.52665E+03 -5.88693E-04
1.52762E+03 -6.02420E-04
1.52858E+03 -6.17001E-04
1.52955E+03 -6.35043E-04
1.53051E+03 -6.50369E-04
1.53148E+03 -6.38407E-04
1.53244E+03 -6.09454E-04
1.53341E+03 -6.12579E-04
1.53437E+03 -6.26128E-04
1.53533E+03 -6.11894E-04
1.53630E+03 -6.20641E-04
1.53726E+03 -6.39722E-04
1.53823E+03 -6.36641E-04
1.53919E+03 -6.57503E-04
1.54016E+03 -6.71357E-04
1.54112E+03 -6.71323E-04
1.54208E+03 -6.92476E-04
1.54305E+03 -7.00921E-04
1.54401E+03 -6.78379E-04
1.54498E+03 -6.47280E-04
1.54594E+03 -6.66853E-04
1.54691E+03 -7.06974E-04
1.54787E+03 -7.28287E-04
1.54884E+03 -7.11840E-04
1.54980E+03 -7.24193E-04
1.55076E+03 -7.46988E-04
1.55173E+03 -7.35287E-04
1.55269E+03 -7.05902E-04
1.55366E+03 -6.67524E-04
1.55462E+03 -6.63970E-04
1.55559E+03 -6.76837E-04
1.55655E+03 -6.93474E-04
1.55752E+03 -6.74054E-04
1.55848E+03 -6.63839E-04
1.55944E+03 -6.79545E-04
1.56041E+03 -7.05007E-04
1.56137E+03 -7.39552E-04
1.56234E+03 -7.42592E-04
1.56330E+03 -7.41471E-04
1.56427E+03 -7.14701E-04
1.56523E+03 -7.22758E-04
1.56619E+03 -7.55172E-04
1.56716E+03 -7.53034E-04
1.56812E+03 -7.62057E-04
1.56909E+03 -7.58648E-04
1.57005E+03 -7.37406E-04
1.57102E+03 -7.16060E-04
1.57198E+03 -7.52613E-04
1.57295E+03 -7.69954E-04
1.57391E+03 -7.61982E-04
1.57487E+03 -7.77069E-04
1.57584E+03 -7.59073E-04
1.57680E+03 -7.57795E-04
1.57777E+03 -8.08980E-04
1.57873E+03 -8.34607E-04
1.57970E+03 -8.16915E-04
1.58066E+03 -8.13909E-04
1.58163E+03 -8.21311E-04
1.58259E+03 -8.24146E-04
1.58355E+03 -8.18297E-04
1.58452E+03 -7.94541E-04
1.58548E+03 -7.89721E-04
1.58645E+03 -8.15596E-04
1.58741E+03 -8.22905E-04
1.58838E+03 -7.99928E-04
1.58934E+03 -8.03489E-04
1.59031E+03 -8.28363E-04
1.59127E+03 -8.30598E-04
1.59223E+03 -8.37829E-04
1.59320E+03 -8.56407E-04
1.59416E+03 -8.51747E-04
1.59513E+03 -8.41044E-04
1.59609E+03 -8.33575E-04
1.59706E+03 -8.08589E-04
1.59802E+03 -7.78843E-04
1.59898E+03 -8.11767E-04
1.59995E+03 -8.40928E-04
1.60091E+03 -8.11893E-04
1.60188E+03 -8.19232E-04
1.60284E+03 -8.34949E-04
1.60381E+03 -8.33433E-04
1.60477E+03 -8.03415E-04
1.60574E+03 -7.89449E-04
1.60670E+03 -8.00975E-04
1.60766E+03 -8.04726E-04
1.60863E+03 -7.82106E-04
1.60959E+03 -7.39675E-04
1.61056E+03 -7.27799E-04
1.61152E+03 -7.27158E-04
1.61249E+03 -7.06792E-04
1.61345E+03 -6.99710E-04
1.61442E+03 -7.13773E-04
1.61538E+03 -6.97043E-04
1.61634E+03 -6.48957E-04
1.61731E+03 -6.59600E-04
1.61827E+03 -6.53245E-04
1.61924E+03 -6.08046E-04
1.62020E+03 -5.99440E-04
1.62117E+03 -5.79163E-04
1.62213E+03 -5.70305E-04
1.62309E+03 -5.51067E-04
1.62406E+03 -5.10395E-04
1.62502E+03 -4.74293E-04
1.62599E+03 -4.46714E-04
1.62695E+03 -4.05792E-04
1.62792E+03 -3.78788E-04
1.62888E+03 -3.56250E-04
1.62985E+03 -3.07608E-04
1.63081E+03 -2.76878E-04
1.63177E+03 -2.56974E-04
1.63274E+03 -2.32372E-04
1.63370E+03 -1.89286E-04
1.63467E+03 -1.19835E-04
1.63563E+03 -5.22919E-05
1.63660E+03 -4.10490E-05
1.63756E+03 -2.46912E-05
1.63853E+03 4.40814E-05
1.63949E+03 7.33063E-05
1.64045E+03 8.58419E-05
1.64142E+03 1.07713E-04
1.64238E+03 1.29659E-04
1.64335E+03 1.19641E-04
1.64431E+03 1.01496E-04
1.64528E+03 1.14009E-04
1.64624E+03 1.21437E-04
1.64720E+03 1.12083E-04
1.64817E+03 8.64714E-05
1.64913E+03 7.45617E-05
1.65010E+03 8.80025E-05
1.65106E+03 8.38265E-05
1.65203E+03 6.29723E-05
1.65299E+03 6.03236E-05
1.65396E+03 3.40603E-05
1.65492E+03 -1.37836E-05
1.65588E+03 -2.50265E-05
1.65685E+03 -3.76441E-05
1.65781E+03 -7.34925E-05
1.65878E+03 -9.09492E-05
1.65974E+03 -8.76561E-05
1.66071E+03 -1.17857E-04
1.66167E+03 -1.58425E-04
1.66264E+03 -1.77022E-04
1.66360E+03 -1.85341E-04
1.66456E+03 -2.00357E-04
1.66553E+03 -2.55134E-04
1.66649E+03 -2.76726E-04
1.66746E+03 -2.40810E-04
1.66842E+03 -2.21752E-04
1.66939E+03 -2.45951E-04
1.67035E+03 -2.81367E-04
1.67132E+03 -3.00504E-04
1.67228E+03 -3.18535E-04
1.67324E+03 -3.44466E-04
1.67421E+03 -3.67928E-04
1.67517E+03 -3.74649E-04
1.67614E+03 -3.82807E-04
1.67710E+03 -4.02994E-04
1.67807E+03 -4.27581E-04
1.67903E+03 -4.49173E-04
1.67999E+03 -4.76271E-04
1.68096E+03 -5.00552E-04
1.68192E+03 -5.27803E-04
1.68289E+03 -5.55407E-04
1.68385E+03 -5.59773E-04
1.68482E+03 -5.50244E-04
1.68578E+03 -5.52047E-04
1.68675E+03 -6.24325E-04
1.68771E+03 -6.90557E-04
1.68867E+03 -6.89656E-04
1.68964E+03 -7.18579E-04
1.69060E+03 -7.74741E-04
1.69157E+03 -7.82397E-04
1.69253E+03 -7.80795E-04
1.69350E+03 -7.93677E-04
1.69446E+03 -8.47895E-04
1.69543E+03 -8.75987E-04
1.69639E+03 -8.80841E-04
1.69735E+03 -9.27474E-04
1.69832E+03 -9.64746E-04
1.69928E+03 -9.82080E-04
1.70025E+03 -9.75966E-04
1.70121E+03 -1.00120E-03
1.70218E+03 -1.04464E-03
1.70314E+03 -1.04728E-03
1.70410E+03 -1.05394E-03
1.70507E+03 -1.09386E-03
1.70603E+03 -1.13832E-03
1.70700E+03 -1.14742E-03
1.70796E+03 -1.15281E-03
1.70893E+03 -1.19886E-03
1.70989E+03 -1.21563E-03
1.71086E+03 -1.22264E-03
1.71182E+03 -1.27142E-03
1.71278E+03 -1.28886E-03
1.71375E+03 -1.26301E-03
1.71471E+03 -1.29553E-03
1.71568E+03 -1.32627E-03
1.71664E+03 -1.32570E-03
1.71761E+03 -1.33787E-03
1.71857E+03 -1.37757E-03
1.71954E+03 -1.41386E-03
1.72050E+03 -1.42726E-03
1.72146E+03 -1.44826E-03
1.72243E+03 -1.45793E-03
1.72339E+03 -1.48911E-03
1.72436E+03 -1.51080E-03
1.72532E+03 -1.49447E-03
1.72629E+03 -1.50741E-03
1.72725E+03 -1.52165E-03
1.72822E+03 -1.52707E-03
1.72918E+03 -1.52151E-03
1.73014E+03 -1.54052E-03
1.73111E+03 -1.56418E-03
1.73207E+03 -1.57249E-03
1.73304E+03 -1.53780E-03
1.73400E+03 -1.54343E-03
1.73497E+03 -1.54238E-03
1.73593E+03 -1.56791E-03
1.73689E+03 -1.77765E-03
1.73786E+03 -1.76470E-03
1.73882E+03 -1.69644E-03
1.73979E+03 -1.72973E-03
1.74075E+03 -1.73132E-03
1.74172E+03 -1.72212E-03
1.74268E+03 -1.70456E-03
1.74365E+03 -1.72656E-03
1.74461E+03 -1.72191E-03
1.74557E+03 -1.71126E-03
1.74654E+03 -1.71586E-03
1.74750E+03 -1.72983E-03
1.74847E+03 -1.75514E-03
1.74943E+03 -1.74926E-03
1.75040E+03 -1.73914E-03
1.75136E+03 -1.75535E-03
1.75233E+03 -1.78038E-03
1.75329E+03 -1.80173E-03
1.75425E+03 -1.81596E-03
1.75522E+03 -1.80926E-03
1.75618E+03 -1.81432E-03
1.75715E+03 -1.84043E-03
1.75811E+03 -1.83788E-03
1.75908E+03 -1.83396E-03
1.76004E+03 -1.81825E-03
1.76100E+03 -1.82326E-03
1.76197E+03 -1.84310E-03
1.76293E+03 -1.83122E-03
1.76390E+03 -1.85466E-03
1.76486E+03 -1.88491E-03
1.76583E+03 -1.90965E-03
1.76679E+03 -1.89833E-03
1.76776E+03 -1.84690E-03
1.76872E+03 -1.83073E-03
1.76968E+03 -1.82876E-03
1.77065E+03 -1.86668E-03
1.77161E+03 -1.89898E-03
1.77258E+03 -1.91167E-03
1.77354E+03 -1.91729E-03
1.77451E+03 -1.90472E-03
1.77547E+03 -1.90294E-03
1.77644E+03 -1.92090E-03
1.77740E+03 -1.94469E-03
1.77836E+03 -1.96541E-03
1.77933E+03 -1.97214E-03
1.78029E+03 -1.97155E-03
1.78126E+03 -1.98034E-03
1.78222E+03 -1.96437E-03
1.78319E+03 -1.95684E-03
1.78415E+03 -1.96536E-03
1.78511E+03 -1.94902E-03
1.78608E+03 -1.96031E-03
1.78704E+03 -1.99471E-03
1.78801E+03 -2.01478E-03
1.78897E+03 -2.01686E-03
1.78994E+03 -2.00889E-03
1.79090E+03 -1.99315E-03
1.79187E+03 -2.00883E-03
1.79283E+03 -2.03778E-03
1.79379E+03 -2.02346E-03
1.79476E+03 -2.00673E-03
1.79572E+03 -2.04208E-03
1.79669E+03 -2.05604E-03
1.79765E+03 -2.03829E-03
1.79862E+03 -2.04543E-03
1.79958E+03 -2.04324E-03
1.80055E+03 -2.03527E-03
1.80151E+03 -2.01896E-03
1.80247E+03 -2.03026E-03
1.80344E+03 -2.05635E-03
1.80440E+03 -2.06729E-03
1.80537E+03 -2.07180E-03
1.80633E+03 -2.07590E-03
1.80730E+03 -2.09353E-03
1.80826E+03 -2.08990E-03
1.80923E+03 -2.07525E-03
1.81019E+03 -2.06153E-03
1.81115E+03 -2.07293E-03
1.81212E+03 -2.10816E-03
1.81308E+03 -2.11386E-03
1.81405E+03 -2.10480E-03
1.81501E+03 -2.08573E-03
1.81598E+03 -2.09734E-03
1.81694E+03 -2.10071E-03
1.81790E+03 -2.08246E-03
1.81887E+03 -2.12010E-03
1.81983E+03 -2.10931E-03
1.82080E+03 -2.09447E-03
1.82176E+03 -2.12180E-03
1.82273E+03 -2.10898E-03
1.82369E+03 -2.11567E-03
1.82466E+03 -2.13743E-03
1.82562E+03 -2.14152E-03
1.82658E+03 -2.13666E-03
1.82755E+03 -2.12109E-03
1.82851E+03 -2.10394E-03
1.82948E+03 -2.12495E-03
1.83044E+03 -2.15074E-03
1.83141E+03 -2.14397E-03
1.83237E+03 -2.15722E-03
1.83334E+03 -2.19893E-03
1.83430E+03 -2.20564E-03
1.83526E+03 -2.17148E-03
1.83623E+03 -2.15200E-03
1.83719E+03 -2.15741E-03
1.83816E+03 -2.16004E-03
1.83912E+03 -2.15939E-03
1.84009E+03 -2.16373E-03
1.84105E+03 -2.15676E-03
1.84201E+03 -2.15647E-03
1.84298E+03 -2.15857E-03
1.84394E+03 -2.18837E-03
1.84491E+03 -2.21637E-03
1.84587E+03 -2.18970E-03
1.84684E+03 -2.18213E-03
1.84780E+03 -2.18848E-03
1.84877E+03 -2.19777E-03
1.84973E+03 -2.19207E-03
1.85069E+03 -2.18252E-03
1.85166E+03 -2.18041E-03
1.85262E+03 -2.19565E-03
1.85359E+03 -2.20086E-03
1.85455E+03 -2.19400E-03
1.85552E+03 -2.20864E-03
1.85648E+03 -2.19599E-03
1.85745E+03 -2.21110E-03
1.85841E+03 -2.23152E-03
1.85937E+03 -2.23599E-03
1.86034E+03 -2.23364E-03
1.86130E+03 -2.22953E-03
1.86227E+03 -2.23773E-03
1.86323E+03 -2.22300E-03
1.86420E+03 -2.20998E-03
1.86516E+03 -2.21809E-03
1.86612E+03 -2.23446E-03
1.86709E+03 -2.26844E-03
1.86805E+03 -2.27988E-03
1.86902E+03 -2.27106E-03
1.86998E+03 -2.26208E-03
1.87095E+03 -2.24733E-03
1.87191E+03 -2.26299E-03
1.87288E+03 -2.27974E-03
1.87384E+03 -2.26165E-03
1.87480E+03 -2.26501E-03
1.87577E+03 -2.29629E-03
1.87673E+03 -2.29345E-03
1.87770E+03 -2.26302E-03
1.87866E+03 -2.26225E-03
1.87963E+03 -2.27904E-03
1.88059E+03 -2.29415E-03
1.88156E+03 -2.27446E-03
1.88252E+03 -2.24524E-03
1.88348E+03 -2.25754E-03
1.88445E+03 -2.28808E-03
1.88541E+03 -2.29727E-03
1.88638E+03 -2.28389E-03
1.88734E+03 -2.29493E-03
1.88831E+03 -2.30607E-03
1.88927E+03 -2.31572E-03
1.89024E+03 -2.31378E-03
1.89120E+03 -2.31714E-03
1.89216E+03 -2.32304E-03
1.89313E+03 -2.31938E-03
1.89409E+03 -2.33106E-03
1.89506E+03 -2.33176E-03
1.89602E+03 -2.34361E-03
1.89699E+03 -2.35714E-03
1.89795E+03 -2.35097E-03
1.89891E+03 -2.33736E-03
1.89988E+03 -2.33125E-03
1.90084E+03 -2.32751E-03
1.90181E+03 -2.34356E-03
1.90277E+03 -2.35767E-03
1.90374E+03 -2.33686E-03
1.90470E+03 -2.32527E-03
1.90567E+03 -2.33307E-03
1.90663E+03 -2.35797E-03
1.90759E+03 -2.36502E-03
1.90856E+03 -2.36721E-03
1.90952E+03 -2.38228E-03
1.91049E+03 -2.37640E-03
1.91145E+03 -2.37304E-03
1.91242E+03 -2.37433E-03
1.91338E+03 -2.37196E-03
1.91435E+03 -2.38167E-03
1.91531E+03 -2.36575E-03
1.91627E+03 -2.35438E-03
1.91724E+03 -2.35369E-03
1.91820E+03 -2.35201E-03
1.91917E+03 -2.36518E-03
1.92013E+03 -2.38498E-03
1.92110E+03 -2.36812E-03
1.92206E+03 -2.34737E-03
1.92303E+03 -2.35557E-03
1.92399E+03 -2.34849E-03
1.92495E+03 -2.35536E-03
1.92592E+03 -2.37614E-03
1.92688E+03 -2.38202E-03
1.92785E+03 -2.39254E-03
1.92881E+03 -2.38115E-03
1.92978E+03 -2.34942E-03
1.93074E+03 -2.37386E-03
1.93170E+03 -2.40460E-03
1.93267E+03 -2.39366E-03
1.93363E+03 -2.38264E-03
1.93460E+03 -2.37782E-03
1.93556E+03 -2.37149E-03
1.93653E+03 -2.39083E-03
1.93749E+03 -2.37534E-03
1.93846E+03 -2.36970E-03
1.93942E+03 -2.40302E-03
1.94038E+03 -2.38740E-03
1.94135E+03 -2.36462E-03
1.94231E+03 -2.37992E-03
1.94328E+03 -2.39745E-03
1.94424E+03 -2.39535E-03
1.94521E+03 -2.40086E-03
1.94617E+03 -2.40383E-03
1.94714E+03 -2.41157E-03
1.94810E+03 -2.41615E-03
1.94906E+03 -2.41214E-03
1.95003E+03 -2.41655E-03
1.95099E+03 -2.40481E-03
1.95196E+03 -2.42066E-03
1.95292E+03 -2.43340E-03
1.95389E+03 -2.42650E-03
1.95485E+03 -2.43000E-03
1.95581E+03 -2.41309E-03
1.95678E+03 -2.42011E-03
1.95774E+03 -2.44002E-03
1.95871E+03 -2.44201E-03
1.95967E+03 -2.42661E-03
1.96064E+03 -2.41686E-03
1.96160E+03 -2.42712E-03
1.96257E+03 -2.41299E-03
1.96353E+03 -2.41484E-03
1.96449E+03 -2.42166E-03
1.96546E+03 -2.41148E-03
1.96642E+03 -2.43406E-03
1.96739E+03 -2.45525E-03
1.96835E+03 -2.44579E-03
1.96932E+03 -2.43924E-03
1.97028E+03 -2.44024E-03
1.97125E+03 -2.43450E-03
1.97221E+03 -2.42398E-03
1.97317E+03 -2.40913E-03
1.97414E+03 -2.42322E-03
1.97510E+03 -2.41913E-03
1.97607E+03 -2.39310E-03
1.97703E+03 -2.40144E-03
1.97800E+03 -2.41024E-03
1.97896E+03 -2.40516E-03
1.97992E+03 -2.40633E-03
1.98089E+03 -2.42111E-03
1.98185E+03 -2.40447E-03
1.98282E+03 -2.37908E-03
1.98378E+03 -2.36740E-03
1.98475E+03 -2.36601E-03
1.98571E+03 -2.38386E-03
1.98668E+03 -2.37416E-03
1.98764E+03 -2.35980E-03
1.98860E+03 -2.36538E-03
1.98957E+03 -2.36487E-03
1.99053E+03 -2.37228E-03
1.99150E+03 -2.37587E-03
1.99246E+03 -2.37251E-03
1.99343E+03 -2.36652E-03
1.99439E+03 -2.37099E-03
1.99536E+03 -2.35357E-03
1.99632E+03 -2.34574E-03
1.99728E+03 -2.36261E-03
1.99825E+03 -2.35667E-03
1.99921E+03 -2.34006E-03
2.00018E+03 -2.32773E-03
2.00114E+03 -2.34693E-03
2.00211E+03 -2.34846E-03
2.00307E+03 -2.32722E-03
2.00404E+03 -2.31194E-03
2.00500E+03 -2.30530E-03
2.00596E+03 -2.32017E-03
2.00693E+03 -2.33694E-03
2.00789E+03 -2.33725E-03
2.00886E+03 -2.35362E-03
2.00982E+03 -2.36100E-03
2.01079E+03 -2.33237E-03
2.01175E+03 -2.30172E-03
2.01271E+03 -2.29460E-03
2.01368E+03 -2.29993E-03
2.01464E+03 -2.28905E-03
2.01561E+03 -2.28237E-03
2.01657E+03 -2.30741E-03
2.01754E+03 -2.29722E-03
2.01850E+03 -2.27905E-03
2.01947E+03 -2.27107E-03
2.02043E+03 -2.28136E-03
2.02139E+03 -2.28713E-03
2.02236E+03 -2.27795E-03
2.02332E+03 -2.28637E-03
2.02429E+03 -2.28677E-03
2.02525E+03 -2.27911E-03
2.02622E+03 -2.25960E-03
2.02718E+03 -2.23248E-03
2.02815E+03 -2.23538E-03
2.02911E+03 -2.24504E-03
2.03007E+03 -2.24295E-03
2.03104E+03 -2.24135E-03
2.03200E+03 -2.24528E-03
2.03297E+03 -2.25988E-03
2.03393E+03 -2.23907E-03
2.03490E+03 -2.20555E-03
2.03586E+03 -2.20729E-03
2.03682E+03 -2.22468E-03
2.03779E+03 -2.22425E-03
2.03875E+03 -2.23314E-03
2.03972E+03 -2.22559E-03
2.04068E+03 -2.22972E-03
2.04165E+03 -2.26434E-03
2.04261E+03 -2.26006E-03
2.04358E+03 -2.24790E-03
2.04454E+03 -2.26852E-03
2.04550E+03 -2.29121E-03
2.04647E+03 -2.30391E-03
2.04743E+03 -2.29220E-03
2.04840E+03 -2.28835E-03
2.04936E+03 -2.30210E-03
2.05033E+03 -2.30319E-03
2.05129E+03 -2.29567E-03
2.05226E+03 -2.31894E-03
2.05322E+03 -2.36023E-03
2.05418E+03 -2.35629E-03
2.05515E+03 -2.33731E-03
2.05611E+03 -2.35613E-03
2.05708E+03 -2.39893E-03
2.05804E+03 -2.41406E-03
2.05901E+03 -2.40876E-03
2.05997E+03 -2.42371E-03
2.06094E+03 -2.42820E-03
2.06190E+03 -2.41993E-03
2.06286E+03 -2.41427E-03
2.06383E+03 -2.40206E-03
2.06479E+03 -2.41030E-03
2.06576E+03 -2.42449E-03
2.06672E+03 -2.42954E-03
2.06769E+03 -2.43061E-03
2.06865E+03 -2.43744E-03
2.06961E+03 -2.46644E-03
2.07058E+03 -2.46717E-03
2.07154E+03 -2.46724E-03
2.07251E+03 -2.50288E-03
2.07347E+03 -2.52647E-03
2.07444E+03 -2.51703E-03
2.07540E+03 -2.51612E-03
2.07637E+03 -2.52019E-03
2.07733E+03 -2.53610E-03
2.07829E+03 -2.55495E-03
2.07926E+03 -2.54364E-03
2.08022E+03 -2.56129E-03
2.08119E+03 -2.56021E-03
2.08215E+03 -2.54882E-03
2.08312E+03 -2.57921E-03
2.08408E+03 -2.59928E-03
2.08505E+03 -2.59443E-03
2.08601E+03 -2.58561E-03
2.08697E+03 -2.60995E-03
2.08794E+03 -2.61892E-03
2.08890E+03 -2.59941E-03
2.08987E+03 -2.60626E-03
2.09083E+03 -2.61472E-03
2.09180E+03 -2.63153E-03
2.09276E+03 -2.64658E-03
2.09372E+03 -2.62570E-03
2.09469E+03 -2.62159E-03
2.09565E+03 -2.62112E-03
2.09662E+03 -2.62435E-03
2.09758E+03 -2.63554E-03
2.09855E+03 -2.64743E-03
2.09951E+03 -2.66432E-03
2.10048E+03 -2.68028E-03
2.10144E+03 -2.68232E-03
2.10240E+03 -2.66489E-03
2.10337E+03 -2.65883E-03
2.10433E+03 -2.67204E-03
2.10530E+03 -2.68881E-03
2.10626E+03 -2.68691E-03
2.10723E+03 -2.67824E-03
2.10819E+03 -2.68317E-03
2.10916E+03 -2.68585E-03
2.11012E+03 -2.69354E-03
2.11108E+03 -2.71515E-03
2.11205E+03 -2.71133E-03
2.11301E+03 -2.71428E-03
2.11398E+03 -2.72531E-03
2.11494E+03 -2.72763E-03
2.11591E+03 -2.72682E-03
2.11687E+03 -2.71472E-03
2.11783E+03 -2.70476E-03
2.11880E+03 -2.70227E-03
2.11976E+03 -2.69011E-03
2.12073E+03 -2.69612E-03
2.12169E+03 -2.70349E-03
2.12266E+03 -2.70083E-03
2.12362E+03 -2.71369E-03
2.12459E+03 -2.73129E-03
2.12555E+03 -2.72448E-03
2.12651E+03 -2.70942E-03
2.12748E+03 -2.70864E-03
2.12844E+03 -2.69933E-03
2.12941E+03 -2.70496E-03
2.13037E+03 -2.71089E-03
2.13134E+03 -2.70747E-03
2.13230E+03 -2.72295E-03
2.13327E+03 -2.72568E-03
2.13423E+03 -2.71192E-03
2.13519E+03 -2.71748E-03
2.13616E+03 -2.72143E-03
2.13712E+03 -2.73288E-03
2.13809E+03 -2.75809E-03
2.13905E+03 -2.74308E-03
2.14002E+03 -2.72629E-03
2.14098E+03 -2.72290E-03
2.14195E+03 -2.72697E-03
2.14291E+03 -2.74677E-03
2.14387E+03 -2.75339E-03
2.14484E+03 -2.75988E-03
2.14580E+03 -2.76303E-03
2.14677E+03 -2.75559E-03
2.14773E+03 -2.75435E-03
2.14870E+03 -2.77814E-03
2.14966E+03 -2.78907E-03
2.15062E+03 -2.78591E-03
2.15159E+03 -2.78206E-03
2.15255E+03 -2.75958E-03
2.15352E+03 -2.73816E-03
2.15448E+03 -2.73540E-03
2.15545E+03 -2.72829E-03
2.15641E+03 -2.71349E-03
2.15738E+03 -2.74628E-03
2.15834E+03 -2.76171E-03
2.15930E+03 -2.75240E-03
2.16027E+03 -2.77170E-03
2.16123E+03 -2.76058E-03
2.16220E+03 -2.76100E-03
2.16316E+03 -2.78917E-03
2.16413E+03 -2.76459E-03
2.16509E+03 -2.72139E-03
2.16606E+03 -2.72811E-03
2.16702E+03 -2.76804E-03
2.16798E+03 -2.77900E-03
2.16895E+03 -2.77558E-03
2.16991E+03 -2.76215E-03
2.17088E+03 -2.76570E-03
2.17184E+03 -2.77206E-03
2.17281E+03 -2.75027E-03
2.17377E+03 -2.75902E-03
2.17473E+03 -2.79500E-03
2.17570E+03 -2.79621E-03
2.17666E+03 -2.77566E-03
2.17763E+03 -2.77766E-03
2.17859E+03 -2.79129E-03
2.17956E+03 -2.77854E-03
2.18052E+03 -2.75832E-03
2.18149E+03 -2.77041E-03
2.18245E+03 -2.78493E-03
2.18341E+03 -2.78068E-03
2.18438E+03 -2.77735E-03
2.18534E+03 -2.77597E-03
2.18631E+03 -2.76172E-03
2.18727E+03 -2.75670E-03
2.18824E+03 -2.78268E-03
2.18920E+03 -2.81160E-03
2.19017E+03 -2.78470E-03
2.19113E+03 -2.77345E-03
2.19209E+03 -2.78896E-03
2.19306E+03 -2.79582E-03
2.19402E+03 -2.81840E-03
2.19499E+03 -2.81353E-03
2.19595E+03 -2.78827E-03
2.19692E+03 -2.84480E-03
2.19788E+03 -2.89525E-03
2.19884E+03 -2.85964E-03
2.19981E+03 -2.81872E-03
2.20077E+03 -2.82854E-03
2.20174E+03 -2.83697E-03
2.20270E+03 -2.84182E-03
2.20367E+03 -2.85104E-03
2.20463E+03 -2.82666E-03
2.20560E+03 -2.80076E-03
2.20656E+03 -2.79796E-03
2.20752E+03 -2.80469E-03
2.20849E+03 -2.82975E-03
2.20945E+03 -2.83591E-03
2.21042E+03 -2.80420E-03
2.21138E+03 -2.79170E-03
2.21235E+03 -2.77327E-03
2.21331E+03 -2.76992E-03
2.21428E+03 -2.79849E-03
2.21524E+03 -2.80229E-03
2.21620E+03 -2.79137E-03
2.21717E+03 -2.79001E-03
2.21813E+03 -2.78751E-03
2.21910E+03 -2.78478E-03
2.22006E+03 -2.77463E-03
2.22103E+03 -2.78424E-03
2.22199E+03 -2.77829E-03
2.22296E+03 -2.78775E-03
2.22392E+03 -2.79963E-03
2.22488E+03 -2.78701E-03
2.22585E+03 -2.78701E-03
2.22681E+03 -2.79260E-03
2.22778E+03 -2.80384E-03
2.22874E+03 -2.80168E-03
2.22971E+03 -2.81521E-03
2.23067E+03 -2.82825E-03
2.23163E+03 -2.82818E-03
2.23260E+03 -2.83428E-03
2.23356E+03 -2.83136E-03
2.23453E+03 -2.84622E-03
2.23549E+03 -2.86223E-03
2.23646E+03 -2.85523E-03
2.23742E+03 -2.85465E-03
2.23839E+03 -2.86468E-03
2.23935E+03 -2.85928E-03
2.24031E+03 -2.84242E-03
2.24128E+03 -2.87885E-03
2.24224E+03 -2.91644E-03
2.24321E+03 -2.91558E-03
2.24417E+03 -2.93384E-03
2.24514E+03 -2.94823E-03
2.24610E+03 -2.93772E-03
2.24707E+03 -2.92477E-03
2.24803E+03 -2.94468E-03
2.24899E+03 -2.98181E-03
2.24996E+03 -3.00677E-03
2.25092E+03 -3.00293E-03
2.25189E+03 -2.99993E-03
2.25285E+03 -3.01072E-03
2.25382E+03 -3.00658E-03
2.25478E+03 -3.02702E-03
2.25574E+03 -3.05244E-03
2.25671E+03 -3.04522E-03
2.25767E+03 -3.05892E-03
2.25864E+03 -3.09522E-03
2.25960E+03 -3.11909E-03
2.26057E+03 -3.13094E-03
2.26153E+03 -3.14822E-03
2.26250E+03 -3.15847E-03
2.26346E+03 -3.15616E-03
2.26442E+03 -3.17745E-03
2.26539E+03 -3.18432E-03
2.26635E+03 -3.17838E-03
2.26732E+03 -3.18370E-03
2.26828E+03 -3.16251E-03
2.26925E+03 -3.09251E-03
2.27021E+03 -2.91307E-03
2.27118E+03 -2.54255E-03
2.27214E+03 -1.93168E-03
2.27310E+03 -9.83234E-04
2.27407E+03 2.00588E-04
2.27503E+03 1.26883E-03
2.27600E+03 2.00850E-03
2.27696E+03 2.26872E-03
2.27793E+03 1.97458E-03
2.27889E+03 1.27005E-03
2.27986E+03 3.44552E-04
2.28082E+03 -5.93986E-04
2.28178E+03 -1.44719E-03
2.28275E+03 -2.15653E-03
2.28371E+03 -2.64395E-03
2.28468E+03 -2.96088E-03
2.28564E+03 -3.17431E-03
2.28661E+03 -3.31825E-03
2.28757E+03 -3.42179E-03
2.28853E+03 -3.47750E-03
2.28950E+03 -3.50839E-03
2.29046E+03 -3.52824E-03
2.29143E+03 -3.51240E-03
2.29239E+03 -3.51403E-03
2.29336E+03 -3.54797E-03
2.29432E+03 -3.56694E-03
2.29529E+03 -3.55835E-03
2.29625E+03 -3.55927E-03
2.29721E+03 -3.55714E-03
2.29818E+03 -3.53605E-03
2.29914E+03 -3.52541E-03
2.30011E+03 -3.52453E-03
2.30107E+03 -3.50808E-03
2.30204E+03 -3.49951E-03
2.30300E+03 -3.49507E-03
2.30397E+03 -3.45512E-03
2.30493E+03 -3.43920E-03
2.30589E+03 -3.42274E-03
2.30686E+03 -3.39325E-03
2.30782E+03 -3.41121E-03
2.30879E+03 -3.43610E-03
2.30975E+03 -3.44550E-03
2.31072E+03 -3.45367E-03
2.31168E+03 -3.46540E-03
2.31265E+03 -3.46800E-03
2.31361E+03 -3.44675E-03
2.31457E+03 -3.43810E-03
2.31554E+03 -3.40501E-03
2.31650E+03 -3.29560E-03
2.31747E+03 -3.09391E-03
2.31843E+03 -2.74405E-03
2.31940E+03 -2.18290E-03
2.32036E+03 -1.45955E-03
2.32132E+03 -5.27665E-04
2.32229E+03 5.26518E-04
2.32325E+03 1.80220E-03
2.32422E+03 3.80239E-03
2.32518E+03 8.03554E-03
2.32615E+03 1.68179E-02
2.32711E+03 3.17320E-02
2.32808E+03 5.13044E-02
2.32904E+03 7.21130E-02
2.33000E+03 9.13293E-02
2.33097E+03 1.07755E-01
2.33193E+03 1.21364E-01
2.33290E+03 1.32439E-01
2.33386E+03 1.41431E-01
2.33483E+03 1.48683E-01
2.33579E+03 1.54560E-01
2.33676E+03 1.59109E-01
2.33772E+03 1.62272E-01
2.33868E+03 1.63732E-01
2.33965E+03 1.63343E-01
2.34061E+03 1.60978E-01
2.34158E+03 1.56805E-01
2.34254E+03 1.51121E-01
2.34351E+03 1.44344E-01
2.34447E+03 1.36902E-01
2.34543E+03 1.29136E-01
2.34640E+03 1.21292E-01
2.34736E+03 1.13628E-01
2.34833E+03 1.06265E-01
2.34929E+03 9.92904E-02
2.35026E+03 9.27296E-02
2.35122E+03 8.65522E-02
2.35219E+03 8.06909E-02
2.35315E+03 7.51431E-02
2.35411E+03 6.99174E-02
2.35508E+03 6.49227E-02
2.35604E+03 6.01062E-02
2.35701E+03 5.54737E-02
2.35797E+03 5.09541E-02
2.35894E+03 4.65094E-02
2.35990E+03 4.21488E-02
2.36087E+03 3.78176E-02
2.36183E+03 3.34921E-02
2.36279E+03 2.91742E-02
2.36376E+03 2.49076E-02
2.36472E+03 2.07251E-02
2.36569E+03 1.67352E-02
2.36665E+03 1.30518E-02
2.36762E+03 9.80632E-03
2.36858E+03 7.12320E-03
2.36954E+03 5.05974E-03
2.37051E+03 3.56606E-03
2.37147E+03 2.47697E-03
2.37244E+03 1.72950E-03
2.37340E+03 1.22530E-03
2.37437E+03 8.41606E-04
2.37533E+03 5.70048E-04
2.37630E+03 3.49227E-04
2.37726E+03 1.22610E-04
2.37822E+03 -7.00988E-05
2.37919E+03 -1.98204E-04
2.38015E+03 -2.83092E-04
2.38112E+03 -3.79886E-04
2.38208E+03 -4.66403E-04
2.38305E+03 -5.40216E-04
2.38401E+03 -6.30181E-04
2.38498E+03 -6.97497E-04
2.38594E+03 -7.58383E-04
2.38690E+03 -8.29075E-04
2.38787E+03 -8.65322E-04
2.38883E+03 -9.23116E-04
2.38980E+03 -9.83305E-04
2.39076E+03 -1.04075E-03
2.39173E+03 -1.08974E-03
2.39269E+03 -1.11509E-03
2.39366E+03 -1.17370E-03
2.39462E+03 -1.22222E-03
2.39558E+03 -1.24534E-03
2.39655E+03 -1.28595E-03
2.39751E+03 -1.33137E-03
2.39848E+03 -1.34733E-03
2.39944E+03 -1.34654E-03
2.40041E+03 -1.39435E-03
2.40137E+03 -1.46193E-03
2.40233E+03 -1.50352E-03
2.40330E+03 -1.51540E-03
2.40426E+03 -1.49914E-03
2.40523E+03 -1.52412E-03
2.40619E+03 -1.57846E-03
2.40716E+03 -1.60966E-03
2.40812E+03 -1.63254E-03
2.40909E+03 -1.62832E-03
2.41005E+03 -1.62831E-03
2.41101E+03 -1.65620E-03
2.41198E+03 -1.68118E-03
2.41294E+03 -1.69710E-03
2.41391E+03 -1.71407E-03
2.41487E+03 -1.73626E-03
2.41584E+03 -1.74020E-03
2.41680E+03 -1.75342E-03
2.41777E+03 -1.79706E-03
2.41873E+03 -1.79869E-03
2.41969E+03 -1.78151E-03
2.42066E+03 -1.78245E-03
2.42162E+03 -1.80682E-03
2.42259E+03 -1.84225E-03
2.42355E+03 -1.82767E-03
2.42452E+03 -1.83015E-03
2.42548E+03 -1.85131E-03
2.42644E+03 -1.85795E-03
2.42741E+03 -1.86695E-03
2.42837E+03 -1.89598E-03
2.42934E+03 -1.90803E-03
2.43030E+03 -1.89411E-03
2.43127E+03 -1.91013E-03
2.43223E+03 -1.94884E-03
2.43320E+03 -1.95771E-03
2.43416E+03 -1.96514E-03
2.43512E+03 -1.98253E-03
2.43609E+03 -1.99978E-03
2.43705E+03 -2.03073E-03
2.43802E+03 -2.03311E-03
2.43898E+03 -2.01599E-03
2.43995E+03 -2.03337E-03
2.44091E+03 -2.04755E-03
2.44188E+03 -2.05401E-03
2.44284E+03 -2.10054E-03
2.44380E+03 -2.12021E-03
2.44477E+03 -2.11407E-03
2.44573E+03 -2.13587E-03
2.44670E+03 -2.17246E-03
2.44766E+03 -2.17633E-03
2.44863E+03 -2.13377E-03
2.44959E+03 -2.12353E-03
2.45055E+03 -2.17773E-03
2.45152E+03 -2.20619E-03
2.45248E+03 -2.20424E-03
2.45345E+03 -2.22423E-03
2.45441E+03 -2.23507E-03
2.45538E+03 -2.24762E-03
2.45634E+03 -2.27411E-03
2.45731E+03 -2.28513E-03
2.45827E+03 -2.28238E-03
2.45923E+03 -2.28098E-03
2.46020E+03 -2.31192E-03
2.46116E+03 -2.34753E-03
2.46213E+03 -2.37161E-03
2.46309E+03 -2.40015E-03
2.46406E+03 -2.41691E-03
2.46502E+03 -2.42895E-03
2.46599E+03 -2.43849E-03
2.46695E+03 -2.45257E-03
2.46791E+03 -2.46713E-03
2.46888E+03 -2.46961E-03
2.46984E+03 -2.45371E-03
2.47081E+03 -2.47176E-03
2.47177E+03 -2.50624E-03
2.47274E+03 -2.50975E-03
2.47370E+03 -2.51715E-03
2.47467E+03 -2.52622E-03
2.47563E+03 -2.52941E-03
2.47659E+03 -2.51797E-03
2.47756E+03 -2.52908E-03
2.47852E+03 -2.57596E-03
2.47949E+03 -2.58362E-03
2.48045E+03 -2.57523E-03
2.48142E+03 -2.59421E-03
2.48238E+03 -2.57600E-03
2.48334E+03 -2.54650E-03
2.48431E+03 -2.56221E-03
2.48527E+03 -2.58246E-03
2.48624E+03 -2.58075E-03
2.48720E+03 -2.57812E-03
2.48817E+03 -2.55214E-03
2.48913E+03 -2.52355E-03
2.49010E+03 -2.53149E-03
2.49106E+03 -2.52690E-03
2.49202E+03 -2.50253E-03
2.49299E+03 -2.50320E-03
2.49395E+03 -2.50778E-03
2.49492E+03 -2.49457E-03
2.49588E+03 -2.49027E-03
2.49685E+03 -2.48438E-03
2.49781E+03 -2.45326E-03
2.49878E+03 -2.43764E-03
2.49974E+03 -2.42203E-03
2.50070E+03 -2.40248E-03
2.50167E+03 -2.40864E-03
2.50263E+03 -2.39483E-03
2.50360E+03 -2.37977E-03
2.50456E+03 -2.36513E-03
2.50553E+03 -2.35103E-03
2.50649E+03 -2.34277E-03
2.50745E+03 -2.29998E-03
2.50842E+03 -2.29666E-03
2.50938E+03 -2.30122E-03
2.51035E+03 -2.26957E-03
2.51131E+03 -2.30129E-03
2.51228E+03 -2.32111E-03
2.51324E+03 -2.28081E-03
2.51421E+03 -2.26467E-03
2.51517E+03 -2.26712E-03
2.51613E+03 -2.26820E-03
2.51710E+03 -2.25487E-03
2.51806E+03 -2.23787E-03
2.51903E+03 -2.25516E-03
2.51999E+03 -2.27213E-03
2.52096E+03 -2.26435E-03
2.52192E+03 -2.25032E-03
2.52289E+03 -2.23534E-03
2.52385E+03 -2.22975E-03
2.52481E+03 -2.21974E-03
2.52578E+03 -2.22676E-03
2.52674E+03 -2.25503E-03
2.52771E+03 -2.25556E-03
2.52867E+03 -2.24951E-03
2.52964E+03 -2.25739E-03
2.53060E+03 -2.27429E-03
2.53156E+03 -2.27238E-03
2.53253E+03 -2.26216E-03
2.53349E+03 -2.29203E-03
2.53446E+03 -2.32346E-03
2.53542E+03 -2.34955E-03
2.53639E+03 -2.36113E-03
2.53735E+03 -2.34030E-03
2.53832E+03 -2.32784E-03
2.53928E+03 -2.33945E-03
2.54024E+03 -2.35423E-03
2.54121E+03 -2.36911E-03
2.54217E+03 -2.41796E-03
2.54314E+03 -2.46002E-03
2.54410E+03 -2.46957E-03
2.54507E+03 -2.45945E-03
2.54603E+03 -2.43880E-03
2.54700E+03 -2.46256E-03
2.54796E+03 -2.49233E-03
2.54892E+03 -2.50946E-03
2.54989E+03 -2.53269E-03
2.55085E+03 -2.54425E-03
2.55182E+03 -2.57443E-03
2.55278E+03 -2.61049E-03
2.55375E+03 -2.62130E-03
2.55471E+03 -2.61574E-03
2.55568E+03 -2.61845E-03
2.55664E+03 -2.63827E-03
2.55760E+03 -2.64692E-03
2.55857E+03 -2.64458E-03
2.55953E+03 -2.64825E-03
2.56050E+03 -2.65705E-03
2.56146E+03 -2.64862E-03
2.56243E+03 -2.67458E-03
2.56339E+03 -2.71064E-03
2.56435E+03 -2.71313E-03
2.56532E+03 -2.71764E-03
2.56628E+03 -2.71457E-03
2.56725E+03 -2.72075E-03
2.56821E+03 -2.74423E-03
2.56918E+03 -2.75556E-03
2.57014E+03 -2.76596E-03
2.57111E+03 -2.76347E-03
2.57207E+03 -2.74757E-03
2.57303E+03 -2.74298E-03
2.57400E+03 -2.76780E-03
2.57496E+03 -2.78579E-03
2.57593E+03 -2.77292E-03
2.57689E+03 -2.79584E-03
2.57786E+03 -2.82858E-03
2.57882E+03 -2.82781E-03
2.57979E+03 -2.82361E-03
2.58075E+03 -2.80891E-03
2.58171E+03 -2.79389E-03
2.58268E+03 -2.80816E-03
2.58364E+03 -2.79493E-03
2.58461E+03 -2.75559E-03
2.58557E+03 -2.75236E-03
2.58654E+03 -2.78542E-03
2.58750E+03 -2.79768E-03
2.58846E+03 -2.77617E-03
2.58943E+03 -2.77093E-03
2.59039E+03 -2.77325E-03
2.59136E+03 -2.77052E-03
2.59232E+03 -2.76295E-03
2.59329E+03 -2.76003E-03
2.59425E+03 -2.77361E-03
2.59522E+03 -2.80282E-03
2.59618E+03 -2.83096E-03
2.59714E+03 -2.82163E-03
2.59811E+03 -2.82961E-03
2.59907E+03 -2.86372E-03
2.60004E+03 -2.85125E-03
2.60100E+03 -2.84430E-03
2.60197E+03 -2.89600E-03
2.60293E+03 -2.91469E-03
2.60390E+03 -2.88764E-03
2.60486E+03 -2.87526E-03
2.60582E+03 -2.88700E-03
2.60679E+03 -2.91396E-03
2.60775E+03 -2.94257E-03
2.60872E+03 -2.94362E-03
2.60968E+03 -2.94482E-03
2.61065E+03 -2.97669E-03
2.61161E+03 -2.99082E-03
2.61258E+03 -2.97216E-03
2.61354E+03 -2.96551E-03
2.61450E+03 -2.97567E-03
2.61547E+03 -2.98528E-03
2.61643E+03 -2.98499E-03
2.61740E+03 -2.98922E-03
2.61836E+03 -3.01772E-03
2.61933E+03 -3.04174E-03
2.62029E+03 -3.08021E-03
2.62125E+03 -3.09050E-03
2.62222E+03 -3.08005E-03
2.62318E+03 -3.12212E-03
2.62415E+03 -3.12160E-03
2.62511E+03 -3.11677E-03
2.62608E+03 -3.14703E-03
2.62704E+03 -3.17312E-03
2.62801E+03 -3.19779E-03
2.62897E+03 -3.24476E-03
2.62993E+03 -3.26669E-03
2.63090E+03 -3.25415E-03
2.63186E+03 -3.28659E-03
2.63283E+03 -3.31596E-03
2.63379E+03 -3.33153E-03
2.63476E+03 -3.35265E-03
2.63572E+03 -3.36704E-03
2.63669E+03 -3.36886E-03
2.63765E+03 -3.38680E-03
2.63861E+03 -3.40110E-03
2.63958E+03 -3.40283E-03
2.64054E+03 -3.41883E-03
2.64151E+03 -3.43202E-03
2.64247E+03 -3.45255E-03
2.64344E+03 -3.46599E-03
2.64440E+03 -3.47251E-03
2.64536E+03 -3.47677E-03
2.64633E+03 -3.49155E-03
2.64729E+03 -3.49941E-03
2.64826E+03 -3.52272E-03
2.64922E+03 -3.52734E-03
2.65019E+03 -3.53106E-03
2.65115E+03 -3.55449E-03
2.65212E+03 -3.54076E-03
2.65308E+03 -3.53481E-03
2.65404E+03 -3.56887E-03
2.65501E+03 -3.57586E-03
2.65597E+03 -3.54014E-03
2.65694E+03 -3.54740E-03
2.65790E+03 -3.56674E-03
2.65887E+03 -3.58063E-03
2.65983E+03 -3.58941E-03
2.66080E+03 -3.58035E-03
2.66176E+03 -3.57271E-03
2.66272E+03 -3.58074E-03
2.66369E+03 -3.61142E-03
2.66465E+03 -3.60880E-03
2.66562E+03 -3.58192E-03
2.66658E+03 -3.59917E-03
2.66755E+03 -3.60250E-03
2.66851E+03 -3.57722E-03
2.66948E+03 -3.59458E-03
2.67044E+03 -3.64098E-03
2.67140E+03 -3.67003E-03
2.67237E+03 -3.67880E-03
2.67333E+03 -3.66112E-03
2.67430E+03 -3.66143E-03
2.67526E+03 -3.66775E-03
2.67623E+03 -3.66973E-03
2.67719E+03 -3.67517E-03
2.67815E+03 -3.68897E-03
2.67912E+03 -3.71364E-03
2.68008E+03 -3.70221E-03
2.68105E+03 -3.68782E-03
2.68201E+03 -3.67319E-03
2.68298E+03 -3.66343E-03
2.68394E+03 -3.65263E-03
2.68491E+03 -3.65375E-03
2.68587E+03 -3.69047E-03
2.68683E+03 -3.69902E-03
2.68780E+03 -3.70267E-03
2.68876E+03 -3.71756E-03
2.68973E+03 -3.73320E-03
2.69069E+03 -3.73430E-03
2.69166E+03 -3.74479E-03
2.69262E+03 -3.76853E-03
2.69359E+03 -3.74636E-03
2.69455E+03 -3.73507E-03
2.69551E+03 -3.73303E-03
2.69648E+03 -3.73972E-03
2.69744E+03 -3.73514E-03
2.69841E+03 -3.72977E-03
2.69937E+03 -3.73971E-03
2.70034E+03 -3.73321E-03
2.70130E+03 -3.71971E-03
2.70226E+03 -3.72754E-03
2.70323E+03 -3.78086E-03
2.70419E+03 -3.78060E-03
2.70516E+03 -3.75796E-03
2.70612E+03 -3.75932E-03
2.70709E+03 -3.78486E-03
2.70805E+03 -3.78399E-03
2.70902E+03 -3.74002E-03
2.70998E+03 -3.74097E-03
2.71094E+03 -3.74806E-03
2.71191E+03 -3.72031E-03
2.71287E+03 -3.71911E-03
2.71384E+03 -3.74154E-03
2.71480E+03 -3.75297E-03
2.71577E+03 -3.74335E-03
2.71673E+03 -3.70964E-03
2.71770E+03 -3.72682E-03
2.71866E+03 -3.78757E-03
2.71962E+03 -3.81640E-03
2.72059E+03 -3.82433E-03
2.72155E+03 -3.82250E-03
2.72252E+03 -3.81404E-03
2.72348E+03 -3.82743E-03
2.72445E+03 -3.82100E-03
2.72541E+03 -3.81001E-03
2.72638E+03 -3.85676E-03
2.72734E+03 -3.86246E-03
2.72830E+03 -3.82071E-03
2.72927E+03 -3.74753E-03
2.73023E+03 -3.59916E-03
2.73120E+03 -3.53167E-03
2.73216E+03 -3.59595E-03
2.73313E+03 -3.62434E-03
2.73409E+03 -3.61014E-03
2.73505E+03 -3.64570E-03
2.73602E+03 -3.71206E-03
2.73698E+03 -3.86210E-03
2.73795E+03 -4.00704E-03
2.73891E+03 -3.94749E-03
2.73988E+03 -3.69915E-03
2.74084E+03 -3.51297E-03
2.74181E+03 -3.66068E-03
2.74277E+03 -3.87407E-03
2.74373E+03 -3.72082E-03
2.74470E+03 -3.50536E-03
2.74566E+03 -3.63212E-03
2.74663E+03 -3.63383E-03
2.74759E+03 -3.58611E-03
2.74856E+03 -3.63684E-03
2.74952E+03 -3.58082E-03
2.75049E+03 -3.54075E-03
2.75145E+03 -3.51147E-03
2.75241E+03 -3.48014E-03
2.75338E+03 -3.45798E-03
2.75434E+03 -3.46297E-03
2.75531E+03 -3.46124E-03
2.75627E+03 -3.41734E-03
2.75724E+03 -3.37532E-03
2.75820E+03 -3.36993E-03
2.75916E+03 -3.34385E-03
2.76013E+03 -3.30635E-03
2.76109E+03 -3.24753E-03
2.76206E+03 -3.19971E-03
2.76302E+03 -3.20803E-03
2.76399E+03 -3.19217E-03
2.76495E+03 -3.13595E-03
2.76592E+03 -3.09231E-03
2.76688E+03 -3.09760E-03
2.76784E+03 -3.06477E-03
2.76881E+03 -2.99194E-03
2.76977E+03 -2.97961E-03
2.77074E+03 -2.91900E-03
2.77170E+03 -2.85744E-03
2.77267E+03 -2.84001E-03
2.77363E+03 -2.79378E-03
2.77460E+03 -2.72480E-03
2.77556E+03 -2.66975E-03
2.77652E+03 -2.63749E-03
2.77749E+03 -2.58171E-03
2.77845E+03 -2.52605E-03
2.77942E+03 -2.45666E-03
2.78038E+03 -2.36165E-03
2.78135E+03 -2.29970E-03
2.78231E+03 -2.22520E-03
2.78327E+03 -2.15700E-03
2.78424E+03 -2.14951E-03
2.78520E+03 -2.10538E-03
2.78617E+03 -2.00723E-03
2.78713E+03 -1.90920E-03
2.78810E+03 -1.82069E-03
2.78906E+03 -1.76840E-03
2.79003E+03 -1.71084E-03
2.79099E+03 -1.59328E-03
2.79195E+03 -1.50762E-03
2.79292E+03 -1.48446E-03
2.79388E+03 -1.42878E-03
2.79485E+03 -1.35335E-03
2.79581E+03 -1.26420E-03
2.79678E+03 -1.15665E-03
2.79774E+03 -1.06990E-03
2.79871E+03 -1.00423E-03
2.79967E+03 -9.20445E-04
2.80063E+03 -8.62308E-04
2.80160E+03 -7.97603E-04
2.80256E+03 -6.82019E-04
2.80353E+03 -5.77774E-04
2.80449E+03 -5.08666E-04
2.80546E+03 -4.36213E-04
2.80642E+03 -3.19310E-04
2.80739E+03 -2.08840E-04
2.80835E+03 -1.03489E-04
2.80931E+03 -6.39260E-06
2.81028E+03 9.95956E-05
2.81124E+03 2.35144E-04
2.81221E+03 3.63775E-04
2.81317E+03 4.78551E-04
2.81414E+03 5.83865E-04
2.81510E+03 7.17439E-04
2.81606E+03 8.69729E-04
2.81703E+03 1.04011E-03
2.81799E+03 1.25658E-03
2.81896E+03 1.45882E-03
2.81992E+03 1.65391E-03
2.82089E+03 1.85943E-03
2.82185E+03 2.07825E-03
2.82282E+03 2.32468E-03
2.82378E+03 2.57580E-03
2.82474E+03 2.85887E-03
2.82571E+03 3.11343E-03
2.82667E+03 3.32389E-03
2.82764E+03 3.53926E-03
2.82860E+03 3.76523E-03
2.82957E+03 3.95309E-03
2.83053E+03 4.04457E-03
2.83150E+03 4.11755E-03
2.83246E+03 4.19610E-03
2.83342E+03 4.18949E-03
2.83439E+03 4.12662E-03
2.83535E+03 4.05100E-03
2.83632E+03 3.89964E-03
2.83728E+03 3.70084E-03
2.83825E+03 3.51249E-03
2.83921E+03 3.29940E-03
2.84017E+03 3.08589E-03
2.84114E+03 2.86063E-03
2.84210E+03 2.61833E-03
2.84307E+03 2.38946E-03
2.84403E+03 2.13411E-03
2.84500E+03 1.89167E-03
2.84596E+03 1.66848E-03
2.84693E+03 1.44998E-03
2.84789E+03 1.21807E-03
2.84885E+03 1.01364E-03
2.84982E+03 8.53579E-04
2.85078E+03 6.92911E-04
2.85175E+03 5.30794E-04
2.85271E+03 4.10657E-04
2.85368E+03 3.11010E-04
2.85464E+03 1.65518E-04
2.85561E+03 3.12924E-05
2.85657E+03 -7.72811E-05
2.85753E+03 -1.49008E-04
2.85850E+03 -1.78605E-04
2.85946E+03 -2.34909E-04
2.86043E+03 -2.83752E-04
2.86139E+03 -3.30091E-04
2.86236E+03 -3.67213E-04
2.86332E+03 -3.66285E-04
2.86428E+03 -3.94877E-04
2.86525E+03 -4.25071E-04
2.86621E+03 -4.15351E-04
2.86718E+03 -4.19475E-04
2.86814E+03 -4.66939E-04
2.86911E+03 -4.87089E-04
2.87007E+03 -4.85159E-04
2.87104E+03 -5.09258E-04
2.87200E+03 -5.07582E-04
2.87296E+03 -4.86575E-04
2.87393E+03 -5.06070E-04
2.87489E+03 -5.09188E-04
2.87586E+03 -4.98272E-04
2.87682E+03 -5.05220E-04
2.87779E+03 -4.67066E-04
2.87875E+03 -4.28759E-04
2.87972E+03 -4.48380E-04
2.88068E+03 -4.48033E-04
2.88164E+03 -4.12356E-04
2.88261E+03 -3.59289E-04
2.88357E+03 -3.35395E-04
2.88454E+03 -2.89388E-04
2.88550E+03 -2.42848E-04
2.88647E+03 -2.69335E-04
2.88743E+03 -2.15285E-04
2.88840E+03 -1.25591E-04
2.88936E+03 -7.42860E-05
2.89032E+03 -2.51085E-06
2.89129E+03 9.01446E-05
2.89225E+03 1.84137E-04
2.89322E+03 2.31262E-04
2.89418E+03 2.61698E-04
2.89515E+03 3.19250E-04
2.89611E+03 4.08038E-04
2.89707E+03 5.01525E-04
2.89804E+03 5.32880E-04
2.89900E+03 5.93938E-04
2.89997E+03 7.33875E-04
2.90093E+03 8.36931E-04
2.90190E+03 8.98227E-04
2.90286E+03 9.80169E-04
2.90383E+03 1.07909E-03
2.90479E+03 1.20588E-03
2.90575E+03 1.33216E-03
2.90672E+03 1.43212E-03
2.90768E+03 1.55832E-03
2.90865E+03 1.69217E-03
2.90961E+03 1.81351E-03
2.91058E+03 1.90672E-03
2.91154E+03 2.00801E-03
2.91251E+03 2.09789E-03
2.91347E+03 2.16565E-03
2.91443E+03 2.22191E-03
2.91540E+03 2.23875E-03
2.91636E+03 2.28680E-03
2.91733E+03 2.34621E-03
2.91829E+03 2.36038E-03
2.91926E+03 2.39509E-03
2.92022E+03 2.45501E-03
2.92118E+03 2.50725E-03
2.92215E+03 2.55149E-03
2.92311E+03 2.61878E-03
2.92408E+03 2.67861E-03
2.92504E+03 2.71810E-03
2.92601E+03 2.78409E-03
2.92697E+03 2.85040E-03
2.92794E+03 2.93046E-03
2.92890E+03 2.98601E-03
2.92986E+03 3.02375E-03
2.93083E+03 3.07011E-03
2.93179E+03 3.08391E-03
2.93276E+03 3.08087E-03
2.93372E+03 3.10794E-03
2.93469E+03 3.11616E-03
2.93565E+03 3.06130E-03
2.93662E+03 3.04412E-03
2.93758E+03 3.01009E-03
2.93854E+03 2.94544E-03
2.93951E+03 2.92725E-03
2.94047E+03 2.89388E-03
2.94144E+03 2.83030E-03
2.94240E+03 2.79105E-03
2.94337E+03 2.79365E-03
2.94433E+03 2.78428E-03
2.94530E+03 2.78417E-03
2.94626E+03 2.81971E-03
2.94722E+03 2.84991E-03
2.94819E+03 2.89485E-03
2.94915E+03 2.97822E-03
2.95012E+03 3.06765E-03
2.95108E+03 3.14688E-03
2.95205E+03 3.21888E-03
2.95301E+03 3.30954E-03
2.95397E+03 3.40680E-03
2.95494E+03 3.46644E-03
2.95590E+03 3.54635E-03
2.95687E+03 3.59868E-03
2.95783E+03 3.60817E-03
2.95880E+03 3.61999E-03
2.95976E+03 3.60858E-03
2.96073E+03 3.58830E-03
2.96169E+03 3.55935E-03
2.96265E+03 3.55284E-03
2.96362E+03 3.48511E-03
2.96458E+03 3.40309E-03
2.96555E+03 3.34631E-03
2.96651E+03 3.24463E-03
2.96748E+03 3.14464E-03
2.96844E+03 3.07409E-03
2.96941E+03 2.99118E-03
2.97037E+03 2.91374E-03
2.97133E+03 2.86289E-03
2.97230E+03 2.78329E-03
2.97326E+03 2.71936E-03
2.97423E+03 2.69209E-03
2.97519E+03 2.59384E-03
2.97616E+03 2.50594E-03
2.97712E+03 2.48478E-03
2.97808E+03 2.47863E-03
2.97905E+03 2.45745E-03
2.98001E+03 2.41271E-03
2.98098E+03 2.42446E-03
2.98194E+03 2.41274E-03
2.98291E+03 2.41623E-03
2.98387E+03 2.46524E-03
2.98484E+03 2.43674E-03
2.98580E+03 2.37888E-03
2.98676E+03 2.36160E-03
2.98773E+03 2.37998E-03
2.98869E+03 2.35956E-03
2.98966E+03 2.30451E-03
2.99062E+03 2.25582E-03
2.99159E+03 2.21421E-03
2.99255E+03 2.13261E-03
2.99352E+03 2.02427E-03
2.99448E+03 1.94702E-03
2.99544E+03 1.79585E-03
2.99641E+03 1.64356E-03
2.99737E+03 1.56328E-03
2.99834E+03 1.40749E-03
2.99930E+03 1.25014E-03
3.00027E+03 1.14685E-03
3.00123E+03 9.78749E-04
3.00220E+03 8.06026E-04
3.00316E+03 6.78942E-04
3.00412E+03 5.55970E-04
3.00509E+03 4.54649E-04
3.00605E+03 3.17149E-04
3.00702E+03 1.22953E-04
3.00798E+03 -3.26596E-05
3.00895E+03 -1.76027E-04
3.00991E+03 -3.44597E-04
3.01087E+03 -4.94368E-04
3.01184E+03 -5.97771E-04
3.01280E+03 -6.80879E-04
3.01377E+03 -7.99242E-04
3.01473E+03 -8.95403E-04
3.01570E+03 -9.52277E-04
3.01666E+03 -1.02837E-03
3.01763E+03 -1.10620E-03
3.01859E+03 -1.16779E-03
3.01955E+03 -1.20810E-03
3.02052E+03 -1.24686E-03
3.02148E+03 -1.29188E-03
3.02245E+03 -1.32420E-03
3.02341E+03 -1.33067E-03
3.02438E+03 -1.35093E-03
3.02534E+03 -1.37535E-03
3.02631E+03 -1.38416E-03
3.02727E+03 -1.36369E-03
3.02823E+03 -1.31549E-03
3.02920E+03 -1.31739E-03
3.03016E+03 -1.32073E-03
3.03113E+03 -1.29683E-03
3.03209E+03 -1.26003E-03
3.03306E+03 -1.24514E-03
3.03402E+03 -1.22279E-03
3.03498E+03 -1.20642E-03
3.03595E+03 -1.19555E-03
3.03691E+03 -1.15833E-03
3.03788E+03 -1.13364E-03
3.03884E+03 -1.10112E-03
3.03981E+03 -1.04674E-03
3.04077E+03 -9.90216E-04
3.04174E+03 -9.46168E-04
3.04270E+03 -8.63459E-04
3.04366E+03 -7.95882E-04
3.04463E+03 -7.81748E-04
3.04559E+03 -7.60183E-04
3.04656E+03 -6.83688E-04
3.04752E+03 -6.39465E-04
3.04849E+03 -6.04715E-04
3.04945E+03 -5.17037E-04
3.05042E+03 -4.69476E-04
3.05138E+03 -4.30603E-04
3.05234E+03 -3.96609E-04
3.05331E+03 -3.34535E-04
3.05427E+03 -2.41544E-04
3.05524E+03 -2.10483E-04
3.05620E+03 -1.61573E-04
3.05717E+03 -1.09710E-04
3.05813E+03 -6.23241E-05
3.05909E+03 3.61353E-06
3.06006E+03 5.71348E-05
3.06102E+03 1.22689E-04
3.06199E+03 1.63019E-04
3.06295E+03 2.43675E-04
3.06392E+03 3.29223E-04
3.06488E+03 3.62378E-04
3.06585E+03 4.23770E-04
3.06681E+03 5.46932E-04
3.06777E+03 6.13816E-04
3.06874E+03 6.39442E-04
3.06970E+03 7.05793E-04
3.07067E+03 7.63059E-04
3.07163E+03 8.17582E-04
3.07260E+03 8.71442E-04
3.07356E+03 9.27035E-04
3.07453E+03 9.96083E-04
3.07549E+03 1.08930E-03
3.07645E+03 1.16092E-03
3.07742E+03 1.21034E-03
3.07838E+03 1.27282E-03
3.07935E+03 1.33606E-03
3.08031E+03 1.42517E-03
3.08128E+03 1.52416E-03
3.08224E+03 1.59877E-03
3.08321E+03 1.68771E-03
3.08417E+03 1.78266E-03
3.08513E+03 1.88119E-03
3.08610E+03 1.99699E-03
3.08706E+03 2.02656E-03
3.08803E+03 2.04463E-03
3.08899E+03 2.13017E-03
3.08996E+03 2.23050E-03
3.09092E+03 2.32226E-03
3.09188E+03 2.42199E-03
3.09285E+03 2.49661E-03
3.09381E+03 2.54329E-03
3.09478E+03 2.62084E-03
3.09574E+03 2.70943E-03
3.09671E+03 2.80003E-03
3.09767E+03 2.86737E-03
3.09864E+03 2.92977E-03
3.09960E+03 3.01237E-03
3.10056E+03 3.10027E-03
3.10153E+03 3.18613E-03
3.10249E+03 3.28107E-03
3.10346E+03 3.35561E-03
3.10442E+03 3.44600E-03
3.10539E+03 3.54811E-03
3.10635E+03 3.61113E-03
3.10732E+03 3.66363E-03
3.10828E+03 3.76390E-03
3.10924E+03 3.85600E-03
3.11021E+03 3.90933E-03
3.11117E+03 3.99515E-03
3.11214E+03 4.11665E-03
3.11310E+03 4.21530E-03
3.11407E+03 4.27841E-03
3.11503E+03 4.34617E-03
3.11599E+03 4.41737E-03
3.11696E+03 4.49738E-03
3.11792E+03 4.58300E-03
3.11889E+03 4.68333E-03
3.11985E+03 4.77390E-03
3.12082E+03 4.83008E-03
3.12178E+03 4.92238E-03
3.12275E+03 5.00748E-03
3.12371E+03 5.09694E-03
3.12467E+03 5.20005E-03
3.12564E+03 5.29018E-03
3.12660E+03 5.38528E-03
3.12757E+03 5.45325E-03
3.12853E+03 5.57110E-03
3.12950E+03 5.66988E-03
3.13046E+03 5.73412E-03
3.13143E+03 5.83611E-03
3.13239E+03 5.96657E-03
3.13335E+03 6.06877E-03
3.13432E+03 6.14881E-03
3.13528E+03 6.25420E-03
3.13625E+03 6.32572E-03
3.13721E+03 6.41196E-03
3.13818E+03 6.49969E-03
3.13914E+03 6.60945E-03
3.14010E+03 6.71302E-03
3.14107E+03 6.80104E-03
3.14203E+03 6.92798E-03
3.14300E+03 7.02111E-03
3.14396E+03 7.11356E-03
3.14493E+03 7.21521E-03
3.14589E+03 7.33928E-03
3.14686E+03 7.46289E-03
3.14782E+03 7.55555E-03
3.14878E+03 7.63842E-03
3.14975E+03 7.77467E-03
3.15071E+03 7.90636E-03
3.15168E+03 8.04392E-03
3.15264E+03 8.16130E-03
3.15361E+03 8.22387E-03
3.15457E+03 8.34651E-03
3.15554E+03 8.45287E-03
3.15650E+03 8.52818E-03
3.15746E+03 8.64482E-03
3.15843E+03 8.78518E-03
3.15939E+03 8.88496E-03
3.16036E+03 8.99777E-03
3.16132E+03 9.09600E-03
3.16229E+03 9.18178E-03
3.16325E+03 9.33098E-03
3.16422E+03 9.48167E-03
3.16518E+03 9.62374E-03
3.16614E+03 9.72854E-03
3.16711E+03 9.84038E-03
3.16807E+03 9.97176E-03
3.16904E+03 1.00725E-02
3.17000E+03 1.01761E-02
3.17097E+03 1.02674E-02
3.17193E+03 1.03812E-02
3.17289E+03 1.05069E-02
3.17386E+03 1.06370E-02
3.17482E+03 1.07678E-02
3.17579E+03 1.08745E-02
3.17675E+03 1.10054E-02
3.17772E+03 1.11245E-02
3.17868E+03 1.12386E-02
3.17965E+03 1.13736E-02
3.18061E+03 1.15070E-02
3.18157E+03 1.16236E-02
3.18254E+03 1.17562E-02
3.18350E+03 1.18898E-02
3.18447E+03 1.19820E-02
3.18543E+03 1.20865E-02
3.18640E+03 1.22074E-02
3.18736E+03 1.23534E-02
3.18833E+03 1.24735E-02
3.18929E+03 1.25773E-02
3.19025E+03 1.26747E-02
3.19122E+03 1.28032E-02
3.19218E+03 1.29169E-02
3.19315E+03 1.30314E-02
3.19411E+03 1.31884E-02
3.19508E+03 1.32844E-02
3.19604E+03 1.33796E-02
3.19700E+03 1.34727E-02
3.19797E+03 1.35811E-02
3.19893E+03 1.37258E-02
3.19990E+03 1.38135E-02
3.20086E+03 1.38954E-02
3.20183E+03 1.40238E-02
3.20279E+03 1.41774E-02
3.20376E+03 1.42907E-02
3.20472E+03 1.43602E-02
3.20568E+03 1.44718E-02
3.20665E+03 1.45774E-02
3.20761E+03 1.46673E-02
3.20858E+03 1.47815E-02
3.20954E+03 1.48993E-02
3.21051E+03 1.49699E-02
3.21147E+03 1.50462E-02
3.21244E+03 1.51730E-02
3.21340E+03 1.52887E-02
3.21436E+03 1.54140E-02
3.21533E+03 1.55266E-02
3.21629E+03 1.56338E-02
3.21726E+03 1.57243E-02
3.21822E+03 1.57786E-02
3.21919E+03 1.59038E-02
3.22015E+03 1.60304E-02
3.22111E+03 1.60857E-02
3.22208E+03 1.61737E-02
3.22304E+03 1.62837E-02
3.22401E+03 1.63194E-02
3.22497E+03 1.63949E-02
3.22594E+03 1.65378E-02
3.22690E+03 1.66167E-02
3.22787E+03 1.66906E-02
3.22883E+03 1.67191E-02
3.22979E+03 1.67703E-02
3.23076E+03 1.69091E-02
3.23172E+03 1.69836E-02
3.23269E+03 1.69979E-02
3.23365E+03 1.70365E-02
3.23462E+03 1.71607E-02
3.23558E+03 1.72304E-02
3.23655E+03 1.72501E-02
3.23751E+03 1.73192E-02
3.23847E+03 1.73714E-02
3.23944E+03 1.74165E-02
3.24040E+03 1.75045E-02
3.24137E+03 1.75662E-02
3.24233E+03 1.76277E-02
3.24330E+03 1.76743E-02
3.24426E+03 1.76841E-02
3.24523E+03 1.76963E-02
3.24619E+03 1.77340E-02
3.24715E+03 1.77894E-02
3.24812E+03 1.78524E-02
3.24908E+03 1.79382E-02
3.25005E+03 1.79845E-02
3.25101E+03 1.80177E-02
3.25198E+03 1.80398E-02
3.25294E+03 1.80409E-02
3.25390E+03 1.80865E-02
3.25487E+03 1.81368E-02
3.25583E+03 1.81191E-02
3.25680E+03 1.81195E-02
3.25776E+03 1.82035E-02
3.25873E+03 1.82536E-02
3.25969E+03 1.82495E-02
3.26066E+03 1.82454E-02
3.26162E+03 1.82482E-02
3.26258E+03 1.83249E-02
3.26355E+03 1.83564E-02
3.26451E+03 1.84018E-02
3.26548E+03 1.84398E-02
3.26644E+03 1.84027E-02
3.26741E+03 1.84312E-02
3.26837E+03 1.84563E-02
3.26934E+03 1.84760E-02
3.27030E+03 1.85183E-02
3.27126E+03 1.85056E-02
3.27223E+03 1.84818E-02
3.27319E+03 1.85217E-02
3.27416E+03 1.85646E-02
3.27512E+03 1.86000E-02
3.27609E+03 1.86112E-02
3.27705E+03 1.85901E-02
3.27802E+03 1.85974E-02
3.27898E+03 1.85649E-02
3.27994E+03 1.85807E-02
3.28091E+03 1.86100E-02
3.28187E+03 1.85797E-02
3.28284E+03 1.85791E-02
3.28380E+03 1.85958E-02
3.28477E+03 1.85616E-02
3.28573E+03 1.85410E-02
3.28669E+03 1.85872E-02
3.28766E+03 1.86112E-02
3.28862E+03 1.86069E-02
3.28959E+03 1.85755E-02
3.29055E+03 1.85976E-02
3.29152E+03 1.86265E-02
3.29248E+03 1.86098E-02
3.29345E+03 1.85710E-02
3.29441E+03 1.85339E-02
3.29537E+03 1.85487E-02
3.29634E+03 1.85703E-02
3.29730E+03 1.85430E-02
3.29827E+03 1.85096E-02
3.29923E+03 1.84965E-02
3.30020E+03 1.84908E-02
3.30116E+03 1.84898E-02
3.30213E+03 1.84656E-02
3.30309E+03 1.84209E-02
3.30405E+03 1.83940E-02
3.30502E+03 1.83827E-02
3.30598E+03 1.83922E-02
3.30695E+03 1.83653E-02
3.30791E+03 1.83014E-02
3.30888E+03 1.82759E-02
3.30984E+03 1.82354E-02
3.31080E+03 1.81976E-02
3.31177E+03 1.81906E-02
3.31273E+03 1.81624E-02
3.31370E+03 1.81370E-02
3.31466E+03 1.81119E-02
3.31563E+03 1.80509E-02
3.31659E+03 1.80119E-02
3.31756E+03 1.79479E-02
3.31852E+03 1.78953E-02
3.31948E+03 1.78666E-02
3.32045E+03 1.78473E-02
3.32141E+03 1.78722E-02
3.32238E+03 1.78407E-02
3.32334E+03 1.77689E-02
3.32431E+03 1.77104E-02
3.32527E+03 1.76376E-02
3.32624E+03 1.76272E-02
3.32720E+03 1.76096E-02
3.32816E+03 1.75609E-02
3.32913E+03 1.75457E-02
3.33009E+03 1.75200E-02
3.33106E+03 1.74754E-02
3.33202E+03 1.73708E-02
3.33299E+03 1.72493E-02
3.33395E+03 1.71959E-02
3.33492E+03 1.71457E-02
3.33588E+03 1.71328E-02
3.33684E+03 1.71269E-02
3.33781E+03 1.70541E-02
3.33877E+03 1.69902E-02
3.33974E+03 1.69755E-02
3.34070E+03 1.69602E-02
3.34167E+03 1.68851E-02
3.34263E+03 1.68168E-02
3.34359E+03 1.67580E-02
3.34456E+03 1.67505E-02
3.34552E+03 1.67188E-02
3.34649E+03 1.66370E-02
3.34745E+03 1.65611E-02
3.34842E+03 1.64832E-02
3.34938E+03 1.64500E-02
3.35035E+03 1.64294E-02
3.35131E+03 1.63884E-02
3.35227E+03 1.63152E-02
3.35324E+03 1.62239E-02
3.35420E+03 1.62054E-02
3.35517E+03 1.61655E-02
3.35613E+03 1.60633E-02
3.35710E+03 1.60128E-02
3.35806E+03 1.59910E-02
3.35903E+03 1.59521E-02
3.35999E+03 1.58876E-02
3.36095E+03 1.58448E-02
3.36192E+03 1.58077E-02
3.36288E+03 1.57380E-02
3.36385E+03 1.56322E-02
3.36481E+03 1.55419E-02
3.36578E+03 1.54819E-02
3.36674E+03 1.54181E-02
3.36770E+03 1.53484E-02
3.36867E+03 1.52569E-02
3.36963E+03 1.52140E-02
3.37060E+03 1.51673E-02
3.37156E+03 1.50795E-02
3.37253E+03 1.50302E-02
3.37349E+03 1.49904E-02
3.37446E+03 1.49098E-02
3.37542E+03 1.47913E-02
3.37638E+03 1.47247E-02
3.37735E+03 1.46573E-02
3.37831E+03 1.45807E-02
3.37928E+03 1.45029E-02
3.38024E+03 1.44057E-02
3.38121E+03 1.43393E-02
3.38217E+03 1.42491E-02
3.38314E+03 1.41756E-02
3.38410E+03 1.40877E-02
3.38506E+03 1.39935E-02
3.38603E+03 1.39608E-02
3.38699E+03 1.38379E-02
3.38796E+03 1.36750E-02
3.38892E+03 1.35467E-02
3.38989E+03 1.34519E-02
3.39085E+03 1.34133E-02
3.39181E+03 1.33468E-02
3.39278E+03 1.32198E-02
3.39374E+03 1.31058E-02
3.39471E+03 1.30047E-02
3.39567E+03 1.28673E-02
3.39664E+03 1.27734E-02
3.39760E+03 1.27029E-02
3.39857E+03 1.26239E-02
3.39953E+03 1.25450E-02
3.40049E+03 1.23858E-02
3.40146E+03 1.22879E-02
3.40242E+03 1.22000E-02
3.40339E+03 1.21113E-02
3.40435E+03 1.20413E-02
3.40532E+03 1.18872E-02
3.40628E+03 1.17903E-02
3.40725E+03 1.16746E-02
3.40821E+03 1.15467E-02
3.40917E+03 1.14658E-02
3.41014E+03 1.13484E-02
3.41110E+03 1.12225E-02
3.41207E+03 1.10943E-02
3.41303E+03 1.09628E-02
3.41400E+03 1.08666E-02
3.41496E+03 1.07188E-02
3.41593E+03 1.05751E-02
3.41689E+03 1.04560E-02
3.41785E+03 1.03518E-02
3.41882E+03 1.02730E-02
3.41978E+03 1.01949E-02
3.42075E+03 1.00760E-02
3.42171E+03 9.95898E-03
3.42268E+03 9.88415E-03
3.42364E+03 9.76140E-03
3.42460E+03 9.64866E-03
3.42557E+03 9.54124E-03
3.42653E+03 9.41078E-03
3.42750E+03 9.31523E-03
3.42846E+03 9.22971E-03
3.42943E+03 9.06426E-03
3.43039E+03 8.91825E-03
3.43136E+03 8.84651E-03
3.43232E+03 8.75711E-03
3.43328E+03 8.63066E-03
3.43425E+03 8.49202E-03
3.43521E+03 8.41448E-03
3.43618E+03 8.32295E-03
3.43714E+03 8.17893E-03
3.43811E+03 7.99054E-03
3.43907E+03 7.79638E-03
3.44004E+03 7.68824E-03
3.44100E+03 7.66805E-03
3.44196E+03 7.66986E-03
3.44293E+03 7.56041E-03
3.44389E+03 7.30051E-03
3.44486E+03 7.10606E-03
3.44582E+03 7.14222E-03
3.44679E+03 7.08589E-03
3.44775E+03 6.83760E-03
3.44871E+03 6.77608E-03
3.44968E+03 6.71233E-03
3.45064E+03 6.52747E-03
3.45161E+03 6.42530E-03
3.45257E+03 6.33798E-03
3.45354E+03 6.27347E-03
3.45450E+03 6.12668E-03
3.45547E+03 6.02009E-03
3.45643E+03 5.92323E-03
3.45739E+03 5.73463E-03
3.45836E+03 5.63499E-03
3.45932E+03 5.52429E-03
3.46029E+03 5.39730E-03
3.46125E+03 5.30600E-03
3.46222E+03 5.22031E-03
3.46318E+03 5.11649E-03
3.46415E+03 4.91355E-03
3.46511E+03 4.73907E-03
3.46607E+03 4.65008E-03
3.46704E+03 4.61204E-03
3.46800E+03 4.50302E-03
3.46897E+03 4.26690E-03
3.46993E+03 4.13273E-03
3.47090E+03 4.06913E-03
3.47186E+03 3.95814E-03
3.47282E+03 3.86208E-03
3.47379E+03 3.74125E-03
3.47475E+03 3.59837E-03
3.47572E+03 3.47373E-03
3.47668E+03 3.38605E-03
3.47765E+03 3.31264E-03
3.47861E+03 3.17867E-03
3.47958E+03 3.04788E-03
3.48054E+03 2.93729E-03
3.48150E+03 2.82968E-03
3.48247E+03 2.72047E-03
3.48343E+03 2.54995E-03
3.48440E+03 2.35791E-03
3.48536E+03 2.24672E-03
3.48633E+03 2.21208E-03
3.48729E+03 2.10997E-03
3.48826E+03 1.97798E-03
3.48922E+03 1.87473E-03
3.49018E+03 1.75188E-03
3.49115E+03 1.65737E-03
3.49211E+03 1.56355E-03
3.49308E+03 1.42096E-03
3.49404E+03 1.28189E-03
3.49501E+03 1.18008E-03
3.49597E+03 1.06446E-03
3.49694E+03 1.00894E-03
3.49790E+03 9.10658E-04
3.49886E+03 7.58119E-04
3.49983E+03 6.60401E-04
3.50079E+03 5.77584E-04
3.50176E+03 4.98563E-04
3.50272E+03 4.08720E-04
3.50369E+03 3.08618E-04
3.50465E+03 1.89506E-04
3.50561E+03 8.41357E-05
3.50658E+03 -5.14053E-05
3.50754E+03 -1.49202E-04
3.50851E+03 -2.07938E-04
3.50947E+03 -3.23340E-04
3.51044E+03 -3.99016E-04
3.51140E+03 -4.58237E-04
3.51237E+03 -5.52699E-04
3.51333E+03 -6.28922E-04
3.51429E+03 -7.23198E-04
3.51526E+03 -8.04689E-04
3.51622E+03 -8.95727E-04
3.51719E+03 -1.03384E-03
3.51815E+03 -1.13711E-03
3.51912E+03 -1.18177E-03
3.52008E+03 -1.21409E-03
3.52105E+03 -1.32048E-03
3.52201E+03 -1.40833E-03
3.52297E+03 -1.44858E-03
3.52394E+03 -1.52313E-03
3.52490E+03 -1.60641E-03
3.52587E+03 -1.65920E-03
3.52683E+03 -1.73482E-03
3.52780E+03 -1.80794E-03
3.52876E+03 -1.88712E-03
3.52972E+03 -2.01083E-03
3.53069E+03 -2.08455E-03
3.53165E+03 -2.12597E-03
3.53262E+03 -2.20477E-03
3.53358E+03 -2.32351E-03
3.53455E+03 -2.40570E-03
3.53551E+03 -2.43870E-03
3.53648E+03 -2.44886E-03
3.53744E+03 -2.52122E-03
3.53840E+03 -2.63277E-03
3.53937E+03 -2.65901E-03
3.54033E+03 -2.69175E-03
3.54130E+03 -2.74363E-03
3.54226E+03 -2.82710E-03
3.54323E+03 -2.91712E-03
3.54419E+03 -2.95757E-03
3.54516E+03 -2.97542E-03
3.54612E+03 -3.01876E-03
3.54708E+03 -3.07053E-03
3.54805E+03 -3.14565E-03
3.54901E+03 -3.24660E-03
3.54998E+03 -3.30460E-03
3.55094E+03 -3.32880E-03
3.55191E+03 -3.34829E-03
3.55287E+03 -3.41909E-03
3.55383E+03 -3.53533E-03
3.55480E+03 -3.62574E-03
3.55576E+03 -3.64029E-03
3.55673E+03 -3.65923E-03
3.55769E+03 -3.68965E-03
3.55866E+03 -3.74339E-03
3.55962E+03 -3.78432E-03
3.56059E+03 -3.80380E-03
3.56155E+03 -3.88512E-03
3.56251E+03 -3.94765E-03
3.56348E+03 -4.01379E-03
3.56444E+03 -4.05923E-03
3.56541E+03 -4.06183E-03
3.56637E+03 -4.09037E-03
3.56734E+03 -4.14826E-03
3.56830E+03 -4.22328E-03
3.56927E+03 -4.26092E-03
3.57023E+03 -4.25171E-03
3.57119E+03 -4.28485E-03
3.57216E+03 -4.33044E-03
3.57312E+03 -4.32246E-03
3.57409E+03 -4.31579E-03
3.57505E+03 -4.32271E-03
3.57602E+03 -4.35985E-03
3.57698E+03 -4.35959E-03
3.57795E+03 -4.33610E-03
3.57891E+03 -4.32096E-03
3.57987E+03 -4.25184E-03
3.58084E+03 -4.18798E-03
3.58180E+03 -4.14996E-03
3.58277E+03 -4.15733E-03
3.58373E+03 -4.16580E-03
3.58470E+03 -4.08480E-03
3.58566E+03 -4.00672E-03
3.58662E+03 -3.99856E-03
3.58759E+03 -3.96657E-03
3.58855E+03 -3.95731E-03
3.58952E+03 -3.97311E-03
3.59048E+03 -3.94634E-03
3.59145E+03 -3.94128E-03
3.59241E+03 -3.94618E-03
3.59338E+03 -3.95231E-03
3.59434E+03 -3.96657E-03
3.59530E+03 -4.01935E-03
3.59627E+03 -4.12866E-03
3.59723E+03 -4.27043E-03
3.59820E+03 -4.40643E-03
3.59916E+03 -4.52354E-03
3.60013E+03 -4.66230E-03
3.60109E+03 -4.78732E-03
3.60206E+03 -4.85902E-03
3.60302E+03 -4.88900E-03
3.60398E+03 -4.92056E-03
3.60495E+03 -4.94111E-03
3.60591E+03 -4.95314E-03
3.60688E+03 -4.99398E-03
3.60784E+03 -5.02506E-03
3.60881E+03 -5.00777E-03
3.60977E+03 -5.02123E-03
3.61074E+03 -5.05529E-03
3.61170E+03 -5.03765E-03
3.61266E+03 -4.99681E-03
3.61363E+03 -4.96414E-03
3.61459E+03 -4.99861E-03
3.61556E+03 -5.01926E-03
3.61652E+03 -5.01556E-03
3.61749E+03 -4.95115E-03
3.61845E+03 -4.85879E-03
3.61941E+03 -4.85770E-03
3.62038E+03 -4.80774E-03
3.62134E+03 -4.77388E-03
3.62231E+03 -4.77115E-03
3.62327E+03 -4.70616E-03
3.62424E+03 -4.62130E-03
3.62520E+03 -4.63914E-03
3.62617E+03 -4.69428E-03
3.62713E+03 -4.65748E-03
3.62809E+03 -4.60972E-03
3.62906E+03 -4.59315E-03
3.63002E+03 -4.56425E-03
3.63099E+03 -4.52171E-03
3.63195E+03 -4.55409E-03
3.63292E+03 -4.58984E-03
3.63388E+03 -4.58463E-03
3.63485E+03 -4.51470E-03
3.63581E+03 -4.51297E-03
3.63677E+03 -4.58642E-03
3.63774E+03 -4.56869E-03
3.63870E+03 -4.53674E-03
3.63967E+03 -4.54597E-03
3.64063E+03 -4.55037E-03
3.64160E+03 -4.58155E-03
3.64256E+03 -4.58563E-03
3.64352E+03 -4.54937E-03
3.64449E+03 -4.54067E-03
3.64545E+03 -4.54238E-03
3.64642E+03 -4.56623E-03
3.64738E+03 -4.57124E-03
3.64835E+03 -4.53587E-03
3.64931E+03 -4.47492E-03
3.65028E+03 -4.48185E-03
3.65124E+03 -4.53158E-03
3.65220E+03 -4.52998E-03
3.65317E+03 -4.45253E-03
3.65413E+03 -4.38951E-03
3.65510E+03 -4.34380E-03
3.65606E+03 -4.31890E-03
3.65703E+03 -4.30554E-03
3.65799E+03 -4.26481E-03
3.65896E+03 -4.29238E-03
3.65992E+03 -4.31978E-03
3.66088E+03 -4.31731E-03
3.66185E+03 -4.30026E-03
3.66281E+03 -4.31730E-03
3.66378E+03 -4.32424E-03
3.66474E+03 -4.34294E-03
3.66571E+03 -4.38709E-03
3.66667E+03 -4.39658E-03
3.66764E+03 -4.41636E-03
3.66860E+03 -4.43830E-03
3.66956E+03 -4.49522E-03
3.67053E+03 -4.54012E-03
3.67149E+03 -4.52586E-03
3.67246E+03 -4.57333E-03
3.67342E+03 -4.67544E-03
3.67439E+03 -4.73855E-03
3.67535E+03 -4.81691E-03
3.67631E+03 -4.89413E-03
3.67728E+03 -5.00663E-03
3.67824E+03 -5.04483E-03
3.67921E+03 -5.08169E-03
3.68017E+03 -5.20488E-03
3.68114E+03 -5.28299E-03
3.68210E+03 -5.34924E-03
3.68307E+03 -5.41907E-03
3.68403E+03 -5.43641E-03
3.68499E+03 -5.42899E-03
3.68596E+03 -5.46010E-03
3.68692E+03 -5.50153E-03
3.68789E+03 -5.52645E-03
3.68885E+03 -5.43538E-03
3.68982E+03 -5.31837E-03
3.69078E+03 -5.17485E-03
3.69175E+03 -4.96990E-03
3.69271E+03 -4.68587E-03
3.69367E+03 -4.31784E-03
3.69464E+03 -3.82775E-03
3.69560E+03 -3.28392E-03
3.69657E+03 -2.69277E-03
3.69753E+03 -2.15375E-03
3.69850E+03 -1.77958E-03
3.69946E+03 -1.48664E-03
3.70042E+03 -1.28699E-03
3.70139E+03 -1.33152E-03
3.70235E+03 -1.67394E-03
3.70332E+03 -2.17938E-03
3.70428E+03 -2.74558E-03
3.70525E+03 -3.34639E-03
3.70621E+03 -3.93011E-03
3.70718E+03 -4.38312E-03
3.70814E+03 -4.81682E-03
3.70910E+03 -5.14963E-03
3.71007E+03 -5.37874E-03
3.71103E+03 -5.56006E-03
3.71200E+03 -5.67665E-03
3.71296E+03 -5.76946E-03
3.71393E+03 -5.81731E-03
3.71489E+03 -5.83364E-03
3.71586E+03 -5.84847E-03
3.71682E+03 -5.91245E-03
3.71778E+03 -5.92915E-03
3.71875E+03 -5.91621E-03
3.71971E+03 -5.98660E-03
3.72068E+03 -6.01595E-03
3.72164E+03 -5.97687E-03
3.72261E+03 -6.00344E-03
3.72357E+03 -6.07388E-03
3.72453E+03 -6.09001E-03
3.72550E+03 -6.07922E-03
3.72646E+03 -6.11838E-03
3.72743E+03 -6.16598E-03
3.72839E+03 -6.18389E-03
3.72936E+03 -6.16654E-03
3.73032E+03 -6.12126E-03
3.73129E+03 -6.12694E-03
3.73225E+03 -6.15076E-03
3.73321E+03 -6.18460E-03
3.73418E+03 -6.19976E-03
3.73514E+03 -6.19101E-03
3.73611E+03 -6.23409E-03
3.73707E+03 -6.26570E-03
3.73804E+03 -6.27043E-03
3.73900E+03 -6.29621E-03
3.73997E+03 -6.32602E-03
3.74093E+03 -6.36237E-03
3.74189E+03 -6.41557E-03
3.74286E+03 -6.43881E-03
3.74382E+03 -6.42838E-03
3.74479E+03 -6.43023E-03
3.74575E+03 -6.46570E-03
3.74672E+03 -6.47163E-03
3.74768E+03 -6.45928E-03
3.74865E+03 -6.53068E-03
3.74961E+03 -6.56423E-03
3.75057E+03 -6.50238E-03
3.75154E+03 -6.48129E-03
3.75250E+03 -6.54121E-03
3.75347E+03 -6.57891E-03
3.75443E+03 -6.56085E-03
3.75540E+03 -6.56552E-03
3.75636E+03 -6.58080E-03
3.75732E+03 -6.55616E-03
3.75829E+03 -6.53329E-03
3.75925E+03 -6.55692E-03
3.76022E+03 -6.53990E-03
3.76118E+03 -6.55307E-03
3.76215E+03 -6.62449E-03
3.76311E+03 -6.56276E-03
3.76408E+03 -6.53781E-03
3.76504E+03 -6.56213E-03
3.76600E+03 -6.51657E-03
3.76697E+03 -6.53546E-03
3.76793E+03 -6.54536E-03
3.76890E+03 -6.60641E-03
3.76986E+03 -6.66362E-03
3.77083E+03 -6.63878E-03
3.77179E+03 -6.63635E-03
3.77276E+03 -6.57806E-03
3.77372E+03 -6.58813E-03
3.77468E+03 -6.62281E-03
3.77565E+03 -6.59360E-03
3.77661E+03 -6.58624E-03
3.77758E+03 -6.62488E-03
3.77854E+03 -6.63295E-03
3.77951E+03 -6.57921E-03
3.78047E+03 -6.67816E-03
3.78143E+03 -6.78710E-03
3.78240E+03 -6.69645E-03
3.78336E+03 -6.63651E-03
3.78433E+03 -6.65336E-03
3.78529E+03 -6.64096E-03
3.78626E+03 -6.65290E-03
3.78722E+03 -6.66766E-03
3.78819E+03 -6.68583E-03
3.78915E+03 -6.73267E-03
3.79011E+03 -6.72089E-03
3.79108E+03 -6.66342E-03
3.79204E+03 -6.66760E-03
3.79301E+03 -6.71411E-03
3.79397E+03 -6.70130E-03
3.79494E+03 -6.68930E-03
3.79590E+03 -6.72941E-03
3.79687E+03 -6.78146E-03
3.79783E+03 -6.81010E-03
3.79879E+03 -6.78173E-03
3.79976E+03 -6.74982E-03
3.80072E+03 -6.68812E-03
3.80169E+03 -6.66548E-03
3.80265E+03 -6.67048E-03
3.80362E+03 -6.68921E-03
3.80458E+03 -6.76153E-03
3.80554E+03 -6.77870E-03
3.80651E+03 -6.78906E-03
3.80747E+03 -6.76269E-03
3.80844E+03 -6.78660E-03
3.80940E+03 -6.80960E-03
3.81037E+03 -6.77156E-03
3.81133E+03 -6.74712E-03
3.81230E+03 -6.72377E-03
3.81326E+03 -6.74757E-03
3.81422E+03 -6.76225E-03
3.81519E+03 -6.76410E-03
3.81615E+03 -6.78471E-03
3.81712E+03 -6.77459E-03
3.81808E+03 -6.76290E-03
3.81905E+03 -6.75574E-03
3.82001E+03 -6.78726E-03
3.82098E+03 -6.81986E-03
3.82194E+03 -6.83116E-03
3.82290E+03 -6.86179E-03
3.82387E+03 -6.82207E-03
3.82483E+03 -6.80833E-03
3.82580E+03 -6.84393E-03
3.82676E+03 -6.88930E-03
3.82773E+03 -6.86087E-03
3.82869E+03 -6.81429E-03
3.82966E+03 -6.85795E-03
3.83062E+03 -6.89427E-03
3.83158E+03 -6.88815E-03
3.83255E+03 -6.87141E-03
3.83351E+03 -6.84411E-03
3.83448E+03 -6.79939E-03
3.83544E+03 -6.80522E-03
3.83641E+03 -6.78058E-03
3.83737E+03 -6.73576E-03
3.83833E+03 -6.70914E-03
3.83930E+03 -6.72752E-03
3.84026E+03 -6.82020E-03
3.84123E+03 -6.85315E-03
3.84219E+03 -6.87187E-03
3.84316E+03 -6.93840E-03
3.84412E+03 -6.94763E-03
3.84509E+03 -6.92795E-03
3.84605E+03 -6.94188E-03
3.84701E+03 -6.90670E-03
3.84798E+03 -6.84309E-03
3.84894E+03 -6.84347E-03
3.84991E+03 -6.87753E-03
3.85087E+03 -6.89899E-03
3.85184E+03 -6.87817E-03
3.85280E+03 -6.85378E-03
3.85377E+03 -6.85940E-03
3.85473E+03 -6.83328E-03
3.85569E+03 -6.82925E-03
3.85666E+03 -6.86970E-03
3.85762E+03 -6.87534E-03
3.85859E+03 -6.85217E-03
3.85955E+03 -6.84985E-03
3.86052E+03 -6.88047E-03
3.86148E+03 -6.94982E-03
3.86244E+03 -6.91772E-03
3.86341E+03 -6.87099E-03
3.86437E+03 -6.94605E-03
3.86534E+03 -6.98951E-03
3.86630E+03 -6.93023E-03
3.86727E+03 -6.93360E-03
3.86823E+03 -6.99380E-03
3.86920E+03 -6.99451E-03
3.87016E+03 -6.96124E-03
3.87112E+03 -6.97493E-03
3.87209E+03 -6.98735E-03
3.87305E+03 -6.99503E-03
3.87402E+03 -7.03581E-03
3.87498E+03 -7.02963E-03
3.87595E+03 -7.02567E-03
3.87691E+03 -7.04116E-03
3.87788E+03 -7.05681E-03
3.87884E+03 -7.02377E-03
3.87980E+03 -7.05957E-03
3.88077E+03 -7.06359E-03
3.88173E+03 -7.00780E-03
3.88270E+03 -7.00405E-03
3.88366E+03 -7.02313E-03
3.88463E+03 -7.03681E-03
3.88559E+03 -7.03974E-03
3.88655E+03 -7.04636E-03
3.88752E+03 -7.09026E-03
3.88848E+03 -7.08272E-03
3.88945E+03 -7.07719E-03
3.89041E+03 -7.10768E-03
3.89138E+03 -7.10474E-03
3.89234E+03 -7.13098E-03
3.89331E+03 -7.10799E-03
3.89427E+03 -7.11033E-03
3.89523E+03 -7.14840E-03
3.89620E+03 -7.13789E-03
3.89716E+03 -7.12049E-03
3.89813E+03 -7.12596E-03
3.89909E+03 -7.12661E-03
3.90006E+03 -7.10094E-03
3.90102E+03 -7.10975E-03
3.90199E+03 -7.14821E-03
3.90295E+03 -7.17130E-03
3.90391E+03 -7.14439E-03
3.90488E+03 -7.07237E-03
3.90584E+03 -7.08707E-03
3.90681E+03 -7.15787E-03
3.90777E+03 -7.21665E-03
3.90874E+03 -7.18940E-03
3.90970E+03 -7.15435E-03
3.91067E+03 -7.18527E-03
3.91163E+03 -7.19651E-03
3.91259E+03 -7.19589E-03
3.91356E+03 -7.22091E-03
3.91452E+03 -7.23728E-03
3.91549E+03 -7.24065E-03
3.91645E+03 -7.22086E-03
3.91742E+03 -7.21591E-03
3.91838E+03 -7.20916E-03
3.91934E+03 -7.16586E-03
3.92031E+03 -7.17219E-03
3.92127E+03 -7.17207E-03
3.92224E+03 -7.16716E-03
3.92320E+03 -7.18108E-03
3.92417E+03 -7.19760E-03
3.92513E+03 -7.22192E-03
3.92610E+03 -7.23037E-03
3.92706E+03 -7.22899E-03
3.92802E+03 -7.20776E-03
3.92899E+03 -7.20572E-03
3.92995E+03 -7.17855E-03
3.93092E+03 -7.14312E-03
3.93188E+03 -7.20788E-03
3.93285E+03 -7.24486E-03
3.93381E+03 -7.20459E-03
3.93478E+03 -7.19485E-03
3.93574E+03 -7.27990E-03
3.93670E+03 -7.33824E-03
3.93767E+03 -7.37763E-03
3.93863E+03 -7.41198E-03
3.93960E+03 -7.34796E-03
3.94056E+03 -7.26649E-03
3.94153E+03 -7.26604E-03
3.94249E+03 -7.28751E-03
3.94346E+03 -7.24965E-03
3.94442E+03 -7.33016E-03
3.94538E+03 -7.39891E-03
3.94635E+03 -7.35550E-03
3.94731E+03 -7.31489E-03
3.94828E+03 -7.26394E-03
3.94924E+03 -7.27893E-03
3.95021E+03 -7.36940E-03
3.95117E+03 -7.33915E-03
3.95213E+03 -7.33131E-03
3.95310E+03 -7.38344E-03
3.95406E+03 -7.34116E-03
3.95503E+03 -7.34068E-03
3.95599E+03 -7.35846E-03
3.95696E+03 -7.34700E-03
3.95792E+03 -7.33360E-03
3.95889E+03 -7.32723E-03
3.95985E+03 -7.28678E-03
3.96081E+03 -7.22408E-03
3.96178E+03 -7.24998E-03
3.96274E+03 -7.29242E-03
3.96371E+03 -7.26644E-03
3.96467E+03 -7.30961E-03
3.96564E+03 -7.34544E-03
3.96660E+03 -7.39123E-03
3.96757E+03 -7.40805E-03
3.96853E+03 -7.29238E-03
3.96949E+03 -7.34285E-03
3.97046E+03 -7.40192E-03
3.97142E+03 -7.36717E-03
3.97239E+03 -7.42420E-03
3.97335E+03 -7.45615E-03
3.97432E+03 -7.46061E-03
3.97528E+03 -7.46328E-03
3.97624E+03 -7.38142E-03
3.97721E+03 -7.37227E-03
3.97817E+03 -7.41143E-03
3.97914E+03 -7.35948E-03
3.98010E+03 -7.36239E-03
3.98107E+03 -7.38932E-03
3.98203E+03 -7.34980E-03
3.98300E+03 -7.33235E-03
3.98396E+03 -7.32873E-03
3.98492E+03 -7.38589E-03
3.98589E+03 -7.43095E-03
3.98685E+03 -7.41027E-03
3.98782E+03 -7.45774E-03
3.98878E+03 -7.45738E-03
3.98975E+03 -7.40867E-03
3.99071E+03 -7.32355E-03
3.99168E+03 -7.27647E-03
3.99264E+03 -7.30742E-03
3.99360E+03 -7.37849E-03
3.99457E+03 -7.41608E-03
3.99553E+03 -7.38988E-03
3.99650E+03 -7.37197E-03
3.99746E+03 -7.40395E-03
3.99843E+03 -7.45604E-03
3.99939E+03 -7.48942E-03
4.00035E+03 -7.44766E-03
4.00132E+03 -7.37821E-03
