# {"full": "H2O:CH3OH:CO2 (0.3:0.7:1)", "name": "H2O:CH3OH:CO2", "ratio": "(0.3:0.7:1)", "url": "https://icedb.strw.leidenuniv.nl/data/49", "author": "Ehrenfreund et al."}
3.99264E+02 -8.12451E-03
4.00228E+02 6.57291E-03
4.01193E+02 4.16050E-03
4.02157E+02 -3.59077E-03
4.03122E+02 -4.69476E-03
4.04086E+02 3.05238E-03
4.05050E+02 9.39440E-04
4.06015E+02 1.56723E-02
4.06979E+02 6.61700E-02
4.07944E+02 2.89068E-02
4.08908E+02 -1.21235E-02
4.09872E+02 -8.03274E-03
4.10837E+02 -1.17546E-02
4.11801E+02 -1.23078E-02
4.12766E+02 -1.52629E-02
4.13730E+02 -8.98040E-03
4.14694E+02 -1.24314E-03
4.15659E+02 -3.99086E-03
4.16623E+02 -8.88171E-03
4.17588E+02 -1.05265E-02
4.18552E+02 -1.11646E-02
4.19516E+02 -1.67443E-02
4.20481E+02 -2.10982E-02
4.21445E+02 -4.56018E-03
4.22410E+02 5.88236E-03
4.23374E+02 5.60939E-04
4.24339E+02 -3.13421E-03
4.25303E+02 -3.87722E-03
4.26267E+02 -2.91591E-03
4.27232E+02 -2.42323E-03
4.28196E+02 -1.16391E-02
4.29161E+02 -1.48914E-02
4.30125E+02 -7.20113E-03
4.31089E+02 -5.66240E-03
4.32054E+02 -6.99136E-03
4.33018E+02 -6.26580E-03
4.33983E+02 -6.29348E-03
4.34947E+02 -4.46245E-03
4.35911E+02 -1.55842E-03
4.36876E+02 -2.89299E-03
4.37840E+02 -2.87562E-03
4.38805E+02 -3.02802E-03
4.39769E+02 -1.82482E-03
4.40733E+02 7.15256E-07
4.41698E+02 9.09091E-03
4.42662E+02 8.57585E-03
4.43627E+02 -6.24622E-03
4.44591E+02 -8.28014E-03
4.45555E+02 -5.68230E-03
4.46520E+02 -6.25500E-03
4.47484E+02 -6.73683E-03
4.48449E+02 -7.40715E-03
4.49413E+02 -5.05237E-03
4.50377E+02 -2.00935E-03
4.51342E+02 -3.59753E-03
4.52306E+02 -3.51226E-03
4.53271E+02 -3.52343E-03
4.54235E+02 -4.75116E-03
4.55199E+02 -4.30032E-03
4.56164E+02 -4.73452E-03
4.57128E+02 -5.54162E-03
4.58093E+02 -5.51312E-03
4.59057E+02 -5.25500E-03
4.60022E+02 -6.61100E-03
4.60986E+02 -7.04226E-03
4.61950E+02 -1.03527E-02
4.62915E+02 -1.53668E-02
4.63879E+02 -3.19310E-03
4.64844E+02 3.43860E-03
4.65808E+02 -8.82152E-04
4.66772E+02 -1.78353E-03
4.67737E+02 -2.33719E-03
4.68701E+02 -2.72812E-03
4.69666E+02 -3.18589E-03
4.70630E+02 -5.15185E-04
4.71594E+02 -1.16882E-03
4.72559E+02 -3.09636E-03
4.73523E+02 -3.30108E-03
4.74488E+02 -3.30327E-03
4.75452E+02 -2.61292E-03
4.76416E+02 -2.35100E-03
4.77381E+02 -3.07539E-03
4.78345E+02 -3.37544E-03
4.79310E+02 -3.39610E-03
4.80274E+02 -3.20090E-03
4.81238E+02 -2.34003E-03
4.82203E+02 -2.69180E-03
4.83167E+02 -2.08294E-03
4.84132E+02 -1.34641E-03
4.85096E+02 -3.92893E-03
4.86060E+02 -4.64383E-03
4.87025E+02 -4.20226E-03
4.87989E+02 -4.59185E-03
4.88954E+02 -4.54421E-03
4.89918E+02 -4.15004E-03
4.90883E+02 -3.59672E-03
4.91847E+02 -3.04209E-03
4.92811E+02 -2.78647E-03
4.93776E+02 -3.38233E-03
4.94740E+02 -3.28306E-03
4.95705E+02 -3.16859E-03
4.96669E+02 -3.51544E-03
4.97633E+02 -5.38058E-03
4.98598E+02 -4.82897E-03
4.99562E+02 -2.14225E-03
5.00527E+02 -2.13730E-03
5.01491E+02 -2.48127E-03
5.02455E+02 -2.51484E-03
5.03420E+02 -2.41853E-03
5.04384E+02 -1.86313E-03
5.05349E+02 1.05964E-03
5.06313E+02 1.29905E-04
5.07277E+02 -2.54909E-03
5.08242E+02 -2.23231E-03
5.09206E+02 -2.17179E-03
5.10171E+02 -2.12329E-03
5.11135E+02 -2.25318E-03
5.12099E+02 -2.32140E-03
5.13064E+02 -2.31483E-03
5.14028E+02 -2.51245E-03
5.14993E+02 -2.44649E-03
5.15957E+02 -2.07672E-03
5.16921E+02 -2.35130E-03
5.17886E+02 -2.36692E-03
5.18850E+02 -2.64742E-03
5.19815E+02 -3.19663E-03
5.20779E+02 -2.29850E-03
5.21743E+02 -1.89114E-03
5.22708E+02 -2.06809E-03
5.23672E+02 -1.82498E-03
5.24637E+02 -1.95922E-03
5.25601E+02 -1.98430E-03
5.26565E+02 -2.01927E-03
5.27530E+02 -2.05596E-03
5.28494E+02 -2.09907E-03
5.29459E+02 -2.13160E-03
5.30423E+02 -2.19693E-03
5.31388E+02 -2.27398E-03
5.32352E+02 -2.02939E-03
5.33316E+02 -1.64116E-03
5.34281E+02 -1.46502E-03
5.35245E+02 -1.82353E-03
5.36210E+02 -2.13170E-03
5.37174E+02 -2.40405E-03
5.38138E+02 -2.52037E-03
5.39103E+02 -3.63781E-03
5.40067E+02 -6.09083E-03
5.41032E+02 -2.17693E-03
5.41996E+02 1.29679E-03
5.42960E+02 -3.58127E-04
5.43925E+02 -6.07546E-04
5.44889E+02 -7.45490E-04
5.45854E+02 -9.83037E-04
5.46818E+02 -1.87426E-03
5.47782E+02 -1.70977E-03
5.48747E+02 -6.48119E-04
5.49711E+02 -6.38694E-04
5.50676E+02 -1.07869E-03
5.51640E+02 -1.17875E-03
5.52604E+02 -9.72450E-04
5.53569E+02 -6.16744E-04
5.54533E+02 -1.02384E-03
5.55498E+02 -1.68882E-03
5.56462E+02 -1.65129E-03
5.57427E+02 -1.50358E-03
5.58391E+02 -1.44877E-03
5.59355E+02 -1.27141E-03
5.60320E+02 -1.84752E-03
5.61284E+02 -2.46030E-03
5.62249E+02 -9.17375E-04
5.63213E+02 -1.38786E-04
5.64177E+02 -3.30664E-04
5.65142E+02 -3.26335E-04
5.66106E+02 -6.68690E-04
5.67071E+02 -8.11160E-04
5.68035E+02 -8.02469E-04
5.68999E+02 -7.65704E-04
5.69964E+02 -7.99846E-04
5.70928E+02 -8.75596E-04
5.71893E+02 -8.81862E-04
5.72857E+02 -7.90473E-04
5.73821E+02 -6.73678E-04
5.74786E+02 -8.19366E-04
5.75750E+02 -1.51128E-03
5.76715E+02 -9.83924E-04
5.77679E+02 -2.88967E-04
5.78643E+02 -5.13736E-04
5.79608E+02 -6.94711E-04
5.80572E+02 -7.17204E-04
5.81537E+02 -6.77425E-04
5.82501E+02 -1.39825E-04
5.83465E+02 2.45150E-04
5.84430E+02 -3.34114E-04
5.85394E+02 -5.26719E-04
5.86359E+02 -3.45945E-04
5.87323E+02 -2.70642E-04
5.88287E+02 -3.00046E-04
5.89252E+02 -1.34703E-04
5.90216E+02 -1.03321E-04
5.91181E+02 -2.92920E-04
5.92145E+02 -3.03417E-04
5.93109E+02 -2.24914E-04
5.94074E+02 -1.45286E-04
5.95038E+02 -2.46987E-04
5.96003E+02 -3.25304E-04
5.96967E+02 -9.26740E-05
5.97932E+02 1.41934E-04
5.98896E+02 2.78577E-05
5.99860E+02 -1.59584E-04
6.00825E+02 -1.31097E-04
6.01789E+02 -7.27922E-06
6.02754E+02 -1.30191E-04
6.03718E+02 -3.37847E-04
6.04682E+02 -7.64765E-05
6.05647E+02 1.20651E-04
6.06611E+02 1.57449E-04
6.07576E+02 3.54268E-04
6.08540E+02 5.08584E-04
6.09504E+02 5.20270E-04
6.10469E+02 5.35790E-04
6.11433E+02 5.90213E-04
6.12398E+02 6.85591E-04
6.13362E+02 6.84179E-04
6.14326E+02 5.92466E-04
6.15291E+02 7.59240E-04
6.16255E+02 1.00204E-03
6.17220E+02 1.11895E-03
6.18184E+02 6.61865E-04
6.19148E+02 8.24355E-04
6.20113E+02 1.37669E-03
6.21077E+02 1.45765E-03
6.22042E+02 1.64162E-03
6.23006E+02 1.91432E-03
6.23971E+02 1.90947E-03
6.24935E+02 1.49597E-03
6.25899E+02 1.78507E-03
6.26864E+02 2.48908E-03
6.27828E+02 2.95650E-03
6.28793E+02 3.17904E-03
6.29757E+02 3.44131E-03
6.30721E+02 3.64126E-03
6.31686E+02 4.20414E-03
6.32650E+02 5.03850E-03
6.33615E+02 5.54088E-03
6.34579E+02 6.11735E-03
6.35543E+02 6.90822E-03
6.36508E+02 7.83223E-03
6.37472E+02 8.69356E-03
6.38437E+02 9.21813E-03
6.39401E+02 1.08178E-02
6.40365E+02 1.28485E-02
6.41330E+02 1.40935E-02
6.42294E+02 1.55072E-02
6.43259E+02 1.69330E-02
6.44223E+02 1.82010E-02
6.45187E+02 1.93181E-02
6.46152E+02 2.03035E-02
6.47116E+02 2.10941E-02
6.48081E+02 2.13817E-02
6.49045E+02 2.12100E-02
6.50009E+02 2.09883E-02
6.50974E+02 2.09686E-02
6.51938E+02 2.08880E-02
6.52903E+02 2.14181E-02
6.53867E+02 2.30365E-02
6.54831E+02 2.47824E-02
6.55796E+02 2.58633E-02
6.56760E+02 2.62254E-02
6.57725E+02 2.59832E-02
6.58689E+02 2.56882E-02
6.59654E+02 2.44642E-02
6.60618E+02 2.20303E-02
6.61582E+02 2.03928E-02
6.62547E+02 1.88424E-02
6.63511E+02 1.67367E-02
6.64476E+02 1.45765E-02
6.65440E+02 1.25853E-02
6.66404E+02 1.07924E-02
6.67369E+02 8.94737E-03
6.68333E+02 7.18061E-03
6.69298E+02 5.59418E-03
6.70262E+02 4.21458E-03
6.71226E+02 3.11550E-03
6.72191E+02 2.28321E-03
6.73155E+02 1.76446E-03
6.74120E+02 1.39827E-03
6.75084E+02 1.17852E-03
6.76048E+02 1.11759E-03
6.77013E+02 9.65819E-04
6.77977E+02 9.43743E-04
6.78942E+02 1.02938E-03
6.79906E+02 1.14382E-03
6.80870E+02 9.78641E-04
6.81835E+02 8.32114E-04
6.82799E+02 1.06012E-03
6.83764E+02 1.03954E-03
6.84728E+02 1.06490E-03
6.85692E+02 1.15058E-03
6.86657E+02 1.13207E-03
6.87621E+02 9.40900E-04
6.88586E+02 9.97413E-04
6.89550E+02 1.00199E-03
6.90514E+02 1.03790E-03
6.91479E+02 9.08513E-04
6.92443E+02 7.00310E-04
6.93408E+02 1.34896E-04
6.94372E+02 2.31589E-03
6.95337E+02 7.18667E-03
6.96301E+02 4.87922E-03
6.97265E+02 2.45022E-03
6.98230E+02 2.29127E-03
6.99194E+02 2.00724E-03
7.00159E+02 1.61478E-03
7.01123E+02 4.19721E-03
7.02087E+02 1.08164E-02
7.03052E+02 6.64432E-03
7.04016E+02 1.01724E-03
7.04981E+02 2.16141E-05
7.05945E+02 2.32093E-03
7.06909E+02 4.24331E-03
7.07874E+02 2.70994E-03
7.08838E+02 2.79523E-03
7.09803E+02 2.94171E-03
7.10767E+02 2.74605E-03
7.11731E+02 2.51875E-03
7.12696E+02 2.53889E-03
7.13660E+02 2.39133E-03
7.14625E+02 2.43605E-03
7.15589E+02 2.56168E-03
7.16553E+02 2.05187E-03
7.17518E+02 1.72045E-03
7.18482E+02 2.01526E-03
7.19447E+02 1.96642E-03
7.20411E+02 2.00203E-03
7.21375E+02 2.14011E-03
7.22340E+02 2.06178E-03
7.23304E+02 2.07549E-03
7.24269E+02 2.27284E-03
7.25233E+02 2.26543E-03
7.26198E+02 2.22199E-03
7.27162E+02 2.30839E-03
7.28126E+02 2.45658E-03
7.29091E+02 2.45308E-03
7.30055E+02 2.50429E-03
7.31020E+02 2.54045E-03
7.31984E+02 2.54481E-03
7.32948E+02 2.53330E-03
7.33913E+02 2.60209E-03
7.34877E+02 2.60135E-03
7.35842E+02 2.65937E-03
7.36806E+02 2.88203E-03
7.37770E+02 2.67097E-03
7.38735E+02 2.51521E-03
7.39699E+02 2.65986E-03
7.40664E+02 2.70465E-03
7.41628E+02 2.50541E-03
7.42592E+02 2.43504E-03
7.43557E+02 2.57311E-03
7.44521E+02 2.59815E-03
7.45486E+02 2.60809E-03
7.46450E+02 2.65516E-03
7.47414E+02 2.84291E-03
7.48379E+02 2.89111E-03
7.49343E+02 2.84513E-03
7.50308E+02 2.77349E-03
7.51272E+02 2.70933E-03
7.52236E+02 2.72185E-03
7.53201E+02 2.72059E-03
7.54165E+02 2.76956E-03
7.55130E+02 2.88947E-03
7.56094E+02 2.99172E-03
7.57058E+02 2.96956E-03
7.58023E+02 2.90179E-03
7.58987E+02 2.80067E-03
7.59952E+02 2.88509E-03
7.60916E+02 2.98070E-03
7.61880E+02 3.00785E-03
7.62845E+02 2.97280E-03
7.63809E+02 2.97200E-03
7.64774E+02 3.15278E-03
7.65738E+02 3.17491E-03
7.66703E+02 3.09576E-03
7.67667E+02 3.02389E-03
7.68631E+02 2.98019E-03
7.69596E+02 3.10078E-03
7.70560E+02 3.03128E-03
7.71525E+02 3.22786E-03
7.72489E+02 3.62357E-03
7.73453E+02 3.25137E-03
7.74418E+02 3.01149E-03
7.75382E+02 2.99297E-03
7.76347E+02 2.86677E-03
7.77311E+02 2.79836E-03
7.78275E+02 2.79757E-03
7.79240E+02 2.91986E-03
7.80204E+02 3.14264E-03
7.81169E+02 3.16069E-03
7.82133E+02 3.01059E-03
7.83097E+02 3.07255E-03
7.84062E+02 3.23486E-03
7.85026E+02 3.08719E-03
7.85991E+02 2.80123E-03
7.86955E+02 2.96721E-03
7.87919E+02 3.12672E-03
7.88884E+02 3.13871E-03
7.89848E+02 3.15321E-03
7.90813E+02 3.09341E-03
7.91777E+02 2.98755E-03
7.92742E+02 3.20543E-03
7.93706E+02 3.57907E-03
7.94670E+02 3.33845E-03
7.95635E+02 3.09439E-03
7.96599E+02 3.01770E-03
7.97564E+02 2.98437E-03
7.98528E+02 3.06015E-03
7.99492E+02 3.16211E-03
8.00457E+02 3.17643E-03
8.01421E+02 3.13424E-03
8.02386E+02 3.10723E-03
8.03350E+02 3.01837E-03
8.04314E+02 2.98693E-03
8.05279E+02 2.91160E-03
8.06243E+02 2.86677E-03
8.07208E+02 2.94597E-03
8.08172E+02 3.00285E-03
8.09136E+02 2.97464E-03
8.10101E+02 2.92546E-03
8.11065E+02 2.83907E-03
8.12030E+02 2.93434E-03
8.12994E+02 2.94172E-03
8.13958E+02 2.89827E-03
8.14923E+02 3.17709E-03
8.15887E+02 3.07002E-03
8.16852E+02 2.88332E-03
8.17816E+02 2.84233E-03
8.18780E+02 2.86990E-03
8.19745E+02 2.91247E-03
8.20709E+02 2.79843E-03
8.21674E+02 2.77151E-03
8.22638E+02 2.74499E-03
8.23602E+02 2.67848E-03
8.24567E+02 2.73614E-03
8.25531E+02 2.75056E-03
8.26496E+02 2.74204E-03
8.27460E+02 2.78974E-03
8.28424E+02 2.83781E-03
8.29389E+02 2.76534E-03
8.30353E+02 2.72815E-03
8.31318E+02 2.78323E-03
8.32282E+02 2.80916E-03
8.33247E+02 2.74278E-03
8.34211E+02 2.57231E-03
8.35175E+02 2.64784E-03
8.36140E+02 2.74822E-03
8.37104E+02 2.61004E-03
8.38069E+02 2.76392E-03
8.39033E+02 2.89457E-03
8.39997E+02 2.54270E-03
8.40962E+02 2.31656E-03
8.41926E+02 1.97951E-03
8.42891E+02 2.16272E-03
8.43855E+02 2.57455E-03
8.44819E+02 2.56985E-03
8.45784E+02 2.55734E-03
8.46748E+02 2.24603E-03
8.47713E+02 2.33316E-03
8.48677E+02 2.07952E-03
8.49641E+02 1.04256E-03
8.50606E+02 1.25179E-03
8.51570E+02 1.85169E-03
8.52535E+02 2.02725E-03
8.53499E+02 2.16950E-03
8.54463E+02 1.99620E-03
8.55428E+02 1.66331E-03
8.56392E+02 1.77408E-03
8.57357E+02 2.18192E-03
8.58321E+02 1.98229E-03
8.59286E+02 1.66486E-03
8.60250E+02 2.20946E-03
8.61214E+02 2.19972E-03
8.62179E+02 1.64146E-03
8.63143E+02 1.93445E-03
8.64108E+02 2.14581E-03
8.65072E+02 2.03033E-03
8.66036E+02 1.81996E-03
8.67001E+02 1.34060E-03
8.67965E+02 1.36666E-03
8.68930E+02 1.67747E-03
8.69894E+02 1.16218E-03
8.70858E+02 1.49931E-03
8.71823E+02 2.06207E-03
8.72787E+02 1.70585E-03
8.73752E+02 1.80918E-03
8.74716E+02 1.97250E-03
8.75680E+02 1.71045E-03
8.76645E+02 1.53652E-03
8.77609E+02 1.81371E-03
8.78574E+02 1.80996E-03
8.79538E+02 1.51896E-03
8.80502E+02 1.44439E-03
8.81467E+02 1.34769E-03
8.82431E+02 1.29623E-03
8.83396E+02 1.28312E-03
8.84360E+02 1.07668E-03
8.85324E+02 1.02990E-03
8.86289E+02 1.18271E-03
8.87253E+02 1.07497E-03
8.88218E+02 1.15140E-03
8.89182E+02 1.21084E-03
8.90146E+02 1.14344E-03
8.91111E+02 8.85643E-04
8.92075E+02 8.61276E-04
8.93040E+02 1.23107E-03
8.94004E+02 1.17838E-03
8.94969E+02 1.04058E-03
8.95933E+02 9.64094E-04
8.96897E+02 9.00511E-04
8.97862E+02 9.06520E-04
8.98826E+02 7.64798E-04
8.99791E+02 7.84457E-04
9.00755E+02 9.00190E-04
9.01719E+02 7.46913E-04
9.02684E+02 7.08617E-04
9.03648E+02 7.62690E-04
9.04613E+02 7.54412E-04
9.05577E+02 7.52207E-04
9.06541E+02 6.39267E-04
9.07506E+02 6.09014E-04
9.08470E+02 6.26214E-04
9.09435E+02 5.26588E-04
9.10399E+02 4.37204E-04
9.11363E+02 4.17098E-04
9.12328E+02 2.88069E-04
9.13292E+02 2.68579E-04
9.14257E+02 3.52409E-04
9.15221E+02 2.95550E-04
9.16185E+02 2.94968E-04
9.17150E+02 2.85953E-04
9.18114E+02 1.11841E-04
9.19079E+02 1.59625E-04
9.20043E+02 2.96321E-04
9.21007E+02 2.13630E-04
9.21972E+02 1.46646E-04
9.22936E+02 1.65973E-04
9.23901E+02 6.62096E-05
9.24865E+02 -1.01365E-05
9.25829E+02 -2.22262E-04
9.26794E+02 -2.96868E-04
9.27758E+02 1.07441E-04
9.28723E+02 2.25969E-04
9.29687E+02 1.67523E-04
9.30651E+02 8.85911E-05
9.31616E+02 -6.34454E-05
9.32580E+02 2.47620E-05
9.33545E+02 6.13444E-05
9.34509E+02 -3.47394E-04
9.35474E+02 -4.56497E-04
9.36438E+02 -2.94302E-04
9.37402E+02 -3.21317E-04
9.38367E+02 -4.34875E-04
9.39331E+02 -4.09521E-04
9.40296E+02 -4.67312E-04
9.41260E+02 -4.24013E-04
9.42224E+02 -2.73477E-04
9.43189E+02 -3.66364E-04
9.44153E+02 -3.57926E-04
9.45118E+02 -4.00692E-04
9.46082E+02 -3.84670E-04
9.47046E+02 -3.05079E-04
9.48011E+02 -5.77711E-04
9.48975E+02 -7.74700E-04
9.49940E+02 -6.39137E-04
9.50904E+02 -6.08910E-04
9.51868E+02 -6.34398E-04
9.52833E+02 -6.45116E-04
9.53797E+02 -7.10223E-04
9.54762E+02 -7.93949E-04
9.55726E+02 -8.03508E-04
9.56690E+02 -8.07863E-04
9.57655E+02 -7.97424E-04
9.58619E+02 -7.24163E-04
9.59584E+02 -7.61654E-04
9.60548E+02 -8.00304E-04
9.61513E+02 -6.85874E-04
9.62477E+02 -6.32469E-04
9.63441E+02 -6.69867E-04
9.64406E+02 -7.58566E-04
9.65370E+02 -7.85284E-04
9.66335E+02 -7.93230E-04
9.67299E+02 -8.18830E-04
9.68263E+02 -1.04792E-03
9.69228E+02 -1.28967E-03
9.70192E+02 -1.02783E-03
9.71157E+02 -9.22300E-04
9.72121E+02 -1.00549E-03
9.73085E+02 -9.52151E-04
9.74050E+02 -8.68551E-04
9.75014E+02 -8.21181E-04
9.75979E+02 -8.59536E-04
9.76943E+02 -9.42953E-04
9.77907E+02 -9.70025E-04
9.78872E+02 -9.12152E-04
9.79836E+02 -8.92945E-04
9.80801E+02 -8.79005E-04
9.81765E+02 -9.32522E-04
9.82729E+02 -1.05068E-03
9.83694E+02 -1.07188E-03
9.84658E+02 -1.02505E-03
9.85623E+02 -1.00930E-03
9.86587E+02 -9.68490E-04
9.87551E+02 -9.78161E-04
9.88516E+02 -9.04858E-04
9.89480E+02 -8.04268E-04
9.90445E+02 -8.34510E-04
9.91409E+02 -7.47398E-04
9.92373E+02 -6.06339E-04
9.93338E+02 -5.52677E-04
9.94302E+02 -3.28172E-04
9.95267E+02 -1.61674E-04
9.96231E+02 2.01341E-04
9.97195E+02 5.06084E-04
9.98160E+02 3.24182E-04
9.99124E+02 7.49044E-04
1.00009E+03 1.33193E-03
1.00105E+03 1.84977E-03
1.00202E+03 2.52192E-03
1.00298E+03 3.64159E-03
1.00395E+03 3.35226E-03
1.00491E+03 2.76010E-03
1.00588E+03 4.33401E-03
1.00684E+03 5.73614E-03
1.00780E+03 6.77462E-03
1.00877E+03 7.77540E-03
1.00973E+03 8.64484E-03
1.01070E+03 9.93251E-03
1.01166E+03 1.11877E-02
1.01263E+03 1.19924E-02
1.01359E+03 1.30202E-02
1.01455E+03 1.43039E-02
1.01552E+03 1.54553E-02
1.01648E+03 1.66827E-02
1.01745E+03 1.80900E-02
1.01841E+03 1.95489E-02
1.01938E+03 2.07086E-02
1.02034E+03 2.18769E-02
1.02131E+03 2.28808E-02
1.02227E+03 2.38318E-02
1.02323E+03 2.45988E-02
1.02420E+03 2.58019E-02
1.02516E+03 2.54634E-02
1.02613E+03 2.37254E-02
1.02709E+03 2.37953E-02
1.02806E+03 2.37518E-02
1.02902E+03 2.31299E-02
1.02999E+03 2.24811E-02
1.03095E+03 2.16803E-02
1.03191E+03 2.10097E-02
1.03288E+03 2.02538E-02
1.03384E+03 1.90850E-02
1.03481E+03 1.78987E-02
1.03577E+03 1.66734E-02
1.03674E+03 1.54544E-02
1.03770E+03 1.42632E-02
1.03866E+03 1.29133E-02
1.03963E+03 1.16245E-02
1.04059E+03 1.03991E-02
1.04156E+03 9.10944E-03
1.04252E+03 7.85281E-03
1.04349E+03 6.51312E-03
1.04445E+03 5.31273E-03
1.04542E+03 3.86115E-03
1.04638E+03 2.49884E-03
1.04734E+03 2.16958E-03
1.04831E+03 1.81738E-03
1.04927E+03 1.16903E-03
1.05024E+03 5.81704E-04
1.05120E+03 1.40995E-04
1.05217E+03 -2.13817E-04
1.05313E+03 -4.45370E-04
1.05410E+03 -6.00159E-04
1.05506E+03 -7.09198E-04
1.05602E+03 -7.27948E-04
1.05699E+03 -8.94479E-04
1.05795E+03 -9.84617E-04
1.05892E+03 -8.92561E-04
1.05988E+03 -9.59605E-04
1.06085E+03 -1.23421E-03
1.06181E+03 -1.22339E-03
1.06278E+03 -1.01080E-03
1.06374E+03 -9.83719E-04
1.06470E+03 -1.07047E-03
1.06567E+03 -1.09737E-03
1.06663E+03 -1.22380E-03
1.06760E+03 -1.05001E-03
1.06856E+03 -8.22019E-04
1.06953E+03 -9.05462E-04
1.07049E+03 -9.61866E-04
1.07145E+03 -9.39008E-04
1.07242E+03 -9.73426E-04
1.07338E+03 -1.04776E-03
1.07435E+03 -1.40509E-03
1.07531E+03 -1.51303E-03
1.07628E+03 -1.27426E-03
1.07724E+03 -1.27609E-03
1.07821E+03 -1.38224E-03
1.07917E+03 -1.42298E-03
1.08013E+03 -1.53287E-03
1.08110E+03 -2.32457E-03
1.08206E+03 -1.96010E-03
1.08303E+03 -1.09814E-03
1.08399E+03 -1.10793E-03
1.08496E+03 -1.08327E-03
1.08592E+03 -1.14328E-03
1.08689E+03 -1.08071E-03
1.08785E+03 -8.69017E-04
1.08881E+03 -1.09967E-03
1.08978E+03 -1.30239E-03
1.09074E+03 -1.17635E-03
1.09171E+03 -1.09891E-03
1.09267E+03 -1.01710E-03
1.09364E+03 -1.02661E-03
1.09460E+03 -9.62339E-04
1.09556E+03 -9.79941E-04
1.09653E+03 -1.06586E-03
1.09749E+03 -1.00547E-03
1.09846E+03 -9.69645E-04
1.09942E+03 -8.33601E-04
1.10039E+03 -7.25232E-04
1.10135E+03 -4.09141E-04
1.10232E+03 -7.48042E-04
1.10328E+03 -1.26441E-03
1.10424E+03 -8.94770E-04
1.10521E+03 -6.84511E-04
1.10617E+03 -4.96369E-04
1.10714E+03 -3.39948E-04
1.10810E+03 -2.42531E-04
1.10907E+03 6.61165E-05
1.11003E+03 2.95855E-04
1.11100E+03 4.19948E-04
1.11196E+03 5.80490E-04
1.11292E+03 5.97276E-04
1.11389E+03 7.08617E-04
1.11485E+03 9.10640E-04
1.11582E+03 9.68095E-04
1.11678E+03 1.08258E-03
1.11775E+03 1.22808E-03
1.11871E+03 1.22800E-03
1.11968E+03 1.25741E-03
1.12064E+03 1.27967E-03
1.12160E+03 1.31323E-03
1.12257E+03 1.33736E-03
1.12353E+03 1.27634E-03
1.12450E+03 1.44706E-03
1.12546E+03 1.58638E-03
1.12643E+03 1.53498E-03
1.12739E+03 1.50327E-03
1.12835E+03 1.46799E-03
1.12932E+03 1.42631E-03
1.13028E+03 1.46076E-03
1.13125E+03 1.44568E-03
1.13221E+03 1.32552E-03
1.13318E+03 1.17342E-03
1.13414E+03 1.05286E-03
1.13511E+03 9.46727E-04
1.13607E+03 7.27616E-04
1.13703E+03 5.98729E-04
1.13800E+03 4.98168E-04
1.13896E+03 3.12861E-04
1.13993E+03 1.12463E-04
1.14089E+03 -1.02270E-04
1.14186E+03 -2.70642E-04
1.14282E+03 -4.08240E-04
1.14379E+03 -5.72499E-04
1.14475E+03 -7.12346E-04
1.14571E+03 -7.89825E-04
1.14668E+03 -8.44780E-04
1.14764E+03 -8.36123E-04
1.14861E+03 -7.84963E-04
1.14957E+03 -8.49020E-04
1.15054E+03 -9.03104E-04
1.15150E+03 -1.00603E-03
1.15246E+03 -9.71582E-04
1.15343E+03 -7.51197E-04
1.15439E+03 -9.10185E-04
1.15536E+03 -1.09204E-03
1.15632E+03 -9.83637E-04
1.15729E+03 -1.02658E-03
1.15825E+03 -1.17417E-03
1.15922E+03 -9.45404E-04
1.16018E+03 -7.27199E-04
1.16114E+03 -8.10098E-04
1.16211E+03 -9.62961E-04
1.16307E+03 -9.65063E-04
1.16404E+03 -8.70764E-04
1.16500E+03 -8.79902E-04
1.16597E+03 -9.55842E-04
1.16693E+03 -1.01322E-03
1.16790E+03 -9.92697E-04
1.16886E+03 -9.43944E-04
1.16982E+03 -9.66202E-04
1.17079E+03 -1.01270E-03
1.17175E+03 -1.01514E-03
1.17272E+03 -1.02479E-03
1.17368E+03 -1.07705E-03
1.17465E+03 -1.16508E-03
1.17561E+03 -1.12991E-03
1.17657E+03 -1.08831E-03
1.17754E+03 -1.11732E-03
1.17850E+03 -1.03712E-03
1.17947E+03 -1.08683E-03
1.18043E+03 -1.19282E-03
1.18140E+03 -1.15171E-03
1.18236E+03 -1.05551E-03
1.18333E+03 -1.01113E-03
1.18429E+03 -1.09180E-03
1.18525E+03 -1.12449E-03
1.18622E+03 -1.06381E-03
1.18718E+03 -1.00828E-03
1.18815E+03 -1.01803E-03
1.18911E+03 -1.05712E-03
1.19008E+03 -1.16175E-03
1.19104E+03 -1.15635E-03
1.19201E+03 -1.11705E-03
1.19297E+03 -1.20146E-03
1.19393E+03 -1.16580E-03
1.19490E+03 -1.08343E-03
1.19586E+03 -1.06771E-03
1.19683E+03 -1.10694E-03
1.19779E+03 -1.15510E-03
1.19876E+03 -1.12635E-03
1.19972E+03 -1.11236E-03
1.20069E+03 -1.17424E-03
1.20165E+03 -1.10543E-03
1.20261E+03 -1.02497E-03
1.20358E+03 -1.04616E-03
1.20454E+03 -1.08163E-03
1.20551E+03 -1.11392E-03
1.20647E+03 -1.03688E-03
1.20744E+03 -1.02034E-03
1.20840E+03 -1.09005E-03
1.20936E+03 -1.05636E-03
1.21033E+03 -1.05742E-03
1.21129E+03 -1.09297E-03
1.21226E+03 -1.07692E-03
1.21322E+03 -1.08216E-03
1.21419E+03 -1.04206E-03
1.21515E+03 -9.39950E-04
1.21612E+03 -9.39619E-04
1.21708E+03 -9.95521E-04
1.21804E+03 -9.74707E-04
1.21901E+03 -9.59508E-04
1.21997E+03 -1.09082E-03
1.22094E+03 -1.12783E-03
1.22190E+03 -1.03721E-03
1.22287E+03 -9.66381E-04
1.22383E+03 -9.83190E-04
1.22480E+03 -9.89303E-04
1.22576E+03 -9.73765E-04
1.22672E+03 -8.99930E-04
1.22769E+03 -8.52350E-04
1.22865E+03 -8.56631E-04
1.22962E+03 -9.33677E-04
1.23058E+03 -8.25942E-04
1.23155E+03 -9.13922E-04
1.23251E+03 -8.49269E-04
1.23347E+03 -2.85554E-03
1.23444E+03 -4.41640E-03
1.23540E+03 -1.70394E-03
1.23637E+03 -4.69513E-04
1.23733E+03 -6.48513E-04
1.23830E+03 -6.49784E-04
1.23926E+03 -7.73393E-04
1.24023E+03 -7.33092E-04
1.24119E+03 -9.02135E-04
1.24215E+03 -9.13259E-04
1.24312E+03 -8.59451E-04
1.24408E+03 -8.98194E-04
1.24505E+03 -9.08747E-04
1.24601E+03 -8.65314E-04
1.24698E+03 -9.29710E-04
1.24794E+03 -9.82907E-04
1.24891E+03 -9.96929E-04
1.24987E+03 -9.42778E-04
1.25083E+03 -8.93977E-04
1.25180E+03 -8.92375E-04
1.25276E+03 -9.16254E-04
1.25373E+03 -9.26409E-04
1.25469E+03 -9.43143E-04
1.25566E+03 -8.66774E-04
1.25662E+03 -7.62966E-04
1.25759E+03 -7.90484E-04
1.25855E+03 -8.81627E-04
1.25951E+03 -9.22937E-04
1.26048E+03 -8.70157E-04
1.26144E+03 -8.54924E-04
1.26241E+03 -8.80349E-04
1.26337E+03 -8.78949E-04
1.26434E+03 -8.49977E-04
1.26530E+03 -8.29481E-04
1.26626E+03 -8.70083E-04
1.26723E+03 -8.98954E-04
1.26819E+03 -9.08729E-04
1.26916E+03 -9.06974E-04
1.27012E+03 -9.30071E-04
1.27109E+03 -8.73908E-04
1.27205E+03 -7.89672E-04
1.27302E+03 -8.54891E-04
1.27398E+03 -9.02779E-04
1.27494E+03 -8.57998E-04
1.27591E+03 -8.36987E-04
1.27687E+03 -8.48301E-04
1.27784E+03 -8.57022E-04
1.27880E+03 -8.59160E-04
1.27977E+03 -8.46528E-04
1.28073E+03 -8.01928E-04
1.28170E+03 -8.08023E-04
1.28266E+03 -8.43711E-04
1.28362E+03 -8.18972E-04
1.28459E+03 -7.84483E-04
1.28555E+03 -8.09863E-04
1.28652E+03 -8.33977E-04
1.28748E+03 -8.04659E-04
1.28845E+03 -7.79349E-04
1.28941E+03 -7.95104E-04
1.29037E+03 -7.89270E-04
1.29134E+03 -8.08537E-04
1.29230E+03 -8.26672E-04
1.29327E+03 -7.52736E-04
1.29423E+03 -6.75481E-04
1.29520E+03 -7.36203E-04
1.29616E+03 -7.84080E-04
1.29713E+03 -7.10931E-04
1.29809E+03 -6.95650E-04
1.29905E+03 -7.43147E-04
1.30002E+03 -7.40729E-04
1.30098E+03 -7.28693E-04
1.30195E+03 -7.33037E-04
1.30291E+03 -6.92856E-04
1.30388E+03 -6.67937E-04
1.30484E+03 -6.92721E-04
1.30581E+03 -7.18839E-04
1.30677E+03 -7.05902E-04
1.30773E+03 -7.13602E-04
1.30870E+03 -7.68360E-04
1.30966E+03 -7.82643E-04
1.31063E+03 -7.47669E-04
1.31159E+03 -7.31524E-04
1.31256E+03 -7.64728E-04
1.31352E+03 -6.98917E-04
1.31448E+03 -6.33769E-04
1.31545E+03 -6.24456E-04
1.31641E+03 -6.22220E-04
1.31738E+03 -6.77202E-04
1.31834E+03 -7.44183E-04
1.31931E+03 -7.07056E-04
1.32027E+03 -6.51628E-04
1.32124E+03 -6.50499E-04
1.32220E+03 -6.52619E-04
1.32316E+03 -6.59548E-04
1.32413E+03 -6.40079E-04
1.32509E+03 -6.38101E-04
1.32606E+03 -6.26553E-04
1.32702E+03 -6.31347E-04
1.32799E+03 -6.51862E-04
1.32895E+03 -6.25949E-04
1.32992E+03 -6.32204E-04
1.33088E+03 -6.51889E-04
1.33184E+03 -6.51255E-04
1.33281E+03 -6.35423E-04
1.33377E+03 -5.52487E-04
1.33474E+03 -5.61345E-04
1.33570E+03 -6.23573E-04
1.33667E+03 -5.47089E-04
1.33763E+03 -5.01066E-04
1.33860E+03 -6.45444E-04
1.33956E+03 -8.60825E-04
1.34052E+03 -9.93963E-04
1.34149E+03 -9.51756E-04
1.34245E+03 -8.92524E-04
1.34342E+03 -1.05800E-03
1.34438E+03 -1.00374E-03
1.34535E+03 -6.73339E-04
1.34631E+03 -5.91859E-04
1.34727E+03 -5.79786E-04
1.34824E+03 -6.12080E-04
1.34920E+03 -9.19942E-04
1.35017E+03 -1.15647E-03
1.35113E+03 -7.83123E-04
1.35210E+03 -4.05725E-04
1.35306E+03 -4.96384E-04
1.35403E+03 -6.95087E-04
1.35499E+03 -8.22917E-04
1.35595E+03 -6.75272E-04
1.35692E+03 -5.38625E-04
1.35788E+03 -5.33216E-04
1.35885E+03 -4.72110E-04
1.35981E+03 -3.85523E-04
1.36078E+03 -2.71559E-04
1.36174E+03 -1.76627E-04
1.36271E+03 -1.15678E-04
1.36367E+03 -1.40917E-04
1.36463E+03 -2.01683E-04
1.36560E+03 -1.95041E-04
1.36656E+03 -2.03189E-04
1.36753E+03 -2.15098E-04
1.36849E+03 -2.21826E-04
1.36946E+03 -1.69102E-04
1.37042E+03 -1.40335E-04
1.37138E+03 -1.24510E-04
1.37235E+03 -7.20918E-05
1.37331E+03 -2.25790E-05
1.37428E+03 7.02702E-05
1.37524E+03 1.14679E-04
1.37621E+03 1.57893E-04
1.37717E+03 1.49999E-04
1.37814E+03 1.59919E-04
1.37910E+03 2.40494E-04
1.38006E+03 2.73019E-04
1.38103E+03 2.56445E-04
1.38199E+03 2.34798E-04
1.38296E+03 7.03521E-05
1.38392E+03 -1.25851E-04
1.38489E+03 -9.60715E-05
1.38585E+03 -4.27291E-06
1.38682E+03 1.03079E-05
1.38778E+03 -1.84774E-05
1.38874E+03 3.14936E-05
1.38971E+03 -1.64136E-05
1.39067E+03 -5.55366E-05
1.39164E+03 1.54238E-04
1.39260E+03 3.13818E-04
1.39357E+03 3.02143E-04
1.39453E+03 3.84931E-04
1.39550E+03 5.19421E-04
1.39646E+03 6.15302E-04
1.39742E+03 7.37678E-04
1.39839E+03 8.58411E-04
1.39935E+03 9.29348E-04
1.40032E+03 9.63464E-04
1.40128E+03 1.13072E-03
1.40225E+03 1.25596E-03
1.40321E+03 1.30255E-03
1.40417E+03 1.32652E-03
1.40514E+03 1.42550E-03
1.40610E+03 1.57966E-03
1.40707E+03 1.62493E-03
1.40803E+03 1.65014E-03
1.40900E+03 1.75104E-03
1.40996E+03 1.83409E-03
1.41093E+03 1.82962E-03
1.41189E+03 1.85969E-03
1.41285E+03 1.86781E-03
1.41382E+03 1.96044E-03
1.41478E+03 2.08897E-03
1.41575E+03 2.10963E-03
1.41671E+03 2.14558E-03
1.41768E+03 2.18257E-03
1.41864E+03 2.24142E-03
1.41961E+03 2.30426E-03
1.42057E+03 2.21637E-03
1.42153E+03 2.13746E-03
1.42250E+03 2.18681E-03
1.42346E+03 2.26310E-03
1.42443E+03 2.31032E-03
1.42539E+03 2.30068E-03
1.42636E+03 2.34725E-03
1.42732E+03 2.37742E-03
1.42828E+03 2.36913E-03
1.42925E+03 2.38756E-03
1.43021E+03 2.35123E-03
1.43118E+03 2.34208E-03
1.43214E+03 2.33620E-03
1.43311E+03 2.32873E-03
1.43407E+03 2.35494E-03
1.43504E+03 2.29755E-03
1.43600E+03 2.25717E-03
1.43696E+03 2.31449E-03
1.43793E+03 2.33088E-03
1.43889E+03 2.31983E-03
1.43986E+03 2.38645E-03
1.44082E+03 2.48130E-03
1.44179E+03 2.53175E-03
1.44275E+03 2.63995E-03
1.44372E+03 2.77426E-03
1.44468E+03 2.89841E-03
1.44564E+03 2.97872E-03
1.44661E+03 2.98984E-03
1.44757E+03 3.05398E-03
1.44854E+03 3.12472E-03
1.44950E+03 3.15241E-03
1.45047E+03 3.12769E-03
1.45143E+03 3.10333E-03
1.45240E+03 3.16764E-03
1.45336E+03 3.24760E-03
1.45432E+03 3.27335E-03
1.45529E+03 3.31534E-03
1.45625E+03 3.45224E-03
1.45722E+03 3.63794E-03
1.45818E+03 3.71752E-03
1.45915E+03 3.78044E-03
1.46011E+03 3.88250E-03
1.46107E+03 3.93590E-03
1.46204E+03 4.00229E-03
1.46300E+03 3.96220E-03
1.46397E+03 3.87895E-03
1.46493E+03 3.83030E-03
1.46590E+03 3.69764E-03
1.46686E+03 3.58236E-03
1.46783E+03 3.37564E-03
1.46879E+03 3.14415E-03
1.46975E+03 3.01684E-03
1.47072E+03 2.93388E-03
1.47168E+03 3.05150E-03
1.47265E+03 3.24558E-03
1.47361E+03 3.41845E-03
1.47458E+03 3.57675E-03
1.47554E+03 3.72417E-03
1.47651E+03 3.79810E-03
1.47747E+03 3.71191E-03
1.47843E+03 3.66476E-03
1.47940E+03 3.53090E-03
1.48036E+03 3.32860E-03
1.48133E+03 3.17883E-03
1.48229E+03 2.99646E-03
1.48326E+03 2.74808E-03
1.48422E+03 2.48826E-03
1.48518E+03 2.34004E-03
1.48615E+03 2.15527E-03
1.48711E+03 1.96914E-03
1.48808E+03 1.82250E-03
1.48904E+03 1.62835E-03
1.49001E+03 1.51322E-03
1.49097E+03 1.33530E-03
1.49194E+03 1.14577E-03
1.49290E+03 1.06346E-03
1.49386E+03 9.54702E-04
1.49483E+03 8.98711E-04
1.49579E+03 8.84764E-04
1.49676E+03 8.73063E-04
1.49772E+03 8.71863E-04
1.49869E+03 7.42592E-04
1.49965E+03 5.93856E-04
1.50062E+03 5.78955E-04
1.50158E+03 5.82431E-04
1.50254E+03 5.06889E-04
1.50351E+03 3.84919E-04
1.50447E+03 3.33901E-04
1.50544E+03 3.68152E-04
1.50640E+03 3.70312E-04
1.50737E+03 3.30754E-04
1.50833E+03 2.80861E-04
1.50929E+03 1.98934E-04
1.51026E+03 1.00482E-04
1.51122E+03 9.71109E-05
1.51219E+03 1.49526E-04
1.51315E+03 8.92505E-05
1.51412E+03 3.64929E-05
1.51508E+03 1.37575E-05
1.51605E+03 4.67114E-05
1.51701E+03 3.81097E-05
1.51797E+03 -5.81928E-05
1.51894E+03 -6.72974E-05
1.51990E+03 -5.82412E-05
1.52087E+03 -8.11890E-05
1.52183E+03 -7.58991E-05
1.52280E+03 -9.17017E-05
1.52376E+03 -1.30072E-04
1.52473E+03 -1.58723E-04
1.52569E+03 -1.64188E-04
1.52665E+03 -1.32065E-04
1.52762E+03 -1.23072E-04
1.52858E+03 -1.07776E-04
1.52955E+03 -9.44287E-05
1.53051E+03 -1.20528E-04
1.53148E+03 -1.58671E-04
1.53244E+03 -1.94389E-04
1.53341E+03 -2.07070E-04
1.53437E+03 -1.95906E-04
1.53533E+03 -2.09589E-04
1.53630E+03 -1.88090E-04
1.53726E+03 -1.45733E-04
1.53823E+03 -2.03565E-04
1.53919E+03 -1.90720E-04
1.54016E+03 -1.95354E-04
1.54112E+03 -2.28785E-04
1.54208E+03 -2.11757E-04
1.54305E+03 -2.61541E-04
1.54401E+03 -2.66153E-04
1.54498E+03 -2.25607E-04
1.54594E+03 -2.67457E-04
1.54691E+03 -3.33354E-04
1.54787E+03 -3.12541E-04
1.54884E+03 -3.34218E-04
1.54980E+03 -3.26712E-04
1.55076E+03 -2.76823E-04
1.55173E+03 -3.25907E-04
1.55269E+03 -3.46083E-04
1.55366E+03 -3.17551E-04
1.55462E+03 -3.24663E-04
1.55559E+03 -3.67951E-04
1.55655E+03 -3.99593E-04
1.55752E+03 -3.25672E-04
1.55848E+03 -2.65583E-04
1.55944E+03 -2.41246E-04
1.56041E+03 -2.32194E-04
1.56137E+03 -2.77702E-04
1.56234E+03 -3.49317E-04
1.56330E+03 -3.76411E-04
1.56427E+03 -3.22346E-04
1.56523E+03 -2.81613E-04
1.56619E+03 -2.80038E-04
1.56716E+03 -3.53351E-04
1.56812E+03 -4.35926E-04
1.56909E+03 -4.26844E-04
1.57005E+03 -4.14759E-04
1.57102E+03 -3.98781E-04
1.57198E+03 -3.63957E-04
1.57295E+03 -3.18613E-04
1.57391E+03 -3.08301E-04
1.57487E+03 -3.54312E-04
1.57584E+03 -3.53988E-04
1.57680E+03 -3.93711E-04
1.57777E+03 -4.54351E-04
1.57873E+03 -4.71063E-04
1.57970E+03 -4.38962E-04
1.58066E+03 -4.47713E-04
1.58163E+03 -4.96268E-04
1.58259E+03 -4.58196E-04
1.58355E+03 -4.69111E-04
1.58452E+03 -5.07120E-04
1.58548E+03 -5.16526E-04
1.58645E+03 -5.33585E-04
1.58741E+03 -5.37511E-04
1.58838E+03 -5.18747E-04
1.58934E+03 -4.68507E-04
1.59031E+03 -4.96853E-04
1.59127E+03 -5.41884E-04
1.59223E+03 -5.26078E-04
1.59320E+03 -5.09553E-04
1.59416E+03 -4.68701E-04
1.59513E+03 -4.86977E-04
1.59609E+03 -5.17912E-04
1.59706E+03 -5.02985E-04
1.59802E+03 -5.16437E-04
1.59898E+03 -5.49715E-04
1.59995E+03 -5.43430E-04
1.60091E+03 -5.29021E-04
1.60188E+03 -5.87732E-04
1.60284E+03 -5.87564E-04
1.60381E+03 -5.83529E-04
1.60477E+03 -6.34063E-04
1.60574E+03 -6.49955E-04
1.60670E+03 -6.24936E-04
1.60766E+03 -5.89900E-04
1.60863E+03 -5.79908E-04
1.60959E+03 -5.95458E-04
1.61056E+03 -6.30826E-04
1.61152E+03 -6.26322E-04
1.61249E+03 -6.07066E-04
1.61345E+03 -6.02309E-04
1.61442E+03 -5.96181E-04
1.61538E+03 -5.92005E-04
1.61634E+03 -5.50974E-04
1.61731E+03 -5.62768E-04
1.61827E+03 -6.06894E-04
1.61924E+03 -5.75308E-04
1.62020E+03 -5.73747E-04
1.62117E+03 -5.87225E-04
1.62213E+03 -6.35352E-04
1.62309E+03 -6.88277E-04
1.62406E+03 -6.98138E-04
1.62502E+03 -6.91507E-04
1.62599E+03 -6.65307E-04
1.62695E+03 -6.43954E-04
1.62792E+03 -6.09804E-04
1.62888E+03 -5.91796E-04
1.62985E+03 -6.08984E-04
1.63081E+03 -6.22530E-04
1.63177E+03 -6.08888E-04
1.63274E+03 -6.15746E-04
1.63370E+03 -6.35728E-04
1.63467E+03 -5.99649E-04
1.63563E+03 -5.30060E-04
1.63660E+03 -5.06338E-04
1.63756E+03 -5.30168E-04
1.63853E+03 -5.35958E-04
1.63949E+03 -5.21697E-04
1.64045E+03 -5.16389E-04
1.64142E+03 -4.85539E-04
1.64238E+03 -4.32879E-04
1.64335E+03 -3.58302E-04
1.64431E+03 -3.49667E-04
1.64528E+03 -3.85404E-04
1.64624E+03 -3.78359E-04
1.64720E+03 -4.19058E-04
1.64817E+03 -4.24962E-04
1.64913E+03 -3.48996E-04
1.65010E+03 -2.92454E-04
1.65106E+03 -2.48067E-04
1.65203E+03 -2.63058E-04
1.65299E+03 -2.34727E-04
1.65396E+03 -1.90243E-04
1.65492E+03 -2.26784E-04
1.65588E+03 -2.49933E-04
1.65685E+03 -2.61433E-04
1.65781E+03 -2.78164E-04
1.65878E+03 -2.70266E-04
1.65974E+03 -2.53454E-04
1.66071E+03 -2.65889E-04
1.66167E+03 -2.44286E-04
1.66264E+03 -1.89409E-04
1.66360E+03 -1.83221E-04
1.66456E+03 -2.12677E-04
1.66553E+03 -2.74502E-04
1.66649E+03 -2.68068E-04
1.66746E+03 -2.60863E-04
1.66842E+03 -2.62763E-04
1.66939E+03 -1.67985E-04
1.67035E+03 -1.44564E-04
1.67132E+03 -1.74820E-04
1.67228E+03 -1.91599E-04
1.67324E+03 -2.19151E-04
1.67421E+03 -2.25388E-04
1.67517E+03 -2.20250E-04
1.67614E+03 -1.50457E-04
1.67710E+03 -9.15825E-05
1.67807E+03 -2.07700E-04
1.67903E+03 -2.89343E-04
1.67999E+03 -2.32078E-04
1.68096E+03 -2.04779E-04
1.68192E+03 -2.09969E-04
1.68289E+03 -2.19222E-04
1.68385E+03 -2.21860E-04
1.68482E+03 -2.11202E-04
1.68578E+03 -2.08832E-04
1.68675E+03 -2.31028E-04
1.68771E+03 -2.73861E-04
1.68867E+03 -3.22066E-04
1.68964E+03 -3.62240E-04
1.69060E+03 -4.09894E-04
1.69157E+03 -4.05159E-04
1.69253E+03 -3.86603E-04
1.69350E+03 -4.17560E-04
1.69446E+03 -4.61970E-04
1.69543E+03 -4.36798E-04
1.69639E+03 -4.32167E-04
1.69735E+03 -4.93035E-04
1.69832E+03 -5.24241E-04
1.69928E+03 -6.08150E-04
1.70025E+03 -6.10020E-04
1.70121E+03 -6.42050E-04
1.70218E+03 -6.88639E-04
1.70314E+03 -6.97047E-04
1.70410E+03 -7.19372E-04
1.70507E+03 -7.05089E-04
1.70603E+03 -7.10074E-04
1.70700E+03 -7.56435E-04
1.70796E+03 -8.84041E-04
1.70893E+03 -8.94148E-04
1.70989E+03 -8.58303E-04
1.71086E+03 -9.09489E-04
1.71182E+03 -9.37540E-04
1.71278E+03 -8.91667E-04
1.71375E+03 -9.06482E-04
1.71471E+03 -9.35212E-04
1.71568E+03 -9.30469E-04
1.71664E+03 -9.65398E-04
1.71761E+03 -1.03031E-03
1.71857E+03 -1.12513E-03
1.71954E+03 -1.11686E-03
1.72050E+03 -1.04007E-03
1.72146E+03 -1.01502E-03
1.72243E+03 -1.10504E-03
1.72339E+03 -1.19283E-03
1.72436E+03 -1.13211E-03
1.72532E+03 -1.14648E-03
1.72629E+03 -1.22283E-03
1.72725E+03 -1.29883E-03
1.72822E+03 -1.26013E-03
1.72918E+03 -1.31075E-03
1.73014E+03 -1.27806E-03
1.73111E+03 -5.27725E-04
1.73207E+03 -5.36602E-04
1.73304E+03 -1.00702E-03
1.73400E+03 -1.04253E-03
1.73497E+03 -1.12727E-03
1.73593E+03 -1.17400E-03
1.73689E+03 -1.26329E-03
1.73786E+03 -1.24303E-03
1.73882E+03 -1.19620E-03
1.73979E+03 -1.26565E-03
1.74075E+03 -1.32382E-03
1.74172E+03 -1.38341E-03
1.74268E+03 -1.38793E-03
1.74365E+03 -1.38608E-03
1.74461E+03 -1.42369E-03
1.74557E+03 -1.38615E-03
1.74654E+03 -1.37655E-03
1.74750E+03 -1.39074E-03
1.74847E+03 -1.36130E-03
1.74943E+03 -1.37205E-03
1.75040E+03 -1.43273E-03
1.75136E+03 -1.41807E-03
1.75233E+03 -1.41978E-03
1.75329E+03 -1.45194E-03
1.75425E+03 -1.45064E-03
1.75522E+03 -1.44108E-03
1.75618E+03 -1.47182E-03
1.75715E+03 -1.51928E-03
1.75811E+03 -1.52458E-03
1.75908E+03 -1.47384E-03
1.76004E+03 -1.42942E-03
1.76100E+03 -1.41735E-03
1.76197E+03 -1.44564E-03
1.76293E+03 -1.47612E-03
1.76390E+03 -1.44856E-03
1.76486E+03 -1.47947E-03
1.76583E+03 -1.53081E-03
1.76679E+03 -1.52129E-03
1.76776E+03 -1.50603E-03
1.76872E+03 -1.50983E-03
1.76968E+03 -1.52016E-03
1.77065E+03 -1.50982E-03
1.77161E+03 -1.50950E-03
1.77258E+03 -1.54879E-03
1.77354E+03 -1.60927E-03
1.77451E+03 -1.62308E-03
1.77547E+03 -1.57236E-03
1.77644E+03 -1.58525E-03
1.77740E+03 -1.61662E-03
1.77836E+03 -1.63409E-03
1.77933E+03 -1.67387E-03
1.78029E+03 -1.62540E-03
1.78126E+03 -1.62317E-03
1.78222E+03 -1.66777E-03
1.78319E+03 -1.63754E-03
1.78415E+03 -1.59378E-03
1.78511E+03 -1.59865E-03
1.78608E+03 -1.61661E-03
1.78704E+03 -1.63643E-03
1.78801E+03 -1.65414E-03
1.78897E+03 -1.63098E-03
1.78994E+03 -1.62919E-03
1.79090E+03 -1.62512E-03
1.79187E+03 -1.60827E-03
1.79283E+03 -1.62917E-03
1.79379E+03 -1.67510E-03
1.79476E+03 -1.69393E-03
1.79572E+03 -1.71724E-03
1.79669E+03 -1.73349E-03
1.79765E+03 -1.72430E-03
1.79862E+03 -1.77230E-03
1.79958E+03 -1.78969E-03
1.80055E+03 -1.76488E-03
1.80151E+03 -1.72679E-03
1.80247E+03 -1.71902E-03
1.80344E+03 -1.77056E-03
1.80440E+03 -1.79225E-03
1.80537E+03 -1.80670E-03
1.80633E+03 -1.83073E-03
1.80730E+03 -1.82476E-03
1.80826E+03 -1.80444E-03
1.80923E+03 -1.79529E-03
1.81019E+03 -1.77699E-03
1.81115E+03 -1.76698E-03
1.81212E+03 -1.74951E-03
1.81308E+03 -1.74803E-03
1.81405E+03 -1.83946E-03
1.81501E+03 -1.86402E-03
1.81598E+03 -1.85397E-03
1.81694E+03 -1.86684E-03
1.81790E+03 -1.81707E-03
1.81887E+03 -1.81182E-03
1.81983E+03 -1.80260E-03
1.82080E+03 -1.80280E-03
1.82176E+03 -1.89574E-03
1.82273E+03 -1.92574E-03
1.82369E+03 -1.85716E-03
1.82466E+03 -1.81905E-03
1.82562E+03 -1.85006E-03
1.82658E+03 -1.88472E-03
1.82755E+03 -1.84437E-03
1.82851E+03 -1.83427E-03
1.82948E+03 -1.88109E-03
1.83044E+03 -1.84143E-03
1.83141E+03 -1.87719E-03
1.83237E+03 -1.92220E-03
1.83334E+03 -1.92761E-03
1.83430E+03 -1.95362E-03
1.83526E+03 -1.89930E-03
1.83623E+03 -1.88462E-03
1.83719E+03 -1.91801E-03
1.83816E+03 -1.91273E-03
1.83912E+03 -1.83877E-03
1.84009E+03 -1.82820E-03
1.84105E+03 -1.90110E-03
1.84201E+03 -1.89716E-03
1.84298E+03 -1.85275E-03
1.84394E+03 -1.86506E-03
1.84491E+03 -1.90530E-03
1.84587E+03 -1.91675E-03
1.84684E+03 -1.91631E-03
1.84780E+03 -1.92776E-03
1.84877E+03 -1.91570E-03
1.84973E+03 -1.91798E-03
1.85069E+03 -1.94607E-03
1.85166E+03 -1.94708E-03
1.85262E+03 -1.97788E-03
1.85359E+03 -2.01596E-03
1.85455E+03 -2.00511E-03
1.85552E+03 -2.01391E-03
1.85648E+03 -2.03058E-03
1.85745E+03 -1.99955E-03
1.85841E+03 -2.01700E-03
1.85937E+03 -2.06877E-03
1.86034E+03 -2.03691E-03
1.86130E+03 -2.03172E-03
1.86227E+03 -2.04539E-03
1.86323E+03 -2.04100E-03
1.86420E+03 -2.02622E-03
1.86516E+03 -2.01707E-03
1.86612E+03 -2.01768E-03
1.86709E+03 -2.01108E-03
1.86805E+03 -2.05045E-03
1.86902E+03 -2.03677E-03
1.86998E+03 -2.00032E-03
1.87095E+03 -2.05119E-03
1.87191E+03 -2.06238E-03
1.87288E+03 -2.03547E-03
1.87384E+03 -2.05509E-03
1.87480E+03 -2.04192E-03
1.87577E+03 -2.01847E-03
1.87673E+03 -2.04258E-03
1.87770E+03 -2.04984E-03
1.87866E+03 -2.04733E-03
1.87963E+03 -2.03383E-03
1.88059E+03 -1.99261E-03
1.88156E+03 -1.99254E-03
1.88252E+03 -2.03553E-03
1.88348E+03 -2.07958E-03
1.88445E+03 -2.06061E-03
1.88541E+03 -2.04061E-03
1.88638E+03 -2.04330E-03
1.88734E+03 -2.06183E-03
1.88831E+03 -2.07384E-03
1.88927E+03 -2.10879E-03
1.89024E+03 -2.10840E-03
1.89120E+03 -2.09546E-03
1.89216E+03 -2.11146E-03
1.89313E+03 -2.10693E-03
1.89409E+03 -2.15124E-03
1.89506E+03 -2.12676E-03
1.89602E+03 -2.07717E-03
1.89699E+03 -2.10737E-03
1.89795E+03 -2.14698E-03
1.89891E+03 -2.13245E-03
1.89988E+03 -2.13310E-03
1.90084E+03 -2.11634E-03
1.90181E+03 -2.06324E-03
1.90277E+03 -2.07627E-03
1.90374E+03 -2.11059E-03
1.90470E+03 -2.11122E-03
1.90567E+03 -2.12445E-03
1.90663E+03 -2.16392E-03
1.90759E+03 -2.19554E-03
1.90856E+03 -2.18913E-03
1.90952E+03 -2.14899E-03
1.91049E+03 -2.11881E-03
1.91145E+03 -2.14586E-03
1.91242E+03 -2.17793E-03
1.91338E+03 -2.16975E-03
1.91435E+03 -2.16566E-03
1.91531E+03 -2.13008E-03
1.91627E+03 -2.13730E-03
1.91724E+03 -2.15600E-03
1.91820E+03 -2.14789E-03
1.91917E+03 -2.16952E-03
1.92013E+03 -2.18688E-03
1.92110E+03 -2.19277E-03
1.92206E+03 -2.14974E-03
1.92303E+03 -2.13509E-03
1.92399E+03 -2.19205E-03
1.92495E+03 -2.20381E-03
1.92592E+03 -2.17273E-03
1.92688E+03 -2.14954E-03
1.92785E+03 -2.16757E-03
1.92881E+03 -2.19677E-03
1.92978E+03 -2.20289E-03
1.93074E+03 -2.20156E-03
1.93170E+03 -2.22282E-03
1.93267E+03 -2.24273E-03
1.93363E+03 -2.22329E-03
1.93460E+03 -2.23755E-03
1.93556E+03 -2.24445E-03
1.93653E+03 -2.21399E-03
1.93749E+03 -2.16402E-03
1.93846E+03 -2.22326E-03
1.93942E+03 -2.26754E-03
1.94038E+03 -2.23963E-03
1.94135E+03 -2.24939E-03
1.94231E+03 -2.19558E-03
1.94328E+03 -2.19142E-03
1.94424E+03 -2.28890E-03
1.94521E+03 -2.30255E-03
1.94617E+03 -2.25662E-03
1.94714E+03 -2.26266E-03
1.94810E+03 -2.28013E-03
1.94906E+03 -2.26753E-03
1.95003E+03 -2.27302E-03
1.95099E+03 -2.29987E-03
1.95196E+03 -2.27999E-03
1.95292E+03 -2.21896E-03
1.95389E+03 -2.20036E-03
1.95485E+03 -2.24633E-03
1.95581E+03 -2.25009E-03
1.95678E+03 -2.23817E-03
1.95774E+03 -2.23152E-03
1.95871E+03 -2.26433E-03
1.95967E+03 -2.33712E-03
1.96064E+03 -2.34799E-03
1.96160E+03 -2.27839E-03
1.96257E+03 -2.28249E-03
1.96353E+03 -2.32451E-03
1.96449E+03 -2.26935E-03
1.96546E+03 -2.25244E-03
1.96642E+03 -2.30239E-03
1.96739E+03 -2.31928E-03
1.96835E+03 -2.30570E-03
1.96932E+03 -2.27985E-03
1.97028E+03 -2.24324E-03
1.97125E+03 -2.27444E-03
1.97221E+03 -2.28086E-03
1.97317E+03 -2.26149E-03
1.97414E+03 -2.29178E-03
1.97510E+03 -2.30156E-03
1.97607E+03 -2.30419E-03
1.97703E+03 -2.34300E-03
1.97800E+03 -2.39316E-03
1.97896E+03 -2.35161E-03
1.97992E+03 -2.29152E-03
1.98089E+03 -2.29567E-03
1.98185E+03 -2.30859E-03
1.98282E+03 -2.28430E-03
1.98378E+03 -2.28696E-03
1.98475E+03 -2.32930E-03
1.98571E+03 -2.30517E-03
1.98668E+03 -2.26659E-03
1.98764E+03 -2.26930E-03
1.98860E+03 -2.27926E-03
1.98957E+03 -2.29733E-03
1.99053E+03 -2.32689E-03
1.99150E+03 -2.34829E-03
1.99246E+03 -2.33567E-03
1.99343E+03 -2.25160E-03
1.99439E+03 -2.22677E-03
1.99536E+03 -2.23715E-03
1.99632E+03 -2.27946E-03
1.99728E+03 -2.31190E-03
1.99825E+03 -2.26864E-03
1.99921E+03 -2.23101E-03
2.00018E+03 -2.22450E-03
2.00114E+03 -2.24592E-03
2.00211E+03 -2.27517E-03
2.00307E+03 -2.31237E-03
2.00404E+03 -2.26411E-03
2.00500E+03 -2.24036E-03
2.00596E+03 -2.25838E-03
2.00693E+03 -2.23269E-03
2.00789E+03 -2.26668E-03
2.00886E+03 -2.29084E-03
2.00982E+03 -2.26108E-03
2.01079E+03 -2.27867E-03
2.01175E+03 -2.24986E-03
2.01271E+03 -2.20837E-03
2.01368E+03 -2.19180E-03
2.01464E+03 -2.19390E-03
2.01561E+03 -2.24712E-03
2.01657E+03 -2.22341E-03
2.01754E+03 -2.16814E-03
2.01850E+03 -2.15148E-03
2.01947E+03 -2.13901E-03
2.02043E+03 -2.14351E-03
2.02139E+03 -2.18616E-03
2.02236E+03 -2.17094E-03
2.02332E+03 -2.11243E-03
2.02429E+03 -2.13795E-03
2.02525E+03 -2.14884E-03
2.02622E+03 -2.13190E-03
2.02718E+03 -2.10935E-03
2.02815E+03 -2.10890E-03
2.02911E+03 -2.12255E-03
2.03007E+03 -2.11776E-03
2.03104E+03 -2.12438E-03
2.03200E+03 -2.13033E-03
2.03297E+03 -2.11369E-03
2.03393E+03 -2.07208E-03
2.03490E+03 -2.04820E-03
2.03586E+03 -2.05390E-03
2.03682E+03 -2.03038E-03
2.03779E+03 -2.01386E-03
2.03875E+03 -2.04598E-03
2.03972E+03 -2.10917E-03
2.04068E+03 -2.13931E-03
2.04165E+03 -2.02112E-03
2.04261E+03 -1.92147E-03
2.04358E+03 -2.00367E-03
2.04454E+03 -2.02496E-03
2.04550E+03 -2.03300E-03
2.04647E+03 -2.11111E-03
2.04743E+03 -2.11366E-03
2.04840E+03 -2.07948E-03
2.04936E+03 -2.08249E-03
2.05033E+03 -2.11180E-03
2.05129E+03 -2.10738E-03
2.05226E+03 -2.15314E-03
2.05322E+03 -2.20147E-03
2.05418E+03 -2.20615E-03
2.05515E+03 -2.21343E-03
2.05611E+03 -2.21254E-03
2.05708E+03 -2.23565E-03
2.05804E+03 -2.22242E-03
2.05901E+03 -2.20070E-03
2.05997E+03 -2.23719E-03
2.06094E+03 -2.25933E-03
2.06190E+03 -2.26467E-03
2.06286E+03 -2.27680E-03
2.06383E+03 -2.24576E-03
2.06479E+03 -2.23379E-03
2.06576E+03 -2.14436E-03
2.06672E+03 -2.24927E-03
2.06769E+03 -2.35940E-03
2.06865E+03 -2.27716E-03
2.06961E+03 -2.34424E-03
2.07058E+03 -2.31344E-03
2.07154E+03 -2.26851E-03
2.07251E+03 -2.28176E-03
2.07347E+03 -2.30062E-03
2.07444E+03 -2.34739E-03
2.07540E+03 -2.38973E-03
2.07637E+03 -2.35879E-03
2.07733E+03 -2.33152E-03
2.07829E+03 -2.37114E-03
2.07926E+03 -2.41054E-03
2.08022E+03 -2.40714E-03
2.08119E+03 -2.35851E-03
2.08215E+03 -2.36845E-03
2.08312E+03 -2.38359E-03
2.08408E+03 -2.39145E-03
2.08505E+03 -2.38143E-03
2.08601E+03 -2.35433E-03
2.08697E+03 -2.36959E-03
2.08794E+03 -2.36906E-03
2.08890E+03 -2.39851E-03
2.08987E+03 -2.42238E-03
2.09083E+03 -2.39480E-03
2.09180E+03 -2.39518E-03
2.09276E+03 -2.38772E-03
2.09372E+03 -2.39254E-03
2.09469E+03 -2.42695E-03
2.09565E+03 -2.44384E-03
2.09662E+03 -2.45680E-03
2.09758E+03 -2.44076E-03
2.09855E+03 -2.45066E-03
2.09951E+03 -2.45585E-03
2.10048E+03 -2.39854E-03
2.10144E+03 -2.39356E-03
2.10240E+03 -2.42450E-03
2.10337E+03 -2.44073E-03
2.10433E+03 -2.47900E-03
2.10530E+03 -2.46945E-03
2.10626E+03 -2.44517E-03
2.10723E+03 -2.45054E-03
2.10819E+03 -2.43365E-03
2.10916E+03 -2.36454E-03
2.11012E+03 -2.36689E-03
2.11108E+03 -2.43684E-03
2.11205E+03 -2.45464E-03
2.11301E+03 -2.44102E-03
2.11398E+03 -2.45795E-03
2.11494E+03 -2.47715E-03
2.11591E+03 -2.41097E-03
2.11687E+03 -2.42458E-03
2.11783E+03 -2.50170E-03
2.11880E+03 -2.48209E-03
2.11976E+03 -2.43228E-03
2.12073E+03 -2.41219E-03
2.12169E+03 -2.42862E-03
2.12266E+03 -2.44056E-03
2.12362E+03 -2.37396E-03
2.12459E+03 -2.34966E-03
2.12555E+03 -2.36890E-03
2.12651E+03 -2.39337E-03
2.12748E+03 -2.38623E-03
2.12844E+03 -2.38386E-03
2.12941E+03 -2.43177E-03
2.13037E+03 -2.39514E-03
2.13134E+03 -2.37683E-03
2.13230E+03 -2.43132E-03
2.13327E+03 -2.45230E-03
2.13423E+03 -2.44549E-03
2.13519E+03 -2.44599E-03
2.13616E+03 -2.41921E-03
2.13712E+03 -2.40636E-03
2.13809E+03 -2.45401E-03
2.13905E+03 -2.44400E-03
2.14002E+03 -2.40864E-03
2.14098E+03 -2.39317E-03
2.14195E+03 -2.40229E-03
2.14291E+03 -2.40826E-03
2.14387E+03 -2.36559E-03
2.14484E+03 -2.37854E-03
2.14580E+03 -2.39453E-03
2.14677E+03 -2.36163E-03
2.14773E+03 -2.39234E-03
2.14870E+03 -2.38905E-03
2.14966E+03 -2.37378E-03
2.15062E+03 -2.39407E-03
2.15159E+03 -2.35337E-03
2.15255E+03 -2.34466E-03
2.15352E+03 -2.35255E-03
2.15448E+03 -2.33562E-03
2.15545E+03 -2.31301E-03
2.15641E+03 -2.32923E-03
2.15738E+03 -2.38859E-03
2.15834E+03 -2.35442E-03
2.15930E+03 -2.28269E-03
2.16027E+03 -2.33290E-03
2.16123E+03 -2.37503E-03
2.16220E+03 -2.34948E-03
2.16316E+03 -2.32996E-03
2.16413E+03 -2.27745E-03
2.16509E+03 -2.25481E-03
2.16606E+03 -2.27981E-03
2.16702E+03 -2.27497E-03
2.16798E+03 -2.30867E-03
2.16895E+03 -2.33395E-03
2.16991E+03 -2.33059E-03
2.17088E+03 -2.35549E-03
2.17184E+03 -2.36344E-03
2.17281E+03 -2.32119E-03
2.17377E+03 -2.26893E-03
2.17473E+03 -2.31439E-03
2.17570E+03 -2.34703E-03
2.17666E+03 -2.31901E-03
2.17763E+03 -2.34278E-03
2.17859E+03 -2.36519E-03
2.17956E+03 -2.34890E-03
2.18052E+03 -2.32036E-03
2.18149E+03 -2.31296E-03
2.18245E+03 -2.27398E-03
2.18341E+03 -2.25167E-03
2.18438E+03 -2.27983E-03
2.18534E+03 -2.30093E-03
2.18631E+03 -2.28888E-03
2.18727E+03 -2.26371E-03
2.18824E+03 -2.29567E-03
2.18920E+03 -2.28724E-03
2.19017E+03 -2.26052E-03
2.19113E+03 -2.24118E-03
2.19209E+03 -2.22656E-03
2.19306E+03 -2.23446E-03
2.19402E+03 -2.25041E-03
2.19499E+03 -2.31383E-03
2.19595E+03 -2.33265E-03
2.19692E+03 -2.29353E-03
2.19788E+03 -2.31810E-03
2.19884E+03 -2.32263E-03
2.19981E+03 -2.28387E-03
2.20077E+03 -2.31217E-03
2.20174E+03 -2.31300E-03
2.20270E+03 -2.30290E-03
2.20367E+03 -2.30550E-03
2.20463E+03 -2.28825E-03
2.20560E+03 -2.26159E-03
2.20656E+03 -2.23277E-03
2.20752E+03 -2.23712E-03
2.20849E+03 -2.27664E-03
2.20945E+03 -2.25862E-03
2.21042E+03 -2.20466E-03
2.21138E+03 -2.17359E-03
2.21235E+03 -2.17275E-03
2.21331E+03 -2.16611E-03
2.21428E+03 -2.17964E-03
2.21524E+03 -2.22270E-03
2.21620E+03 -2.19930E-03
2.21717E+03 -2.17260E-03
2.21813E+03 -2.15699E-03
2.21910E+03 -2.16076E-03
2.22006E+03 -2.15704E-03
2.22103E+03 -2.16340E-03
2.22199E+03 -2.15924E-03
2.22296E+03 -2.12042E-03
2.22392E+03 -2.10794E-03
2.22488E+03 -2.09026E-03
2.22585E+03 -2.09417E-03
2.22681E+03 -2.10464E-03
2.22778E+03 -2.10860E-03
2.22874E+03 -2.11351E-03
2.22971E+03 -2.11277E-03
2.23067E+03 -2.11054E-03
2.23163E+03 -2.11223E-03
2.23260E+03 -2.13104E-03
2.23356E+03 -2.14554E-03
2.23453E+03 -2.12478E-03
2.23549E+03 -2.08822E-03
2.23646E+03 -2.11447E-03
2.23742E+03 -2.11418E-03
2.23839E+03 -2.08655E-03
2.23935E+03 -2.10125E-03
2.24031E+03 -2.11640E-03
2.24128E+03 -2.12111E-03
2.24224E+03 -2.07910E-03
2.24321E+03 -2.04001E-03
2.24417E+03 -2.09524E-03
2.24514E+03 -2.14076E-03
2.24610E+03 -2.12464E-03
2.24707E+03 -2.07341E-03
2.24803E+03 -2.08362E-03
2.24899E+03 -2.14384E-03
2.24996E+03 -2.17237E-03
2.25092E+03 -2.18192E-03
2.25189E+03 -2.22618E-03
2.25285E+03 -2.21410E-03
2.25382E+03 -2.13125E-03
2.25478E+03 -2.17263E-03
2.25574E+03 -2.21248E-03
2.25671E+03 -2.18043E-03
2.25767E+03 -2.20652E-03
2.25864E+03 -2.23500E-03
2.25960E+03 -2.23320E-03
2.26057E+03 -2.24281E-03
2.26153E+03 -2.25509E-03
2.26250E+03 -2.29047E-03
2.26346E+03 -2.31530E-03
2.26442E+03 -2.29879E-03
2.26539E+03 -2.28398E-03
2.26635E+03 -2.34515E-03
2.26732E+03 -2.30064E-03
2.26828E+03 -2.20037E-03
2.26925E+03 -2.16193E-03
2.27021E+03 -1.98147E-03
2.27118E+03 -1.57451E-03
2.27214E+03 -9.06531E-04
2.27310E+03 2.73868E-04
2.27407E+03 1.77771E-03
2.27503E+03 2.98665E-03
2.27600E+03 3.61305E-03
2.27696E+03 3.59929E-03
2.27793E+03 2.98435E-03
2.27889E+03 1.96121E-03
2.27986E+03 9.15658E-04
2.28082E+03 2.79509E-05
2.28178E+03 -6.97076E-04
2.28275E+03 -1.24949E-03
2.28371E+03 -1.68445E-03
2.28468E+03 -2.02872E-03
2.28564E+03 -2.22363E-03
2.28661E+03 -2.27865E-03
2.28757E+03 -2.33569E-03
2.28853E+03 -2.39410E-03
2.28950E+03 -2.41701E-03
2.29046E+03 -2.37673E-03
2.29143E+03 -2.30144E-03
2.29239E+03 -2.30218E-03
2.29336E+03 -2.36068E-03
2.29432E+03 -2.37078E-03
2.29529E+03 -2.32545E-03
2.29625E+03 -2.27753E-03
2.29721E+03 -2.23866E-03
2.29818E+03 -2.22024E-03
2.29914E+03 -2.20873E-03
2.30011E+03 -2.19406E-03
2.30107E+03 -2.17799E-03
2.30204E+03 -2.10404E-03
2.30300E+03 -1.97465E-03
2.30397E+03 -1.90678E-03
2.30493E+03 -1.86155E-03
2.30589E+03 -1.79436E-03
2.30686E+03 -1.74421E-03
2.30782E+03 -1.78129E-03
2.30879E+03 -1.73622E-03
2.30975E+03 -1.66444E-03
2.31072E+03 -1.61352E-03
2.31168E+03 -1.52190E-03
2.31265E+03 -1.46361E-03
2.31361E+03 -1.38079E-03
2.31457E+03 -1.31385E-03
2.31554E+03 -1.17190E-03
2.31650E+03 -9.74547E-04
2.31747E+03 -6.77641E-04
2.31843E+03 -1.69884E-04
2.31940E+03 5.19503E-04
2.32036E+03 1.44076E-03
2.32132E+03 2.71960E-03
2.32229E+03 4.12539E-03
2.32325E+03 5.60508E-03
2.32422E+03 7.54251E-03
2.32518E+03 1.10488E-02
2.32615E+03 1.79440E-02
2.32711E+03 3.06917E-02
2.32808E+03 4.98160E-02
2.32904E+03 7.26679E-02
2.33000E+03 9.53231E-02
2.33097E+03 1.15290E-01
2.33193E+03 1.31925E-01
2.33290E+03 1.45332E-01
2.33386E+03 1.56010E-01
2.33483E+03 1.64498E-01
2.33579E+03 1.71499E-01
2.33676E+03 1.76893E-01
2.33772E+03 1.80230E-01
2.33868E+03 1.80968E-01
2.33965E+03 1.78851E-01
2.34061E+03 1.73999E-01
2.34158E+03 1.66979E-01
2.34254E+03 1.58511E-01
2.34351E+03 1.49200E-01
2.34447E+03 1.39449E-01
2.34543E+03 1.29597E-01
2.34640E+03 1.19958E-01
2.34736E+03 1.10813E-01
2.34833E+03 1.02305E-01
2.34929E+03 9.45686E-02
2.35026E+03 8.74299E-02
2.35122E+03 8.08496E-02
2.35219E+03 7.47699E-02
2.35315E+03 6.91196E-02
2.35411E+03 6.39258E-02
2.35508E+03 5.90163E-02
2.35604E+03 5.43484E-02
2.35701E+03 4.98548E-02
2.35797E+03 4.55134E-02
2.35894E+03 4.13015E-02
2.35990E+03 3.71557E-02
2.36087E+03 3.30647E-02
2.36183E+03 2.90276E-02
2.36279E+03 2.50991E-02
2.36376E+03 2.13848E-02
2.36472E+03 1.79712E-02
2.36569E+03 1.49640E-02
2.36665E+03 1.23803E-02
2.36762E+03 1.02096E-02
2.36858E+03 8.46166E-03
2.36954E+03 7.00120E-03
2.37051E+03 5.83155E-03
2.37147E+03 4.91219E-03
2.37244E+03 4.12267E-03
2.37340E+03 3.50499E-03
2.37437E+03 3.06005E-03
2.37533E+03 2.63410E-03
2.37630E+03 2.22539E-03
2.37726E+03 1.84523E-03
2.37822E+03 1.44434E-03
2.37919E+03 1.09649E-03
2.38015E+03 7.93368E-04
2.38112E+03 5.13267E-04
2.38208E+03 3.12012E-04
2.38305E+03 2.14465E-04
2.38401E+03 1.25390E-04
2.38498E+03 -4.54485E-07
2.38594E+03 -5.35622E-05
2.38690E+03 -7.23936E-05
2.38787E+03 -1.60147E-04
2.38883E+03 -2.25570E-04
2.38980E+03 -2.55536E-04
2.39076E+03 -3.24618E-04
2.39173E+03 -4.14036E-04
2.39269E+03 -4.48577E-04
2.39366E+03 -4.49866E-04
2.39462E+03 -5.18348E-04
2.39558E+03 -5.97235E-04
2.39655E+03 -6.37107E-04
2.39751E+03 -6.17724E-04
2.39848E+03 -6.33743E-04
2.39944E+03 -7.08133E-04
2.40041E+03 -7.50083E-04
2.40137E+03 -7.53172E-04
2.40233E+03 -7.57139E-04
2.40330E+03 -8.21508E-04
2.40426E+03 -8.87707E-04
2.40523E+03 -9.08963E-04
2.40619E+03 -9.26871E-04
2.40716E+03 -8.97240E-04
2.40812E+03 -8.70880E-04
2.40909E+03 -9.29985E-04
2.41005E+03 -9.63509E-04
2.41101E+03 -9.61140E-04
2.41198E+03 -9.86040E-04
2.41294E+03 -1.01973E-03
2.41391E+03 -1.05394E-03
2.41487E+03 -1.09743E-03
2.41584E+03 -1.14001E-03
2.41680E+03 -1.11551E-03
2.41777E+03 -1.12101E-03
2.41873E+03 -1.15119E-03
2.41969E+03 -1.14036E-03
2.42066E+03 -1.16590E-03
2.42162E+03 -1.17766E-03
2.42259E+03 -1.15437E-03
2.42355E+03 -1.18019E-03
2.42452E+03 -1.21465E-03
2.42548E+03 -1.19212E-03
2.42644E+03 -1.22152E-03
2.42741E+03 -1.19046E-03
2.42837E+03 -1.21287E-03
2.42934E+03 -1.31331E-03
2.43030E+03 -1.31009E-03
2.43127E+03 -1.27972E-03
2.43223E+03 -1.29430E-03
2.43320E+03 -1.29756E-03
2.43416E+03 -1.30191E-03
2.43512E+03 -1.30644E-03
2.43609E+03 -1.30807E-03
2.43705E+03 -1.34785E-03
2.43802E+03 -1.34336E-03
2.43898E+03 -1.33599E-03
2.43995E+03 -1.35667E-03
2.44091E+03 -1.38919E-03
2.44188E+03 -1.42965E-03
2.44284E+03 -1.43429E-03
2.44380E+03 -1.44663E-03
2.44477E+03 -1.47554E-03
2.44573E+03 -1.46992E-03
2.44670E+03 -1.46509E-03
2.44766E+03 -1.48701E-03
2.44863E+03 -1.50622E-03
2.44959E+03 -1.53073E-03
2.45055E+03 -1.56812E-03
2.45152E+03 -1.54888E-03
2.45248E+03 -1.54458E-03
2.45345E+03 -1.55860E-03
2.45441E+03 -1.59613E-03
2.45538E+03 -1.66652E-03
2.45634E+03 -1.66945E-03
2.45731E+03 -1.66890E-03
2.45827E+03 -1.70143E-03
2.45923E+03 -1.69449E-03
2.46020E+03 -1.68849E-03
2.46116E+03 -1.71019E-03
2.46213E+03 -1.73087E-03
2.46309E+03 -1.73797E-03
2.46406E+03 -1.74359E-03
2.46502E+03 -1.75528E-03
2.46599E+03 -1.81611E-03
2.46695E+03 -1.83753E-03
2.46791E+03 -1.82658E-03
2.46888E+03 -1.84360E-03
2.46984E+03 -1.86071E-03
2.47081E+03 -1.86332E-03
2.47177E+03 -1.88105E-03
2.47274E+03 -1.93192E-03
2.47370E+03 -1.93796E-03
2.47467E+03 -1.93433E-03
2.47563E+03 -1.90071E-03
2.47659E+03 -1.88199E-03
2.47756E+03 -1.91213E-03
2.47852E+03 -1.92660E-03
2.47949E+03 -1.97737E-03
2.48045E+03 -1.99211E-03
2.48142E+03 -1.95307E-03
2.48238E+03 -1.97702E-03
2.48334E+03 -1.98335E-03
2.48431E+03 -1.98289E-03
2.48527E+03 -2.02874E-03
2.48624E+03 -1.95887E-03
2.48720E+03 -1.89787E-03
2.48817E+03 -1.93283E-03
2.48913E+03 -1.93779E-03
2.49010E+03 -1.94096E-03
2.49106E+03 -1.93584E-03
2.49202E+03 -1.92227E-03
2.49299E+03 -1.95219E-03
2.49395E+03 -1.95820E-03
2.49492E+03 -1.91093E-03
2.49588E+03 -1.88314E-03
2.49685E+03 -1.89989E-03
2.49781E+03 -1.89598E-03
2.49878E+03 -1.86126E-03
2.49974E+03 -1.78706E-03
2.50070E+03 -1.77570E-03
2.50167E+03 -1.77291E-03
2.50263E+03 -1.75117E-03
2.50360E+03 -1.74955E-03
2.50456E+03 -1.70248E-03
2.50553E+03 -1.67309E-03
2.50649E+03 -1.65523E-03
2.50745E+03 -1.68391E-03
2.50842E+03 -1.71525E-03
2.50938E+03 -1.70988E-03
2.51035E+03 -1.64768E-03
2.51131E+03 -1.61358E-03
2.51228E+03 -1.60678E-03
2.51324E+03 -1.54209E-03
2.51421E+03 -1.49608E-03
2.51517E+03 -1.48721E-03
2.51613E+03 -1.46932E-03
2.51710E+03 -1.43538E-03
2.51806E+03 -1.40490E-03
2.51903E+03 -1.40467E-03
2.51999E+03 -1.42832E-03
2.52096E+03 -1.37640E-03
2.52192E+03 -1.34877E-03
2.52289E+03 -1.33327E-03
2.52385E+03 -1.34172E-03
2.52481E+03 -1.39629E-03
2.52578E+03 -1.37801E-03
2.52674E+03 -1.36477E-03
2.52771E+03 -1.32820E-03
2.52867E+03 -1.32859E-03
2.52964E+03 -1.36177E-03
2.53060E+03 -1.32184E-03
2.53156E+03 -1.29139E-03
2.53253E+03 -1.28397E-03
2.53349E+03 -1.28312E-03
2.53446E+03 -1.32222E-03
2.53542E+03 -1.35567E-03
2.53639E+03 -1.33225E-03
2.53735E+03 -1.35292E-03
2.53832E+03 -1.42195E-03
2.53928E+03 -1.41681E-03
2.54024E+03 -1.39264E-03
2.54121E+03 -1.41369E-03
2.54217E+03 -1.43657E-03
2.54314E+03 -1.42636E-03
2.54410E+03 -1.41029E-03
2.54507E+03 -1.45819E-03
2.54603E+03 -1.46838E-03
2.54700E+03 -1.40617E-03
2.54796E+03 -1.43201E-03
2.54892E+03 -1.47347E-03
2.54989E+03 -1.48620E-03
2.55085E+03 -1.55715E-03
2.55182E+03 -1.57565E-03
2.55278E+03 -1.57941E-03
2.55375E+03 -1.57919E-03
2.55471E+03 -1.54485E-03
2.55568E+03 -1.54773E-03
2.55664E+03 -1.55928E-03
2.55760E+03 -1.60415E-03
2.55857E+03 -1.64293E-03
2.55953E+03 -1.67273E-03
2.56050E+03 -1.67083E-03
2.56146E+03 -1.62914E-03
2.56243E+03 -1.64216E-03
2.56339E+03 -1.64911E-03
2.56435E+03 -1.65623E-03
2.56532E+03 -1.66073E-03
2.56628E+03 -1.67701E-03
2.56725E+03 -1.70800E-03
2.56821E+03 -1.70635E-03
2.56918E+03 -1.76654E-03
2.57014E+03 -1.80648E-03
2.57111E+03 -1.81793E-03
2.57207E+03 -1.83497E-03
2.57303E+03 -1.78906E-03
2.57400E+03 -1.78273E-03
2.57496E+03 -1.83021E-03
2.57593E+03 -1.79397E-03
2.57689E+03 -1.80136E-03
2.57786E+03 -1.81845E-03
2.57882E+03 -1.78429E-03
2.57979E+03 -1.80848E-03
2.58075E+03 -1.78821E-03
2.58171E+03 -1.75546E-03
2.58268E+03 -1.78196E-03
2.58364E+03 -1.81579E-03
2.58461E+03 -1.77618E-03
2.58557E+03 -1.77197E-03
2.58654E+03 -1.82874E-03
2.58750E+03 -1.79378E-03
2.58846E+03 -1.74692E-03
2.58943E+03 -1.72591E-03
2.59039E+03 -1.74518E-03
2.59136E+03 -1.76408E-03
2.59232E+03 -1.73544E-03
2.59329E+03 -1.74437E-03
2.59425E+03 -1.78095E-03
2.59522E+03 -1.81070E-03
2.59618E+03 -1.79181E-03
2.59714E+03 -1.71692E-03
2.59811E+03 -1.71829E-03
2.59907E+03 -1.77711E-03
2.60004E+03 -1.75153E-03
2.60100E+03 -1.75902E-03
2.60197E+03 -1.83733E-03
2.60293E+03 -1.87722E-03
2.60390E+03 -1.85748E-03
2.60486E+03 -1.81432E-03
2.60582E+03 -1.81196E-03
2.60679E+03 -1.81429E-03
2.60775E+03 -1.84650E-03
2.60872E+03 -1.88172E-03
2.60968E+03 -1.87300E-03
2.61065E+03 -1.89315E-03
2.61161E+03 -1.89364E-03
2.61258E+03 -1.87995E-03
2.61354E+03 -1.89240E-03
2.61450E+03 -1.89168E-03
2.61547E+03 -1.86330E-03
2.61643E+03 -1.86059E-03
2.61740E+03 -1.93452E-03
2.61836E+03 -2.02068E-03
2.61933E+03 -1.99486E-03
2.62029E+03 -2.00598E-03
2.62125E+03 -2.07755E-03
2.62222E+03 -2.04737E-03
2.62318E+03 -1.98011E-03
2.62415E+03 -1.97789E-03
2.62511E+03 -2.07284E-03
2.62608E+03 -2.17344E-03
2.62704E+03 -2.20892E-03
2.62801E+03 -2.19869E-03
2.62897E+03 -2.28955E-03
2.62993E+03 -2.33231E-03
2.63090E+03 -2.26281E-03
2.63186E+03 -2.27944E-03
2.63283E+03 -2.32703E-03
2.63379E+03 -2.36474E-03
2.63476E+03 -2.39092E-03
2.63572E+03 -2.40266E-03
2.63669E+03 -2.42570E-03
2.63765E+03 -2.40740E-03
2.63861E+03 -2.40873E-03
2.63958E+03 -2.47367E-03
2.64054E+03 -2.47486E-03
2.64151E+03 -2.49771E-03
2.64247E+03 -2.52093E-03
2.64344E+03 -2.49382E-03
2.64440E+03 -2.52238E-03
2.64536E+03 -2.55023E-03
2.64633E+03 -2.58864E-03
2.64729E+03 -2.65149E-03
2.64826E+03 -2.68156E-03
2.64922E+03 -2.68248E-03
2.65019E+03 -2.66399E-03
2.65115E+03 -2.62934E-03
2.65212E+03 -2.58731E-03
2.65308E+03 -2.65859E-03
2.65404E+03 -2.75357E-03
2.65501E+03 -2.66645E-03
2.65597E+03 -2.61655E-03
2.65694E+03 -2.65592E-03
2.65790E+03 -2.69524E-03
2.65887E+03 -2.71497E-03
2.65983E+03 -2.66829E-03
2.66080E+03 -2.67997E-03
2.66176E+03 -2.71869E-03
2.66272E+03 -2.68914E-03
2.66369E+03 -2.71060E-03
2.66465E+03 -2.78116E-03
2.66562E+03 -2.78207E-03
2.66658E+03 -2.74326E-03
2.66755E+03 -2.72986E-03
2.66851E+03 -2.71716E-03
2.66948E+03 -2.73065E-03
2.67044E+03 -2.77312E-03
2.67140E+03 -2.80520E-03
2.67237E+03 -2.79443E-03
2.67333E+03 -2.80057E-03
2.67430E+03 -2.82840E-03
2.67526E+03 -2.81928E-03
2.67623E+03 -2.77569E-03
2.67719E+03 -2.77421E-03
2.67815E+03 -2.81393E-03
2.67912E+03 -2.80130E-03
2.68008E+03 -2.78667E-03
2.68105E+03 -2.81561E-03
2.68201E+03 -2.86814E-03
2.68298E+03 -2.85907E-03
2.68394E+03 -2.79023E-03
2.68491E+03 -2.78863E-03
2.68587E+03 -2.82799E-03
2.68683E+03 -2.79810E-03
2.68780E+03 -2.76600E-03
2.68876E+03 -2.81984E-03
2.68973E+03 -2.85442E-03
2.69069E+03 -2.82796E-03
2.69166E+03 -2.86584E-03
2.69262E+03 -2.86367E-03
2.69359E+03 -2.87113E-03
2.69455E+03 -2.91713E-03
2.69551E+03 -2.90347E-03
2.69648E+03 -2.91010E-03
2.69744E+03 -2.90747E-03
2.69841E+03 -2.88787E-03
2.69937E+03 -2.83166E-03
2.70034E+03 -2.82541E-03
2.70130E+03 -2.85741E-03
2.70226E+03 -2.89632E-03
2.70323E+03 -2.82719E-03
2.70419E+03 -2.78254E-03
2.70516E+03 -2.84034E-03
2.70612E+03 -2.82652E-03
2.70709E+03 -2.80107E-03
2.70805E+03 -2.76735E-03
2.70902E+03 -2.80873E-03
2.70998E+03 -2.92552E-03
2.71094E+03 -2.91871E-03
2.71191E+03 -2.82381E-03
2.71287E+03 -2.76460E-03
2.71384E+03 -2.74271E-03
2.71480E+03 -2.81425E-03
2.71577E+03 -2.82902E-03
2.71673E+03 -2.76113E-03
2.71770E+03 -2.76893E-03
2.71866E+03 -2.81398E-03
2.71962E+03 -2.84289E-03
2.72059E+03 -2.87208E-03
2.72155E+03 -2.91005E-03
2.72252E+03 -3.00251E-03
2.72348E+03 -3.04008E-03
2.72445E+03 -3.01820E-03
2.72541E+03 -3.06851E-03
2.72638E+03 -3.05820E-03
2.72734E+03 -2.95395E-03
2.72830E+03 -2.91017E-03
2.72927E+03 -2.92604E-03
2.73023E+03 -2.85095E-03
2.73120E+03 -2.73275E-03
2.73216E+03 -2.62972E-03
2.73313E+03 -2.47467E-03
2.73409E+03 -2.32041E-03
2.73505E+03 -2.24755E-03
2.73602E+03 -2.13110E-03
2.73698E+03 -2.19426E-03
2.73795E+03 -2.69784E-03
2.73891E+03 -3.35416E-03
2.73988E+03 -3.69895E-03
2.74084E+03 -3.37828E-03
2.74181E+03 -2.85179E-03
2.74277E+03 -2.83820E-03
2.74373E+03 -2.99408E-03
2.74470E+03 -2.83498E-03
2.74566E+03 -2.82121E-03
2.74663E+03 -2.83769E-03
2.74759E+03 -2.68511E-03
2.74856E+03 -2.69268E-03
2.74952E+03 -2.68759E-03
2.75049E+03 -2.57881E-03
2.75145E+03 -2.61140E-03
2.75241E+03 -2.57879E-03
2.75338E+03 -2.44456E-03
2.75434E+03 -2.40574E-03
2.75531E+03 -2.42663E-03
2.75627E+03 -2.41916E-03
2.75724E+03 -2.32055E-03
2.75820E+03 -2.25620E-03
2.75916E+03 -2.20460E-03
2.76013E+03 -2.13492E-03
2.76109E+03 -2.09242E-03
2.76206E+03 -2.06621E-03
2.76302E+03 -2.04518E-03
2.76399E+03 -2.04774E-03
2.76495E+03 -2.09202E-03
2.76592E+03 -2.02706E-03
2.76688E+03 -2.00455E-03
2.76784E+03 -1.98631E-03
2.76881E+03 -1.87532E-03
2.76977E+03 -1.86600E-03
2.77074E+03 -1.81562E-03
2.77170E+03 -1.70704E-03
2.77267E+03 -1.63822E-03
2.77363E+03 -1.61060E-03
2.77460E+03 -1.56448E-03
2.77556E+03 -1.55638E-03
2.77652E+03 -1.50328E-03
2.77749E+03 -1.38161E-03
2.77845E+03 -1.32449E-03
2.77942E+03 -1.21109E-03
2.78038E+03 -1.12401E-03
2.78135E+03 -1.05670E-03
2.78231E+03 -9.57415E-04
2.78327E+03 -8.81318E-04
2.78424E+03 -7.95271E-04
2.78520E+03 -6.96834E-04
2.78617E+03 -6.00036E-04
2.78713E+03 -4.88989E-04
2.78810E+03 -3.47540E-04
2.78906E+03 -2.00730E-04
2.79003E+03 -1.02416E-04
2.79099E+03 2.05375E-05
2.79195E+03 1.55952E-04
2.79292E+03 2.51632E-04
2.79388E+03 3.50423E-04
2.79485E+03 4.21826E-04
2.79581E+03 5.29651E-04
2.79678E+03 7.07414E-04
2.79774E+03 7.56860E-04
2.79871E+03 8.18901E-04
2.79967E+03 1.01525E-03
2.80063E+03 1.14424E-03
2.80160E+03 1.27050E-03
2.80256E+03 1.37682E-03
2.80353E+03 1.50815E-03
2.80449E+03 1.64151E-03
2.80546E+03 1.75753E-03
2.80642E+03 1.89916E-03
2.80739E+03 2.03733E-03
2.80835E+03 2.19912E-03
2.80931E+03 2.37014E-03
2.81028E+03 2.52813E-03
2.81124E+03 2.62583E-03
2.81221E+03 2.72485E-03
2.81317E+03 2.91523E-03
2.81414E+03 3.09843E-03
2.81510E+03 3.27215E-03
2.81606E+03 3.49110E-03
2.81703E+03 3.72166E-03
2.81799E+03 3.96546E-03
2.81896E+03 4.25708E-03
2.81992E+03 4.51853E-03
2.82089E+03 4.80357E-03
2.82185E+03 5.15252E-03
2.82282E+03 5.45082E-03
2.82378E+03 5.71348E-03
2.82474E+03 6.06836E-03
2.82571E+03 6.44961E-03
2.82667E+03 6.77446E-03
2.82764E+03 7.10230E-03
2.82860E+03 7.39606E-03
2.82957E+03 7.59330E-03
2.83053E+03 7.69939E-03
2.83150E+03 7.75035E-03
2.83246E+03 7.76004E-03
2.83342E+03 7.64993E-03
2.83439E+03 7.38395E-03
2.83535E+03 7.12704E-03
2.83632E+03 6.90211E-03
2.83728E+03 6.66637E-03
2.83825E+03 6.33740E-03
2.83921E+03 5.94516E-03
2.84017E+03 5.61357E-03
2.84114E+03 5.28846E-03
2.84210E+03 4.92748E-03
2.84307E+03 4.58943E-03
2.84403E+03 4.33693E-03
2.84500E+03 4.03123E-03
2.84596E+03 3.70628E-03
2.84693E+03 3.48466E-03
2.84789E+03 3.30197E-03
2.84885E+03 3.11534E-03
2.84982E+03 2.97099E-03
2.85078E+03 2.87602E-03
2.85175E+03 2.71030E-03
2.85271E+03 2.60098E-03
2.85368E+03 2.53252E-03
2.85464E+03 2.46353E-03
2.85561E+03 2.41609E-03
2.85657E+03 2.32060E-03
2.85753E+03 2.25389E-03
2.85850E+03 2.28681E-03
2.85946E+03 2.27772E-03
2.86043E+03 2.24787E-03
2.86139E+03 2.16825E-03
2.86236E+03 2.11117E-03
2.86332E+03 2.11426E-03
2.86428E+03 2.07162E-03
2.86525E+03 2.11860E-03
2.86621E+03 2.12361E-03
2.86718E+03 2.02552E-03
2.86814E+03 1.88721E-03
2.86911E+03 1.83144E-03
2.87007E+03 1.88444E-03
2.87104E+03 1.91052E-03
2.87200E+03 1.90861E-03
2.87296E+03 1.91861E-03
2.87393E+03 1.94346E-03
2.87489E+03 1.94389E-03
2.87586E+03 1.93343E-03
2.87682E+03 1.91928E-03
2.87779E+03 1.91787E-03
2.87875E+03 1.97462E-03
2.87972E+03 2.01221E-03
2.88068E+03 1.98753E-03
2.88164E+03 2.04672E-03
2.88261E+03 2.18828E-03
2.88357E+03 2.19195E-03
2.88454E+03 2.19675E-03
2.88550E+03 2.26734E-03
2.88647E+03 2.30659E-03
2.88743E+03 2.38109E-03
2.88840E+03 2.44349E-03
2.88936E+03 2.53667E-03
2.89032E+03 2.63300E-03
2.89129E+03 2.69452E-03
2.89225E+03 2.73133E-03
2.89322E+03 2.78153E-03
2.89418E+03 2.84872E-03
2.89515E+03 2.90747E-03
2.89611E+03 2.96506E-03
2.89707E+03 2.96403E-03
2.89804E+03 3.01426E-03
2.89900E+03 3.10952E-03
2.89997E+03 3.14946E-03
2.90093E+03 3.22879E-03
2.90190E+03 3.33026E-03
2.90286E+03 3.42259E-03
2.90383E+03 3.52684E-03
2.90479E+03 3.59285E-03
2.90575E+03 3.63683E-03
2.90672E+03 3.74606E-03
2.90768E+03 3.83947E-03
2.90865E+03 3.95177E-03
2.90961E+03 4.12364E-03
2.91058E+03 4.19067E-03
2.91154E+03 4.29649E-03
2.91251E+03 4.38677E-03
2.91347E+03 4.38691E-03
2.91443E+03 4.39609E-03
2.91540E+03 4.44653E-03
2.91636E+03 4.46243E-03
2.91733E+03 4.45905E-03
2.91829E+03 4.52289E-03
2.91926E+03 4.49236E-03
2.92022E+03 4.55488E-03
2.92118E+03 4.65822E-03
2.92215E+03 4.70226E-03
2.92311E+03 4.76072E-03
2.92408E+03 4.77865E-03
2.92504E+03 4.89404E-03
2.92601E+03 5.06946E-03
2.92697E+03 5.15648E-03
2.92794E+03 5.19460E-03
2.92890E+03 5.28489E-03
2.92986E+03 5.45905E-03
2.93083E+03 5.63864E-03
2.93179E+03 5.66005E-03
2.93276E+03 5.69678E-03
2.93372E+03 5.81244E-03
2.93469E+03 5.86844E-03
2.93565E+03 5.89737E-03
2.93662E+03 5.92931E-03
2.93758E+03 5.91899E-03
2.93854E+03 5.78365E-03
2.93951E+03 5.74516E-03
2.94047E+03 5.78845E-03
2.94144E+03 5.75105E-03
2.94240E+03 5.73727E-03
2.94337E+03 5.67870E-03
2.94433E+03 5.64469E-03
2.94530E+03 5.61416E-03
2.94626E+03 5.68141E-03
2.94722E+03 5.74439E-03
2.94819E+03 5.76749E-03
2.94915E+03 5.85564E-03
2.95012E+03 5.92329E-03
2.95108E+03 5.98073E-03
2.95205E+03 6.03393E-03
2.95301E+03 6.06577E-03
2.95397E+03 6.09279E-03
2.95494E+03 6.24298E-03
2.95590E+03 6.40678E-03
2.95687E+03 6.50761E-03
2.95783E+03 6.53905E-03
2.95880E+03 6.47524E-03
2.95976E+03 6.51821E-03
2.96073E+03 6.63272E-03
2.96169E+03 6.63565E-03
2.96265E+03 6.55763E-03
2.96362E+03 6.44286E-03
2.96458E+03 6.35309E-03
2.96555E+03 6.23889E-03
2.96651E+03 6.08498E-03
2.96748E+03 5.94229E-03
2.96844E+03 5.81706E-03
2.96941E+03 5.62951E-03
2.97037E+03 5.51290E-03
2.97133E+03 5.40793E-03
2.97230E+03 5.22287E-03
2.97326E+03 5.13057E-03
2.97423E+03 5.07229E-03
2.97519E+03 4.94454E-03
2.97616E+03 4.82687E-03
2.97712E+03 4.72588E-03
2.97808E+03 4.67286E-03
2.97905E+03 4.68202E-03
2.98001E+03 4.63391E-03
2.98098E+03 4.58960E-03
2.98194E+03 4.64520E-03
2.98291E+03 4.76404E-03
2.98387E+03 4.79475E-03
2.98484E+03 4.72489E-03
2.98580E+03 4.71499E-03
2.98676E+03 4.80967E-03
2.98773E+03 4.85671E-03
2.98869E+03 4.85165E-03
2.98966E+03 4.82636E-03
2.99062E+03 4.72596E-03
2.99159E+03 4.70711E-03
2.99255E+03 4.71549E-03
2.99352E+03 4.69051E-03
2.99448E+03 4.67924E-03
2.99544E+03 4.47180E-03
2.99641E+03 4.30503E-03
2.99737E+03 4.20174E-03
2.99834E+03 4.01263E-03
2.99930E+03 3.79444E-03
3.00027E+03 3.55319E-03
3.00123E+03 3.42703E-03
3.00220E+03 3.29813E-03
3.00316E+03 3.11185E-03
3.00412E+03 2.93621E-03
3.00509E+03 2.78836E-03
3.00605E+03 2.58818E-03
3.00702E+03 2.39773E-03
3.00798E+03 2.29916E-03
3.00895E+03 2.18413E-03
3.00991E+03 2.04748E-03
3.01087E+03 1.94416E-03
3.01184E+03 1.81154E-03
3.01280E+03 1.70399E-03
3.01377E+03 1.63473E-03
3.01473E+03 1.58625E-03
3.01570E+03 1.58349E-03
3.01666E+03 1.55434E-03
3.01763E+03 1.48591E-03
3.01859E+03 1.39618E-03
3.01955E+03 1.34806E-03
3.02052E+03 1.37612E-03
3.02148E+03 1.38309E-03
3.02245E+03 1.35957E-03
3.02341E+03 1.40763E-03
3.02438E+03 1.40528E-03
3.02534E+03 1.42336E-03
3.02631E+03 1.47443E-03
3.02727E+03 1.57344E-03
3.02823E+03 1.69877E-03
3.02920E+03 1.70416E-03
3.03016E+03 1.76835E-03
3.03113E+03 1.83209E-03
3.03209E+03 1.86085E-03
3.03306E+03 1.96106E-03
3.03402E+03 2.03917E-03
3.03498E+03 2.04176E-03
3.03595E+03 2.12069E-03
3.03691E+03 2.22170E-03
3.03788E+03 2.25312E-03
3.03884E+03 2.29508E-03
3.03981E+03 2.33439E-03
3.04077E+03 2.47385E-03
3.04174E+03 2.58946E-03
3.04270E+03 2.64750E-03
3.04366E+03 2.69514E-03
3.04463E+03 2.78563E-03
3.04559E+03 2.85821E-03
3.04656E+03 2.92611E-03
3.04752E+03 3.03877E-03
3.04849E+03 3.06766E-03
3.04945E+03 3.11738E-03
3.05042E+03 3.19556E-03
3.05138E+03 3.32060E-03
3.05234E+03 3.37403E-03
3.05331E+03 3.42546E-03
3.05427E+03 3.57815E-03
3.05524E+03 3.65327E-03
3.05620E+03 3.70912E-03
3.05717E+03 3.84115E-03
3.05813E+03 3.99072E-03
3.05909E+03 4.03280E-03
3.06006E+03 4.06199E-03
3.06102E+03 4.17691E-03
3.06199E+03 4.26413E-03
3.06295E+03 4.41949E-03
3.06392E+03 4.60828E-03
3.06488E+03 4.63370E-03
3.06585E+03 4.67346E-03
3.06681E+03 4.77466E-03
3.06777E+03 4.82266E-03
3.06874E+03 4.98918E-03
3.06970E+03 5.12806E-03
3.07067E+03 5.22470E-03
3.07163E+03 5.38979E-03
3.07260E+03 5.49620E-03
3.07356E+03 5.58066E-03
3.07453E+03 5.70908E-03
3.07549E+03 5.86772E-03
3.07645E+03 5.99729E-03
3.07742E+03 6.10261E-03
3.07838E+03 6.15690E-03
3.07935E+03 6.19146E-03
3.08031E+03 6.33170E-03
3.08128E+03 6.58282E-03
3.08224E+03 6.77030E-03
3.08321E+03 6.84354E-03
3.08417E+03 6.96338E-03
3.08513E+03 7.09946E-03
3.08610E+03 7.25152E-03
3.08706E+03 7.39305E-03
3.08803E+03 7.45435E-03
3.08899E+03 7.57653E-03
3.08996E+03 7.80937E-03
3.09092E+03 7.98595E-03
3.09188E+03 8.11711E-03
3.09285E+03 8.20024E-03
3.09381E+03 8.31408E-03
3.09478E+03 8.45243E-03
3.09574E+03 8.58477E-03
3.09671E+03 8.78145E-03
3.09767E+03 8.90634E-03
3.09864E+03 8.99457E-03
3.09960E+03 9.15258E-03
3.10056E+03 9.36576E-03
3.10153E+03 9.48050E-03
3.10249E+03 9.58893E-03
3.10346E+03 9.76414E-03
3.10442E+03 9.95860E-03
3.10539E+03 1.01440E-02
3.10635E+03 1.02706E-02
3.10732E+03 1.03511E-02
3.10828E+03 1.05460E-02
3.10924E+03 1.07532E-02
3.11021E+03 1.08158E-02
3.11117E+03 1.10095E-02
3.11214E+03 1.12519E-02
3.11310E+03 1.13615E-02
3.11407E+03 1.14798E-02
3.11503E+03 1.16904E-02
3.11599E+03 1.19083E-02
3.11696E+03 1.20783E-02
3.11792E+03 1.21470E-02
3.11889E+03 1.22266E-02
3.11985E+03 1.24381E-02
3.12082E+03 1.25263E-02
3.12178E+03 1.27176E-02
3.12275E+03 1.30005E-02
3.12371E+03 1.31212E-02
3.12467E+03 1.32366E-02
3.12564E+03 1.33623E-02
3.12660E+03 1.34728E-02
3.12757E+03 1.36600E-02
3.12853E+03 1.38950E-02
3.12950E+03 1.40097E-02
3.13046E+03 1.41999E-02
3.13143E+03 1.44387E-02
3.13239E+03 1.46006E-02
3.13335E+03 1.47751E-02
3.13432E+03 1.49037E-02
3.13528E+03 1.50053E-02
3.13625E+03 1.51359E-02
3.13721E+03 1.53743E-02
3.13818E+03 1.56186E-02
3.13914E+03 1.57645E-02
3.14010E+03 1.58681E-02
3.14107E+03 1.59873E-02
3.14203E+03 1.61926E-02
3.14300E+03 1.63931E-02
3.14396E+03 1.65907E-02
3.14493E+03 1.67728E-02
3.14589E+03 1.69519E-02
3.14686E+03 1.71908E-02
3.14782E+03 1.74084E-02
3.14878E+03 1.75881E-02
3.14975E+03 1.77021E-02
3.15071E+03 1.78300E-02
3.15168E+03 1.79967E-02
3.15264E+03 1.82191E-02
3.15361E+03 1.84011E-02
3.15457E+03 1.85504E-02
3.15554E+03 1.87415E-02
3.15650E+03 1.88582E-02
3.15746E+03 1.90169E-02
3.15843E+03 1.92777E-02
3.15939E+03 1.94731E-02
3.16036E+03 1.95497E-02
3.16132E+03 1.96964E-02
3.16229E+03 1.99501E-02
3.16325E+03 2.01763E-02
3.16422E+03 2.03062E-02
3.16518E+03 2.04351E-02
3.16614E+03 2.06316E-02
3.16711E+03 2.08708E-02
3.16807E+03 2.10416E-02
3.16904E+03 2.12259E-02
3.17000E+03 2.14418E-02
3.17097E+03 2.15938E-02
3.17193E+03 2.17297E-02
3.17289E+03 2.18547E-02
3.17386E+03 2.20194E-02
3.17482E+03 2.21166E-02
3.17579E+03 2.22737E-02
3.17675E+03 2.24946E-02
3.17772E+03 2.27016E-02
3.17868E+03 2.28679E-02
3.17965E+03 2.29726E-02
3.18061E+03 2.31396E-02
3.18157E+03 2.33833E-02
3.18254E+03 2.35284E-02
3.18350E+03 2.36193E-02
3.18447E+03 2.38015E-02
3.18543E+03 2.39665E-02
3.18640E+03 2.42146E-02
3.18736E+03 2.43589E-02
3.18833E+03 2.44110E-02
3.18929E+03 2.45711E-02
3.19025E+03 2.46789E-02
3.19122E+03 2.48116E-02
3.19218E+03 2.49989E-02
3.19315E+03 2.52033E-02
3.19411E+03 2.54275E-02
3.19508E+03 2.55187E-02
3.19604E+03 2.55439E-02
3.19700E+03 2.56757E-02
3.19797E+03 2.58772E-02
3.19893E+03 2.60162E-02
3.19990E+03 2.60352E-02
3.20086E+03 2.60922E-02
3.20183E+03 2.62345E-02
3.20279E+03 2.63662E-02
3.20376E+03 2.65517E-02
3.20472E+03 2.66858E-02
3.20568E+03 2.67991E-02
3.20665E+03 2.69513E-02
3.20761E+03 2.70117E-02
3.20858E+03 2.69883E-02
3.20954E+03 2.70638E-02
3.21051E+03 2.72964E-02
3.21147E+03 2.74060E-02
3.21244E+03 2.75153E-02
3.21340E+03 2.76427E-02
3.21436E+03 2.76510E-02
3.21533E+03 2.77779E-02
3.21629E+03 2.79473E-02
3.21726E+03 2.78661E-02
3.21822E+03 2.78720E-02
3.21919E+03 2.81358E-02
3.22015E+03 2.83134E-02
3.22111E+03 2.83501E-02
3.22208E+03 2.83353E-02
3.22304E+03 2.84153E-02
3.22401E+03 2.85200E-02
3.22497E+03 2.85515E-02
3.22594E+03 2.86603E-02
3.22690E+03 2.87237E-02
3.22787E+03 2.87299E-02
3.22883E+03 2.88154E-02
3.22979E+03 2.88135E-02
3.23076E+03 2.88620E-02
3.23172E+03 2.89813E-02
3.23269E+03 2.90000E-02
3.23365E+03 2.90051E-02
3.23462E+03 2.90483E-02
3.23558E+03 2.90664E-02
3.23655E+03 2.90673E-02
3.23751E+03 2.91546E-02
3.23847E+03 2.92064E-02
3.23944E+03 2.92297E-02
3.24040E+03 2.93679E-02
3.24137E+03 2.94052E-02
3.24233E+03 2.93910E-02
3.24330E+03 2.93898E-02
3.24426E+03 2.93856E-02
3.24523E+03 2.94248E-02
3.24619E+03 2.94678E-02
3.24715E+03 2.94303E-02
3.24812E+03 2.93726E-02
3.24908E+03 2.94126E-02
3.25005E+03 2.94027E-02
3.25101E+03 2.93571E-02
3.25198E+03 2.93928E-02
3.25294E+03 2.95009E-02
3.25390E+03 2.95101E-02
3.25487E+03 2.94405E-02
3.25583E+03 2.93100E-02
3.25680E+03 2.92189E-02
3.25776E+03 2.92749E-02
3.25873E+03 2.92600E-02
3.25969E+03 2.92281E-02
3.26066E+03 2.92015E-02
3.26162E+03 2.92025E-02
3.26258E+03 2.92353E-02
3.26355E+03 2.91578E-02
3.26451E+03 2.91259E-02
3.26548E+03 2.90458E-02
3.26644E+03 2.89097E-02
3.26741E+03 2.89138E-02
3.26837E+03 2.89613E-02
3.26934E+03 2.89002E-02
3.27030E+03 2.88179E-02
3.27126E+03 2.87722E-02
3.27223E+03 2.86816E-02
3.27319E+03 2.86109E-02
3.27416E+03 2.85645E-02
3.27512E+03 2.84645E-02
3.27609E+03 2.84000E-02
3.27705E+03 2.83721E-02
3.27802E+03 2.82689E-02
3.27898E+03 2.81449E-02
3.27994E+03 2.80416E-02
3.28091E+03 2.80110E-02
3.28187E+03 2.79090E-02
3.28284E+03 2.77643E-02
3.28380E+03 2.77390E-02
3.28477E+03 2.76808E-02
3.28573E+03 2.75248E-02
3.28669E+03 2.73812E-02
3.28766E+03 2.73115E-02
3.28862E+03 2.71999E-02
3.28959E+03 2.70405E-02
3.29055E+03 2.69506E-02
3.29152E+03 2.68633E-02
3.29248E+03 2.68049E-02
3.29345E+03 2.66840E-02
3.29441E+03 2.65021E-02
3.29537E+03 2.64211E-02
3.29634E+03 2.63147E-02
3.29730E+03 2.61431E-02
3.29827E+03 2.59964E-02
3.29923E+03 2.59160E-02
3.30020E+03 2.58228E-02
3.30116E+03 2.56529E-02
3.30213E+03 2.54966E-02
3.30309E+03 2.53987E-02
3.30405E+03 2.52985E-02
3.30502E+03 2.51577E-02
3.30598E+03 2.50208E-02
3.30695E+03 2.48769E-02
3.30791E+03 2.47416E-02
3.30888E+03 2.46530E-02
3.30984E+03 2.45357E-02
3.31080E+03 2.43388E-02
3.31177E+03 2.41439E-02
3.31273E+03 2.39919E-02
3.31370E+03 2.39176E-02
3.31466E+03 2.38272E-02
3.31563E+03 2.36008E-02
3.31659E+03 2.34300E-02
3.31756E+03 2.33577E-02
3.31852E+03 2.32559E-02
3.31948E+03 2.30649E-02
3.32045E+03 2.28932E-02
3.32141E+03 2.28012E-02
3.32238E+03 2.25981E-02
3.32334E+03 2.24387E-02
3.32431E+03 2.23321E-02
3.32527E+03 2.21360E-02
3.32624E+03 2.19547E-02
3.32720E+03 2.17818E-02
3.32816E+03 2.16298E-02
3.32913E+03 2.15100E-02
3.33009E+03 2.14000E-02
3.33106E+03 2.13174E-02
3.33202E+03 2.11797E-02
3.33299E+03 2.08853E-02
3.33395E+03 2.06943E-02
3.33492E+03 2.05732E-02
3.33588E+03 2.03362E-02
3.33684E+03 2.02482E-02
3.33781E+03 2.02022E-02
3.33877E+03 2.00848E-02
3.33974E+03 1.99795E-02
3.34070E+03 1.98376E-02
3.34167E+03 1.96783E-02
3.34263E+03 1.95171E-02
3.34359E+03 1.93652E-02
3.34456E+03 1.91951E-02
3.34552E+03 1.90696E-02
3.34649E+03 1.89229E-02
3.34745E+03 1.88064E-02
3.34842E+03 1.87004E-02
3.34938E+03 1.85336E-02
3.35035E+03 1.84119E-02
3.35131E+03 1.82411E-02
3.35227E+03 1.81379E-02
3.35324E+03 1.80553E-02
3.35420E+03 1.78925E-02
3.35517E+03 1.77677E-02
3.35613E+03 1.76372E-02
3.35710E+03 1.75313E-02
3.35806E+03 1.74329E-02
3.35903E+03 1.73196E-02
3.35999E+03 1.72023E-02
3.36095E+03 1.70033E-02
3.36192E+03 1.67804E-02
3.36288E+03 1.66618E-02
3.36385E+03 1.65908E-02
3.36481E+03 1.64717E-02
3.36578E+03 1.63905E-02
3.36674E+03 1.62674E-02
3.36770E+03 1.60945E-02
3.36867E+03 1.59614E-02
3.36963E+03 1.58433E-02
3.37060E+03 1.57694E-02
3.37156E+03 1.56376E-02
3.37253E+03 1.54324E-02
3.37349E+03 1.52892E-02
3.37446E+03 1.51259E-02
3.37542E+03 1.50109E-02
3.37638E+03 1.49694E-02
3.37735E+03 1.47903E-02
3.37831E+03 1.46189E-02
3.37928E+03 1.45549E-02
3.38024E+03 1.44122E-02
3.38121E+03 1.42365E-02
3.38217E+03 1.40689E-02
3.38314E+03 1.39304E-02
3.38410E+03 1.38375E-02
3.38506E+03 1.37776E-02
3.38603E+03 1.36724E-02
3.38699E+03 1.34011E-02
3.38796E+03 1.31981E-02
3.38892E+03 1.30814E-02
3.38989E+03 1.29581E-02
3.39085E+03 1.28607E-02
3.39181E+03 1.27017E-02
3.39278E+03 1.26159E-02
3.39374E+03 1.25625E-02
3.39471E+03 1.23704E-02
3.39567E+03 1.22386E-02
3.39664E+03 1.21316E-02
3.39760E+03 1.19535E-02
3.39857E+03 1.18328E-02
3.39953E+03 1.16806E-02
3.40049E+03 1.15130E-02
3.40146E+03 1.13306E-02
3.40242E+03 1.11194E-02
3.40339E+03 1.10770E-02
3.40435E+03 1.09967E-02
3.40532E+03 1.08505E-02
3.40628E+03 1.06931E-02
3.40725E+03 1.05186E-02
3.40821E+03 1.03942E-02
3.40917E+03 1.03130E-02
3.41014E+03 1.02709E-02
3.41110E+03 1.01470E-02
3.41207E+03 9.98427E-03
3.41303E+03 9.56501E-03
3.41400E+03 9.19808E-03
3.41496E+03 9.35655E-03
3.41593E+03 9.40600E-03
3.41689E+03 9.25887E-03
3.41785E+03 9.15055E-03
3.41882E+03 9.04061E-03
3.41978E+03 8.96451E-03
3.42075E+03 8.83610E-03
3.42171E+03 8.71432E-03
3.42268E+03 8.51318E-03
3.42364E+03 8.36722E-03
3.42460E+03 8.27773E-03
3.42557E+03 8.12446E-03
3.42653E+03 7.97812E-03
3.42750E+03 7.87345E-03
3.42846E+03 7.77514E-03
3.42943E+03 7.56341E-03
3.43039E+03 7.42204E-03
3.43136E+03 7.38045E-03
3.43232E+03 7.27337E-03
3.43328E+03 7.19123E-03
3.43425E+03 7.05329E-03
3.43521E+03 6.92493E-03
3.43618E+03 6.85738E-03
3.43714E+03 6.79198E-03
3.43811E+03 6.73892E-03
3.43907E+03 6.56777E-03
3.44004E+03 6.44270E-03
3.44100E+03 6.34306E-03
3.44196E+03 6.23721E-03
3.44293E+03 6.16533E-03
3.44389E+03 6.00750E-03
3.44486E+03 5.84871E-03
3.44582E+03 5.67998E-03
3.44679E+03 5.62768E-03
3.44775E+03 5.55546E-03
3.44871E+03 5.41043E-03
3.44968E+03 5.32586E-03
3.45064E+03 5.21980E-03
3.45161E+03 5.15716E-03
3.45257E+03 5.05870E-03
3.45354E+03 5.01400E-03
3.45450E+03 4.79900E-03
3.45547E+03 4.73965E-03
3.45643E+03 4.80456E-03
3.45739E+03 4.60384E-03
3.45836E+03 4.46104E-03
3.45932E+03 4.33571E-03
3.46029E+03 4.20598E-03
3.46125E+03 4.12222E-03
3.46222E+03 4.09036E-03
3.46318E+03 3.99781E-03
3.46415E+03 3.87369E-03
3.46511E+03 3.77547E-03
3.46607E+03 3.63840E-03
3.46704E+03 3.48342E-03
3.46800E+03 3.34701E-03
3.46897E+03 3.21702E-03
3.46993E+03 3.16709E-03
3.47090E+03 3.15318E-03
3.47186E+03 3.03801E-03
3.47282E+03 2.86701E-03
3.47379E+03 2.81319E-03
3.47475E+03 2.75828E-03
3.47572E+03 2.55799E-03
3.47668E+03 2.44371E-03
3.47765E+03 2.35869E-03
3.47861E+03 2.27678E-03
3.47958E+03 2.31311E-03
3.48054E+03 2.28092E-03
3.48150E+03 2.09842E-03
3.48247E+03 1.94840E-03
3.48343E+03 1.84647E-03
3.48440E+03 1.69223E-03
3.48536E+03 1.56159E-03
3.48633E+03 1.48953E-03
3.48729E+03 1.32858E-03
3.48826E+03 1.24478E-03
3.48922E+03 1.22060E-03
3.49018E+03 1.13054E-03
3.49115E+03 1.08583E-03
3.49211E+03 1.05516E-03
3.49308E+03 9.03327E-04
3.49404E+03 6.44200E-04
3.49501E+03 5.41054E-04
3.49597E+03 6.03598E-04
3.49694E+03 6.37233E-04
3.49790E+03 5.05295E-04
3.49886E+03 2.91578E-04
3.49983E+03 2.16484E-04
3.50079E+03 1.65422E-04
3.50176E+03 1.29439E-04
3.50272E+03 1.08320E-04
3.50369E+03 -4.82686E-05
3.50465E+03 -2.15322E-04
3.50561E+03 -2.70128E-04
3.50658E+03 -2.99130E-04
3.50754E+03 -4.69968E-04
3.50851E+03 -6.13302E-04
3.50947E+03 -7.12264E-04
3.51044E+03 -7.74212E-04
3.51140E+03 -7.76805E-04
3.51237E+03 -8.16401E-04
3.51333E+03 -8.90378E-04
3.51429E+03 -9.77680E-04
3.51526E+03 -1.03414E-03
3.51622E+03 -1.06250E-03
3.51719E+03 -1.20907E-03
3.51815E+03 -1.31803E-03
3.51912E+03 -1.21011E-03
3.52008E+03 -1.20883E-03
3.52105E+03 -1.35361E-03
3.52201E+03 -1.47068E-03
3.52297E+03 -1.59839E-03
3.52394E+03 -1.70414E-03
3.52490E+03 -1.71465E-03
3.52587E+03 -1.81312E-03
3.52683E+03 -1.85790E-03
3.52780E+03 -1.89601E-03
3.52876E+03 -2.03168E-03
3.52972E+03 -2.10238E-03
3.53069E+03 -2.14256E-03
3.53165E+03 -2.12494E-03
3.53262E+03 -2.14798E-03
3.53358E+03 -2.23437E-03
3.53455E+03 -2.29595E-03
3.53551E+03 -2.38279E-03
3.53648E+03 -2.46458E-03
3.53744E+03 -2.46864E-03
3.53840E+03 -2.48053E-03
3.53937E+03 -2.50689E-03
3.54033E+03 -2.62970E-03
3.54130E+03 -2.68767E-03
3.54226E+03 -2.71370E-03
3.54323E+03 -2.75784E-03
3.54419E+03 -2.71575E-03
3.54516E+03 -2.77866E-03
3.54612E+03 -2.87650E-03
3.54708E+03 -2.92150E-03
3.54805E+03 -3.02240E-03
3.54901E+03 -3.07792E-03
3.54998E+03 -3.00049E-03
3.55094E+03 -2.95718E-03
3.55191E+03 -3.01499E-03
3.55287E+03 -3.08766E-03
3.55383E+03 -3.11689E-03
3.55480E+03 -3.17748E-03
3.55576E+03 -3.21421E-03
3.55673E+03 -3.16646E-03
3.55769E+03 -3.16030E-03
3.55866E+03 -3.20651E-03
3.55962E+03 -3.30200E-03
3.56059E+03 -3.37068E-03
3.56155E+03 -3.41915E-03
3.56251E+03 -3.48704E-03
3.56348E+03 -3.46516E-03
3.56444E+03 -3.51944E-03
3.56541E+03 -3.56733E-03
3.56637E+03 -3.45572E-03
3.56734E+03 -3.42029E-03
3.56830E+03 -3.52008E-03
3.56927E+03 -3.52502E-03
3.57023E+03 -3.44588E-03
3.57119E+03 -3.46031E-03
3.57216E+03 -3.46573E-03
3.57312E+03 -3.49416E-03
3.57409E+03 -3.45185E-03
3.57505E+03 -3.39937E-03
3.57602E+03 -3.48844E-03
3.57698E+03 -3.51804E-03
3.57795E+03 -3.52194E-03
3.57891E+03 -3.45669E-03
3.57987E+03 -3.28293E-03
3.58084E+03 -3.19827E-03
3.58180E+03 -3.17081E-03
3.58277E+03 -3.08919E-03
3.58373E+03 -3.03258E-03
3.58470E+03 -2.91961E-03
3.58566E+03 -2.84737E-03
3.58662E+03 -2.90675E-03
3.58759E+03 -2.90131E-03
3.58855E+03 -2.87675E-03
3.58952E+03 -2.85990E-03
3.59048E+03 -2.82587E-03
3.59145E+03 -2.86363E-03
3.59241E+03 -2.82981E-03
3.59338E+03 -2.81866E-03
3.59434E+03 -2.80199E-03
3.59530E+03 -2.72074E-03
3.59627E+03 -2.74839E-03
3.59723E+03 -2.84435E-03
3.59820E+03 -3.03101E-03
3.59916E+03 -3.20926E-03
3.60013E+03 -3.29187E-03
3.60109E+03 -3.51319E-03
3.60206E+03 -3.63520E-03
3.60302E+03 -3.61942E-03
3.60398E+03 -3.65891E-03
3.60495E+03 -3.72095E-03
3.60591E+03 -3.80368E-03
3.60688E+03 -3.86667E-03
3.60784E+03 -3.92011E-03
3.60881E+03 -3.94215E-03
3.60977E+03 -3.93359E-03
3.61074E+03 -3.87853E-03
3.61170E+03 -3.84875E-03
3.61266E+03 -3.86030E-03
3.61363E+03 -3.85055E-03
3.61459E+03 -3.87709E-03
3.61556E+03 -3.97573E-03
3.61652E+03 -4.03215E-03
3.61749E+03 -3.94758E-03
3.61845E+03 -3.80646E-03
3.61941E+03 -3.80950E-03
3.62038E+03 -3.82364E-03
3.62134E+03 -3.86377E-03
3.62231E+03 -3.90252E-03
3.62327E+03 -3.83486E-03
3.62424E+03 -3.74091E-03
3.62520E+03 -3.70726E-03
3.62617E+03 -3.80784E-03
3.62713E+03 -3.80953E-03
3.62809E+03 -3.80635E-03
3.62906E+03 -3.91687E-03
3.63002E+03 -3.87073E-03
3.63099E+03 -3.82980E-03
3.63195E+03 -3.86547E-03
3.63292E+03 -3.91570E-03
3.63388E+03 -4.02626E-03
3.63485E+03 -4.02771E-03
3.63581E+03 -3.99486E-03
3.63677E+03 -3.97206E-03
3.63774E+03 -3.91883E-03
3.63870E+03 -3.87997E-03
3.63967E+03 -3.85351E-03
3.64063E+03 -3.90781E-03
3.64160E+03 -4.01891E-03
3.64256E+03 -3.96252E-03
3.64352E+03 -3.95378E-03
3.64449E+03 -3.97313E-03
3.64545E+03 -3.95768E-03
3.64642E+03 -3.95336E-03
3.64738E+03 -3.88245E-03
3.64835E+03 -3.88048E-03
3.64931E+03 -3.70953E-03
3.65028E+03 -3.66050E-03
3.65124E+03 -3.73428E-03
3.65220E+03 -3.71503E-03
3.65317E+03 -3.70276E-03
3.65413E+03 -3.74291E-03
3.65510E+03 -3.80786E-03
3.65606E+03 -3.77607E-03
3.65703E+03 -3.79716E-03
3.65799E+03 -3.87659E-03
3.65896E+03 -3.87744E-03
3.65992E+03 -3.78909E-03
3.66088E+03 -3.76327E-03
3.66185E+03 -3.77220E-03
3.66281E+03 -3.81216E-03
3.66378E+03 -3.82824E-03
3.66474E+03 -3.90018E-03
3.66571E+03 -3.95250E-03
3.66667E+03 -3.97209E-03
3.66764E+03 -3.94091E-03
3.66860E+03 -3.86234E-03
3.66956E+03 -3.94463E-03
3.67053E+03 -3.99432E-03
3.67149E+03 -4.10721E-03
3.67246E+03 -4.25453E-03
3.67342E+03 -4.22393E-03
3.67439E+03 -4.19544E-03
3.67535E+03 -4.17572E-03
3.67631E+03 -4.25616E-03
3.67728E+03 -4.39559E-03
3.67824E+03 -4.40682E-03
3.67921E+03 -4.44939E-03
3.68017E+03 -4.45319E-03
3.68114E+03 -4.45210E-03
3.68210E+03 -4.44105E-03
3.68307E+03 -4.44360E-03
3.68403E+03 -4.37814E-03
3.68499E+03 -4.37152E-03
3.68596E+03 -4.41193E-03
3.68692E+03 -4.36225E-03
3.68789E+03 -4.24660E-03
3.68885E+03 -4.10198E-03
3.68982E+03 -4.01673E-03
3.69078E+03 -3.79405E-03
3.69175E+03 -3.53399E-03
3.69271E+03 -3.32867E-03
3.69367E+03 -2.94514E-03
3.69464E+03 -2.31135E-03
3.69560E+03 -1.71617E-03
3.69657E+03 -1.16365E-03
3.69753E+03 -5.50024E-04
3.69850E+03 -1.01306E-04
3.69946E+03 1.07512E-04
3.70042E+03 1.24112E-04
3.70139E+03 -4.06019E-05
3.70235E+03 -3.53593E-04
3.70332E+03 -8.31027E-04
3.70428E+03 -1.39767E-03
3.70525E+03 -2.00098E-03
3.70621E+03 -2.56171E-03
3.70718E+03 -2.90681E-03
3.70814E+03 -3.01658E-03
3.70910E+03 -3.30290E-03
3.71007E+03 -3.68991E-03
3.71103E+03 -3.95273E-03
3.71200E+03 -4.13409E-03
3.71296E+03 -4.17326E-03
3.71393E+03 -4.23378E-03
3.71489E+03 -4.25277E-03
3.71586E+03 -4.21781E-03
3.71682E+03 -4.23582E-03
3.71778E+03 -4.25944E-03
3.71875E+03 -4.30655E-03
3.71971E+03 -4.37662E-03
3.72068E+03 -4.37830E-03
3.72164E+03 -4.32537E-03
3.72261E+03 -4.29537E-03
3.72357E+03 -4.32318E-03
3.72453E+03 -4.40169E-03
3.72550E+03 -4.46063E-03
3.72646E+03 -4.50305E-03
3.72743E+03 -4.50117E-03
3.72839E+03 -4.51718E-03
3.72936E+03 -4.52853E-03
3.73032E+03 -4.42391E-03
3.73129E+03 -4.39560E-03
3.73225E+03 -4.47803E-03
3.73321E+03 -4.53417E-03
3.73418E+03 -4.41477E-03
3.73514E+03 -4.31793E-03
3.73611E+03 -4.41965E-03
3.73707E+03 -4.49472E-03
3.73804E+03 -4.55656E-03
3.73900E+03 -4.58399E-03
3.73997E+03 -4.59191E-03
3.74093E+03 -4.63901E-03
3.74189E+03 -4.57292E-03
3.74286E+03 -4.64286E-03
3.74382E+03 -4.70167E-03
3.74479E+03 -4.60988E-03
3.74575E+03 -4.73253E-03
3.74672E+03 -4.80468E-03
3.74768E+03 -4.70698E-03
3.74865E+03 -4.70884E-03
3.74961E+03 -4.70585E-03
3.75057E+03 -4.60534E-03
3.75154E+03 -4.53987E-03
3.75250E+03 -4.60713E-03
3.75347E+03 -4.81052E-03
3.75443E+03 -4.84145E-03
3.75540E+03 -4.74628E-03
3.75636E+03 -4.77980E-03
3.75732E+03 -4.79665E-03
3.75829E+03 -4.76091E-03
3.75925E+03 -4.82485E-03
3.76022E+03 -4.87021E-03
3.76118E+03 -4.89009E-03
3.76215E+03 -4.91864E-03
3.76311E+03 -4.83271E-03
3.76408E+03 -4.83707E-03
3.76504E+03 -4.83480E-03
3.76600E+03 -4.74155E-03
3.76697E+03 -4.79811E-03
3.76793E+03 -4.83430E-03
3.76890E+03 -4.87661E-03
3.76986E+03 -4.85744E-03
3.77083E+03 -4.73469E-03
3.77179E+03 -4.83080E-03
3.77276E+03 -4.81873E-03
3.77372E+03 -4.71736E-03
3.77468E+03 -4.79322E-03
3.77565E+03 -4.81281E-03
3.77661E+03 -4.85391E-03
3.77758E+03 -4.92653E-03
3.77854E+03 -4.92265E-03
3.77951E+03 -4.84732E-03
3.78047E+03 -4.80231E-03
3.78143E+03 -4.90668E-03
3.78240E+03 -4.84693E-03
3.78336E+03 -4.77045E-03
3.78433E+03 -4.88381E-03
3.78529E+03 -4.93312E-03
3.78626E+03 -4.91103E-03
3.78722E+03 -4.90729E-03
3.78819E+03 -4.88786E-03
3.78915E+03 -4.91295E-03
3.79011E+03 -4.86931E-03
3.79108E+03 -4.87589E-03
3.79204E+03 -4.94142E-03
3.79301E+03 -4.83742E-03
3.79397E+03 -4.79960E-03
3.79494E+03 -4.85054E-03
3.79590E+03 -4.77804E-03
3.79687E+03 -4.76000E-03
3.79783E+03 -4.83899E-03
3.79879E+03 -4.88574E-03
3.79976E+03 -4.97982E-03
3.80072E+03 -5.03256E-03
3.80169E+03 -5.01850E-03
3.80265E+03 -4.95277E-03
3.80362E+03 -4.83932E-03
3.80458E+03 -4.94731E-03
3.80554E+03 -5.00482E-03
3.80651E+03 -4.87561E-03
3.80747E+03 -4.86504E-03
3.80844E+03 -4.90430E-03
3.80940E+03 -4.98674E-03
3.81037E+03 -5.01728E-03
3.81133E+03 -5.02777E-03
3.81230E+03 -4.91816E-03
3.81326E+03 -4.84984E-03
3.81422E+03 -4.89115E-03
3.81519E+03 -4.93201E-03
3.81615E+03 -5.02549E-03
3.81712E+03 -5.05873E-03
3.81808E+03 -4.99520E-03
3.81905E+03 -4.95349E-03
3.82001E+03 -4.97015E-03
3.82098E+03 -5.05720E-03
3.82194E+03 -5.07970E-03
3.82290E+03 -5.09536E-03
3.82387E+03 -5.15094E-03
3.82483E+03 -5.05590E-03
3.82580E+03 -4.99858E-03
3.82676E+03 -4.95888E-03
3.82773E+03 -4.98412E-03
3.82869E+03 -4.92629E-03
3.82966E+03 -4.82861E-03
3.83062E+03 -4.94926E-03
3.83158E+03 -5.01414E-03
3.83255E+03 -5.00325E-03
3.83351E+03 -4.99785E-03
3.83448E+03 -5.03492E-03
3.83544E+03 -5.11984E-03
3.83641E+03 -5.09908E-03
3.83737E+03 -4.97469E-03
3.83833E+03 -4.85783E-03
3.83930E+03 -5.01244E-03
3.84026E+03 -5.13839E-03
3.84123E+03 -5.10874E-03
3.84219E+03 -5.10228E-03
3.84316E+03 -4.99122E-03
3.84412E+03 -5.00274E-03
3.84509E+03 -5.04384E-03
3.84605E+03 -4.95074E-03
3.84701E+03 -4.93925E-03
3.84798E+03 -4.96190E-03
3.84894E+03 -4.98361E-03
3.84991E+03 -4.96390E-03
3.85087E+03 -4.95860E-03
3.85184E+03 -4.92812E-03
3.85280E+03 -4.97706E-03
3.85377E+03 -5.01347E-03
3.85473E+03 -5.00160E-03
3.85569E+03 -5.08464E-03
3.85666E+03 -5.16993E-03
3.85762E+03 -5.22342E-03
3.85859E+03 -5.07944E-03
3.85955E+03 -5.13863E-03
3.86052E+03 -5.23930E-03
3.86148E+03 -5.22753E-03
3.86244E+03 -5.17706E-03
3.86341E+03 -5.09209E-03
3.86437E+03 -5.07946E-03
3.86534E+03 -5.08929E-03
3.86630E+03 -5.14163E-03
3.86727E+03 -5.24547E-03
3.86823E+03 -5.19010E-03
3.86920E+03 -5.07228E-03
3.87016E+03 -5.08675E-03
3.87112E+03 -5.16535E-03
3.87209E+03 -5.24010E-03
3.87305E+03 -5.24620E-03
3.87402E+03 -5.22326E-03
3.87498E+03 -5.11291E-03
3.87595E+03 -5.04840E-03
3.87691E+03 -5.05985E-03
3.87788E+03 -5.16777E-03
3.87884E+03 -5.20151E-03
3.87980E+03 -5.24651E-03
3.88077E+03 -5.22239E-03
3.88173E+03 -5.09461E-03
3.88270E+03 -5.14640E-03
3.88366E+03 -5.26820E-03
3.88463E+03 -5.33311E-03
3.88559E+03 -5.24396E-03
3.88655E+03 -5.16888E-03
3.88752E+03 -5.22092E-03
3.88848E+03 -5.28018E-03
3.88945E+03 -5.32541E-03
3.89041E+03 -5.21607E-03
3.89138E+03 -5.11914E-03
3.89234E+03 -5.11705E-03
3.89331E+03 -5.22361E-03
3.89427E+03 -5.37154E-03
3.89523E+03 -5.35444E-03
3.89620E+03 -5.43766E-03
3.89716E+03 -5.45418E-03
3.89813E+03 -5.36492E-03
3.89909E+03 -5.37358E-03
3.90006E+03 -5.33718E-03
3.90102E+03 -5.29928E-03
3.90199E+03 -5.30662E-03
3.90295E+03 -5.33136E-03
3.90391E+03 -5.29636E-03
3.90488E+03 -5.25174E-03
3.90584E+03 -5.36539E-03
3.90681E+03 -5.47461E-03
3.90777E+03 -5.52801E-03
3.90874E+03 -5.48117E-03
3.90970E+03 -5.39739E-03
3.91067E+03 -5.45926E-03
3.91163E+03 -5.45659E-03
3.91259E+03 -5.42350E-03
3.91356E+03 -5.45363E-03
3.91452E+03 -5.47561E-03
3.91549E+03 -5.46796E-03
3.91645E+03 -5.42532E-03
3.91742E+03 -5.42328E-03
3.91838E+03 -5.43666E-03
3.91934E+03 -5.46509E-03
3.92031E+03 -5.52388E-03
3.92127E+03 -5.47256E-03
3.92224E+03 -5.27647E-03
3.92320E+03 -5.23724E-03
3.92417E+03 -5.33355E-03
3.92513E+03 -5.38819E-03
3.92610E+03 -5.36246E-03
3.92706E+03 -5.35280E-03
3.92802E+03 -5.40560E-03
3.92899E+03 -5.52471E-03
3.92995E+03 -5.56312E-03
3.93092E+03 -5.45293E-03
3.93188E+03 -5.42005E-03
3.93285E+03 -5.37175E-03
3.93381E+03 -5.30732E-03
3.93478E+03 -5.33192E-03
3.93574E+03 -5.44395E-03
3.93670E+03 -5.62506E-03
3.93767E+03 -5.70799E-03
3.93863E+03 -5.61561E-03
3.93960E+03 -5.45900E-03
3.94056E+03 -5.36404E-03
3.94153E+03 -5.37511E-03
3.94249E+03 -5.41925E-03
3.94346E+03 -5.37930E-03
3.94442E+03 -5.40157E-03
3.94538E+03 -5.51705E-03
3.94635E+03 -5.47009E-03
3.94731E+03 -5.45739E-03
3.94828E+03 -5.42617E-03
3.94924E+03 -5.37000E-03
3.95021E+03 -5.40134E-03
3.95117E+03 -5.35968E-03
3.95213E+03 -5.49082E-03
3.95310E+03 -5.63385E-03
3.95406E+03 -5.53175E-03
3.95503E+03 -5.43427E-03
3.95599E+03 -5.45764E-03
3.95696E+03 -5.58165E-03
3.95792E+03 -5.60275E-03
3.95889E+03 -5.46349E-03
3.95985E+03 -5.39573E-03
3.96081E+03 -5.38708E-03
3.96178E+03 -5.42150E-03
3.96274E+03 -5.46385E-03
3.96371E+03 -5.38640E-03
3.96467E+03 -5.32855E-03
3.96564E+03 -5.40688E-03
3.96660E+03 -5.50672E-03
3.96757E+03 -5.41157E-03
3.96853E+03 -5.29413E-03
3.96949E+03 -5.46802E-03
3.97046E+03 -5.59939E-03
3.97142E+03 -5.63287E-03
3.97239E+03 -5.52187E-03
3.97335E+03 -5.44971E-03
3.97432E+03 -5.52153E-03
3.97528E+03 -5.51188E-03
3.97624E+03 -5.51113E-03
3.97721E+03 -5.54857E-03
3.97817E+03 -5.54620E-03
3.97914E+03 -5.45035E-03
3.98010E+03 -5.38888E-03
3.98107E+03 -5.44214E-03
3.98203E+03 -5.56260E-03
3.98300E+03 -5.48336E-03
3.98396E+03 -5.38097E-03
3.98492E+03 -5.45558E-03
3.98589E+03 -5.48111E-03
3.98685E+03 -5.55158E-03
3.98782E+03 -5.65593E-03
3.98878E+03 -5.68902E-03
3.98975E+03 -5.63165E-03
3.99071E+03 -5.38543E-03
3.99168E+03 -5.38182E-03
3.99264E+03 -5.57089E-03
3.99360E+03 -5.62022E-03
3.99457E+03 -5.67213E-03
3.99553E+03 -5.69762E-03
3.99650E+03 -5.50842E-03
3.99746E+03 -5.48294E-03
3.99843E+03 -5.63683E-03
3.99939E+03 -5.53467E-03
4.00035E+03 -5.32968E-03
4.00132E+03 -5.29148E-03
