# {"full": "H2O:CH3OH:CO2 (0.9:0.3:1)", "name": "H2O:CH3OH:CO2", "ratio": "(0.9:0.3:1)", "url": "https://icedb.strw.leidenuniv.nl/data/51", "author": "Ehrenfreund et al.", "latex_molname": "$\\ce{H2O}$:$\\ce{CH3OH}$:$\\ce{CO2}$ (0.9:0.3:1)", "temperature": 115.0, "index": 447}
3.99264E+02 -1.94376E-02
4.00228E+02 -1.36207E-02
4.01193E+02 -7.29780E-03
4.02157E+02 -8.64948E-03
4.03122E+02 -9.61556E-03
4.04086E+02 -1.03336E-02
4.05050E+02 -1.12104E-02
4.06015E+02 -9.76136E-03
4.06979E+02 -6.24903E-03
4.07944E+02 -8.21022E-03
4.08908E+02 -9.49774E-03
4.09872E+02 -9.21475E-03
4.10837E+02 -8.96666E-03
4.11801E+02 -7.68531E-03
4.12766E+02 -8.00500E-03
4.13730E+02 -6.77875E-03
4.14694E+02 -5.66672E-03
4.15659E+02 -4.62202E-03
4.16623E+02 -3.67378E-03
4.17588E+02 -2.33770E-03
4.18552E+02 -2.71896E-03
4.19516E+02 4.44038E-03
4.20481E+02 8.76242E-03
4.21445E+02 -2.16985E-02
4.22410E+02 -2.72936E-02
4.23374E+02 -1.40883E-02
4.24339E+02 -1.40381E-02
4.25303E+02 -1.16894E-02
4.26267E+02 -1.01108E-02
4.27232E+02 -9.87735E-03
4.28196E+02 -1.15787E-02
4.29161E+02 -9.14754E-03
4.30125E+02 -6.98080E-03
4.31089E+02 -6.50499E-03
4.32054E+02 -8.34226E-03
4.33018E+02 -8.59025E-03
4.33983E+02 -7.10634E-03
4.34947E+02 -6.20665E-03
4.35911E+02 -6.07061E-03
4.36876E+02 -6.12654E-03
4.37840E+02 -5.87341E-03
4.38805E+02 -5.10588E-03
4.39769E+02 -4.54292E-03
4.40733E+02 -2.74602E-03
4.41698E+02 3.81456E-03
4.42662E+02 -1.72983E-03
4.43627E+02 -1.00929E-02
4.44591E+02 -8.50284E-03
4.45555E+02 -8.28244E-03
4.46520E+02 -7.94704E-03
4.47484E+02 -7.58756E-03
4.48449E+02 -6.89021E-03
4.49413E+02 -6.63815E-03
4.50377E+02 -7.33223E-03
4.51342E+02 -7.02733E-03
4.52306E+02 -7.02950E-03
4.53271E+02 -7.37019E-03
4.54235E+02 -6.94576E-03
4.55199E+02 -8.15266E-03
4.56164E+02 -5.48776E-03
4.57128E+02 -2.43768E-03
4.58093E+02 -4.51852E-03
4.59057E+02 -5.63836E-03
4.60022E+02 -5.76026E-03
4.60986E+02 -5.58822E-03
4.61950E+02 -5.22394E-03
4.62915E+02 -5.84136E-03
4.63879E+02 -6.15343E-03
4.64844E+02 -5.84718E-03
4.65808E+02 -5.66016E-03
4.66772E+02 -5.39054E-03
4.67737E+02 -5.28602E-03
4.68701E+02 -5.09429E-03
4.69666E+02 -4.82865E-03
4.70630E+02 -4.86616E-03
4.71594E+02 -4.91872E-03
4.72559E+02 -4.76962E-03
4.73523E+02 -4.70389E-03
4.74488E+02 -4.76114E-03
4.75452E+02 -4.59044E-03
4.76416E+02 -4.16708E-03
4.77381E+02 -4.63482E-03
4.78345E+02 -5.04797E-03
4.79310E+02 -4.36271E-03
4.80274E+02 -4.06667E-03
4.81238E+02 -3.92993E-03
4.82203E+02 -3.66871E-03
4.83167E+02 -3.52883E-03
4.84132E+02 -2.92833E-03
4.85096E+02 -2.77123E-03
4.86060E+02 -2.97792E-03
4.87025E+02 -2.79713E-03
4.87989E+02 -2.66183E-03
4.88954E+02 -2.44258E-03
4.89918E+02 -2.09347E-03
4.90883E+02 -1.77639E-03
4.91847E+02 -1.44618E-03
4.92811E+02 -1.09228E-03
4.93776E+02 -7.66613E-04
4.94740E+02 -5.06487E-04
4.95705E+02 -1.77816E-04
4.96669E+02 2.93173E-04
4.97633E+02 1.85614E-03
4.98598E+02 3.49961E-04
4.99562E+02 -1.64871E-03
5.00527E+02 -6.02160E-04
5.01491E+02 -1.40287E-04
5.02455E+02 2.46171E-04
5.03420E+02 5.86480E-04
5.04384E+02 7.54870E-04
5.05349E+02 9.52549E-04
5.06313E+02 1.47589E-03
5.07277E+02 1.78692E-03
5.08242E+02 2.01731E-03
5.09206E+02 2.22486E-03
5.10171E+02 2.25200E-03
5.11135E+02 2.62407E-03
5.12099E+02 3.01985E-03
5.13064E+02 2.94515E-03
5.14028E+02 3.08400E-03
5.14993E+02 3.42762E-03
5.15957E+02 3.50819E-03
5.16921E+02 3.56494E-03
5.17886E+02 3.81145E-03
5.18850E+02 3.70426E-03
5.19815E+02 3.90189E-03
5.20779E+02 4.65057E-03
5.21743E+02 4.87189E-03
5.22708E+02 4.93740E-03
5.23672E+02 5.11019E-03
5.24637E+02 5.15904E-03
5.25601E+02 5.25102E-03
5.26565E+02 5.55754E-03
5.27530E+02 5.70008E-03
5.28494E+02 5.82098E-03
5.29459E+02 6.02755E-03
5.30423E+02 6.12212E-03
5.31388E+02 6.34585E-03
5.32352E+02 6.42695E-03
5.33316E+02 6.49942E-03
5.34281E+02 6.87255E-03
5.35245E+02 6.88937E-03
5.36210E+02 6.89665E-03
5.37174E+02 7.26952E-03
5.38138E+02 7.42122E-03
5.39103E+02 7.46323E-03
5.40067E+02 7.51698E-03
5.41032E+02 7.69629E-03
5.41996E+02 7.92512E-03
5.42960E+02 8.04488E-03
5.43925E+02 8.20559E-03
5.44889E+02 8.37268E-03
5.45854E+02 8.46819E-03
5.46818E+02 8.51395E-03
5.47782E+02 8.84913E-03
5.48747E+02 9.12050E-03
5.49711E+02 9.14527E-03
5.50676E+02 9.34996E-03
5.51640E+02 9.53463E-03
5.52604E+02 9.57163E-03
5.53569E+02 9.66682E-03
5.54533E+02 9.69530E-03
5.55498E+02 9.79941E-03
5.56462E+02 9.96297E-03
5.57427E+02 1.00330E-02
5.58391E+02 1.01867E-02
5.59355E+02 1.04513E-02
5.60320E+02 1.06648E-02
5.61284E+02 1.08471E-02
5.62249E+02 1.08773E-02
5.63213E+02 1.08601E-02
5.64177E+02 1.10661E-02
5.65142E+02 1.12288E-02
5.66106E+02 1.14071E-02
5.67071E+02 1.16153E-02
5.68035E+02 1.17651E-02
5.68999E+02 1.19349E-02
5.69964E+02 1.20978E-02
5.70928E+02 1.23443E-02
5.71893E+02 1.25217E-02
5.72857E+02 1.27252E-02
5.73821E+02 1.29180E-02
5.74786E+02 1.38693E-02
5.75750E+02 1.41272E-02
5.76715E+02 1.31862E-02
5.77679E+02 1.32351E-02
5.78643E+02 1.35126E-02
5.79608E+02 1.37351E-02
5.80572E+02 1.39870E-02
5.81537E+02 1.41931E-02
5.82501E+02 1.43163E-02
5.83465E+02 1.44534E-02
5.84430E+02 1.47212E-02
5.85394E+02 1.49066E-02
5.86359E+02 1.51366E-02
5.87323E+02 1.53571E-02
5.88287E+02 1.54820E-02
5.89252E+02 1.57530E-02
5.90216E+02 1.60915E-02
5.91181E+02 1.63344E-02
5.92145E+02 1.65402E-02
5.93109E+02 1.67535E-02
5.94074E+02 1.70147E-02
5.95038E+02 1.73112E-02
5.96003E+02 1.75512E-02
5.96967E+02 1.78158E-02
5.97932E+02 1.81234E-02
5.98896E+02 1.83620E-02
5.99860E+02 1.87155E-02
6.00825E+02 1.89778E-02
6.01789E+02 1.92313E-02
6.02754E+02 1.96687E-02
6.03718E+02 2.00561E-02
6.04682E+02 2.03419E-02
6.05647E+02 2.07144E-02
6.06611E+02 2.11150E-02
6.07576E+02 2.14272E-02
6.08540E+02 2.18603E-02
6.09504E+02 2.23411E-02
6.10469E+02 2.29041E-02
6.11433E+02 2.33283E-02
6.12398E+02 2.35948E-02
6.13362E+02 2.40354E-02
6.14326E+02 2.45233E-02
6.15291E+02 2.50280E-02
6.16255E+02 2.55352E-02
6.17220E+02 2.61496E-02
6.18184E+02 2.68962E-02
6.19148E+02 2.76087E-02
6.20113E+02 2.82702E-02
6.21077E+02 2.89933E-02
6.22042E+02 2.97282E-02
6.23006E+02 3.05113E-02
6.23971E+02 3.13855E-02
6.24935E+02 3.23614E-02
6.25899E+02 3.33710E-02
6.26864E+02 3.44972E-02
6.27828E+02 3.57338E-02
6.28793E+02 3.71374E-02
6.29757E+02 3.85762E-02
6.30721E+02 4.00882E-02
6.31686E+02 4.18148E-02
6.32650E+02 4.34738E-02
6.33615E+02 4.53326E-02
6.34579E+02 4.74737E-02
6.35543E+02 4.99574E-02
6.36508E+02 5.29553E-02
6.37472E+02 5.64903E-02
6.38437E+02 6.07226E-02
6.39401E+02 6.48846E-02
6.40365E+02 6.85840E-02
6.41330E+02 7.29203E-02
6.42294E+02 7.81331E-02
6.43259E+02 8.38910E-02
6.44223E+02 9.02501E-02
6.45187E+02 9.71536E-02
6.46152E+02 1.04218E-01
6.47116E+02 1.11264E-01
6.48081E+02 1.18169E-01
6.49045E+02 1.24568E-01
6.50009E+02 1.30405E-01
6.50974E+02 1.35980E-01
6.51938E+02 1.42106E-01
6.52903E+02 1.50732E-01
6.53867E+02 1.64827E-01
6.54831E+02 1.83061E-01
6.55796E+02 1.91462E-01
6.56760E+02 1.83697E-01
6.57725E+02 1.73132E-01
6.58689E+02 1.69497E-01
6.59654E+02 1.72735E-01
6.60618E+02 1.74494E-01
6.61582E+02 1.68360E-01
6.62547E+02 1.57521E-01
6.63511E+02 1.45659E-01
6.64476E+02 1.34146E-01
6.65440E+02 1.23445E-01
6.66404E+02 1.13690E-01
6.67369E+02 1.04684E-01
6.68333E+02 9.60638E-02
6.69298E+02 8.78413E-02
6.70262E+02 8.01757E-02
6.71226E+02 7.28161E-02
6.72191E+02 6.46172E-02
6.73155E+02 5.52311E-02
6.74120E+02 4.54455E-02
6.75084E+02 3.72131E-02
6.76048E+02 3.22493E-02
6.77013E+02 3.01592E-02
6.77977E+02 2.94232E-02
6.78942E+02 2.91803E-02
6.79906E+02 2.91315E-02
6.80870E+02 2.92095E-02
6.81835E+02 2.94837E-02
6.82799E+02 2.97688E-02
6.83764E+02 3.00884E-02
6.84728E+02 3.04531E-02
6.85692E+02 3.08509E-02
6.86657E+02 3.11544E-02
6.87621E+02 3.15425E-02
6.88586E+02 3.21285E-02
6.89550E+02 3.25365E-02
6.90514E+02 3.29543E-02
6.91479E+02 3.33808E-02
6.92443E+02 3.37644E-02
6.93408E+02 3.41948E-02
6.94372E+02 3.47322E-02
6.95337E+02 3.52142E-02
6.96301E+02 3.55719E-02
6.97265E+02 3.60251E-02
6.98230E+02 3.65264E-02
6.99194E+02 3.70026E-02
7.00159E+02 3.74801E-02
7.01123E+02 3.79218E-02
7.02087E+02 3.85653E-02
7.03052E+02 3.90239E-02
7.04016E+02 3.94456E-02
7.04981E+02 3.99269E-02
7.05945E+02 4.05722E-02
7.06909E+02 4.11061E-02
7.07874E+02 4.22898E-02
7.08838E+02 4.31898E-02
7.09803E+02 4.20410E-02
7.10767E+02 4.20524E-02
7.11731E+02 4.29240E-02
7.12696E+02 4.34134E-02
7.13660E+02 4.39984E-02
7.14625E+02 4.44920E-02
7.15589E+02 4.50256E-02
7.16553E+02 4.55970E-02
7.17518E+02 4.61556E-02
7.18482E+02 4.66186E-02
7.19447E+02 4.71757E-02
7.20411E+02 4.77650E-02
7.21375E+02 4.82300E-02
7.22340E+02 4.86436E-02
7.23304E+02 4.90802E-02
7.24269E+02 4.96425E-02
7.25233E+02 5.02339E-02
7.26198E+02 5.07130E-02
7.27162E+02 5.11909E-02
7.28126E+02 5.16810E-02
7.29091E+02 5.22300E-02
7.30055E+02 5.26906E-02
7.31020E+02 5.30586E-02
7.31984E+02 5.35550E-02
7.32948E+02 5.40247E-02
7.33913E+02 5.44805E-02
7.34877E+02 5.49990E-02
7.35842E+02 5.54847E-02
7.36806E+02 5.60222E-02
7.37770E+02 5.65339E-02
7.38735E+02 5.69905E-02
7.39699E+02 5.74575E-02
7.40664E+02 5.78737E-02
7.41628E+02 5.83422E-02
7.42592E+02 5.88185E-02
7.43557E+02 5.92370E-02
7.44521E+02 5.97083E-02
7.45486E+02 6.01461E-02
7.46450E+02 6.05981E-02
7.47414E+02 6.10485E-02
7.48379E+02 6.14826E-02
7.49343E+02 6.19910E-02
7.50308E+02 6.24719E-02
7.51272E+02 6.28027E-02
7.52236E+02 6.31970E-02
7.53201E+02 6.37287E-02
7.54165E+02 6.41811E-02
7.55130E+02 6.45812E-02
7.56094E+02 6.49989E-02
7.57058E+02 6.53754E-02
7.58023E+02 6.57820E-02
7.58987E+02 6.61867E-02
7.59952E+02 6.65685E-02
7.60916E+02 6.69961E-02
7.61880E+02 6.73909E-02
7.62845E+02 6.77063E-02
7.63809E+02 6.80652E-02
7.64774E+02 6.84874E-02
7.65738E+02 6.88405E-02
7.66703E+02 6.91676E-02
7.67667E+02 6.95098E-02
7.68631E+02 6.98259E-02
7.69596E+02 7.01575E-02
7.70560E+02 7.04552E-02
7.71525E+02 7.08246E-02
7.72489E+02 7.11938E-02
7.73453E+02 7.14401E-02
7.74418E+02 7.17498E-02
7.75382E+02 7.21102E-02
7.76347E+02 7.24332E-02
7.77311E+02 7.26769E-02
7.78275E+02 7.29586E-02
7.79240E+02 7.32124E-02
7.80204E+02 7.34607E-02
7.81169E+02 7.37387E-02
7.82133E+02 7.39561E-02
7.83097E+02 7.42057E-02
7.84062E+02 7.45092E-02
7.85026E+02 7.46834E-02
7.85991E+02 7.47202E-02
7.86955E+02 7.51403E-02
7.87919E+02 7.55595E-02
7.88884E+02 7.56980E-02
7.89848E+02 7.59115E-02
7.90813E+02 7.61126E-02
7.91777E+02 7.63288E-02
7.92742E+02 7.65230E-02
7.93706E+02 7.66554E-02
7.94670E+02 7.68273E-02
7.95635E+02 7.70367E-02
7.96599E+02 7.72352E-02
7.97564E+02 7.74167E-02
7.98528E+02 7.75358E-02
7.99492E+02 7.76406E-02
8.00457E+02 7.77883E-02
8.01421E+02 7.79279E-02
8.02386E+02 7.79888E-02
8.03350E+02 7.80624E-02
8.04314E+02 7.81481E-02
8.05279E+02 7.81498E-02
8.06243E+02 7.82730E-02
8.07208E+02 7.83385E-02
8.08172E+02 7.82879E-02
8.09136E+02 7.83673E-02
8.10101E+02 7.84109E-02
8.11065E+02 7.84433E-02
8.12030E+02 7.84470E-02
8.12994E+02 7.84401E-02
8.13958E+02 7.85327E-02
8.14923E+02 7.84555E-02
8.15887E+02 7.83923E-02
8.16852E+02 7.83923E-02
8.17816E+02 7.82708E-02
8.18780E+02 7.82132E-02
8.19745E+02 7.82334E-02
8.20709E+02 7.81420E-02
8.21674E+02 7.80588E-02
8.22638E+02 7.80175E-02
8.23602E+02 7.79317E-02
8.24567E+02 7.77887E-02
8.25531E+02 7.76080E-02
8.26496E+02 7.75077E-02
8.27460E+02 7.74050E-02
8.28424E+02 7.72013E-02
8.29389E+02 7.70450E-02
8.30353E+02 7.69348E-02
8.31318E+02 7.67484E-02
8.32282E+02 7.65572E-02
8.33247E+02 7.63240E-02
8.34211E+02 7.61332E-02
8.35175E+02 7.59133E-02
8.36140E+02 7.55381E-02
8.37104E+02 7.52503E-02
8.38069E+02 7.50860E-02
8.39033E+02 7.48869E-02
8.39997E+02 7.46135E-02
8.40962E+02 7.42909E-02
8.41926E+02 7.40632E-02
8.42891E+02 7.38244E-02
8.43855E+02 7.34371E-02
8.44819E+02 7.30999E-02
8.45784E+02 7.27325E-02
8.46748E+02 7.23889E-02
8.47713E+02 7.21019E-02
8.48677E+02 7.17697E-02
8.49641E+02 7.13822E-02
8.50606E+02 7.09093E-02
8.51570E+02 7.04831E-02
8.52535E+02 7.00807E-02
8.53499E+02 6.97694E-02
8.54463E+02 6.93764E-02
8.55428E+02 6.90615E-02
8.56392E+02 6.90180E-02
8.57357E+02 6.84289E-02
8.58321E+02 6.77784E-02
8.59286E+02 6.74181E-02
8.60250E+02 6.71329E-02
8.61214E+02 6.65903E-02
8.62179E+02 6.57238E-02
8.63143E+02 6.53870E-02
8.64108E+02 6.53069E-02
8.65072E+02 6.47399E-02
8.66036E+02 6.40888E-02
8.67001E+02 6.37219E-02
8.67965E+02 6.30772E-02
8.68930E+02 6.25000E-02
8.69894E+02 6.20135E-02
8.70858E+02 6.13713E-02
8.71823E+02 6.08616E-02
8.72787E+02 6.02702E-02
8.73752E+02 5.97180E-02
8.74716E+02 5.92426E-02
8.75680E+02 5.85953E-02
8.76645E+02 5.80625E-02
8.77609E+02 5.76224E-02
8.78574E+02 5.69985E-02
8.79538E+02 5.62997E-02
8.80502E+02 5.57178E-02
8.81467E+02 5.52094E-02
8.82431E+02 5.46414E-02
8.83396E+02 5.40214E-02
8.84360E+02 5.34576E-02
8.85324E+02 5.27841E-02
8.86289E+02 5.20464E-02
8.87253E+02 5.13661E-02
8.88218E+02 5.07613E-02
8.89182E+02 5.01953E-02
8.90146E+02 4.95086E-02
8.91111E+02 4.88070E-02
8.92075E+02 4.82126E-02
8.93040E+02 4.76237E-02
8.94004E+02 4.69499E-02
8.94969E+02 4.62657E-02
8.95933E+02 4.56039E-02
8.96897E+02 4.49806E-02
8.97862E+02 4.42626E-02
8.98826E+02 4.34525E-02
8.99791E+02 4.27715E-02
9.00755E+02 4.22052E-02
9.01719E+02 4.15676E-02
9.02684E+02 4.08501E-02
9.03648E+02 4.01709E-02
9.04613E+02 3.95728E-02
9.05577E+02 3.88779E-02
9.06541E+02 3.81873E-02
9.07506E+02 3.75372E-02
9.08470E+02 3.68531E-02
9.09435E+02 3.61661E-02
9.10399E+02 3.54698E-02
9.11363E+02 3.47467E-02
9.12328E+02 3.40340E-02
9.13292E+02 3.34214E-02
9.14257E+02 3.27774E-02
9.15221E+02 3.20595E-02
9.16185E+02 3.14375E-02
9.17150E+02 3.08193E-02
9.18114E+02 3.02856E-02
9.19079E+02 2.96047E-02
9.20043E+02 2.83778E-02
9.21007E+02 2.76300E-02
9.21972E+02 2.71251E-02
9.22936E+02 2.64549E-02
9.23901E+02 2.58536E-02
9.24865E+02 2.52099E-02
9.25829E+02 2.45932E-02
9.26794E+02 2.39406E-02
9.27758E+02 2.32913E-02
9.28723E+02 2.26403E-02
9.29687E+02 2.19947E-02
9.30651E+02 2.13591E-02
9.31616E+02 2.07047E-02
9.32580E+02 2.01057E-02
9.33545E+02 1.95513E-02
9.34509E+02 1.89055E-02
9.35474E+02 1.82783E-02
9.36438E+02 1.76211E-02
9.37402E+02 1.69904E-02
9.38367E+02 1.63639E-02
9.39331E+02 1.57550E-02
9.40296E+02 1.50614E-02
9.41260E+02 1.43629E-02
9.42224E+02 1.38662E-02
9.43189E+02 1.33365E-02
9.44153E+02 1.27363E-02
9.45118E+02 1.22004E-02
9.46082E+02 1.16111E-02
9.47046E+02 1.10492E-02
9.48011E+02 1.06317E-02
9.48975E+02 1.00506E-02
9.49940E+02 9.45287E-03
9.50904E+02 8.91413E-03
9.51868E+02 8.36160E-03
9.52833E+02 7.82654E-03
9.53797E+02 7.32587E-03
9.54762E+02 6.85227E-03
9.55726E+02 6.31700E-03
9.56690E+02 5.81824E-03
9.57655E+02 5.32383E-03
9.58619E+02 4.87632E-03
9.59584E+02 4.44279E-03
9.60548E+02 4.00336E-03
9.61513E+02 3.63611E-03
9.62477E+02 3.12066E-03
9.63441E+02 2.59980E-03
9.64406E+02 2.22207E-03
9.65370E+02 1.84181E-03
9.66335E+02 1.41994E-03
9.67299E+02 1.04924E-03
9.68263E+02 6.85643E-04
9.69228E+02 2.52478E-04
9.70192E+02 -9.07816E-05
9.71157E+02 -3.96255E-04
9.72121E+02 -7.68550E-04
9.73085E+02 -1.13136E-03
9.74050E+02 -1.44425E-03
9.75014E+02 -1.67613E-03
9.75979E+02 -1.87857E-03
9.76943E+02 -2.22384E-03
9.77907E+02 -2.53145E-03
9.78872E+02 -2.74814E-03
9.79836E+02 -2.98869E-03
9.80801E+02 -3.21482E-03
9.81765E+02 -3.41231E-03
9.82729E+02 -3.53745E-03
9.83694E+02 -3.67641E-03
9.84658E+02 -3.84911E-03
9.85623E+02 -3.98915E-03
9.86587E+02 -4.10210E-03
9.87551E+02 -4.18747E-03
9.88516E+02 -4.28630E-03
9.89480E+02 -4.35564E-03
9.90445E+02 -4.31593E-03
9.91409E+02 -4.25910E-03
9.92373E+02 -4.21070E-03
9.93338E+02 -4.02674E-03
9.94302E+02 -3.75740E-03
9.95267E+02 -3.40681E-03
9.96231E+02 -2.86574E-03
9.97195E+02 -2.26460E-03
9.98160E+02 -1.30408E-03
9.99124E+02 2.81878E-04
1.00009E+03 2.39871E-03
1.00105E+03 5.08204E-03
1.00202E+03 8.39701E-03
1.00298E+03 1.23952E-02
1.00395E+03 1.73156E-02
1.00491E+03 2.30397E-02
1.00588E+03 2.91352E-02
1.00684E+03 3.56124E-02
1.00780E+03 4.22286E-02
1.00877E+03 4.87466E-02
1.00973E+03 5.49749E-02
1.01070E+03 6.06417E-02
1.01166E+03 6.56027E-02
1.01263E+03 6.97248E-02
1.01359E+03 7.29702E-02
1.01455E+03 7.52538E-02
1.01552E+03 7.65927E-02
1.01648E+03 7.69930E-02
1.01745E+03 7.65926E-02
1.01841E+03 7.55936E-02
1.01938E+03 7.40551E-02
1.02034E+03 7.21175E-02
1.02131E+03 7.00104E-02
1.02227E+03 6.78927E-02
1.02323E+03 6.59506E-02
1.02420E+03 6.41206E-02
1.02516E+03 6.22791E-02
1.02613E+03 6.07737E-02
1.02709E+03 5.94158E-02
1.02806E+03 5.79419E-02
1.02902E+03 5.64428E-02
1.02999E+03 5.48315E-02
1.03095E+03 5.30457E-02
1.03191E+03 5.11367E-02
1.03288E+03 4.87192E-02
1.03384E+03 4.57860E-02
1.03481E+03 4.25510E-02
1.03577E+03 3.90037E-02
1.03674E+03 3.51156E-02
1.03770E+03 3.09277E-02
1.03866E+03 2.67002E-02
1.03963E+03 2.23029E-02
1.04059E+03 1.79397E-02
1.04156E+03 1.38967E-02
1.04252E+03 1.01180E-02
1.04349E+03 6.83004E-03
1.04445E+03 4.02845E-03
1.04542E+03 1.65170E-03
1.04638E+03 -2.38590E-04
1.04734E+03 -1.79574E-03
1.04831E+03 -3.11784E-03
1.04927E+03 -4.12999E-03
1.05024E+03 -5.00385E-03
1.05120E+03 -5.65202E-03
1.05217E+03 -6.47128E-03
1.05313E+03 -7.20885E-03
1.05410E+03 -7.18090E-03
1.05506E+03 -7.29588E-03
1.05602E+03 -7.56349E-03
1.05699E+03 -7.75585E-03
1.05795E+03 -7.95638E-03
1.05892E+03 -8.07200E-03
1.05988E+03 -8.28032E-03
1.06085E+03 -8.45306E-03
1.06181E+03 -8.50092E-03
1.06278E+03 -8.65130E-03
1.06374E+03 -8.71542E-03
1.06470E+03 -8.76087E-03
1.06567E+03 -8.86107E-03
1.06663E+03 -8.95208E-03
1.06760E+03 -9.10697E-03
1.06856E+03 -9.13474E-03
1.06953E+03 -9.17586E-03
1.07049E+03 -9.27516E-03
1.07145E+03 -9.29688E-03
1.07242E+03 -9.32514E-03
1.07338E+03 -9.23601E-03
1.07435E+03 -9.35550E-03
1.07531E+03 -9.69959E-03
1.07628E+03 -9.73732E-03
1.07724E+03 -9.72976E-03
1.07821E+03 -9.77858E-03
1.07917E+03 -9.81602E-03
1.08013E+03 -9.89845E-03
1.08110E+03 -9.88612E-03
1.08206E+03 -9.88987E-03
1.08303E+03 -9.92988E-03
1.08399E+03 -9.92612E-03
1.08496E+03 -9.93907E-03
1.08592E+03 -9.97816E-03
1.08689E+03 -1.00122E-02
1.08785E+03 -1.00387E-02
1.08881E+03 -1.00256E-02
1.08978E+03 -1.00201E-02
1.09074E+03 -1.00361E-02
1.09171E+03 -1.00345E-02
1.09267E+03 -1.00570E-02
1.09364E+03 -1.00367E-02
1.09460E+03 -9.89446E-03
1.09556E+03 -9.80421E-03
1.09653E+03 -9.92782E-03
1.09749E+03 -9.95358E-03
1.09846E+03 -9.88990E-03
1.09942E+03 -9.83467E-03
1.10039E+03 -9.74409E-03
1.10135E+03 -9.59581E-03
1.10232E+03 -9.38503E-03
1.10328E+03 -9.19768E-03
1.10424E+03 -8.99696E-03
1.10521E+03 -8.69625E-03
1.10617E+03 -8.36163E-03
1.10714E+03 -7.97072E-03
1.10810E+03 -7.54948E-03
1.10907E+03 -7.09024E-03
1.11003E+03 -6.37802E-03
1.11100E+03 -5.63063E-03
1.11196E+03 -4.91249E-03
1.11292E+03 -4.14243E-03
1.11389E+03 -3.33623E-03
1.11485E+03 -2.51937E-03
1.11582E+03 -1.73318E-03
1.11678E+03 -7.43583E-04
1.11775E+03 2.06113E-04
1.11871E+03 9.24733E-04
1.11968E+03 1.56235E-03
1.12064E+03 2.16319E-03
1.12160E+03 2.70354E-03
1.12257E+03 3.06164E-03
1.12353E+03 3.28666E-03
1.12450E+03 3.38215E-03
1.12546E+03 3.28130E-03
1.12643E+03 3.05404E-03
1.12739E+03 2.66451E-03
1.12835E+03 2.12330E-03
1.12932E+03 1.53775E-03
1.13028E+03 7.69697E-04
1.13125E+03 -1.96368E-04
1.13221E+03 -1.16146E-03
1.13318E+03 -2.12175E-03
1.13414E+03 -3.07881E-03
1.13511E+03 -3.99898E-03
1.13607E+03 -4.89424E-03
1.13703E+03 -5.73153E-03
1.13800E+03 -6.50242E-03
1.13896E+03 -7.19626E-03
1.13993E+03 -7.79703E-03
1.14089E+03 -8.31333E-03
1.14186E+03 -8.79418E-03
1.14282E+03 -9.19791E-03
1.14379E+03 -9.52999E-03
1.14475E+03 -9.84312E-03
1.14571E+03 -1.00570E-02
1.14668E+03 -1.02293E-02
1.14764E+03 -1.04075E-02
1.14861E+03 -1.05538E-02
1.14957E+03 -1.06257E-02
1.15054E+03 -1.07243E-02
1.15150E+03 -1.07830E-02
1.15246E+03 -1.07648E-02
1.15343E+03 -1.07968E-02
1.15439E+03 -1.08007E-02
1.15536E+03 -1.07851E-02
1.15632E+03 -1.07614E-02
1.15729E+03 -1.07336E-02
1.15825E+03 -1.07080E-02
1.15922E+03 -1.06522E-02
1.16018E+03 -1.06235E-02
1.16114E+03 -1.06305E-02
1.16211E+03 -1.06703E-02
1.16307E+03 -1.07368E-02
1.16404E+03 -1.08105E-02
1.16500E+03 -1.09260E-02
1.16597E+03 -1.10556E-02
1.16693E+03 -1.11413E-02
1.16790E+03 -1.12129E-02
1.16886E+03 -1.12797E-02
1.16982E+03 -1.13212E-02
1.17079E+03 -1.13848E-02
1.17175E+03 -1.14649E-02
1.17272E+03 -1.15250E-02
1.17368E+03 -1.15708E-02
1.17465E+03 -1.16011E-02
1.17561E+03 -1.16182E-02
1.17657E+03 -1.16440E-02
1.17754E+03 -1.16654E-02
1.17850E+03 -1.16588E-02
1.17947E+03 -1.16949E-02
1.18043E+03 -1.17132E-02
1.18140E+03 -1.16916E-02
1.18236E+03 -1.17181E-02
1.18333E+03 -1.17380E-02
1.18429E+03 -1.17498E-02
1.18525E+03 -1.17945E-02
1.18622E+03 -1.18641E-02
1.18718E+03 -1.18856E-02
1.18815E+03 -1.18378E-02
1.18911E+03 -1.18299E-02
1.19008E+03 -1.18484E-02
1.19104E+03 -1.18568E-02
1.19201E+03 -1.18521E-02
1.19297E+03 -1.18540E-02
1.19393E+03 -1.18532E-02
1.19490E+03 -1.18748E-02
1.19586E+03 -1.18801E-02
1.19683E+03 -1.18659E-02
1.19779E+03 -1.18776E-02
1.19876E+03 -1.18877E-02
1.19972E+03 -1.18408E-02
1.20069E+03 -1.18119E-02
1.20165E+03 -1.18461E-02
1.20261E+03 -1.18669E-02
1.20358E+03 -1.18585E-02
1.20454E+03 -1.18489E-02
1.20551E+03 -1.18498E-02
1.20647E+03 -1.18569E-02
1.20744E+03 -1.18669E-02
1.20840E+03 -1.18549E-02
1.20936E+03 -1.18565E-02
1.21033E+03 -1.18407E-02
1.21129E+03 -1.18174E-02
1.21226E+03 -1.18281E-02
1.21322E+03 -1.18038E-02
1.21419E+03 -1.18026E-02
1.21515E+03 -1.18189E-02
1.21612E+03 -1.18190E-02
1.21708E+03 -1.18052E-02
1.21804E+03 -1.18438E-02
1.21901E+03 -1.18217E-02
1.21997E+03 -1.17927E-02
1.22094E+03 -1.17722E-02
1.22190E+03 -1.17522E-02
1.22287E+03 -1.17532E-02
1.22383E+03 -1.17375E-02
1.22480E+03 -1.16959E-02
1.22576E+03 -1.16946E-02
1.22672E+03 -1.16614E-02
1.22769E+03 -1.16421E-02
1.22865E+03 -1.15479E-02
1.22962E+03 -1.15648E-02
1.23058E+03 -1.16008E-02
1.23155E+03 -1.18659E-02
1.23251E+03 -1.19193E-02
1.23347E+03 -1.38992E-02
1.23444E+03 -1.53446E-02
1.23540E+03 -1.24484E-02
1.23637E+03 -1.10980E-02
1.23733E+03 -1.12620E-02
1.23830E+03 -1.11863E-02
1.23926E+03 -1.12994E-02
1.24023E+03 -1.13407E-02
1.24119E+03 -1.15420E-02
1.24215E+03 -1.15464E-02
1.24312E+03 -1.14903E-02
1.24408E+03 -1.14622E-02
1.24505E+03 -1.14376E-02
1.24601E+03 -1.13876E-02
1.24698E+03 -1.13977E-02
1.24794E+03 -1.14169E-02
1.24891E+03 -1.14257E-02
1.24987E+03 -1.14418E-02
1.25083E+03 -1.14609E-02
1.25180E+03 -1.14526E-02
1.25276E+03 -1.14312E-02
1.25373E+03 -1.13766E-02
1.25469E+03 -1.13407E-02
1.25566E+03 -1.13172E-02
1.25662E+03 -1.13224E-02
1.25759E+03 -1.12991E-02
1.25855E+03 -1.12686E-02
1.25951E+03 -1.12893E-02
1.26048E+03 -1.12927E-02
1.26144E+03 -1.12436E-02
1.26241E+03 -1.12127E-02
1.26337E+03 -1.12115E-02
1.26434E+03 -1.12104E-02
1.26530E+03 -1.12106E-02
1.26626E+03 -1.11949E-02
1.26723E+03 -1.11539E-02
1.26819E+03 -1.11449E-02
1.26916E+03 -1.11174E-02
1.27012E+03 -1.10917E-02
1.27109E+03 -1.10717E-02
1.27205E+03 -1.10379E-02
1.27302E+03 -1.10095E-02
1.27398E+03 -1.09663E-02
1.27494E+03 -1.09299E-02
1.27591E+03 -1.08566E-02
1.27687E+03 -1.07774E-02
1.27784E+03 -1.08098E-02
1.27880E+03 -1.08657E-02
1.27977E+03 -1.08660E-02
1.28073E+03 -1.08472E-02
1.28170E+03 -1.08249E-02
1.28266E+03 -1.07986E-02
1.28362E+03 -1.08155E-02
1.28459E+03 -1.07455E-02
1.28555E+03 -1.06449E-02
1.28652E+03 -1.06173E-02
1.28748E+03 -1.06108E-02
1.28845E+03 -1.06067E-02
1.28941E+03 -1.05601E-02
1.29037E+03 -1.05019E-02
1.29134E+03 -1.04947E-02
1.29230E+03 -1.05034E-02
1.29327E+03 -1.04714E-02
1.29423E+03 -1.04304E-02
1.29520E+03 -1.03943E-02
1.29616E+03 -1.03510E-02
1.29713E+03 -1.03181E-02
1.29809E+03 -1.02901E-02
1.29905E+03 -1.02511E-02
1.30002E+03 -1.02077E-02
1.30098E+03 -1.02061E-02
1.30195E+03 -1.02060E-02
1.30291E+03 -1.01831E-02
1.30388E+03 -1.01590E-02
1.30484E+03 -1.01417E-02
1.30581E+03 -1.01375E-02
1.30677E+03 -1.00417E-02
1.30773E+03 -9.92271E-03
1.30870E+03 -9.86936E-03
1.30966E+03 -9.85833E-03
1.31063E+03 -9.81641E-03
1.31159E+03 -9.76532E-03
1.31256E+03 -9.73330E-03
1.31352E+03 -9.69425E-03
1.31448E+03 -9.64469E-03
1.31545E+03 -9.59856E-03
1.31641E+03 -9.59633E-03
1.31738E+03 -9.55885E-03
1.31834E+03 -9.53564E-03
1.31931E+03 -9.52152E-03
1.32027E+03 -9.48564E-03
1.32124E+03 -9.46401E-03
1.32220E+03 -9.42442E-03
1.32316E+03 -9.34401E-03
1.32413E+03 -9.30273E-03
1.32509E+03 -9.29241E-03
1.32606E+03 -9.25929E-03
1.32702E+03 -9.27184E-03
1.32799E+03 -9.24718E-03
1.32895E+03 -9.17208E-03
1.32992E+03 -9.12144E-03
1.33088E+03 -9.08513E-03
1.33184E+03 -9.07598E-03
1.33281E+03 -9.05531E-03
1.33377E+03 -9.00165E-03
1.33474E+03 -8.97218E-03
1.33570E+03 -8.96641E-03
1.33667E+03 -8.95903E-03
1.33763E+03 -8.98425E-03
1.33860E+03 -9.07658E-03
1.33956E+03 -9.19753E-03
1.34052E+03 -9.23325E-03
1.34149E+03 -9.14029E-03
1.34245E+03 -9.04014E-03
1.34342E+03 -9.09997E-03
1.34438E+03 -8.94848E-03
1.34535E+03 -8.58674E-03
1.34631E+03 -8.50619E-03
1.34727E+03 -8.54431E-03
1.34824E+03 -8.63354E-03
1.34920E+03 -8.95175E-03
1.35017E+03 -9.15603E-03
1.35113E+03 -8.78892E-03
1.35210E+03 -8.36345E-03
1.35306E+03 -8.38799E-03
1.35403E+03 -8.54242E-03
1.35499E+03 -8.55456E-03
1.35595E+03 -8.38501E-03
1.35692E+03 -8.18879E-03
1.35788E+03 -8.02179E-03
1.35885E+03 -7.81824E-03
1.35981E+03 -7.61816E-03
1.36078E+03 -7.41291E-03
1.36174E+03 -7.16303E-03
1.36271E+03 -6.97918E-03
1.36367E+03 -6.91004E-03
1.36463E+03 -6.89265E-03
1.36560E+03 -6.87891E-03
1.36656E+03 -6.79632E-03
1.36753E+03 -6.70266E-03
1.36849E+03 -6.63470E-03
1.36946E+03 -6.55348E-03
1.37042E+03 -6.45050E-03
1.37138E+03 -6.34719E-03
1.37235E+03 -6.22889E-03
1.37331E+03 -6.10482E-03
1.37428E+03 -5.98905E-03
1.37524E+03 -5.84645E-03
1.37621E+03 -5.69302E-03
1.37717E+03 -5.56340E-03
1.37814E+03 -5.44579E-03
1.37910E+03 -5.30282E-03
1.38006E+03 -5.11069E-03
1.38103E+03 -4.94644E-03
1.38199E+03 -4.90803E-03
1.38296E+03 -4.96883E-03
1.38392E+03 -5.00241E-03
1.38489E+03 -5.00588E-03
1.38585E+03 -4.98167E-03
1.38682E+03 -4.86533E-03
1.38778E+03 -4.67449E-03
1.38874E+03 -4.46267E-03
1.38971E+03 -4.26012E-03
1.39067E+03 -4.02767E-03
1.39164E+03 -3.76273E-03
1.39260E+03 -3.47473E-03
1.39357E+03 -3.13567E-03
1.39453E+03 -2.80947E-03
1.39550E+03 -2.48078E-03
1.39646E+03 -2.12914E-03
1.39742E+03 -1.76503E-03
1.39839E+03 -1.33889E-03
1.39935E+03 -8.95850E-04
1.40032E+03 -4.61057E-04
1.40128E+03 -1.76616E-05
1.40225E+03 4.34756E-04
1.40321E+03 8.69919E-04
1.40417E+03 1.28753E-03
1.40514E+03 1.75956E-03
1.40610E+03 2.25364E-03
1.40707E+03 2.74711E-03
1.40803E+03 3.25035E-03
1.40900E+03 3.69977E-03
1.40996E+03 4.16213E-03
1.41093E+03 4.63567E-03
1.41189E+03 5.03408E-03
1.41285E+03 5.43982E-03
1.41382E+03 5.89078E-03
1.41478E+03 6.33863E-03
1.41575E+03 6.80183E-03
1.41671E+03 7.28236E-03
1.41768E+03 7.71955E-03
1.41864E+03 8.08543E-03
1.41961E+03 8.38707E-03
1.42057E+03 8.55446E-03
1.42153E+03 8.74047E-03
1.42250E+03 8.94883E-03
1.42346E+03 9.16538E-03
1.42443E+03 9.33763E-03
1.42539E+03 9.39040E-03
1.42636E+03 9.41283E-03
1.42732E+03 9.37294E-03
1.42828E+03 9.27642E-03
1.42925E+03 9.11767E-03
1.43021E+03 8.92631E-03
1.43118E+03 8.70455E-03
1.43214E+03 8.43871E-03
1.43311E+03 8.10555E-03
1.43407E+03 7.69851E-03
1.43504E+03 7.24020E-03
1.43600E+03 6.83899E-03
1.43696E+03 6.41041E-03
1.43793E+03 5.90336E-03
1.43889E+03 5.52605E-03
1.43986E+03 5.19191E-03
1.44082E+03 4.96712E-03
1.44179E+03 5.04239E-03
1.44275E+03 5.43408E-03
1.44372E+03 6.15949E-03
1.44468E+03 7.14567E-03
1.44564E+03 8.28196E-03
1.44661E+03 9.38622E-03
1.44757E+03 1.03429E-02
1.44854E+03 1.10541E-02
1.44950E+03 1.14364E-02
1.45047E+03 1.15286E-02
1.45143E+03 1.13610E-02
1.45240E+03 1.09596E-02
1.45336E+03 1.04024E-02
1.45432E+03 9.81355E-03
1.45529E+03 9.26146E-03
1.45625E+03 8.89331E-03
1.45722E+03 8.76452E-03
1.45818E+03 8.84826E-03
1.45915E+03 9.16734E-03
1.46011E+03 9.68679E-03
1.46107E+03 1.02594E-02
1.46204E+03 1.07070E-02
1.46300E+03 1.09085E-02
1.46397E+03 1.08725E-02
1.46493E+03 1.06347E-02
1.46590E+03 1.01542E-02
1.46686E+03 9.59608E-03
1.46783E+03 9.05107E-03
1.46879E+03 8.62142E-03
1.46975E+03 8.46840E-03
1.47072E+03 8.63192E-03
1.47168E+03 9.14232E-03
1.47265E+03 9.91989E-03
1.47361E+03 1.08128E-02
1.47458E+03 1.16320E-02
1.47554E+03 1.23217E-02
1.47651E+03 1.27790E-02
1.47747E+03 1.28058E-02
1.47843E+03 1.24944E-02
1.47940E+03 1.19616E-02
1.48036E+03 1.11831E-02
1.48133E+03 1.01922E-02
1.48229E+03 9.16155E-03
1.48326E+03 8.12550E-03
1.48422E+03 7.04436E-03
1.48518E+03 6.01661E-03
1.48615E+03 5.08853E-03
1.48711E+03 4.27377E-03
1.48808E+03 3.53552E-03
1.48904E+03 2.86421E-03
1.49001E+03 2.30113E-03
1.49097E+03 1.81103E-03
1.49194E+03 1.35678E-03
1.49290E+03 9.79267E-04
1.49386E+03 6.85450E-04
1.49483E+03 4.60062E-04
1.49579E+03 2.84266E-04
1.49676E+03 9.18806E-05
1.49772E+03 -1.09173E-04
1.49869E+03 -2.43910E-04
1.49965E+03 -3.61856E-04
1.50062E+03 -4.97460E-04
1.50158E+03 -5.89620E-04
1.50254E+03 -6.44147E-04
1.50351E+03 -6.91868E-04
1.50447E+03 -7.31621E-04
1.50544E+03 -7.21581E-04
1.50640E+03 -7.16854E-04
1.50737E+03 -7.44633E-04
1.50833E+03 -8.13536E-04
1.50929E+03 -8.60117E-04
1.51026E+03 -8.72191E-04
1.51122E+03 -8.83617E-04
1.51219E+03 -8.64103E-04
1.51315E+03 -8.62077E-04
1.51412E+03 -8.56880E-04
1.51508E+03 -8.36581E-04
1.51605E+03 -8.02223E-04
1.51701E+03 -7.49964E-04
1.51797E+03 -7.63688E-04
1.51894E+03 -7.95558E-04
1.51990E+03 -7.57664E-04
1.52087E+03 -6.82544E-04
1.52183E+03 -6.50927E-04
1.52280E+03 -6.36812E-04
1.52376E+03 -6.31135E-04
1.52473E+03 -6.07979E-04
1.52569E+03 -5.12172E-04
1.52665E+03 -4.76494E-04
1.52762E+03 -4.61869E-04
1.52858E+03 -4.36403E-04
1.52955E+03 -4.30625E-04
1.53051E+03 -4.21114E-04
1.53148E+03 -3.84744E-04
1.53244E+03 -3.20341E-04
1.53341E+03 -2.59493E-04
1.53437E+03 -2.44666E-04
1.53533E+03 -2.39115E-04
1.53630E+03 -2.08233E-04
1.53726E+03 -1.73662E-04
1.53823E+03 -9.24319E-05
1.53919E+03 1.26958E-05
1.54016E+03 1.17198E-05
1.54112E+03 -8.64267E-06
1.54208E+03 3.31253E-05
1.54305E+03 4.28520E-05
1.54401E+03 6.24470E-05
1.54498E+03 1.03883E-04
1.54594E+03 1.21754E-04
1.54691E+03 1.32456E-04
1.54787E+03 1.58459E-04
1.54884E+03 2.02030E-04
1.54980E+03 2.53532E-04
1.55076E+03 2.78413E-04
1.55173E+03 3.26663E-04
1.55269E+03 3.58030E-04
1.55366E+03 3.98356E-04
1.55462E+03 4.52451E-04
1.55559E+03 4.54906E-04
1.55655E+03 5.11698E-04
1.55752E+03 6.10325E-04
1.55848E+03 6.68999E-04
1.55944E+03 6.75600E-04
1.56041E+03 6.95858E-04
1.56137E+03 6.64983E-04
1.56234E+03 6.48465E-04
1.56330E+03 6.90870E-04
1.56427E+03 7.27821E-04
1.56523E+03 7.67246E-04
1.56619E+03 7.60943E-04
1.56716E+03 7.59210E-04
1.56812E+03 8.03705E-04
1.56909E+03 8.76568E-04
1.57005E+03 9.20348E-04
1.57102E+03 9.32794E-04
1.57198E+03 9.59367E-04
1.57295E+03 9.80198E-04
1.57391E+03 1.01831E-03
1.57487E+03 1.06457E-03
1.57584E+03 1.16263E-03
1.57680E+03 1.21640E-03
1.57777E+03 1.16792E-03
1.57873E+03 1.17717E-03
1.57970E+03 1.20371E-03
1.58066E+03 1.23485E-03
1.58163E+03 1.27881E-03
1.58259E+03 1.31661E-03
1.58355E+03 1.36627E-03
1.58452E+03 1.39259E-03
1.58548E+03 1.41182E-03
1.58645E+03 1.45822E-03
1.58741E+03 1.48688E-03
1.58838E+03 1.50988E-03
1.58934E+03 1.56949E-03
1.59031E+03 1.62416E-03
1.59127E+03 1.65742E-03
1.59223E+03 1.68329E-03
1.59320E+03 1.69319E-03
1.59416E+03 1.73546E-03
1.59513E+03 1.80578E-03
1.59609E+03 1.84422E-03
1.59706E+03 1.87588E-03
1.59802E+03 1.93752E-03
1.59898E+03 1.97668E-03
1.59995E+03 2.01411E-03
1.60091E+03 2.07249E-03
1.60188E+03 2.10308E-03
1.60284E+03 2.17199E-03
1.60381E+03 2.24856E-03
1.60477E+03 2.28827E-03
1.60574E+03 2.35444E-03
1.60670E+03 2.43734E-03
1.60766E+03 2.48990E-03
1.60863E+03 2.53321E-03
1.60959E+03 2.62326E-03
1.61056E+03 2.68584E-03
1.61152E+03 2.72177E-03
1.61249E+03 2.82184E-03
1.61345E+03 2.91984E-03
1.61442E+03 2.97346E-03
1.61538E+03 3.05606E-03
1.61634E+03 3.19882E-03
1.61731E+03 3.28838E-03
1.61827E+03 3.32072E-03
1.61924E+03 3.40389E-03
1.62020E+03 3.51601E-03
1.62117E+03 3.61090E-03
1.62213E+03 3.72297E-03
1.62309E+03 3.84674E-03
1.62406E+03 3.94953E-03
1.62502E+03 4.07410E-03
1.62599E+03 4.20640E-03
1.62695E+03 4.32451E-03
1.62792E+03 4.46379E-03
1.62888E+03 4.60127E-03
1.62985E+03 4.73494E-03
1.63081E+03 4.90533E-03
1.63177E+03 5.08558E-03
1.63274E+03 5.26621E-03
1.63370E+03 5.40110E-03
1.63467E+03 5.59192E-03
1.63563E+03 5.83525E-03
1.63660E+03 5.95626E-03
1.63756E+03 6.09561E-03
1.63853E+03 6.27613E-03
1.63949E+03 6.44162E-03
1.64045E+03 6.63447E-03
1.64142E+03 6.83025E-03
1.64238E+03 7.03450E-03
1.64335E+03 7.24176E-03
1.64431E+03 7.42817E-03
1.64528E+03 7.64370E-03
1.64624E+03 7.85633E-03
1.64720E+03 8.02017E-03
1.64817E+03 8.22271E-03
1.64913E+03 8.44561E-03
1.65010E+03 8.63352E-03
1.65106E+03 8.82902E-03
1.65203E+03 9.08621E-03
1.65299E+03 9.34956E-03
1.65396E+03 9.50985E-03
1.65492E+03 9.61923E-03
1.65588E+03 9.76198E-03
1.65685E+03 9.95471E-03
1.65781E+03 1.01709E-02
1.65878E+03 1.03588E-02
1.65974E+03 1.05293E-02
1.66071E+03 1.06887E-02
1.66167E+03 1.08619E-02
1.66264E+03 1.10900E-02
1.66360E+03 1.12518E-02
1.66456E+03 1.13699E-02
1.66553E+03 1.15244E-02
1.66649E+03 1.16830E-02
1.66746E+03 1.18438E-02
1.66842E+03 1.19845E-02
1.66939E+03 1.21099E-02
1.67035E+03 1.22175E-02
1.67132E+03 1.22897E-02
1.67228E+03 1.23487E-02
1.67324E+03 1.24027E-02
1.67421E+03 1.24500E-02
1.67517E+03 1.25081E-02
1.67614E+03 1.24993E-02
1.67710E+03 1.24405E-02
1.67807E+03 1.23909E-02
1.67903E+03 1.23451E-02
1.67999E+03 1.22732E-02
1.68096E+03 1.21736E-02
1.68192E+03 1.20578E-02
1.68289E+03 1.19003E-02
1.68385E+03 1.17666E-02
1.68482E+03 1.16545E-02
1.68578E+03 1.13866E-02
1.68675E+03 1.10740E-02
1.68771E+03 1.08301E-02
1.68867E+03 1.05471E-02
1.68964E+03 1.02473E-02
1.69060E+03 9.94284E-03
1.69157E+03 9.64865E-03
1.69253E+03 9.32569E-03
1.69350E+03 8.98145E-03
1.69446E+03 8.63051E-03
1.69543E+03 8.33019E-03
1.69639E+03 7.99442E-03
1.69735E+03 7.55217E-03
1.69832E+03 7.12823E-03
1.69928E+03 6.75770E-03
1.70025E+03 6.43520E-03
1.70121E+03 6.03174E-03
1.70218E+03 5.59665E-03
1.70314E+03 5.18690E-03
1.70410E+03 4.78663E-03
1.70507E+03 4.38712E-03
1.70603E+03 3.99219E-03
1.70700E+03 3.59621E-03
1.70796E+03 3.19349E-03
1.70893E+03 2.79900E-03
1.70989E+03 2.37153E-03
1.71086E+03 1.96547E-03
1.71182E+03 1.59281E-03
1.71278E+03 1.22853E-03
1.71375E+03 8.70086E-04
1.71471E+03 4.93929E-04
1.71568E+03 1.15961E-04
1.71664E+03 -2.46361E-04
1.71761E+03 -5.82926E-04
1.71857E+03 -9.76820E-04
1.71954E+03 -1.38995E-03
1.72050E+03 -1.75899E-03
1.72146E+03 -2.12617E-03
1.72243E+03 -2.49725E-03
1.72339E+03 -2.84107E-03
1.72436E+03 -3.19770E-03
1.72532E+03 -3.55708E-03
1.72629E+03 -3.86970E-03
1.72725E+03 -4.20507E-03
1.72822E+03 -4.53079E-03
1.72918E+03 -4.82705E-03
1.73014E+03 -5.13984E-03
1.73111E+03 -5.44924E-03
1.73207E+03 -5.73673E-03
1.73304E+03 -6.00247E-03
1.73400E+03 -6.24512E-03
1.73497E+03 -6.53831E-03
1.73593E+03 -6.87236E-03
1.73689E+03 -7.16083E-03
1.73786E+03 -7.42758E-03
1.73882E+03 -7.68097E-03
1.73979E+03 -7.91103E-03
1.74075E+03 -8.17610E-03
1.74172E+03 -8.45237E-03
1.74268E+03 -8.68487E-03
1.74365E+03 -8.92213E-03
1.74461E+03 -9.16827E-03
1.74557E+03 -9.40214E-03
1.74654E+03 -9.60681E-03
1.74750E+03 -9.79706E-03
1.74847E+03 -9.99022E-03
1.74943E+03 -1.02014E-02
1.75040E+03 -1.04310E-02
1.75136E+03 -1.06092E-02
1.75233E+03 -1.07760E-02
1.75329E+03 -1.09666E-02
1.75425E+03 -1.11602E-02
1.75522E+03 -1.13323E-02
1.75618E+03 -1.14842E-02
1.75715E+03 -1.16416E-02
1.75811E+03 -1.18179E-02
1.75908E+03 -1.19874E-02
1.76004E+03 -1.21348E-02
1.76100E+03 -1.22617E-02
1.76197E+03 -1.23838E-02
1.76293E+03 -1.25456E-02
1.76390E+03 -1.26920E-02
1.76486E+03 -1.28442E-02
1.76583E+03 -1.29882E-02
1.76679E+03 -1.30857E-02
1.76776E+03 -1.32116E-02
1.76872E+03 -1.33469E-02
1.76968E+03 -1.34539E-02
1.77065E+03 -1.35511E-02
1.77161E+03 -1.36450E-02
1.77258E+03 -1.37175E-02
1.77354E+03 -1.38328E-02
1.77451E+03 -1.39660E-02
1.77547E+03 -1.40579E-02
1.77644E+03 -1.41685E-02
1.77740E+03 -1.42895E-02
1.77836E+03 -1.43942E-02
1.77933E+03 -1.44914E-02
1.78029E+03 -1.45686E-02
1.78126E+03 -1.46332E-02
1.78222E+03 -1.47317E-02
1.78319E+03 -1.48444E-02
1.78415E+03 -1.49034E-02
1.78511E+03 -1.49602E-02
1.78608E+03 -1.50519E-02
1.78704E+03 -1.51180E-02
1.78801E+03 -1.51909E-02
1.78897E+03 -1.52767E-02
1.78994E+03 -1.53301E-02
1.79090E+03 -1.53935E-02
1.79187E+03 -1.54617E-02
1.79283E+03 -1.55177E-02
1.79379E+03 -1.56036E-02
1.79476E+03 -1.56958E-02
1.79572E+03 -1.57659E-02
1.79669E+03 -1.58338E-02
1.79765E+03 -1.58974E-02
1.79862E+03 -1.59471E-02
1.79958E+03 -1.60105E-02
1.80055E+03 -1.60791E-02
1.80151E+03 -1.61155E-02
1.80247E+03 -1.61543E-02
1.80344E+03 -1.62206E-02
1.80440E+03 -1.62957E-02
1.80537E+03 -1.63439E-02
1.80633E+03 -1.63839E-02
1.80730E+03 -1.64481E-02
1.80826E+03 -1.64883E-02
1.80923E+03 -1.65485E-02
1.81019E+03 -1.66193E-02
1.81115E+03 -1.66715E-02
1.81212E+03 -1.67144E-02
1.81308E+03 -1.67519E-02
1.81405E+03 -1.68063E-02
1.81501E+03 -1.68337E-02
1.81598E+03 -1.68619E-02
1.81694E+03 -1.69420E-02
1.81790E+03 -1.70153E-02
1.81887E+03 -1.70322E-02
1.81983E+03 -1.70612E-02
1.82080E+03 -1.70998E-02
1.82176E+03 -1.71351E-02
1.82273E+03 -1.71714E-02
1.82369E+03 -1.72004E-02
1.82466E+03 -1.72317E-02
1.82562E+03 -1.72592E-02
1.82658E+03 -1.73089E-02
1.82755E+03 -1.73437E-02
1.82851E+03 -1.73688E-02
1.82948E+03 -1.74009E-02
1.83044E+03 -1.74235E-02
1.83141E+03 -1.74630E-02
1.83237E+03 -1.75051E-02
1.83334E+03 -1.75475E-02
1.83430E+03 -1.75972E-02
1.83526E+03 -1.76361E-02
1.83623E+03 -1.76606E-02
1.83719E+03 -1.76583E-02
1.83816E+03 -1.76696E-02
1.83912E+03 -1.76799E-02
1.84009E+03 -1.77132E-02
1.84105E+03 -1.77722E-02
1.84201E+03 -1.77902E-02
1.84298E+03 -1.78026E-02
1.84394E+03 -1.78053E-02
1.84491E+03 -1.78208E-02
1.84587E+03 -1.78590E-02
1.84684E+03 -1.79124E-02
1.84780E+03 -1.79424E-02
1.84877E+03 -1.79484E-02
1.84973E+03 -1.79711E-02
1.85069E+03 -1.79861E-02
1.85166E+03 -1.80006E-02
1.85262E+03 -1.80112E-02
1.85359E+03 -1.80256E-02
1.85455E+03 -1.80341E-02
1.85552E+03 -1.80591E-02
1.85648E+03 -1.80953E-02
1.85745E+03 -1.81180E-02
1.85841E+03 -1.81383E-02
1.85937E+03 -1.81436E-02
1.86034E+03 -1.81384E-02
1.86130E+03 -1.81357E-02
1.86227E+03 -1.81638E-02
1.86323E+03 -1.82048E-02
1.86420E+03 -1.82250E-02
1.86516E+03 -1.82148E-02
1.86612E+03 -1.82084E-02
1.86709E+03 -1.82252E-02
1.86805E+03 -1.82471E-02
1.86902E+03 -1.82248E-02
1.86998E+03 -1.82279E-02
1.87095E+03 -1.82652E-02
1.87191E+03 -1.82394E-02
1.87288E+03 -1.82532E-02
1.87384E+03 -1.82893E-02
1.87480E+03 -1.82910E-02
1.87577E+03 -1.83075E-02
1.87673E+03 -1.83159E-02
1.87770E+03 -1.83070E-02
1.87866E+03 -1.82956E-02
1.87963E+03 -1.83086E-02
1.88059E+03 -1.83249E-02
1.88156E+03 -1.83360E-02
1.88252E+03 -1.83258E-02
1.88348E+03 -1.83078E-02
1.88445E+03 -1.83189E-02
1.88541E+03 -1.83129E-02
1.88638E+03 -1.82941E-02
1.88734E+03 -1.83068E-02
1.88831E+03 -1.83310E-02
1.88927E+03 -1.83179E-02
1.89024E+03 -1.83061E-02
1.89120E+03 -1.83348E-02
1.89216E+03 -1.83382E-02
1.89313E+03 -1.83370E-02
1.89409E+03 -1.83388E-02
1.89506E+03 -1.83163E-02
1.89602E+03 -1.83241E-02
1.89699E+03 -1.83240E-02
1.89795E+03 -1.83094E-02
1.89891E+03 -1.83058E-02
1.89988E+03 -1.82995E-02
1.90084E+03 -1.83011E-02
1.90181E+03 -1.83153E-02
1.90277E+03 -1.83227E-02
1.90374E+03 -1.82953E-02
1.90470E+03 -1.82853E-02
1.90567E+03 -1.82956E-02
1.90663E+03 -1.82820E-02
1.90759E+03 -1.82847E-02
1.90856E+03 -1.82777E-02
1.90952E+03 -1.82690E-02
1.91049E+03 -1.82769E-02
1.91145E+03 -1.82731E-02
1.91242E+03 -1.82643E-02
1.91338E+03 -1.82328E-02
1.91435E+03 -1.82215E-02
1.91531E+03 -1.82241E-02
1.91627E+03 -1.82228E-02
1.91724E+03 -1.82188E-02
1.91820E+03 -1.82019E-02
1.91917E+03 -1.82061E-02
1.92013E+03 -1.82035E-02
1.92110E+03 -1.82034E-02
1.92206E+03 -1.82081E-02
1.92303E+03 -1.81945E-02
1.92399E+03 -1.81825E-02
1.92495E+03 -1.81849E-02
1.92592E+03 -1.81753E-02
1.92688E+03 -1.81581E-02
1.92785E+03 -1.81317E-02
1.92881E+03 -1.81213E-02
1.92978E+03 -1.81150E-02
1.93074E+03 -1.80836E-02
1.93170E+03 -1.80809E-02
1.93267E+03 -1.80550E-02
1.93363E+03 -1.80249E-02
1.93460E+03 -1.80246E-02
1.93556E+03 -1.80207E-02
1.93653E+03 -1.80239E-02
1.93749E+03 -1.80150E-02
1.93846E+03 -1.79934E-02
1.93942E+03 -1.79814E-02
1.94038E+03 -1.79560E-02
1.94135E+03 -1.79276E-02
1.94231E+03 -1.79180E-02
1.94328E+03 -1.79081E-02
1.94424E+03 -1.79098E-02
1.94521E+03 -1.79264E-02
1.94617E+03 -1.79009E-02
1.94714E+03 -1.78634E-02
1.94810E+03 -1.78655E-02
1.94906E+03 -1.78565E-02
1.95003E+03 -1.78288E-02
1.95099E+03 -1.78012E-02
1.95196E+03 -1.77790E-02
1.95292E+03 -1.77669E-02
1.95389E+03 -1.77600E-02
1.95485E+03 -1.77345E-02
1.95581E+03 -1.77005E-02
1.95678E+03 -1.76615E-02
1.95774E+03 -1.76457E-02
1.95871E+03 -1.76714E-02
1.95967E+03 -1.76587E-02
1.96064E+03 -1.76074E-02
1.96160E+03 -1.75922E-02
1.96257E+03 -1.75925E-02
1.96353E+03 -1.75687E-02
1.96449E+03 -1.75191E-02
1.96546E+03 -1.75014E-02
1.96642E+03 -1.74987E-02
1.96739E+03 -1.74674E-02
1.96835E+03 -1.74544E-02
1.96932E+03 -1.74248E-02
1.97028E+03 -1.73968E-02
1.97125E+03 -1.73848E-02
1.97221E+03 -1.73443E-02
1.97317E+03 -1.73145E-02
1.97414E+03 -1.73046E-02
1.97510E+03 -1.72767E-02
1.97607E+03 -1.72459E-02
1.97703E+03 -1.72189E-02
1.97800E+03 -1.71693E-02
1.97896E+03 -1.71057E-02
1.97992E+03 -1.70625E-02
1.98089E+03 -1.70336E-02
1.98185E+03 -1.70108E-02
1.98282E+03 -1.69892E-02
1.98378E+03 -1.69437E-02
1.98475E+03 -1.68923E-02
1.98571E+03 -1.68567E-02
1.98668E+03 -1.67850E-02
1.98764E+03 -1.67297E-02
1.98860E+03 -1.67054E-02
1.98957E+03 -1.66399E-02
1.99053E+03 -1.65769E-02
1.99150E+03 -1.65441E-02
1.99246E+03 -1.64901E-02
1.99343E+03 -1.64117E-02
1.99439E+03 -1.63540E-02
1.99536E+03 -1.62867E-02
1.99632E+03 -1.62099E-02
1.99728E+03 -1.61287E-02
1.99825E+03 -1.60504E-02
1.99921E+03 -1.59988E-02
2.00018E+03 -1.59279E-02
2.00114E+03 -1.58476E-02
2.00211E+03 -1.57872E-02
2.00307E+03 -1.57215E-02
2.00404E+03 -1.56402E-02
2.00500E+03 -1.55696E-02
2.00596E+03 -1.54975E-02
2.00693E+03 -1.54049E-02
2.00789E+03 -1.53398E-02
2.00886E+03 -1.53038E-02
2.00982E+03 -1.52499E-02
2.01079E+03 -1.51863E-02
2.01175E+03 -1.51185E-02
2.01271E+03 -1.50398E-02
2.01368E+03 -1.49855E-02
2.01464E+03 -1.49594E-02
2.01561E+03 -1.49073E-02
2.01657E+03 -1.48624E-02
2.01754E+03 -1.48291E-02
2.01850E+03 -1.47926E-02
2.01947E+03 -1.47758E-02
2.02043E+03 -1.47448E-02
2.02139E+03 -1.47043E-02
2.02236E+03 -1.46559E-02
2.02332E+03 -1.46025E-02
2.02429E+03 -1.45868E-02
2.02525E+03 -1.45784E-02
2.02622E+03 -1.45239E-02
2.02718E+03 -1.44568E-02
2.02815E+03 -1.44366E-02
2.02911E+03 -1.44238E-02
2.03007E+03 -1.43837E-02
2.03104E+03 -1.43445E-02
2.03200E+03 -1.43029E-02
2.03297E+03 -1.42736E-02
2.03393E+03 -1.42416E-02
2.03490E+03 -1.41767E-02
2.03586E+03 -1.41078E-02
2.03682E+03 -1.40777E-02
2.03779E+03 -1.40473E-02
2.03875E+03 -1.39781E-02
2.03972E+03 -1.39145E-02
2.04068E+03 -1.38704E-02
2.04165E+03 -1.38190E-02
2.04261E+03 -1.37791E-02
2.04358E+03 -1.37462E-02
2.04454E+03 -1.37198E-02
2.04550E+03 -1.37058E-02
2.04647E+03 -1.36846E-02
2.04743E+03 -1.36667E-02
2.04840E+03 -1.36587E-02
2.04936E+03 -1.36328E-02
2.05033E+03 -1.35919E-02
2.05129E+03 -1.35986E-02
2.05226E+03 -1.36475E-02
2.05322E+03 -1.36454E-02
2.05418E+03 -1.36084E-02
2.05515E+03 -1.35734E-02
2.05611E+03 -1.35254E-02
2.05708E+03 -1.34645E-02
2.05804E+03 -1.34150E-02
2.05901E+03 -1.33828E-02
2.05997E+03 -1.33566E-02
2.06094E+03 -1.33302E-02
2.06190E+03 -1.33204E-02
2.06286E+03 -1.32969E-02
2.06383E+03 -1.32561E-02
2.06479E+03 -1.31954E-02
2.06576E+03 -1.30465E-02
2.06672E+03 -1.31945E-02
2.06769E+03 -1.32196E-02
2.06865E+03 -1.30001E-02
2.06961E+03 -1.29733E-02
2.07058E+03 -1.29317E-02
2.07154E+03 -1.28777E-02
2.07251E+03 -1.28414E-02
2.07347E+03 -1.28102E-02
2.07444E+03 -1.27490E-02
2.07540E+03 -1.26974E-02
2.07637E+03 -1.26598E-02
2.07733E+03 -1.26011E-02
2.07829E+03 -1.25289E-02
2.07926E+03 -1.24795E-02
2.08022E+03 -1.24407E-02
2.08119E+03 -1.23861E-02
2.08215E+03 -1.23202E-02
2.08312E+03 -1.22218E-02
2.08408E+03 -1.21739E-02
2.08505E+03 -1.21581E-02
2.08601E+03 -1.21070E-02
2.08697E+03 -1.20260E-02
2.08794E+03 -1.19196E-02
2.08890E+03 -1.18560E-02
2.08987E+03 -1.18314E-02
2.09083E+03 -1.17810E-02
2.09180E+03 -1.16837E-02
2.09276E+03 -1.15905E-02
2.09372E+03 -1.15053E-02
2.09469E+03 -1.14663E-02
2.09565E+03 -1.14029E-02
2.09662E+03 -1.12767E-02
2.09758E+03 -1.11697E-02
2.09855E+03 -1.11457E-02
2.09951E+03 -1.11127E-02
2.10048E+03 -1.09826E-02
2.10144E+03 -1.08618E-02
2.10240E+03 -1.08101E-02
2.10337E+03 -1.07963E-02
2.10433E+03 -1.06807E-02
2.10530E+03 -1.05572E-02
2.10626E+03 -1.04496E-02
2.10723E+03 -1.03965E-02
2.10819E+03 -1.03353E-02
2.10916E+03 -1.01883E-02
2.11012E+03 -1.00673E-02
2.11108E+03 -1.00183E-02
2.11205E+03 -9.94270E-03
2.11301E+03 -9.78890E-03
2.11398E+03 -9.68685E-03
2.11494E+03 -9.63829E-03
2.11591E+03 -9.58096E-03
2.11687E+03 -9.44439E-03
2.11783E+03 -9.30537E-03
2.11880E+03 -9.23231E-03
2.11976E+03 -9.20042E-03
2.12073E+03 -9.05610E-03
2.12169E+03 -8.87847E-03
2.12266E+03 -8.79061E-03
2.12362E+03 -8.73397E-03
2.12459E+03 -8.59010E-03
2.12555E+03 -8.42538E-03
2.12651E+03 -8.33125E-03
2.12748E+03 -8.26937E-03
2.12844E+03 -8.13613E-03
2.12941E+03 -7.96508E-03
2.13037E+03 -7.85199E-03
2.13134E+03 -7.77090E-03
2.13230E+03 -7.64367E-03
2.13327E+03 -7.46658E-03
2.13423E+03 -7.35949E-03
2.13519E+03 -7.28992E-03
2.13616E+03 -7.18194E-03
2.13712E+03 -7.01937E-03
2.13809E+03 -6.88658E-03
2.13905E+03 -6.78246E-03
2.14002E+03 -6.67655E-03
2.14098E+03 -6.51506E-03
2.14195E+03 -6.46031E-03
2.14291E+03 -6.32228E-03
2.14387E+03 -6.06367E-03
2.14484E+03 -5.95652E-03
2.14580E+03 -5.85865E-03
2.14677E+03 -5.76119E-03
2.14773E+03 -5.63064E-03
2.14870E+03 -5.48139E-03
2.14966E+03 -5.36087E-03
2.15062E+03 -5.26746E-03
2.15159E+03 -5.13912E-03
2.15255E+03 -4.97132E-03
2.15352E+03 -4.84771E-03
2.15448E+03 -4.76079E-03
2.15545E+03 -4.61385E-03
2.15641E+03 -4.43054E-03
2.15738E+03 -4.31888E-03
2.15834E+03 -4.23020E-03
2.15930E+03 -4.06153E-03
2.16027E+03 -3.85660E-03
2.16123E+03 -3.76154E-03
2.16220E+03 -3.67852E-03
2.16316E+03 -3.48882E-03
2.16413E+03 -3.32064E-03
2.16509E+03 -3.25771E-03
2.16606E+03 -3.14840E-03
2.16702E+03 -2.95671E-03
2.16798E+03 -2.81654E-03
2.16895E+03 -2.76871E-03
2.16991E+03 -2.64840E-03
2.17088E+03 -2.44761E-03
2.17184E+03 -2.36109E-03
2.17281E+03 -2.32122E-03
2.17377E+03 -2.15166E-03
2.17473E+03 -1.94073E-03
2.17570E+03 -1.87888E-03
2.17666E+03 -1.82746E-03
2.17763E+03 -1.64512E-03
2.17859E+03 -1.48506E-03
2.17956E+03 -1.45053E-03
2.18052E+03 -1.34117E-03
2.18149E+03 -1.16909E-03
2.18245E+03 -1.09182E-03
2.18341E+03 -1.02984E-03
2.18438E+03 -8.73826E-04
2.18534E+03 -7.34005E-04
2.18631E+03 -6.90017E-04
2.18727E+03 -5.86312E-04
2.18824E+03 -4.18413E-04
2.18920E+03 -3.33887E-04
2.19017E+03 -2.70478E-04
2.19113E+03 -1.04692E-04
2.19209E+03 2.64868E-06
2.19306E+03 3.35909E-05
2.19402E+03 1.31521E-04
2.19499E+03 2.55771E-04
2.19595E+03 3.28511E-04
2.19692E+03 3.90120E-04
2.19788E+03 4.97695E-04
2.19884E+03 5.91423E-04
2.19981E+03 6.48636E-04
2.20077E+03 7.45907E-04
2.20174E+03 8.67959E-04
2.20270E+03 9.34143E-04
2.20367E+03 1.00886E-03
2.20463E+03 1.12438E-03
2.20560E+03 1.19723E-03
2.20656E+03 1.26645E-03
2.20752E+03 1.37684E-03
2.20849E+03 1.46181E-03
2.20945E+03 1.50512E-03
2.21042E+03 1.60847E-03
2.21138E+03 1.73011E-03
2.21235E+03 1.82526E-03
2.21331E+03 1.93458E-03
2.21428E+03 2.01967E-03
2.21524E+03 2.09365E-03
2.21620E+03 2.18768E-03
2.21717E+03 2.30215E-03
2.21813E+03 2.40222E-03
2.21910E+03 2.49837E-03
2.22006E+03 2.60076E-03
2.22103E+03 2.71531E-03
2.22199E+03 2.82389E-03
2.22296E+03 2.92533E-03
2.22392E+03 3.03007E-03
2.22488E+03 3.13812E-03
2.22585E+03 3.25011E-03
2.22681E+03 3.35122E-03
2.22778E+03 3.45695E-03
2.22874E+03 3.55704E-03
2.22971E+03 3.66381E-03
2.23067E+03 3.76520E-03
2.23163E+03 3.88445E-03
2.23260E+03 4.00363E-03
2.23356E+03 4.11061E-03
2.23453E+03 4.23988E-03
2.23549E+03 4.36521E-03
2.23646E+03 4.49251E-03
2.23742E+03 4.61907E-03
2.23839E+03 4.73328E-03
2.23935E+03 4.84703E-03
2.24031E+03 4.98119E-03
2.24128E+03 5.12136E-03
2.24224E+03 5.23211E-03
2.24321E+03 5.33879E-03
2.24417E+03 5.45183E-03
2.24514E+03 5.55544E-03
2.24610E+03 5.65058E-03
2.24707E+03 5.74469E-03
2.24803E+03 5.84513E-03
2.24899E+03 5.93969E-03
2.24996E+03 6.04368E-03
2.25092E+03 6.15318E-03
2.25189E+03 6.23167E-03
2.25285E+03 6.30085E-03
2.25382E+03 6.37998E-03
2.25478E+03 6.47967E-03
2.25574E+03 6.60031E-03
2.25671E+03 6.71398E-03
2.25767E+03 6.80638E-03
2.25864E+03 6.90145E-03
2.25960E+03 7.00231E-03
2.26057E+03 7.10542E-03
2.26153E+03 7.24149E-03
2.26250E+03 7.36197E-03
2.26346E+03 7.51006E-03
2.26442E+03 7.72332E-03
2.26539E+03 7.93903E-03
2.26635E+03 8.18222E-03
2.26732E+03 8.50227E-03
2.26828E+03 8.90864E-03
2.26925E+03 9.47346E-03
2.27021E+03 1.03721E-02
2.27118E+03 1.19391E-02
2.27214E+03 1.47963E-02
2.27310E+03 1.95117E-02
2.27407E+03 2.55135E-02
2.27503E+03 3.09465E-02
2.27600E+03 3.40692E-02
2.27696E+03 3.43686E-02
2.27793E+03 3.25812E-02
2.27889E+03 2.98345E-02
2.27986E+03 2.72205E-02
2.28082E+03 2.54834E-02
2.28178E+03 2.51503E-02
2.28275E+03 2.40350E-02
2.28371E+03 1.97810E-02
2.28468E+03 1.54198E-02
2.28564E+03 1.30900E-02
2.28661E+03 1.19260E-02
2.28757E+03 1.15094E-02
2.28853E+03 1.15088E-02
2.28950E+03 1.17081E-02
2.29046E+03 1.20059E-02
2.29143E+03 1.23421E-02
2.29239E+03 1.27476E-02
2.29336E+03 1.31857E-02
2.29432E+03 1.36273E-02
2.29529E+03 1.41042E-02
2.29625E+03 1.45840E-02
2.29721E+03 1.50851E-02
2.29818E+03 1.56190E-02
2.29914E+03 1.61674E-02
2.30011E+03 1.67560E-02
2.30107E+03 1.73919E-02
2.30204E+03 1.80714E-02
2.30300E+03 1.87718E-02
2.30397E+03 1.95166E-02
2.30493E+03 2.02786E-02
2.30589E+03 2.10602E-02
2.30686E+03 2.18992E-02
2.30782E+03 2.28083E-02
2.30879E+03 2.37875E-02
2.30975E+03 2.48265E-02
2.31072E+03 2.58860E-02
2.31168E+03 2.70147E-02
2.31265E+03 2.82259E-02
2.31361E+03 2.95541E-02
2.31457E+03 3.10252E-02
2.31554E+03 3.26718E-02
2.31650E+03 3.45142E-02
2.31747E+03 3.66973E-02
2.31843E+03 3.93225E-02
2.31940E+03 4.27218E-02
2.32036E+03 4.71870E-02
2.32132E+03 5.27611E-02
2.32229E+03 5.90641E-02
2.32325E+03 6.56344E-02
2.32422E+03 7.26324E-02
2.32518E+03 8.12731E-02
2.32615E+03 9.37972E-02
2.32711E+03 1.13157E-01
2.32808E+03 1.40723E-01
2.32904E+03 1.77265E-01
2.33000E+03 2.22999E-01
2.33097E+03 2.76647E-01
2.33193E+03 3.37508E-01
2.33290E+03 4.06892E-01
2.33386E+03 4.85961E-01
2.33483E+03 5.74584E-01
2.33579E+03 6.71335E-01
2.33676E+03 7.68934E-01
2.33772E+03 8.52959E-01
2.33868E+03 9.11016E-01
2.33965E+03 9.42203E-01
2.34061E+03 9.51262E-01
2.34158E+03 9.44751E-01
2.34254E+03 9.27078E-01
2.34351E+03 9.01549E-01
2.34447E+03 8.69017E-01
2.34543E+03 8.30447E-01
2.34640E+03 7.86634E-01
2.34736E+03 7.39871E-01
2.34833E+03 6.92543E-01
2.34929E+03 6.46795E-01
2.35026E+03 6.03601E-01
2.35122E+03 5.63757E-01
2.35219E+03 5.27502E-01
2.35315E+03 4.94841E-01
2.35411E+03 4.65469E-01
2.35508E+03 4.38917E-01
2.35604E+03 4.14678E-01
2.35701E+03 3.92422E-01
2.35797E+03 3.71904E-01
2.35894E+03 3.52879E-01
2.35990E+03 3.34873E-01
2.36087E+03 3.17469E-01
2.36183E+03 3.00218E-01
2.36279E+03 2.82846E-01
2.36376E+03 2.65255E-01
2.36472E+03 2.47593E-01
2.36569E+03 2.30394E-01
2.36665E+03 2.14247E-01
2.36762E+03 1.99561E-01
2.36858E+03 1.86363E-01
2.36954E+03 1.74115E-01
2.37051E+03 1.61845E-01
2.37147E+03 1.48165E-01
2.37244E+03 1.31696E-01
2.37340E+03 1.11840E-01
2.37437E+03 8.95682E-02
2.37533E+03 6.73691E-02
2.37630E+03 4.77558E-02
2.37726E+03 3.22905E-02
2.37822E+03 2.14542E-02
2.37919E+03 1.45967E-02
2.38015E+03 1.04512E-02
2.38112E+03 7.85579E-03
2.38208E+03 6.08289E-03
2.38305E+03 4.74710E-03
2.38401E+03 3.68818E-03
2.38498E+03 2.82686E-03
2.38594E+03 2.10584E-03
2.38690E+03 1.51281E-03
2.38787E+03 1.01120E-03
2.38883E+03 5.73225E-04
2.38980E+03 1.55125E-04
2.39076E+03 -2.40058E-04
2.39173E+03 -5.82289E-04
2.39269E+03 -8.96640E-04
2.39366E+03 -1.18712E-03
2.39462E+03 -1.44980E-03
2.39558E+03 -1.69170E-03
2.39655E+03 -1.95710E-03
2.39751E+03 -2.21010E-03
2.39848E+03 -2.40752E-03
2.39944E+03 -2.59483E-03
2.40041E+03 -2.80489E-03
2.40137E+03 -3.00464E-03
2.40233E+03 -3.14141E-03
2.40330E+03 -3.27284E-03
2.40426E+03 -3.42633E-03
2.40523E+03 -3.55392E-03
2.40619E+03 -3.67684E-03
2.40716E+03 -3.80269E-03
2.40812E+03 -3.89680E-03
2.40909E+03 -3.98576E-03
2.41005E+03 -4.10822E-03
2.41101E+03 -4.19669E-03
2.41198E+03 -4.25404E-03
2.41294E+03 -4.32451E-03
2.41391E+03 -4.36057E-03
2.41487E+03 -4.39712E-03
2.41584E+03 -4.44487E-03
2.41680E+03 -4.48037E-03
2.41777E+03 -4.50037E-03
2.41873E+03 -4.51542E-03
2.41969E+03 -4.53599E-03
2.42066E+03 -4.54151E-03
2.42162E+03 -4.55975E-03
2.42259E+03 -4.60166E-03
2.42355E+03 -4.62177E-03
2.42452E+03 -4.62157E-03
2.42548E+03 -4.64667E-03
2.42644E+03 -4.68062E-03
2.42741E+03 -4.67921E-03
2.42837E+03 -4.67122E-03
2.42934E+03 -4.68630E-03
2.43030E+03 -4.71399E-03
2.43127E+03 -4.72565E-03
2.43223E+03 -4.74035E-03
2.43320E+03 -4.75118E-03
2.43416E+03 -4.76051E-03
2.43512E+03 -4.76369E-03
2.43609E+03 -4.76218E-03
2.43705E+03 -4.77635E-03
2.43802E+03 -4.77581E-03
2.43898E+03 -4.78300E-03
2.43995E+03 -4.79484E-03
2.44091E+03 -4.79233E-03
2.44188E+03 -4.80460E-03
2.44284E+03 -4.81770E-03
2.44380E+03 -4.81182E-03
2.44477E+03 -4.82831E-03
2.44573E+03 -4.87157E-03
2.44670E+03 -4.89443E-03
2.44766E+03 -4.91653E-03
2.44863E+03 -4.97853E-03
2.44959E+03 -5.05224E-03
2.45055E+03 -5.11697E-03
2.45152E+03 -5.15625E-03
2.45248E+03 -5.19291E-03
2.45345E+03 -5.26387E-03
2.45441E+03 -5.32039E-03
2.45538E+03 -5.35113E-03
2.45634E+03 -5.42412E-03
2.45731E+03 -5.51986E-03
2.45827E+03 -5.59250E-03
2.45923E+03 -5.67033E-03
2.46020E+03 -5.75420E-03
2.46116E+03 -5.81529E-03
2.46213E+03 -5.89961E-03
2.46309E+03 -5.97671E-03
2.46406E+03 -6.04368E-03
2.46502E+03 -6.11858E-03
2.46599E+03 -6.18706E-03
2.46695E+03 -6.26203E-03
2.46791E+03 -6.33946E-03
2.46888E+03 -6.42182E-03
2.46984E+03 -6.46567E-03
2.47081E+03 -6.52569E-03
2.47177E+03 -6.59610E-03
2.47274E+03 -6.60787E-03
2.47370E+03 -6.62865E-03
2.47467E+03 -6.66824E-03
2.47563E+03 -6.70454E-03
2.47659E+03 -6.71541E-03
2.47756E+03 -6.70108E-03
2.47852E+03 -6.71279E-03
2.47949E+03 -6.74308E-03
2.48045E+03 -6.73630E-03
2.48142E+03 -6.72223E-03
2.48238E+03 -6.73561E-03
2.48334E+03 -6.73175E-03
2.48431E+03 -6.70828E-03
2.48527E+03 -6.70243E-03
2.48624E+03 -6.70747E-03
2.48720E+03 -6.68918E-03
2.48817E+03 -6.64493E-03
2.48913E+03 -6.59248E-03
2.49010E+03 -6.54829E-03
2.49106E+03 -6.51138E-03
2.49202E+03 -6.45995E-03
2.49299E+03 -6.40804E-03
2.49395E+03 -6.36586E-03
2.49492E+03 -6.30600E-03
2.49588E+03 -6.25084E-03
2.49685E+03 -6.18267E-03
2.49781E+03 -6.12560E-03
2.49878E+03 -6.08099E-03
2.49974E+03 -5.99637E-03
2.50070E+03 -5.93442E-03
2.50167E+03 -5.87768E-03
2.50263E+03 -5.80001E-03
2.50360E+03 -5.73192E-03
2.50456E+03 -5.64957E-03
2.50553E+03 -5.55648E-03
2.50649E+03 -5.46413E-03
2.50745E+03 -5.35820E-03
2.50842E+03 -5.24216E-03
2.50938E+03 -5.14594E-03
2.51035E+03 -5.06258E-03
2.51131E+03 -4.96026E-03
2.51228E+03 -4.84140E-03
2.51324E+03 -4.74393E-03
2.51421E+03 -4.64321E-03
2.51517E+03 -4.51493E-03
2.51613E+03 -4.41211E-03
2.51710E+03 -4.30513E-03
2.51806E+03 -4.17180E-03
2.51903E+03 -4.04141E-03
2.51999E+03 -3.92103E-03
2.52096E+03 -3.79955E-03
2.52192E+03 -3.65840E-03
2.52289E+03 -3.53019E-03
2.52385E+03 -3.41650E-03
2.52481E+03 -3.31534E-03
2.52578E+03 -3.19191E-03
2.52674E+03 -3.06987E-03
2.52771E+03 -2.97020E-03
2.52867E+03 -2.85316E-03
2.52964E+03 -2.73668E-03
2.53060E+03 -2.62701E-03
2.53156E+03 -2.53972E-03
2.53253E+03 -2.44654E-03
2.53349E+03 -2.34303E-03
2.53446E+03 -2.27327E-03
2.53542E+03 -2.21977E-03
2.53639E+03 -2.12223E-03
2.53735E+03 -2.05825E-03
2.53832E+03 -2.02018E-03
2.53928E+03 -1.97926E-03
2.54024E+03 -1.94936E-03
2.54121E+03 -1.92129E-03
2.54217E+03 -1.92278E-03
2.54314E+03 -1.93056E-03
2.54410E+03 -1.92519E-03
2.54507E+03 -1.94557E-03
2.54603E+03 -1.98065E-03
2.54700E+03 -2.00084E-03
2.54796E+03 -1.99226E-03
2.54892E+03 -2.01762E-03
2.54989E+03 -2.07235E-03
2.55085E+03 -2.10297E-03
2.55182E+03 -2.13215E-03
2.55278E+03 -2.16447E-03
2.55375E+03 -2.22170E-03
2.55471E+03 -2.27818E-03
2.55568E+03 -2.30312E-03
2.55664E+03 -2.32229E-03
2.55760E+03 -2.34928E-03
2.55857E+03 -2.38296E-03
2.55953E+03 -2.40887E-03
2.56050E+03 -2.41065E-03
2.56146E+03 -2.41423E-03
2.56243E+03 -2.45043E-03
2.56339E+03 -2.46532E-03
2.56435E+03 -2.46567E-03
2.56532E+03 -2.48892E-03
2.56628E+03 -2.49282E-03
2.56725E+03 -2.51843E-03
2.56821E+03 -2.53976E-03
2.56918E+03 -2.53911E-03
2.57014E+03 -2.54234E-03
2.57111E+03 -2.56325E-03
2.57207E+03 -2.57381E-03
2.57303E+03 -2.58899E-03
2.57400E+03 -2.60364E-03
2.57496E+03 -2.60815E-03
2.57593E+03 -2.63222E-03
2.57689E+03 -2.65828E-03
2.57786E+03 -2.66244E-03
2.57882E+03 -2.68554E-03
2.57979E+03 -2.71419E-03
2.58075E+03 -2.73132E-03
2.58171E+03 -2.72100E-03
2.58268E+03 -2.67473E-03
2.58364E+03 -2.67522E-03
2.58461E+03 -2.66543E-03
2.58557E+03 -2.63824E-03
2.58654E+03 -2.63071E-03
2.58750E+03 -2.60514E-03
2.58846E+03 -2.54790E-03
2.58943E+03 -2.49646E-03
2.59039E+03 -2.45424E-03
2.59136E+03 -2.39171E-03
2.59232E+03 -2.32102E-03
2.59329E+03 -2.27789E-03
2.59425E+03 -2.26626E-03
2.59522E+03 -2.21803E-03
2.59618E+03 -2.14308E-03
2.59714E+03 -2.09595E-03
2.59811E+03 -2.09006E-03
2.59907E+03 -2.08519E-03
2.60004E+03 -2.05149E-03
2.60100E+03 -2.03548E-03
2.60197E+03 -2.04907E-03
2.60293E+03 -2.04530E-03
2.60390E+03 -2.02851E-03
2.60486E+03 -2.03947E-03
2.60582E+03 -2.07881E-03
2.60679E+03 -2.13490E-03
2.60775E+03 -2.15516E-03
2.60872E+03 -2.15612E-03
2.60968E+03 -2.19566E-03
2.61065E+03 -2.24845E-03
2.61161E+03 -2.27720E-03
2.61258E+03 -2.30040E-03
2.61354E+03 -2.30956E-03
2.61450E+03 -2.33572E-03
2.61547E+03 -2.36605E-03
2.61643E+03 -2.38304E-03
2.61740E+03 -2.43113E-03
2.61836E+03 -2.46643E-03
2.61933E+03 -2.51068E-03
2.62029E+03 -2.56054E-03
2.62125E+03 -2.62561E-03
2.62222E+03 -2.70633E-03
2.62318E+03 -2.76989E-03
2.62415E+03 -2.83935E-03
2.62511E+03 -2.90101E-03
2.62608E+03 -2.96682E-03
2.62704E+03 -3.01960E-03
2.62801E+03 -3.06197E-03
2.62897E+03 -3.10975E-03
2.62993E+03 -3.13294E-03
2.63090E+03 -3.17031E-03
2.63186E+03 -3.20458E-03
2.63283E+03 -3.20212E-03
2.63379E+03 -3.22486E-03
2.63476E+03 -3.28757E-03
2.63572E+03 -3.29579E-03
2.63669E+03 -3.29717E-03
2.63765E+03 -3.32686E-03
2.63861E+03 -3.32326E-03
2.63958E+03 -3.30610E-03
2.64054E+03 -3.29213E-03
2.64151E+03 -3.28331E-03
2.64247E+03 -3.30119E-03
2.64344E+03 -3.34111E-03
2.64440E+03 -3.34734E-03
2.64536E+03 -3.31270E-03
2.64633E+03 -3.28514E-03
2.64729E+03 -3.28274E-03
2.64826E+03 -3.26024E-03
2.64922E+03 -3.25100E-03
2.65019E+03 -3.25268E-03
2.65115E+03 -3.22092E-03
2.65212E+03 -3.18052E-03
2.65308E+03 -3.17337E-03
2.65404E+03 -3.17859E-03
2.65501E+03 -3.16161E-03
2.65597E+03 -3.11746E-03
2.65694E+03 -3.08837E-03
2.65790E+03 -3.06513E-03
2.65887E+03 -3.01747E-03
2.65983E+03 -2.99330E-03
2.66080E+03 -2.97056E-03
2.66176E+03 -2.95692E-03
2.66272E+03 -2.94025E-03
2.66369E+03 -2.89062E-03
2.66465E+03 -2.86014E-03
2.66562E+03 -2.83949E-03
2.66658E+03 -2.82754E-03
2.66755E+03 -2.78239E-03
2.66851E+03 -2.72450E-03
2.66948E+03 -2.69751E-03
2.67044E+03 -2.68335E-03
2.67140E+03 -2.67941E-03
2.67237E+03 -2.65656E-03
2.67333E+03 -2.60939E-03
2.67430E+03 -2.55172E-03
2.67526E+03 -2.53146E-03
2.67623E+03 -2.49169E-03
2.67719E+03 -2.44986E-03
2.67815E+03 -2.41311E-03
2.67912E+03 -2.38847E-03
2.68008E+03 -2.36850E-03
2.68105E+03 -2.31434E-03
2.68201E+03 -2.26899E-03
2.68298E+03 -2.22095E-03
2.68394E+03 -2.20054E-03
2.68491E+03 -2.15468E-03
2.68587E+03 -2.09066E-03
2.68683E+03 -2.07518E-03
2.68780E+03 -2.03425E-03
2.68876E+03 -1.97134E-03
2.68973E+03 -1.92921E-03
2.69069E+03 -1.87933E-03
2.69166E+03 -1.84440E-03
2.69262E+03 -1.79236E-03
2.69359E+03 -1.74308E-03
2.69455E+03 -1.72426E-03
2.69551E+03 -1.67619E-03
2.69648E+03 -1.62369E-03
2.69744E+03 -1.55018E-03
2.69841E+03 -1.50050E-03
2.69937E+03 -1.47760E-03
2.70034E+03 -1.42363E-03
2.70130E+03 -1.37324E-03
2.70226E+03 -1.33426E-03
2.70323E+03 -1.27009E-03
2.70419E+03 -1.22391E-03
2.70516E+03 -1.17636E-03
2.70612E+03 -1.11140E-03
2.70709E+03 -1.06651E-03
2.70805E+03 -1.03611E-03
2.70902E+03 -1.00386E-03
2.70998E+03 -9.37127E-04
2.71094E+03 -8.70574E-04
2.71191E+03 -8.13689E-04
2.71287E+03 -7.46619E-04
2.71384E+03 -6.89942E-04
2.71480E+03 -6.52045E-04
2.71577E+03 -5.82043E-04
2.71673E+03 -4.81453E-04
2.71770E+03 -4.25536E-04
2.71866E+03 -4.11399E-04
2.71962E+03 -3.65868E-04
2.72059E+03 -2.83685E-04
2.72155E+03 -2.08460E-04
2.72252E+03 -1.59323E-04
2.72348E+03 -1.03965E-04
2.72445E+03 -5.96046E-08
2.72541E+03 8.20346E-05
2.72638E+03 1.11893E-04
2.72734E+03 1.67504E-04
2.72830E+03 2.66328E-04
2.72927E+03 3.54242E-04
2.73023E+03 4.15377E-04
2.73120E+03 4.94219E-04
2.73216E+03 5.45651E-04
2.73313E+03 6.22179E-04
2.73409E+03 7.30563E-04
2.73505E+03 8.08749E-04
2.73602E+03 9.21208E-04
2.73698E+03 9.87772E-04
2.73795E+03 1.05278E-03
2.73891E+03 1.14528E-03
2.73988E+03 1.19314E-03
2.74084E+03 1.29244E-03
2.74181E+03 1.41055E-03
2.74277E+03 1.49757E-03
2.74373E+03 1.57449E-03
2.74470E+03 1.69231E-03
2.74566E+03 1.82226E-03
2.74663E+03 1.90302E-03
2.74759E+03 1.99536E-03
2.74856E+03 2.09586E-03
2.74952E+03 2.23405E-03
2.75049E+03 2.37796E-03
2.75145E+03 2.47303E-03
2.75241E+03 2.59738E-03
2.75338E+03 2.72357E-03
2.75434E+03 2.91369E-03
2.75531E+03 3.00165E-03
2.75627E+03 3.09785E-03
2.75724E+03 3.21184E-03
2.75820E+03 3.26013E-03
2.75916E+03 3.38929E-03
2.76013E+03 3.46552E-03
2.76109E+03 3.70804E-03
2.76206E+03 4.04839E-03
2.76302E+03 4.32388E-03
2.76399E+03 4.56944E-03
2.76495E+03 4.74981E-03
2.76592E+03 4.48606E-03
2.76688E+03 4.69002E-03
2.76784E+03 5.06197E-03
2.76881E+03 5.10423E-03
2.76977E+03 5.53001E-03
2.77074E+03 5.90965E-03
2.77170E+03 6.37221E-03
2.77267E+03 6.31841E-03
2.77363E+03 6.25492E-03
2.77460E+03 6.88538E-03
2.77556E+03 7.23629E-03
2.77652E+03 7.31262E-03
2.77749E+03 7.53375E-03
2.77845E+03 7.92186E-03
2.77942E+03 8.29808E-03
2.78038E+03 8.53983E-03
2.78135E+03 8.86735E-03
2.78231E+03 9.21940E-03
2.78327E+03 9.55019E-03
2.78424E+03 9.92224E-03
2.78520E+03 1.03448E-02
2.78617E+03 1.07305E-02
2.78713E+03 1.10586E-02
2.78810E+03 1.14933E-02
2.78906E+03 1.19418E-02
2.79003E+03 1.23986E-02
2.79099E+03 1.28158E-02
2.79195E+03 1.32406E-02
2.79292E+03 1.37668E-02
2.79388E+03 1.42752E-02
2.79485E+03 1.47974E-02
2.79581E+03 1.53373E-02
2.79678E+03 1.58628E-02
2.79774E+03 1.64047E-02
2.79871E+03 1.69447E-02
2.79967E+03 1.75019E-02
2.80063E+03 1.81033E-02
2.80160E+03 1.87471E-02
2.80256E+03 1.93951E-02
2.80353E+03 2.00190E-02
2.80449E+03 2.06599E-02
2.80546E+03 2.13052E-02
2.80642E+03 2.19528E-02
2.80739E+03 2.26583E-02
2.80835E+03 2.33684E-02
2.80931E+03 2.40567E-02
2.81028E+03 2.47723E-02
2.81124E+03 2.55161E-02
2.81221E+03 2.62501E-02
2.81317E+03 2.69929E-02
2.81414E+03 2.77855E-02
2.81510E+03 2.85608E-02
2.81606E+03 2.93624E-02
2.81703E+03 3.01976E-02
2.81799E+03 3.10323E-02
2.81896E+03 3.18911E-02
2.81992E+03 3.27748E-02
2.82089E+03 3.36624E-02
2.82185E+03 3.45767E-02
2.82282E+03 3.55241E-02
2.82378E+03 3.64968E-02
2.82474E+03 3.74860E-02
2.82571E+03 3.84487E-02
2.82667E+03 3.93666E-02
2.82764E+03 4.02334E-02
2.82860E+03 4.10358E-02
2.82957E+03 4.16603E-02
2.83053E+03 4.21067E-02
2.83150E+03 4.23883E-02
2.83246E+03 4.24385E-02
2.83342E+03 4.22320E-02
2.83439E+03 4.18303E-02
2.83535E+03 4.12624E-02
2.83632E+03 4.05217E-02
2.83728E+03 3.96850E-02
2.83825E+03 3.88343E-02
2.83921E+03 3.79790E-02
2.84017E+03 3.71508E-02
2.84114E+03 3.63921E-02
2.84210E+03 3.56881E-02
2.84307E+03 3.50613E-02
2.84403E+03 3.45180E-02
2.84500E+03 3.40541E-02
2.84596E+03 3.36504E-02
2.84693E+03 3.32795E-02
2.84789E+03 3.29391E-02
2.84885E+03 3.25949E-02
2.84982E+03 3.22604E-02
2.85078E+03 3.19382E-02
2.85175E+03 3.16255E-02
2.85271E+03 3.13313E-02
2.85368E+03 3.10286E-02
2.85464E+03 3.07417E-02
2.85561E+03 3.04771E-02
2.85657E+03 3.02121E-02
2.85753E+03 2.99473E-02
2.85850E+03 2.97034E-02
2.85946E+03 2.94234E-02
2.86043E+03 2.91312E-02
2.86139E+03 2.89322E-02
2.86236E+03 2.87173E-02
2.86332E+03 2.84733E-02
2.86428E+03 2.82261E-02
2.86525E+03 2.79920E-02
2.86621E+03 2.78089E-02
2.86718E+03 2.76160E-02
2.86814E+03 2.74758E-02
2.86911E+03 2.73476E-02
2.87007E+03 2.71868E-02
2.87104E+03 2.70898E-02
2.87200E+03 2.70165E-02
2.87296E+03 2.68991E-02
2.87393E+03 2.67903E-02
2.87489E+03 2.67597E-02
2.87586E+03 2.67451E-02
2.87682E+03 2.66948E-02
2.87779E+03 2.67009E-02
2.87875E+03 2.67528E-02
2.87972E+03 2.68114E-02
2.88068E+03 2.68943E-02
2.88164E+03 2.69523E-02
2.88261E+03 2.70199E-02
2.88357E+03 2.71301E-02
2.88454E+03 2.72425E-02
2.88550E+03 2.73441E-02
2.88647E+03 2.74917E-02
2.88743E+03 2.76891E-02
2.88840E+03 2.78480E-02
2.88936E+03 2.80176E-02
2.89032E+03 2.81892E-02
2.89129E+03 2.83799E-02
2.89225E+03 2.86233E-02
2.89322E+03 2.88476E-02
2.89418E+03 2.90708E-02
2.89515E+03 2.93128E-02
2.89611E+03 2.95170E-02
2.89707E+03 2.97379E-02
2.89804E+03 3.00100E-02
2.89900E+03 3.02801E-02
2.89997E+03 3.05588E-02
2.90093E+03 3.08463E-02
2.90190E+03 3.11575E-02
2.90286E+03 3.14861E-02
2.90383E+03 3.18385E-02
2.90479E+03 3.22296E-02
2.90575E+03 3.26072E-02
2.90672E+03 3.29909E-02
2.90768E+03 3.34179E-02
2.90865E+03 3.38509E-02
2.90961E+03 3.42837E-02
2.91058E+03 3.46962E-02
2.91154E+03 3.50937E-02
2.91251E+03 3.54658E-02
2.91347E+03 3.57598E-02
2.91443E+03 3.59885E-02
2.91540E+03 3.61845E-02
2.91636E+03 3.62622E-02
2.91733E+03 3.62728E-02
2.91829E+03 3.63682E-02
2.91926E+03 3.64593E-02
2.92022E+03 3.64903E-02
2.92118E+03 3.65794E-02
2.92215E+03 3.67748E-02
2.92311E+03 3.70358E-02
2.92408E+03 3.73908E-02
2.92504E+03 3.78655E-02
2.92601E+03 3.84498E-02
2.92697E+03 3.91264E-02
2.92794E+03 3.98558E-02
2.92890E+03 4.06109E-02
2.92986E+03 4.13603E-02
2.93083E+03 4.21032E-02
2.93179E+03 4.28382E-02
2.93276E+03 4.35417E-02
2.93372E+03 4.41711E-02
2.93469E+03 4.46530E-02
2.93565E+03 4.50900E-02
2.93662E+03 4.54475E-02
2.93758E+03 4.56086E-02
2.93854E+03 4.57435E-02
2.93951E+03 4.58687E-02
2.94047E+03 4.59010E-02
2.94144E+03 4.58886E-02
2.94240E+03 4.59128E-02
2.94337E+03 4.59870E-02
2.94433E+03 4.60969E-02
2.94530E+03 4.62239E-02
2.94626E+03 4.64413E-02
2.94722E+03 4.67711E-02
2.94819E+03 4.71649E-02
2.94915E+03 4.76446E-02
2.95012E+03 4.81903E-02
2.95108E+03 4.87864E-02
2.95205E+03 4.93833E-02
2.95301E+03 4.99556E-02
2.95397E+03 5.05089E-02
2.95494E+03 5.10205E-02
2.95590E+03 5.14798E-02
2.95687E+03 5.18863E-02
2.95783E+03 5.21711E-02
2.95880E+03 5.23961E-02
2.95976E+03 5.26709E-02
2.96073E+03 5.29045E-02
2.96169E+03 5.30589E-02
2.96265E+03 5.31749E-02
2.96362E+03 5.32858E-02
2.96458E+03 5.33930E-02
2.96555E+03 5.34400E-02
2.96651E+03 5.34813E-02
2.96748E+03 5.35531E-02
2.96844E+03 5.36032E-02
2.96941E+03 5.36256E-02
2.97037E+03 5.36572E-02
2.97133E+03 5.36887E-02
2.97230E+03 5.37253E-02
2.97326E+03 5.37529E-02
2.97423E+03 5.37735E-02
2.97519E+03 5.38094E-02
2.97616E+03 5.38635E-02
2.97712E+03 5.39450E-02
2.97808E+03 5.40062E-02
2.97905E+03 5.40872E-02
2.98001E+03 5.42796E-02
2.98098E+03 5.45032E-02
2.98194E+03 5.47604E-02
2.98291E+03 5.50807E-02
2.98387E+03 5.54414E-02
2.98484E+03 5.58480E-02
2.98580E+03 5.62501E-02
2.98676E+03 5.66636E-02
2.98773E+03 5.71258E-02
2.98869E+03 5.75397E-02
2.98966E+03 5.79923E-02
2.99062E+03 5.84973E-02
2.99159E+03 5.89212E-02
2.99255E+03 5.92997E-02
2.99352E+03 5.96588E-02
2.99448E+03 6.00391E-02
2.99544E+03 6.03377E-02
2.99641E+03 6.05834E-02
2.99737E+03 6.08228E-02
2.99834E+03 6.10339E-02
2.99930E+03 6.12229E-02
3.00027E+03 6.13598E-02
3.00123E+03 6.14871E-02
3.00220E+03 6.16163E-02
3.00316E+03 6.17167E-02
3.00412E+03 6.17823E-02
3.00509E+03 6.18261E-02
3.00605E+03 6.18999E-02
3.00702E+03 6.20156E-02
3.00798E+03 6.21550E-02
3.00895E+03 6.23226E-02
3.00991E+03 6.25163E-02
3.01087E+03 6.27106E-02
3.01184E+03 6.29360E-02
3.01280E+03 6.32214E-02
3.01377E+03 6.35265E-02
3.01473E+03 6.38479E-02
3.01570E+03 6.42293E-02
3.01666E+03 6.46246E-02
3.01763E+03 6.50345E-02
3.01859E+03 6.56438E-02
3.01955E+03 6.63719E-02
3.02052E+03 6.70457E-02
3.02148E+03 6.77371E-02
3.02245E+03 6.84719E-02
3.02341E+03 6.92096E-02
3.02438E+03 6.99276E-02
3.02534E+03 7.07156E-02
3.02631E+03 7.16117E-02
3.02727E+03 7.24972E-02
3.02823E+03 7.33466E-02
3.02920E+03 7.42370E-02
3.03016E+03 7.51921E-02
3.03113E+03 7.61644E-02
3.03209E+03 7.71703E-02
3.03306E+03 7.82043E-02
3.03402E+03 7.92475E-02
3.03498E+03 8.02763E-02
3.03595E+03 8.13371E-02
3.03691E+03 8.24623E-02
3.03788E+03 8.35962E-02
3.03884E+03 8.47403E-02
3.03981E+03 8.59189E-02
3.04077E+03 8.71455E-02
3.04174E+03 8.83499E-02
3.04270E+03 8.95257E-02
3.04366E+03 9.07901E-02
3.04463E+03 9.21295E-02
3.04559E+03 9.34252E-02
3.04656E+03 9.47136E-02
3.04752E+03 9.60364E-02
3.04849E+03 9.73909E-02
3.04945E+03 9.88103E-02
3.05042E+03 1.00217E-01
3.05138E+03 1.01644E-01
3.05234E+03 1.03081E-01
3.05331E+03 1.04487E-01
3.05427E+03 1.05987E-01
3.05524E+03 1.07505E-01
3.05620E+03 1.08990E-01
3.05717E+03 1.10428E-01
3.05813E+03 1.11927E-01
3.05909E+03 1.13558E-01
3.06006E+03 1.15173E-01
3.06102E+03 1.16755E-01
3.06199E+03 1.18399E-01
3.06295E+03 1.20128E-01
3.06392E+03 1.21821E-01
3.06488E+03 1.23475E-01
3.06585E+03 1.25187E-01
3.06681E+03 1.26853E-01
3.06777E+03 1.28505E-01
3.06874E+03 1.30279E-01
3.06970E+03 1.32111E-01
3.07067E+03 1.33942E-01
3.07163E+03 1.35735E-01
3.07260E+03 1.37576E-01
3.07356E+03 1.39453E-01
3.07453E+03 1.41326E-01
3.07549E+03 1.43210E-01
3.07645E+03 1.45094E-01
3.07742E+03 1.46987E-01
3.07838E+03 1.48955E-01
3.07935E+03 1.50943E-01
3.08031E+03 1.52924E-01
3.08128E+03 1.54909E-01
3.08224E+03 1.56905E-01
3.08321E+03 1.58916E-01
3.08417E+03 1.60952E-01
3.08513E+03 1.62983E-01
3.08610E+03 1.64940E-01
3.08706E+03 1.67054E-01
3.08803E+03 1.69205E-01
3.08899E+03 1.71303E-01
3.08996E+03 1.73417E-01
3.09092E+03 1.75517E-01
3.09188E+03 1.77660E-01
3.09285E+03 1.79802E-01
3.09381E+03 1.81912E-01
3.09478E+03 1.83963E-01
3.09574E+03 1.86134E-01
3.09671E+03 1.88402E-01
3.09767E+03 1.90565E-01
3.09864E+03 1.92704E-01
3.09960E+03 1.94921E-01
3.10056E+03 1.97233E-01
3.10153E+03 1.99486E-01
3.10249E+03 2.01661E-01
3.10346E+03 2.03813E-01
3.10442E+03 2.05996E-01
3.10539E+03 2.08243E-01
3.10635E+03 2.10552E-01
3.10732E+03 2.12825E-01
3.10828E+03 2.15018E-01
3.10924E+03 2.17255E-01
3.11021E+03 2.19466E-01
3.11117E+03 2.21706E-01
3.11214E+03 2.24019E-01
3.11310E+03 2.26231E-01
3.11407E+03 2.28477E-01
3.11503E+03 2.30798E-01
3.11599E+03 2.33066E-01
3.11696E+03 2.35348E-01
3.11792E+03 2.37643E-01
3.11889E+03 2.39909E-01
3.11985E+03 2.42141E-01
3.12082E+03 2.44408E-01
3.12178E+03 2.46664E-01
3.12275E+03 2.48887E-01
3.12371E+03 2.51181E-01
3.12467E+03 2.53489E-01
3.12564E+03 2.55774E-01
3.12660E+03 2.58085E-01
3.12757E+03 2.60353E-01
3.12853E+03 2.62564E-01
3.12950E+03 2.64804E-01
3.13046E+03 2.67070E-01
3.13143E+03 2.69302E-01
3.13239E+03 2.71560E-01
3.13335E+03 2.73834E-01
3.13432E+03 2.76074E-01
3.13528E+03 2.78314E-01
3.13625E+03 2.80559E-01
3.13721E+03 2.82823E-01
3.13818E+03 2.85069E-01
3.13914E+03 2.87317E-01
3.14010E+03 2.89553E-01
3.14107E+03 2.91727E-01
3.14203E+03 2.93922E-01
3.14300E+03 2.96129E-01
3.14396E+03 2.98364E-01
3.14493E+03 3.00687E-01
3.14589E+03 3.02876E-01
3.14686E+03 3.05029E-01
3.14782E+03 3.07260E-01
3.14878E+03 3.09453E-01
3.14975E+03 3.11654E-01
3.15071E+03 3.13785E-01
3.15168E+03 3.15977E-01
3.15264E+03 3.18174E-01
3.15361E+03 3.20318E-01
3.15457E+03 3.22498E-01
3.15554E+03 3.24655E-01
3.15650E+03 3.26822E-01
3.15746E+03 3.28935E-01
3.15843E+03 3.31000E-01
3.15939E+03 3.33122E-01
3.16036E+03 3.35239E-01
3.16132E+03 3.37302E-01
3.16229E+03 3.39354E-01
3.16325E+03 3.41473E-01
3.16422E+03 3.43570E-01
3.16518E+03 3.45564E-01
3.16614E+03 3.47583E-01
3.16711E+03 3.49659E-01
3.16807E+03 3.51675E-01
3.16904E+03 3.53605E-01
3.17000E+03 3.55594E-01
3.17097E+03 3.57545E-01
3.17193E+03 3.59496E-01
3.17289E+03 3.61518E-01
3.17386E+03 3.63510E-01
3.17482E+03 3.65442E-01
3.17579E+03 3.67317E-01
3.17675E+03 3.69187E-01
3.17772E+03 3.71052E-01
3.17868E+03 3.72951E-01
3.17965E+03 3.74878E-01
3.18061E+03 3.76718E-01
3.18157E+03 3.78538E-01
3.18254E+03 3.80358E-01
3.18350E+03 3.82123E-01
3.18447E+03 3.83970E-01
3.18543E+03 3.85823E-01
3.18640E+03 3.87613E-01
3.18736E+03 3.89360E-01
3.18833E+03 3.91077E-01
3.18929E+03 3.92738E-01
3.19025E+03 3.94380E-01
3.19122E+03 3.96065E-01
3.19218E+03 3.97799E-01
3.19315E+03 3.99458E-01
3.19411E+03 4.01111E-01
3.19508E+03 4.02765E-01
3.19604E+03 4.04389E-01
3.19700E+03 4.06038E-01
3.19797E+03 4.07655E-01
3.19893E+03 4.09255E-01
3.19990E+03 4.10706E-01
3.20086E+03 4.12224E-01
3.20183E+03 4.13782E-01
3.20279E+03 4.15276E-01
3.20376E+03 4.16812E-01
3.20472E+03 4.18253E-01
3.20568E+03 4.19681E-01
3.20665E+03 4.21187E-01
3.20761E+03 4.22628E-01
3.20858E+03 4.24128E-01
3.20954E+03 4.25552E-01
3.21051E+03 4.26928E-01
3.21147E+03 4.28327E-01
3.21244E+03 4.29619E-01
3.21340E+03 4.30945E-01
3.21436E+03 4.32235E-01
3.21533E+03 4.33414E-01
3.21629E+03 4.34606E-01
3.21726E+03 4.35906E-01
3.21822E+03 4.37271E-01
3.21919E+03 4.38482E-01
3.22015E+03 4.39615E-01
3.22111E+03 4.40839E-01
3.22208E+03 4.42085E-01
3.22304E+03 4.43338E-01
3.22401E+03 4.44419E-01
3.22497E+03 4.45449E-01
3.22594E+03 4.46539E-01
3.22690E+03 4.47537E-01
3.22787E+03 4.48579E-01
3.22883E+03 4.49659E-01
3.22979E+03 4.50718E-01
3.23076E+03 4.51678E-01
3.23172E+03 4.52490E-01
3.23269E+03 4.53427E-01
3.23365E+03 4.54428E-01
3.23462E+03 4.55347E-01
3.23558E+03 4.56140E-01
3.23655E+03 4.56931E-01
3.23751E+03 4.57713E-01
3.23847E+03 4.58469E-01
3.23944E+03 4.59307E-01
3.24040E+03 4.60053E-01
3.24137E+03 4.60751E-01
3.24233E+03 4.61525E-01
3.24330E+03 4.62135E-01
3.24426E+03 4.62740E-01
3.24523E+03 4.63445E-01
3.24619E+03 4.63938E-01
3.24715E+03 4.64441E-01
3.24812E+03 4.65016E-01
3.24908E+03 4.65530E-01
3.25005E+03 4.65986E-01
3.25101E+03 4.66428E-01
3.25198E+03 4.66892E-01
3.25294E+03 4.67236E-01
3.25390E+03 4.67587E-01
3.25487E+03 4.67925E-01
3.25583E+03 4.68205E-01
3.25680E+03 4.68488E-01
3.25776E+03 4.68735E-01
3.25873E+03 4.68923E-01
3.25969E+03 4.69031E-01
3.26066E+03 4.69156E-01
3.26162E+03 4.69327E-01
3.26258E+03 4.69397E-01
3.26355E+03 4.69319E-01
3.26451E+03 4.69316E-01
3.26548E+03 4.69278E-01
3.26644E+03 4.69196E-01
3.26741E+03 4.69213E-01
3.26837E+03 4.69149E-01
3.26934E+03 4.68978E-01
3.27030E+03 4.68797E-01
3.27126E+03 4.68529E-01
3.27223E+03 4.68164E-01
3.27319E+03 4.67893E-01
3.27416E+03 4.67634E-01
3.27512E+03 4.67335E-01
3.27609E+03 4.67042E-01
3.27705E+03 4.66627E-01
3.27802E+03 4.66070E-01
3.27898E+03 4.65523E-01
3.27994E+03 4.65061E-01
3.28091E+03 4.64494E-01
3.28187E+03 4.63931E-01
3.28284E+03 4.63425E-01
3.28380E+03 4.62817E-01
3.28477E+03 4.62144E-01
3.28573E+03 4.61434E-01
3.28669E+03 4.60700E-01
3.28766E+03 4.59992E-01
3.28862E+03 4.59175E-01
3.28959E+03 4.58304E-01
3.29055E+03 4.57482E-01
3.29152E+03 4.56656E-01
3.29248E+03 4.55862E-01
3.29345E+03 4.54883E-01
3.29441E+03 4.53913E-01
3.29537E+03 4.53097E-01
3.29634E+03 4.52062E-01
3.29730E+03 4.50986E-01
3.29827E+03 4.49967E-01
3.29923E+03 4.48821E-01
3.30020E+03 4.47809E-01
3.30116E+03 4.46789E-01
3.30213E+03 4.45543E-01
3.30309E+03 4.44328E-01
3.30405E+03 4.43201E-01
3.30502E+03 4.42070E-01
3.30598E+03 4.40951E-01
3.30695E+03 4.39769E-01
3.30791E+03 4.38608E-01
3.30888E+03 4.37304E-01
3.30984E+03 4.35933E-01
3.31080E+03 4.34692E-01
3.31177E+03 4.33395E-01
3.31273E+03 4.32196E-01
3.31370E+03 4.30885E-01
3.31466E+03 4.29490E-01
3.31563E+03 4.28124E-01
3.31659E+03 4.26750E-01
3.31756E+03 4.25409E-01
3.31852E+03 4.23958E-01
3.31948E+03 4.22573E-01
3.32045E+03 4.21244E-01
3.32141E+03 4.19792E-01
3.32238E+03 4.18374E-01
3.32334E+03 4.16985E-01
3.32431E+03 4.15601E-01
3.32527E+03 4.14106E-01
3.32624E+03 4.12580E-01
3.32720E+03 4.11211E-01
3.32816E+03 4.09821E-01
3.32913E+03 4.08366E-01
3.33009E+03 4.06939E-01
3.33106E+03 4.05562E-01
3.33202E+03 4.04055E-01
3.33299E+03 4.02487E-01
3.33395E+03 4.01046E-01
3.33492E+03 3.99618E-01
3.33588E+03 3.98177E-01
3.33684E+03 3.96782E-01
3.33781E+03 3.95350E-01
3.33877E+03 3.93847E-01
3.33974E+03 3.92378E-01
3.34070E+03 3.90919E-01
3.34167E+03 3.89397E-01
3.34263E+03 3.87930E-01
3.34359E+03 3.86512E-01
3.34456E+03 3.85070E-01
3.34552E+03 3.83541E-01
3.34649E+03 3.82013E-01
3.34745E+03 3.80656E-01
3.34842E+03 3.79290E-01
3.34938E+03 3.77808E-01
3.35035E+03 3.76379E-01
3.35131E+03 3.74993E-01
3.35227E+03 3.73409E-01
3.35324E+03 3.71826E-01
3.35420E+03 3.70501E-01
3.35517E+03 3.69076E-01
3.35613E+03 3.67589E-01
3.35710E+03 3.66206E-01
3.35806E+03 3.64757E-01
3.35903E+03 3.63323E-01
3.35999E+03 3.61847E-01
3.36095E+03 3.60418E-01
3.36192E+03 3.59002E-01
3.36288E+03 3.57501E-01
3.36385E+03 3.56100E-01
3.36481E+03 3.54758E-01
3.36578E+03 3.53336E-01
3.36674E+03 3.51884E-01
3.36770E+03 3.50397E-01
3.36867E+03 3.48935E-01
3.36963E+03 3.47497E-01
3.37060E+03 3.46004E-01
3.37156E+03 3.44572E-01
3.37253E+03 3.43083E-01
3.37349E+03 3.41555E-01
3.37446E+03 3.40004E-01
3.37542E+03 3.38459E-01
3.37638E+03 3.37028E-01
3.37735E+03 3.35601E-01
3.37831E+03 3.34090E-01
3.37928E+03 3.32552E-01
3.38024E+03 3.31060E-01
3.38121E+03 3.29526E-01
3.38217E+03 3.28023E-01
3.38314E+03 3.26527E-01
3.38410E+03 3.24946E-01
3.38506E+03 3.23359E-01
3.38603E+03 3.21824E-01
3.38699E+03 3.20323E-01
3.38796E+03 3.18683E-01
3.38892E+03 3.17011E-01
3.38989E+03 3.15489E-01
3.39085E+03 3.13921E-01
3.39181E+03 3.12292E-01
3.39278E+03 3.10653E-01
3.39374E+03 3.08962E-01
3.39471E+03 3.07304E-01
3.39567E+03 3.05623E-01
3.39664E+03 3.03975E-01
3.39760E+03 3.02403E-01
3.39857E+03 3.00705E-01
3.39953E+03 2.98906E-01
3.40049E+03 2.97163E-01
3.40146E+03 2.95467E-01
3.40242E+03 2.93773E-01
3.40339E+03 2.91982E-01
3.40435E+03 2.90282E-01
3.40532E+03 2.88567E-01
3.40628E+03 2.86745E-01
3.40725E+03 2.84916E-01
3.40821E+03 2.83089E-01
3.40917E+03 2.81377E-01
3.41014E+03 2.79582E-01
3.41110E+03 2.77679E-01
3.41207E+03 2.75935E-01
3.41303E+03 2.73889E-01
3.41400E+03 2.71550E-01
3.41496E+03 2.69838E-01
3.41593E+03 2.68306E-01
3.41689E+03 2.66512E-01
3.41785E+03 2.64609E-01
3.41882E+03 2.62639E-01
3.41978E+03 2.60726E-01
3.42075E+03 2.58775E-01
3.42171E+03 2.56811E-01
3.42268E+03 2.54906E-01
3.42364E+03 2.52959E-01
3.42460E+03 2.50978E-01
3.42557E+03 2.49068E-01
3.42653E+03 2.47065E-01
3.42750E+03 2.45026E-01
3.42846E+03 2.42998E-01
3.42943E+03 2.41002E-01
3.43039E+03 2.39054E-01
3.43136E+03 2.37069E-01
3.43232E+03 2.35079E-01
3.43328E+03 2.33098E-01
3.43425E+03 2.31112E-01
3.43521E+03 2.29097E-01
3.43618E+03 2.27100E-01
3.43714E+03 2.25072E-01
3.43811E+03 2.23048E-01
3.43907E+03 2.21130E-01
3.44004E+03 2.19189E-01
3.44100E+03 2.17162E-01
3.44196E+03 2.15117E-01
3.44293E+03 2.13057E-01
3.44389E+03 2.11014E-01
3.44486E+03 2.09016E-01
3.44582E+03 2.06950E-01
3.44679E+03 2.04932E-01
3.44775E+03 2.03019E-01
3.44871E+03 2.00934E-01
3.44968E+03 1.98816E-01
3.45064E+03 1.96839E-01
3.45161E+03 1.94908E-01
3.45257E+03 1.92943E-01
3.45354E+03 1.90952E-01
3.45450E+03 1.88926E-01
3.45547E+03 1.86910E-01
3.45643E+03 1.84984E-01
3.45739E+03 1.83031E-01
3.45836E+03 1.81087E-01
3.45932E+03 1.79125E-01
3.46029E+03 1.77059E-01
3.46125E+03 1.75035E-01
3.46222E+03 1.73084E-01
3.46318E+03 1.71123E-01
3.46415E+03 1.69161E-01
3.46511E+03 1.67146E-01
3.46607E+03 1.65197E-01
3.46704E+03 1.63230E-01
3.46800E+03 1.61201E-01
3.46897E+03 1.59289E-01
3.46993E+03 1.57401E-01
3.47090E+03 1.55451E-01
3.47186E+03 1.53462E-01
3.47282E+03 1.51547E-01
3.47379E+03 1.49613E-01
3.47475E+03 1.47688E-01
3.47572E+03 1.45783E-01
3.47668E+03 1.43847E-01
3.47765E+03 1.41941E-01
3.47861E+03 1.40032E-01
3.47958E+03 1.38137E-01
3.48054E+03 1.36226E-01
3.48150E+03 1.34346E-01
3.48247E+03 1.32436E-01
3.48343E+03 1.30508E-01
3.48440E+03 1.28601E-01
3.48536E+03 1.26721E-01
3.48633E+03 1.24873E-01
3.48729E+03 1.23010E-01
3.48826E+03 1.21228E-01
3.48922E+03 1.19429E-01
3.49018E+03 1.17525E-01
3.49115E+03 1.15625E-01
3.49211E+03 1.13773E-01
3.49308E+03 1.11934E-01
3.49404E+03 1.10086E-01
3.49501E+03 1.08185E-01
3.49597E+03 1.06387E-01
3.49694E+03 1.04718E-01
3.49790E+03 1.02966E-01
3.49886E+03 1.01171E-01
3.49983E+03 9.93367E-02
3.50079E+03 9.75865E-02
3.50176E+03 9.59124E-02
3.50272E+03 9.41834E-02
3.50369E+03 9.24254E-02
3.50465E+03 9.06625E-02
3.50561E+03 8.89627E-02
3.50658E+03 8.73169E-02
3.50754E+03 8.56503E-02
3.50851E+03 8.39651E-02
3.50947E+03 8.23156E-02
3.51044E+03 8.06953E-02
3.51140E+03 7.91649E-02
3.51237E+03 7.76266E-02
3.51333E+03 7.60454E-02
3.51429E+03 7.44897E-02
3.51526E+03 7.29557E-02
3.51622E+03 7.14422E-02
3.51719E+03 6.99675E-02
3.51815E+03 6.85385E-02
3.51912E+03 6.71388E-02
3.52008E+03 6.57726E-02
3.52105E+03 6.43833E-02
3.52201E+03 6.29766E-02
3.52297E+03 6.15514E-02
3.52394E+03 6.02717E-02
3.52490E+03 5.90943E-02
3.52587E+03 5.78631E-02
3.52683E+03 5.66729E-02
3.52780E+03 5.54785E-02
3.52876E+03 5.42986E-02
3.52972E+03 5.31763E-02
3.53069E+03 5.21230E-02
3.53165E+03 5.10341E-02
3.53262E+03 4.99168E-02
3.53358E+03 4.88408E-02
3.53455E+03 4.78014E-02
3.53551E+03 4.68204E-02
3.53648E+03 4.58389E-02
3.53744E+03 4.49019E-02
3.53840E+03 4.40138E-02
3.53937E+03 4.31425E-02
3.54033E+03 4.22150E-02
3.54130E+03 4.13116E-02
3.54226E+03 4.05372E-02
3.54323E+03 3.97487E-02
3.54419E+03 3.89453E-02
3.54516E+03 3.81875E-02
3.54612E+03 3.74298E-02
3.54708E+03 3.66883E-02
3.54805E+03 3.59627E-02
3.54901E+03 3.52485E-02
3.54998E+03 3.46043E-02
3.55094E+03 3.39550E-02
3.55191E+03 3.33132E-02
3.55287E+03 3.27317E-02
3.55383E+03 3.20959E-02
3.55480E+03 3.14982E-02
3.55576E+03 3.09380E-02
3.55673E+03 3.03862E-02
3.55769E+03 2.98692E-02
3.55866E+03 2.93328E-02
3.55962E+03 2.88105E-02
3.56059E+03 2.83255E-02
3.56155E+03 2.78609E-02
3.56251E+03 2.73965E-02
3.56348E+03 2.69010E-02
3.56444E+03 2.64111E-02
3.56541E+03 2.59564E-02
3.56637E+03 2.55878E-02
3.56734E+03 2.52330E-02
3.56830E+03 2.48174E-02
3.56927E+03 2.44287E-02
3.57023E+03 2.41047E-02
3.57119E+03 2.37808E-02
3.57216E+03 2.34339E-02
3.57312E+03 2.31160E-02
3.57409E+03 2.28183E-02
3.57505E+03 2.25811E-02
3.57602E+03 2.23463E-02
3.57698E+03 2.21062E-02
3.57795E+03 2.19487E-02
3.57891E+03 2.18525E-02
3.57987E+03 2.17934E-02
3.58084E+03 2.17762E-02
3.58180E+03 2.18072E-02
3.58277E+03 2.19155E-02
3.58373E+03 2.20487E-02
3.58470E+03 2.21379E-02
3.58566E+03 2.22712E-02
3.58662E+03 2.24502E-02
3.58759E+03 2.25682E-02
3.58855E+03 2.26756E-02
3.58952E+03 2.27364E-02
3.59048E+03 2.27007E-02
3.59145E+03 2.26740E-02
3.59241E+03 2.26770E-02
3.59338E+03 2.26978E-02
3.59434E+03 2.27411E-02
3.59530E+03 2.27943E-02
3.59627E+03 2.27984E-02
3.59723E+03 2.28635E-02
3.59820E+03 2.31115E-02
3.59916E+03 2.45253E-02
3.60013E+03 2.66856E-02
3.60109E+03 2.50266E-02
3.60206E+03 2.04477E-02
3.60302E+03 1.75298E-02
3.60398E+03 1.61532E-02
3.60495E+03 1.54296E-02
3.60591E+03 1.50039E-02
3.60688E+03 1.46740E-02
3.60784E+03 1.44254E-02
3.60881E+03 1.42614E-02
3.60977E+03 1.41244E-02
3.61074E+03 1.39280E-02
3.61170E+03 1.37455E-02
3.61266E+03 1.35960E-02
3.61363E+03 1.34397E-02
3.61459E+03 1.33028E-02
3.61556E+03 1.31300E-02
3.61652E+03 1.29224E-02
3.61749E+03 1.27868E-02
3.61845E+03 1.26634E-02
3.61941E+03 1.25217E-02
3.62038E+03 1.24075E-02
3.62134E+03 1.22492E-02
3.62231E+03 1.20874E-02
3.62327E+03 1.19546E-02
3.62424E+03 1.18191E-02
3.62520E+03 1.16834E-02
3.62617E+03 1.15686E-02
3.62713E+03 1.14930E-02
3.62809E+03 1.14398E-02
3.62906E+03 1.13859E-02
3.63002E+03 1.12744E-02
3.63099E+03 1.11099E-02
3.63195E+03 1.10033E-02
3.63292E+03 1.09472E-02
3.63388E+03 1.08281E-02
3.63485E+03 1.06216E-02
3.63581E+03 1.04866E-02
3.63677E+03 1.04022E-02
3.63774E+03 1.02864E-02
3.63870E+03 1.02134E-02
3.63967E+03 1.01414E-02
3.64063E+03 1.01100E-02
3.64160E+03 1.00932E-02
3.64256E+03 1.00387E-02
3.64352E+03 1.00359E-02
3.64449E+03 1.00847E-02
3.64545E+03 1.01073E-02
3.64642E+03 1.01529E-02
3.64738E+03 1.02418E-02
3.64835E+03 1.02949E-02
3.64931E+03 1.03506E-02
3.65028E+03 1.03890E-02
3.65124E+03 1.03784E-02
3.65220E+03 1.03554E-02
3.65317E+03 1.03278E-02
3.65413E+03 1.03426E-02
3.65510E+03 1.03214E-02
3.65606E+03 1.02787E-02
3.65703E+03 1.02063E-02
3.65799E+03 1.00383E-02
3.65896E+03 9.85921E-03
3.65992E+03 9.75831E-03
3.66088E+03 9.68638E-03
3.66185E+03 9.54440E-03
3.66281E+03 9.41607E-03
3.66378E+03 9.25107E-03
3.66474E+03 9.05488E-03
3.66571E+03 8.91420E-03
3.66667E+03 8.77762E-03
3.66764E+03 8.65067E-03
3.66860E+03 8.56296E-03
3.66956E+03 8.44537E-03
3.67053E+03 8.35223E-03
3.67149E+03 8.27711E-03
3.67246E+03 8.11201E-03
3.67342E+03 7.96858E-03
3.67439E+03 7.90303E-03
3.67535E+03 7.92965E-03
3.67631E+03 7.94828E-03
3.67728E+03 7.89119E-03
3.67824E+03 7.84771E-03
3.67921E+03 7.82536E-03
3.68017E+03 7.85477E-03
3.68114E+03 7.89316E-03
3.68210E+03 7.91212E-03
3.68307E+03 8.02564E-03
3.68403E+03 8.25681E-03
3.68499E+03 8.46997E-03
3.68596E+03 8.71467E-03
3.68692E+03 9.06565E-03
3.68789E+03 9.48823E-03
3.68885E+03 1.00480E-02
3.68982E+03 1.07455E-02
3.69078E+03 1.16320E-02
3.69175E+03 1.27404E-02
3.69271E+03 1.40740E-02
3.69367E+03 1.56573E-02
3.69464E+03 1.73725E-02
3.69560E+03 1.92742E-02
3.69657E+03 2.12842E-02
3.69753E+03 2.31564E-02
3.69850E+03 2.48390E-02
3.69946E+03 2.61589E-02
3.70042E+03 2.69659E-02
3.70139E+03 2.72557E-02
3.70235E+03 2.69982E-02
3.70332E+03 2.62963E-02
3.70428E+03 2.54121E-02
3.70525E+03 2.47838E-02
3.70621E+03 2.50155E-02
3.70718E+03 2.73027E-02
3.70814E+03 3.00329E-02
3.70910E+03 2.70293E-02
3.71007E+03 1.94220E-02
3.71103E+03 1.37855E-02
3.71200E+03 1.10017E-02
3.71296E+03 9.57596E-03
3.71393E+03 8.84203E-03
3.71489E+03 8.54913E-03
3.71586E+03 8.35382E-03
3.71682E+03 8.18739E-03
3.71778E+03 8.11617E-03
3.71875E+03 8.07440E-03
3.71971E+03 7.98985E-03
3.72068E+03 7.88821E-03
3.72164E+03 7.85267E-03
3.72261E+03 7.81113E-03
3.72357E+03 7.70929E-03
3.72453E+03 7.63153E-03
3.72550E+03 7.57950E-03
3.72646E+03 7.52251E-03
3.72743E+03 7.43853E-03
3.72839E+03 7.31842E-03
3.72936E+03 7.24650E-03
3.73032E+03 7.18996E-03
3.73129E+03 7.10570E-03
3.73225E+03 7.05554E-03
3.73321E+03 6.99275E-03
3.73418E+03 6.88299E-03
3.73514E+03 6.80092E-03
3.73611E+03 6.76540E-03
3.73707E+03 6.72318E-03
3.73804E+03 6.70210E-03
3.73900E+03 6.63829E-03
3.73997E+03 6.53477E-03
3.74093E+03 6.48726E-03
3.74189E+03 6.45192E-03
3.74286E+03 6.39489E-03
3.74382E+03 6.42230E-03
3.74479E+03 6.53732E-03
3.74575E+03 6.44479E-03
3.74672E+03 6.28981E-03
3.74768E+03 6.21690E-03
3.74865E+03 6.19094E-03
3.74961E+03 6.24029E-03
3.75057E+03 6.17211E-03
3.75154E+03 6.12859E-03
3.75250E+03 6.16828E-03
3.75347E+03 6.08373E-03
3.75443E+03 6.05116E-03
3.75540E+03 6.06973E-03
3.75636E+03 6.07527E-03
3.75732E+03 6.05528E-03
3.75829E+03 5.99328E-03
3.75925E+03 5.99535E-03
3.76022E+03 5.95725E-03
3.76118E+03 5.92684E-03
3.76215E+03 5.96943E-03
3.76311E+03 5.95554E-03
3.76408E+03 5.89973E-03
3.76504E+03 5.92804E-03
3.76600E+03 5.98239E-03
3.76697E+03 5.96314E-03
3.76793E+03 5.95827E-03
3.76890E+03 5.95906E-03
3.76986E+03 6.01391E-03
3.77083E+03 6.05504E-03
3.77179E+03 6.02514E-03
3.77276E+03 5.99493E-03
3.77372E+03 5.92590E-03
3.77468E+03 5.95016E-03
3.77565E+03 5.99706E-03
3.77661E+03 6.00646E-03
3.77758E+03 6.04354E-03
3.77854E+03 6.06452E-03
3.77951E+03 6.10598E-03
3.78047E+03 6.07147E-03
3.78143E+03 6.01104E-03
3.78240E+03 6.06110E-03
3.78336E+03 6.13629E-03
3.78433E+03 6.10038E-03
3.78529E+03 6.08322E-03
3.78626E+03 6.09130E-03
3.78722E+03 6.04453E-03
3.78819E+03 6.07257E-03
3.78915E+03 6.13883E-03
3.79011E+03 6.15602E-03
3.79108E+03 6.14906E-03
3.79204E+03 6.14902E-03
3.79301E+03 6.15747E-03
3.79397E+03 6.18429E-03
3.79494E+03 6.18771E-03
3.79590E+03 6.23221E-03
3.79687E+03 6.26612E-03
3.79783E+03 6.22025E-03
3.79879E+03 6.18708E-03
3.79976E+03 6.20754E-03
3.80072E+03 6.23116E-03
3.80169E+03 6.32770E-03
3.80265E+03 6.33244E-03
3.80362E+03 6.24041E-03
3.80458E+03 6.23687E-03
3.80554E+03 6.20184E-03
3.80651E+03 6.22651E-03
3.80747E+03 6.30056E-03
3.80844E+03 6.29618E-03
3.80940E+03 6.29153E-03
3.81037E+03 6.29891E-03
3.81133E+03 6.31452E-03
3.81230E+03 6.29305E-03
3.81326E+03 6.29770E-03
3.81422E+03 6.33046E-03
3.81519E+03 6.33351E-03
3.81615E+03 6.41204E-03
3.81712E+03 6.43001E-03
3.81808E+03 6.38621E-03
3.81905E+03 6.45213E-03
3.82001E+03 6.53310E-03
3.82098E+03 6.52095E-03
3.82194E+03 6.47377E-03
3.82290E+03 6.44980E-03
3.82387E+03 6.44405E-03
3.82483E+03 6.43907E-03
3.82580E+03 6.46333E-03
3.82676E+03 6.53094E-03
3.82773E+03 6.56783E-03
3.82869E+03 6.55140E-03
3.82966E+03 6.54514E-03
3.83062E+03 6.53849E-03
3.83158E+03 6.57722E-03
3.83255E+03 6.64634E-03
3.83351E+03 6.61294E-03
3.83448E+03 6.68267E-03
3.83544E+03 6.73868E-03
3.83641E+03 6.62471E-03
3.83737E+03 6.62516E-03
3.83833E+03 6.68631E-03
3.83930E+03 6.71887E-03
3.84026E+03 6.74551E-03
3.84123E+03 6.76955E-03
3.84219E+03 6.75946E-03
3.84316E+03 6.78996E-03
3.84412E+03 6.87769E-03
3.84509E+03 6.88709E-03
3.84605E+03 6.87727E-03
3.84701E+03 6.85997E-03
3.84798E+03 6.88469E-03
3.84894E+03 6.91626E-03
3.84991E+03 6.91308E-03
3.85087E+03 6.92911E-03
3.85184E+03 6.96919E-03
3.85280E+03 6.99320E-03
3.85377E+03 7.06298E-03
3.85473E+03 7.10200E-03
3.85569E+03 6.99130E-03
3.85666E+03 6.96278E-03
3.85762E+03 6.99223E-03
3.85859E+03 6.99219E-03
3.85955E+03 7.01325E-03
3.86052E+03 7.04583E-03
3.86148E+03 7.12808E-03
3.86244E+03 7.16596E-03
3.86341E+03 7.12617E-03
3.86437E+03 7.14943E-03
3.86534E+03 7.16143E-03
3.86630E+03 7.13462E-03
3.86727E+03 7.11799E-03
3.86823E+03 7.08613E-03
3.86920E+03 7.12832E-03
3.87016E+03 7.21541E-03
3.87112E+03 7.18705E-03
3.87209E+03 7.17244E-03
3.87305E+03 7.18972E-03
3.87402E+03 7.22455E-03
3.87498E+03 7.25289E-03
3.87595E+03 7.20512E-03
3.87691E+03 7.19287E-03
3.87788E+03 7.18889E-03
3.87884E+03 7.21104E-03
3.87980E+03 7.25066E-03
3.88077E+03 7.26813E-03
3.88173E+03 7.29669E-03
3.88270E+03 7.27783E-03
3.88366E+03 7.29401E-03
3.88463E+03 7.30013E-03
3.88559E+03 7.33591E-03
3.88655E+03 7.33833E-03
3.88752E+03 7.30276E-03
3.88848E+03 7.35031E-03
3.88945E+03 7.32815E-03
3.89041E+03 7.28968E-03
3.89138E+03 7.35358E-03
3.89234E+03 7.39716E-03
3.89331E+03 7.44788E-03
3.89427E+03 7.48334E-03
3.89523E+03 7.47342E-03
3.89620E+03 7.48739E-03
3.89716E+03 7.48532E-03
3.89813E+03 7.48825E-03
3.89909E+03 7.43622E-03
3.90006E+03 7.45394E-03
3.90102E+03 7.50573E-03
3.90199E+03 7.57158E-03
3.90295E+03 7.61952E-03
3.90391E+03 7.64840E-03
3.90488E+03 7.67191E-03
3.90584E+03 7.67149E-03
3.90681E+03 7.70499E-03
3.90777E+03 7.73294E-03
3.90874E+03 7.69999E-03
3.90970E+03 7.67840E-03
3.91067E+03 7.69292E-03
3.91163E+03 7.63861E-03
3.91259E+03 7.65617E-03
3.91356E+03 7.73899E-03
3.91452E+03 7.71954E-03
3.91549E+03 7.72733E-03
3.91645E+03 7.76084E-03
3.91742E+03 7.73347E-03
3.91838E+03 7.78006E-03
3.91934E+03 7.87435E-03
3.92031E+03 7.89436E-03
3.92127E+03 7.90871E-03
3.92224E+03 7.90114E-03
3.92320E+03 7.91158E-03
3.92417E+03 7.95266E-03
3.92513E+03 7.92225E-03
3.92610E+03 7.93654E-03
3.92706E+03 7.97503E-03
3.92802E+03 7.99174E-03
3.92899E+03 7.99187E-03
3.92995E+03 8.00003E-03
3.93092E+03 8.03100E-03
3.93188E+03 8.06673E-03
3.93285E+03 8.09911E-03
3.93381E+03 8.13582E-03
3.93478E+03 8.15797E-03
3.93574E+03 8.13310E-03
3.93670E+03 8.15270E-03
3.93767E+03 8.20258E-03
3.93863E+03 8.23880E-03
3.93960E+03 8.27192E-03
3.94056E+03 8.26252E-03
3.94153E+03 8.26281E-03
3.94249E+03 8.34217E-03
3.94346E+03 8.30146E-03
3.94442E+03 8.20001E-03
3.94538E+03 8.28383E-03
3.94635E+03 8.35391E-03
3.94731E+03 8.30832E-03
3.94828E+03 8.31708E-03
3.94924E+03 8.39043E-03
3.95021E+03 8.42731E-03
3.95117E+03 8.37925E-03
3.95213E+03 8.40831E-03
3.95310E+03 8.51493E-03
3.95406E+03 8.49260E-03
3.95503E+03 8.50032E-03
3.95599E+03 8.51817E-03
3.95696E+03 8.53088E-03
3.95792E+03 8.56179E-03
3.95889E+03 8.56051E-03
3.95985E+03 8.58860E-03
3.96081E+03 8.61326E-03
3.96178E+03 8.65046E-03
3.96274E+03 8.62831E-03
3.96371E+03 8.59389E-03
3.96467E+03 8.64331E-03
3.96564E+03 8.66920E-03
3.96660E+03 8.69538E-03
3.96757E+03 8.72831E-03
3.96853E+03 8.75098E-03
3.96949E+03 8.80193E-03
3.97046E+03 8.81460E-03
3.97142E+03 8.83643E-03
3.97239E+03 8.82771E-03
3.97335E+03 8.80892E-03
3.97432E+03 8.82583E-03
3.97528E+03 8.84854E-03
3.97624E+03 8.86815E-03
3.97721E+03 8.85232E-03
3.97817E+03 8.91621E-03
3.97914E+03 9.04042E-03
3.98010E+03 9.04732E-03
3.98107E+03 9.08233E-03
3.98203E+03 9.09944E-03
3.98300E+03 9.03725E-03
3.98396E+03 9.00883E-03
3.98492E+03 9.04308E-03
3.98589E+03 9.11461E-03
3.98685E+03 9.07283E-03
3.98782E+03 9.02899E-03
3.98878E+03 8.98970E-03
3.98975E+03 9.02998E-03
3.99071E+03 9.11015E-03
3.99168E+03 9.14265E-03
3.99264E+03 9.19126E-03
3.99360E+03 9.20302E-03
3.99457E+03 9.17424E-03
3.99553E+03 9.14383E-03
3.99650E+03 9.15694E-03
3.99746E+03 9.17317E-03
3.99843E+03 9.20132E-03
3.99939E+03 9.18583E-03
4.00035E+03 9.21776E-03
4.00132E+03 9.22756E-03
