# {"full": "H2O:CH3OH:CO2 (0.9:0.3:1)", "name": "H2O:CH3OH:CO2", "ratio": "(0.9:0.3:1)", "url": "https://icedb.strw.leidenuniv.nl/data/51", "author": "Ehrenfreund et al."}
3.99264E+02 -1.01914E-02
4.00228E+02 1.07019E-02
4.01193E+02 9.82734E-03
4.02157E+02 -7.79688E-04
4.03122E+02 -2.06129E-03
4.04086E+02 -2.37730E-03
4.05050E+02 -3.20185E-03
4.06015E+02 -1.23946E-03
4.06979E+02 1.98482E-03
4.07944E+02 -6.39308E-04
4.08908E+02 -3.62527E-03
4.09872E+02 -5.61327E-03
4.10837E+02 -4.75612E-03
4.11801E+02 -2.72010E-03
4.12766E+02 -2.93595E-03
4.13730E+02 -3.09335E-03
4.14694E+02 -2.48029E-03
4.15659E+02 -2.75081E-03
4.16623E+02 -2.46238E-03
4.17588E+02 -1.95476E-03
4.18552E+02 -2.58012E-03
4.19516E+02 -1.02877E-03
4.20481E+02 -4.58753E-03
4.21445E+02 -1.06476E-02
4.22410E+02 -7.09261E-03
4.23374E+02 -3.75391E-03
4.24339E+02 -3.35910E-03
4.25303E+02 -2.00812E-03
4.26267E+02 -9.47699E-04
4.27232E+02 -1.28306E-03
4.28196E+02 -2.51099E-03
4.29161E+02 -2.44385E-03
4.30125E+02 -1.83737E-03
4.31089E+02 -1.25114E-03
4.32054E+02 -1.66505E-03
4.33018E+02 -3.31215E-03
4.33983E+02 -3.07922E-03
4.34947E+02 -2.37938E-03
4.35911E+02 -7.23220E-04
4.36876E+02 -2.44938E-04
4.37840E+02 -8.58385E-04
4.38805E+02 -6.56553E-04
4.39769E+02 -9.85339E-05
4.40733E+02 -9.67048E-05
4.41698E+02 5.82903E-03
4.42662E+02 6.42581E-03
4.43627E+02 -1.06794E-03
4.44591E+02 -2.16138E-03
4.45555E+02 -1.96318E-03
4.46520E+02 -1.65156E-03
4.47484E+02 -1.58768E-03
4.48449E+02 -1.33030E-03
4.49413E+02 -1.24715E-03
4.50377E+02 -1.23111E-03
4.51342E+02 -5.87828E-04
4.52306E+02 -5.76004E-04
4.53271E+02 -3.82643E-04
4.54235E+02 5.33536E-04
4.55199E+02 2.81798E-03
4.56164E+02 1.12991E-03
4.57128E+02 -2.86055E-03
4.58093E+02 -2.72001E-03
4.59057E+02 -2.11997E-03
4.60022E+02 -1.80347E-03
4.60986E+02 -1.15981E-03
4.61950E+02 -7.69116E-04
4.62915E+02 -1.11585E-03
4.63879E+02 -1.55975E-03
4.64844E+02 -1.50215E-03
4.65808E+02 -1.33057E-03
4.66772E+02 -1.05527E-03
4.67737E+02 -9.44059E-04
4.68701E+02 -8.47340E-04
4.69666E+02 -9.38635E-04
4.70630E+02 -8.62733E-04
4.71594E+02 -9.05294E-04
4.72559E+02 -9.82530E-04
4.73523E+02 -1.38839E-03
4.74488E+02 -1.50044E-03
4.75452E+02 -2.18477E-03
4.76416E+02 -2.15315E-03
4.77381E+02 3.04339E-03
4.78345E+02 4.13907E-03
4.79310E+02 1.83594E-03
4.80274E+02 1.75622E-03
4.81238E+02 1.67396E-03
4.82203E+02 1.70723E-03
4.83167E+02 1.75188E-03
4.84132E+02 1.42275E-03
4.85096E+02 1.08468E-03
4.86060E+02 1.61989E-03
4.87025E+02 1.71109E-03
4.87989E+02 1.56428E-03
4.88954E+02 1.80594E-03
4.89918E+02 2.14701E-03
4.90883E+02 2.57494E-03
4.91847E+02 3.14052E-03
4.92811E+02 3.21855E-03
4.93776E+02 3.30302E-03
4.94740E+02 3.47167E-03
4.95705E+02 3.76186E-03
4.96669E+02 4.04907E-03
4.97633E+02 4.57152E-03
4.98598E+02 4.62082E-03
4.99562E+02 4.36746E-03
5.00527E+02 4.70423E-03
5.01491E+02 4.99430E-03
5.02455E+02 5.23087E-03
5.03420E+02 5.41880E-03
5.04384E+02 5.65304E-03
5.05349E+02 6.07695E-03
5.06313E+02 6.33619E-03
5.07277E+02 6.47788E-03
5.08242E+02 6.83409E-03
5.09206E+02 7.11942E-03
5.10171E+02 7.31136E-03
5.11135E+02 7.57149E-03
5.12099E+02 6.69160E-03
5.13064E+02 6.45702E-03
5.14028E+02 7.44315E-03
5.14993E+02 7.90924E-03
5.15957E+02 8.12742E-03
5.16921E+02 8.27126E-03
5.17886E+02 8.55503E-03
5.18850E+02 8.58922E-03
5.19815E+02 8.83752E-03
5.20779E+02 9.29062E-03
5.21743E+02 9.54426E-03
5.22708E+02 9.83329E-03
5.23672E+02 9.99911E-03
5.24637E+02 1.01005E-02
5.25601E+02 1.02281E-02
5.26565E+02 1.03439E-02
5.27530E+02 1.05756E-02
5.28494E+02 1.08325E-02
5.29459E+02 1.10306E-02
5.30423E+02 1.11448E-02
5.31388E+02 1.12178E-02
5.32352E+02 1.13729E-02
5.33316E+02 1.22861E-02
5.34281E+02 1.27499E-02
5.35245E+02 1.23363E-02
5.36210E+02 1.23492E-02
5.37174E+02 1.26615E-02
5.38138E+02 1.28883E-02
5.39103E+02 1.30533E-02
5.40067E+02 1.32675E-02
5.41032E+02 1.34751E-02
5.41996E+02 1.36115E-02
5.42960E+02 1.37150E-02
5.43925E+02 1.38655E-02
5.44889E+02 1.40771E-02
5.45854E+02 1.42688E-02
5.46818E+02 1.44503E-02
5.47782E+02 1.47680E-02
5.48747E+02 1.49131E-02
5.49711E+02 1.49742E-02
5.50676E+02 1.52330E-02
5.51640E+02 1.54583E-02
5.52604E+02 1.56072E-02
5.53569E+02 1.56595E-02
5.54533E+02 1.56449E-02
5.55498E+02 1.59997E-02
5.56462E+02 1.63472E-02
5.57427E+02 1.66306E-02
5.58391E+02 1.68796E-02
5.59355E+02 1.70782E-02
5.60320E+02 1.73128E-02
5.61284E+02 1.75833E-02
5.62249E+02 1.77880E-02
5.63213E+02 1.78624E-02
5.64177E+02 1.81450E-02
5.65142E+02 1.83790E-02
5.66106E+02 1.86482E-02
5.67071E+02 1.89882E-02
5.68035E+02 1.91237E-02
5.68999E+02 1.91532E-02
5.69964E+02 1.94145E-02
5.70928E+02 1.97811E-02
5.71893E+02 2.01149E-02
5.72857E+02 2.03628E-02
5.73821E+02 2.05924E-02
5.74786E+02 2.08257E-02
5.75750E+02 2.07665E-02
5.76715E+02 2.10315E-02
5.77679E+02 2.15160E-02
5.78643E+02 2.18421E-02
5.79608E+02 2.21310E-02
5.80572E+02 2.24288E-02
5.81537E+02 2.27612E-02
5.82501E+02 2.29947E-02
5.83465E+02 2.32612E-02
5.84430E+02 2.36629E-02
5.85394E+02 2.40263E-02
5.86359E+02 2.43190E-02
5.87323E+02 2.46078E-02
5.88287E+02 2.48073E-02
5.89252E+02 2.51832E-02
5.90216E+02 2.56687E-02
5.91181E+02 2.60503E-02
5.92145E+02 2.65105E-02
5.93109E+02 2.68888E-02
5.94074E+02 2.72799E-02
5.95038E+02 2.77519E-02
5.96003E+02 2.81966E-02
5.96967E+02 2.85886E-02
5.97932E+02 2.90131E-02
5.98896E+02 2.95102E-02
5.99860E+02 3.00295E-02
6.00825E+02 3.04318E-02
6.01789E+02 3.08719E-02
6.02754E+02 3.14710E-02
6.03718E+02 3.19841E-02
6.04682E+02 3.25450E-02
6.05647E+02 3.31502E-02
6.06611E+02 3.37700E-02
6.07576E+02 3.43782E-02
6.08540E+02 3.50666E-02
6.09504E+02 3.56629E-02
6.10469E+02 3.59965E-02
6.11433E+02 3.67745E-02
6.12398E+02 3.76381E-02
6.13362E+02 3.84668E-02
6.14326E+02 3.94066E-02
6.15291E+02 4.01878E-02
6.16255E+02 4.10871E-02
6.17220E+02 4.20818E-02
6.18184E+02 4.31029E-02
6.19148E+02 4.41783E-02
6.20113E+02 4.53243E-02
6.21077E+02 4.65877E-02
6.22042E+02 4.78682E-02
6.23006E+02 4.91930E-02
6.23971E+02 5.07333E-02
6.24935E+02 5.23080E-02
6.25899E+02 5.39022E-02
6.26864E+02 5.57067E-02
6.27828E+02 5.76541E-02
6.28793E+02 5.98209E-02
6.29757E+02 6.20986E-02
6.30721E+02 6.47774E-02
6.31686E+02 6.76507E-02
6.32650E+02 7.02752E-02
6.33615E+02 7.33229E-02
6.34579E+02 7.69975E-02
6.35543E+02 8.12663E-02
6.36508E+02 8.61885E-02
6.37472E+02 9.21310E-02
6.38437E+02 9.90562E-02
6.39401E+02 1.05356E-01
6.40365E+02 1.11568E-01
6.41330E+02 1.19231E-01
6.42294E+02 1.27959E-01
6.43259E+02 1.37333E-01
6.44223E+02 1.47444E-01
6.45187E+02 1.58198E-01
6.46152E+02 1.68991E-01
6.47116E+02 1.79544E-01
6.48081E+02 1.90007E-01
6.49045E+02 2.00282E-01
6.50009E+02 2.11015E-01
6.50974E+02 2.23360E-01
6.51938E+02 2.39994E-01
6.52903E+02 2.63862E-01
6.53867E+02 2.98015E-01
6.54831E+02 3.29476E-01
6.55796E+02 3.27785E-01
6.56760E+02 3.09148E-01
6.57725E+02 2.98779E-01
6.58689E+02 2.98582E-01
6.59654E+02 3.03477E-01
6.60618E+02 2.91197E-01
6.61582E+02 2.64814E-01
6.62547E+02 2.39447E-01
6.63511E+02 2.16147E-01
6.64476E+02 1.94920E-01
6.65440E+02 1.75842E-01
6.66404E+02 1.57773E-01
6.67369E+02 1.41260E-01
6.68333E+02 1.27126E-01
6.69298E+02 1.13804E-01
6.70262E+02 1.01257E-01
6.71226E+02 8.97568E-02
6.72191E+02 7.92966E-02
6.73155E+02 6.92362E-02
6.74120E+02 5.95981E-02
6.75084E+02 5.12855E-02
6.76048E+02 4.45203E-02
6.77013E+02 3.94291E-02
6.77977E+02 3.62657E-02
6.78942E+02 3.50185E-02
6.79906E+02 3.47900E-02
6.80870E+02 3.47676E-02
6.81835E+02 3.49488E-02
6.82799E+02 3.52403E-02
6.83764E+02 3.55911E-02
6.84728E+02 3.59689E-02
6.85692E+02 3.64105E-02
6.86657E+02 3.68028E-02
6.87621E+02 3.72196E-02
6.88586E+02 3.77380E-02
6.89550E+02 3.81633E-02
6.90514E+02 3.86174E-02
6.91479E+02 3.90919E-02
6.92443E+02 3.95542E-02
6.93408E+02 4.00005E-02
6.94372E+02 4.04595E-02
6.95337E+02 4.09012E-02
6.96301E+02 4.13349E-02
6.97265E+02 4.18620E-02
6.98230E+02 4.23316E-02
6.99194E+02 4.25825E-02
7.00159E+02 4.27634E-02
7.01123E+02 4.25959E-02
7.02087E+02 4.40046E-02
7.03052E+02 4.55114E-02
7.04016E+02 4.56519E-02
7.04981E+02 4.60604E-02
7.05945E+02 4.65200E-02
7.06909E+02 4.69959E-02
7.07874E+02 4.76508E-02
7.08838E+02 4.82765E-02
7.09803E+02 4.83430E-02
7.10767E+02 4.86982E-02
7.11731E+02 4.92295E-02
7.12696E+02 4.96932E-02
7.13660E+02 5.02653E-02
7.14625E+02 5.07280E-02
7.15589E+02 5.12195E-02
7.16553E+02 5.16956E-02
7.17518E+02 5.21575E-02
7.18482E+02 5.26044E-02
7.19447E+02 5.30452E-02
7.20411E+02 5.35421E-02
7.21375E+02 5.40017E-02
7.22340E+02 5.43932E-02
7.23304E+02 5.47618E-02
7.24269E+02 5.52778E-02
7.25233E+02 5.58421E-02
7.26198E+02 5.62176E-02
7.27162E+02 5.65889E-02
7.28126E+02 5.70528E-02
7.29091E+02 5.75459E-02
7.30055E+02 5.80759E-02
7.31020E+02 5.84385E-02
7.31984E+02 5.87584E-02
7.32948E+02 5.91347E-02
7.33913E+02 5.95482E-02
7.34877E+02 5.99584E-02
7.35842E+02 6.02963E-02
7.36806E+02 6.06797E-02
7.37770E+02 6.10976E-02
7.38735E+02 6.15258E-02
7.39699E+02 6.20129E-02
7.40664E+02 6.24312E-02
7.41628E+02 6.27773E-02
7.42592E+02 6.30673E-02
7.43557E+02 6.33887E-02
7.44521E+02 6.37842E-02
7.45486E+02 6.41291E-02
7.46450E+02 6.44720E-02
7.47414E+02 6.47919E-02
7.48379E+02 6.51043E-02
7.49343E+02 6.55371E-02
7.50308E+02 6.59784E-02
7.51272E+02 6.62108E-02
7.52236E+02 6.64763E-02
7.53201E+02 6.68366E-02
7.54165E+02 6.71147E-02
7.55130E+02 6.74057E-02
7.56094E+02 6.77245E-02
7.57058E+02 6.79972E-02
7.58023E+02 6.82659E-02
7.58987E+02 6.85771E-02
7.59952E+02 6.88307E-02
7.60916E+02 6.90410E-02
7.61880E+02 6.92742E-02
7.62845E+02 6.95312E-02
7.63809E+02 6.98525E-02
7.64774E+02 7.01641E-02
7.65738E+02 7.03581E-02
7.66703E+02 7.05605E-02
7.67667E+02 7.07579E-02
7.68631E+02 7.09118E-02
7.69596E+02 7.11096E-02
7.70560E+02 7.13144E-02
7.71525E+02 7.15063E-02
7.72489E+02 7.16886E-02
7.73453E+02 7.18544E-02
7.74418E+02 7.20229E-02
7.75382E+02 7.22434E-02
7.76347E+02 7.23855E-02
7.77311E+02 7.24904E-02
7.78275E+02 7.26484E-02
7.79240E+02 7.26917E-02
7.80204E+02 7.27553E-02
7.81169E+02 7.28649E-02
7.82133E+02 7.29888E-02
7.83097E+02 7.31246E-02
7.84062E+02 7.32635E-02
7.85026E+02 7.32905E-02
7.85991E+02 7.32899E-02
7.86955E+02 7.35060E-02
7.87919E+02 7.36680E-02
7.88884E+02 7.37356E-02
7.89848E+02 7.38252E-02
7.90813E+02 7.38891E-02
7.91777E+02 7.39015E-02
7.92742E+02 7.39580E-02
7.93706E+02 7.40094E-02
7.94670E+02 7.40219E-02
7.95635E+02 7.40102E-02
7.96599E+02 7.39666E-02
7.97564E+02 7.39403E-02
7.98528E+02 7.39383E-02
7.99492E+02 7.40278E-02
8.00457E+02 7.41138E-02
8.01421E+02 7.40423E-02
8.02386E+02 7.39113E-02
8.03350E+02 7.38747E-02
8.04314E+02 7.38125E-02
8.05279E+02 7.36305E-02
8.06243E+02 7.35200E-02
8.07208E+02 7.35311E-02
8.08172E+02 7.35180E-02
8.09136E+02 7.33804E-02
8.10101E+02 7.32403E-02
8.11065E+02 7.31521E-02
8.12030E+02 7.30011E-02
8.12994E+02 7.28702E-02
8.13958E+02 7.27782E-02
8.14923E+02 7.25594E-02
8.15887E+02 7.23889E-02
8.16852E+02 7.22301E-02
8.17816E+02 7.20338E-02
8.18780E+02 7.18284E-02
8.19745E+02 7.15720E-02
8.20709E+02 7.13712E-02
8.21674E+02 7.12087E-02
8.22638E+02 7.10265E-02
8.23602E+02 7.08275E-02
8.24567E+02 7.06052E-02
8.25531E+02 7.02924E-02
8.26496E+02 7.00155E-02
8.27460E+02 6.97773E-02
8.28424E+02 6.94692E-02
8.29389E+02 6.91762E-02
8.30353E+02 6.88843E-02
8.31318E+02 6.85767E-02
8.32282E+02 6.82800E-02
8.33247E+02 6.80216E-02
8.34211E+02 6.77380E-02
8.35175E+02 6.72510E-02
8.36140E+02 6.67627E-02
8.37104E+02 6.65014E-02
8.38069E+02 6.62739E-02
8.39033E+02 6.59192E-02
8.39997E+02 6.55401E-02
8.40962E+02 6.51261E-02
8.41926E+02 6.47735E-02
8.42891E+02 6.44478E-02
8.43855E+02 6.39992E-02
8.44819E+02 6.35866E-02
8.45784E+02 6.31117E-02
8.46748E+02 6.26983E-02
8.47713E+02 6.23116E-02
8.48677E+02 6.18291E-02
8.49641E+02 6.13908E-02
8.50606E+02 6.09361E-02
8.51570E+02 6.04750E-02
8.52535E+02 6.00109E-02
8.53499E+02 5.96117E-02
8.54463E+02 5.92128E-02
8.55428E+02 5.88725E-02
8.56392E+02 5.83844E-02
8.57357E+02 5.77133E-02
8.58321E+02 5.72650E-02
8.59286E+02 5.68609E-02
8.60250E+02 5.65820E-02
8.61214E+02 5.62208E-02
8.62179E+02 5.53855E-02
8.63143E+02 5.46070E-02
8.64108E+02 5.43102E-02
8.65072E+02 5.41731E-02
8.66036E+02 5.34193E-02
8.67001E+02 5.18988E-02
8.67965E+02 5.13030E-02
8.68930E+02 5.13343E-02
8.69894E+02 5.08768E-02
8.70858E+02 5.03516E-02
8.71823E+02 4.98083E-02
8.72787E+02 4.92807E-02
8.73752E+02 4.87156E-02
8.74716E+02 4.81762E-02
8.75680E+02 4.75409E-02
8.76645E+02 4.70119E-02
8.77609E+02 4.66663E-02
8.78574E+02 4.60867E-02
8.79538E+02 4.54371E-02
8.80502E+02 4.48577E-02
8.81467E+02 4.43170E-02
8.82431E+02 4.37571E-02
8.83396E+02 4.31943E-02
8.84360E+02 4.26548E-02
8.85324E+02 4.19917E-02
8.86289E+02 4.13216E-02
8.87253E+02 4.07530E-02
8.88218E+02 4.01669E-02
8.89182E+02 3.95040E-02
8.90146E+02 3.89151E-02
8.91111E+02 3.84512E-02
8.92075E+02 3.78684E-02
8.93040E+02 3.72217E-02
8.94004E+02 3.66023E-02
8.94969E+02 3.60341E-02
8.95933E+02 3.55113E-02
8.96897E+02 3.48687E-02
8.97862E+02 3.42532E-02
8.98826E+02 3.36713E-02
8.99791E+02 3.30644E-02
9.00755E+02 3.24855E-02
9.01719E+02 3.18708E-02
9.02684E+02 3.12460E-02
9.03648E+02 3.06168E-02
9.04613E+02 3.00579E-02
9.05577E+02 2.95592E-02
9.06541E+02 2.89587E-02
9.07506E+02 2.83351E-02
9.08470E+02 2.77315E-02
9.09435E+02 2.71347E-02
9.10399E+02 2.65479E-02
9.11363E+02 2.59721E-02
9.12328E+02 2.54698E-02
9.13292E+02 2.48823E-02
9.14257E+02 2.42892E-02
9.15221E+02 2.37450E-02
9.16185E+02 2.31494E-02
9.17150E+02 2.25622E-02
9.18114E+02 2.21015E-02
9.19079E+02 2.15646E-02
9.20043E+02 2.08049E-02
9.21007E+02 2.01989E-02
9.21972E+02 1.96553E-02
9.22936E+02 1.90909E-02
9.23901E+02 1.85716E-02
9.24865E+02 1.79930E-02
9.25829E+02 1.74478E-02
9.26794E+02 1.69984E-02
9.27758E+02 1.64998E-02
9.28723E+02 1.59671E-02
9.29687E+02 1.55267E-02
9.30651E+02 1.50042E-02
9.31616E+02 1.45588E-02
9.32580E+02 1.42536E-02
9.33545E+02 1.30422E-02
9.34509E+02 1.21343E-02
9.35474E+02 1.19467E-02
9.36438E+02 1.15025E-02
9.37402E+02 1.10737E-02
9.38367E+02 1.06298E-02
9.39331E+02 1.01289E-02
9.40296E+02 9.60844E-03
9.41260E+02 9.13420E-03
9.42224E+02 8.64761E-03
9.43189E+02 8.17542E-03
9.44153E+02 7.67552E-03
9.45118E+02 7.25547E-03
9.46082E+02 6.82542E-03
9.47046E+02 6.33855E-03
9.48011E+02 5.87599E-03
9.48975E+02 5.38592E-03
9.49940E+02 4.92221E-03
9.50904E+02 4.46672E-03
9.51868E+02 4.02266E-03
9.52833E+02 3.55522E-03
9.53797E+02 3.03611E-03
9.54762E+02 2.75110E-03
9.55726E+02 2.46268E-03
9.56690E+02 2.03662E-03
9.57655E+02 1.60160E-03
9.58619E+02 1.16258E-03
9.59584E+02 7.72193E-04
9.60548E+02 3.89572E-04
9.61513E+02 1.62125E-05
9.62477E+02 -3.45092E-04
9.63441E+02 -6.94141E-04
9.64406E+02 -1.04773E-03
9.65370E+02 -1.39832E-03
9.66335E+02 -1.74195E-03
9.67299E+02 -2.06450E-03
9.68263E+02 -2.30180E-03
9.69228E+02 -2.57270E-03
9.70192E+02 -2.91023E-03
9.71157E+02 -3.18856E-03
9.72121E+02 -3.49513E-03
9.73085E+02 -3.80317E-03
9.74050E+02 -4.07037E-03
9.75014E+02 -4.34290E-03
9.75979E+02 -4.55387E-03
9.76943E+02 -4.74909E-03
9.77907E+02 -4.95731E-03
9.78872E+02 -5.12314E-03
9.79836E+02 -5.30034E-03
9.80801E+02 -5.45167E-03
9.81765E+02 -5.58641E-03
9.82729E+02 -5.66713E-03
9.83694E+02 -5.75302E-03
9.84658E+02 -5.82765E-03
9.85623E+02 -5.87431E-03
9.86587E+02 -5.92980E-03
9.87551E+02 -5.93646E-03
9.88516E+02 -5.91178E-03
9.89480E+02 -5.99783E-03
9.90445E+02 -5.99107E-03
9.91409E+02 -5.79128E-03
9.92373E+02 -5.56298E-03
9.93338E+02 -5.17537E-03
9.94302E+02 -4.69349E-03
9.95267E+02 -4.01119E-03
9.96231E+02 -3.16484E-03
9.97195E+02 -1.95039E-03
9.98160E+02 -1.51735E-04
9.99124E+02 2.09606E-03
1.00009E+03 4.88793E-03
1.00105E+03 8.31580E-03
1.00202E+03 1.24756E-02
1.00298E+03 1.73472E-02
1.00395E+03 2.29545E-02
1.00491E+03 2.91309E-02
1.00588E+03 3.56335E-02
1.00684E+03 4.24524E-02
1.00780E+03 4.93542E-02
1.00877E+03 5.60663E-02
1.00973E+03 6.24970E-02
1.01070E+03 6.81857E-02
1.01166E+03 7.32966E-02
1.01263E+03 7.79259E-02
1.01359E+03 8.16218E-02
1.01455E+03 8.44176E-02
1.01552E+03 8.63336E-02
1.01648E+03 8.73659E-02
1.01745E+03 8.75400E-02
1.01841E+03 8.67269E-02
1.01938E+03 8.51284E-02
1.02034E+03 8.29809E-02
1.02131E+03 8.02651E-02
1.02227E+03 7.72679E-02
1.02323E+03 7.40528E-02
1.02420E+03 7.05593E-02
1.02516E+03 6.68361E-02
1.02613E+03 6.31269E-02
1.02709E+03 5.94880E-02
1.02806E+03 5.58104E-02
1.02902E+03 5.21516E-02
1.02999E+03 4.85411E-02
1.03095E+03 4.49033E-02
1.03191E+03 4.12325E-02
1.03288E+03 3.75401E-02
1.03384E+03 3.37655E-02
1.03481E+03 2.99921E-02
1.03577E+03 2.62558E-02
1.03674E+03 2.24212E-02
1.03770E+03 1.86712E-02
1.03866E+03 1.50251E-02
1.03963E+03 1.14714E-02
1.04059E+03 8.22252E-03
1.04156E+03 5.25982E-03
1.04252E+03 2.60714E-03
1.04349E+03 2.49770E-04
1.04445E+03 -1.72586E-03
1.04542E+03 -3.56323E-03
1.04638E+03 -5.08627E-03
1.04734E+03 -6.14773E-03
1.04831E+03 -7.09256E-03
1.04927E+03 -7.79739E-03
1.05024E+03 -8.45093E-03
1.05120E+03 -9.01937E-03
1.05217E+03 -9.72050E-03
1.05313E+03 -1.02237E-02
1.05410E+03 -1.01741E-02
1.05506E+03 -1.03071E-02
1.05602E+03 -1.05525E-02
1.05699E+03 -1.07738E-02
1.05795E+03 -1.09234E-02
1.05892E+03 -1.10167E-02
1.05988E+03 -1.10677E-02
1.06085E+03 -1.11433E-02
1.06181E+03 -1.12654E-02
1.06278E+03 -1.13778E-02
1.06374E+03 -1.15134E-02
1.06470E+03 -1.16644E-02
1.06567E+03 -1.17061E-02
1.06663E+03 -1.12824E-02
1.06760E+03 -1.12856E-02
1.06856E+03 -1.16354E-02
1.06953E+03 -1.16672E-02
1.07049E+03 -1.17950E-02
1.07145E+03 -1.19429E-02
1.07242E+03 -1.20511E-02
1.07338E+03 -1.21422E-02
1.07435E+03 -1.20964E-02
1.07531E+03 -1.20755E-02
1.07628E+03 -1.21645E-02
1.07724E+03 -1.22460E-02
1.07821E+03 -1.22751E-02
1.07917E+03 -1.23269E-02
1.08013E+03 -1.23669E-02
1.08110E+03 -1.22413E-02
1.08206E+03 -1.22625E-02
1.08303E+03 -1.23647E-02
1.08399E+03 -1.23742E-02
1.08496E+03 -1.23898E-02
1.08592E+03 -1.24091E-02
1.08689E+03 -1.22826E-02
1.08785E+03 -1.23259E-02
1.08881E+03 -1.25373E-02
1.08978E+03 -1.24909E-02
1.09074E+03 -1.24186E-02
1.09171E+03 -1.24126E-02
1.09267E+03 -1.24074E-02
1.09364E+03 -1.23969E-02
1.09460E+03 -1.23711E-02
1.09556E+03 -1.22859E-02
1.09653E+03 -1.22389E-02
1.09749E+03 -1.22121E-02
1.09846E+03 -1.21079E-02
1.09942E+03 -1.19891E-02
1.10039E+03 -1.18308E-02
1.10135E+03 -1.17367E-02
1.10232E+03 -1.15637E-02
1.10328E+03 -1.11836E-02
1.10424E+03 -1.08512E-02
1.10521E+03 -1.05184E-02
1.10617E+03 -1.01278E-02
1.10714E+03 -9.65299E-03
1.10810E+03 -9.11504E-03
1.10907E+03 -8.49552E-03
1.11003E+03 -7.76383E-03
1.11100E+03 -6.98549E-03
1.11196E+03 -6.16478E-03
1.11292E+03 -5.32313E-03
1.11389E+03 -4.47949E-03
1.11485E+03 -3.65892E-03
1.11582E+03 -2.81853E-03
1.11678E+03 -1.98514E-03
1.11775E+03 -1.16162E-03
1.11871E+03 -4.25842E-04
1.11968E+03 2.13034E-04
1.12064E+03 7.80039E-04
1.12160E+03 1.33143E-03
1.12257E+03 1.76712E-03
1.12353E+03 1.75203E-03
1.12450E+03 1.69733E-03
1.12546E+03 1.65622E-03
1.12643E+03 1.43080E-03
1.12739E+03 1.04466E-03
1.12835E+03 4.86549E-04
1.12932E+03 -6.10836E-05
1.13028E+03 -8.04853E-04
1.13125E+03 -1.71437E-03
1.13221E+03 -2.62212E-03
1.13318E+03 -3.57743E-03
1.13414E+03 -4.55508E-03
1.13511E+03 -5.53061E-03
1.13607E+03 -6.47596E-03
1.13703E+03 -7.38195E-03
1.13800E+03 -8.24137E-03
1.13896E+03 -9.01888E-03
1.13993E+03 -9.71933E-03
1.14089E+03 -1.03032E-02
1.14186E+03 -1.08139E-02
1.14282E+03 -1.12711E-02
1.14379E+03 -1.16306E-02
1.14475E+03 -1.20095E-02
1.14571E+03 -1.22751E-02
1.14668E+03 -1.24509E-02
1.14764E+03 -1.26028E-02
1.14861E+03 -1.27118E-02
1.14957E+03 -1.28215E-02
1.15054E+03 -1.28920E-02
1.15150E+03 -1.29239E-02
1.15246E+03 -1.29403E-02
1.15343E+03 -1.29459E-02
1.15439E+03 -1.29215E-02
1.15536E+03 -1.28617E-02
1.15632E+03 -1.28026E-02
1.15729E+03 -1.27338E-02
1.15825E+03 -1.25976E-02
1.15922E+03 -1.24748E-02
1.16018E+03 -1.24100E-02
1.16114E+03 -1.23845E-02
1.16211E+03 -1.24204E-02
1.16307E+03 -1.24908E-02
1.16404E+03 -1.25587E-02
1.16500E+03 -1.26692E-02
1.16597E+03 -1.28572E-02
1.16693E+03 -1.29852E-02
1.16790E+03 -1.30470E-02
1.16886E+03 -1.31612E-02
1.16982E+03 -1.32673E-02
1.17079E+03 -1.33408E-02
1.17175E+03 -1.33466E-02
1.17272E+03 -1.33750E-02
1.17368E+03 -1.34617E-02
1.17465E+03 -1.35057E-02
1.17561E+03 -1.35341E-02
1.17657E+03 -1.35709E-02
1.17754E+03 -1.35923E-02
1.17850E+03 -1.35611E-02
1.17947E+03 -1.35778E-02
1.18043E+03 -1.35999E-02
1.18140E+03 -1.35700E-02
1.18236E+03 -1.35686E-02
1.18333E+03 -1.35839E-02
1.18429E+03 -1.35939E-02
1.18525E+03 -1.35720E-02
1.18622E+03 -1.35818E-02
1.18718E+03 -1.36474E-02
1.18815E+03 -1.36437E-02
1.18911E+03 -1.36301E-02
1.19008E+03 -1.36400E-02
1.19104E+03 -1.36594E-02
1.19201E+03 -1.36758E-02
1.19297E+03 -1.36912E-02
1.19393E+03 -1.36843E-02
1.19490E+03 -1.36609E-02
1.19586E+03 -1.36384E-02
1.19683E+03 -1.36113E-02
1.19779E+03 -1.36056E-02
1.19876E+03 -1.36301E-02
1.19972E+03 -1.36445E-02
1.20069E+03 -1.36107E-02
1.20165E+03 -1.35908E-02
1.20261E+03 -1.36024E-02
1.20358E+03 -1.35917E-02
1.20454E+03 -1.35896E-02
1.20551E+03 -1.35805E-02
1.20647E+03 -1.35647E-02
1.20744E+03 -1.35944E-02
1.20840E+03 -1.36254E-02
1.20936E+03 -1.35971E-02
1.21033E+03 -1.35414E-02
1.21129E+03 -1.35244E-02
1.21226E+03 -1.35369E-02
1.21322E+03 -1.35364E-02
1.21419E+03 -1.35506E-02
1.21515E+03 -1.35448E-02
1.21612E+03 -1.35365E-02
1.21708E+03 -1.35167E-02
1.21804E+03 -1.35062E-02
1.21901E+03 -1.35033E-02
1.21997E+03 -1.34939E-02
1.22094E+03 -1.34558E-02
1.22190E+03 -1.34114E-02
1.22287E+03 -1.33801E-02
1.22383E+03 -1.33961E-02
1.22480E+03 -1.33591E-02
1.22576E+03 -1.33668E-02
1.22672E+03 -1.33247E-02
1.22769E+03 -1.32784E-02
1.22865E+03 -1.31930E-02
1.22962E+03 -1.31945E-02
1.23058E+03 -1.31884E-02
1.23155E+03 -1.33793E-02
1.23251E+03 -1.33663E-02
1.23347E+03 -1.53296E-02
1.23444E+03 -1.67925E-02
1.23540E+03 -1.39316E-02
1.23637E+03 -1.26351E-02
1.23733E+03 -1.28702E-02
1.23830E+03 -1.28109E-02
1.23926E+03 -1.29243E-02
1.24023E+03 -1.29655E-02
1.24119E+03 -1.31420E-02
1.24215E+03 -1.31166E-02
1.24312E+03 -1.30748E-02
1.24408E+03 -1.30629E-02
1.24505E+03 -1.30407E-02
1.24601E+03 -1.30013E-02
1.24698E+03 -1.30151E-02
1.24794E+03 -1.30541E-02
1.24891E+03 -1.30344E-02
1.24987E+03 -1.30169E-02
1.25083E+03 -1.30368E-02
1.25180E+03 -1.30159E-02
1.25276E+03 -1.30003E-02
1.25373E+03 -1.29760E-02
1.25469E+03 -1.29575E-02
1.25566E+03 -1.29455E-02
1.25662E+03 -1.29152E-02
1.25759E+03 -1.28699E-02
1.25855E+03 -1.28654E-02
1.25951E+03 -1.28672E-02
1.26048E+03 -1.28251E-02
1.26144E+03 -1.27864E-02
1.26241E+03 -1.27816E-02
1.26337E+03 -1.27747E-02
1.26434E+03 -1.27552E-02
1.26530E+03 -1.27468E-02
1.26626E+03 -1.27330E-02
1.26723E+03 -1.27124E-02
1.26819E+03 -1.26948E-02
1.26916E+03 -1.26482E-02
1.27012E+03 -1.26088E-02
1.27109E+03 -1.25874E-02
1.27205E+03 -1.25424E-02
1.27302E+03 -1.24869E-02
1.27398E+03 -1.24504E-02
1.27494E+03 -1.23757E-02
1.27591E+03 -1.22483E-02
1.27687E+03 -1.22040E-02
1.27784E+03 -1.23193E-02
1.27880E+03 -1.24128E-02
1.27977E+03 -1.24348E-02
1.28073E+03 -1.24320E-02
1.28170E+03 -1.24124E-02
1.28266E+03 -1.23970E-02
1.28362E+03 -1.24000E-02
1.28459E+03 -1.23425E-02
1.28555E+03 -1.23016E-02
1.28652E+03 -1.23032E-02
1.28748E+03 -1.22687E-02
1.28845E+03 -1.22516E-02
1.28941E+03 -1.22260E-02
1.29037E+03 -1.21662E-02
1.29134E+03 -1.21597E-02
1.29230E+03 -1.21539E-02
1.29327E+03 -1.21257E-02
1.29423E+03 -1.21069E-02
1.29520E+03 -1.20853E-02
1.29616E+03 -1.20493E-02
1.29713E+03 -1.20176E-02
1.29809E+03 -1.19785E-02
1.29905E+03 -1.19274E-02
1.30002E+03 -1.19104E-02
1.30098E+03 -1.18980E-02
1.30195E+03 -1.18769E-02
1.30291E+03 -1.18609E-02
1.30388E+03 -1.18338E-02
1.30484E+03 -1.18225E-02
1.30581E+03 -1.18340E-02
1.30677E+03 -1.17614E-02
1.30773E+03 -1.16767E-02
1.30870E+03 -1.16319E-02
1.30966E+03 -1.15836E-02
1.31063E+03 -1.15357E-02
1.31159E+03 -1.14953E-02
1.31256E+03 -1.14325E-02
1.31352E+03 -1.13823E-02
1.31448E+03 -1.13571E-02
1.31545E+03 -1.13233E-02
1.31641E+03 -1.13344E-02
1.31738E+03 -1.13346E-02
1.31834E+03 -1.13134E-02
1.31931E+03 -1.12621E-02
1.32027E+03 -1.11926E-02
1.32124E+03 -1.11853E-02
1.32220E+03 -1.11567E-02
1.32316E+03 -1.11169E-02
1.32413E+03 -1.11134E-02
1.32509E+03 -1.10993E-02
1.32606E+03 -1.10670E-02
1.32702E+03 -1.10693E-02
1.32799E+03 -1.10697E-02
1.32895E+03 -1.10115E-02
1.32992E+03 -1.09908E-02
1.33088E+03 -1.09925E-02
1.33184E+03 -1.09608E-02
1.33281E+03 -1.09273E-02
1.33377E+03 -1.08907E-02
1.33474E+03 -1.08524E-02
1.33570E+03 -1.08379E-02
1.33667E+03 -1.08242E-02
1.33763E+03 -1.08158E-02
1.33860E+03 -1.08506E-02
1.33956E+03 -1.09589E-02
1.34052E+03 -1.10236E-02
1.34149E+03 -1.09623E-02
1.34245E+03 -1.08967E-02
1.34342E+03 -1.10014E-02
1.34438E+03 -1.08796E-02
1.34535E+03 -1.05131E-02
1.34631E+03 -1.03960E-02
1.34727E+03 -1.03948E-02
1.34824E+03 -1.04784E-02
1.34920E+03 -1.07515E-02
1.35017E+03 -1.09265E-02
1.35113E+03 -1.05829E-02
1.35210E+03 -1.01393E-02
1.35306E+03 -1.01710E-02
1.35403E+03 -1.03701E-02
1.35499E+03 -1.03814E-02
1.35595E+03 -1.02138E-02
1.35692E+03 -1.00500E-02
1.35788E+03 -9.93681E-03
1.35885E+03 -9.79130E-03
1.35981E+03 -9.63426E-03
1.36078E+03 -9.46010E-03
1.36174E+03 -9.25949E-03
1.36271E+03 -9.12751E-03
1.36367E+03 -9.08250E-03
1.36463E+03 -9.03812E-03
1.36560E+03 -8.97007E-03
1.36656E+03 -8.88779E-03
1.36753E+03 -8.80102E-03
1.36849E+03 -8.72619E-03
1.36946E+03 -8.63924E-03
1.37042E+03 -8.51763E-03
1.37138E+03 -8.41619E-03
1.37235E+03 -8.30675E-03
1.37331E+03 -8.15468E-03
1.37428E+03 -7.99879E-03
1.37524E+03 -7.83347E-03
1.37621E+03 -7.63982E-03
1.37717E+03 -7.42579E-03
1.37814E+03 -7.23033E-03
1.37910E+03 -6.97386E-03
1.38006E+03 -6.59694E-03
1.38103E+03 -6.23786E-03
1.38199E+03 -5.99173E-03
1.38296E+03 -5.93084E-03
1.38392E+03 -6.07977E-03
1.38489E+03 -6.32704E-03
1.38585E+03 -6.47241E-03
1.38682E+03 -6.42265E-03
1.38778E+03 -6.26383E-03
1.38874E+03 -6.06127E-03
1.38971E+03 -5.84032E-03
1.39067E+03 -5.58028E-03
1.39164E+03 -5.30526E-03
1.39260E+03 -5.00072E-03
1.39357E+03 -4.67419E-03
1.39453E+03 -4.35389E-03
1.39550E+03 -4.02541E-03
1.39646E+03 -3.67800E-03
1.39742E+03 -3.29253E-03
1.39839E+03 -2.88700E-03
1.39935E+03 -2.44058E-03
1.40032E+03 -2.00353E-03
1.40128E+03 -1.60866E-03
1.40225E+03 -1.20539E-03
1.40321E+03 -8.03728E-04
1.40417E+03 -3.40350E-04
1.40514E+03 1.47190E-04
1.40610E+03 5.64355E-04
1.40707E+03 1.00491E-03
1.40803E+03 1.45094E-03
1.40900E+03 1.86888E-03
1.40996E+03 2.29073E-03
1.41093E+03 2.66902E-03
1.41189E+03 3.02500E-03
1.41285E+03 3.38371E-03
1.41382E+03 3.73864E-03
1.41478E+03 4.12675E-03
1.41575E+03 4.50828E-03
1.41671E+03 4.86253E-03
1.41768E+03 5.18691E-03
1.41864E+03 5.45606E-03
1.41961E+03 5.70461E-03
1.42057E+03 5.86722E-03
1.42153E+03 5.98482E-03
1.42250E+03 6.12520E-03
1.42346E+03 6.28139E-03
1.42443E+03 6.37936E-03
1.42539E+03 6.40465E-03
1.42636E+03 6.38474E-03
1.42732E+03 6.30425E-03
1.42828E+03 6.19537E-03
1.42925E+03 6.02691E-03
1.43021E+03 5.81637E-03
1.43118E+03 5.57508E-03
1.43214E+03 5.29686E-03
1.43311E+03 4.98697E-03
1.43407E+03 4.62655E-03
1.43504E+03 4.20566E-03
1.43600E+03 3.80183E-03
1.43696E+03 3.35701E-03
1.43793E+03 2.84105E-03
1.43889E+03 2.46177E-03
1.43986E+03 2.13737E-03
1.44082E+03 1.92522E-03
1.44179E+03 1.98474E-03
1.44275E+03 2.33488E-03
1.44372E+03 2.95349E-03
1.44468E+03 3.77168E-03
1.44564E+03 4.73860E-03
1.44661E+03 5.73393E-03
1.44757E+03 6.58561E-03
1.44854E+03 7.21939E-03
1.44950E+03 7.64060E-03
1.45047E+03 7.80555E-03
1.45143E+03 7.73018E-03
1.45240E+03 7.42326E-03
1.45336E+03 6.98026E-03
1.45432E+03 6.48539E-03
1.45529E+03 5.98263E-03
1.45625E+03 5.66635E-03
1.45722E+03 5.63889E-03
1.45818E+03 5.91045E-03
1.45915E+03 6.51209E-03
1.46011E+03 7.37739E-03
1.46107E+03 8.35971E-03
1.46204E+03 9.20361E-03
1.46300E+03 9.74721E-03
1.46397E+03 9.92317E-03
1.46493E+03 9.72681E-03
1.46590E+03 9.18291E-03
1.46686E+03 8.38622E-03
1.46783E+03 7.53127E-03
1.46879E+03 6.75980E-03
1.46975E+03 6.24824E-03
1.47072E+03 6.18917E-03
1.47168E+03 6.64510E-03
1.47265E+03 7.59024E-03
1.47361E+03 8.87801E-03
1.47458E+03 1.02114E-02
1.47554E+03 1.13583E-02
1.47651E+03 1.21598E-02
1.47747E+03 1.24883E-02
1.47843E+03 1.23361E-02
1.47940E+03 1.17745E-02
1.48036E+03 1.08760E-02
1.48133E+03 9.70792E-03
1.48229E+03 8.40623E-03
1.48326E+03 7.04897E-03
1.48422E+03 5.66806E-03
1.48518E+03 4.32250E-03
1.48615E+03 3.05061E-03
1.48711E+03 1.91563E-03
1.48808E+03 8.90095E-04
1.48904E+03 -1.69314E-05
1.49001E+03 -7.77502E-04
1.49097E+03 -1.45011E-03
1.49194E+03 -2.02104E-03
1.49290E+03 -2.49716E-03
1.49386E+03 -2.91442E-03
1.49483E+03 -3.22300E-03
1.49579E+03 -3.45715E-03
1.49676E+03 -3.70619E-03
1.49772E+03 -3.92887E-03
1.49869E+03 -4.07868E-03
1.49965E+03 -4.21531E-03
1.50062E+03 -4.35628E-03
1.50158E+03 -4.45006E-03
1.50254E+03 -4.52180E-03
1.50351E+03 -4.58419E-03
1.50447E+03 -4.65035E-03
1.50544E+03 -4.68189E-03
1.50640E+03 -4.69979E-03
1.50737E+03 -4.73827E-03
1.50833E+03 -4.77578E-03
1.50929E+03 -4.82391E-03
1.51026E+03 -4.85832E-03
1.51122E+03 -4.88452E-03
1.51219E+03 -4.88806E-03
1.51315E+03 -4.87074E-03
1.51412E+03 -4.85233E-03
1.51508E+03 -4.81958E-03
1.51605E+03 -4.78388E-03
1.51701E+03 -4.73912E-03
1.51797E+03 -4.74771E-03
1.51894E+03 -4.75457E-03
1.51990E+03 -4.72916E-03
1.52087E+03 -4.70899E-03
1.52183E+03 -4.68292E-03
1.52280E+03 -4.67839E-03
1.52376E+03 -4.66036E-03
1.52473E+03 -4.61787E-03
1.52569E+03 -4.56567E-03
1.52665E+03 -4.54897E-03
1.52762E+03 -4.52987E-03
1.52858E+03 -4.49533E-03
1.52955E+03 -4.47124E-03
1.53051E+03 -4.42791E-03
1.53148E+03 -4.38533E-03
1.53244E+03 -4.34598E-03
1.53341E+03 -4.30585E-03
1.53437E+03 -4.29375E-03
1.53533E+03 -4.28059E-03
1.53630E+03 -4.26178E-03
1.53726E+03 -4.25217E-03
1.53823E+03 -4.18432E-03
1.53919E+03 -4.09137E-03
1.54016E+03 -4.05247E-03
1.54112E+03 -4.02159E-03
1.54208E+03 -3.99973E-03
1.54305E+03 -3.99953E-03
1.54401E+03 -3.98288E-03
1.54498E+03 -3.94871E-03
1.54594E+03 -3.91741E-03
1.54691E+03 -3.88644E-03
1.54787E+03 -3.84618E-03
1.54884E+03 -3.83781E-03
1.54980E+03 -3.80748E-03
1.55076E+03 -3.75559E-03
1.55173E+03 -3.72234E-03
1.55269E+03 -3.67383E-03
1.55366E+03 -3.59057E-03
1.55462E+03 -3.53068E-03
1.55559E+03 -3.52469E-03
1.55655E+03 -3.47783E-03
1.55752E+03 -3.41511E-03
1.55848E+03 -3.35716E-03
1.55944E+03 -3.32279E-03
1.56041E+03 -3.30212E-03
1.56137E+03 -3.30634E-03
1.56234E+03 -3.31495E-03
1.56330E+03 -3.26911E-03
1.56427E+03 -3.22833E-03
1.56523E+03 -3.19578E-03
1.56619E+03 -3.16859E-03
1.56716E+03 -3.13937E-03
1.56812E+03 -3.08355E-03
1.56909E+03 -3.03131E-03
1.57005E+03 -2.98796E-03
1.57102E+03 -2.94599E-03
1.57198E+03 -2.89951E-03
1.57295E+03 -2.86511E-03
1.57391E+03 -2.82463E-03
1.57487E+03 -2.77077E-03
1.57584E+03 -2.69287E-03
1.57680E+03 -2.64845E-03
1.57777E+03 -2.65235E-03
1.57873E+03 -2.61661E-03
1.57970E+03 -2.56223E-03
1.58066E+03 -2.49714E-03
1.58163E+03 -2.44443E-03
1.58259E+03 -2.39824E-03
1.58355E+03 -2.32796E-03
1.58452E+03 -2.27847E-03
1.58548E+03 -2.22941E-03
1.58645E+03 -2.16153E-03
1.58741E+03 -2.10920E-03
1.58838E+03 -2.04626E-03
1.58934E+03 -1.97431E-03
1.59031E+03 -1.90703E-03
1.59127E+03 -1.84450E-03
1.59223E+03 -1.78636E-03
1.59320E+03 -1.72225E-03
1.59416E+03 -1.64299E-03
1.59513E+03 -1.56510E-03
1.59609E+03 -1.47966E-03
1.59706E+03 -1.36745E-03
1.59802E+03 -1.26708E-03
1.59898E+03 -1.15269E-03
1.59995E+03 -1.04740E-03
1.60091E+03 -9.62704E-04
1.60188E+03 -8.42594E-04
1.60284E+03 -7.23060E-04
1.60381E+03 -6.21654E-04
1.60477E+03 -4.89067E-04
1.60574E+03 -3.18445E-04
1.60670E+03 -1.38123E-04
1.60766E+03 2.54959E-05
1.60863E+03 1.74165E-04
1.60959E+03 3.62154E-04
1.61056E+03 5.57266E-04
1.61152E+03 7.39295E-04
1.61249E+03 9.37063E-04
1.61345E+03 1.16587E-03
1.61442E+03 1.43181E-03
1.61538E+03 1.70019E-03
1.61634E+03 1.99733E-03
1.61731E+03 2.27739E-03
1.61827E+03 2.54391E-03
1.61924E+03 2.88300E-03
1.62020E+03 3.23565E-03
1.62117E+03 3.57248E-03
1.62213E+03 3.96583E-03
1.62309E+03 4.39064E-03
1.62406E+03 4.78133E-03
1.62502E+03 5.20244E-03
1.62599E+03 5.64715E-03
1.62695E+03 6.10185E-03
1.62792E+03 6.61462E-03
1.62888E+03 7.13445E-03
1.62985E+03 7.63668E-03
1.63081E+03 8.15858E-03
1.63177E+03 8.71751E-03
1.63274E+03 9.28774E-03
1.63370E+03 9.81432E-03
1.63467E+03 1.03595E-02
1.63563E+03 1.09315E-02
1.63660E+03 1.14335E-02
1.63756E+03 1.19218E-02
1.63853E+03 1.24114E-02
1.63949E+03 1.28506E-02
1.64045E+03 1.32847E-02
1.64142E+03 1.37125E-02
1.64238E+03 1.41038E-02
1.64335E+03 1.44793E-02
1.64431E+03 1.48130E-02
1.64528E+03 1.51039E-02
1.64624E+03 1.53928E-02
1.64720E+03 1.56171E-02
1.64817E+03 1.57871E-02
1.64913E+03 1.59381E-02
1.65010E+03 1.60561E-02
1.65106E+03 1.61577E-02
1.65203E+03 1.62983E-02
1.65299E+03 1.64067E-02
1.65396E+03 1.64275E-02
1.65492E+03 1.64214E-02
1.65588E+03 1.64147E-02
1.65685E+03 1.64391E-02
1.65781E+03 1.64394E-02
1.65878E+03 1.63923E-02
1.65974E+03 1.63652E-02
1.66071E+03 1.63614E-02
1.66167E+03 1.63328E-02
1.66264E+03 1.63040E-02
1.66360E+03 1.62776E-02
1.66456E+03 1.62418E-02
1.66553E+03 1.62201E-02
1.66649E+03 1.62121E-02
1.66746E+03 1.61857E-02
1.66842E+03 1.61336E-02
1.66939E+03 1.60841E-02
1.67035E+03 1.60214E-02
1.67132E+03 1.59559E-02
1.67228E+03 1.59037E-02
1.67324E+03 1.58269E-02
1.67421E+03 1.57402E-02
1.67517E+03 1.56509E-02
1.67614E+03 1.55244E-02
1.67710E+03 1.53701E-02
1.67807E+03 1.51952E-02
1.67903E+03 1.50099E-02
1.67999E+03 1.48322E-02
1.68096E+03 1.46162E-02
1.68192E+03 1.43605E-02
1.68289E+03 1.41048E-02
1.68385E+03 1.38318E-02
1.68482E+03 1.35399E-02
1.68578E+03 1.31727E-02
1.68675E+03 1.27822E-02
1.68771E+03 1.23925E-02
1.68867E+03 1.19735E-02
1.68964E+03 1.15872E-02
1.69060E+03 1.11501E-02
1.69157E+03 1.06671E-02
1.69253E+03 1.02118E-02
1.69350E+03 9.74333E-03
1.69446E+03 9.23685E-03
1.69543E+03 8.75789E-03
1.69639E+03 8.26407E-03
1.69735E+03 7.69428E-03
1.69832E+03 7.13924E-03
1.69928E+03 6.62484E-03
1.70025E+03 6.12648E-03
1.70121E+03 5.56566E-03
1.70218E+03 4.96771E-03
1.70314E+03 4.38807E-03
1.70410E+03 3.85204E-03
1.70507E+03 3.32393E-03
1.70603E+03 2.76481E-03
1.70700E+03 2.22438E-03
1.70796E+03 1.67598E-03
1.70893E+03 1.13323E-03
1.70989E+03 6.02413E-04
1.71086E+03 9.10051E-05
1.71182E+03 -4.09584E-04
1.71278E+03 -9.43094E-04
1.71375E+03 -1.41738E-03
1.71471E+03 -1.85921E-03
1.71568E+03 -2.34924E-03
1.71664E+03 -2.81268E-03
1.71761E+03 -3.25790E-03
1.71857E+03 -3.74649E-03
1.71954E+03 -4.22357E-03
1.72050E+03 -4.66235E-03
1.72146E+03 -5.06901E-03
1.72243E+03 -5.48913E-03
1.72339E+03 -5.88114E-03
1.72436E+03 -6.27231E-03
1.72532E+03 -6.69742E-03
1.72629E+03 -7.08849E-03
1.72725E+03 -7.46071E-03
1.72822E+03 -7.79476E-03
1.72918E+03 -8.14648E-03
1.73014E+03 -8.49130E-03
1.73111E+03 -8.80353E-03
1.73207E+03 -9.12589E-03
1.73304E+03 -9.41822E-03
1.73400E+03 -9.68124E-03
1.73497E+03 -1.00072E-02
1.73593E+03 -1.03583E-02
1.73689E+03 -1.06529E-02
1.73786E+03 -1.09519E-02
1.73882E+03 -1.12251E-02
1.73979E+03 -1.14521E-02
1.74075E+03 -1.17107E-02
1.74172E+03 -1.19759E-02
1.74268E+03 -1.22067E-02
1.74365E+03 -1.24230E-02
1.74461E+03 -1.26722E-02
1.74557E+03 -1.29122E-02
1.74654E+03 -1.31327E-02
1.74750E+03 -1.33174E-02
1.74847E+03 -1.34641E-02
1.74943E+03 -1.36544E-02
1.75040E+03 -1.38693E-02
1.75136E+03 -1.40396E-02
1.75233E+03 -1.42163E-02
1.75329E+03 -1.44121E-02
1.75425E+03 -1.45631E-02
1.75522E+03 -1.47244E-02
1.75618E+03 -1.48867E-02
1.75715E+03 -1.50290E-02
1.75811E+03 -1.51707E-02
1.75908E+03 -1.53230E-02
1.76004E+03 -1.54808E-02
1.76100E+03 -1.56120E-02
1.76197E+03 -1.57287E-02
1.76293E+03 -1.58541E-02
1.76390E+03 -1.59869E-02
1.76486E+03 -1.61294E-02
1.76583E+03 -1.62528E-02
1.76679E+03 -1.63312E-02
1.76776E+03 -1.64251E-02
1.76872E+03 -1.65359E-02
1.76968E+03 -1.66243E-02
1.77065E+03 -1.67287E-02
1.77161E+03 -1.68309E-02
1.77258E+03 -1.69054E-02
1.77354E+03 -1.69973E-02
1.77451E+03 -1.71051E-02
1.77547E+03 -1.71941E-02
1.77644E+03 -1.72792E-02
1.77740E+03 -1.73600E-02
1.77836E+03 -1.74301E-02
1.77933E+03 -1.75008E-02
1.78029E+03 -1.75716E-02
1.78126E+03 -1.76516E-02
1.78222E+03 -1.77191E-02
1.78319E+03 -1.77959E-02
1.78415E+03 -1.78648E-02
1.78511E+03 -1.79177E-02
1.78608E+03 -1.80007E-02
1.78704E+03 -1.80754E-02
1.78801E+03 -1.81285E-02
1.78897E+03 -1.81884E-02
1.78994E+03 -1.82486E-02
1.79090E+03 -1.82853E-02
1.79187E+03 -1.83504E-02
1.79283E+03 -1.84136E-02
1.79379E+03 -1.84354E-02
1.79476E+03 -1.84961E-02
1.79572E+03 -1.85799E-02
1.79669E+03 -1.86374E-02
1.79765E+03 -1.86696E-02
1.79862E+03 -1.87096E-02
1.79958E+03 -1.87655E-02
1.80055E+03 -1.88229E-02
1.80151E+03 -1.88591E-02
1.80247E+03 -1.88994E-02
1.80344E+03 -1.89540E-02
1.80440E+03 -1.89895E-02
1.80537E+03 -1.90176E-02
1.80633E+03 -1.90493E-02
1.80730E+03 -1.91097E-02
1.80826E+03 -1.91523E-02
1.80923E+03 -1.92085E-02
1.81019E+03 -1.92503E-02
1.81115E+03 -1.92592E-02
1.81212E+03 -1.92888E-02
1.81308E+03 -1.93312E-02
1.81405E+03 -1.93670E-02
1.81501E+03 -1.93991E-02
1.81598E+03 -1.94365E-02
1.81694E+03 -1.94795E-02
1.81790E+03 -1.95202E-02
1.81887E+03 -1.95430E-02
1.81983E+03 -1.95711E-02
1.82080E+03 -1.95733E-02
1.82176E+03 -1.96089E-02
1.82273E+03 -1.96699E-02
1.82369E+03 -1.96829E-02
1.82466E+03 -1.96970E-02
1.82562E+03 -1.97109E-02
1.82658E+03 -1.97443E-02
1.82755E+03 -1.98009E-02
1.82851E+03 -1.98244E-02
1.82948E+03 -1.98242E-02
1.83044E+03 -1.98373E-02
1.83141E+03 -1.98828E-02
1.83237E+03 -1.99002E-02
1.83334E+03 -1.98955E-02
1.83430E+03 -1.99271E-02
1.83526E+03 -1.99561E-02
1.83623E+03 -1.99719E-02
1.83719E+03 -1.99994E-02
1.83816E+03 -2.00155E-02
1.83912E+03 -2.00268E-02
1.84009E+03 -2.00326E-02
1.84105E+03 -2.00583E-02
1.84201E+03 -2.00802E-02
1.84298E+03 -2.00831E-02
1.84394E+03 -2.00815E-02
1.84491E+03 -2.00897E-02
1.84587E+03 -2.01338E-02
1.84684E+03 -2.01624E-02
1.84780E+03 -2.01652E-02
1.84877E+03 -2.01705E-02
1.84973E+03 -2.02013E-02
1.85069E+03 -2.02171E-02
1.85166E+03 -2.02351E-02
1.85262E+03 -2.02600E-02
1.85359E+03 -2.02483E-02
1.85455E+03 -2.02645E-02
1.85552E+03 -2.02980E-02
1.85648E+03 -2.02856E-02
1.85745E+03 -2.02854E-02
1.85841E+03 -2.02913E-02
1.85937E+03 -2.02817E-02
1.86034E+03 -2.02703E-02
1.86130E+03 -2.02787E-02
1.86227E+03 -2.03127E-02
1.86323E+03 -2.03221E-02
1.86420E+03 -2.03184E-02
1.86516E+03 -2.03178E-02
1.86612E+03 -2.03307E-02
1.86709E+03 -2.03423E-02
1.86805E+03 -2.03376E-02
1.86902E+03 -2.03227E-02
1.86998E+03 -2.03263E-02
1.87095E+03 -2.03526E-02
1.87191E+03 -2.03572E-02
1.87288E+03 -2.03453E-02
1.87384E+03 -2.03574E-02
1.87480E+03 -2.03658E-02
1.87577E+03 -2.03672E-02
1.87673E+03 -2.03749E-02
1.87770E+03 -2.03662E-02
1.87866E+03 -2.03542E-02
1.87963E+03 -2.03611E-02
1.88059E+03 -2.03737E-02
1.88156E+03 -2.03666E-02
1.88252E+03 -2.03599E-02
1.88348E+03 -2.03655E-02
1.88445E+03 -2.03683E-02
1.88541E+03 -2.03760E-02
1.88638E+03 -2.03541E-02
1.88734E+03 -2.03318E-02
1.88831E+03 -2.03387E-02
1.88927E+03 -2.03279E-02
1.89024E+03 -2.03208E-02
1.89120E+03 -2.03423E-02
1.89216E+03 -2.03367E-02
1.89313E+03 -2.03161E-02
1.89409E+03 -2.03305E-02
1.89506E+03 -2.03098E-02
1.89602E+03 -2.02982E-02
1.89699E+03 -2.03004E-02
1.89795E+03 -2.02712E-02
1.89891E+03 -2.02716E-02
1.89988E+03 -2.02746E-02
1.90084E+03 -2.02598E-02
1.90181E+03 -2.02472E-02
1.90277E+03 -2.02655E-02
1.90374E+03 -2.02764E-02
1.90470E+03 -2.02476E-02
1.90567E+03 -2.02362E-02
1.90663E+03 -2.02334E-02
1.90759E+03 -2.02251E-02
1.90856E+03 -2.02262E-02
1.90952E+03 -2.02304E-02
1.91049E+03 -2.02159E-02
1.91145E+03 -2.02160E-02
1.91242E+03 -2.02266E-02
1.91338E+03 -2.01961E-02
1.91435E+03 -2.01631E-02
1.91531E+03 -2.01551E-02
1.91627E+03 -2.01566E-02
1.91724E+03 -2.01461E-02
1.91820E+03 -2.01287E-02
1.91917E+03 -2.01320E-02
1.92013E+03 -2.01175E-02
1.92110E+03 -2.01114E-02
1.92206E+03 -2.01006E-02
1.92303E+03 -2.00706E-02
1.92399E+03 -2.00643E-02
1.92495E+03 -2.00584E-02
1.92592E+03 -2.00401E-02
1.92688E+03 -2.00268E-02
1.92785E+03 -2.00089E-02
1.92881E+03 -2.00002E-02
1.92978E+03 -1.99792E-02
1.93074E+03 -1.99550E-02
1.93170E+03 -1.99404E-02
1.93267E+03 -1.99208E-02
1.93363E+03 -1.99131E-02
1.93460E+03 -1.98923E-02
1.93556E+03 -1.98514E-02
1.93653E+03 -1.98418E-02
1.93749E+03 -1.98621E-02
1.93846E+03 -1.98524E-02
1.93942E+03 -1.98341E-02
1.94038E+03 -1.98384E-02
1.94135E+03 -1.98307E-02
1.94231E+03 -1.97951E-02
1.94328E+03 -1.97898E-02
1.94424E+03 -1.97794E-02
1.94521E+03 -1.97665E-02
1.94617E+03 -1.97520E-02
1.94714E+03 -1.97418E-02
1.94810E+03 -1.97437E-02
1.94906E+03 -1.97131E-02
1.95003E+03 -1.96757E-02
1.95099E+03 -1.96582E-02
1.95196E+03 -1.96497E-02
1.95292E+03 -1.96266E-02
1.95389E+03 -1.95991E-02
1.95485E+03 -1.95741E-02
1.95581E+03 -1.95594E-02
1.95678E+03 -1.95271E-02
1.95774E+03 -1.94894E-02
1.95871E+03 -1.94742E-02
1.95967E+03 -1.94426E-02
1.96064E+03 -1.94316E-02
1.96160E+03 -1.94429E-02
1.96257E+03 -1.94279E-02
1.96353E+03 -1.94101E-02
1.96449E+03 -1.93773E-02
1.96546E+03 -1.93623E-02
1.96642E+03 -1.93376E-02
1.96739E+03 -1.92916E-02
1.96835E+03 -1.92716E-02
1.96932E+03 -1.92386E-02
1.97028E+03 -1.92024E-02
1.97125E+03 -1.91665E-02
1.97221E+03 -1.91424E-02
1.97317E+03 -1.91341E-02
1.97414E+03 -1.91102E-02
1.97510E+03 -1.90519E-02
1.97607E+03 -1.90107E-02
1.97703E+03 -1.90163E-02
1.97800E+03 -1.89907E-02
1.97896E+03 -1.89341E-02
1.97992E+03 -1.88868E-02
1.98089E+03 -1.88542E-02
1.98185E+03 -1.88064E-02
1.98282E+03 -1.87433E-02
1.98378E+03 -1.86992E-02
1.98475E+03 -1.86651E-02
1.98571E+03 -1.86262E-02
1.98668E+03 -1.85758E-02
1.98764E+03 -1.85006E-02
1.98860E+03 -1.84255E-02
1.98957E+03 -1.83857E-02
1.99053E+03 -1.83317E-02
1.99150E+03 -1.82713E-02
1.99246E+03 -1.81947E-02
1.99343E+03 -1.81279E-02
1.99439E+03 -1.80567E-02
1.99536E+03 -1.79857E-02
1.99632E+03 -1.79393E-02
1.99728E+03 -1.78649E-02
1.99825E+03 -1.77774E-02
1.99921E+03 -1.77048E-02
2.00018E+03 -1.76305E-02
2.00114E+03 -1.75512E-02
2.00211E+03 -1.74728E-02
2.00307E+03 -1.74099E-02
2.00404E+03 -1.73488E-02
2.00500E+03 -1.72598E-02
2.00596E+03 -1.71749E-02
2.00693E+03 -1.70968E-02
2.00789E+03 -1.70394E-02
2.00886E+03 -1.69666E-02
2.00982E+03 -1.68823E-02
2.01079E+03 -1.67998E-02
2.01175E+03 -1.67514E-02
2.01271E+03 -1.67007E-02
2.01368E+03 -1.66121E-02
2.01464E+03 -1.65505E-02
2.01561E+03 -1.64933E-02
2.01657E+03 -1.64624E-02
2.01754E+03 -1.64273E-02
2.01850E+03 -1.63749E-02
2.01947E+03 -1.63292E-02
2.02043E+03 -1.62893E-02
2.02139E+03 -1.62517E-02
2.02236E+03 -1.62083E-02
2.02332E+03 -1.61634E-02
2.02429E+03 -1.61154E-02
2.02525E+03 -1.60850E-02
2.02622E+03 -1.60477E-02
2.02718E+03 -1.59945E-02
2.02815E+03 -1.59656E-02
2.02911E+03 -1.59301E-02
2.03007E+03 -1.58968E-02
2.03104E+03 -1.58712E-02
2.03200E+03 -1.58021E-02
2.03297E+03 -1.57607E-02
2.03393E+03 -1.57436E-02
2.03490E+03 -1.57029E-02
2.03586E+03 -1.56329E-02
2.03682E+03 -1.55707E-02
2.03779E+03 -1.55163E-02
2.03875E+03 -1.54626E-02
2.03972E+03 -1.54132E-02
2.04068E+03 -1.53514E-02
2.04165E+03 -1.52762E-02
2.04261E+03 -1.52246E-02
2.04358E+03 -1.52162E-02
2.04454E+03 -1.51943E-02
2.04550E+03 -1.51683E-02
2.04647E+03 -1.51525E-02
2.04743E+03 -1.51502E-02
2.04840E+03 -1.51560E-02
2.04936E+03 -1.51380E-02
2.05033E+03 -1.51126E-02
2.05129E+03 -1.51027E-02
2.05226E+03 -1.51207E-02
2.05322E+03 -1.51214E-02
2.05418E+03 -1.50819E-02
2.05515E+03 -1.50383E-02
2.05611E+03 -1.49872E-02
2.05708E+03 -1.49212E-02
2.05804E+03 -1.48649E-02
2.05901E+03 -1.48129E-02
2.05997E+03 -1.47793E-02
2.06094E+03 -1.47533E-02
2.06190E+03 -1.47061E-02
2.06286E+03 -1.46576E-02
2.06383E+03 -1.46162E-02
2.06479E+03 -1.45559E-02
2.06576E+03 -1.43867E-02
2.06672E+03 -1.44872E-02
2.06769E+03 -1.45534E-02
2.06865E+03 -1.43733E-02
2.06961E+03 -1.43097E-02
2.07058E+03 -1.42642E-02
2.07154E+03 -1.42334E-02
2.07251E+03 -1.41936E-02
2.07347E+03 -1.41599E-02
2.07444E+03 -1.40958E-02
2.07540E+03 -1.40480E-02
2.07637E+03 -1.40063E-02
2.07733E+03 -1.39571E-02
2.07829E+03 -1.38953E-02
2.07926E+03 -1.38382E-02
2.08022E+03 -1.37999E-02
2.08119E+03 -1.37568E-02
2.08215E+03 -1.37316E-02
2.08312E+03 -1.36557E-02
2.08408E+03 -1.35929E-02
2.08505E+03 -1.35399E-02
2.08601E+03 -1.34876E-02
2.08697E+03 -1.34421E-02
2.08794E+03 -1.33646E-02
2.08890E+03 -1.32964E-02
2.08987E+03 -1.32429E-02
2.09083E+03 -1.31999E-02
2.09180E+03 -1.31292E-02
2.09276E+03 -1.30541E-02
2.09372E+03 -1.29843E-02
2.09469E+03 -1.29604E-02
2.09565E+03 -1.29146E-02
2.09662E+03 -1.28101E-02
2.09758E+03 -1.27290E-02
2.09855E+03 -1.26904E-02
2.09951E+03 -1.26387E-02
2.10048E+03 -1.25440E-02
2.10144E+03 -1.24833E-02
2.10240E+03 -1.24632E-02
2.10337E+03 -1.24414E-02
2.10433E+03 -1.23433E-02
2.10530E+03 -1.22375E-02
2.10626E+03 -1.21641E-02
2.10723E+03 -1.21267E-02
2.10819E+03 -1.20626E-02
2.10916E+03 -1.19435E-02
2.11012E+03 -1.18495E-02
2.11108E+03 -1.18128E-02
2.11205E+03 -1.17508E-02
2.11301E+03 -1.16228E-02
2.11398E+03 -1.15386E-02
2.11494E+03 -1.15113E-02
2.11591E+03 -1.14671E-02
2.11687E+03 -1.13517E-02
2.11783E+03 -1.12395E-02
2.11880E+03 -1.11815E-02
2.11976E+03 -1.11388E-02
2.12073E+03 -1.10169E-02
2.12169E+03 -1.08821E-02
2.12266E+03 -1.07917E-02
2.12362E+03 -1.07388E-02
2.12459E+03 -1.06570E-02
2.12555E+03 -1.05283E-02
2.12651E+03 -1.04369E-02
2.12748E+03 -1.03677E-02
2.12844E+03 -1.02693E-02
2.12941E+03 -1.01385E-02
2.13037E+03 -1.00218E-02
2.13134E+03 -9.96530E-03
2.13230E+03 -9.86911E-03
2.13327E+03 -9.71496E-03
2.13423E+03 -9.62383E-03
2.13519E+03 -9.55790E-03
2.13616E+03 -9.45822E-03
2.13712E+03 -9.34815E-03
2.13809E+03 -9.25327E-03
2.13905E+03 -9.14729E-03
2.14002E+03 -9.06162E-03
2.14098E+03 -8.95588E-03
2.14195E+03 -8.87645E-03
2.14291E+03 -8.74235E-03
2.14387E+03 -8.58098E-03
2.14484E+03 -8.49834E-03
2.14580E+03 -8.39642E-03
2.14677E+03 -8.31661E-03
2.14773E+03 -8.22562E-03
2.14870E+03 -8.09564E-03
2.14966E+03 -7.97924E-03
2.15062E+03 -7.90290E-03
2.15159E+03 -7.79917E-03
2.15255E+03 -7.65894E-03
2.15352E+03 -7.57173E-03
2.15448E+03 -7.49234E-03
2.15545E+03 -7.36593E-03
2.15641E+03 -7.23629E-03
2.15738E+03 -7.14029E-03
2.15834E+03 -7.07771E-03
2.15930E+03 -6.95540E-03
2.16027E+03 -6.79409E-03
2.16123E+03 -6.72499E-03
2.16220E+03 -6.65153E-03
2.16316E+03 -6.49256E-03
2.16413E+03 -6.35421E-03
2.16509E+03 -6.30322E-03
2.16606E+03 -6.24522E-03
2.16702E+03 -6.09307E-03
2.16798E+03 -5.95944E-03
2.16895E+03 -5.90500E-03
2.16991E+03 -5.81628E-03
2.17088E+03 -5.69576E-03
2.17184E+03 -5.64193E-03
2.17281E+03 -5.58905E-03
2.17377E+03 -5.44782E-03
2.17473E+03 -5.28200E-03
2.17570E+03 -5.22200E-03
2.17666E+03 -5.18053E-03
2.17763E+03 -5.06123E-03
2.17859E+03 -4.97760E-03
2.17956E+03 -4.95538E-03
2.18052E+03 -4.85438E-03
2.18149E+03 -4.72324E-03
2.18245E+03 -4.68648E-03
2.18341E+03 -4.62380E-03
2.18438E+03 -4.48451E-03
2.18534E+03 -4.39877E-03
2.18631E+03 -4.37564E-03
2.18727E+03 -4.28213E-03
2.18824E+03 -4.14468E-03
2.18920E+03 -4.09953E-03
2.19017E+03 -4.04975E-03
2.19113E+03 -3.94997E-03
2.19209E+03 -3.88967E-03
2.19306E+03 -3.85221E-03
2.19402E+03 -3.77984E-03
2.19499E+03 -3.65999E-03
2.19595E+03 -3.61610E-03
2.19692E+03 -3.59350E-03
2.19788E+03 -3.48964E-03
2.19884E+03 -3.41969E-03
2.19981E+03 -3.39097E-03
2.20077E+03 -3.29700E-03
2.20174E+03 -3.20003E-03
2.20270E+03 -3.16926E-03
2.20367E+03 -3.11439E-03
2.20463E+03 -3.02582E-03
2.20560E+03 -2.96833E-03
2.20656E+03 -2.90844E-03
2.20752E+03 -2.80911E-03
2.20849E+03 -2.73431E-03
2.20945E+03 -2.69473E-03
2.21042E+03 -2.62229E-03
2.21138E+03 -2.54626E-03
2.21235E+03 -2.46678E-03
2.21331E+03 -2.36758E-03
2.21428E+03 -2.29899E-03
2.21524E+03 -2.25270E-03
2.21620E+03 -2.17460E-03
2.21717E+03 -2.07079E-03
2.21813E+03 -1.96153E-03
2.21910E+03 -1.87420E-03
2.22006E+03 -1.80767E-03
2.22103E+03 -1.72748E-03
2.22199E+03 -1.62622E-03
2.22296E+03 -1.52263E-03
2.22392E+03 -1.46486E-03
2.22488E+03 -1.38795E-03
2.22585E+03 -1.28883E-03
2.22681E+03 -1.20776E-03
2.22778E+03 -1.12986E-03
2.22874E+03 -1.04764E-03
2.22971E+03 -9.51450E-04
2.23067E+03 -8.59082E-04
2.23163E+03 -7.61852E-04
2.23260E+03 -6.68142E-04
2.23356E+03 -5.97663E-04
2.23453E+03 -4.99286E-04
2.23549E+03 -3.78858E-04
2.23646E+03 -2.59306E-04
2.23742E+03 -1.46993E-04
2.23839E+03 -4.61787E-05
2.23935E+03 5.81369E-05
2.24031E+03 1.71155E-04
2.24128E+03 2.89489E-04
2.24224E+03 3.78523E-04
2.24321E+03 4.78014E-04
2.24417E+03 5.89859E-04
2.24514E+03 6.77083E-04
2.24610E+03 7.53235E-04
2.24707E+03 8.43287E-04
2.24803E+03 9.22557E-04
2.24899E+03 9.97603E-04
2.24996E+03 1.08036E-03
2.25092E+03 1.16915E-03
2.25189E+03 1.24247E-03
2.25285E+03 1.30919E-03
2.25382E+03 1.39448E-03
2.25478E+03 1.47884E-03
2.25574E+03 1.56599E-03
2.25671E+03 1.68952E-03
2.25767E+03 1.82454E-03
2.25864E+03 1.94014E-03
2.25960E+03 2.07291E-03
2.26057E+03 2.20271E-03
2.26153E+03 2.32271E-03
2.26250E+03 2.41755E-03
2.26346E+03 2.54789E-03
2.26442E+03 2.75327E-03
2.26539E+03 2.98923E-03
2.26635E+03 3.26082E-03
2.26732E+03 3.55127E-03
2.26828E+03 3.95172E-03
2.26925E+03 4.56824E-03
2.27021E+03 5.54020E-03
2.27118E+03 7.27777E-03
2.27214E+03 1.04829E-02
2.27310E+03 1.60472E-02
2.27407E+03 2.42423E-02
2.27503E+03 3.38118E-02
2.27600E+03 4.24754E-02
2.27696E+03 4.80927E-02
2.27793E+03 4.97693E-02
2.27889E+03 4.77875E-02
2.27986E+03 4.34385E-02
2.28082E+03 3.83138E-02
2.28178E+03 3.48291E-02
2.28275E+03 3.17804E-02
2.28371E+03 2.43021E-02
2.28468E+03 1.62277E-02
2.28564E+03 1.16524E-02
2.28661E+03 8.95339E-03
2.28757E+03 7.56064E-03
2.28853E+03 7.04709E-03
2.28950E+03 6.98065E-03
2.29046E+03 7.15211E-03
2.29143E+03 7.45090E-03
2.29239E+03 7.82983E-03
2.29336E+03 8.25390E-03
2.29432E+03 8.69312E-03
2.29529E+03 9.18564E-03
2.29625E+03 9.71677E-03
2.29721E+03 1.02463E-02
2.29818E+03 1.08007E-02
2.29914E+03 1.13888E-02
2.30011E+03 1.20121E-02
2.30107E+03 1.26649E-02
2.30204E+03 1.33263E-02
2.30300E+03 1.40087E-02
2.30397E+03 1.47590E-02
2.30493E+03 1.55439E-02
2.30589E+03 1.63534E-02
2.30686E+03 1.72001E-02
2.30782E+03 1.80932E-02
2.30879E+03 1.90675E-02
2.30975E+03 2.01402E-02
2.31072E+03 2.12383E-02
2.31168E+03 2.24475E-02
2.31265E+03 2.38004E-02
2.31361E+03 2.53282E-02
2.31457E+03 2.70259E-02
2.31554E+03 2.90318E-02
2.31650E+03 3.14364E-02
2.31747E+03 3.45259E-02
2.31843E+03 3.86192E-02
2.31940E+03 4.42675E-02
2.32036E+03 5.18977E-02
2.32132E+03 6.17292E-02
2.32229E+03 7.35119E-02
2.32325E+03 8.74476E-02
2.32422E+03 1.05469E-01
2.32518E+03 1.33876E-01
2.32615E+03 1.82738E-01
2.32711E+03 2.59814E-01
2.32808E+03 3.59797E-01
2.32904E+03 4.69339E-01
2.33000E+03 5.78714E-01
2.33097E+03 6.81223E-01
2.33193E+03 7.75872E-01
2.33290E+03 8.63037E-01
2.33386E+03 9.44437E-01
2.33483E+03 1.01974E+00
2.33579E+03 1.09056E+00
2.33676E+03 1.15704E+00
2.33772E+03 1.21765E+00
2.33868E+03 1.26810E+00
2.33965E+03 1.30883E+00
2.34061E+03 1.33947E+00
2.34158E+03 1.36370E+00
2.34254E+03 1.38471E+00
2.34351E+03 1.40295E+00
2.34447E+03 1.39766E+00
2.34543E+03 1.35655E+00
2.34640E+03 1.29659E+00
2.34736E+03 1.23186E+00
2.34833E+03 1.16741E+00
2.34929E+03 1.10604E+00
2.35026E+03 1.04748E+00
2.35122E+03 9.92242E-01
2.35219E+03 9.40859E-01
2.35315E+03 8.92929E-01
2.35411E+03 8.48388E-01
2.35508E+03 8.07187E-01
2.35604E+03 7.68437E-01
2.35701E+03 7.31930E-01
2.35797E+03 6.97182E-01
2.35894E+03 6.63596E-01
2.35990E+03 6.30477E-01
2.36087E+03 5.97443E-01
2.36183E+03 5.64187E-01
2.36279E+03 5.30235E-01
2.36376E+03 4.95419E-01
2.36472E+03 4.59633E-01
2.36569E+03 4.22938E-01
2.36665E+03 3.85740E-01
2.36762E+03 3.48508E-01
2.36858E+03 3.12072E-01
2.36954E+03 2.77563E-01
2.37051E+03 2.45935E-01
2.37147E+03 2.17507E-01
2.37244E+03 1.91556E-01
2.37340E+03 1.66877E-01
2.37437E+03 1.43211E-01
2.37533E+03 1.21297E-01
2.37630E+03 1.01695E-01
2.37726E+03 8.41072E-02
2.37822E+03 6.79242E-02
2.37919E+03 5.30192E-02
2.38015E+03 3.99843E-02
2.38112E+03 2.94769E-02
2.38208E+03 2.19496E-02
2.38305E+03 1.71884E-02
2.38401E+03 1.41477E-02
2.38498E+03 1.19338E-02
2.38594E+03 1.01463E-02
2.38690E+03 8.66488E-03
2.38787E+03 7.42764E-03
2.38883E+03 6.36175E-03
2.38980E+03 5.38184E-03
2.39076E+03 4.49898E-03
2.39173E+03 3.73107E-03
2.39269E+03 3.02786E-03
2.39366E+03 2.39635E-03
2.39462E+03 1.81088E-03
2.39558E+03 1.26326E-03
2.39655E+03 7.57053E-04
2.39751E+03 2.62078E-04
2.39848E+03 -1.60668E-04
2.39944E+03 -5.38658E-04
2.40041E+03 -9.32567E-04
2.40137E+03 -1.29269E-03
2.40233E+03 -1.59729E-03
2.40330E+03 -1.88404E-03
2.40426E+03 -2.15952E-03
2.40523E+03 -2.41648E-03
2.40619E+03 -2.64972E-03
2.40716E+03 -2.89734E-03
2.40812E+03 -3.11473E-03
2.40909E+03 -3.29021E-03
2.41005E+03 -3.49129E-03
2.41101E+03 -3.66207E-03
2.41198E+03 -3.82587E-03
2.41294E+03 -4.00483E-03
2.41391E+03 -4.13864E-03
2.41487E+03 -4.24523E-03
2.41584E+03 -4.35336E-03
2.41680E+03 -4.45279E-03
2.41777E+03 -4.56702E-03
2.41873E+03 -4.68944E-03
2.41969E+03 -4.79186E-03
2.42066E+03 -4.86145E-03
2.42162E+03 -4.92414E-03
2.42259E+03 -5.00102E-03
2.42355E+03 -5.05423E-03
2.42452E+03 -5.11824E-03
2.42548E+03 -5.20526E-03
2.42644E+03 -5.27299E-03
2.42741E+03 -5.32023E-03
2.42837E+03 -5.38944E-03
2.42934E+03 -5.45126E-03
2.43030E+03 -5.51285E-03
2.43127E+03 -5.58845E-03
2.43223E+03 -5.64467E-03
2.43320E+03 -5.68767E-03
2.43416E+03 -5.75304E-03
2.43512E+03 -5.82136E-03
2.43609E+03 -5.86940E-03
2.43705E+03 -5.91863E-03
2.43802E+03 -5.95329E-03
2.43898E+03 -5.98316E-03
2.43995E+03 -6.02322E-03
2.44091E+03 -6.07317E-03
2.44188E+03 -6.10041E-03
2.44284E+03 -6.11443E-03
2.44380E+03 -6.15012E-03
2.44477E+03 -6.19705E-03
2.44573E+03 -6.24205E-03
2.44670E+03 -6.27098E-03
2.44766E+03 -6.30348E-03
2.44863E+03 -6.38125E-03
2.44959E+03 -6.45376E-03
2.45055E+03 -6.52835E-03
2.45152E+03 -6.59676E-03
2.45248E+03 -6.65679E-03
2.45345E+03 -6.74143E-03
2.45441E+03 -6.81717E-03
2.45538E+03 -6.89592E-03
2.45634E+03 -6.98801E-03
2.45731E+03 -7.08271E-03
2.45827E+03 -7.16424E-03
2.45923E+03 -7.24860E-03
2.46020E+03 -7.36528E-03
2.46116E+03 -7.49485E-03
2.46213E+03 -7.62063E-03
2.46309E+03 -7.71721E-03
2.46406E+03 -7.82792E-03
2.46502E+03 -7.95845E-03
2.46599E+03 -8.04664E-03
2.46695E+03 -8.13771E-03
2.46791E+03 -8.25611E-03
2.46888E+03 -8.37489E-03
2.46984E+03 -8.48312E-03
2.47081E+03 -8.58247E-03
2.47177E+03 -8.69038E-03
2.47274E+03 -8.79897E-03
2.47370E+03 -8.87358E-03
2.47467E+03 -8.94869E-03
2.47563E+03 -9.01971E-03
2.47659E+03 -9.09315E-03
2.47756E+03 -9.15573E-03
2.47852E+03 -9.21500E-03
2.47949E+03 -9.26838E-03
2.48045E+03 -9.29839E-03
2.48142E+03 -9.34468E-03
2.48238E+03 -9.39694E-03
2.48334E+03 -9.43517E-03
2.48431E+03 -9.46304E-03
2.48527E+03 -9.49190E-03
2.48624E+03 -9.51306E-03
2.48720E+03 -9.51979E-03
2.48817E+03 -9.51141E-03
2.48913E+03 -9.49955E-03
2.49010E+03 -9.48510E-03
2.49106E+03 -9.48326E-03
2.49202E+03 -9.48727E-03
2.49299E+03 -9.46051E-03
2.49395E+03 -9.44529E-03
2.49492E+03 -9.42111E-03
2.49588E+03 -9.37928E-03
2.49685E+03 -9.36513E-03
2.49781E+03 -9.33687E-03
2.49878E+03 -9.27841E-03
2.49974E+03 -9.22303E-03
2.50070E+03 -9.20427E-03
2.50167E+03 -9.15723E-03
2.50263E+03 -9.06935E-03
2.50360E+03 -9.02397E-03
2.50456E+03 -8.97806E-03
2.50553E+03 -8.89722E-03
2.50649E+03 -8.82854E-03
2.50745E+03 -8.75862E-03
2.50842E+03 -8.66918E-03
2.50938E+03 -8.58384E-03
2.51035E+03 -8.52195E-03
2.51131E+03 -8.46699E-03
2.51228E+03 -8.39766E-03
2.51324E+03 -8.28851E-03
2.51421E+03 -8.17747E-03
2.51517E+03 -8.08939E-03
2.51613E+03 -7.98541E-03
2.51710E+03 -7.90066E-03
2.51806E+03 -7.79509E-03
2.51903E+03 -7.67715E-03
2.51999E+03 -7.58128E-03
2.52096E+03 -7.48512E-03
2.52192E+03 -7.37610E-03
2.52289E+03 -7.25798E-03
2.52385E+03 -7.18996E-03
2.52481E+03 -7.11872E-03
2.52578E+03 -6.99722E-03
2.52674E+03 -6.89632E-03
2.52771E+03 -6.80240E-03
2.52867E+03 -6.69264E-03
2.52964E+03 -6.60454E-03
2.53060E+03 -6.53310E-03
2.53156E+03 -6.45905E-03
2.53253E+03 -6.39064E-03
2.53349E+03 -6.31721E-03
2.53446E+03 -6.26356E-03
2.53542E+03 -6.23574E-03
2.53639E+03 -6.18130E-03
2.53735E+03 -6.14909E-03
2.53832E+03 -6.12096E-03
2.53928E+03 -6.05929E-03
2.54024E+03 -6.03561E-03
2.54121E+03 -6.02072E-03
2.54217E+03 -6.00453E-03
2.54314E+03 -6.03601E-03
2.54410E+03 -6.04123E-03
2.54507E+03 -6.04896E-03
2.54603E+03 -6.07863E-03
2.54700E+03 -6.11228E-03
2.54796E+03 -6.14424E-03
2.54892E+03 -6.15902E-03
2.54989E+03 -6.19203E-03
2.55085E+03 -6.22866E-03
2.55182E+03 -6.25737E-03
2.55278E+03 -6.28039E-03
2.55375E+03 -6.33930E-03
2.55471E+03 -6.37111E-03
2.55568E+03 -6.36882E-03
2.55664E+03 -6.40757E-03
2.55760E+03 -6.44460E-03
2.55857E+03 -6.47195E-03
2.55953E+03 -6.50188E-03
2.56050E+03 -6.52309E-03
2.56146E+03 -6.54050E-03
2.56243E+03 -6.57062E-03
2.56339E+03 -6.59379E-03
2.56435E+03 -6.61743E-03
2.56532E+03 -6.64350E-03
2.56628E+03 -6.65645E-03
2.56725E+03 -6.68024E-03
2.56821E+03 -6.71887E-03
2.56918E+03 -6.73592E-03
2.57014E+03 -6.75368E-03
2.57111E+03 -6.78959E-03
2.57207E+03 -6.80141E-03
2.57303E+03 -6.82557E-03
2.57400E+03 -6.86196E-03
2.57496E+03 -6.88940E-03
2.57593E+03 -6.90328E-03
2.57689E+03 -6.91534E-03
2.57786E+03 -6.92482E-03
2.57882E+03 -6.94989E-03
2.57979E+03 -6.97602E-03
2.58075E+03 -6.97954E-03
2.58171E+03 -6.97604E-03
2.58268E+03 -6.94776E-03
2.58364E+03 -6.92653E-03
2.58461E+03 -6.94479E-03
2.58557E+03 -6.94440E-03
2.58654E+03 -6.89632E-03
2.58750E+03 -6.84578E-03
2.58846E+03 -6.80937E-03
2.58943E+03 -6.79220E-03
2.59039E+03 -6.76531E-03
2.59136E+03 -6.71820E-03
2.59232E+03 -6.64305E-03
2.59329E+03 -6.58937E-03
2.59425E+03 -6.56572E-03
2.59522E+03 -6.51945E-03
2.59618E+03 -6.47449E-03
2.59714E+03 -6.44606E-03
2.59811E+03 -6.44284E-03
2.59907E+03 -6.43735E-03
2.60004E+03 -6.40155E-03
2.60100E+03 -6.36497E-03
2.60197E+03 -6.37404E-03
2.60293E+03 -6.42089E-03
2.60390E+03 -6.44419E-03
2.60486E+03 -6.43447E-03
2.60582E+03 -6.44465E-03
2.60679E+03 -6.46720E-03
2.60775E+03 -6.49163E-03
2.60872E+03 -6.54111E-03
2.60968E+03 -6.58372E-03
2.61065E+03 -6.61926E-03
2.61161E+03 -6.65693E-03
2.61258E+03 -6.68941E-03
2.61354E+03 -6.72346E-03
2.61450E+03 -6.75040E-03
2.61547E+03 -6.78341E-03
2.61643E+03 -6.81679E-03
2.61740E+03 -6.85789E-03
2.61836E+03 -6.91626E-03
2.61933E+03 -6.94598E-03
2.62029E+03 -7.00811E-03
2.62125E+03 -7.09835E-03
2.62222E+03 -7.14540E-03
2.62318E+03 -7.20076E-03
2.62415E+03 -7.26894E-03
2.62511E+03 -7.35422E-03
2.62608E+03 -7.44180E-03
2.62704E+03 -7.50518E-03
2.62801E+03 -7.55876E-03
2.62897E+03 -7.62629E-03
2.62993E+03 -7.68014E-03
2.63090E+03 -7.70422E-03
2.63186E+03 -7.74930E-03
2.63283E+03 -7.78832E-03
2.63379E+03 -7.84009E-03
2.63476E+03 -7.89291E-03
2.63572E+03 -7.93619E-03
2.63669E+03 -7.97646E-03
2.63765E+03 -7.98079E-03
2.63861E+03 -8.00095E-03
2.63958E+03 -8.03353E-03
2.64054E+03 -8.03785E-03
2.64151E+03 -8.02074E-03
2.64247E+03 -8.04535E-03
2.64344E+03 -8.07193E-03
2.64440E+03 -8.05677E-03
2.64536E+03 -8.06590E-03
2.64633E+03 -8.08754E-03
2.64729E+03 -8.08514E-03
2.64826E+03 -8.07918E-03
2.64922E+03 -8.06637E-03
2.65019E+03 -8.03959E-03
2.65115E+03 -8.01916E-03
2.65212E+03 -8.01464E-03
2.65308E+03 -8.03338E-03
2.65404E+03 -8.04659E-03
2.65501E+03 -8.02942E-03
2.65597E+03 -8.00231E-03
2.65694E+03 -7.96733E-03
2.65790E+03 -7.94671E-03
2.65887E+03 -7.95142E-03
2.65983E+03 -7.93299E-03
2.66080E+03 -7.91489E-03
2.66176E+03 -7.91544E-03
2.66272E+03 -7.91946E-03
2.66369E+03 -7.88558E-03
2.66465E+03 -7.84001E-03
2.66562E+03 -7.81835E-03
2.66658E+03 -7.80620E-03
2.66755E+03 -7.79815E-03
2.66851E+03 -7.81156E-03
2.66948E+03 -7.80770E-03
2.67044E+03 -7.77124E-03
2.67140E+03 -7.74309E-03
2.67237E+03 -7.70392E-03
2.67333E+03 -7.66892E-03
2.67430E+03 -7.64520E-03
2.67526E+03 -7.61885E-03
2.67623E+03 -7.60100E-03
2.67719E+03 -7.59892E-03
2.67815E+03 -7.56099E-03
2.67912E+03 -7.51434E-03
2.68008E+03 -7.47186E-03
2.68105E+03 -7.46350E-03
2.68201E+03 -7.47165E-03
2.68298E+03 -7.43130E-03
2.68394E+03 -7.41030E-03
2.68491E+03 -7.38922E-03
2.68587E+03 -7.35741E-03
2.68683E+03 -7.34498E-03
2.68780E+03 -7.29195E-03
2.68876E+03 -7.24868E-03
2.68973E+03 -7.24915E-03
2.69069E+03 -7.21299E-03
2.69166E+03 -7.16215E-03
2.69262E+03 -7.12376E-03
2.69359E+03 -7.09914E-03
2.69455E+03 -7.06432E-03
2.69551E+03 -7.02447E-03
2.69648E+03 -7.00042E-03
2.69744E+03 -6.95709E-03
2.69841E+03 -6.92846E-03
2.69937E+03 -6.90864E-03
2.70034E+03 -6.87691E-03
2.70130E+03 -6.82335E-03
2.70226E+03 -6.78489E-03
2.70323E+03 -6.75304E-03
2.70419E+03 -6.71610E-03
2.70516E+03 -6.69862E-03
2.70612E+03 -6.62423E-03
2.70709E+03 -6.57590E-03
2.70805E+03 -6.56923E-03
2.70902E+03 -6.55134E-03
2.70998E+03 -6.51766E-03
2.71094E+03 -6.44230E-03
2.71191E+03 -6.38429E-03
2.71287E+03 -6.35490E-03
2.71384E+03 -6.33042E-03
2.71480E+03 -6.26807E-03
2.71577E+03 -6.22909E-03
2.71673E+03 -6.20712E-03
2.71770E+03 -6.14417E-03
2.71866E+03 -6.10563E-03
2.71962E+03 -6.06494E-03
2.72059E+03 -5.98959E-03
2.72155E+03 -5.94350E-03
2.72252E+03 -5.91524E-03
2.72348E+03 -5.88007E-03
2.72445E+03 -5.83445E-03
2.72541E+03 -5.74222E-03
2.72638E+03 -5.67396E-03
2.72734E+03 -5.66174E-03
2.72830E+03 -5.60274E-03
2.72927E+03 -5.54371E-03
2.73023E+03 -5.52563E-03
2.73120E+03 -5.48149E-03
2.73216E+03 -5.43788E-03
2.73313E+03 -5.34202E-03
2.73409E+03 -5.23856E-03
2.73505E+03 -5.18339E-03
2.73602E+03 -5.14745E-03
2.73698E+03 -5.09693E-03
2.73795E+03 -5.00509E-03
2.73891E+03 -4.93721E-03
2.73988E+03 -4.87252E-03
2.74084E+03 -4.78843E-03
2.74181E+03 -4.73780E-03
2.74277E+03 -4.65823E-03
2.74373E+03 -4.55846E-03
2.74470E+03 -4.48295E-03
2.74566E+03 -4.42481E-03
2.74663E+03 -4.36984E-03
2.74759E+03 -4.28037E-03
2.74856E+03 -4.20281E-03
2.74952E+03 -4.08534E-03
2.75049E+03 -3.93056E-03
2.75145E+03 -3.86063E-03
2.75241E+03 -3.79561E-03
2.75338E+03 -3.72170E-03
2.75434E+03 -3.57588E-03
2.75531E+03 -3.45301E-03
2.75627E+03 -3.36818E-03
2.75724E+03 -3.30967E-03
2.75820E+03 -3.26302E-03
2.75916E+03 -3.13656E-03
2.76013E+03 -3.04713E-03
2.76109E+03 -2.87049E-03
2.76206E+03 -2.56746E-03
2.76302E+03 -2.32196E-03
2.76399E+03 -2.03460E-03
2.76495E+03 -1.85203E-03
2.76592E+03 -2.18870E-03
2.76688E+03 -1.91539E-03
2.76784E+03 -1.52789E-03
2.76881E+03 -1.73439E-03
2.76977E+03 -1.36305E-03
2.77074E+03 -1.11115E-03
2.77170E+03 -8.19750E-04
2.77267E+03 -2.28424E-04
2.77363E+03 -3.04058E-04
2.77460E+03 -2.94939E-04
2.77556E+03 6.44661E-05
2.77652E+03 3.68059E-04
2.77749E+03 5.76861E-04
2.77845E+03 7.56279E-04
2.77942E+03 1.09964E-03
2.78038E+03 1.37693E-03
2.78135E+03 1.57698E-03
2.78231E+03 1.85454E-03
2.78327E+03 2.19354E-03
2.78424E+03 2.50928E-03
2.78520E+03 2.83160E-03
2.78617E+03 3.13669E-03
2.78713E+03 3.41763E-03
2.78810E+03 3.80304E-03
2.78906E+03 4.18094E-03
2.79003E+03 4.56561E-03
2.79099E+03 4.98509E-03
2.79195E+03 5.34088E-03
2.79292E+03 5.73542E-03
2.79388E+03 6.17460E-03
2.79485E+03 6.61620E-03
2.79581E+03 7.08746E-03
2.79678E+03 7.57212E-03
2.79774E+03 8.05753E-03
2.79871E+03 8.51098E-03
2.79967E+03 8.98641E-03
2.80063E+03 9.50016E-03
2.80160E+03 9.99568E-03
2.80256E+03 1.05141E-02
2.80353E+03 1.10600E-02
2.80449E+03 1.16297E-02
2.80546E+03 1.21759E-02
2.80642E+03 1.27269E-02
2.80739E+03 1.33004E-02
2.80835E+03 1.38799E-02
2.80931E+03 1.44997E-02
2.81028E+03 1.51389E-02
2.81124E+03 1.57695E-02
2.81221E+03 1.63845E-02
2.81317E+03 1.70362E-02
2.81414E+03 1.77177E-02
2.81510E+03 1.84057E-02
2.81606E+03 1.91169E-02
2.81703E+03 1.98087E-02
2.81799E+03 2.05313E-02
2.81896E+03 2.13321E-02
2.81992E+03 2.21288E-02
2.82089E+03 2.29528E-02
2.82185E+03 2.38272E-02
2.82282E+03 2.47270E-02
2.82378E+03 2.56707E-02
2.82474E+03 2.66092E-02
2.82571E+03 2.75553E-02
2.82667E+03 2.85408E-02
2.82764E+03 2.94682E-02
2.82860E+03 3.03265E-02
2.82957E+03 3.11280E-02
2.83053E+03 3.17735E-02
2.83150E+03 3.22357E-02
2.83246E+03 3.25115E-02
2.83342E+03 3.25877E-02
2.83439E+03 3.24713E-02
2.83535E+03 3.21104E-02
2.83632E+03 3.15327E-02
2.83728E+03 3.08624E-02
2.83825E+03 3.00993E-02
2.83921E+03 2.92683E-02
2.84017E+03 2.84677E-02
2.84114E+03 2.77061E-02
2.84210E+03 2.69568E-02
2.84307E+03 2.62954E-02
2.84403E+03 2.57421E-02
2.84500E+03 2.52230E-02
2.84596E+03 2.47994E-02
2.84693E+03 2.44375E-02
2.84789E+03 2.40930E-02
2.84885E+03 2.37297E-02
2.84982E+03 2.33585E-02
2.85078E+03 2.30330E-02
2.85175E+03 2.27315E-02
2.85271E+03 2.24712E-02
2.85368E+03 2.22044E-02
2.85464E+03 2.19056E-02
2.85561E+03 2.16128E-02
2.85657E+03 2.13489E-02
2.85753E+03 2.10770E-02
2.85850E+03 2.07915E-02
2.85946E+03 2.05215E-02
2.86043E+03 2.02745E-02
2.86139E+03 2.00488E-02
2.86236E+03 1.98132E-02
2.86332E+03 1.95712E-02
2.86428E+03 1.93441E-02
2.86525E+03 1.90932E-02
2.86621E+03 1.88651E-02
2.86718E+03 1.86571E-02
2.86814E+03 1.84524E-02
2.86911E+03 1.82595E-02
2.87007E+03 1.80224E-02
2.87104E+03 1.78478E-02
2.87200E+03 1.77209E-02
2.87296E+03 1.75465E-02
2.87393E+03 1.73844E-02
2.87489E+03 1.72545E-02
2.87586E+03 1.71815E-02
2.87682E+03 1.70934E-02
2.87779E+03 1.69673E-02
2.87875E+03 1.69045E-02
2.87972E+03 1.68681E-02
2.88068E+03 1.68401E-02
2.88164E+03 1.68447E-02
2.88261E+03 1.68557E-02
2.88357E+03 1.68893E-02
2.88454E+03 1.69285E-02
2.88550E+03 1.69897E-02
2.88647E+03 1.70691E-02
2.88743E+03 1.71374E-02
2.88840E+03 1.72516E-02
2.88936E+03 1.73970E-02
2.89032E+03 1.74783E-02
2.89129E+03 1.75885E-02
2.89225E+03 1.77668E-02
2.89322E+03 1.79184E-02
2.89418E+03 1.80828E-02
2.89515E+03 1.82518E-02
2.89611E+03 1.84074E-02
2.89707E+03 1.85827E-02
2.89804E+03 1.87867E-02
2.89900E+03 1.90194E-02
2.89997E+03 1.92943E-02
2.90093E+03 1.95822E-02
2.90190E+03 1.98377E-02
2.90286E+03 2.01366E-02
2.90383E+03 2.04775E-02
2.90479E+03 2.07921E-02
2.90575E+03 2.11363E-02
2.90672E+03 2.15004E-02
2.90768E+03 2.18668E-02
2.90865E+03 2.22792E-02
2.90961E+03 2.26903E-02
2.91058E+03 2.30747E-02
2.91154E+03 2.34235E-02
2.91251E+03 2.37476E-02
2.91347E+03 2.40357E-02
2.91443E+03 2.42532E-02
2.91540E+03 2.44115E-02
2.91636E+03 2.44739E-02
2.91733E+03 2.44619E-02
2.91829E+03 2.44052E-02
2.91926E+03 2.42727E-02
2.92022E+03 2.41239E-02
2.92118E+03 2.40378E-02
2.92215E+03 2.40739E-02
2.92311E+03 2.41842E-02
2.92408E+03 2.43564E-02
2.92504E+03 2.46547E-02
2.92601E+03 2.50709E-02
2.92697E+03 2.55933E-02
2.92794E+03 2.61869E-02
2.92890E+03 2.68474E-02
2.92986E+03 2.76018E-02
2.93083E+03 2.83894E-02
2.93179E+03 2.91733E-02
2.93276E+03 2.98985E-02
2.93372E+03 3.05309E-02
2.93469E+03 3.11167E-02
2.93565E+03 3.16235E-02
2.93662E+03 3.19946E-02
2.93758E+03 3.22036E-02
2.93854E+03 3.22946E-02
2.93951E+03 3.23146E-02
2.94047E+03 3.22190E-02
2.94144E+03 3.20138E-02
2.94240E+03 3.18049E-02
2.94337E+03 3.15791E-02
2.94433E+03 3.13293E-02
2.94530E+03 3.11811E-02
2.94626E+03 3.11269E-02
2.94722E+03 3.11339E-02
2.94819E+03 3.12521E-02
2.94915E+03 3.14523E-02
2.95012E+03 3.17660E-02
2.95108E+03 3.22665E-02
2.95205E+03 3.28159E-02
2.95301E+03 3.33350E-02
2.95397E+03 3.39123E-02
2.95494E+03 3.45320E-02
2.95590E+03 3.51282E-02
2.95687E+03 3.56875E-02
2.95783E+03 3.62059E-02
2.95880E+03 3.66738E-02
2.95976E+03 3.70606E-02
2.96073E+03 3.73556E-02
2.96169E+03 3.76467E-02
2.96265E+03 3.78981E-02
2.96362E+03 3.80321E-02
2.96458E+03 3.81342E-02
2.96555E+03 3.82385E-02
2.96651E+03 3.83656E-02
2.96748E+03 3.84961E-02
2.96844E+03 3.85536E-02
2.96941E+03 3.86336E-02
2.97037E+03 3.87215E-02
2.97133E+03 3.87621E-02
2.97230E+03 3.87982E-02
2.97326E+03 3.88130E-02
2.97423E+03 3.88234E-02
2.97519E+03 3.88567E-02
2.97616E+03 3.88392E-02
2.97712E+03 3.87842E-02
2.97808E+03 3.87481E-02
2.97905E+03 3.86832E-02
2.98001E+03 3.86714E-02
2.98098E+03 3.87009E-02
2.98194E+03 3.86904E-02
2.98291E+03 3.87156E-02
2.98387E+03 3.88179E-02
2.98484E+03 3.89225E-02
2.98580E+03 3.90326E-02
2.98676E+03 3.91984E-02
2.98773E+03 3.94154E-02
2.98869E+03 3.96634E-02
2.98966E+03 3.99678E-02
2.99062E+03 4.02834E-02
2.99159E+03 4.06174E-02
2.99255E+03 4.09624E-02
2.99352E+03 4.12738E-02
2.99448E+03 4.15963E-02
2.99544E+03 4.18973E-02
2.99641E+03 4.21879E-02
2.99737E+03 4.24527E-02
2.99834E+03 4.26716E-02
2.99930E+03 4.28977E-02
3.00027E+03 4.30561E-02
3.00123E+03 4.31345E-02
3.00220E+03 4.31870E-02
3.00316E+03 4.32696E-02
3.00412E+03 4.33473E-02
3.00509E+03 4.33585E-02
3.00605E+03 4.33247E-02
3.00702E+03 4.32349E-02
3.00798E+03 4.31847E-02
3.00895E+03 4.31525E-02
3.00991E+03 4.30960E-02
3.01087E+03 4.30880E-02
3.01184E+03 4.30987E-02
3.01280E+03 4.30931E-02
3.01377E+03 4.31133E-02
3.01473E+03 4.31750E-02
3.01570E+03 4.32450E-02
3.01666E+03 4.33371E-02
3.01763E+03 4.34856E-02
3.01859E+03 4.37512E-02
3.01955E+03 4.41195E-02
3.02052E+03 4.44672E-02
3.02148E+03 4.48172E-02
3.02245E+03 4.51993E-02
3.02341E+03 4.56383E-02
3.02438E+03 4.61340E-02
3.02534E+03 4.66436E-02
3.02631E+03 4.71884E-02
3.02727E+03 4.77803E-02
3.02823E+03 4.83827E-02
3.02920E+03 4.90338E-02
3.03016E+03 4.97266E-02
3.03113E+03 5.04129E-02
3.03209E+03 5.11671E-02
3.03306E+03 5.19473E-02
3.03402E+03 5.27278E-02
3.03498E+03 5.35103E-02
3.03595E+03 5.43232E-02
3.03691E+03 5.51941E-02
3.03788E+03 5.60334E-02
3.03884E+03 5.69400E-02
3.03981E+03 5.78706E-02
3.04077E+03 5.87898E-02
3.04174E+03 5.97454E-02
3.04270E+03 6.07090E-02
3.04366E+03 6.17137E-02
3.04463E+03 6.27234E-02
3.04559E+03 6.37440E-02
3.04656E+03 6.47908E-02
3.04752E+03 6.58378E-02
3.04849E+03 6.68941E-02
3.04945E+03 6.80380E-02
3.05042E+03 6.91935E-02
3.05138E+03 7.03314E-02
3.05234E+03 7.14696E-02
3.05331E+03 7.25927E-02
3.05427E+03 7.37838E-02
3.05524E+03 7.50309E-02
3.05620E+03 7.62258E-02
3.05717E+03 7.73598E-02
3.05813E+03 7.85576E-02
3.05909E+03 7.98736E-02
3.06006E+03 8.11674E-02
3.06102E+03 8.24686E-02
3.06199E+03 8.38198E-02
3.06295E+03 8.51635E-02
3.06392E+03 8.65050E-02
3.06488E+03 8.78175E-02
3.06585E+03 8.92023E-02
3.06681E+03 9.05459E-02
3.06777E+03 9.18992E-02
3.06874E+03 9.33695E-02
3.06970E+03 9.48173E-02
3.07067E+03 9.62752E-02
3.07163E+03 9.77350E-02
3.07260E+03 9.92335E-02
3.07356E+03 1.00744E-01
3.07453E+03 1.02201E-01
3.07549E+03 1.03674E-01
3.07645E+03 1.05206E-01
3.07742E+03 1.06775E-01
3.07838E+03 1.08357E-01
3.07935E+03 1.09907E-01
3.08031E+03 1.11481E-01
3.08128E+03 1.13078E-01
3.08224E+03 1.14704E-01
3.08321E+03 1.16376E-01
3.08417E+03 1.18006E-01
3.08513E+03 1.19628E-01
3.08610E+03 1.21250E-01
3.08706E+03 1.22934E-01
3.08803E+03 1.24682E-01
3.08899E+03 1.26386E-01
3.08996E+03 1.28065E-01
3.09092E+03 1.29780E-01
3.09188E+03 1.31491E-01
3.09285E+03 1.33190E-01
3.09381E+03 1.34911E-01
3.09478E+03 1.36644E-01
3.09574E+03 1.38421E-01
3.09671E+03 1.40216E-01
3.09767E+03 1.41983E-01
3.09864E+03 1.43732E-01
3.09960E+03 1.45504E-01
3.10056E+03 1.47313E-01
3.10153E+03 1.49142E-01
3.10249E+03 1.50927E-01
3.10346E+03 1.52734E-01
3.10442E+03 1.54544E-01
3.10539E+03 1.56339E-01
3.10635E+03 1.58202E-01
3.10732E+03 1.60049E-01
3.10828E+03 1.61861E-01
3.10924E+03 1.63679E-01
3.11021E+03 1.65541E-01
3.11117E+03 1.67410E-01
3.11214E+03 1.69265E-01
3.11310E+03 1.71042E-01
3.11407E+03 1.72890E-01
3.11503E+03 1.74816E-01
3.11599E+03 1.76685E-01
3.11696E+03 1.78564E-01
3.11792E+03 1.80411E-01
3.11889E+03 1.82239E-01
3.11985E+03 1.84114E-01
3.12082E+03 1.86005E-01
3.12178E+03 1.87882E-01
3.12275E+03 1.89699E-01
3.12371E+03 1.91589E-01
3.12467E+03 1.93525E-01
3.12564E+03 1.95424E-01
3.12660E+03 1.97359E-01
3.12757E+03 1.99219E-01
3.12853E+03 2.01012E-01
3.12950E+03 2.02870E-01
3.13046E+03 2.04803E-01
3.13143E+03 2.06695E-01
3.13239E+03 2.08602E-01
3.13335E+03 2.10516E-01
3.13432E+03 2.12410E-01
3.13528E+03 2.14358E-01
3.13625E+03 2.16270E-01
3.13721E+03 2.18222E-01
3.13818E+03 2.20179E-01
3.13914E+03 2.22126E-01
3.14010E+03 2.24039E-01
3.14107E+03 2.25928E-01
3.14203E+03 2.27863E-01
3.14300E+03 2.29778E-01
3.14396E+03 2.31745E-01
3.14493E+03 2.33698E-01
3.14589E+03 2.35600E-01
3.14686E+03 2.37564E-01
3.14782E+03 2.39535E-01
3.14878E+03 2.41470E-01
3.14975E+03 2.43425E-01
3.15071E+03 2.45377E-01
3.15168E+03 2.47333E-01
3.15264E+03 2.49282E-01
3.15361E+03 2.51242E-01
3.15457E+03 2.53125E-01
3.15554E+03 2.55020E-01
3.15650E+03 2.57000E-01
3.15746E+03 2.58948E-01
3.15843E+03 2.60868E-01
3.15939E+03 2.62761E-01
3.16036E+03 2.64725E-01
3.16132E+03 2.66645E-01
3.16229E+03 2.68514E-01
3.16325E+03 2.70514E-01
3.16422E+03 2.72511E-01
3.16518E+03 2.74390E-01
3.16614E+03 2.76250E-01
3.16711E+03 2.78133E-01
3.16807E+03 2.80006E-01
3.16904E+03 2.81958E-01
3.17000E+03 2.83844E-01
3.17097E+03 2.85692E-01
3.17193E+03 2.87564E-01
3.17289E+03 2.89382E-01
3.17386E+03 2.91217E-01
3.17482E+03 2.93086E-01
3.17579E+03 2.94966E-01
3.17675E+03 2.96827E-01
3.17772E+03 2.98757E-01
3.17868E+03 3.00637E-01
3.17965E+03 3.02358E-01
3.18061E+03 3.04157E-01
3.18157E+03 3.05981E-01
3.18254E+03 3.07748E-01
3.18350E+03 3.09528E-01
3.18447E+03 3.11290E-01
3.18543E+03 3.13083E-01
3.18640E+03 3.14833E-01
3.18736E+03 3.16595E-01
3.18833E+03 3.18348E-01
3.18929E+03 3.20054E-01
3.19025E+03 3.21784E-01
3.19122E+03 3.23493E-01
3.19218E+03 3.25199E-01
3.19315E+03 3.26909E-01
3.19411E+03 3.28538E-01
3.19508E+03 3.30152E-01
3.19604E+03 3.31844E-01
3.19700E+03 3.33505E-01
3.19797E+03 3.35136E-01
3.19893E+03 3.36747E-01
3.19990E+03 3.38344E-01
3.20086E+03 3.39954E-01
3.20183E+03 3.41574E-01
3.20279E+03 3.43138E-01
3.20376E+03 3.44646E-01
3.20472E+03 3.46169E-01
3.20568E+03 3.47634E-01
3.20665E+03 3.49142E-01
3.20761E+03 3.50671E-01
3.20858E+03 3.52174E-01
3.20954E+03 3.53686E-01
3.21051E+03 3.55132E-01
3.21147E+03 3.56508E-01
3.21244E+03 3.57925E-01
3.21340E+03 3.59306E-01
3.21436E+03 3.60605E-01
3.21533E+03 3.61980E-01
3.21629E+03 3.63338E-01
3.21726E+03 3.64594E-01
3.21822E+03 3.65897E-01
3.21919E+03 3.67301E-01
3.22015E+03 3.68571E-01
3.22111E+03 3.69774E-01
3.22208E+03 3.71062E-01
3.22304E+03 3.72257E-01
3.22401E+03 3.73328E-01
3.22497E+03 3.74481E-01
3.22594E+03 3.75720E-01
3.22690E+03 3.76877E-01
3.22787E+03 3.77966E-01
3.22883E+03 3.79038E-01
3.22979E+03 3.80144E-01
3.23076E+03 3.81188E-01
3.23172E+03 3.82253E-01
3.23269E+03 3.83282E-01
3.23365E+03 3.84243E-01
3.23462E+03 3.85307E-01
3.23558E+03 3.86216E-01
3.23655E+03 3.87090E-01
3.23751E+03 3.88060E-01
3.23847E+03 3.89029E-01
3.23944E+03 3.89891E-01
3.24040E+03 3.90617E-01
3.24137E+03 3.91400E-01
3.24233E+03 3.92309E-01
3.24330E+03 3.93109E-01
3.24426E+03 3.93824E-01
3.24523E+03 3.94596E-01
3.24619E+03 3.95280E-01
3.24715E+03 3.95993E-01
3.24812E+03 3.96794E-01
3.24908E+03 3.97526E-01
3.25005E+03 3.98128E-01
3.25101E+03 3.98750E-01
3.25198E+03 3.99466E-01
3.25294E+03 4.00104E-01
3.25390E+03 4.00681E-01
3.25487E+03 4.01280E-01
3.25583E+03 4.01742E-01
3.25680E+03 4.02242E-01
3.25776E+03 4.02906E-01
3.25873E+03 4.03449E-01
3.25969E+03 4.03914E-01
3.26066E+03 4.04402E-01
3.26162E+03 4.04878E-01
3.26258E+03 4.05231E-01
3.26355E+03 4.05534E-01
3.26451E+03 4.06074E-01
3.26548E+03 4.06534E-01
3.26644E+03 4.06848E-01
3.26741E+03 4.07242E-01
3.26837E+03 4.07574E-01
3.26934E+03 4.07857E-01
3.27030E+03 4.08231E-01
3.27126E+03 4.08415E-01
3.27223E+03 4.08524E-01
3.27319E+03 4.08781E-01
3.27416E+03 4.08994E-01
3.27512E+03 4.09234E-01
3.27609E+03 4.09484E-01
3.27705E+03 4.09634E-01
3.27802E+03 4.09771E-01
3.27898E+03 4.09882E-01
3.27994E+03 4.09923E-01
3.28091E+03 4.09945E-01
3.28187E+03 4.09968E-01
3.28284E+03 4.09990E-01
3.28380E+03 4.09956E-01
3.28477E+03 4.09939E-01
3.28573E+03 4.09924E-01
3.28669E+03 4.09861E-01
3.28766E+03 4.09762E-01
3.28862E+03 4.09617E-01
3.28959E+03 4.09472E-01
3.29055E+03 4.09328E-01
3.29152E+03 4.09053E-01
3.29248E+03 4.08692E-01
3.29345E+03 4.08503E-01
3.29441E+03 4.08347E-01
3.29537E+03 4.08079E-01
3.29634E+03 4.07853E-01
3.29730E+03 4.07513E-01
3.29827E+03 4.07169E-01
3.29923E+03 4.06836E-01
3.30020E+03 4.06442E-01
3.30116E+03 4.05967E-01
3.30213E+03 4.05440E-01
3.30309E+03 4.05069E-01
3.30405E+03 4.04691E-01
3.30502E+03 4.04231E-01
3.30598E+03 4.03680E-01
3.30695E+03 4.03093E-01
3.30791E+03 4.02552E-01
3.30888E+03 4.01996E-01
3.30984E+03 4.01338E-01
3.31080E+03 4.00668E-01
3.31177E+03 4.00077E-01
3.31273E+03 3.99383E-01
3.31370E+03 3.98725E-01
3.31466E+03 3.98066E-01
3.31563E+03 3.97271E-01
3.31659E+03 3.96513E-01
3.31756E+03 3.95732E-01
3.31852E+03 3.95046E-01
3.31948E+03 3.94390E-01
3.32045E+03 3.93595E-01
3.32141E+03 3.92785E-01
3.32238E+03 3.92009E-01
3.32334E+03 3.91185E-01
3.32431E+03 3.90320E-01
3.32527E+03 3.89465E-01
3.32624E+03 3.88707E-01
3.32720E+03 3.87975E-01
3.32816E+03 3.87029E-01
3.32913E+03 3.86014E-01
3.33009E+03 3.85121E-01
3.33106E+03 3.84261E-01
3.33202E+03 3.83372E-01
3.33299E+03 3.82435E-01
3.33395E+03 3.81512E-01
3.33492E+03 3.80666E-01
3.33588E+03 3.79792E-01
3.33684E+03 3.78889E-01
3.33781E+03 3.78014E-01
3.33877E+03 3.77043E-01
3.33974E+03 3.76058E-01
3.34070E+03 3.75123E-01
3.34167E+03 3.74157E-01
3.34263E+03 3.73309E-01
3.34359E+03 3.72382E-01
3.34456E+03 3.71385E-01
3.34552E+03 3.70338E-01
3.34649E+03 3.69293E-01
3.34745E+03 3.68391E-01
3.34842E+03 3.67421E-01
3.34938E+03 3.66478E-01
3.35035E+03 3.65578E-01
3.35131E+03 3.64633E-01
3.35227E+03 3.63621E-01
3.35324E+03 3.62718E-01
3.35420E+03 3.61774E-01
3.35517E+03 3.60704E-01
3.35613E+03 3.59723E-01
3.35710E+03 3.58716E-01
3.35806E+03 3.57699E-01
3.35903E+03 3.56720E-01
3.35999E+03 3.55695E-01
3.36095E+03 3.54671E-01
3.36192E+03 3.53668E-01
3.36288E+03 3.52655E-01
3.36385E+03 3.51634E-01
3.36481E+03 3.50621E-01
3.36578E+03 3.49565E-01
3.36674E+03 3.48447E-01
3.36770E+03 3.47346E-01
3.36867E+03 3.46275E-01
3.36963E+03 3.45210E-01
3.37060E+03 3.44084E-01
3.37156E+03 3.42976E-01
3.37253E+03 3.41877E-01
3.37349E+03 3.40810E-01
3.37446E+03 3.39762E-01
3.37542E+03 3.38523E-01
3.37638E+03 3.37316E-01
3.37735E+03 3.36253E-01
3.37831E+03 3.35121E-01
3.37928E+03 3.33959E-01
3.38024E+03 3.32732E-01
3.38121E+03 3.31545E-01
3.38217E+03 3.30396E-01
3.38314E+03 3.29214E-01
3.38410E+03 3.27964E-01
3.38506E+03 3.26681E-01
3.38603E+03 3.25492E-01
3.38699E+03 3.24276E-01
3.38796E+03 3.22949E-01
3.38892E+03 3.21635E-01
3.38989E+03 3.20370E-01
3.39085E+03 3.19085E-01
3.39181E+03 3.17743E-01
3.39278E+03 3.16352E-01
3.39374E+03 3.15017E-01
3.39471E+03 3.13729E-01
3.39567E+03 3.12297E-01
3.39664E+03 3.10811E-01
3.39760E+03 3.09452E-01
3.39857E+03 3.08027E-01
3.39953E+03 3.06551E-01
3.40049E+03 3.05148E-01
3.40146E+03 3.03716E-01
3.40242E+03 3.02235E-01
3.40339E+03 3.00711E-01
3.40435E+03 2.99235E-01
3.40532E+03 2.97743E-01
3.40628E+03 2.96193E-01
3.40725E+03 2.94594E-01
3.40821E+03 2.92988E-01
3.40917E+03 2.91452E-01
3.41014E+03 2.89910E-01
3.41110E+03 2.88299E-01
3.41207E+03 2.86642E-01
3.41303E+03 2.84815E-01
3.41400E+03 2.82876E-01
3.41496E+03 2.81423E-01
3.41593E+03 2.80004E-01
3.41689E+03 2.78338E-01
3.41785E+03 2.76678E-01
3.41882E+03 2.74933E-01
3.41978E+03 2.73200E-01
3.42075E+03 2.71469E-01
3.42171E+03 2.69733E-01
3.42268E+03 2.67975E-01
3.42364E+03 2.66244E-01
3.42460E+03 2.64525E-01
3.42557E+03 2.62729E-01
3.42653E+03 2.60892E-01
3.42750E+03 2.59081E-01
3.42846E+03 2.57212E-01
3.42943E+03 2.55261E-01
3.43039E+03 2.53470E-01
3.43136E+03 2.51696E-01
3.43232E+03 2.49932E-01
3.43328E+03 2.48223E-01
3.43425E+03 2.46288E-01
3.43521E+03 2.44377E-01
3.43618E+03 2.42521E-01
3.43714E+03 2.40615E-01
3.43811E+03 2.38734E-01
3.43907E+03 2.36844E-01
3.44004E+03 2.35034E-01
3.44100E+03 2.33147E-01
3.44196E+03 2.31250E-01
3.44293E+03 2.29433E-01
3.44389E+03 2.27490E-01
3.44486E+03 2.25537E-01
3.44582E+03 2.23618E-01
3.44679E+03 2.21702E-01
3.44775E+03 2.19784E-01
3.44871E+03 2.17897E-01
3.44968E+03 2.15961E-01
3.45064E+03 2.13997E-01
3.45161E+03 2.12104E-01
3.45257E+03 2.10262E-01
3.45354E+03 2.08309E-01
3.45450E+03 2.06309E-01
3.45547E+03 2.04425E-01
3.45643E+03 2.02592E-01
3.45739E+03 2.00681E-01
3.45836E+03 1.98712E-01
3.45932E+03 1.96791E-01
3.46029E+03 1.94811E-01
3.46125E+03 1.92847E-01
3.46222E+03 1.90900E-01
3.46318E+03 1.88968E-01
3.46415E+03 1.87035E-01
3.46511E+03 1.85041E-01
3.46607E+03 1.83109E-01
3.46704E+03 1.81139E-01
3.46800E+03 1.79180E-01
3.46897E+03 1.77331E-01
3.46993E+03 1.75382E-01
3.47090E+03 1.73364E-01
3.47186E+03 1.71446E-01
3.47282E+03 1.69543E-01
3.47379E+03 1.67580E-01
3.47475E+03 1.65638E-01
3.47572E+03 1.63653E-01
3.47668E+03 1.61723E-01
3.47765E+03 1.59835E-01
3.47861E+03 1.57838E-01
3.47958E+03 1.55828E-01
3.48054E+03 1.53891E-01
3.48150E+03 1.51977E-01
3.48247E+03 1.49981E-01
3.48343E+03 1.47997E-01
3.48440E+03 1.46033E-01
3.48536E+03 1.44073E-01
3.48633E+03 1.42103E-01
3.48729E+03 1.40146E-01
3.48826E+03 1.38204E-01
3.48922E+03 1.36252E-01
3.49018E+03 1.34327E-01
3.49115E+03 1.32344E-01
3.49211E+03 1.30388E-01
3.49308E+03 1.28493E-01
3.49404E+03 1.26498E-01
3.49501E+03 1.24434E-01
3.49597E+03 1.22462E-01
3.49694E+03 1.20582E-01
3.49790E+03 1.18670E-01
3.49886E+03 1.16665E-01
3.49983E+03 1.14661E-01
3.50079E+03 1.12708E-01
3.50176E+03 1.10792E-01
3.50272E+03 1.08858E-01
3.50369E+03 1.06935E-01
3.50465E+03 1.05057E-01
3.50561E+03 1.03133E-01
3.50658E+03 1.01247E-01
3.50754E+03 9.93827E-02
3.50851E+03 9.74356E-02
3.50947E+03 9.54486E-02
3.51044E+03 9.35516E-02
3.51140E+03 9.17669E-02
3.51237E+03 8.99261E-02
3.51333E+03 8.80852E-02
3.51429E+03 8.62653E-02
3.51526E+03 8.43939E-02
3.51622E+03 8.25665E-02
3.51719E+03 8.07573E-02
3.51815E+03 7.89720E-02
3.51912E+03 7.72590E-02
3.52008E+03 7.55879E-02
3.52105E+03 7.39119E-02
3.52201E+03 7.22177E-02
3.52297E+03 7.04957E-02
3.52394E+03 6.88671E-02
3.52490E+03 6.73425E-02
3.52587E+03 6.57626E-02
3.52683E+03 6.41944E-02
3.52780E+03 6.26970E-02
3.52876E+03 6.12414E-02
3.52972E+03 5.98263E-02
3.53069E+03 5.83759E-02
3.53165E+03 5.69111E-02
3.53262E+03 5.55300E-02
3.53358E+03 5.42054E-02
3.53455E+03 5.28663E-02
3.53551E+03 5.15270E-02
3.53648E+03 5.02794E-02
3.53744E+03 4.90585E-02
3.53840E+03 4.78209E-02
3.53937E+03 4.66585E-02
3.54033E+03 4.54768E-02
3.54130E+03 4.42925E-02
3.54226E+03 4.32201E-02
3.54323E+03 4.21918E-02
3.54419E+03 4.11284E-02
3.54516E+03 4.00869E-02
3.54612E+03 3.91169E-02
3.54708E+03 3.81463E-02
3.54805E+03 3.71685E-02
3.54901E+03 3.62184E-02
3.54998E+03 3.53428E-02
3.55094E+03 3.44898E-02
3.55191E+03 3.36248E-02
3.55287E+03 3.28139E-02
3.55383E+03 3.20205E-02
3.55480E+03 3.12114E-02
3.55576E+03 3.04398E-02
3.55673E+03 2.97206E-02
3.55769E+03 2.90380E-02
3.55866E+03 2.83524E-02
3.55962E+03 2.76324E-02
3.56059E+03 2.69450E-02
3.56155E+03 2.62650E-02
3.56251E+03 2.55960E-02
3.56348E+03 2.49916E-02
3.56444E+03 2.44096E-02
3.56541E+03 2.38325E-02
3.56637E+03 2.32916E-02
3.56734E+03 2.27903E-02
3.56830E+03 2.22618E-02
3.56927E+03 2.17359E-02
3.57023E+03 2.12674E-02
3.57119E+03 2.08164E-02
3.57216E+03 2.03532E-02
3.57312E+03 1.99213E-02
3.57409E+03 1.95543E-02
3.57505E+03 1.92193E-02
3.57602E+03 1.89522E-02
3.57698E+03 1.86803E-02
3.57795E+03 1.84205E-02
3.57891E+03 1.82990E-02
3.57987E+03 1.82829E-02
3.58084E+03 1.82729E-02
3.58180E+03 1.83544E-02
3.58277E+03 1.85286E-02
3.58373E+03 1.87758E-02
3.58470E+03 1.90992E-02
3.58566E+03 1.94267E-02
3.58662E+03 1.98021E-02
3.58759E+03 2.02667E-02
3.58855E+03 2.07826E-02
3.58952E+03 2.13336E-02
3.59048E+03 2.18385E-02
3.59145E+03 2.24423E-02
3.59241E+03 2.31927E-02
3.59338E+03 2.40175E-02
3.59434E+03 2.47972E-02
3.59530E+03 2.52736E-02
3.59627E+03 2.52193E-02
3.59723E+03 2.47188E-02
3.59820E+03 2.38664E-02
3.59916E+03 2.49504E-02
3.60013E+03 2.66625E-02
3.60109E+03 2.25993E-02
3.60206E+03 1.67418E-02
3.60302E+03 1.39414E-02
3.60398E+03 1.24988E-02
3.60495E+03 1.17134E-02
3.60591E+03 1.11675E-02
3.60688E+03 1.07711E-02
3.60784E+03 1.04807E-02
3.60881E+03 1.02493E-02
3.60977E+03 1.00364E-02
3.61074E+03 9.78266E-03
3.61170E+03 9.54085E-03
3.61266E+03 9.35980E-03
3.61363E+03 9.19000E-03
3.61459E+03 9.00421E-03
3.61556E+03 8.82114E-03
3.61652E+03 8.72531E-03
3.61749E+03 8.71244E-03
3.61845E+03 8.66553E-03
3.61941E+03 8.63205E-03
3.62038E+03 8.67742E-03
3.62134E+03 8.69676E-03
3.62231E+03 8.77644E-03
3.62327E+03 8.94308E-03
3.62424E+03 9.10325E-03
3.62520E+03 9.25329E-03
3.62617E+03 9.46620E-03
3.62713E+03 9.78222E-03
3.62809E+03 1.00978E-02
3.62906E+03 1.03914E-02
3.63002E+03 1.07544E-02
3.63099E+03 1.12028E-02
3.63195E+03 1.17272E-02
3.63292E+03 1.22789E-02
3.63388E+03 1.28195E-02
3.63485E+03 1.33465E-02
3.63581E+03 1.39926E-02
3.63677E+03 1.47181E-02
3.63774E+03 1.54926E-02
3.63870E+03 1.64146E-02
3.63967E+03 1.73249E-02
3.64063E+03 1.82521E-02
3.64160E+03 1.92965E-02
3.64256E+03 2.03052E-02
3.64352E+03 2.13579E-02
3.64449E+03 2.24588E-02
3.64545E+03 2.35177E-02
3.64642E+03 2.44917E-02
3.64738E+03 2.53884E-02
3.64835E+03 2.62157E-02
3.64931E+03 2.69237E-02
3.65028E+03 2.75064E-02
3.65124E+03 2.79294E-02
3.65220E+03 2.82247E-02
3.65317E+03 2.83895E-02
3.65413E+03 2.84077E-02
3.65510E+03 2.83043E-02
3.65606E+03 2.80359E-02
3.65703E+03 2.75312E-02
3.65799E+03 2.68615E-02
3.65896E+03 2.61082E-02
3.65992E+03 2.52715E-02
3.66088E+03 2.42976E-02
3.66185E+03 2.31908E-02
3.66281E+03 2.20335E-02
3.66378E+03 2.08349E-02
3.66474E+03 1.95597E-02
3.66571E+03 1.82964E-02
3.66667E+03 1.70797E-02
3.66764E+03 1.58411E-02
3.66860E+03 1.46177E-02
3.66956E+03 1.34370E-02
3.67053E+03 1.23596E-02
3.67149E+03 1.13089E-02
3.67246E+03 1.02828E-02
3.67342E+03 9.28838E-03
3.67439E+03 8.36175E-03
3.67535E+03 7.59124E-03
3.67631E+03 6.80722E-03
3.67728E+03 6.04817E-03
3.67824E+03 5.39556E-03
3.67921E+03 4.82035E-03
3.68017E+03 4.25539E-03
3.68114E+03 3.73482E-03
3.68210E+03 3.34424E-03
3.68307E+03 2.98346E-03
3.68403E+03 2.68194E-03
3.68499E+03 2.50242E-03
3.68596E+03 2.46743E-03
3.68692E+03 2.51107E-03
3.68789E+03 2.72346E-03
3.68885E+03 3.10862E-03
3.68982E+03 3.59593E-03
3.69078E+03 4.41535E-03
3.69175E+03 5.57037E-03
3.69271E+03 7.08822E-03
3.69367E+03 9.12883E-03
3.69464E+03 1.17055E-02
3.69560E+03 1.49134E-02
3.69657E+03 1.87689E-02
3.69753E+03 2.31345E-02
3.69850E+03 2.77485E-02
3.69946E+03 3.22547E-02
3.70042E+03 3.60858E-02
3.70139E+03 3.86800E-02
3.70235E+03 3.96466E-02
3.70332E+03 3.88744E-02
3.70428E+03 3.65286E-02
3.70525E+03 3.34603E-02
3.70621E+03 3.06676E-02
3.70718E+03 3.09372E-02
3.70814E+03 3.37156E-02
3.70910E+03 2.86060E-02
3.71007E+03 1.76734E-02
3.71103E+03 1.07343E-02
3.71200E+03 7.17355E-03
3.71296E+03 5.21716E-03
3.71393E+03 4.11066E-03
3.71489E+03 3.42042E-03
3.71586E+03 2.96842E-03
3.71682E+03 2.62646E-03
3.71778E+03 2.35449E-03
3.71875E+03 2.08749E-03
3.71971E+03 1.84157E-03
3.72068E+03 1.68506E-03
3.72164E+03 1.56077E-03
3.72261E+03 1.40020E-03
3.72357E+03 1.19404E-03
3.72453E+03 1.02453E-03
3.72550E+03 8.73785E-04
3.72646E+03 7.14988E-04
3.72743E+03 5.32981E-04
3.72839E+03 3.55914E-04
3.72936E+03 1.93015E-04
3.73032E+03 3.64482E-05
3.73129E+03 -9.21264E-05
3.73225E+03 -2.18622E-04
3.73321E+03 -3.75077E-04
3.73418E+03 -5.73009E-04
3.73514E+03 -7.15312E-04
3.73611E+03 -8.19530E-04
3.73707E+03 -9.36806E-04
3.73804E+03 -1.06616E-03
3.73900E+03 -1.21909E-03
3.73997E+03 -1.34826E-03
3.74093E+03 -1.47335E-03
3.74189E+03 -1.64394E-03
3.74286E+03 -1.77718E-03
3.74382E+03 -1.82575E-03
3.74479E+03 -1.87955E-03
3.74575E+03 -2.01032E-03
3.74672E+03 -2.18960E-03
3.74768E+03 -2.29087E-03
3.74865E+03 -2.34304E-03
3.74961E+03 -2.45927E-03
3.75057E+03 -2.59859E-03
3.75154E+03 -2.65225E-03
3.75250E+03 -2.69941E-03
3.75347E+03 -2.82974E-03
3.75443E+03 -2.94427E-03
3.75540E+03 -3.01207E-03
3.75636E+03 -3.05940E-03
3.75732E+03 -3.09355E-03
3.75829E+03 -3.10521E-03
3.75925E+03 -3.16375E-03
3.76022E+03 -3.20615E-03
3.76118E+03 -3.21437E-03
3.76215E+03 -3.22647E-03
3.76311E+03 -3.24826E-03
3.76408E+03 -3.31193E-03
3.76504E+03 -3.36029E-03
3.76600E+03 -3.33679E-03
3.76697E+03 -3.31101E-03
3.76793E+03 -3.36454E-03
3.76890E+03 -3.39058E-03
3.76986E+03 -3.35409E-03
3.77083E+03 -3.35571E-03
3.77179E+03 -3.40081E-03
3.77276E+03 -3.39111E-03
3.77372E+03 -3.40372E-03
3.77468E+03 -3.44572E-03
3.77565E+03 -3.42436E-03
3.77661E+03 -3.41479E-03
3.77758E+03 -3.49026E-03
3.77854E+03 -3.53498E-03
3.77951E+03 -3.44445E-03
3.78047E+03 -3.44172E-03
3.78143E+03 -3.49760E-03
3.78240E+03 -3.45583E-03
3.78336E+03 -3.44497E-03
3.78433E+03 -3.44965E-03
3.78529E+03 -3.46686E-03
3.78626E+03 -3.49884E-03
3.78722E+03 -3.54636E-03
3.78819E+03 -3.54773E-03
3.78915E+03 -3.49885E-03
3.79011E+03 -3.51425E-03
3.79108E+03 -3.54606E-03
3.79204E+03 -3.55795E-03
3.79301E+03 -3.56267E-03
3.79397E+03 -3.53617E-03
3.79494E+03 -3.54838E-03
3.79590E+03 -3.55199E-03
3.79687E+03 -3.55938E-03
3.79783E+03 -3.58945E-03
3.79879E+03 -3.53406E-03
3.79976E+03 -3.54855E-03
3.80072E+03 -3.61874E-03
3.80169E+03 -3.61245E-03
3.80265E+03 -3.57109E-03
3.80362E+03 -3.58756E-03
3.80458E+03 -3.66473E-03
3.80554E+03 -3.67912E-03
3.80651E+03 -3.62751E-03
3.80747E+03 -3.61908E-03
3.80844E+03 -3.63696E-03
3.80940E+03 -3.67685E-03
3.81037E+03 -3.70973E-03
3.81133E+03 -3.70923E-03
3.81230E+03 -3.72721E-03
3.81326E+03 -3.67117E-03
3.81422E+03 -3.63318E-03
3.81519E+03 -3.67213E-03
3.81615E+03 -3.66243E-03
3.81712E+03 -3.63998E-03
3.81808E+03 -3.63062E-03
3.81905E+03 -3.61383E-03
3.82001E+03 -3.60790E-03
3.82098E+03 -3.64519E-03
3.82194E+03 -3.67334E-03
3.82290E+03 -3.67924E-03
3.82387E+03 -3.68007E-03
3.82483E+03 -3.70083E-03
3.82580E+03 -3.74028E-03
3.82676E+03 -3.70548E-03
3.82773E+03 -3.67836E-03
3.82869E+03 -3.70707E-03
3.82966E+03 -3.73816E-03
3.83062E+03 -3.75764E-03
3.83158E+03 -3.73100E-03
3.83255E+03 -3.74689E-03
3.83351E+03 -3.77473E-03
3.83448E+03 -3.75469E-03
3.83544E+03 -3.71928E-03
3.83641E+03 -3.69892E-03
3.83737E+03 -3.71949E-03
3.83833E+03 -3.72105E-03
3.83930E+03 -3.69674E-03
3.84026E+03 -3.70494E-03
3.84123E+03 -3.71862E-03
3.84219E+03 -3.74773E-03
3.84316E+03 -3.72268E-03
3.84412E+03 -3.68460E-03
3.84509E+03 -3.70156E-03
3.84605E+03 -3.65902E-03
3.84701E+03 -3.66548E-03
3.84798E+03 -3.63172E-03
3.84894E+03 -3.64994E-03
3.84991E+03 -3.69119E-03
3.85087E+03 -3.66856E-03
3.85184E+03 -3.61046E-03
3.85280E+03 -3.58685E-03
3.85377E+03 -3.60746E-03
3.85473E+03 -3.57497E-03
3.85569E+03 -3.64600E-03
3.85666E+03 -3.68381E-03
3.85762E+03 -3.69462E-03
3.85859E+03 -3.73862E-03
3.85955E+03 -3.71811E-03
3.86052E+03 -3.63423E-03
3.86148E+03 -3.59959E-03
3.86244E+03 -3.63643E-03
3.86341E+03 -3.65186E-03
3.86437E+03 -3.66999E-03
3.86534E+03 -3.65037E-03
3.86630E+03 -3.61937E-03
3.86727E+03 -3.60898E-03
3.86823E+03 -3.63758E-03
3.86920E+03 -3.69138E-03
3.87016E+03 -3.65200E-03
3.87112E+03 -3.64115E-03
3.87209E+03 -3.60600E-03
3.87305E+03 -3.60422E-03
3.87402E+03 -3.65159E-03
3.87498E+03 -3.65771E-03
3.87595E+03 -3.64742E-03
3.87691E+03 -3.66836E-03
3.87788E+03 -3.78713E-03
3.87884E+03 -3.81254E-03
3.87980E+03 -3.73892E-03
3.88077E+03 -3.69159E-03
3.88173E+03 -3.66723E-03
3.88270E+03 -3.67896E-03
3.88366E+03 -3.72460E-03
3.88463E+03 -3.72809E-03
3.88559E+03 -3.68297E-03
3.88655E+03 -3.65417E-03
3.88752E+03 -3.66005E-03
3.88848E+03 -3.65182E-03
3.88945E+03 -3.66186E-03
3.89041E+03 -3.75073E-03
3.89138E+03 -3.74069E-03
3.89234E+03 -3.77299E-03
3.89331E+03 -3.79517E-03
3.89427E+03 -3.73271E-03
3.89523E+03 -3.74854E-03
3.89620E+03 -3.75979E-03
3.89716E+03 -3.71251E-03
3.89813E+03 -3.67096E-03
3.89909E+03 -3.73948E-03
3.90006E+03 -3.72924E-03
3.90102E+03 -3.69028E-03
3.90199E+03 -3.62476E-03
3.90295E+03 -3.61029E-03
3.90391E+03 -3.66456E-03
3.90488E+03 -3.62597E-03
3.90584E+03 -3.59445E-03
3.90681E+03 -3.60344E-03
3.90777E+03 -3.59077E-03
3.90874E+03 -3.58089E-03
3.90970E+03 -3.58591E-03
3.91067E+03 -3.60736E-03
3.91163E+03 -3.63798E-03
3.91259E+03 -3.63327E-03
3.91356E+03 -3.62311E-03
3.91452E+03 -3.66207E-03
3.91549E+03 -3.67808E-03
3.91645E+03 -3.58375E-03
3.91742E+03 -3.45769E-03
3.91838E+03 -3.44595E-03
3.91934E+03 -3.50342E-03
3.92031E+03 -3.52731E-03
3.92127E+03 -3.60548E-03
3.92224E+03 -3.62010E-03
3.92320E+03 -3.53685E-03
3.92417E+03 -3.47323E-03
3.92513E+03 -3.46957E-03
3.92610E+03 -3.48303E-03
3.92706E+03 -3.51470E-03
3.92802E+03 -3.51625E-03
3.92899E+03 -3.43278E-03
3.92995E+03 -3.40291E-03
3.93092E+03 -3.42344E-03
3.93188E+03 -3.39990E-03
3.93285E+03 -3.41433E-03
3.93381E+03 -3.43682E-03
3.93478E+03 -3.43286E-03
3.93574E+03 -3.46013E-03
3.93670E+03 -3.40154E-03
3.93767E+03 -3.38792E-03
3.93863E+03 -3.44720E-03
3.93960E+03 -3.41211E-03
3.94056E+03 -3.41156E-03
3.94153E+03 -3.40803E-03
3.94249E+03 -3.35481E-03
3.94346E+03 -3.33758E-03
3.94442E+03 -3.35904E-03
3.94538E+03 -3.31727E-03
3.94635E+03 -3.28111E-03
3.94731E+03 -3.28551E-03
3.94828E+03 -3.26662E-03
3.94924E+03 -3.26211E-03
3.95021E+03 -3.26379E-03
3.95117E+03 -3.30810E-03
3.95213E+03 -3.27735E-03
3.95310E+03 -3.22206E-03
3.95406E+03 -3.25166E-03
3.95503E+03 -3.25208E-03
3.95599E+03 -3.19724E-03
3.95696E+03 -3.16039E-03
3.95792E+03 -3.14875E-03
3.95889E+03 -3.20153E-03
3.95985E+03 -3.22656E-03
3.96081E+03 -3.23664E-03
3.96178E+03 -3.22151E-03
3.96274E+03 -3.18104E-03
3.96371E+03 -3.14767E-03
3.96467E+03 -3.11231E-03
3.96564E+03 -3.10977E-03
3.96660E+03 -3.07290E-03
3.96757E+03 -3.10427E-03
3.96853E+03 -3.09355E-03
3.96949E+03 -3.08653E-03
3.97046E+03 -3.09462E-03
3.97142E+03 -3.05243E-03
3.97239E+03 -3.03631E-03
3.97335E+03 -2.98682E-03
3.97432E+03 -3.01809E-03
3.97528E+03 -3.07668E-03
3.97624E+03 -3.09678E-03
3.97721E+03 -3.03528E-03
3.97817E+03 -3.01186E-03
3.97914E+03 -3.00914E-03
3.98010E+03 -3.00376E-03
3.98107E+03 -3.03992E-03
3.98203E+03 -2.96917E-03
3.98300E+03 -2.99059E-03
3.98396E+03 -3.01604E-03
3.98492E+03 -2.96969E-03
3.98589E+03 -2.92802E-03
3.98685E+03 -2.91906E-03
3.98782E+03 -2.97978E-03
3.98878E+03 -3.00366E-03
3.98975E+03 -2.90275E-03
3.99071E+03 -2.81388E-03
3.99168E+03 -2.87502E-03
3.99264E+03 -2.86839E-03
3.99360E+03 -2.81398E-03
3.99457E+03 -2.81138E-03
3.99553E+03 -2.85430E-03
3.99650E+03 -2.86474E-03
3.99746E+03 -2.83742E-03
3.99843E+03 -2.85637E-03
3.99939E+03 -2.85637E-03
4.00035E+03 -2.79337E-03
4.00132E+03 -2.68594E-03
