# {"full": "H2O:CH3OH:CO2 (0.9:0.3:1)", "name": "H2O:CH3OH:CO2", "ratio": "(0.9:0.3:1)", "url": "https://icedb.strw.leidenuniv.nl/data/51", "author": "Ehrenfreund et al."}
3.99264E+02 -4.40878E-03
4.00228E+02 1.51494E-03
4.01193E+02 3.46392E-03
4.02157E+02 -6.39893E-05
4.03122E+02 -1.48630E-03
4.04086E+02 -2.49085E-03
4.05050E+02 -2.13431E-03
4.06015E+02 -2.09570E-03
4.06979E+02 7.32582E-04
4.07944E+02 2.40109E-03
4.08908E+02 8.30498E-04
4.09872E+02 -3.69538E-04
4.10837E+02 -4.56795E-05
4.11801E+02 1.59234E-04
4.12766E+02 1.60498E-03
4.13730E+02 2.73101E-05
4.14694E+02 -5.05140E-03
4.15659E+02 -3.21809E-03
4.16623E+02 -1.47883E-04
4.17588E+02 -1.60272E-03
4.18552E+02 -2.03374E-03
4.19516E+02 4.18015E-05
4.20481E+02 -7.19588E-04
4.21445E+02 -1.47200E-03
4.22410E+02 5.03290E-04
4.23374E+02 9.05529E-04
4.24339E+02 7.87608E-04
4.25303E+02 9.43176E-04
4.26267E+02 1.54957E-03
4.27232E+02 1.30969E-03
4.28196E+02 3.55277E-04
4.29161E+02 1.34987E-03
4.30125E+02 2.12113E-03
4.31089E+02 2.04206E-03
4.32054E+02 1.90748E-03
4.33018E+02 1.64532E-03
4.33983E+02 1.75330E-03
4.34947E+02 6.49743E-04
4.35911E+02 8.99065E-04
4.36876E+02 1.68695E-03
4.37840E+02 2.08884E-03
4.38805E+02 2.00527E-03
4.39769E+02 3.29465E-03
4.40733E+02 3.98511E-03
4.41698E+02 2.08568E-02
4.42662E+02 2.65354E-02
4.43627E+02 6.12804E-03
4.44591E+02 1.33632E-03
4.45555E+02 1.85855E-03
4.46520E+02 9.36996E-04
4.47484E+02 6.70899E-04
4.48449E+02 5.74354E-04
4.49413E+02 7.36170E-04
4.50377E+02 9.29017E-04
4.51342E+02 1.43381E-03
4.52306E+02 1.03455E-03
4.53271E+02 1.07807E-03
4.54235E+02 1.50829E-03
4.55199E+02 1.70320E-03
4.56164E+02 2.50011E-03
4.57128E+02 1.94902E-03
4.58093E+02 5.94713E-04
4.59057E+02 3.57974E-04
4.60022E+02 8.99225E-04
4.60986E+02 1.45563E-03
4.61950E+02 1.14265E-03
4.62915E+02 8.59916E-04
4.63879E+02 8.44777E-04
4.64844E+02 9.99589E-04
4.65808E+02 1.02655E-03
4.66772E+02 1.00777E-03
4.67737E+02 7.44019E-04
4.68701E+02 3.29558E-04
4.69666E+02 -1.61462E-04
4.70630E+02 5.84260E-04
4.71594E+02 1.57081E-03
4.72559E+02 1.49165E-03
4.73523E+02 1.50850E-03
4.74488E+02 1.68386E-03
4.75452E+02 1.67919E-03
4.76416E+02 2.05583E-03
4.77381E+02 1.62202E-03
4.78345E+02 1.27029E-03
4.79310E+02 1.76308E-03
4.80274E+02 1.90050E-03
4.81238E+02 2.32001E-03
4.82203E+02 2.59753E-03
4.83167E+02 2.71645E-03
4.84132E+02 2.90700E-03
4.85096E+02 2.59987E-03
4.86060E+02 2.73191E-03
4.87025E+02 3.06361E-03
4.87989E+02 3.21025E-03
4.88954E+02 3.39815E-03
4.89918E+02 3.76435E-03
4.90883E+02 4.11833E-03
4.91847E+02 4.18944E-03
4.92811E+02 4.30252E-03
4.93776E+02 4.63098E-03
4.94740E+02 4.93516E-03
4.95705E+02 5.31576E-03
4.96669E+02 5.52371E-03
4.97633E+02 6.58434E-03
4.98598E+02 6.86754E-03
4.99562E+02 5.82974E-03
5.00527E+02 6.00560E-03
5.01491E+02 6.30343E-03
5.02455E+02 6.45531E-03
5.03420E+02 6.69627E-03
5.04384E+02 7.03454E-03
5.05349E+02 7.00815E-03
5.06313E+02 6.96858E-03
5.07277E+02 7.35970E-03
5.08242E+02 7.70703E-03
5.09206E+02 7.97350E-03
5.10171E+02 8.04717E-03
5.11135E+02 8.34152E-03
5.12099E+02 8.66675E-03
5.13064E+02 8.90893E-03
5.14028E+02 9.07844E-03
5.14993E+02 9.20423E-03
5.15957E+02 9.29148E-03
5.16921E+02 9.62887E-03
5.17886E+02 9.58457E-03
5.18850E+02 1.05336E-02
5.19815E+02 1.24117E-02
5.20779E+02 1.16815E-02
5.21743E+02 1.09466E-02
5.22708E+02 1.11351E-02
5.23672E+02 1.11842E-02
5.24637E+02 1.13425E-02
5.25601E+02 1.13974E-02
5.26565E+02 1.17282E-02
5.27530E+02 1.19216E-02
5.28494E+02 1.21029E-02
5.29459E+02 1.22800E-02
5.30423E+02 1.23446E-02
5.31388E+02 1.25744E-02
5.32352E+02 1.27099E-02
5.33316E+02 1.27057E-02
5.34281E+02 1.30497E-02
5.35245E+02 1.32129E-02
5.36210E+02 1.32640E-02
5.37174E+02 1.36273E-02
5.38138E+02 1.38851E-02
5.39103E+02 1.42016E-02
5.40067E+02 1.47239E-02
5.41032E+02 1.47447E-02
5.41996E+02 1.45717E-02
5.42960E+02 1.47445E-02
5.43925E+02 1.50231E-02
5.44889E+02 1.52777E-02
5.45854E+02 1.53820E-02
5.46818E+02 1.54476E-02
5.47782E+02 1.56783E-02
5.48747E+02 1.60549E-02
5.49711E+02 1.63196E-02
5.50676E+02 1.65259E-02
5.51640E+02 1.66747E-02
5.52604E+02 1.68729E-02
5.53569E+02 1.69727E-02
5.54533E+02 1.65960E-02
5.55498E+02 1.69507E-02
5.56462E+02 1.75735E-02
5.57427E+02 1.77194E-02
5.58391E+02 1.79404E-02
5.59355E+02 1.82086E-02
5.60320E+02 1.84105E-02
5.61284E+02 1.88171E-02
5.62249E+02 1.92189E-02
5.63213E+02 1.92340E-02
5.64177E+02 1.94206E-02
5.65142E+02 1.94790E-02
5.66106E+02 1.97248E-02
5.67071E+02 2.01028E-02
5.68035E+02 2.02920E-02
5.68999E+02 2.04620E-02
5.69964E+02 2.07559E-02
5.70928E+02 2.09958E-02
5.71893E+02 2.12235E-02
5.72857E+02 2.14323E-02
5.73821E+02 2.16717E-02
5.74786E+02 2.15049E-02
5.75750E+02 2.11098E-02
5.76715E+02 2.20570E-02
5.77679E+02 2.28800E-02
5.78643E+02 2.31499E-02
5.79608E+02 2.34610E-02
5.80572E+02 2.37075E-02
5.81537E+02 2.41188E-02
5.82501E+02 2.42611E-02
5.83465E+02 2.43595E-02
5.84430E+02 2.48397E-02
5.85394E+02 2.52486E-02
5.86359E+02 2.56091E-02
5.87323E+02 2.60311E-02
5.88287E+02 2.63851E-02
5.89252E+02 2.67738E-02
5.90216E+02 2.69813E-02
5.91181E+02 2.72831E-02
5.92145E+02 2.77678E-02
5.93109E+02 2.81530E-02
5.94074E+02 2.85585E-02
5.95038E+02 2.89146E-02
5.96003E+02 2.91283E-02
5.96967E+02 3.00671E-02
5.97932E+02 3.09610E-02
5.98896E+02 3.12126E-02
5.99860E+02 3.16498E-02
6.00825E+02 3.21142E-02
6.01789E+02 3.26257E-02
6.02754E+02 3.31114E-02
6.03718E+02 3.36466E-02
6.04682E+02 3.42067E-02
6.05647E+02 3.47688E-02
6.06611E+02 3.54273E-02
6.07576E+02 3.60732E-02
6.08540E+02 3.67456E-02
6.09504E+02 3.74929E-02
6.10469E+02 3.81454E-02
6.11433E+02 3.88643E-02
6.12398E+02 3.96393E-02
6.13362E+02 4.03220E-02
6.14326E+02 4.11672E-02
6.15291E+02 4.20992E-02
6.16255E+02 4.30131E-02
6.17220E+02 4.40171E-02
6.18184E+02 4.50784E-02
6.19148E+02 4.62089E-02
6.20113E+02 4.74046E-02
6.21077E+02 4.86678E-02
6.22042E+02 4.99613E-02
6.23006E+02 5.12865E-02
6.23971E+02 5.28525E-02
6.24935E+02 5.45509E-02
6.25899E+02 5.62657E-02
6.26864E+02 5.81506E-02
6.27828E+02 6.01821E-02
6.28793E+02 6.24332E-02
6.29757E+02 6.47664E-02
6.30721E+02 6.72485E-02
6.31686E+02 7.01371E-02
6.32650E+02 7.31725E-02
6.33615E+02 7.65090E-02
6.34579E+02 8.03130E-02
6.35543E+02 8.46550E-02
6.36508E+02 8.98347E-02
6.37472E+02 9.59607E-02
6.38437E+02 1.03074E-01
6.39401E+02 1.09647E-01
6.40365E+02 1.16116E-01
6.41330E+02 1.24146E-01
6.42294E+02 1.33016E-01
6.43259E+02 1.42525E-01
6.44223E+02 1.52797E-01
6.45187E+02 1.63509E-01
6.46152E+02 1.74445E-01
6.47116E+02 1.85153E-01
6.48081E+02 1.95606E-01
6.49045E+02 2.05858E-01
6.50009E+02 2.16593E-01
6.50974E+02 2.29218E-01
6.51938E+02 2.46352E-01
6.52903E+02 2.69885E-01
6.53867E+02 3.02843E-01
6.54831E+02 3.33251E-01
6.55796E+02 3.31865E-01
6.56760E+02 3.14083E-01
6.57725E+02 3.04014E-01
6.58689E+02 3.03097E-01
6.59654E+02 3.06364E-01
6.60618E+02 2.94204E-01
6.61582E+02 2.68780E-01
6.62547E+02 2.43388E-01
6.63511E+02 2.19591E-01
6.64476E+02 1.98014E-01
6.65440E+02 1.78365E-01
6.66404E+02 1.60620E-01
6.67369E+02 1.44324E-01
6.68333E+02 1.29241E-01
6.69298E+02 1.15370E-01
6.70262E+02 1.02307E-01
6.71226E+02 9.04700E-02
6.72191E+02 7.99232E-02
6.73155E+02 7.01896E-02
6.74120E+02 6.08192E-02
6.75084E+02 5.24271E-02
6.76048E+02 4.56654E-02
6.77013E+02 4.06340E-02
6.77977E+02 3.75573E-02
6.78942E+02 3.62325E-02
6.79906E+02 3.59500E-02
6.80870E+02 3.60135E-02
6.81835E+02 3.61915E-02
6.82799E+02 3.64207E-02
6.83764E+02 3.67218E-02
6.84728E+02 3.71088E-02
6.85692E+02 3.75285E-02
6.86657E+02 3.78881E-02
6.87621E+02 3.83347E-02
6.88586E+02 3.88782E-02
6.89550E+02 3.93026E-02
6.90514E+02 3.97633E-02
6.91479E+02 4.02657E-02
6.92443E+02 4.06916E-02
6.93408E+02 4.10494E-02
6.94372E+02 4.14026E-02
6.95337E+02 4.20700E-02
6.96301E+02 4.26800E-02
6.97265E+02 4.30783E-02
6.98230E+02 4.36349E-02
6.99194E+02 4.41730E-02
7.00159E+02 4.45063E-02
7.01123E+02 4.49705E-02
7.02087E+02 4.60693E-02
7.03052E+02 4.65256E-02
7.04016E+02 4.66019E-02
7.04981E+02 4.70664E-02
7.05945E+02 4.75708E-02
7.06909E+02 4.79891E-02
7.07874E+02 4.85583E-02
7.08838E+02 4.92114E-02
7.09803E+02 4.94769E-02
7.10767E+02 4.99089E-02
7.11731E+02 5.03759E-02
7.12696E+02 5.08367E-02
7.13660E+02 5.13270E-02
7.14625E+02 5.17268E-02
7.15589E+02 5.22147E-02
7.16553E+02 5.27169E-02
7.17518E+02 5.31763E-02
7.18482E+02 5.37200E-02
7.19447E+02 5.42132E-02
7.20411E+02 5.45937E-02
7.21375E+02 5.50297E-02
7.22340E+02 5.54958E-02
7.23304E+02 5.58297E-02
7.24269E+02 5.62717E-02
7.25233E+02 5.67500E-02
7.26198E+02 5.71173E-02
7.27162E+02 5.75854E-02
7.28126E+02 5.80344E-02
7.29091E+02 5.84681E-02
7.30055E+02 5.90007E-02
7.31020E+02 5.94550E-02
7.31984E+02 5.97518E-02
7.32948E+02 6.00751E-02
7.33913E+02 6.04713E-02
7.34877E+02 6.08656E-02
7.35842E+02 6.12612E-02
7.36806E+02 6.15983E-02
7.37770E+02 6.19814E-02
7.38735E+02 6.24499E-02
7.39699E+02 6.28573E-02
7.40664E+02 6.31959E-02
7.41628E+02 6.35399E-02
7.42592E+02 6.39024E-02
7.43557E+02 6.42849E-02
7.44521E+02 6.46638E-02
7.45486E+02 6.49286E-02
7.46450E+02 6.52020E-02
7.47414E+02 6.55212E-02
7.48379E+02 6.58773E-02
7.49343E+02 6.62456E-02
7.50308E+02 6.64962E-02
7.51272E+02 6.68901E-02
7.52236E+02 6.73402E-02
7.53201E+02 6.76132E-02
7.54165E+02 6.78751E-02
7.55130E+02 6.81547E-02
7.56094E+02 6.84245E-02
7.57058E+02 6.86872E-02
7.58023E+02 6.89425E-02
7.58987E+02 6.91497E-02
7.59952E+02 6.93886E-02
7.60916E+02 6.96665E-02
7.61880E+02 6.99865E-02
7.62845E+02 7.02182E-02
7.63809E+02 7.04588E-02
7.64774E+02 7.07299E-02
7.65738E+02 7.08342E-02
7.66703E+02 7.10293E-02
7.67667E+02 7.12247E-02
7.68631E+02 7.13853E-02
7.69596E+02 7.15838E-02
7.70560E+02 7.17875E-02
7.71525E+02 7.19702E-02
7.72489E+02 7.21500E-02
7.73453E+02 7.23161E-02
7.74418E+02 7.24711E-02
7.75382E+02 7.26304E-02
7.76347E+02 7.26933E-02
7.77311E+02 7.27870E-02
7.78275E+02 7.29742E-02
7.79240E+02 7.31116E-02
7.80204E+02 7.31836E-02
7.81169E+02 7.32637E-02
7.82133E+02 7.33777E-02
7.83097E+02 7.34513E-02
7.84062E+02 7.35640E-02
7.85026E+02 7.36574E-02
7.85991E+02 7.35600E-02
7.86955E+02 7.36660E-02
7.87919E+02 7.38781E-02
7.88884E+02 7.39515E-02
7.89848E+02 7.40121E-02
7.90813E+02 7.40387E-02
7.91777E+02 7.40465E-02
7.92742E+02 7.40190E-02
7.93706E+02 7.40293E-02
7.94670E+02 7.40894E-02
7.95635E+02 7.41194E-02
7.96599E+02 7.41414E-02
7.97564E+02 7.41406E-02
7.98528E+02 7.41097E-02
7.99492E+02 7.40710E-02
8.00457E+02 7.39715E-02
8.01421E+02 7.39333E-02
8.02386E+02 7.38833E-02
8.03350E+02 7.38125E-02
8.04314E+02 7.37119E-02
8.05279E+02 7.35697E-02
8.06243E+02 7.34663E-02
8.07208E+02 7.33901E-02
8.08172E+02 7.33832E-02
8.09136E+02 7.32685E-02
8.10101E+02 7.31374E-02
8.11065E+02 7.29536E-02
8.12030E+02 7.27295E-02
8.12994E+02 7.25807E-02
8.13958E+02 7.24586E-02
8.14923E+02 7.23142E-02
8.15887E+02 7.21665E-02
8.16852E+02 7.19549E-02
8.17816E+02 7.17142E-02
8.18780E+02 7.15382E-02
8.19745E+02 7.13145E-02
8.20709E+02 7.11016E-02
8.21674E+02 7.09101E-02
8.22638E+02 7.06811E-02
8.23602E+02 7.04248E-02
8.24567E+02 7.01352E-02
8.25531E+02 6.98642E-02
8.26496E+02 6.96311E-02
8.27460E+02 6.93568E-02
8.28424E+02 6.90389E-02
8.29389E+02 6.87773E-02
8.30353E+02 6.84770E-02
8.31318E+02 6.81496E-02
8.32282E+02 6.78931E-02
8.33247E+02 6.75715E-02
8.34211E+02 6.71856E-02
8.35175E+02 6.67688E-02
8.36140E+02 6.63016E-02
8.37104E+02 6.59726E-02
8.38069E+02 6.56709E-02
8.39033E+02 6.53739E-02
8.39997E+02 6.49888E-02
8.40962E+02 6.44889E-02
8.41926E+02 6.39140E-02
8.42891E+02 6.36017E-02
8.43855E+02 6.34066E-02
8.44819E+02 6.29592E-02
8.45784E+02 6.25167E-02
8.46748E+02 6.21271E-02
8.47713E+02 6.17121E-02
8.48677E+02 6.11934E-02
8.49641E+02 6.06345E-02
8.50606E+02 6.02201E-02
8.51570E+02 5.98171E-02
8.52535E+02 5.93566E-02
8.53499E+02 5.89189E-02
8.54463E+02 5.83549E-02
8.55428E+02 5.77971E-02
8.56392E+02 5.75725E-02
8.57357E+02 5.72495E-02
8.58321E+02 5.65947E-02
8.59286E+02 5.60724E-02
8.60250E+02 5.57414E-02
8.61214E+02 5.52370E-02
8.62179E+02 5.45045E-02
8.63143E+02 5.38629E-02
8.64108E+02 5.35297E-02
8.65072E+02 5.31826E-02
8.66036E+02 5.25110E-02
8.67001E+02 5.18613E-02
8.67965E+02 5.13896E-02
8.68930E+02 5.10080E-02
8.69894E+02 5.04361E-02
8.70858E+02 4.98457E-02
8.71823E+02 4.92245E-02
8.72787E+02 4.85804E-02
8.73752E+02 4.80557E-02
8.74716E+02 4.74822E-02
8.75680E+02 4.68658E-02
8.76645E+02 4.63862E-02
8.77609E+02 4.58943E-02
8.78574E+02 4.52713E-02
8.79538E+02 4.46880E-02
8.80502E+02 4.40980E-02
8.81467E+02 4.35540E-02
8.82431E+02 4.30241E-02
8.83396E+02 4.24541E-02
8.84360E+02 4.19522E-02
8.85324E+02 4.13454E-02
8.86289E+02 4.06979E-02
8.87253E+02 4.01421E-02
8.88218E+02 3.95221E-02
8.89182E+02 3.89062E-02
8.90146E+02 3.83436E-02
8.91111E+02 3.77893E-02
8.92075E+02 3.71630E-02
8.93040E+02 3.65597E-02
8.94004E+02 3.59825E-02
8.94969E+02 3.54034E-02
8.95933E+02 3.48951E-02
8.96897E+02 3.43925E-02
8.97862E+02 3.37588E-02
8.98826E+02 3.30038E-02
8.99791E+02 3.24169E-02
9.00755E+02 3.19285E-02
9.01719E+02 3.13428E-02
9.02684E+02 3.07487E-02
9.03648E+02 3.01999E-02
9.04613E+02 2.96480E-02
9.05577E+02 2.89752E-02
9.06541E+02 2.83666E-02
9.07506E+02 2.78917E-02
9.08470E+02 2.73446E-02
9.09435E+02 2.67148E-02
9.10399E+02 2.60983E-02
9.11363E+02 2.55460E-02
9.12328E+02 2.50252E-02
9.13292E+02 2.44894E-02
9.14257E+02 2.39583E-02
9.15221E+02 2.33930E-02
9.16185E+02 2.27958E-02
9.17150E+02 2.22331E-02
9.18114E+02 2.17651E-02
9.19079E+02 2.12521E-02
9.20043E+02 2.05148E-02
9.21007E+02 1.98821E-02
9.21972E+02 1.92943E-02
9.22936E+02 1.87517E-02
9.23901E+02 1.82730E-02
9.24865E+02 1.77514E-02
9.25829E+02 1.72139E-02
9.26794E+02 1.66669E-02
9.27758E+02 1.61518E-02
9.28723E+02 1.55825E-02
9.29687E+02 1.50749E-02
9.30651E+02 1.45782E-02
9.31616E+02 1.40079E-02
9.32580E+02 1.34981E-02
9.33545E+02 1.30156E-02
9.34509E+02 1.25234E-02
9.35474E+02 1.20115E-02
9.36438E+02 1.15074E-02
9.37402E+02 1.10302E-02
9.38367E+02 1.05510E-02
9.39331E+02 1.00708E-02
9.40296E+02 9.70618E-03
9.41260E+02 9.16925E-03
9.42224E+02 8.51106E-03
9.43189E+02 8.05467E-03
9.44153E+02 7.58410E-03
9.45118E+02 7.14150E-03
9.46082E+02 6.64475E-03
9.47046E+02 6.21502E-03
9.48011E+02 5.86063E-03
9.48975E+02 5.38920E-03
9.49940E+02 4.95508E-03
9.50904E+02 4.48094E-03
9.51868E+02 3.99359E-03
9.52833E+02 3.58916E-03
9.53797E+02 3.23725E-03
9.54762E+02 2.90342E-03
9.55726E+02 2.43024E-03
9.56690E+02 2.00880E-03
9.57655E+02 1.65134E-03
9.58619E+02 1.27647E-03
9.59584E+02 9.14615E-04
9.60548E+02 5.81469E-04
9.61513E+02 1.43602E-04
9.62477E+02 -3.91118E-04
9.63441E+02 -6.81225E-04
9.64406E+02 -9.54088E-04
9.65370E+02 -1.29829E-03
9.66335E+02 -1.60958E-03
9.67299E+02 -1.89299E-03
9.68263E+02 -2.18599E-03
9.69228E+02 -2.61567E-03
9.70192E+02 -2.93620E-03
9.71157E+02 -3.11714E-03
9.72121E+02 -3.36140E-03
9.73085E+02 -3.65260E-03
9.74050E+02 -3.93436E-03
9.75014E+02 -4.15910E-03
9.75979E+02 -4.34313E-03
9.76943E+02 -4.56676E-03
9.77907E+02 -4.76863E-03
9.78872E+02 -4.91437E-03
9.79836E+02 -5.08821E-03
9.80801E+02 -5.26061E-03
9.81765E+02 -5.44105E-03
9.82729E+02 -5.55015E-03
9.83694E+02 -5.58104E-03
9.84658E+02 -5.66558E-03
9.85623E+02 -5.74567E-03
9.86587E+02 -5.77762E-03
9.87551E+02 -5.76978E-03
9.88516E+02 -5.77005E-03
9.89480E+02 -5.72906E-03
9.90445E+02 -5.59425E-03
9.91409E+02 -5.46004E-03
9.92373E+02 -5.24700E-03
9.93338E+02 -4.85208E-03
9.94302E+02 -4.32095E-03
9.95267E+02 -3.58541E-03
9.96231E+02 -2.66585E-03
9.97195E+02 -1.53331E-03
9.98160E+02 2.12908E-04
9.99124E+02 2.54868E-03
1.00009E+03 5.42798E-03
1.00105E+03 9.01975E-03
1.00202E+03 1.32336E-02
1.00298E+03 1.80536E-02
1.00395E+03 2.36033E-02
1.00491E+03 2.97566E-02
1.00588E+03 3.61928E-02
1.00684E+03 4.28988E-02
1.00780E+03 4.97045E-02
1.00877E+03 5.63062E-02
1.00973E+03 6.26017E-02
1.01070E+03 6.83585E-02
1.01166E+03 7.34757E-02
1.01263E+03 7.80256E-02
1.01359E+03 8.17209E-02
1.01455E+03 8.45218E-02
1.01552E+03 8.64498E-02
1.01648E+03 8.74850E-02
1.01745E+03 8.78097E-02
1.01841E+03 8.69049E-02
1.01938E+03 8.52009E-02
1.02034E+03 8.32327E-02
1.02131E+03 8.06234E-02
1.02227E+03 7.76173E-02
1.02323E+03 7.43764E-02
1.02420E+03 7.09085E-02
1.02516E+03 6.75160E-02
1.02613E+03 6.39914E-02
1.02709E+03 6.01679E-02
1.02806E+03 5.64235E-02
1.02902E+03 5.27114E-02
1.02999E+03 4.90015E-02
1.03095E+03 4.53622E-02
1.03191E+03 4.14892E-02
1.03288E+03 3.75889E-02
1.03384E+03 3.38773E-02
1.03481E+03 3.01075E-02
1.03577E+03 2.64288E-02
1.03674E+03 2.26696E-02
1.03770E+03 1.90527E-02
1.03866E+03 1.55719E-02
1.03963E+03 1.14299E-02
1.04059E+03 7.92585E-03
1.04156E+03 5.27943E-03
1.04252E+03 2.68429E-03
1.04349E+03 4.23614E-04
1.04445E+03 -1.59913E-03
1.04542E+03 -3.23101E-03
1.04638E+03 -4.69758E-03
1.04734E+03 -6.00097E-03
1.04831E+03 -6.96115E-03
1.04927E+03 -7.69231E-03
1.05024E+03 -8.34252E-03
1.05120E+03 -8.85696E-03
1.05217E+03 -9.55445E-03
1.05313E+03 -1.00905E-02
1.05410E+03 -1.00231E-02
1.05506E+03 -1.01867E-02
1.05602E+03 -1.03797E-02
1.05699E+03 -1.05179E-02
1.05795E+03 -1.06858E-02
1.05892E+03 -1.08535E-02
1.05988E+03 -1.09808E-02
1.06085E+03 -1.08328E-02
1.06181E+03 -1.09036E-02
1.06278E+03 -1.10592E-02
1.06374E+03 -1.11328E-02
1.06470E+03 -1.12402E-02
1.06567E+03 -1.12931E-02
1.06663E+03 -1.14044E-02
1.06760E+03 -1.15206E-02
1.06856E+03 -1.15309E-02
1.06953E+03 -1.15338E-02
1.07049E+03 -1.15492E-02
1.07145E+03 -1.16056E-02
1.07242E+03 -1.15975E-02
1.07338E+03 -1.16152E-02
1.07435E+03 -1.20880E-02
1.07531E+03 -1.22949E-02
1.07628E+03 -1.21308E-02
1.07724E+03 -1.21035E-02
1.07821E+03 -1.21203E-02
1.07917E+03 -1.21951E-02
1.08013E+03 -1.21896E-02
1.08110E+03 -1.20825E-02
1.08206E+03 -1.21052E-02
1.08303E+03 -1.21917E-02
1.08399E+03 -1.22064E-02
1.08496E+03 -1.22464E-02
1.08592E+03 -1.22632E-02
1.08689E+03 -1.22413E-02
1.08785E+03 -1.22147E-02
1.08881E+03 -1.22360E-02
1.08978E+03 -1.22481E-02
1.09074E+03 -1.21956E-02
1.09171E+03 -1.21822E-02
1.09267E+03 -1.22435E-02
1.09364E+03 -1.22719E-02
1.09460E+03 -1.22749E-02
1.09556E+03 -1.20623E-02
1.09653E+03 -1.18745E-02
1.09749E+03 -1.18897E-02
1.09846E+03 -1.18518E-02
1.09942E+03 -1.17491E-02
1.10039E+03 -1.15883E-02
1.10135E+03 -1.14548E-02
1.10232E+03 -1.11639E-02
1.10328E+03 -1.07732E-02
1.10424E+03 -1.05015E-02
1.10521E+03 -1.01873E-02
1.10617E+03 -9.77846E-03
1.10714E+03 -9.27563E-03
1.10810E+03 -8.72188E-03
1.10907E+03 -8.10361E-03
1.11003E+03 -7.41182E-03
1.11100E+03 -6.64966E-03
1.11196E+03 -5.80136E-03
1.11292E+03 -4.96673E-03
1.11389E+03 -4.15825E-03
1.11485E+03 -3.29605E-03
1.11582E+03 -2.57337E-03
1.11678E+03 -1.84190E-03
1.11775E+03 -9.30551E-04
1.11871E+03 -1.62981E-04
1.11968E+03 4.74080E-04
1.12064E+03 1.03433E-03
1.12160E+03 1.46405E-03
1.12257E+03 1.73904E-03
1.12353E+03 1.86333E-03
1.12450E+03 1.89570E-03
1.12546E+03 1.80689E-03
1.12643E+03 1.56819E-03
1.12739E+03 1.19988E-03
1.12835E+03 7.14649E-04
1.12932E+03 1.46952E-04
1.13028E+03 -8.34394E-04
1.13125E+03 -1.77719E-03
1.13221E+03 -2.49927E-03
1.13318E+03 -3.44858E-03
1.13414E+03 -4.41255E-03
1.13511E+03 -5.34891E-03
1.13607E+03 -6.29994E-03
1.13703E+03 -7.21193E-03
1.13800E+03 -8.01255E-03
1.13896E+03 -8.78412E-03
1.13993E+03 -9.50762E-03
1.14089E+03 -1.01102E-02
1.14186E+03 -1.06295E-02
1.14282E+03 -1.10979E-02
1.14379E+03 -1.14891E-02
1.14475E+03 -1.18218E-02
1.14571E+03 -1.20858E-02
1.14668E+03 -1.22889E-02
1.14764E+03 -1.24613E-02
1.14861E+03 -1.25866E-02
1.14957E+03 -1.26618E-02
1.15054E+03 -1.27387E-02
1.15150E+03 -1.27907E-02
1.15246E+03 -1.27900E-02
1.15343E+03 -1.27926E-02
1.15439E+03 -1.27650E-02
1.15536E+03 -1.27118E-02
1.15632E+03 -1.26437E-02
1.15729E+03 -1.25387E-02
1.15825E+03 -1.24546E-02
1.15922E+03 -1.23826E-02
1.16018E+03 -1.22948E-02
1.16114E+03 -1.22309E-02
1.16211E+03 -1.22659E-02
1.16307E+03 -1.23361E-02
1.16404E+03 -1.24127E-02
1.16500E+03 -1.25181E-02
1.16597E+03 -1.26645E-02
1.16693E+03 -1.28090E-02
1.16790E+03 -1.29025E-02
1.16886E+03 -1.30037E-02
1.16982E+03 -1.30961E-02
1.17079E+03 -1.31476E-02
1.17175E+03 -1.32131E-02
1.17272E+03 -1.32555E-02
1.17368E+03 -1.32825E-02
1.17465E+03 -1.33715E-02
1.17561E+03 -1.34356E-02
1.17657E+03 -1.34232E-02
1.17754E+03 -1.34238E-02
1.17850E+03 -1.34313E-02
1.17947E+03 -1.34357E-02
1.18043E+03 -1.34567E-02
1.18140E+03 -1.34339E-02
1.18236E+03 -1.34285E-02
1.18333E+03 -1.34434E-02
1.18429E+03 -1.34610E-02
1.18525E+03 -1.34784E-02
1.18622E+03 -1.35217E-02
1.18718E+03 -1.35497E-02
1.18815E+03 -1.35404E-02
1.18911E+03 -1.35319E-02
1.19008E+03 -1.35198E-02
1.19104E+03 -1.35330E-02
1.19201E+03 -1.35657E-02
1.19297E+03 -1.36292E-02
1.19393E+03 -1.36134E-02
1.19490E+03 -1.35394E-02
1.19586E+03 -1.34891E-02
1.19683E+03 -1.34783E-02
1.19779E+03 -1.34966E-02
1.19876E+03 -1.35101E-02
1.19972E+03 -1.34817E-02
1.20069E+03 -1.34720E-02
1.20165E+03 -1.34905E-02
1.20261E+03 -1.34887E-02
1.20358E+03 -1.34769E-02
1.20454E+03 -1.34817E-02
1.20551E+03 -1.34753E-02
1.20647E+03 -1.34641E-02
1.20744E+03 -1.34732E-02
1.20840E+03 -1.34746E-02
1.20936E+03 -1.34314E-02
1.21033E+03 -1.34047E-02
1.21129E+03 -1.34010E-02
1.21226E+03 -1.34019E-02
1.21322E+03 -1.33886E-02
1.21419E+03 -1.33409E-02
1.21515E+03 -1.33676E-02
1.21612E+03 -1.34175E-02
1.21708E+03 -1.33906E-02
1.21804E+03 -1.34247E-02
1.21901E+03 -1.34138E-02
1.21997E+03 -1.33628E-02
1.22094E+03 -1.33498E-02
1.22190E+03 -1.33096E-02
1.22287E+03 -1.32787E-02
1.22383E+03 -1.32975E-02
1.22480E+03 -1.32724E-02
1.22576E+03 -1.32762E-02
1.22672E+03 -1.31986E-02
1.22769E+03 -1.31322E-02
1.22865E+03 -1.30467E-02
1.22962E+03 -1.30837E-02
1.23058E+03 -1.30597E-02
1.23155E+03 -1.32208E-02
1.23251E+03 -1.32306E-02
1.23347E+03 -1.51913E-02
1.23444E+03 -1.66319E-02
1.23540E+03 -1.38045E-02
1.23637E+03 -1.25333E-02
1.23733E+03 -1.27584E-02
1.23830E+03 -1.27162E-02
1.23926E+03 -1.28068E-02
1.24023E+03 -1.28389E-02
1.24119E+03 -1.30312E-02
1.24215E+03 -1.30216E-02
1.24312E+03 -1.29645E-02
1.24408E+03 -1.29350E-02
1.24505E+03 -1.29198E-02
1.24601E+03 -1.29022E-02
1.24698E+03 -1.29345E-02
1.24794E+03 -1.29505E-02
1.24891E+03 -1.29413E-02
1.24987E+03 -1.29293E-02
1.25083E+03 -1.29182E-02
1.25180E+03 -1.29012E-02
1.25276E+03 -1.28905E-02
1.25373E+03 -1.28435E-02
1.25469E+03 -1.28152E-02
1.25566E+03 -1.27861E-02
1.25662E+03 -1.27626E-02
1.25759E+03 -1.27602E-02
1.25855E+03 -1.27648E-02
1.25951E+03 -1.27475E-02
1.26048E+03 -1.27204E-02
1.26144E+03 -1.27056E-02
1.26241E+03 -1.27064E-02
1.26337E+03 -1.26906E-02
1.26434E+03 -1.26376E-02
1.26530E+03 -1.26016E-02
1.26626E+03 -1.26029E-02
1.26723E+03 -1.26044E-02
1.26819E+03 -1.26070E-02
1.26916E+03 -1.25819E-02
1.27012E+03 -1.25554E-02
1.27109E+03 -1.24922E-02
1.27205E+03 -1.24274E-02
1.27302E+03 -1.23781E-02
1.27398E+03 -1.23306E-02
1.27494E+03 -1.22813E-02
1.27591E+03 -1.21594E-02
1.27687E+03 -1.21149E-02
1.27784E+03 -1.22558E-02
1.27880E+03 -1.23531E-02
1.27977E+03 -1.23523E-02
1.28073E+03 -1.23478E-02
1.28170E+03 -1.23311E-02
1.28266E+03 -1.23233E-02
1.28362E+03 -1.23211E-02
1.28459E+03 -1.22908E-02
1.28555E+03 -1.22582E-02
1.28652E+03 -1.22399E-02
1.28748E+03 -1.22245E-02
1.28845E+03 -1.21786E-02
1.28941E+03 -1.21490E-02
1.29037E+03 -1.21450E-02
1.29134E+03 -1.21277E-02
1.29230E+03 -1.20923E-02
1.29327E+03 -1.20446E-02
1.29423E+03 -1.20068E-02
1.29520E+03 -1.20007E-02
1.29616E+03 -1.19620E-02
1.29713E+03 -1.19375E-02
1.29809E+03 -1.19267E-02
1.29905E+03 -1.18931E-02
1.30002E+03 -1.18795E-02
1.30098E+03 -1.18726E-02
1.30195E+03 -1.18407E-02
1.30291E+03 -1.18006E-02
1.30388E+03 -1.17804E-02
1.30484E+03 -1.17604E-02
1.30581E+03 -1.17732E-02
1.30677E+03 -1.17044E-02
1.30773E+03 -1.15831E-02
1.30870E+03 -1.15374E-02
1.30966E+03 -1.15292E-02
1.31063E+03 -1.14809E-02
1.31159E+03 -1.14429E-02
1.31256E+03 -1.14249E-02
1.31352E+03 -1.13701E-02
1.31448E+03 -1.13433E-02
1.31545E+03 -1.13133E-02
1.31641E+03 -1.12887E-02
1.31738E+03 -1.12723E-02
1.31834E+03 -1.12722E-02
1.31931E+03 -1.12580E-02
1.32027E+03 -1.11906E-02
1.32124E+03 -1.11564E-02
1.32220E+03 -1.11333E-02
1.32316E+03 -1.11094E-02
1.32413E+03 -1.11144E-02
1.32509E+03 -1.10923E-02
1.32606E+03 -1.10663E-02
1.32702E+03 -1.10705E-02
1.32799E+03 -1.10462E-02
1.32895E+03 -1.10126E-02
1.32992E+03 -1.09855E-02
1.33088E+03 -1.09381E-02
1.33184E+03 -1.09330E-02
1.33281E+03 -1.09049E-02
1.33377E+03 -1.08461E-02
1.33474E+03 -1.08172E-02
1.33570E+03 -1.07948E-02
1.33667E+03 -1.07593E-02
1.33763E+03 -1.07609E-02
1.33860E+03 -1.08277E-02
1.33956E+03 -1.09220E-02
1.34052E+03 -1.09977E-02
1.34149E+03 -1.09560E-02
1.34245E+03 -1.08938E-02
1.34342E+03 -1.09955E-02
1.34438E+03 -1.08757E-02
1.34535E+03 -1.05227E-02
1.34631E+03 -1.03968E-02
1.34727E+03 -1.03908E-02
1.34824E+03 -1.04598E-02
1.34920E+03 -1.07223E-02
1.35017E+03 -1.08786E-02
1.35113E+03 -1.05029E-02
1.35210E+03 -1.01046E-02
1.35306E+03 -1.01762E-02
1.35403E+03 -1.03592E-02
1.35499E+03 -1.03701E-02
1.35595E+03 -1.02149E-02
1.35692E+03 -1.00457E-02
1.35788E+03 -9.91415E-03
1.35885E+03 -9.77311E-03
1.35981E+03 -9.62508E-03
1.36078E+03 -9.46352E-03
1.36174E+03 -9.29407E-03
1.36271E+03 -9.17692E-03
1.36367E+03 -9.09607E-03
1.36463E+03 -9.01354E-03
1.36560E+03 -8.95672E-03
1.36656E+03 -8.91082E-03
1.36753E+03 -8.84830E-03
1.36849E+03 -8.78290E-03
1.36946E+03 -8.70350E-03
1.37042E+03 -8.57976E-03
1.37138E+03 -8.45261E-03
1.37235E+03 -8.31737E-03
1.37331E+03 -8.15935E-03
1.37428E+03 -8.03206E-03
1.37524E+03 -7.85493E-03
1.37621E+03 -7.64174E-03
1.37717E+03 -7.42301E-03
1.37814E+03 -7.17144E-03
1.37910E+03 -6.87096E-03
1.38006E+03 -6.49951E-03
1.38103E+03 -6.13028E-03
1.38199E+03 -5.90721E-03
1.38296E+03 -5.88821E-03
1.38392E+03 -6.00598E-03
1.38489E+03 -6.24431E-03
1.38585E+03 -6.39366E-03
1.38682E+03 -6.32623E-03
1.38778E+03 -6.18583E-03
1.38874E+03 -6.01720E-03
1.38971E+03 -5.79733E-03
1.39067E+03 -5.52434E-03
1.39164E+03 -5.25331E-03
1.39260E+03 -4.97874E-03
1.39357E+03 -4.64750E-03
1.39453E+03 -4.31346E-03
1.39550E+03 -3.95798E-03
1.39646E+03 -3.59772E-03
1.39742E+03 -3.24847E-03
1.39839E+03 -2.83524E-03
1.39935E+03 -2.41023E-03
1.40032E+03 -1.97335E-03
1.40128E+03 -1.56230E-03
1.40225E+03 -1.16565E-03
1.40321E+03 -7.78839E-04
1.40417E+03 -3.64255E-04
1.40514E+03 1.31950E-04
1.40610E+03 5.78489E-04
1.40707E+03 1.00420E-03
1.40803E+03 1.45569E-03
1.40900E+03 1.87434E-03
1.40996E+03 2.27622E-03
1.41093E+03 2.65417E-03
1.41189E+03 2.98049E-03
1.41285E+03 3.33430E-03
1.41382E+03 3.72646E-03
1.41478E+03 4.08456E-03
1.41575E+03 4.43018E-03
1.41671E+03 4.78122E-03
1.41768E+03 5.07980E-03
1.41864E+03 5.34944E-03
1.41961E+03 5.60385E-03
1.42057E+03 5.76555E-03
1.42153E+03 5.88390E-03
1.42250E+03 6.00724E-03
1.42346E+03 6.14360E-03
1.42443E+03 6.23703E-03
1.42539E+03 6.26047E-03
1.42636E+03 6.23271E-03
1.42732E+03 6.14830E-03
1.42828E+03 6.02113E-03
1.42925E+03 5.87590E-03
1.43021E+03 5.68743E-03
1.43118E+03 5.43270E-03
1.43214E+03 5.16621E-03
1.43311E+03 4.85854E-03
1.43407E+03 4.46887E-03
1.43504E+03 4.03497E-03
1.43600E+03 3.63332E-03
1.43696E+03 3.20779E-03
1.43793E+03 2.74381E-03
1.43889E+03 2.33060E-03
1.43986E+03 1.98148E-03
1.44082E+03 1.80970E-03
1.44179E+03 1.92503E-03
1.44275E+03 2.26659E-03
1.44372E+03 2.85517E-03
1.44468E+03 3.71500E-03
1.44564E+03 4.68688E-03
1.44661E+03 5.62100E-03
1.44757E+03 6.43497E-03
1.44854E+03 7.05948E-03
1.44950E+03 7.44845E-03
1.45047E+03 7.60622E-03
1.45143E+03 7.51555E-03
1.45240E+03 7.19009E-03
1.45336E+03 6.73122E-03
1.45432E+03 6.22423E-03
1.45529E+03 5.76436E-03
1.45625E+03 5.49061E-03
1.45722E+03 5.50698E-03
1.45818E+03 5.83698E-03
1.45915E+03 6.48887E-03
1.46011E+03 7.41538E-03
1.46107E+03 8.41193E-03
1.46204E+03 9.23783E-03
1.46300E+03 9.77312E-03
1.46397E+03 9.96428E-03
1.46493E+03 9.77700E-03
1.46590E+03 9.23170E-03
1.46686E+03 8.43549E-03
1.46783E+03 7.55472E-03
1.46879E+03 6.75618E-03
1.46975E+03 6.20560E-03
1.47072E+03 6.10978E-03
1.47168E+03 6.56060E-03
1.47265E+03 7.53876E-03
1.47361E+03 8.86213E-03
1.47458E+03 1.02329E-02
1.47554E+03 1.14437E-02
1.47651E+03 1.22974E-02
1.47747E+03 1.26452E-02
1.47843E+03 1.24871E-02
1.47940E+03 1.19286E-02
1.48036E+03 1.10635E-02
1.48133E+03 9.91994E-03
1.48229E+03 8.59994E-03
1.48326E+03 7.20612E-03
1.48422E+03 5.78697E-03
1.48518E+03 4.40043E-03
1.48615E+03 3.09155E-03
1.48711E+03 1.93245E-03
1.48808E+03 8.75052E-04
1.48904E+03 -6.72638E-05
1.49001E+03 -8.56094E-04
1.49097E+03 -1.53901E-03
1.49194E+03 -2.11775E-03
1.49290E+03 -2.62118E-03
1.49386E+03 -3.04025E-03
1.49483E+03 -3.35062E-03
1.49579E+03 -3.60070E-03
1.49676E+03 -3.84248E-03
1.49772E+03 -4.06168E-03
1.49869E+03 -4.24827E-03
1.49965E+03 -4.40145E-03
1.50062E+03 -4.55385E-03
1.50158E+03 -4.66007E-03
1.50254E+03 -4.71262E-03
1.50351E+03 -4.75717E-03
1.50447E+03 -4.83466E-03
1.50544E+03 -4.87418E-03
1.50640E+03 -4.87991E-03
1.50737E+03 -4.93674E-03
1.50833E+03 -4.96908E-03
1.50929E+03 -4.98810E-03
1.51026E+03 -5.03227E-03
1.51122E+03 -5.04843E-03
1.51219E+03 -5.03159E-03
1.51315E+03 -5.04000E-03
1.51412E+03 -5.05457E-03
1.51508E+03 -5.05384E-03
1.51605E+03 -5.02633E-03
1.51701E+03 -4.96974E-03
1.51797E+03 -4.96826E-03
1.51894E+03 -4.98917E-03
1.51990E+03 -4.95784E-03
1.52087E+03 -4.92886E-03
1.52183E+03 -4.88669E-03
1.52280E+03 -4.84706E-03
1.52376E+03 -4.83502E-03
1.52473E+03 -4.82576E-03
1.52569E+03 -4.79433E-03
1.52665E+03 -4.76077E-03
1.52762E+03 -4.71712E-03
1.52858E+03 -4.66333E-03
1.52955E+03 -4.65246E-03
1.53051E+03 -4.63939E-03
1.53148E+03 -4.61780E-03
1.53244E+03 -4.58363E-03
1.53341E+03 -4.54062E-03
1.53437E+03 -4.51664E-03
1.53533E+03 -4.47625E-03
1.53630E+03 -4.45361E-03
1.53726E+03 -4.41719E-03
1.53823E+03 -4.35060E-03
1.53919E+03 -4.30263E-03
1.54016E+03 -4.27499E-03
1.54112E+03 -4.24797E-03
1.54208E+03 -4.22094E-03
1.54305E+03 -4.18462E-03
1.54401E+03 -4.13106E-03
1.54498E+03 -4.10608E-03
1.54594E+03 -4.11276E-03
1.54691E+03 -4.09415E-03
1.54787E+03 -4.06594E-03
1.54884E+03 -4.03127E-03
1.54980E+03 -3.97049E-03
1.55076E+03 -3.94100E-03
1.55173E+03 -3.88147E-03
1.55269E+03 -3.83302E-03
1.55366E+03 -3.80006E-03
1.55462E+03 -3.74193E-03
1.55559E+03 -3.71762E-03
1.55655E+03 -3.67836E-03
1.55752E+03 -3.62093E-03
1.55848E+03 -3.56719E-03
1.55944E+03 -3.53510E-03
1.56041E+03 -3.52178E-03
1.56137E+03 -3.49964E-03
1.56234E+03 -3.48902E-03
1.56330E+03 -3.45740E-03
1.56427E+03 -3.41310E-03
1.56523E+03 -3.37901E-03
1.56619E+03 -3.33253E-03
1.56716E+03 -3.29488E-03
1.56812E+03 -3.23959E-03
1.56909E+03 -3.18155E-03
1.57005E+03 -3.15587E-03
1.57102E+03 -3.11935E-03
1.57198E+03 -3.07259E-03
1.57295E+03 -3.04513E-03
1.57391E+03 -2.99257E-03
1.57487E+03 -2.93059E-03
1.57584E+03 -2.85126E-03
1.57680E+03 -2.78813E-03
1.57777E+03 -2.77929E-03
1.57873E+03 -2.74637E-03
1.57970E+03 -2.69948E-03
1.58066E+03 -2.63792E-03
1.58163E+03 -2.58004E-03
1.58259E+03 -2.52512E-03
1.58355E+03 -2.46812E-03
1.58452E+03 -2.43844E-03
1.58548E+03 -2.37519E-03
1.58645E+03 -2.29498E-03
1.58741E+03 -2.22206E-03
1.58838E+03 -2.14999E-03
1.58934E+03 -2.08975E-03
1.59031E+03 -2.02161E-03
1.59127E+03 -1.97340E-03
1.59223E+03 -1.89409E-03
1.59320E+03 -1.80938E-03
1.59416E+03 -1.76220E-03
1.59513E+03 -1.67080E-03
1.59609E+03 -1.54794E-03
1.59706E+03 -1.44036E-03
1.59802E+03 -1.34289E-03
1.59898E+03 -1.23123E-03
1.59995E+03 -1.10357E-03
1.60091E+03 -9.82303E-04
1.60188E+03 -8.73711E-04
1.60284E+03 -7.39720E-04
1.60381E+03 -6.03590E-04
1.60477E+03 -4.70728E-04
1.60574E+03 -3.07318E-04
1.60670E+03 -1.29189E-04
1.60766E+03 6.60121E-05
1.60863E+03 2.29985E-04
1.60959E+03 4.20745E-04
1.61056E+03 6.47970E-04
1.61152E+03 8.60002E-04
1.61249E+03 1.09955E-03
1.61345E+03 1.36982E-03
1.61442E+03 1.65780E-03
1.61538E+03 1.92863E-03
1.61634E+03 2.22611E-03
1.61731E+03 2.53553E-03
1.61827E+03 2.84873E-03
1.61924E+03 3.22425E-03
1.62020E+03 3.60914E-03
1.62117E+03 4.01070E-03
1.62213E+03 4.42667E-03
1.62309E+03 4.85889E-03
1.62406E+03 5.33687E-03
1.62502E+03 5.82069E-03
1.62599E+03 6.33288E-03
1.62695E+03 6.85484E-03
1.62792E+03 7.39036E-03
1.62888E+03 7.96969E-03
1.62985E+03 8.54950E-03
1.63081E+03 9.12060E-03
1.63177E+03 9.71980E-03
1.63274E+03 1.03329E-02
1.63370E+03 1.09000E-02
1.63467E+03 1.14793E-02
1.63563E+03 1.21144E-02
1.63660E+03 1.26847E-02
1.63756E+03 1.32181E-02
1.63853E+03 1.37363E-02
1.63949E+03 1.42336E-02
1.64045E+03 1.47136E-02
1.64142E+03 1.51668E-02
1.64238E+03 1.55808E-02
1.64335E+03 1.59446E-02
1.64431E+03 1.63185E-02
1.64528E+03 1.66394E-02
1.64624E+03 1.68966E-02
1.64720E+03 1.71074E-02
1.64817E+03 1.72883E-02
1.64913E+03 1.74320E-02
1.65010E+03 1.75401E-02
1.65106E+03 1.76279E-02
1.65203E+03 1.77051E-02
1.65299E+03 1.77897E-02
1.65396E+03 1.77999E-02
1.65492E+03 1.77496E-02
1.65588E+03 1.76901E-02
1.65685E+03 1.76329E-02
1.65781E+03 1.75914E-02
1.65878E+03 1.75435E-02
1.65974E+03 1.74916E-02
1.66071E+03 1.74136E-02
1.66167E+03 1.73336E-02
1.66264E+03 1.72855E-02
1.66360E+03 1.72229E-02
1.66456E+03 1.71359E-02
1.66553E+03 1.70596E-02
1.66649E+03 1.70005E-02
1.66746E+03 1.69324E-02
1.66842E+03 1.68784E-02
1.66939E+03 1.68375E-02
1.67035E+03 1.67430E-02
1.67132E+03 1.66242E-02
1.67228E+03 1.65240E-02
1.67324E+03 1.64361E-02
1.67421E+03 1.63355E-02
1.67517E+03 1.61955E-02
1.67614E+03 1.60190E-02
1.67710E+03 1.58381E-02
1.67807E+03 1.56647E-02
1.67903E+03 1.54681E-02
1.67999E+03 1.52397E-02
1.68096E+03 1.50041E-02
1.68192E+03 1.47454E-02
1.68289E+03 1.44618E-02
1.68385E+03 1.41771E-02
1.68482E+03 1.38659E-02
1.68578E+03 1.35072E-02
1.68675E+03 1.31080E-02
1.68771E+03 1.26923E-02
1.68867E+03 1.22701E-02
1.68964E+03 1.18251E-02
1.69060E+03 1.13569E-02
1.69157E+03 1.08877E-02
1.69253E+03 1.03958E-02
1.69350E+03 9.90801E-03
1.69446E+03 9.40434E-03
1.69543E+03 8.89216E-03
1.69639E+03 8.39247E-03
1.69735E+03 7.81088E-03
1.69832E+03 7.21883E-03
1.69928E+03 6.68873E-03
1.70025E+03 6.18546E-03
1.70121E+03 5.61435E-03
1.70218E+03 4.99905E-03
1.70314E+03 4.42644E-03
1.70410E+03 3.88877E-03
1.70507E+03 3.34325E-03
1.70603E+03 2.78822E-03
1.70700E+03 2.22340E-03
1.70796E+03 1.65920E-03
1.70893E+03 1.12301E-03
1.70989E+03 5.93014E-04
1.71086E+03 6.08712E-05
1.71182E+03 -4.74811E-04
1.71278E+03 -9.87660E-04
1.71375E+03 -1.48563E-03
1.71471E+03 -1.96551E-03
1.71568E+03 -2.42853E-03
1.71664E+03 -2.89108E-03
1.71761E+03 -3.35949E-03
1.71857E+03 -3.84844E-03
1.71954E+03 -4.31179E-03
1.72050E+03 -4.75113E-03
1.72146E+03 -5.18103E-03
1.72243E+03 -5.60019E-03
1.72339E+03 -5.99426E-03
1.72436E+03 -6.38635E-03
1.72532E+03 -6.80954E-03
1.72629E+03 -7.20245E-03
1.72725E+03 -7.56388E-03
1.72822E+03 -7.93681E-03
1.72918E+03 -8.27690E-03
1.73014E+03 -8.59538E-03
1.73111E+03 -8.94098E-03
1.73207E+03 -9.26606E-03
1.73304E+03 -9.57462E-03
1.73400E+03 -9.86926E-03
1.73497E+03 -1.01605E-02
1.73593E+03 -1.04667E-02
1.73689E+03 -1.07663E-02
1.73786E+03 -1.10441E-02
1.73882E+03 -1.13059E-02
1.73979E+03 -1.15558E-02
1.74075E+03 -1.17946E-02
1.74172E+03 -1.20533E-02
1.74268E+03 -1.23082E-02
1.74365E+03 -1.25467E-02
1.74461E+03 -1.27855E-02
1.74557E+03 -1.30030E-02
1.74654E+03 -1.32193E-02
1.74750E+03 -1.34201E-02
1.74847E+03 -1.35705E-02
1.74943E+03 -1.37517E-02
1.75040E+03 -1.39614E-02
1.75136E+03 -1.41185E-02
1.75233E+03 -1.43004E-02
1.75329E+03 -1.44930E-02
1.75425E+03 -1.46746E-02
1.75522E+03 -1.48085E-02
1.75618E+03 -1.49237E-02
1.75715E+03 -1.51039E-02
1.75811E+03 -1.52637E-02
1.75908E+03 -1.54051E-02
1.76004E+03 -1.55425E-02
1.76100E+03 -1.56736E-02
1.76197E+03 -1.57927E-02
1.76293E+03 -1.59193E-02
1.76390E+03 -1.60505E-02
1.76486E+03 -1.61764E-02
1.76583E+03 -1.62942E-02
1.76679E+03 -1.63784E-02
1.76776E+03 -1.64807E-02
1.76872E+03 -1.65860E-02
1.76968E+03 -1.66785E-02
1.77065E+03 -1.67705E-02
1.77161E+03 -1.68637E-02
1.77258E+03 -1.69369E-02
1.77354E+03 -1.70102E-02
1.77451E+03 -1.71159E-02
1.77547E+03 -1.72160E-02
1.77644E+03 -1.72948E-02
1.77740E+03 -1.73642E-02
1.77836E+03 -1.74623E-02
1.77933E+03 -1.75433E-02
1.78029E+03 -1.75996E-02
1.78126E+03 -1.76808E-02
1.78222E+03 -1.77429E-02
1.78319E+03 -1.78118E-02
1.78415E+03 -1.78677E-02
1.78511E+03 -1.79160E-02
1.78608E+03 -1.80023E-02
1.78704E+03 -1.80616E-02
1.78801E+03 -1.81133E-02
1.78897E+03 -1.81690E-02
1.78994E+03 -1.82278E-02
1.79090E+03 -1.82888E-02
1.79187E+03 -1.83341E-02
1.79283E+03 -1.83829E-02
1.79379E+03 -1.84486E-02
1.79476E+03 -1.85033E-02
1.79572E+03 -1.85578E-02
1.79669E+03 -1.86118E-02
1.79765E+03 -1.86563E-02
1.79862E+03 -1.86914E-02
1.79958E+03 -1.87234E-02
1.80055E+03 -1.87732E-02
1.80151E+03 -1.88208E-02
1.80247E+03 -1.88598E-02
1.80344E+03 -1.89030E-02
1.80440E+03 -1.89549E-02
1.80537E+03 -1.89983E-02
1.80633E+03 -1.90369E-02
1.80730E+03 -1.90715E-02
1.80826E+03 -1.90864E-02
1.80923E+03 -1.91345E-02
1.81019E+03 -1.91906E-02
1.81115E+03 -1.92145E-02
1.81212E+03 -1.92445E-02
1.81308E+03 -1.92853E-02
1.81405E+03 -1.93264E-02
1.81501E+03 -1.93791E-02
1.81598E+03 -1.94203E-02
1.81694E+03 -1.94393E-02
1.81790E+03 -1.94509E-02
1.81887E+03 -1.94881E-02
1.81983E+03 -1.95183E-02
1.82080E+03 -1.95396E-02
1.82176E+03 -1.95762E-02
1.82273E+03 -1.96086E-02
1.82369E+03 -1.96269E-02
1.82466E+03 -1.96347E-02
1.82562E+03 -1.96637E-02
1.82658E+03 -1.96895E-02
1.82755E+03 -1.97124E-02
1.82851E+03 -1.97370E-02
1.82948E+03 -1.97593E-02
1.83044E+03 -1.97871E-02
1.83141E+03 -1.98092E-02
1.83237E+03 -1.98277E-02
1.83334E+03 -1.98418E-02
1.83430E+03 -1.98705E-02
1.83526E+03 -1.99079E-02
1.83623E+03 -1.99272E-02
1.83719E+03 -1.99201E-02
1.83816E+03 -1.99277E-02
1.83912E+03 -1.99471E-02
1.84009E+03 -1.99479E-02
1.84105E+03 -1.99847E-02
1.84201E+03 -1.99947E-02
1.84298E+03 -1.99784E-02
1.84394E+03 -1.99808E-02
1.84491E+03 -2.00017E-02
1.84587E+03 -2.00467E-02
1.84684E+03 -2.00790E-02
1.84780E+03 -2.00864E-02
1.84877E+03 -2.01017E-02
1.84973E+03 -2.01135E-02
1.85069E+03 -2.01280E-02
1.85166E+03 -2.01488E-02
1.85262E+03 -2.01460E-02
1.85359E+03 -2.01526E-02
1.85455E+03 -2.01677E-02
1.85552E+03 -2.01932E-02
1.85648E+03 -2.02085E-02
1.85745E+03 -2.02177E-02
1.85841E+03 -2.02196E-02
1.85937E+03 -2.02033E-02
1.86034E+03 -2.01989E-02
1.86130E+03 -2.02011E-02
1.86227E+03 -2.02179E-02
1.86323E+03 -2.02462E-02
1.86420E+03 -2.02384E-02
1.86516E+03 -2.02193E-02
1.86612E+03 -2.02171E-02
1.86709E+03 -2.02307E-02
1.86805E+03 -2.02428E-02
1.86902E+03 -2.02316E-02
1.86998E+03 -2.02500E-02
1.87095E+03 -2.02703E-02
1.87191E+03 -2.02573E-02
1.87288E+03 -2.02514E-02
1.87384E+03 -2.02641E-02
1.87480E+03 -2.02690E-02
1.87577E+03 -2.02695E-02
1.87673E+03 -2.02745E-02
1.87770E+03 -2.02627E-02
1.87866E+03 -2.02562E-02
1.87963E+03 -2.02733E-02
1.88059E+03 -2.02747E-02
1.88156E+03 -2.02737E-02
1.88252E+03 -2.02607E-02
1.88348E+03 -2.02403E-02
1.88445E+03 -2.02459E-02
1.88541E+03 -2.02538E-02
1.88638E+03 -2.02368E-02
1.88734E+03 -2.02054E-02
1.88831E+03 -2.02194E-02
1.88927E+03 -2.02427E-02
1.89024E+03 -2.02313E-02
1.89120E+03 -2.02223E-02
1.89216E+03 -2.02152E-02
1.89313E+03 -2.02109E-02
1.89409E+03 -2.02147E-02
1.89506E+03 -2.01945E-02
1.89602E+03 -2.01898E-02
1.89699E+03 -2.01956E-02
1.89795E+03 -2.01751E-02
1.89891E+03 -2.01651E-02
1.89988E+03 -2.01523E-02
1.90084E+03 -2.01554E-02
1.90181E+03 -2.01794E-02
1.90277E+03 -2.02004E-02
1.90374E+03 -2.01905E-02
1.90470E+03 -2.01543E-02
1.90567E+03 -2.01386E-02
1.90663E+03 -2.01358E-02
1.90759E+03 -2.01299E-02
1.90856E+03 -2.01336E-02
1.90952E+03 -2.01195E-02
1.91049E+03 -2.00991E-02
1.91145E+03 -2.00899E-02
1.91242E+03 -2.00776E-02
1.91338E+03 -2.00638E-02
1.91435E+03 -2.00511E-02
1.91531E+03 -2.00538E-02
1.91627E+03 -2.00469E-02
1.91724E+03 -2.00206E-02
1.91820E+03 -2.00124E-02
1.91917E+03 -2.00092E-02
1.92013E+03 -1.99941E-02
1.92110E+03 -1.99977E-02
1.92206E+03 -2.00028E-02
1.92303E+03 -1.99986E-02
1.92399E+03 -1.99775E-02
1.92495E+03 -1.99341E-02
1.92592E+03 -1.99170E-02
1.92688E+03 -1.99215E-02
1.92785E+03 -1.99086E-02
1.92881E+03 -1.98961E-02
1.92978E+03 -1.98745E-02
1.93074E+03 -1.98557E-02
1.93170E+03 -1.98227E-02
1.93267E+03 -1.97898E-02
1.93363E+03 -1.97710E-02
1.93460E+03 -1.97554E-02
1.93556E+03 -1.97452E-02
1.93653E+03 -1.97278E-02
1.93749E+03 -1.97320E-02
1.93846E+03 -1.97264E-02
1.93942E+03 -1.97157E-02
1.94038E+03 -1.97235E-02
1.94135E+03 -1.97139E-02
1.94231E+03 -1.96884E-02
1.94328E+03 -1.96650E-02
1.94424E+03 -1.96614E-02
1.94521E+03 -1.96706E-02
1.94617E+03 -1.96383E-02
1.94714E+03 -1.95968E-02
1.94810E+03 -1.95702E-02
1.94906E+03 -1.95632E-02
1.95003E+03 -1.95519E-02
1.95099E+03 -1.95454E-02
1.95196E+03 -1.95395E-02
1.95292E+03 -1.95109E-02
1.95389E+03 -1.94965E-02
1.95485E+03 -1.94995E-02
1.95581E+03 -1.94642E-02
1.95678E+03 -1.93995E-02
1.95774E+03 -1.93708E-02
1.95871E+03 -1.93613E-02
1.95967E+03 -1.93441E-02
1.96064E+03 -1.93083E-02
1.96160E+03 -1.92955E-02
1.96257E+03 -1.92936E-02
1.96353E+03 -1.92760E-02
1.96449E+03 -1.92436E-02
1.96546E+03 -1.92343E-02
1.96642E+03 -1.92106E-02
1.96739E+03 -1.91856E-02
1.96835E+03 -1.91718E-02
1.96932E+03 -1.91208E-02
1.97028E+03 -1.90973E-02
1.97125E+03 -1.90701E-02
1.97221E+03 -1.90327E-02
1.97317E+03 -1.90125E-02
1.97414E+03 -1.89761E-02
1.97510E+03 -1.89345E-02
1.97607E+03 -1.88942E-02
1.97703E+03 -1.88460E-02
1.97800E+03 -1.88088E-02
1.97896E+03 -1.87948E-02
1.97992E+03 -1.87668E-02
1.98089E+03 -1.87039E-02
1.98185E+03 -1.86479E-02
1.98282E+03 -1.86279E-02
1.98378E+03 -1.85868E-02
1.98475E+03 -1.85394E-02
1.98571E+03 -1.84745E-02
1.98668E+03 -1.83928E-02
1.98764E+03 -1.83657E-02
1.98860E+03 -1.83479E-02
1.98957E+03 -1.82660E-02
1.99053E+03 -1.81829E-02
1.99150E+03 -1.81509E-02
1.99246E+03 -1.80898E-02
1.99343E+03 -1.79871E-02
1.99439E+03 -1.78996E-02
1.99536E+03 -1.78444E-02
1.99632E+03 -1.77822E-02
1.99728E+03 -1.77136E-02
1.99825E+03 -1.76502E-02
1.99921E+03 -1.75647E-02
2.00018E+03 -1.74823E-02
2.00114E+03 -1.74151E-02
2.00211E+03 -1.73287E-02
2.00307E+03 -1.72541E-02
2.00404E+03 -1.71662E-02
2.00500E+03 -1.70803E-02
2.00596E+03 -1.70276E-02
2.00693E+03 -1.69370E-02
2.00789E+03 -1.68452E-02
2.00886E+03 -1.67949E-02
2.00982E+03 -1.67399E-02
2.01079E+03 -1.66738E-02
2.01175E+03 -1.66156E-02
2.01271E+03 -1.65421E-02
2.01368E+03 -1.64673E-02
2.01464E+03 -1.63999E-02
2.01561E+03 -1.63224E-02
2.01657E+03 -1.62861E-02
2.01754E+03 -1.62637E-02
2.01850E+03 -1.62149E-02
2.01947E+03 -1.61619E-02
2.02043E+03 -1.60980E-02
2.02139E+03 -1.60525E-02
2.02236E+03 -1.60251E-02
2.02332E+03 -1.59823E-02
2.02429E+03 -1.59272E-02
2.02525E+03 -1.58764E-02
2.02622E+03 -1.58322E-02
2.02718E+03 -1.57894E-02
2.02815E+03 -1.57759E-02
2.02911E+03 -1.57657E-02
2.03007E+03 -1.57142E-02
2.03104E+03 -1.56445E-02
2.03200E+03 -1.55945E-02
2.03297E+03 -1.55660E-02
2.03393E+03 -1.55289E-02
2.03490E+03 -1.54879E-02
2.03586E+03 -1.54322E-02
2.03682E+03 -1.53503E-02
2.03779E+03 -1.53058E-02
2.03875E+03 -1.52491E-02
2.03972E+03 -1.51653E-02
2.04068E+03 -1.51297E-02
2.04165E+03 -1.50747E-02
2.04261E+03 -1.50217E-02
2.04358E+03 -1.49896E-02
2.04454E+03 -1.49655E-02
2.04550E+03 -1.49547E-02
2.04647E+03 -1.49395E-02
2.04743E+03 -1.49212E-02
2.04840E+03 -1.49058E-02
2.04936E+03 -1.48809E-02
2.05033E+03 -1.48675E-02
2.05129E+03 -1.48575E-02
2.05226E+03 -1.48683E-02
2.05322E+03 -1.48868E-02
2.05418E+03 -1.48380E-02
2.05515E+03 -1.47808E-02
2.05611E+03 -1.47384E-02
2.05708E+03 -1.46753E-02
2.05804E+03 -1.46144E-02
2.05901E+03 -1.45780E-02
2.05997E+03 -1.45350E-02
2.06094E+03 -1.44911E-02
2.06190E+03 -1.44506E-02
2.06286E+03 -1.44269E-02
2.06383E+03 -1.43773E-02
2.06479E+03 -1.43168E-02
2.06576E+03 -1.41854E-02
2.06672E+03 -1.42624E-02
2.06769E+03 -1.42960E-02
2.06865E+03 -1.41178E-02
2.06961E+03 -1.40764E-02
2.07058E+03 -1.40598E-02
2.07154E+03 -1.40267E-02
2.07251E+03 -1.39696E-02
2.07347E+03 -1.39296E-02
2.07444E+03 -1.38483E-02
2.07540E+03 -1.37815E-02
2.07637E+03 -1.37537E-02
2.07733E+03 -1.37339E-02
2.07829E+03 -1.36821E-02
2.07926E+03 -1.36154E-02
2.08022E+03 -1.35477E-02
2.08119E+03 -1.34763E-02
2.08215E+03 -1.34640E-02
2.08312E+03 -1.34006E-02
2.08408E+03 -1.33405E-02
2.08505E+03 -1.33110E-02
2.08601E+03 -1.32675E-02
2.08697E+03 -1.32166E-02
2.08794E+03 -1.31217E-02
2.08890E+03 -1.30453E-02
2.08987E+03 -1.30117E-02
2.09083E+03 -1.29809E-02
2.09180E+03 -1.29159E-02
2.09276E+03 -1.28348E-02
2.09372E+03 -1.27662E-02
2.09469E+03 -1.27485E-02
2.09565E+03 -1.26827E-02
2.09662E+03 -1.25749E-02
2.09758E+03 -1.24884E-02
2.09855E+03 -1.24692E-02
2.09951E+03 -1.24492E-02
2.10048E+03 -1.23391E-02
2.10144E+03 -1.22675E-02
2.10240E+03 -1.22398E-02
2.10337E+03 -1.22196E-02
2.10433E+03 -1.20983E-02
2.10530E+03 -1.19903E-02
2.10626E+03 -1.19444E-02
2.10723E+03 -1.19306E-02
2.10819E+03 -1.18768E-02
2.10916E+03 -1.17334E-02
2.11012E+03 -1.16353E-02
2.11108E+03 -1.16085E-02
2.11205E+03 -1.15666E-02
2.11301E+03 -1.14544E-02
2.11398E+03 -1.13486E-02
2.11494E+03 -1.12867E-02
2.11591E+03 -1.12581E-02
2.11687E+03 -1.11516E-02
2.11783E+03 -1.10370E-02
2.11880E+03 -1.09968E-02
2.11976E+03 -1.09666E-02
2.12073E+03 -1.08465E-02
2.12169E+03 -1.07005E-02
2.12266E+03 -1.06114E-02
2.12362E+03 -1.05659E-02
2.12459E+03 -1.04719E-02
2.12555E+03 -1.03489E-02
2.12651E+03 -1.02639E-02
2.12748E+03 -1.02168E-02
2.12844E+03 -1.01249E-02
2.12941E+03 -9.98512E-03
2.13037E+03 -9.89735E-03
2.13134E+03 -9.83029E-03
2.13230E+03 -9.71079E-03
2.13327E+03 -9.55407E-03
2.13423E+03 -9.47767E-03
2.13519E+03 -9.44703E-03
2.13616E+03 -9.35834E-03
2.13712E+03 -9.20852E-03
2.13809E+03 -9.09811E-03
2.13905E+03 -9.01989E-03
2.14002E+03 -8.91715E-03
2.14098E+03 -8.79302E-03
2.14195E+03 -8.73608E-03
2.14291E+03 -8.64526E-03
2.14387E+03 -8.49722E-03
2.14484E+03 -8.39394E-03
2.14580E+03 -8.29066E-03
2.14677E+03 -8.22353E-03
2.14773E+03 -8.13764E-03
2.14870E+03 -8.00183E-03
2.14966E+03 -7.87411E-03
2.15062E+03 -7.78046E-03
2.15159E+03 -7.69031E-03
2.15255E+03 -7.55792E-03
2.15352E+03 -7.46383E-03
2.15448E+03 -7.40070E-03
2.15545E+03 -7.27515E-03
2.15641E+03 -7.13290E-03
2.15738E+03 -7.04809E-03
2.15834E+03 -7.00569E-03
2.15930E+03 -6.88743E-03
2.16027E+03 -6.71485E-03
2.16123E+03 -6.63773E-03
2.16220E+03 -6.59984E-03
2.16316E+03 -6.47804E-03
2.16413E+03 -6.33145E-03
2.16509E+03 -6.26873E-03
2.16606E+03 -6.19498E-03
2.16702E+03 -6.03661E-03
2.16798E+03 -5.93083E-03
2.16895E+03 -5.90365E-03
2.16991E+03 -5.81549E-03
2.17088E+03 -5.65463E-03
2.17184E+03 -5.58897E-03
2.17281E+03 -5.58163E-03
2.17377E+03 -5.43531E-03
2.17473E+03 -5.26541E-03
2.17570E+03 -5.23050E-03
2.17666E+03 -5.18594E-03
2.17763E+03 -5.05196E-03
2.17859E+03 -4.96995E-03
2.17956E+03 -4.94974E-03
2.18052E+03 -4.86152E-03
2.18149E+03 -4.74054E-03
2.18245E+03 -4.67163E-03
2.18341E+03 -4.61948E-03
2.18438E+03 -4.51591E-03
2.18534E+03 -4.42920E-03
2.18631E+03 -4.38550E-03
2.18727E+03 -4.30600E-03
2.18824E+03 -4.18155E-03
2.18920E+03 -4.11175E-03
2.19017E+03 -4.07974E-03
2.19113E+03 -3.97576E-03
2.19209E+03 -3.87985E-03
2.19306E+03 -3.85512E-03
2.19402E+03 -3.79002E-03
2.19499E+03 -3.66691E-03
2.19595E+03 -3.62731E-03
2.19692E+03 -3.61878E-03
2.19788E+03 -3.52766E-03
2.19884E+03 -3.45892E-03
2.19981E+03 -3.42674E-03
2.20077E+03 -3.35496E-03
2.20174E+03 -3.28088E-03
2.20270E+03 -3.22533E-03
2.20367E+03 -3.15682E-03
2.20463E+03 -3.06883E-03
2.20560E+03 -3.03363E-03
2.20656E+03 -2.98688E-03
2.20752E+03 -2.87838E-03
2.20849E+03 -2.78864E-03
2.20945E+03 -2.74397E-03
2.21042E+03 -2.67782E-03
2.21138E+03 -2.58857E-03
2.21235E+03 -2.51885E-03
2.21331E+03 -2.43496E-03
2.21428E+03 -2.35865E-03
2.21524E+03 -2.29730E-03
2.21620E+03 -2.20905E-03
2.21717E+03 -2.10608E-03
2.21813E+03 -2.01970E-03
2.21910E+03 -1.94453E-03
2.22006E+03 -1.87703E-03
2.22103E+03 -1.79758E-03
2.22199E+03 -1.69141E-03
2.22296E+03 -1.59905E-03
2.22392E+03 -1.53381E-03
2.22488E+03 -1.45444E-03
2.22585E+03 -1.35535E-03
2.22681E+03 -1.28081E-03
2.22778E+03 -1.22281E-03
2.22874E+03 -1.14353E-03
2.22971E+03 -1.04567E-03
2.23067E+03 -9.41567E-04
2.23163E+03 -8.38771E-04
2.23260E+03 -7.58190E-04
2.23356E+03 -6.68686E-04
2.23453E+03 -5.40894E-04
2.23549E+03 -4.43518E-04
2.23646E+03 -3.68513E-04
2.23742E+03 -2.62138E-04
2.23839E+03 -1.49481E-04
2.23935E+03 -3.25516E-05
2.24031E+03 7.06911E-05
2.24128E+03 1.59908E-04
2.24224E+03 2.46827E-04
2.24321E+03 3.32162E-04
2.24417E+03 4.44788E-04
2.24514E+03 5.58417E-04
2.24610E+03 6.23390E-04
2.24707E+03 6.65653E-04
2.24803E+03 7.60473E-04
2.24899E+03 8.65281E-04
2.24996E+03 9.52616E-04
2.25092E+03 1.03743E-03
2.25189E+03 1.10266E-03
2.25285E+03 1.17891E-03
2.25382E+03 1.24457E-03
2.25478E+03 1.31278E-03
2.25574E+03 1.38447E-03
2.25671E+03 1.47685E-03
2.25767E+03 1.61686E-03
2.25864E+03 1.74598E-03
2.25960E+03 1.87497E-03
2.26057E+03 2.01573E-03
2.26153E+03 2.14688E-03
2.26250E+03 2.26012E-03
2.26346E+03 2.38852E-03
2.26442E+03 2.55396E-03
2.26539E+03 2.75765E-03
2.26635E+03 3.00982E-03
2.26732E+03 3.31337E-03
2.26828E+03 3.72120E-03
2.26925E+03 4.31832E-03
2.27021E+03 5.29639E-03
2.27118E+03 7.01648E-03
2.27214E+03 1.02318E-02
2.27310E+03 1.58600E-02
2.27407E+03 2.41336E-02
2.27503E+03 3.38838E-02
2.27600E+03 4.28496E-02
2.27696E+03 4.88240E-02
2.27793E+03 5.08024E-02
2.27889E+03 4.89855E-02
2.27986E+03 4.46462E-02
2.28082E+03 3.93065E-02
2.28178E+03 3.54420E-02
2.28275E+03 3.20862E-02
2.28371E+03 2.43734E-02
2.28468E+03 1.61553E-02
2.28564E+03 1.15272E-02
2.28661E+03 8.74994E-03
2.28757E+03 7.29833E-03
2.28853E+03 6.75456E-03
2.28950E+03 6.68735E-03
2.29046E+03 6.87312E-03
2.29143E+03 7.15007E-03
2.29239E+03 7.50338E-03
2.29336E+03 7.93336E-03
2.29432E+03 8.39313E-03
2.29529E+03 8.88194E-03
2.29625E+03 9.37702E-03
2.29721E+03 9.90006E-03
2.29818E+03 1.04653E-02
2.29914E+03 1.10556E-02
2.30011E+03 1.16610E-02
2.30107E+03 1.22896E-02
2.30204E+03 1.29763E-02
2.30300E+03 1.36595E-02
2.30397E+03 1.43667E-02
2.30493E+03 1.51163E-02
2.30589E+03 1.59004E-02
2.30686E+03 1.67449E-02
2.30782E+03 1.76388E-02
2.30879E+03 1.85865E-02
2.30975E+03 1.96224E-02
2.31072E+03 2.07062E-02
2.31168E+03 2.19026E-02
2.31265E+03 2.32152E-02
2.31361E+03 2.47153E-02
2.31457E+03 2.63981E-02
2.31554E+03 2.83778E-02
2.31650E+03 3.07690E-02
2.31747E+03 3.38714E-02
2.31843E+03 3.80018E-02
2.31940E+03 4.37523E-02
2.32036E+03 5.15302E-02
2.32132E+03 6.15495E-02
2.32229E+03 7.36134E-02
2.32325E+03 8.80281E-02
2.32422E+03 1.07001E-01
2.32518E+03 1.37523E-01
2.32615E+03 1.90498E-01
2.32711E+03 2.73456E-01
2.32808E+03 3.79733E-01
2.32904E+03 4.94788E-01
2.33000E+03 6.08381E-01
2.33097E+03 7.13571E-01
2.33193E+03 8.09528E-01
2.33290E+03 8.96499E-01
2.33386E+03 9.76541E-01
2.33483E+03 1.04973E+00
2.33579E+03 1.11782E+00
2.33676E+03 1.18073E+00
2.33772E+03 1.23827E+00
2.33868E+03 1.28703E+00
2.33965E+03 1.32595E+00
2.34061E+03 1.35534E+00
2.34158E+03 1.37839E+00
2.34254E+03 1.39779E+00
2.34351E+03 1.41514E+00
2.34447E+03 1.41029E+00
2.34543E+03 1.37179E+00
2.34640E+03 1.31474E+00
2.34736E+03 1.25349E+00
2.34833E+03 1.19205E+00
2.34929E+03 1.13172E+00
2.35026E+03 1.07378E+00
2.35122E+03 1.01900E+00
2.35219E+03 9.67170E-01
2.35315E+03 9.18772E-01
2.35411E+03 8.73761E-01
2.35508E+03 8.31757E-01
2.35604E+03 7.92361E-01
2.35701E+03 7.55151E-01
2.35797E+03 7.19420E-01
2.35894E+03 6.84853E-01
2.35990E+03 6.50948E-01
2.36087E+03 6.16903E-01
2.36183E+03 5.82450E-01
2.36279E+03 5.47258E-01
2.36376E+03 5.11068E-01
2.36472E+03 4.73873E-01
2.36569E+03 4.35636E-01
2.36665E+03 3.96652E-01
2.36762E+03 3.57415E-01
2.36858E+03 3.18824E-01
2.36954E+03 2.82004E-01
2.37051E+03 2.48017E-01
2.37147E+03 2.17568E-01
2.37244E+03 1.90373E-01
2.37340E+03 1.65239E-01
2.37437E+03 1.41731E-01
2.37533E+03 1.20330E-01
2.37630E+03 1.01198E-01
2.37726E+03 8.37734E-02
2.37822E+03 6.74295E-02
2.37919E+03 5.22450E-02
2.38015E+03 3.91184E-02
2.38112E+03 2.87264E-02
2.38208E+03 2.12968E-02
2.38305E+03 1.65828E-02
2.38401E+03 1.35544E-02
2.38498E+03 1.13386E-02
2.38594E+03 9.58358E-03
2.38690E+03 8.14700E-03
2.38787E+03 6.92311E-03
2.38883E+03 5.84780E-03
2.38980E+03 4.90221E-03
2.39076E+03 4.06815E-03
2.39173E+03 3.31760E-03
2.39269E+03 2.62072E-03
2.39366E+03 1.97137E-03
2.39462E+03 1.37069E-03
2.39558E+03 8.33549E-04
2.39655E+03 3.36792E-04
2.39751E+03 -1.40678E-04
2.39848E+03 -5.63443E-04
2.39944E+03 -9.58793E-04
2.40041E+03 -1.34206E-03
2.40137E+03 -1.69126E-03
2.40233E+03 -1.99032E-03
2.40330E+03 -2.26010E-03
2.40426E+03 -2.53050E-03
2.40523E+03 -2.78092E-03
2.40619E+03 -3.00132E-03
2.40716E+03 -3.21030E-03
2.40812E+03 -3.40116E-03
2.40909E+03 -3.58560E-03
2.41005E+03 -3.77712E-03
2.41101E+03 -3.94972E-03
2.41198E+03 -4.09082E-03
2.41294E+03 -4.23451E-03
2.41391E+03 -4.38178E-03
2.41487E+03 -4.50166E-03
2.41584E+03 -4.61590E-03
2.41680E+03 -4.72749E-03
2.41777E+03 -4.82329E-03
2.41873E+03 -4.89765E-03
2.41969E+03 -4.98650E-03
2.42066E+03 -5.07838E-03
2.42162E+03 -5.14814E-03
2.42259E+03 -5.21331E-03
2.42355E+03 -5.26145E-03
2.42452E+03 -5.32603E-03
2.42548E+03 -5.39746E-03
2.42644E+03 -5.48405E-03
2.42741E+03 -5.55156E-03
2.42837E+03 -5.59269E-03
2.42934E+03 -5.63601E-03
2.43030E+03 -5.69070E-03
2.43127E+03 -5.77318E-03
2.43223E+03 -5.84517E-03
2.43320E+03 -5.91587E-03
2.43416E+03 -5.96829E-03
2.43512E+03 -5.99907E-03
2.43609E+03 -6.04902E-03
2.43705E+03 -6.10008E-03
2.43802E+03 -6.13819E-03
2.43898E+03 -6.17132E-03
2.43995E+03 -6.20049E-03
2.44091E+03 -6.22842E-03
2.44188E+03 -6.26291E-03
2.44284E+03 -6.30438E-03
2.44380E+03 -6.33900E-03
2.44477E+03 -6.37827E-03
2.44573E+03 -6.40858E-03
2.44670E+03 -6.43723E-03
2.44766E+03 -6.47322E-03
2.44863E+03 -6.55425E-03
2.44959E+03 -6.64116E-03
2.45055E+03 -6.68932E-03
2.45152E+03 -6.74314E-03
2.45248E+03 -6.78907E-03
2.45345E+03 -6.85208E-03
2.45441E+03 -6.93808E-03
2.45538E+03 -7.00219E-03
2.45634E+03 -7.07863E-03
2.45731E+03 -7.16614E-03
2.45827E+03 -7.23787E-03
2.45923E+03 -7.33234E-03
2.46020E+03 -7.45029E-03
2.46116E+03 -7.54767E-03
2.46213E+03 -7.64928E-03
2.46309E+03 -7.76833E-03
2.46406E+03 -7.87437E-03
2.46502E+03 -7.98538E-03
2.46599E+03 -8.09343E-03
2.46695E+03 -8.20064E-03
2.46791E+03 -8.33334E-03
2.46888E+03 -8.46080E-03
2.46984E+03 -8.54848E-03
2.47081E+03 -8.63332E-03
2.47177E+03 -8.73666E-03
2.47274E+03 -8.82412E-03
2.47370E+03 -8.89484E-03
2.47467E+03 -8.98558E-03
2.47563E+03 -9.07692E-03
2.47659E+03 -9.14607E-03
2.47756E+03 -9.19238E-03
2.47852E+03 -9.22980E-03
2.47949E+03 -9.28263E-03
2.48045E+03 -9.33178E-03
2.48142E+03 -9.38004E-03
2.48238E+03 -9.43800E-03
2.48334E+03 -9.47879E-03
2.48431E+03 -9.52249E-03
2.48527E+03 -9.52332E-03
2.48624E+03 -9.51099E-03
2.48720E+03 -9.54536E-03
2.48817E+03 -9.57485E-03
2.48913E+03 -9.57091E-03
2.49010E+03 -9.54579E-03
2.49106E+03 -9.52397E-03
2.49202E+03 -9.51737E-03
2.49299E+03 -9.49407E-03
2.49395E+03 -9.46112E-03
2.49492E+03 -9.43607E-03
2.49588E+03 -9.39464E-03
2.49685E+03 -9.37133E-03
2.49781E+03 -9.36596E-03
2.49878E+03 -9.33449E-03
2.49974E+03 -9.28155E-03
2.50070E+03 -9.22706E-03
2.50167E+03 -9.18560E-03
2.50263E+03 -9.12312E-03
2.50360E+03 -9.05078E-03
2.50456E+03 -8.99177E-03
2.50553E+03 -8.91538E-03
2.50649E+03 -8.85212E-03
2.50745E+03 -8.79159E-03
2.50842E+03 -8.70665E-03
2.50938E+03 -8.62217E-03
2.51035E+03 -8.53899E-03
2.51131E+03 -8.47827E-03
2.51228E+03 -8.43115E-03
2.51324E+03 -8.33838E-03
2.51421E+03 -8.23300E-03
2.51517E+03 -8.13730E-03
2.51613E+03 -8.03079E-03
2.51710E+03 -7.93033E-03
2.51806E+03 -7.84440E-03
2.51903E+03 -7.73130E-03
2.51999E+03 -7.62082E-03
2.52096E+03 -7.53504E-03
2.52192E+03 -7.44251E-03
2.52289E+03 -7.33756E-03
2.52385E+03 -7.23323E-03
2.52481E+03 -7.13908E-03
2.52578E+03 -7.03182E-03
2.52674E+03 -6.93322E-03
2.52771E+03 -6.85634E-03
2.52867E+03 -6.78011E-03
2.52964E+03 -6.69352E-03
2.53060E+03 -6.59963E-03
2.53156E+03 -6.51925E-03
2.53253E+03 -6.44771E-03
2.53349E+03 -6.37392E-03
2.53446E+03 -6.33459E-03
2.53542E+03 -6.32178E-03
2.53639E+03 -6.26253E-03
2.53735E+03 -6.21197E-03
2.53832E+03 -6.20176E-03
2.53928E+03 -6.16071E-03
2.54024E+03 -6.12750E-03
2.54121E+03 -6.12420E-03
2.54217E+03 -6.12734E-03
2.54314E+03 -6.13390E-03
2.54410E+03 -6.14433E-03
2.54507E+03 -6.16210E-03
2.54603E+03 -6.15869E-03
2.54700E+03 -6.16091E-03
2.54796E+03 -6.20583E-03
2.54892E+03 -6.24156E-03
2.54989E+03 -6.26665E-03
2.55085E+03 -6.31709E-03
2.55182E+03 -6.33632E-03
2.55278E+03 -6.35194E-03
2.55375E+03 -6.38996E-03
2.55471E+03 -6.41149E-03
2.55568E+03 -6.43579E-03
2.55664E+03 -6.49460E-03
2.55760E+03 -6.54372E-03
2.55857E+03 -6.55138E-03
2.55953E+03 -6.56594E-03
2.56050E+03 -6.58693E-03
2.56146E+03 -6.60890E-03
2.56243E+03 -6.64414E-03
2.56339E+03 -6.66054E-03
2.56435E+03 -6.65877E-03
2.56532E+03 -6.69551E-03
2.56628E+03 -6.74357E-03
2.56725E+03 -6.77700E-03
2.56821E+03 -6.77175E-03
2.56918E+03 -6.77393E-03
2.57014E+03 -6.81804E-03
2.57111E+03 -6.85240E-03
2.57207E+03 -6.87639E-03
2.57303E+03 -6.88151E-03
2.57400E+03 -6.91378E-03
2.57496E+03 -6.93897E-03
2.57593E+03 -6.93762E-03
2.57689E+03 -6.95480E-03
2.57786E+03 -6.96838E-03
2.57882E+03 -7.00081E-03
2.57979E+03 -7.02950E-03
2.58075E+03 -7.03009E-03
2.58171E+03 -7.02448E-03
2.58268E+03 -7.01751E-03
2.58364E+03 -7.01024E-03
2.58461E+03 -6.99034E-03
2.58557E+03 -6.96559E-03
2.58654E+03 -6.92647E-03
2.58750E+03 -6.88671E-03
2.58846E+03 -6.88953E-03
2.58943E+03 -6.87657E-03
2.59039E+03 -6.82444E-03
2.59136E+03 -6.74726E-03
2.59232E+03 -6.68790E-03
2.59329E+03 -6.64851E-03
2.59425E+03 -6.60460E-03
2.59522E+03 -6.57344E-03
2.59618E+03 -6.54429E-03
2.59714E+03 -6.50697E-03
2.59811E+03 -6.49929E-03
2.59907E+03 -6.49833E-03
2.60004E+03 -6.48160E-03
2.60100E+03 -6.44640E-03
2.60197E+03 -6.42867E-03
2.60293E+03 -6.44786E-03
2.60390E+03 -6.46097E-03
2.60486E+03 -6.49150E-03
2.60582E+03 -6.52149E-03
2.60679E+03 -6.53895E-03
2.60775E+03 -6.55631E-03
2.60872E+03 -6.56315E-03
2.60968E+03 -6.58983E-03
2.61065E+03 -6.64211E-03
2.61161E+03 -6.68453E-03
2.61258E+03 -6.72854E-03
2.61354E+03 -6.77481E-03
2.61450E+03 -6.79135E-03
2.61547E+03 -6.81524E-03
2.61643E+03 -6.85235E-03
2.61740E+03 -6.87999E-03
2.61836E+03 -6.94085E-03
2.61933E+03 -6.99908E-03
2.62029E+03 -7.04463E-03
2.62125E+03 -7.11521E-03
2.62222E+03 -7.17000E-03
2.62318E+03 -7.21487E-03
2.62415E+03 -7.30394E-03
2.62511E+03 -7.39522E-03
2.62608E+03 -7.48502E-03
2.62704E+03 -7.56032E-03
2.62801E+03 -7.60974E-03
2.62897E+03 -7.65491E-03
2.62993E+03 -7.67964E-03
2.63090E+03 -7.74711E-03
2.63186E+03 -7.81629E-03
2.63283E+03 -7.84459E-03
2.63379E+03 -7.87386E-03
2.63476E+03 -7.93618E-03
2.63572E+03 -7.97989E-03
2.63669E+03 -7.99617E-03
2.63765E+03 -8.02764E-03
2.63861E+03 -8.03786E-03
2.63958E+03 -8.05854E-03
2.64054E+03 -8.06628E-03
2.64151E+03 -8.05651E-03
2.64247E+03 -8.06829E-03
2.64344E+03 -8.08701E-03
2.64440E+03 -8.10866E-03
2.64536E+03 -8.10976E-03
2.64633E+03 -8.11098E-03
2.64729E+03 -8.10791E-03
2.64826E+03 -8.07816E-03
2.64922E+03 -8.07361E-03
2.65019E+03 -8.07648E-03
2.65115E+03 -8.09058E-03
2.65212E+03 -8.08666E-03
2.65308E+03 -8.07770E-03
2.65404E+03 -8.08626E-03
2.65501E+03 -8.07390E-03
2.65597E+03 -8.05630E-03
2.65694E+03 -8.02039E-03
2.65790E+03 -7.99194E-03
2.65887E+03 -7.99145E-03
2.65983E+03 -7.96593E-03
2.66080E+03 -7.92923E-03
2.66176E+03 -7.95024E-03
2.66272E+03 -7.96842E-03
2.66369E+03 -7.92161E-03
2.66465E+03 -7.87835E-03
2.66562E+03 -7.85647E-03
2.66658E+03 -7.85498E-03
2.66755E+03 -7.85016E-03
2.66851E+03 -7.83625E-03
2.66948E+03 -7.81478E-03
2.67044E+03 -7.79686E-03
2.67140E+03 -7.77423E-03
2.67237E+03 -7.72757E-03
2.67333E+03 -7.69652E-03
2.67430E+03 -7.69498E-03
2.67526E+03 -7.69124E-03
2.67623E+03 -7.64217E-03
2.67719E+03 -7.63395E-03
2.67815E+03 -7.62856E-03
2.67912E+03 -7.58292E-03
2.68008E+03 -7.53826E-03
2.68105E+03 -7.49982E-03
2.68201E+03 -7.48195E-03
2.68298E+03 -7.46230E-03
2.68394E+03 -7.45215E-03
2.68491E+03 -7.42616E-03
2.68587E+03 -7.38239E-03
2.68683E+03 -7.34749E-03
2.68780E+03 -7.31666E-03
2.68876E+03 -7.30542E-03
2.68973E+03 -7.28361E-03
2.69069E+03 -7.24519E-03
2.69166E+03 -7.21144E-03
2.69262E+03 -7.15229E-03
2.69359E+03 -7.11407E-03
2.69455E+03 -7.09222E-03
2.69551E+03 -7.06874E-03
2.69648E+03 -7.06164E-03
2.69744E+03 -7.00231E-03
2.69841E+03 -6.93579E-03
2.69937E+03 -6.92777E-03
2.70034E+03 -6.91685E-03
2.70130E+03 -6.85380E-03
2.70226E+03 -6.81446E-03
2.70323E+03 -6.79508E-03
2.70419E+03 -6.76053E-03
2.70516E+03 -6.73476E-03
2.70612E+03 -6.69315E-03
2.70709E+03 -6.65991E-03
2.70805E+03 -6.63399E-03
2.70902E+03 -6.60307E-03
2.70998E+03 -6.54830E-03
2.71094E+03 -6.50276E-03
2.71191E+03 -6.48190E-03
2.71287E+03 -6.44495E-03
2.71384E+03 -6.40232E-03
2.71480E+03 -6.33755E-03
2.71577E+03 -6.29381E-03
2.71673E+03 -6.24480E-03
2.71770E+03 -6.18821E-03
2.71866E+03 -6.18573E-03
2.71962E+03 -6.14294E-03
2.72059E+03 -6.03937E-03
2.72155E+03 -5.98491E-03
2.72252E+03 -5.98116E-03
2.72348E+03 -5.94744E-03
2.72445E+03 -5.87389E-03
2.72541E+03 -5.81248E-03
2.72638E+03 -5.77594E-03
2.72734E+03 -5.72385E-03
2.72830E+03 -5.66017E-03
2.72927E+03 -5.60426E-03
2.73023E+03 -5.55720E-03
2.73120E+03 -5.47751E-03
2.73216E+03 -5.41940E-03
2.73313E+03 -5.38309E-03
2.73409E+03 -5.31036E-03
2.73505E+03 -5.24972E-03
2.73602E+03 -5.18748E-03
2.73698E+03 -5.14582E-03
2.73795E+03 -5.08701E-03
2.73891E+03 -5.00920E-03
2.73988E+03 -4.93282E-03
2.74084E+03 -4.82922E-03
2.74181E+03 -4.77234E-03
2.74277E+03 -4.71259E-03
2.74373E+03 -4.65520E-03
2.74470E+03 -4.56128E-03
2.74566E+03 -4.45364E-03
2.74663E+03 -4.40632E-03
2.74759E+03 -4.32193E-03
2.74856E+03 -4.22011E-03
2.74952E+03 -4.11235E-03
2.75049E+03 -3.99854E-03
2.75145E+03 -3.92730E-03
2.75241E+03 -3.85911E-03
2.75338E+03 -3.76194E-03
2.75434E+03 -3.61374E-03
2.75531E+03 -3.53935E-03
2.75627E+03 -3.44217E-03
2.75724E+03 -3.35556E-03
2.75820E+03 -3.33253E-03
2.75916E+03 -3.23148E-03
2.76013E+03 -3.12484E-03
2.76109E+03 -2.88852E-03
2.76206E+03 -2.56749E-03
2.76302E+03 -2.37443E-03
2.76399E+03 -2.16623E-03
2.76495E+03 -1.95837E-03
2.76592E+03 -2.14740E-03
2.76688E+03 -1.85712E-03
2.76784E+03 -1.41477E-03
2.76881E+03 -1.42180E-03
2.76977E+03 -1.18397E-03
2.77074E+03 -1.20695E-03
2.77170E+03 -1.15002E-03
2.77267E+03 -1.20063E-03
2.77363E+03 -1.01252E-03
2.77460E+03 -2.03449E-04
2.77556E+03 -3.40492E-05
2.77652E+03 -4.36492E-05
2.77749E+03 2.36977E-04
2.77845E+03 6.24225E-04
2.77942E+03 9.59445E-04
2.78038E+03 1.16003E-03
2.78135E+03 1.45476E-03
2.78231E+03 1.77393E-03
2.78327E+03 2.04451E-03
2.78424E+03 2.36148E-03
2.78520E+03 2.72190E-03
2.78617E+03 3.04063E-03
2.78713E+03 3.31910E-03
2.78810E+03 3.69330E-03
2.78906E+03 4.07343E-03
2.79003E+03 4.43776E-03
2.79099E+03 4.79822E-03
2.79195E+03 5.15230E-03
2.79292E+03 5.59714E-03
2.79388E+03 6.03978E-03
2.79485E+03 6.45210E-03
2.79581E+03 6.88316E-03
2.79678E+03 7.35074E-03
2.79774E+03 7.84912E-03
2.79871E+03 8.28479E-03
2.79967E+03 8.70855E-03
2.80063E+03 9.21127E-03
2.80160E+03 9.75299E-03
2.80256E+03 1.02733E-02
2.80353E+03 1.07621E-02
2.80449E+03 1.13056E-02
2.80546E+03 1.18621E-02
2.80642E+03 1.24118E-02
2.80739E+03 1.29908E-02
2.80835E+03 1.35957E-02
2.80931E+03 1.42085E-02
2.81028E+03 1.48141E-02
2.81124E+03 1.54529E-02
2.81221E+03 1.60488E-02
2.81317E+03 1.66533E-02
2.81414E+03 1.73316E-02
2.81510E+03 1.80277E-02
2.81606E+03 1.87241E-02
2.81703E+03 1.94389E-02
2.81799E+03 2.01814E-02
2.81896E+03 2.09359E-02
2.81992E+03 2.17203E-02
2.82089E+03 2.25376E-02
2.82185E+03 2.33908E-02
2.82282E+03 2.42904E-02
2.82378E+03 2.52180E-02
2.82474E+03 2.61430E-02
2.82571E+03 2.70906E-02
2.82667E+03 2.80921E-02
2.82764E+03 2.90808E-02
2.82860E+03 2.99332E-02
2.82957E+03 3.06868E-02
2.83053E+03 3.13538E-02
2.83150E+03 3.18425E-02
2.83246E+03 3.21528E-02
2.83342E+03 3.22233E-02
2.83439E+03 3.20686E-02
2.83535E+03 3.17511E-02
2.83632E+03 3.12236E-02
2.83728E+03 3.05505E-02
2.83825E+03 2.97669E-02
2.83921E+03 2.89089E-02
2.84017E+03 2.81049E-02
2.84114E+03 2.73564E-02
2.84210E+03 2.66278E-02
2.84307E+03 2.59776E-02
2.84403E+03 2.53848E-02
2.84500E+03 2.48800E-02
2.84596E+03 2.44495E-02
2.84693E+03 2.40530E-02
2.84789E+03 2.36891E-02
2.84885E+03 2.33526E-02
2.84982E+03 2.30196E-02
2.85078E+03 2.26703E-02
2.85175E+03 2.23283E-02
2.85271E+03 2.20369E-02
2.85368E+03 2.17786E-02
2.85464E+03 2.15088E-02
2.85561E+03 2.12415E-02
2.85657E+03 2.09972E-02
2.85753E+03 2.07392E-02
2.85850E+03 2.04680E-02
2.85946E+03 2.02196E-02
2.86043E+03 1.99273E-02
2.86139E+03 1.96961E-02
2.86236E+03 1.94635E-02
2.86332E+03 1.91976E-02
2.86428E+03 1.89827E-02
2.86525E+03 1.87523E-02
2.86621E+03 1.85196E-02
2.86718E+03 1.83108E-02
2.86814E+03 1.81121E-02
2.86911E+03 1.79018E-02
2.87007E+03 1.76960E-02
2.87104E+03 1.75101E-02
2.87200E+03 1.73501E-02
2.87296E+03 1.72056E-02
2.87393E+03 1.70582E-02
2.87489E+03 1.69102E-02
2.87586E+03 1.68142E-02
2.87682E+03 1.67337E-02
2.87779E+03 1.66317E-02
2.87875E+03 1.65661E-02
2.87972E+03 1.65333E-02
2.88068E+03 1.65164E-02
2.88164E+03 1.64863E-02
2.88261E+03 1.64703E-02
2.88357E+03 1.64982E-02
2.88454E+03 1.65419E-02
2.88550E+03 1.65826E-02
2.88647E+03 1.66272E-02
2.88743E+03 1.67089E-02
2.88840E+03 1.68254E-02
2.88936E+03 1.69614E-02
2.89032E+03 1.70805E-02
2.89129E+03 1.72173E-02
2.89225E+03 1.73649E-02
2.89322E+03 1.75091E-02
2.89418E+03 1.76584E-02
2.89515E+03 1.78260E-02
2.89611E+03 1.80018E-02
2.89707E+03 1.81670E-02
2.89804E+03 1.83669E-02
2.89900E+03 1.86265E-02
2.89997E+03 1.89051E-02
2.90093E+03 1.91834E-02
2.90190E+03 1.94885E-02
2.90286E+03 1.97872E-02
2.90383E+03 2.00604E-02
2.90479E+03 2.03813E-02
2.90575E+03 2.07722E-02
2.90672E+03 2.11390E-02
2.90768E+03 2.14969E-02
2.90865E+03 2.18586E-02
2.90961E+03 2.22435E-02
2.91058E+03 2.26660E-02
2.91154E+03 2.30353E-02
2.91251E+03 2.33624E-02
2.91347E+03 2.36495E-02
2.91443E+03 2.38580E-02
2.91540E+03 2.39986E-02
2.91636E+03 2.40566E-02
2.91733E+03 2.39989E-02
2.91829E+03 2.39342E-02
2.91926E+03 2.38405E-02
2.92022E+03 2.37083E-02
2.92118E+03 2.36488E-02
2.92215E+03 2.36557E-02
2.92311E+03 2.37105E-02
2.92408E+03 2.38558E-02
2.92504E+03 2.41464E-02
2.92601E+03 2.45673E-02
2.92697E+03 2.51044E-02
2.92794E+03 2.57430E-02
2.92890E+03 2.64237E-02
2.92986E+03 2.71361E-02
2.93083E+03 2.79023E-02
2.93179E+03 2.86689E-02
2.93276E+03 2.94219E-02
2.93372E+03 3.00668E-02
2.93469E+03 3.06115E-02
2.93565E+03 3.10955E-02
2.93662E+03 3.14523E-02
2.93758E+03 3.16812E-02
2.93854E+03 3.17437E-02
2.93951E+03 3.17166E-02
2.94047E+03 3.16286E-02
2.94144E+03 3.14344E-02
2.94240E+03 3.11863E-02
2.94337E+03 3.09422E-02
2.94433E+03 3.07271E-02
2.94530E+03 3.05205E-02
2.94626E+03 3.03821E-02
2.94722E+03 3.03707E-02
2.94819E+03 3.04759E-02
2.94915E+03 3.06912E-02
2.95012E+03 3.10321E-02
2.95108E+03 3.14864E-02
2.95205E+03 3.19892E-02
2.95301E+03 3.25403E-02
2.95397E+03 3.31426E-02
2.95494E+03 3.37465E-02
2.95590E+03 3.43475E-02
2.95687E+03 3.49382E-02
2.95783E+03 3.54383E-02
2.95880E+03 3.58831E-02
2.95976E+03 3.63035E-02
2.96073E+03 3.66454E-02
2.96169E+03 3.69564E-02
2.96265E+03 3.71848E-02
2.96362E+03 3.73323E-02
2.96458E+03 3.74677E-02
2.96555E+03 3.75781E-02
2.96651E+03 3.76587E-02
2.96748E+03 3.77617E-02
2.96844E+03 3.78622E-02
2.96941E+03 3.79641E-02
2.97037E+03 3.80491E-02
2.97133E+03 3.80883E-02
2.97230E+03 3.81780E-02
2.97326E+03 3.82154E-02
2.97423E+03 3.81984E-02
2.97519E+03 3.82033E-02
2.97616E+03 3.81727E-02
2.97712E+03 3.81189E-02
2.97808E+03 3.80611E-02
2.97905E+03 3.80048E-02
2.98001E+03 3.79703E-02
2.98098E+03 3.79275E-02
2.98194E+03 3.79055E-02
2.98291E+03 3.79330E-02
2.98387E+03 3.79671E-02
2.98484E+03 3.80369E-02
2.98580E+03 3.82045E-02
2.98676E+03 3.83961E-02
2.98773E+03 3.85840E-02
2.98869E+03 3.88210E-02
2.98966E+03 3.91200E-02
2.99062E+03 3.94465E-02
2.99159E+03 3.97650E-02
2.99255E+03 4.00410E-02
2.99352E+03 4.03483E-02
2.99448E+03 4.06914E-02
2.99544E+03 4.10152E-02
2.99641E+03 4.12995E-02
2.99737E+03 4.15625E-02
2.99834E+03 4.17991E-02
2.99930E+03 4.19807E-02
3.00027E+03 4.21014E-02
3.00123E+03 4.21950E-02
3.00220E+03 4.23038E-02
3.00316E+03 4.23911E-02
3.00412E+03 4.24347E-02
3.00509E+03 4.23568E-02
3.00605E+03 4.22719E-02
3.00702E+03 4.22270E-02
3.00798E+03 4.21989E-02
3.00895E+03 4.21727E-02
3.00991E+03 4.21175E-02
3.01087E+03 4.20596E-02
3.01184E+03 4.20244E-02
3.01280E+03 4.20132E-02
3.01377E+03 4.20148E-02
3.01473E+03 4.20645E-02
3.01570E+03 4.21309E-02
3.01666E+03 4.22271E-02
3.01763E+03 4.23571E-02
3.01859E+03 4.25779E-02
3.01955E+03 4.29034E-02
3.02052E+03 4.32207E-02
3.02148E+03 4.35620E-02
3.02245E+03 4.39470E-02
3.02341E+03 4.43525E-02
3.02438E+03 4.48094E-02
3.02534E+03 4.53070E-02
3.02631E+03 4.58461E-02
3.02727E+03 4.63908E-02
3.02823E+03 4.69630E-02
3.02920E+03 4.76338E-02
3.03016E+03 4.82998E-02
3.03113E+03 4.89603E-02
3.03209E+03 4.96620E-02
3.03306E+03 5.03968E-02
3.03402E+03 5.11618E-02
3.03498E+03 5.19294E-02
3.03595E+03 5.27610E-02
3.03691E+03 5.36325E-02
3.03788E+03 5.44448E-02
3.03884E+03 5.53286E-02
3.03981E+03 5.62638E-02
3.04077E+03 5.71789E-02
3.04174E+03 5.80908E-02
3.04270E+03 5.90022E-02
3.04366E+03 5.99808E-02
3.04463E+03 6.09991E-02
3.04559E+03 6.20105E-02
3.04656E+03 6.30234E-02
3.04752E+03 6.40353E-02
3.04849E+03 6.50522E-02
3.04945E+03 6.61345E-02
3.05042E+03 6.72725E-02
3.05138E+03 6.84056E-02
3.05234E+03 6.94894E-02
3.05331E+03 7.06006E-02
3.05427E+03 7.18173E-02
3.05524E+03 7.30310E-02
3.05620E+03 7.41559E-02
3.05717E+03 7.53198E-02
3.05813E+03 7.65579E-02
3.05909E+03 7.78049E-02
3.06006E+03 7.90722E-02
3.06102E+03 8.03213E-02
3.06199E+03 8.15930E-02
3.06295E+03 8.29175E-02
3.06392E+03 8.42345E-02
3.06488E+03 8.55398E-02
3.06585E+03 8.68839E-02
3.06681E+03 8.82348E-02
3.06777E+03 8.95649E-02
3.06874E+03 9.09849E-02
3.06970E+03 9.24262E-02
3.07067E+03 9.38151E-02
3.07163E+03 9.52419E-02
3.07260E+03 9.67501E-02
3.07356E+03 9.82043E-02
3.07453E+03 9.96197E-02
3.07549E+03 1.01101E-01
3.07645E+03 1.02612E-01
3.07742E+03 1.04101E-01
3.07838E+03 1.05625E-01
3.07935E+03 1.07198E-01
3.08031E+03 1.08753E-01
3.08128E+03 1.10324E-01
3.08224E+03 1.11906E-01
3.08321E+03 1.13456E-01
3.08417E+03 1.15057E-01
3.08513E+03 1.16715E-01
3.08610E+03 1.18314E-01
3.08706E+03 1.19911E-01
3.08803E+03 1.21551E-01
3.08899E+03 1.23210E-01
3.08996E+03 1.24898E-01
3.09092E+03 1.26597E-01
3.09188E+03 1.28286E-01
3.09285E+03 1.29972E-01
3.09381E+03 1.31663E-01
3.09478E+03 1.33341E-01
3.09574E+03 1.35046E-01
3.09671E+03 1.36801E-01
3.09767E+03 1.38509E-01
3.09864E+03 1.40216E-01
3.09960E+03 1.42000E-01
3.10056E+03 1.43745E-01
3.10153E+03 1.45494E-01
3.10249E+03 1.47288E-01
3.10346E+03 1.49068E-01
3.10442E+03 1.50830E-01
3.10539E+03 1.52558E-01
3.10635E+03 1.54330E-01
3.10732E+03 1.56138E-01
3.10828E+03 1.57968E-01
3.10924E+03 1.59784E-01
3.11021E+03 1.61588E-01
3.11117E+03 1.63402E-01
3.11214E+03 1.65186E-01
3.11310E+03 1.66924E-01
3.11407E+03 1.68712E-01
3.11503E+03 1.70562E-01
3.11599E+03 1.72404E-01
3.11696E+03 1.74243E-01
3.11792E+03 1.76035E-01
3.11889E+03 1.77834E-01
3.11985E+03 1.79685E-01
3.12082E+03 1.81564E-01
3.12178E+03 1.83400E-01
3.12275E+03 1.85215E-01
3.12371E+03 1.87060E-01
3.12467E+03 1.88887E-01
3.12564E+03 1.90700E-01
3.12660E+03 1.92576E-01
3.12757E+03 1.94476E-01
3.12853E+03 1.96345E-01
3.12950E+03 1.98188E-01
3.13046E+03 2.00055E-01
3.13143E+03 2.01950E-01
3.13239E+03 2.03782E-01
3.13335E+03 2.05637E-01
3.13432E+03 2.07562E-01
3.13528E+03 2.09417E-01
3.13625E+03 2.11250E-01
3.13721E+03 2.13185E-01
3.13818E+03 2.15093E-01
3.13914E+03 2.16990E-01
3.14010E+03 2.18886E-01
3.14107E+03 2.20820E-01
3.14203E+03 2.22704E-01
3.14300E+03 2.24532E-01
3.14396E+03 2.26480E-01
3.14493E+03 2.28404E-01
3.14589E+03 2.30251E-01
3.14686E+03 2.32174E-01
3.14782E+03 2.34123E-01
3.14878E+03 2.36044E-01
3.14975E+03 2.37994E-01
3.15071E+03 2.39979E-01
3.15168E+03 2.41925E-01
3.15264E+03 2.43786E-01
3.15361E+03 2.45689E-01
3.15457E+03 2.47562E-01
3.15554E+03 2.49464E-01
3.15650E+03 2.51403E-01
3.15746E+03 2.53287E-01
3.15843E+03 2.55212E-01
3.15939E+03 2.57158E-01
3.16036E+03 2.59089E-01
3.16132E+03 2.61030E-01
3.16229E+03 2.62919E-01
3.16325E+03 2.64808E-01
3.16422E+03 2.66758E-01
3.16518E+03 2.68596E-01
3.16614E+03 2.70433E-01
3.16711E+03 2.72330E-01
3.16807E+03 2.74188E-01
3.16904E+03 2.76057E-01
3.17000E+03 2.77912E-01
3.17097E+03 2.79827E-01
3.17193E+03 2.81729E-01
3.17289E+03 2.83545E-01
3.17386E+03 2.85350E-01
3.17482E+03 2.87220E-01
3.17579E+03 2.89081E-01
3.17675E+03 2.90935E-01
3.17772E+03 2.92750E-01
3.17868E+03 2.94508E-01
3.17965E+03 2.96348E-01
3.18061E+03 2.98158E-01
3.18157E+03 2.99929E-01
3.18254E+03 3.01762E-01
3.18350E+03 3.03552E-01
3.18447E+03 3.05225E-01
3.18543E+03 3.07024E-01
3.18640E+03 3.08860E-01
3.18736E+03 3.10622E-01
3.18833E+03 3.12334E-01
3.18929E+03 3.14015E-01
3.19025E+03 3.15711E-01
3.19122E+03 3.17419E-01
3.19218E+03 3.19179E-01
3.19315E+03 3.20900E-01
3.19411E+03 3.22500E-01
3.19508E+03 3.24084E-01
3.19604E+03 3.25725E-01
3.19700E+03 3.27398E-01
3.19797E+03 3.29067E-01
3.19893E+03 3.30657E-01
3.19990E+03 3.32291E-01
3.20086E+03 3.33900E-01
3.20183E+03 3.35452E-01
3.20279E+03 3.37049E-01
3.20376E+03 3.38585E-01
3.20472E+03 3.40028E-01
3.20568E+03 3.41567E-01
3.20665E+03 3.43109E-01
3.20761E+03 3.44599E-01
3.20858E+03 3.46102E-01
3.20954E+03 3.47523E-01
3.21051E+03 3.48969E-01
3.21147E+03 3.50426E-01
3.21244E+03 3.51801E-01
3.21340E+03 3.53147E-01
3.21436E+03 3.54524E-01
3.21533E+03 3.55903E-01
3.21629E+03 3.57215E-01
3.21726E+03 3.58492E-01
3.21822E+03 3.59824E-01
3.21919E+03 3.61141E-01
3.22015E+03 3.62423E-01
3.22111E+03 3.63667E-01
3.22208E+03 3.64857E-01
3.22304E+03 3.66107E-01
3.22401E+03 3.67272E-01
3.22497E+03 3.68397E-01
3.22594E+03 3.69584E-01
3.22690E+03 3.70691E-01
3.22787E+03 3.71801E-01
3.22883E+03 3.72876E-01
3.22979E+03 3.73933E-01
3.23076E+03 3.75063E-01
3.23172E+03 3.76020E-01
3.23269E+03 3.76974E-01
3.23365E+03 3.78027E-01
3.23462E+03 3.78956E-01
3.23558E+03 3.79817E-01
3.23655E+03 3.80842E-01
3.23751E+03 3.81822E-01
3.23847E+03 3.82581E-01
3.23944E+03 3.83498E-01
3.24040E+03 3.84410E-01
3.24137E+03 3.85238E-01
3.24233E+03 3.86039E-01
3.24330E+03 3.86760E-01
3.24426E+03 3.87493E-01
3.24523E+03 3.88225E-01
3.24619E+03 3.88944E-01
3.24715E+03 3.89661E-01
3.24812E+03 3.90347E-01
3.24908E+03 3.91072E-01
3.25005E+03 3.91803E-01
3.25101E+03 3.92453E-01
3.25198E+03 3.93073E-01
3.25294E+03 3.93643E-01
3.25390E+03 3.94317E-01
3.25487E+03 3.94940E-01
3.25583E+03 3.95418E-01
3.25680E+03 3.95941E-01
3.25776E+03 3.96540E-01
3.25873E+03 3.97126E-01
3.25969E+03 3.97626E-01
3.26066E+03 3.98086E-01
3.26162E+03 3.98563E-01
3.26258E+03 3.99059E-01
3.26355E+03 3.99472E-01
3.26451E+03 3.99894E-01
3.26548E+03 4.00234E-01
3.26644E+03 4.00567E-01
3.26741E+03 4.00968E-01
3.26837E+03 4.01335E-01
3.26934E+03 4.01624E-01
3.27030E+03 4.01905E-01
3.27126E+03 4.02285E-01
3.27223E+03 4.02578E-01
3.27319E+03 4.02874E-01
3.27416E+03 4.03108E-01
3.27512E+03 4.03355E-01
3.27609E+03 4.03646E-01
3.27705E+03 4.03822E-01
3.27802E+03 4.03930E-01
3.27898E+03 4.03989E-01
3.27994E+03 4.04116E-01
3.28091E+03 4.04268E-01
3.28187E+03 4.04271E-01
3.28284E+03 4.04244E-01
3.28380E+03 4.04374E-01
3.28477E+03 4.04534E-01
3.28573E+03 4.04493E-01
3.28669E+03 4.04398E-01
3.28766E+03 4.04432E-01
3.28862E+03 4.04318E-01
3.28959E+03 4.04120E-01
3.29055E+03 4.04046E-01
3.29152E+03 4.03960E-01
3.29248E+03 4.03837E-01
3.29345E+03 4.03669E-01
3.29441E+03 4.03397E-01
3.29537E+03 4.03132E-01
3.29634E+03 4.02976E-01
3.29730E+03 4.02764E-01
3.29827E+03 4.02425E-01
3.29923E+03 4.02092E-01
3.30020E+03 4.01767E-01
3.30116E+03 4.01399E-01
3.30213E+03 4.00966E-01
3.30309E+03 4.00550E-01
3.30405E+03 4.00172E-01
3.30502E+03 3.99691E-01
3.30598E+03 3.99197E-01
3.30695E+03 3.98777E-01
3.30791E+03 3.98296E-01
3.30888E+03 3.97781E-01
3.30984E+03 3.97243E-01
3.31080E+03 3.96617E-01
3.31177E+03 3.96049E-01
3.31273E+03 3.95539E-01
3.31370E+03 3.94907E-01
3.31466E+03 3.94193E-01
3.31563E+03 3.93518E-01
3.31659E+03 3.92914E-01
3.31756E+03 3.92229E-01
3.31852E+03 3.91558E-01
3.31948E+03 3.90909E-01
3.32045E+03 3.90204E-01
3.32141E+03 3.89473E-01
3.32238E+03 3.88654E-01
3.32334E+03 3.87892E-01
3.32431E+03 3.87111E-01
3.32527E+03 3.86297E-01
3.32624E+03 3.85522E-01
3.32720E+03 3.84753E-01
3.32816E+03 3.83926E-01
3.32913E+03 3.83123E-01
3.33009E+03 3.82391E-01
3.33106E+03 3.81555E-01
3.33202E+03 3.80630E-01
3.33299E+03 3.79819E-01
3.33395E+03 3.79038E-01
3.33492E+03 3.78116E-01
3.33588E+03 3.77194E-01
3.33684E+03 3.76296E-01
3.33781E+03 3.75391E-01
3.33877E+03 3.74517E-01
3.33974E+03 3.73752E-01
3.34070E+03 3.72950E-01
3.34167E+03 3.72000E-01
3.34263E+03 3.71039E-01
3.34359E+03 3.70160E-01
3.34456E+03 3.69255E-01
3.34552E+03 3.68244E-01
3.34649E+03 3.67367E-01
3.34745E+03 3.66568E-01
3.34842E+03 3.65623E-01
3.34938E+03 3.64726E-01
3.35035E+03 3.63898E-01
3.35131E+03 3.62935E-01
3.35227E+03 3.61958E-01
3.35324E+03 3.61052E-01
3.35420E+03 3.60118E-01
3.35517E+03 3.59241E-01
3.35613E+03 3.58288E-01
3.35710E+03 3.57182E-01
3.35806E+03 3.56208E-01
3.35903E+03 3.55266E-01
3.35999E+03 3.54268E-01
3.36095E+03 3.53354E-01
3.36192E+03 3.52450E-01
3.36288E+03 3.51438E-01
3.36385E+03 3.50452E-01
3.36481E+03 3.49483E-01
3.36578E+03 3.48462E-01
3.36674E+03 3.47447E-01
3.36770E+03 3.46341E-01
3.36867E+03 3.45282E-01
3.36963E+03 3.44284E-01
3.37060E+03 3.43209E-01
3.37156E+03 3.42151E-01
3.37253E+03 3.41102E-01
3.37349E+03 3.40003E-01
3.37446E+03 3.38939E-01
3.37542E+03 3.37859E-01
3.37638E+03 3.36716E-01
3.37735E+03 3.35603E-01
3.37831E+03 3.34535E-01
3.37928E+03 3.33398E-01
3.38024E+03 3.32209E-01
3.38121E+03 3.31053E-01
3.38217E+03 3.29882E-01
3.38314E+03 3.28768E-01
3.38410E+03 3.27636E-01
3.38506E+03 3.26343E-01
3.38603E+03 3.25122E-01
3.38699E+03 3.23931E-01
3.38796E+03 3.22674E-01
3.38892E+03 3.21451E-01
3.38989E+03 3.20161E-01
3.39085E+03 3.18847E-01
3.39181E+03 3.17584E-01
3.39278E+03 3.16284E-01
3.39374E+03 3.14952E-01
3.39471E+03 3.13651E-01
3.39567E+03 3.12270E-01
3.39664E+03 3.10897E-01
3.39760E+03 3.09574E-01
3.39857E+03 3.08114E-01
3.39953E+03 3.06682E-01
3.40049E+03 3.05304E-01
3.40146E+03 3.03858E-01
3.40242E+03 3.02383E-01
3.40339E+03 3.00894E-01
3.40435E+03 2.99416E-01
3.40532E+03 2.97937E-01
3.40628E+03 2.96483E-01
3.40725E+03 2.94956E-01
3.40821E+03 2.93351E-01
3.40917E+03 2.91764E-01
3.41014E+03 2.90226E-01
3.41110E+03 2.88599E-01
3.41207E+03 2.86967E-01
3.41303E+03 2.85143E-01
3.41400E+03 2.83209E-01
3.41496E+03 2.81861E-01
3.41593E+03 2.80531E-01
3.41689E+03 2.78885E-01
3.41785E+03 2.77216E-01
3.41882E+03 2.75456E-01
3.41978E+03 2.73744E-01
3.42075E+03 2.72074E-01
3.42171E+03 2.70406E-01
3.42268E+03 2.68679E-01
3.42364E+03 2.66867E-01
3.42460E+03 2.65048E-01
3.42557E+03 2.63302E-01
3.42653E+03 2.61485E-01
3.42750E+03 2.59682E-01
3.42846E+03 2.57930E-01
3.42943E+03 2.56025E-01
3.43039E+03 2.54289E-01
3.43136E+03 2.52608E-01
3.43232E+03 2.50764E-01
3.43328E+03 2.48907E-01
3.43425E+03 2.47099E-01
3.43521E+03 2.45237E-01
3.43618E+03 2.43357E-01
3.43714E+03 2.41622E-01
3.43811E+03 2.39840E-01
3.43907E+03 2.37977E-01
3.44004E+03 2.36076E-01
3.44100E+03 2.34149E-01
3.44196E+03 2.32290E-01
3.44293E+03 2.30461E-01
3.44389E+03 2.28592E-01
3.44486E+03 2.26654E-01
3.44582E+03 2.24764E-01
3.44679E+03 2.22881E-01
3.44775E+03 2.20977E-01
3.44871E+03 2.19120E-01
3.44968E+03 2.17156E-01
3.45064E+03 2.15229E-01
3.45161E+03 2.13385E-01
3.45257E+03 2.11470E-01
3.45354E+03 2.09544E-01
3.45450E+03 2.07616E-01
3.45547E+03 2.05776E-01
3.45643E+03 2.03989E-01
3.45739E+03 2.02042E-01
3.45836E+03 2.00058E-01
3.45932E+03 1.98185E-01
3.46029E+03 1.96281E-01
3.46125E+03 1.94333E-01
3.46222E+03 1.92413E-01
3.46318E+03 1.90542E-01
3.46415E+03 1.88656E-01
3.46511E+03 1.86694E-01
3.46607E+03 1.84754E-01
3.46704E+03 1.82779E-01
3.46800E+03 1.80839E-01
3.46897E+03 1.78980E-01
3.46993E+03 1.77074E-01
3.47090E+03 1.75118E-01
3.47186E+03 1.73132E-01
3.47282E+03 1.71185E-01
3.47379E+03 1.69229E-01
3.47475E+03 1.67351E-01
3.47572E+03 1.65421E-01
3.47668E+03 1.63447E-01
3.47765E+03 1.61555E-01
3.47861E+03 1.59640E-01
3.47958E+03 1.57704E-01
3.48054E+03 1.55774E-01
3.48150E+03 1.53848E-01
3.48247E+03 1.51831E-01
3.48343E+03 1.49848E-01
3.48440E+03 1.47961E-01
3.48536E+03 1.46060E-01
3.48633E+03 1.44039E-01
3.48729E+03 1.42074E-01
3.48826E+03 1.40185E-01
3.48922E+03 1.38212E-01
3.49018E+03 1.36184E-01
3.49115E+03 1.34259E-01
3.49211E+03 1.32397E-01
3.49308E+03 1.30428E-01
3.49404E+03 1.28431E-01
3.49501E+03 1.26408E-01
3.49597E+03 1.24472E-01
3.49694E+03 1.22600E-01
3.49790E+03 1.20681E-01
3.49886E+03 1.18733E-01
3.49983E+03 1.16759E-01
3.50079E+03 1.14781E-01
3.50176E+03 1.12838E-01
3.50272E+03 1.10917E-01
3.50369E+03 1.08970E-01
3.50465E+03 1.07051E-01
3.50561E+03 1.05100E-01
3.50658E+03 1.03118E-01
3.50754E+03 1.01223E-01
3.50851E+03 9.93490E-02
3.50947E+03 9.74332E-02
3.51044E+03 9.55223E-02
3.51140E+03 9.36800E-02
3.51237E+03 9.17952E-02
3.51333E+03 8.99100E-02
3.51429E+03 8.80738E-02
3.51526E+03 8.62071E-02
3.51622E+03 8.43476E-02
3.51719E+03 8.25365E-02
3.51815E+03 8.07477E-02
3.51912E+03 7.89938E-02
3.52008E+03 7.72524E-02
3.52105E+03 7.54863E-02
3.52201E+03 7.38002E-02
3.52297E+03 7.20511E-02
3.52394E+03 7.03636E-02
3.52490E+03 6.88451E-02
3.52587E+03 6.72417E-02
3.52683E+03 6.56633E-02
3.52780E+03 6.41300E-02
3.52876E+03 6.26268E-02
3.52972E+03 6.11410E-02
3.53069E+03 5.96617E-02
3.53165E+03 5.82485E-02
3.53262E+03 5.68143E-02
3.53358E+03 5.54403E-02
3.53455E+03 5.40934E-02
3.53551E+03 5.27134E-02
3.53648E+03 5.13911E-02
3.53744E+03 5.01623E-02
3.53840E+03 4.89441E-02
3.53937E+03 4.77121E-02
3.54033E+03 4.64708E-02
3.54130E+03 4.53037E-02
3.54226E+03 4.42080E-02
3.54323E+03 4.30822E-02
3.54419E+03 4.19940E-02
3.54516E+03 4.09559E-02
3.54612E+03 3.99416E-02
3.54708E+03 3.89463E-02
3.54805E+03 3.79369E-02
3.54901E+03 3.69581E-02
3.54998E+03 3.60682E-02
3.55094E+03 3.51968E-02
3.55191E+03 3.43404E-02
3.55287E+03 3.35451E-02
3.55383E+03 3.26875E-02
3.55480E+03 3.18332E-02
3.55576E+03 3.10959E-02
3.55673E+03 3.04009E-02
3.55769E+03 2.96547E-02
3.55866E+03 2.88484E-02
3.55962E+03 2.81241E-02
3.56059E+03 2.74716E-02
3.56155E+03 2.67997E-02
3.56251E+03 2.61104E-02
3.56348E+03 2.54519E-02
3.56444E+03 2.48739E-02
3.56541E+03 2.42543E-02
3.56637E+03 2.36425E-02
3.56734E+03 2.31579E-02
3.56830E+03 2.26348E-02
3.56927E+03 2.21113E-02
3.57023E+03 2.16808E-02
3.57119E+03 2.11752E-02
3.57216E+03 2.06572E-02
3.57312E+03 2.02633E-02
3.57409E+03 1.98864E-02
3.57505E+03 1.95126E-02
3.57602E+03 1.91763E-02
3.57698E+03 1.89177E-02
3.57795E+03 1.87566E-02
3.57891E+03 1.86153E-02
3.57987E+03 1.85691E-02
3.58084E+03 1.85474E-02
3.58180E+03 1.85752E-02
3.58277E+03 1.87259E-02
3.58373E+03 1.90380E-02
3.58470E+03 1.94199E-02
3.58566E+03 1.97884E-02
3.58662E+03 2.02172E-02
3.58759E+03 2.07069E-02
3.58855E+03 2.12027E-02
3.58952E+03 2.17247E-02
3.59048E+03 2.23004E-02
3.59145E+03 2.29705E-02
3.59241E+03 2.36720E-02
3.59338E+03 2.44901E-02
3.59434E+03 2.52725E-02
3.59530E+03 2.57801E-02
3.59627E+03 2.56801E-02
3.59723E+03 2.50116E-02
3.59820E+03 2.40089E-02
3.59916E+03 2.50285E-02
3.60013E+03 2.65335E-02
3.60109E+03 2.22186E-02
3.60206E+03 1.65607E-02
3.60302E+03 1.40032E-02
3.60398E+03 1.26543E-02
3.60495E+03 1.18730E-02
3.60591E+03 1.13639E-02
3.60688E+03 1.09789E-02
3.60784E+03 1.06412E-02
3.60881E+03 1.04239E-02
3.60977E+03 1.01814E-02
3.61074E+03 9.90779E-03
3.61170E+03 9.71565E-03
3.61266E+03 9.57165E-03
3.61363E+03 9.35879E-03
3.61459E+03 9.20558E-03
3.61556E+03 9.10900E-03
3.61652E+03 9.00547E-03
3.61749E+03 8.91965E-03
3.61845E+03 8.90569E-03
3.61941E+03 8.94767E-03
3.62038E+03 9.02776E-03
3.62134E+03 9.13393E-03
3.62231E+03 9.29923E-03
3.62327E+03 9.46457E-03
3.62424E+03 9.66069E-03
3.62520E+03 9.89602E-03
3.62617E+03 1.02060E-02
3.62713E+03 1.05571E-02
3.62809E+03 1.09218E-02
3.62906E+03 1.13711E-02
3.63002E+03 1.18347E-02
3.63099E+03 1.23398E-02
3.63195E+03 1.30015E-02
3.63292E+03 1.37107E-02
3.63388E+03 1.43279E-02
3.63485E+03 1.49920E-02
3.63581E+03 1.57882E-02
3.63677E+03 1.66952E-02
3.63774E+03 1.76404E-02
3.63870E+03 1.86194E-02
3.63967E+03 1.96854E-02
3.64063E+03 2.08091E-02
3.64160E+03 2.19465E-02
3.64256E+03 2.30807E-02
3.64352E+03 2.42507E-02
3.64449E+03 2.54561E-02
3.64545E+03 2.65836E-02
3.64642E+03 2.76416E-02
3.64738E+03 2.86476E-02
3.64835E+03 2.95299E-02
3.64931E+03 3.03230E-02
3.65028E+03 3.09780E-02
3.65124E+03 3.14486E-02
3.65220E+03 3.17508E-02
3.65317E+03 3.18971E-02
3.65413E+03 3.19044E-02
3.65510E+03 3.17320E-02
3.65606E+03 3.13762E-02
3.65703E+03 3.08724E-02
3.65799E+03 3.01812E-02
3.65896E+03 2.92971E-02
3.65992E+03 2.83900E-02
3.66088E+03 2.73733E-02
3.66185E+03 2.61088E-02
3.66281E+03 2.47685E-02
3.66378E+03 2.34448E-02
3.66474E+03 2.20857E-02
3.66571E+03 2.07094E-02
3.66667E+03 1.93325E-02
3.66764E+03 1.78796E-02
3.66860E+03 1.64957E-02
3.66956E+03 1.51881E-02
3.67053E+03 1.39443E-02
3.67149E+03 1.27809E-02
3.67246E+03 1.16132E-02
3.67342E+03 1.04878E-02
3.67439E+03 9.45441E-03
3.67535E+03 8.53003E-03
3.67631E+03 7.64986E-03
3.67728E+03 6.78617E-03
3.67824E+03 6.02577E-03
3.67921E+03 5.30637E-03
3.68017E+03 4.65385E-03
3.68114E+03 4.12247E-03
3.68210E+03 3.65087E-03
3.68307E+03 3.29415E-03
3.68403E+03 3.00447E-03
3.68499E+03 2.74834E-03
3.68596E+03 2.59074E-03
3.68692E+03 2.57069E-03
3.68789E+03 2.76311E-03
3.68885E+03 3.07681E-03
3.68982E+03 3.55970E-03
3.69078E+03 4.35405E-03
3.69175E+03 5.48882E-03
3.69271E+03 7.07707E-03
3.69367E+03 9.15981E-03
3.69464E+03 1.17970E-02
3.69560E+03 1.50962E-02
3.69657E+03 1.90507E-02
3.69753E+03 2.35891E-02
3.69850E+03 2.84093E-02
3.69946E+03 3.30979E-02
3.70042E+03 3.70548E-02
3.70139E+03 3.97193E-02
3.70235E+03 4.06749E-02
3.70332E+03 3.98022E-02
3.70428E+03 3.73677E-02
3.70525E+03 3.41618E-02
3.70621E+03 3.10310E-02
3.70718E+03 3.10518E-02
3.70814E+03 3.35338E-02
3.70910E+03 2.79439E-02
3.71007E+03 1.70885E-02
3.71103E+03 1.05183E-02
3.71200E+03 7.11691E-03
3.71296E+03 5.17170E-03
3.71393E+03 4.04718E-03
3.71489E+03 3.40944E-03
3.71586E+03 2.91818E-03
3.71682E+03 2.53819E-03
3.71778E+03 2.27530E-03
3.71875E+03 2.02168E-03
3.71971E+03 1.83018E-03
3.72068E+03 1.59285E-03
3.72164E+03 1.40163E-03
3.72261E+03 1.24934E-03
3.72357E+03 1.05686E-03
3.72453E+03 9.28331E-04
3.72550E+03 7.57169E-04
3.72646E+03 6.13399E-04
3.72743E+03 4.81885E-04
3.72839E+03 2.60547E-04
3.72936E+03 7.39358E-05
3.73032E+03 -1.02960E-04
3.73129E+03 -2.65535E-04
3.73225E+03 -3.79618E-04
3.73321E+03 -5.15431E-04
3.73418E+03 -7.08804E-04
3.73514E+03 -8.89331E-04
3.73611E+03 -1.04844E-03
3.73707E+03 -1.19530E-03
3.73804E+03 -1.31687E-03
3.73900E+03 -1.41864E-03
3.73997E+03 -1.54926E-03
3.74093E+03 -1.65722E-03
3.74189E+03 -1.74422E-03
3.74286E+03 -1.88627E-03
3.74382E+03 -1.95719E-03
3.74479E+03 -2.06329E-03
3.74575E+03 -2.25689E-03
3.74672E+03 -2.39012E-03
3.74768E+03 -2.52508E-03
3.74865E+03 -2.62584E-03
3.74961E+03 -2.67088E-03
3.75057E+03 -2.81296E-03
3.75154E+03 -2.91346E-03
3.75250E+03 -2.94982E-03
3.75347E+03 -3.10051E-03
3.75443E+03 -3.25116E-03
3.75540E+03 -3.27493E-03
3.75636E+03 -3.30861E-03
3.75732E+03 -3.37086E-03
3.75829E+03 -3.37738E-03
3.75925E+03 -3.36991E-03
3.76022E+03 -3.43547E-03
3.76118E+03 -3.50573E-03
3.76215E+03 -3.53791E-03
3.76311E+03 -3.58161E-03
3.76408E+03 -3.66054E-03
3.76504E+03 -3.68294E-03
3.76600E+03 -3.63420E-03
3.76697E+03 -3.64795E-03
3.76793E+03 -3.71972E-03
3.76890E+03 -3.69854E-03
3.76986E+03 -3.67264E-03
3.77083E+03 -3.75795E-03
3.77179E+03 -3.78909E-03
3.77276E+03 -3.75057E-03
3.77372E+03 -3.70352E-03
3.77468E+03 -3.71052E-03
3.77565E+03 -3.74327E-03
3.77661E+03 -3.74672E-03
3.77758E+03 -3.78143E-03
3.77854E+03 -3.78690E-03
3.77951E+03 -3.73319E-03
3.78047E+03 -3.75301E-03
3.78143E+03 -3.78223E-03
3.78240E+03 -3.76975E-03
3.78336E+03 -3.77212E-03
3.78433E+03 -3.80122E-03
3.78529E+03 -3.87935E-03
3.78626E+03 -3.85889E-03
3.78722E+03 -3.84585E-03
3.78819E+03 -3.85492E-03
3.78915E+03 -3.84765E-03
3.79011E+03 -3.92340E-03
3.79108E+03 -3.87760E-03
3.79204E+03 -3.84389E-03
3.79301E+03 -3.90575E-03
3.79397E+03 -3.90446E-03
3.79494E+03 -3.87381E-03
3.79590E+03 -3.82854E-03
3.79687E+03 -3.83655E-03
3.79783E+03 -3.87048E-03
3.79879E+03 -3.89281E-03
3.79976E+03 -3.93835E-03
3.80072E+03 -3.94110E-03
3.80169E+03 -3.88109E-03
3.80265E+03 -3.90419E-03
3.80362E+03 -3.95700E-03
3.80458E+03 -3.94702E-03
3.80554E+03 -3.98480E-03
3.80651E+03 -3.98870E-03
3.80747E+03 -3.97339E-03
3.80844E+03 -4.00485E-03
3.80940E+03 -3.99293E-03
3.81037E+03 -4.02568E-03
3.81133E+03 -4.04518E-03
3.81230E+03 -4.02931E-03
3.81326E+03 -4.02721E-03
3.81422E+03 -3.98411E-03
3.81519E+03 -4.00187E-03
3.81615E+03 -3.99852E-03
3.81712E+03 -3.96139E-03
3.81808E+03 -3.92749E-03
3.81905E+03 -3.90596E-03
3.82001E+03 -3.95508E-03
3.82098E+03 -4.04175E-03
3.82194E+03 -4.11067E-03
3.82290E+03 -4.10805E-03
3.82387E+03 -4.08251E-03
3.82483E+03 -4.07320E-03
3.82580E+03 -4.07334E-03
3.82676E+03 -4.04393E-03
3.82773E+03 -4.06806E-03
3.82869E+03 -4.08631E-03
3.82966E+03 -4.08857E-03
3.83062E+03 -4.15612E-03
3.83158E+03 -4.13010E-03
3.83255E+03 -4.08863E-03
3.83351E+03 -4.16323E-03
3.83448E+03 -4.13543E-03
3.83544E+03 -4.05774E-03
3.83641E+03 -4.02300E-03
3.83737E+03 -4.00723E-03
3.83833E+03 -4.01698E-03
3.83930E+03 -4.08099E-03
3.84026E+03 -4.11950E-03
3.84123E+03 -4.06672E-03
3.84219E+03 -4.11670E-03
3.84316E+03 -4.17816E-03
3.84412E+03 -4.16477E-03
3.84509E+03 -4.13825E-03
3.84605E+03 -4.17159E-03
3.84701E+03 -4.16087E-03
3.84798E+03 -4.07198E-03
3.84894E+03 -4.05347E-03
3.84991E+03 -4.09875E-03
3.85087E+03 -4.08820E-03
3.85184E+03 -4.00530E-03
3.85280E+03 -4.01939E-03
3.85377E+03 -4.07656E-03
3.85473E+03 -4.05295E-03
3.85569E+03 -4.09780E-03
3.85666E+03 -4.12994E-03
3.85762E+03 -4.08319E-03
3.85859E+03 -4.07879E-03
3.85955E+03 -4.06504E-03
3.86052E+03 -4.07594E-03
3.86148E+03 -4.08807E-03
3.86244E+03 -4.05915E-03
3.86341E+03 -4.05222E-03
3.86437E+03 -4.07490E-03
3.86534E+03 -4.08656E-03
3.86630E+03 -4.06949E-03
3.86727E+03 -4.07975E-03
3.86823E+03 -4.06844E-03
3.86920E+03 -4.03050E-03
3.87016E+03 -4.02813E-03
3.87112E+03 -4.11123E-03
3.87209E+03 -4.17301E-03
3.87305E+03 -4.12853E-03
3.87402E+03 -4.08658E-03
3.87498E+03 -4.12755E-03
3.87595E+03 -4.16145E-03
3.87691E+03 -4.17557E-03
3.87788E+03 -4.19642E-03
3.87884E+03 -4.17595E-03
3.87980E+03 -4.18081E-03
3.88077E+03 -4.19535E-03
3.88173E+03 -4.20499E-03
3.88270E+03 -4.19980E-03
3.88366E+03 -4.15770E-03
3.88463E+03 -4.15674E-03
3.88559E+03 -4.12064E-03
3.88655E+03 -4.10933E-03
3.88752E+03 -4.15262E-03
3.88848E+03 -4.11606E-03
3.88945E+03 -4.13350E-03
3.89041E+03 -4.18442E-03
3.89138E+03 -4.18622E-03
3.89234E+03 -4.20472E-03
3.89331E+03 -4.22246E-03
3.89427E+03 -4.18312E-03
3.89523E+03 -4.18540E-03
3.89620E+03 -4.17297E-03
3.89716E+03 -4.17241E-03
3.89813E+03 -4.20061E-03
3.89909E+03 -4.21762E-03
3.90006E+03 -4.21140E-03
3.90102E+03 -4.17291E-03
3.90199E+03 -4.12115E-03
3.90295E+03 -4.10034E-03
3.90391E+03 -4.12648E-03
3.90488E+03 -4.17297E-03
3.90584E+03 -4.15634E-03
3.90681E+03 -4.04560E-03
3.90777E+03 -4.01235E-03
3.90874E+03 -4.06134E-03
3.90970E+03 -4.08407E-03
3.91067E+03 -4.10758E-03
3.91163E+03 -4.18589E-03
3.91259E+03 -4.15110E-03
3.91356E+03 -4.08449E-03
3.91452E+03 -4.11341E-03
3.91549E+03 -4.12133E-03
3.91645E+03 -4.06361E-03
3.91742E+03 -4.04797E-03
3.91838E+03 -4.03813E-03
3.91934E+03 -3.96765E-03
3.92031E+03 -3.94517E-03
3.92127E+03 -4.01099E-03
3.92224E+03 -4.08429E-03
3.92320E+03 -4.06233E-03
3.92417E+03 -4.00197E-03
3.92513E+03 -4.01290E-03
3.92610E+03 -4.02942E-03
3.92706E+03 -4.02394E-03
3.92802E+03 -4.01053E-03
3.92899E+03 -3.99334E-03
3.92995E+03 -4.00042E-03
3.93092E+03 -3.97075E-03
3.93188E+03 -3.96036E-03
3.93285E+03 -3.95220E-03
3.93381E+03 -3.92428E-03
3.93478E+03 -3.95430E-03
3.93574E+03 -3.90909E-03
3.93670E+03 -3.90797E-03
3.93767E+03 -3.95501E-03
3.93863E+03 -3.94337E-03
3.93960E+03 -3.91832E-03
3.94056E+03 -3.89041E-03
3.94153E+03 -3.86653E-03
3.94249E+03 -3.79875E-03
3.94346E+03 -3.76638E-03
3.94442E+03 -3.83888E-03
3.94538E+03 -3.85360E-03
3.94635E+03 -3.81317E-03
3.94731E+03 -3.85347E-03
3.94828E+03 -3.83864E-03
3.94924E+03 -3.76214E-03
3.95021E+03 -3.78601E-03
3.95117E+03 -3.82481E-03
3.95213E+03 -3.80823E-03
3.95310E+03 -3.79839E-03
3.95406E+03 -3.79324E-03
3.95503E+03 -3.79877E-03
3.95599E+03 -3.75591E-03
3.95696E+03 -3.69119E-03
3.95792E+03 -3.70488E-03
3.95889E+03 -3.74563E-03
3.95985E+03 -3.69459E-03
3.96081E+03 -3.72460E-03
3.96178E+03 -3.76060E-03
3.96274E+03 -3.71284E-03
3.96371E+03 -3.67352E-03
3.96467E+03 -3.65508E-03
3.96564E+03 -3.66727E-03
3.96660E+03 -3.68184E-03
3.96757E+03 -3.69059E-03
3.96853E+03 -3.62531E-03
3.96949E+03 -3.59680E-03
3.97046E+03 -3.59138E-03
3.97142E+03 -3.56149E-03
3.97239E+03 -3.53907E-03
3.97335E+03 -3.54606E-03
3.97432E+03 -3.56311E-03
3.97528E+03 -3.55829E-03
3.97624E+03 -3.58136E-03
3.97721E+03 -3.62684E-03
3.97817E+03 -3.59617E-03
3.97914E+03 -3.55304E-03
3.98010E+03 -3.52812E-03
3.98107E+03 -3.46840E-03
3.98203E+03 -3.48856E-03
3.98300E+03 -3.52941E-03
3.98396E+03 -3.50133E-03
3.98492E+03 -3.48393E-03
3.98589E+03 -3.45891E-03
3.98685E+03 -3.43322E-03
3.98782E+03 -3.44498E-03
3.98878E+03 -3.45178E-03
3.98975E+03 -3.42468E-03
3.99071E+03 -3.34482E-03
3.99168E+03 -3.28523E-03
3.99264E+03 -3.31961E-03
3.99360E+03 -3.35445E-03
3.99457E+03 -3.34201E-03
3.99553E+03 -3.32833E-03
3.99650E+03 -3.32122E-03
3.99746E+03 -3.34171E-03
3.99843E+03 -3.32652E-03
3.99939E+03 -3.30666E-03
4.00035E+03 -3.28188E-03
4.00132E+03 -3.28854E-03
