# {"full": "H2O:CH3OH:CO2 (0.9:0.3:1)", "name": "H2O:CH3OH:CO2", "ratio": "(0.9:0.3:1)", "url": "https://icedb.strw.leidenuniv.nl/data/51", "author": "Ehrenfreund et al."}
3.99264E+02 5.79622E-03
4.00228E+02 -4.59390E-03
4.01193E+02 -1.13859E-02
4.02157E+02 -7.07145E-03
4.03122E+02 -5.13687E-03
4.04086E+02 -3.91746E-03
4.05050E+02 -4.30875E-03
4.06015E+02 -7.03547E-03
4.06979E+02 -3.81485E-03
4.07944E+02 1.62020E-03
4.08908E+02 2.48671E-04
4.09872E+02 -7.62742E-04
4.10837E+02 -2.86635E-04
4.11801E+02 -4.44390E-05
4.12766E+02 3.74846E-04
4.13730E+02 4.43268E-03
4.14694E+02 3.63877E-03
4.15659E+02 1.06981E-03
4.16623E+02 1.10638E-03
4.17588E+02 4.55860E-04
4.18552E+02 -4.50268E-04
4.19516E+02 3.80989E-03
4.20481E+02 4.01597E-04
4.21445E+02 -1.52517E-02
4.22410E+02 -9.94333E-03
4.23374E+02 -1.82096E-03
4.24339E+02 -2.36512E-03
4.25303E+02 -6.68351E-04
4.26267E+02 -3.91908E-04
4.27232E+02 -7.96653E-05
4.28196E+02 1.16485E-03
4.29161E+02 3.35023E-03
4.30125E+02 2.58792E-03
4.31089E+02 1.42005E-03
4.32054E+02 1.80317E-03
4.33018E+02 2.51440E-03
4.33983E+02 1.91692E-03
4.34947E+02 1.41166E-03
4.35911E+02 2.39487E-03
4.36876E+02 3.52899E-03
4.37840E+02 3.51614E-03
4.38805E+02 4.82319E-03
4.39769E+02 5.34483E-03
4.40733E+02 9.80641E-03
4.41698E+02 1.32623E-02
4.42662E+02 -3.00819E-03
4.43627E+02 -9.43881E-03
4.44591E+02 -3.85391E-03
4.45555E+02 -3.31538E-03
4.46520E+02 -1.72575E-03
4.47484E+02 -1.26636E-03
4.48449E+02 -4.57283E-04
4.49413E+02 -1.89211E-04
4.50377E+02 3.35649E-06
4.51342E+02 6.04801E-04
4.52306E+02 7.74778E-04
4.53271E+02 6.83848E-04
4.54235E+02 1.21219E-03
4.55199E+02 2.10907E-03
4.56164E+02 2.67051E-03
4.57128E+02 1.33877E-03
4.58093E+02 4.41462E-04
4.59057E+02 4.32022E-04
4.60022E+02 7.92813E-04
4.60986E+02 1.23275E-03
4.61950E+02 1.29894E-03
4.62915E+02 6.97035E-04
4.63879E+02 3.17395E-04
4.64844E+02 5.78988E-04
4.65808E+02 7.55880E-04
4.66772E+02 8.58471E-04
4.67737E+02 1.17161E-03
4.68701E+02 1.15843E-03
4.69666E+02 1.52082E-03
4.70630E+02 1.88139E-03
4.71594E+02 1.06763E-03
4.72559E+02 7.25221E-04
4.73523E+02 1.03476E-03
4.74488E+02 4.50935E-04
4.75452E+02 -5.08614E-05
4.76416E+02 -2.23235E-03
4.77381E+02 -1.09724E-03
4.78345E+02 3.07062E-03
4.79310E+02 3.09489E-03
4.80274E+02 2.81482E-03
4.81238E+02 2.86789E-03
4.82203E+02 2.67464E-03
4.83167E+02 2.54060E-03
4.84132E+02 2.44978E-03
4.85096E+02 2.96791E-03
4.86060E+02 3.42719E-03
4.87025E+02 3.46997E-03
4.87989E+02 3.49269E-03
4.88954E+02 3.66182E-03
4.89918E+02 3.88671E-03
4.90883E+02 3.83591E-03
4.91847E+02 4.21973E-03
4.92811E+02 4.83958E-03
4.93776E+02 4.96160E-03
4.94740E+02 5.00392E-03
4.95705E+02 5.20647E-03
4.96669E+02 5.55616E-03
4.97633E+02 6.15356E-03
4.98598E+02 6.16023E-03
4.99562E+02 5.96646E-03
5.00527E+02 6.34296E-03
5.01491E+02 6.57212E-03
5.02455E+02 6.73411E-03
5.03420E+02 6.84243E-03
5.04384E+02 6.75244E-03
5.05349E+02 6.82719E-03
5.06313E+02 7.46647E-03
5.07277E+02 7.85622E-03
5.08242E+02 8.04103E-03
5.09206E+02 8.24283E-03
5.10171E+02 8.24043E-03
5.11135E+02 8.25208E-03
5.12099E+02 8.73296E-03
5.13064E+02 9.18856E-03
5.14028E+02 9.21466E-03
5.14993E+02 9.31489E-03
5.15957E+02 9.44172E-03
5.16921E+02 9.54402E-03
5.17886E+02 9.40961E-03
5.18850E+02 8.64979E-03
5.19815E+02 1.00474E-02
5.20779E+02 1.17376E-02
5.21743E+02 1.14450E-02
5.22708E+02 1.14268E-02
5.23672E+02 1.15417E-02
5.24637E+02 1.17159E-02
5.25601E+02 1.17984E-02
5.26565E+02 1.19250E-02
5.27530E+02 1.21313E-02
5.28494E+02 1.23472E-02
5.29459E+02 1.25748E-02
5.30423E+02 1.27822E-02
5.31388E+02 1.29198E-02
5.32352E+02 1.32300E-02
5.33316E+02 1.35750E-02
5.34281E+02 1.36859E-02
5.35245E+02 1.36739E-02
5.36210E+02 1.36910E-02
5.37174E+02 1.40928E-02
5.38138E+02 1.43766E-02
5.39103E+02 1.46337E-02
5.40067E+02 1.44746E-02
5.41032E+02 1.43030E-02
5.41996E+02 1.49240E-02
5.42960E+02 1.53106E-02
5.43925E+02 1.54338E-02
5.44889E+02 1.56228E-02
5.45854E+02 1.58001E-02
5.46818E+02 1.59694E-02
5.47782E+02 1.63156E-02
5.48747E+02 1.66193E-02
5.49711E+02 1.68315E-02
5.50676E+02 1.70206E-02
5.51640E+02 1.71865E-02
5.52604E+02 1.73599E-02
5.53569E+02 1.75606E-02
5.54533E+02 1.80797E-02
5.55498E+02 1.84008E-02
5.56462E+02 1.84099E-02
5.57427E+02 1.85732E-02
5.58391E+02 1.87338E-02
5.59355E+02 1.89287E-02
5.60320E+02 1.90088E-02
5.61284E+02 1.90951E-02
5.62249E+02 1.95576E-02
5.63213E+02 1.98865E-02
5.64177E+02 2.00922E-02
5.65142E+02 2.03446E-02
5.66106E+02 2.05911E-02
5.67071E+02 2.09483E-02
5.68035E+02 2.13092E-02
5.68999E+02 2.14231E-02
5.69964E+02 2.15380E-02
5.70928E+02 2.18822E-02
5.71893E+02 2.21838E-02
5.72857E+02 2.25519E-02
5.73821E+02 2.28563E-02
5.74786E+02 2.33458E-02
5.75750E+02 2.36312E-02
5.76715E+02 2.35709E-02
5.77679E+02 2.38536E-02
5.78643E+02 2.41879E-02
5.79608E+02 2.44693E-02
5.80572E+02 2.48055E-02
5.81537E+02 2.51947E-02
5.82501E+02 2.54790E-02
5.83465E+02 2.58249E-02
5.84430E+02 2.63087E-02
5.85394E+02 2.66504E-02
5.86359E+02 2.69293E-02
5.87323E+02 2.72955E-02
5.88287E+02 2.77334E-02
5.89252E+02 2.82403E-02
5.90216E+02 2.85474E-02
5.91181E+02 2.88383E-02
5.92145E+02 2.93785E-02
5.93109E+02 2.98642E-02
5.94074E+02 3.02866E-02
5.95038E+02 3.08148E-02
5.96003E+02 3.15881E-02
5.96967E+02 3.19299E-02
5.97932E+02 3.20394E-02
5.98896E+02 3.25401E-02
5.99860E+02 3.31091E-02
6.00825E+02 3.37658E-02
6.01789E+02 3.43019E-02
6.02754E+02 3.47682E-02
6.03718E+02 3.53815E-02
6.04682E+02 3.59931E-02
6.05647E+02 3.67129E-02
6.06611E+02 3.74523E-02
6.07576E+02 3.80835E-02
6.08540E+02 3.87705E-02
6.09504E+02 3.95140E-02
6.10469E+02 4.00045E-02
6.11433E+02 4.06743E-02
6.12398E+02 4.16958E-02
6.13362E+02 4.26026E-02
6.14326E+02 4.35259E-02
6.15291E+02 4.44909E-02
6.16255E+02 4.54516E-02
6.17220E+02 4.65247E-02
6.18184E+02 4.76886E-02
6.19148E+02 4.89096E-02
6.20113E+02 5.01197E-02
6.21077E+02 5.14214E-02
6.22042E+02 5.28541E-02
6.23006E+02 5.42839E-02
6.23971E+02 5.58579E-02
6.24935E+02 5.76374E-02
6.25899E+02 5.95589E-02
6.26864E+02 6.16489E-02
6.27828E+02 6.37667E-02
6.28793E+02 6.60877E-02
6.29757E+02 6.85691E-02
6.30721E+02 7.13803E-02
6.31686E+02 7.46306E-02
6.32650E+02 7.76600E-02
6.33615E+02 8.10444E-02
6.34579E+02 8.50957E-02
6.35543E+02 8.97619E-02
6.36508E+02 9.52396E-02
6.37472E+02 1.01597E-01
6.38437E+02 1.08742E-01
6.39401E+02 1.15681E-01
6.40365E+02 1.22976E-01
6.41330E+02 1.31524E-01
6.42294E+02 1.40762E-01
6.43259E+02 1.50497E-01
6.44223E+02 1.60797E-01
6.45187E+02 1.71555E-01
6.46152E+02 1.82372E-01
6.47116E+02 1.92835E-01
6.48081E+02 2.03049E-01
6.49045E+02 2.13058E-01
6.50009E+02 2.23501E-01
6.50974E+02 2.35901E-01
6.51938E+02 2.52180E-01
6.52903E+02 2.74779E-01
6.53867E+02 3.04234E-01
6.54831E+02 3.28587E-01
6.55796E+02 3.29712E-01
6.56760E+02 3.17746E-01
6.57725E+02 3.08551E-01
6.58689E+02 3.04071E-01
6.59654E+02 3.00740E-01
6.60618E+02 2.87035E-01
6.61582E+02 2.64143E-01
6.62547E+02 2.40273E-01
6.63511E+02 2.17424E-01
6.64476E+02 1.96179E-01
6.65440E+02 1.76510E-01
6.66404E+02 1.58521E-01
6.67369E+02 1.42083E-01
6.68333E+02 1.26771E-01
6.69298E+02 1.12441E-01
6.70262E+02 9.90467E-02
6.71226E+02 8.68032E-02
6.72191E+02 7.60312E-02
6.73155E+02 6.64837E-02
6.74120E+02 5.77353E-02
6.75084E+02 5.03189E-02
6.76048E+02 4.45334E-02
6.77013E+02 4.05238E-02
6.77977E+02 3.83288E-02
6.78942E+02 3.74525E-02
6.79906E+02 3.72488E-02
6.80870E+02 3.72368E-02
6.81835E+02 3.74246E-02
6.82799E+02 3.77010E-02
6.83764E+02 3.79755E-02
6.84728E+02 3.83012E-02
6.85692E+02 3.86952E-02
6.86657E+02 3.89923E-02
6.87621E+02 3.94506E-02
6.88586E+02 4.00720E-02
6.89550E+02 4.03993E-02
6.90514E+02 4.08236E-02
6.91479E+02 4.13277E-02
6.92443E+02 4.17579E-02
6.93408E+02 4.21892E-02
6.94372E+02 4.25969E-02
6.95337E+02 4.31179E-02
6.96301E+02 4.36240E-02
6.97265E+02 4.40627E-02
6.98230E+02 4.45090E-02
6.99194E+02 4.48220E-02
7.00159E+02 4.52256E-02
7.01123E+02 4.55018E-02
7.02087E+02 4.61157E-02
7.03052E+02 4.70279E-02
7.04016E+02 4.75157E-02
7.04981E+02 4.78655E-02
7.05945E+02 4.84294E-02
7.06909E+02 4.89103E-02
7.07874E+02 4.96935E-02
7.08838E+02 5.02563E-02
7.09803E+02 4.98218E-02
7.10767E+02 5.01405E-02
7.11731E+02 5.07989E-02
7.12696E+02 5.12583E-02
7.13660E+02 5.18116E-02
7.14625E+02 5.22637E-02
7.15589E+02 5.26853E-02
7.16553E+02 5.31553E-02
7.17518E+02 5.36250E-02
7.18482E+02 5.40317E-02
7.19447E+02 5.44787E-02
7.20411E+02 5.49864E-02
7.21375E+02 5.53347E-02
7.22340E+02 5.57028E-02
7.23304E+02 5.61421E-02
7.24269E+02 5.65095E-02
7.25233E+02 5.68841E-02
7.26198E+02 5.72671E-02
7.27162E+02 5.75898E-02
7.28126E+02 5.79953E-02
7.29091E+02 5.80835E-02
7.30055E+02 5.83146E-02
7.31020E+02 5.93241E-02
7.31984E+02 5.98406E-02
7.32948E+02 6.00780E-02
7.33913E+02 6.04505E-02
7.34877E+02 6.07305E-02
7.35842E+02 6.10390E-02
7.36806E+02 6.13998E-02
7.37770E+02 6.17260E-02
7.38735E+02 6.20638E-02
7.39699E+02 6.24608E-02
7.40664E+02 6.27588E-02
7.41628E+02 6.30615E-02
7.42592E+02 6.33207E-02
7.43557E+02 6.37560E-02
7.44521E+02 6.42681E-02
7.45486E+02 6.44373E-02
7.46450E+02 6.46437E-02
7.47414E+02 6.49248E-02
7.48379E+02 6.52240E-02
7.49343E+02 6.55166E-02
7.50308E+02 6.58384E-02
7.51272E+02 6.59404E-02
7.52236E+02 6.60376E-02
7.53201E+02 6.64505E-02
7.54165E+02 6.67441E-02
7.55130E+02 6.69692E-02
7.56094E+02 6.72315E-02
7.57058E+02 6.74482E-02
7.58023E+02 6.76573E-02
7.58987E+02 6.78735E-02
7.59952E+02 6.81119E-02
7.60916E+02 6.83284E-02
7.61880E+02 6.85154E-02
7.62845E+02 6.87353E-02
7.63809E+02 6.89363E-02
7.64774E+02 6.91238E-02
7.65738E+02 6.91827E-02
7.66703E+02 6.93357E-02
7.67667E+02 6.95696E-02
7.68631E+02 6.97013E-02
7.69596E+02 6.98080E-02
7.70560E+02 6.99342E-02
7.71525E+02 7.00790E-02
7.72489E+02 7.02235E-02
7.73453E+02 7.03090E-02
7.74418E+02 7.04075E-02
7.75382E+02 7.04954E-02
7.76347E+02 7.06094E-02
7.77311E+02 7.07157E-02
7.78275E+02 7.07687E-02
7.79240E+02 7.08985E-02
7.80204E+02 7.09301E-02
7.81169E+02 7.09421E-02
7.82133E+02 7.10222E-02
7.83097E+02 7.10468E-02
7.84062E+02 7.10688E-02
7.85026E+02 7.09918E-02
7.85991E+02 7.08073E-02
7.86955E+02 7.09459E-02
7.87919E+02 7.11390E-02
7.88884E+02 7.11866E-02
7.89848E+02 7.12267E-02
7.90813E+02 7.11711E-02
7.91777E+02 7.11305E-02
7.92742E+02 7.11631E-02
7.93706E+02 7.11329E-02
7.94670E+02 7.10340E-02
7.95635E+02 7.09931E-02
7.96599E+02 7.09954E-02
7.97564E+02 7.09590E-02
7.98528E+02 7.08780E-02
7.99492E+02 7.08066E-02
8.00457E+02 7.07437E-02
8.01421E+02 7.06652E-02
8.02386E+02 7.04930E-02
8.03350E+02 7.03616E-02
8.04314E+02 7.02516E-02
8.05279E+02 7.00223E-02
8.06243E+02 6.98704E-02
8.07208E+02 6.98317E-02
8.08172E+02 6.97398E-02
8.09136E+02 6.95868E-02
8.10101E+02 6.94327E-02
8.11065E+02 6.92539E-02
8.12030E+02 6.90296E-02
8.12994E+02 6.88090E-02
8.13958E+02 6.86115E-02
8.14923E+02 6.83701E-02
8.15887E+02 6.81802E-02
8.16852E+02 6.79867E-02
8.17816E+02 6.77318E-02
8.18780E+02 6.75307E-02
8.19745E+02 6.73480E-02
8.20709E+02 6.70722E-02
8.21674E+02 6.67177E-02
8.22638E+02 6.64497E-02
8.23602E+02 6.62148E-02
8.24567E+02 6.59086E-02
8.25531E+02 6.55744E-02
8.26496E+02 6.53107E-02
8.27460E+02 6.50501E-02
8.28424E+02 6.46465E-02
8.29389E+02 6.43581E-02
8.30353E+02 6.41020E-02
8.31318E+02 6.37368E-02
8.32282E+02 6.33898E-02
8.33247E+02 6.30064E-02
8.34211E+02 6.26300E-02
8.35175E+02 6.22300E-02
8.36140E+02 6.17676E-02
8.37104E+02 6.14523E-02
8.38069E+02 6.11688E-02
8.39033E+02 6.07548E-02
8.39997E+02 6.03361E-02
8.40962E+02 5.99227E-02
8.41926E+02 5.95446E-02
8.42891E+02 5.91294E-02
8.43855E+02 5.86831E-02
8.44819E+02 5.82443E-02
8.45784E+02 5.77550E-02
8.46748E+02 5.74139E-02
8.47713E+02 5.69798E-02
8.48677E+02 5.64830E-02
8.49641E+02 5.60893E-02
8.50606E+02 5.55531E-02
8.51570E+02 5.49901E-02
8.52535E+02 5.45131E-02
8.53499E+02 5.40600E-02
8.54463E+02 5.35665E-02
8.55428E+02 5.31380E-02
8.56392E+02 5.27619E-02
8.57357E+02 5.22277E-02
8.58321E+02 5.17439E-02
8.59286E+02 5.12552E-02
8.60250E+02 5.09120E-02
8.61214E+02 5.04923E-02
8.62179E+02 4.96941E-02
8.63143E+02 4.88494E-02
8.64108E+02 4.84366E-02
8.65072E+02 4.82507E-02
8.66036E+02 4.76543E-02
8.67001E+02 4.70926E-02
8.67965E+02 4.66290E-02
8.68930E+02 4.62105E-02
8.69894E+02 4.57324E-02
8.70858E+02 4.50709E-02
8.71823E+02 4.44776E-02
8.72787E+02 4.39496E-02
8.73752E+02 4.34243E-02
8.74716E+02 4.28842E-02
8.75680E+02 4.22902E-02
8.76645E+02 4.16901E-02
8.77609E+02 4.10637E-02
8.78574E+02 4.05513E-02
8.79538E+02 4.00422E-02
8.80502E+02 3.95422E-02
8.81467E+02 3.91402E-02
8.82431E+02 3.85715E-02
8.83396E+02 3.80614E-02
8.84360E+02 3.74585E-02
8.85324E+02 3.66151E-02
8.86289E+02 3.60285E-02
8.87253E+02 3.55727E-02
8.88218E+02 3.50959E-02
8.89182E+02 3.45862E-02
8.90146E+02 3.40645E-02
8.91111E+02 3.35499E-02
8.92075E+02 3.29480E-02
8.93040E+02 3.23570E-02
8.94004E+02 3.18243E-02
8.94969E+02 3.12661E-02
8.95933E+02 3.07372E-02
8.96897E+02 3.01950E-02
8.97862E+02 2.96096E-02
8.98826E+02 2.90513E-02
8.99791E+02 2.84731E-02
9.00755E+02 2.79562E-02
9.01719E+02 2.74419E-02
9.02684E+02 2.68339E-02
9.03648E+02 2.62867E-02
9.04613E+02 2.57598E-02
9.05577E+02 2.52209E-02
9.06541E+02 2.47658E-02
9.07506E+02 2.42065E-02
9.08470E+02 2.36449E-02
9.09435E+02 2.31559E-02
9.10399E+02 2.25798E-02
9.11363E+02 2.20438E-02
9.12328E+02 2.15896E-02
9.13292E+02 2.09959E-02
9.14257E+02 2.03616E-02
9.15221E+02 1.98784E-02
9.16185E+02 1.94219E-02
9.17150E+02 1.88286E-02
9.18114E+02 1.83505E-02
9.19079E+02 1.79238E-02
9.20043E+02 1.72393E-02
9.21007E+02 1.67155E-02
9.21972E+02 1.62122E-02
9.22936E+02 1.56916E-02
9.23901E+02 1.52733E-02
9.24865E+02 1.47849E-02
9.25829E+02 1.42769E-02
9.26794E+02 1.37119E-02
9.27758E+02 1.31664E-02
9.28723E+02 1.27238E-02
9.29687E+02 1.23014E-02
9.30651E+02 1.18141E-02
9.31616E+02 1.12551E-02
9.32580E+02 1.08403E-02
9.33545E+02 1.03684E-02
9.34509E+02 9.79570E-03
9.35474E+02 9.37613E-03
9.36438E+02 8.91809E-03
9.37402E+02 8.45436E-03
9.38367E+02 8.04202E-03
9.39331E+02 7.51586E-03
9.40296E+02 6.94193E-03
9.41260E+02 6.62880E-03
9.42224E+02 6.27434E-03
9.43189E+02 5.79495E-03
9.44153E+02 5.35121E-03
9.45118E+02 4.92454E-03
9.46082E+02 4.45599E-03
9.47046E+02 3.99717E-03
9.48011E+02 3.63170E-03
9.48975E+02 3.27463E-03
9.49940E+02 2.84076E-03
9.50904E+02 2.41521E-03
9.51868E+02 2.02772E-03
9.52833E+02 1.59149E-03
9.53797E+02 1.28425E-03
9.54762E+02 1.02399E-03
9.55726E+02 5.78929E-04
9.56690E+02 1.54320E-04
9.57655E+02 -2.19416E-04
9.58619E+02 -5.97328E-04
9.59584E+02 -9.50888E-04
9.60548E+02 -1.31679E-03
9.61513E+02 -1.79994E-03
9.62477E+02 -2.12510E-03
9.63441E+02 -2.28471E-03
9.64406E+02 -2.58878E-03
9.65370E+02 -2.91332E-03
9.66335E+02 -3.20714E-03
9.67299E+02 -3.48083E-03
9.68263E+02 -3.77246E-03
9.69228E+02 -4.06255E-03
9.70192E+02 -4.35410E-03
9.71157E+02 -4.60902E-03
9.72121E+02 -4.88656E-03
9.73085E+02 -5.17332E-03
9.74050E+02 -5.43758E-03
9.75014E+02 -5.63444E-03
9.75979E+02 -5.78691E-03
9.76943E+02 -6.00239E-03
9.77907E+02 -6.17556E-03
9.78872E+02 -6.31545E-03
9.79836E+02 -6.50736E-03
9.80801E+02 -6.66096E-03
9.81765E+02 -6.73280E-03
9.82729E+02 -6.74476E-03
9.83694E+02 -6.86991E-03
9.84658E+02 -7.02635E-03
9.85623E+02 -7.05872E-03
9.86587E+02 -7.06856E-03
9.87551E+02 -7.05485E-03
9.88516E+02 -7.03951E-03
9.89480E+02 -6.96983E-03
9.90445E+02 -6.89350E-03
9.91409E+02 -6.72188E-03
9.92373E+02 -6.45338E-03
9.93338E+02 -6.05338E-03
9.94302E+02 -5.46831E-03
9.95267E+02 -4.64053E-03
9.96231E+02 -3.68163E-03
9.97195E+02 -2.49103E-03
9.98160E+02 -5.73527E-04
9.99124E+02 1.86242E-03
1.00009E+03 4.74989E-03
1.00105E+03 8.32573E-03
1.00202E+03 1.25366E-02
1.00298E+03 1.74075E-02
1.00395E+03 2.29468E-02
1.00491E+03 2.87554E-02
1.00588E+03 3.48777E-02
1.00684E+03 4.13503E-02
1.00780E+03 4.78370E-02
1.00877E+03 5.41612E-02
1.00973E+03 6.02090E-02
1.01070E+03 6.58328E-02
1.01166E+03 7.08322E-02
1.01263E+03 7.51777E-02
1.01359E+03 7.87435E-02
1.01455E+03 8.14898E-02
1.01552E+03 8.33927E-02
1.01648E+03 8.45633E-02
1.01745E+03 8.47790E-02
1.01841E+03 8.39475E-02
1.01938E+03 8.28244E-02
1.02034E+03 8.11965E-02
1.02131E+03 7.88686E-02
1.02227E+03 7.61460E-02
1.02323E+03 7.31301E-02
1.02420E+03 6.98726E-02
1.02516E+03 6.64230E-02
1.02613E+03 6.28307E-02
1.02709E+03 5.91529E-02
1.02806E+03 5.54387E-02
1.02902E+03 5.17402E-02
1.02999E+03 4.80205E-02
1.03095E+03 4.43508E-02
1.03191E+03 4.05686E-02
1.03288E+03 3.65837E-02
1.03384E+03 3.26961E-02
1.03481E+03 2.88111E-02
1.03577E+03 2.50019E-02
1.03674E+03 2.12222E-02
1.03770E+03 1.75177E-02
1.03866E+03 1.39596E-02
1.03963E+03 1.04225E-02
1.04059E+03 7.18455E-03
1.04156E+03 4.29996E-03
1.04252E+03 1.64960E-03
1.04349E+03 -6.20723E-04
1.04445E+03 -2.59504E-03
1.04542E+03 -4.38014E-03
1.04638E+03 -5.88302E-03
1.04734E+03 -7.00933E-03
1.04831E+03 -7.99575E-03
1.04927E+03 -8.82926E-03
1.05024E+03 -9.48453E-03
1.05120E+03 -1.00103E-02
1.05217E+03 -1.07534E-02
1.05313E+03 -1.12760E-02
1.05410E+03 -1.12267E-02
1.05506E+03 -1.13925E-02
1.05602E+03 -1.15772E-02
1.05699E+03 -1.17310E-02
1.05795E+03 -1.18855E-02
1.05892E+03 -1.20507E-02
1.05988E+03 -1.21987E-02
1.06085E+03 -1.21308E-02
1.06181E+03 -1.22107E-02
1.06278E+03 -1.23536E-02
1.06374E+03 -1.24109E-02
1.06470E+03 -1.25008E-02
1.06567E+03 -1.25815E-02
1.06663E+03 -1.25874E-02
1.06760E+03 -1.26277E-02
1.06856E+03 -1.27016E-02
1.06953E+03 -1.27206E-02
1.07049E+03 -1.27742E-02
1.07145E+03 -1.28352E-02
1.07242E+03 -1.28413E-02
1.07338E+03 -1.29206E-02
1.07435E+03 -1.33528E-02
1.07531E+03 -1.34382E-02
1.07628E+03 -1.32137E-02
1.07724E+03 -1.32354E-02
1.07821E+03 -1.32793E-02
1.07917E+03 -1.32733E-02
1.08013E+03 -1.33424E-02
1.08110E+03 -1.33301E-02
1.08206E+03 -1.32737E-02
1.08303E+03 -1.33654E-02
1.08399E+03 -1.34274E-02
1.08496E+03 -1.34804E-02
1.08592E+03 -1.34613E-02
1.08689E+03 -1.35243E-02
1.08785E+03 -1.35975E-02
1.08881E+03 -1.34670E-02
1.08978E+03 -1.33562E-02
1.09074E+03 -1.33392E-02
1.09171E+03 -1.33572E-02
1.09267E+03 -1.33454E-02
1.09364E+03 -1.33306E-02
1.09460E+03 -1.34602E-02
1.09556E+03 -1.33361E-02
1.09653E+03 -1.30696E-02
1.09749E+03 -1.29960E-02
1.09846E+03 -1.28861E-02
1.09942E+03 -1.27687E-02
1.10039E+03 -1.26126E-02
1.10135E+03 -1.24988E-02
1.10232E+03 -1.22829E-02
1.10328E+03 -1.18964E-02
1.10424E+03 -1.15446E-02
1.10521E+03 -1.12009E-02
1.10617E+03 -1.07933E-02
1.10714E+03 -1.02366E-02
1.10810E+03 -9.61270E-03
1.10907E+03 -8.94576E-03
1.11003E+03 -8.28898E-03
1.11100E+03 -7.56559E-03
1.11196E+03 -6.74227E-03
1.11292E+03 -5.90102E-03
1.11389E+03 -5.06195E-03
1.11485E+03 -4.18691E-03
1.11582E+03 -3.29478E-03
1.11678E+03 -2.54923E-03
1.11775E+03 -1.86900E-03
1.11871E+03 -1.21635E-03
1.11968E+03 -6.57465E-04
1.12064E+03 -1.73476E-04
1.12160E+03 2.67927E-04
1.12257E+03 5.93875E-04
1.12353E+03 7.00168E-04
1.12450E+03 6.55476E-04
1.12546E+03 5.34337E-04
1.12643E+03 2.74207E-04
1.12739E+03 -1.08916E-04
1.12835E+03 -5.97909E-04
1.12932E+03 -1.16485E-03
1.13028E+03 -1.91934E-03
1.13125E+03 -2.81677E-03
1.13221E+03 -3.70460E-03
1.13318E+03 -4.63693E-03
1.13414E+03 -5.59719E-03
1.13511E+03 -6.54506E-03
1.13607E+03 -7.46178E-03
1.13703E+03 -8.33955E-03
1.13800E+03 -9.13878E-03
1.13896E+03 -9.88013E-03
1.13993E+03 -1.05898E-02
1.14089E+03 -1.12116E-02
1.14186E+03 -1.17406E-02
1.14282E+03 -1.22038E-02
1.14379E+03 -1.25709E-02
1.14475E+03 -1.29127E-02
1.14571E+03 -1.31790E-02
1.14668E+03 -1.33675E-02
1.14764E+03 -1.35320E-02
1.14861E+03 -1.36547E-02
1.14957E+03 -1.37182E-02
1.15054E+03 -1.38106E-02
1.15150E+03 -1.38859E-02
1.15246E+03 -1.38691E-02
1.15343E+03 -1.38451E-02
1.15439E+03 -1.37777E-02
1.15536E+03 -1.36838E-02
1.15632E+03 -1.36444E-02
1.15729E+03 -1.35716E-02
1.15825E+03 -1.34349E-02
1.15922E+03 -1.33295E-02
1.16018E+03 -1.32685E-02
1.16114E+03 -1.32270E-02
1.16211E+03 -1.32384E-02
1.16307E+03 -1.33265E-02
1.16404E+03 -1.34021E-02
1.16500E+03 -1.34734E-02
1.16597E+03 -1.36710E-02
1.16693E+03 -1.38155E-02
1.16790E+03 -1.38832E-02
1.16886E+03 -1.39687E-02
1.16982E+03 -1.40540E-02
1.17079E+03 -1.41469E-02
1.17175E+03 -1.42039E-02
1.17272E+03 -1.42746E-02
1.17368E+03 -1.43291E-02
1.17465E+03 -1.43524E-02
1.17561E+03 -1.43854E-02
1.17657E+03 -1.43927E-02
1.17754E+03 -1.43861E-02
1.17850E+03 -1.44142E-02
1.17947E+03 -1.44638E-02
1.18043E+03 -1.44761E-02
1.18140E+03 -1.44327E-02
1.18236E+03 -1.44267E-02
1.18333E+03 -1.44547E-02
1.18429E+03 -1.44772E-02
1.18525E+03 -1.44699E-02
1.18622E+03 -1.44398E-02
1.18718E+03 -1.44568E-02
1.18815E+03 -1.44774E-02
1.18911E+03 -1.44578E-02
1.19008E+03 -1.44608E-02
1.19104E+03 -1.44852E-02
1.19201E+03 -1.44761E-02
1.19297E+03 -1.44956E-02
1.19393E+03 -1.45210E-02
1.19490E+03 -1.45050E-02
1.19586E+03 -1.44958E-02
1.19683E+03 -1.44989E-02
1.19779E+03 -1.44968E-02
1.19876E+03 -1.44959E-02
1.19972E+03 -1.44741E-02
1.20069E+03 -1.44408E-02
1.20165E+03 -1.44376E-02
1.20261E+03 -1.44532E-02
1.20358E+03 -1.44595E-02
1.20454E+03 -1.44357E-02
1.20551E+03 -1.44040E-02
1.20647E+03 -1.44055E-02
1.20744E+03 -1.44227E-02
1.20840E+03 -1.44616E-02
1.20936E+03 -1.44512E-02
1.21033E+03 -1.44243E-02
1.21129E+03 -1.44017E-02
1.21226E+03 -1.43968E-02
1.21322E+03 -1.43880E-02
1.21419E+03 -1.43590E-02
1.21515E+03 -1.43411E-02
1.21612E+03 -1.43298E-02
1.21708E+03 -1.43263E-02
1.21804E+03 -1.43564E-02
1.21901E+03 -1.43362E-02
1.21997E+03 -1.42944E-02
1.22094E+03 -1.42513E-02
1.22190E+03 -1.42492E-02
1.22287E+03 -1.42440E-02
1.22383E+03 -1.42321E-02
1.22480E+03 -1.42058E-02
1.22576E+03 -1.41964E-02
1.22672E+03 -1.41213E-02
1.22769E+03 -1.40735E-02
1.22865E+03 -1.40031E-02
1.22962E+03 -1.40441E-02
1.23058E+03 -1.40374E-02
1.23155E+03 -1.41740E-02
1.23251E+03 -1.41210E-02
1.23347E+03 -1.60496E-02
1.23444E+03 -1.75570E-02
1.23540E+03 -1.47881E-02
1.23637E+03 -1.34913E-02
1.23733E+03 -1.37100E-02
1.23830E+03 -1.36802E-02
1.23926E+03 -1.37665E-02
1.24023E+03 -1.37892E-02
1.24119E+03 -1.39815E-02
1.24215E+03 -1.39936E-02
1.24312E+03 -1.39391E-02
1.24408E+03 -1.38908E-02
1.24505E+03 -1.38714E-02
1.24601E+03 -1.38476E-02
1.24698E+03 -1.39003E-02
1.24794E+03 -1.39353E-02
1.24891E+03 -1.39093E-02
1.24987E+03 -1.38404E-02
1.25083E+03 -1.38502E-02
1.25180E+03 -1.38442E-02
1.25276E+03 -1.38289E-02
1.25373E+03 -1.38340E-02
1.25469E+03 -1.38281E-02
1.25566E+03 -1.38132E-02
1.25662E+03 -1.37702E-02
1.25759E+03 -1.37306E-02
1.25855E+03 -1.37186E-02
1.25951E+03 -1.37133E-02
1.26048E+03 -1.36961E-02
1.26144E+03 -1.36613E-02
1.26241E+03 -1.36652E-02
1.26337E+03 -1.36616E-02
1.26434E+03 -1.36331E-02
1.26530E+03 -1.35973E-02
1.26626E+03 -1.35970E-02
1.26723E+03 -1.35842E-02
1.26819E+03 -1.35393E-02
1.26916E+03 -1.34954E-02
1.27012E+03 -1.34581E-02
1.27109E+03 -1.34358E-02
1.27205E+03 -1.33921E-02
1.27302E+03 -1.33459E-02
1.27398E+03 -1.33112E-02
1.27494E+03 -1.32467E-02
1.27591E+03 -1.31333E-02
1.27687E+03 -1.30753E-02
1.27784E+03 -1.31842E-02
1.27880E+03 -1.32945E-02
1.27977E+03 -1.33084E-02
1.28073E+03 -1.33003E-02
1.28170E+03 -1.32937E-02
1.28266E+03 -1.32901E-02
1.28362E+03 -1.32818E-02
1.28459E+03 -1.32523E-02
1.28555E+03 -1.31901E-02
1.28652E+03 -1.31710E-02
1.28748E+03 -1.31961E-02
1.28845E+03 -1.31837E-02
1.28941E+03 -1.31396E-02
1.29037E+03 -1.31162E-02
1.29134E+03 -1.31244E-02
1.29230E+03 -1.30920E-02
1.29327E+03 -1.30576E-02
1.29423E+03 -1.30437E-02
1.29520E+03 -1.30123E-02
1.29616E+03 -1.29706E-02
1.29713E+03 -1.29485E-02
1.29809E+03 -1.29154E-02
1.29905E+03 -1.28781E-02
1.30002E+03 -1.28610E-02
1.30098E+03 -1.28561E-02
1.30195E+03 -1.28193E-02
1.30291E+03 -1.27801E-02
1.30388E+03 -1.27755E-02
1.30484E+03 -1.27974E-02
1.30581E+03 -1.27924E-02
1.30677E+03 -1.27070E-02
1.30773E+03 -1.26337E-02
1.30870E+03 -1.25828E-02
1.30966E+03 -1.25350E-02
1.31063E+03 -1.25067E-02
1.31159E+03 -1.24793E-02
1.31256E+03 -1.24337E-02
1.31352E+03 -1.23868E-02
1.31448E+03 -1.23597E-02
1.31545E+03 -1.23297E-02
1.31641E+03 -1.23107E-02
1.31738E+03 -1.23002E-02
1.31834E+03 -1.23064E-02
1.31931E+03 -1.22892E-02
1.32027E+03 -1.22357E-02
1.32124E+03 -1.22268E-02
1.32220E+03 -1.22107E-02
1.32316E+03 -1.21634E-02
1.32413E+03 -1.21514E-02
1.32509E+03 -1.21455E-02
1.32606E+03 -1.21262E-02
1.32702E+03 -1.21473E-02
1.32799E+03 -1.21452E-02
1.32895E+03 -1.21141E-02
1.32992E+03 -1.20750E-02
1.33088E+03 -1.20132E-02
1.33184E+03 -1.19883E-02
1.33281E+03 -1.19739E-02
1.33377E+03 -1.19431E-02
1.33474E+03 -1.19094E-02
1.33570E+03 -1.18846E-02
1.33667E+03 -1.18455E-02
1.33763E+03 -1.18112E-02
1.33860E+03 -1.18726E-02
1.33956E+03 -1.19846E-02
1.34052E+03 -1.20484E-02
1.34149E+03 -1.20187E-02
1.34245E+03 -1.19633E-02
1.34342E+03 -1.20721E-02
1.34438E+03 -1.19641E-02
1.34535E+03 -1.16073E-02
1.34631E+03 -1.14904E-02
1.34727E+03 -1.14928E-02
1.34824E+03 -1.15393E-02
1.34920E+03 -1.18048E-02
1.35017E+03 -1.19497E-02
1.35113E+03 -1.15657E-02
1.35210E+03 -1.12020E-02
1.35306E+03 -1.12433E-02
1.35403E+03 -1.14002E-02
1.35499E+03 -1.14372E-02
1.35595E+03 -1.12868E-02
1.35692E+03 -1.11027E-02
1.35788E+03 -1.10050E-02
1.35885E+03 -1.08930E-02
1.35981E+03 -1.07524E-02
1.36078E+03 -1.06158E-02
1.36174E+03 -1.04192E-02
1.36271E+03 -1.02627E-02
1.36367E+03 -1.02018E-02
1.36463E+03 -1.01787E-02
1.36560E+03 -1.01294E-02
1.36656E+03 -1.00630E-02
1.36753E+03 -9.99372E-03
1.36849E+03 -9.90935E-03
1.36946E+03 -9.79446E-03
1.37042E+03 -9.66975E-03
1.37138E+03 -9.57873E-03
1.37235E+03 -9.46505E-03
1.37331E+03 -9.33739E-03
1.37428E+03 -9.16449E-03
1.37524E+03 -8.96139E-03
1.37621E+03 -8.74146E-03
1.37717E+03 -8.47773E-03
1.37814E+03 -8.23680E-03
1.37910E+03 -7.93786E-03
1.38006E+03 -7.51726E-03
1.38103E+03 -7.11152E-03
1.38199E+03 -6.85001E-03
1.38296E+03 -6.79446E-03
1.38392E+03 -6.95058E-03
1.38489E+03 -7.23412E-03
1.38585E+03 -7.41412E-03
1.38682E+03 -7.40016E-03
1.38778E+03 -7.25902E-03
1.38874E+03 -7.04391E-03
1.38971E+03 -6.81692E-03
1.39067E+03 -6.58236E-03
1.39164E+03 -6.30670E-03
1.39260E+03 -5.98597E-03
1.39357E+03 -5.66324E-03
1.39453E+03 -5.35700E-03
1.39550E+03 -5.00974E-03
1.39646E+03 -4.64255E-03
1.39742E+03 -4.32146E-03
1.39839E+03 -3.94743E-03
1.39935E+03 -3.50185E-03
1.40032E+03 -3.06651E-03
1.40128E+03 -2.64159E-03
1.40225E+03 -2.21265E-03
1.40321E+03 -1.80638E-03
1.40417E+03 -1.43382E-03
1.40514E+03 -1.03473E-03
1.40610E+03 -6.04264E-04
1.40707E+03 -1.86585E-04
1.40803E+03 2.20310E-04
1.40900E+03 6.25283E-04
1.40996E+03 1.01711E-03
1.41093E+03 1.40293E-03
1.41189E+03 1.74539E-03
1.41285E+03 2.04899E-03
1.41382E+03 2.39880E-03
1.41478E+03 2.75652E-03
1.41575E+03 3.10632E-03
1.41671E+03 3.43506E-03
1.41768E+03 3.71798E-03
1.41864E+03 3.92686E-03
1.41961E+03 4.13714E-03
1.42057E+03 4.29173E-03
1.42153E+03 4.38720E-03
1.42250E+03 4.50016E-03
1.42346E+03 4.62386E-03
1.42443E+03 4.71202E-03
1.42539E+03 4.70420E-03
1.42636E+03 4.62741E-03
1.42732E+03 4.52609E-03
1.42828E+03 4.44073E-03
1.42925E+03 4.29788E-03
1.43021E+03 4.08601E-03
1.43118E+03 3.87814E-03
1.43214E+03 3.58542E-03
1.43311E+03 3.22705E-03
1.43407E+03 2.88000E-03
1.43504E+03 2.49793E-03
1.43600E+03 2.10734E-03
1.43696E+03 1.66797E-03
1.43793E+03 1.22591E-03
1.43889E+03 8.56366E-04
1.43986E+03 5.55191E-04
1.44082E+03 4.09972E-04
1.44179E+03 4.94808E-04
1.44275E+03 8.23770E-04
1.44372E+03 1.44203E-03
1.44468E+03 2.24845E-03
1.44564E+03 3.12544E-03
1.44661E+03 4.00827E-03
1.44757E+03 4.77702E-03
1.44854E+03 5.34464E-03
1.44950E+03 5.69364E-03
1.45047E+03 5.81653E-03
1.45143E+03 5.72236E-03
1.45240E+03 5.41483E-03
1.45336E+03 4.97150E-03
1.45432E+03 4.50347E-03
1.45529E+03 4.07695E-03
1.45625E+03 3.82016E-03
1.45722E+03 3.85109E-03
1.45818E+03 4.24344E-03
1.45915E+03 4.97102E-03
1.46011E+03 5.95995E-03
1.46107E+03 7.02844E-03
1.46204E+03 7.92888E-03
1.46300E+03 8.50727E-03
1.46397E+03 8.72413E-03
1.46493E+03 8.54362E-03
1.46590E+03 8.00615E-03
1.46686E+03 7.21056E-03
1.46783E+03 6.28223E-03
1.46879E+03 5.43003E-03
1.46975E+03 4.82206E-03
1.47072E+03 4.70812E-03
1.47168E+03 5.16824E-03
1.47265E+03 6.12754E-03
1.47361E+03 7.50241E-03
1.47458E+03 8.95345E-03
1.47554E+03 1.02041E-02
1.47651E+03 1.10981E-02
1.47747E+03 1.15203E-02
1.47843E+03 1.14754E-02
1.47940E+03 1.09467E-02
1.48036E+03 1.00335E-02
1.48133E+03 8.86383E-03
1.48229E+03 7.52728E-03
1.48326E+03 6.12218E-03
1.48422E+03 4.68198E-03
1.48518E+03 3.24800E-03
1.48615E+03 1.91184E-03
1.48711E+03 7.02575E-04
1.48808E+03 -3.94270E-04
1.48904E+03 -1.36144E-03
1.49001E+03 -2.19221E-03
1.49097E+03 -2.91259E-03
1.49194E+03 -3.51079E-03
1.49290E+03 -4.00157E-03
1.49386E+03 -4.43187E-03
1.49483E+03 -4.78508E-03
1.49579E+03 -5.09764E-03
1.49676E+03 -5.36667E-03
1.49772E+03 -5.55159E-03
1.49869E+03 -5.70876E-03
1.49965E+03 -5.86992E-03
1.50062E+03 -6.02233E-03
1.50158E+03 -6.12088E-03
1.50254E+03 -6.20726E-03
1.50351E+03 -6.28136E-03
1.50447E+03 -6.34798E-03
1.50544E+03 -6.42192E-03
1.50640E+03 -6.46655E-03
1.50737E+03 -6.49524E-03
1.50833E+03 -6.51213E-03
1.50929E+03 -6.53114E-03
1.51026E+03 -6.53764E-03
1.51122E+03 -6.54518E-03
1.51219E+03 -6.54987E-03
1.51315E+03 -6.52410E-03
1.51412E+03 -6.53369E-03
1.51508E+03 -6.53677E-03
1.51605E+03 -6.50588E-03
1.51701E+03 -6.49923E-03
1.51797E+03 -6.49161E-03
1.51894E+03 -6.47605E-03
1.51990E+03 -6.46986E-03
1.52087E+03 -6.47983E-03
1.52183E+03 -6.45253E-03
1.52280E+03 -6.39734E-03
1.52376E+03 -6.35427E-03
1.52473E+03 -6.33873E-03
1.52569E+03 -6.29296E-03
1.52665E+03 -6.24160E-03
1.52762E+03 -6.20674E-03
1.52858E+03 -6.16195E-03
1.52955E+03 -6.16087E-03
1.53051E+03 -6.14727E-03
1.53148E+03 -6.10115E-03
1.53244E+03 -6.05979E-03
1.53341E+03 -6.03804E-03
1.53437E+03 -6.03540E-03
1.53533E+03 -5.99396E-03
1.53630E+03 -5.95875E-03
1.53726E+03 -5.92772E-03
1.53823E+03 -5.88719E-03
1.53919E+03 -5.87200E-03
1.54016E+03 -5.82914E-03
1.54112E+03 -5.77157E-03
1.54208E+03 -5.76391E-03
1.54305E+03 -5.71906E-03
1.54401E+03 -5.66307E-03
1.54498E+03 -5.65568E-03
1.54594E+03 -5.61316E-03
1.54691E+03 -5.57971E-03
1.54787E+03 -5.53241E-03
1.54884E+03 -5.48587E-03
1.54980E+03 -5.45659E-03
1.55076E+03 -5.43050E-03
1.55173E+03 -5.40004E-03
1.55269E+03 -5.34898E-03
1.55366E+03 -5.30532E-03
1.55462E+03 -5.27832E-03
1.55559E+03 -5.24674E-03
1.55655E+03 -5.19393E-03
1.55752E+03 -5.16339E-03
1.55848E+03 -5.14477E-03
1.55944E+03 -5.10857E-03
1.56041E+03 -5.04566E-03
1.56137E+03 -4.98187E-03
1.56234E+03 -4.95294E-03
1.56330E+03 -4.91754E-03
1.56427E+03 -4.89163E-03
1.56523E+03 -4.87247E-03
1.56619E+03 -4.80988E-03
1.56716E+03 -4.74691E-03
1.56812E+03 -4.69221E-03
1.56909E+03 -4.65499E-03
1.57005E+03 -4.64315E-03
1.57102E+03 -4.58693E-03
1.57198E+03 -4.52325E-03
1.57295E+03 -4.49386E-03
1.57391E+03 -4.43944E-03
1.57487E+03 -4.37212E-03
1.57584E+03 -4.32773E-03
1.57680E+03 -4.28180E-03
1.57777E+03 -4.22232E-03
1.57873E+03 -4.14887E-03
1.57970E+03 -4.08519E-03
1.58066E+03 -4.03758E-03
1.58163E+03 -3.98113E-03
1.58259E+03 -3.90961E-03
1.58355E+03 -3.84386E-03
1.58452E+03 -3.80098E-03
1.58548E+03 -3.72610E-03
1.58645E+03 -3.63411E-03
1.58741E+03 -3.56769E-03
1.58838E+03 -3.50292E-03
1.58934E+03 -3.42699E-03
1.59031E+03 -3.33975E-03
1.59127E+03 -3.24026E-03
1.59223E+03 -3.16090E-03
1.59320E+03 -3.06647E-03
1.59416E+03 -2.94399E-03
1.59513E+03 -2.84083E-03
1.59609E+03 -2.73981E-03
1.59706E+03 -2.65022E-03
1.59802E+03 -2.53285E-03
1.59898E+03 -2.37368E-03
1.59995E+03 -2.23824E-03
1.60091E+03 -2.09638E-03
1.60188E+03 -1.93378E-03
1.60284E+03 -1.75257E-03
1.60381E+03 -1.57203E-03
1.60477E+03 -1.41659E-03
1.60574E+03 -1.19634E-03
1.60670E+03 -9.68311E-04
1.60766E+03 -7.67849E-04
1.60863E+03 -5.53943E-04
1.60959E+03 -3.01450E-04
1.61056E+03 -1.85668E-05
1.61152E+03 2.49449E-04
1.61249E+03 5.56443E-04
1.61345E+03 8.98179E-04
1.61442E+03 1.22539E-03
1.61538E+03 1.57083E-03
1.61634E+03 1.95442E-03
1.61731E+03 2.36507E-03
1.61827E+03 2.79813E-03
1.61924E+03 3.25273E-03
1.62020E+03 3.72224E-03
1.62117E+03 4.20875E-03
1.62213E+03 4.76124E-03
1.62309E+03 5.34617E-03
1.62406E+03 5.93618E-03
1.62502E+03 6.55359E-03
1.62599E+03 7.20168E-03
1.62695E+03 7.85888E-03
1.62792E+03 8.53454E-03
1.62888E+03 9.24243E-03
1.62985E+03 9.98619E-03
1.63081E+03 1.07296E-02
1.63177E+03 1.14557E-02
1.63274E+03 1.22179E-02
1.63370E+03 1.29631E-02
1.63467E+03 1.36545E-02
1.63563E+03 1.43349E-02
1.63660E+03 1.50421E-02
1.63756E+03 1.57253E-02
1.63853E+03 1.63458E-02
1.63949E+03 1.69307E-02
1.64045E+03 1.74865E-02
1.64142E+03 1.80101E-02
1.64238E+03 1.84695E-02
1.64335E+03 1.88829E-02
1.64431E+03 1.92652E-02
1.64528E+03 1.95409E-02
1.64624E+03 1.97734E-02
1.64720E+03 2.00210E-02
1.64817E+03 2.02004E-02
1.64913E+03 2.03377E-02
1.65010E+03 2.03827E-02
1.65106E+03 2.03668E-02
1.65203E+03 2.03395E-02
1.65299E+03 2.02575E-02
1.65396E+03 2.01948E-02
1.65492E+03 2.01055E-02
1.65588E+03 1.99761E-02
1.65685E+03 1.98437E-02
1.65781E+03 1.97281E-02
1.65878E+03 1.95561E-02
1.65974E+03 1.93532E-02
1.66071E+03 1.91694E-02
1.66167E+03 1.89857E-02
1.66264E+03 1.88028E-02
1.66360E+03 1.86317E-02
1.66456E+03 1.84720E-02
1.66553E+03 1.82863E-02
1.66649E+03 1.81189E-02
1.66746E+03 1.79498E-02
1.66842E+03 1.77676E-02
1.66939E+03 1.75866E-02
1.67035E+03 1.74318E-02
1.67132E+03 1.72547E-02
1.67228E+03 1.70669E-02
1.67324E+03 1.69065E-02
1.67421E+03 1.66908E-02
1.67517E+03 1.64617E-02
1.67614E+03 1.62513E-02
1.67710E+03 1.60270E-02
1.67807E+03 1.58015E-02
1.67903E+03 1.55284E-02
1.67999E+03 1.52446E-02
1.68096E+03 1.49385E-02
1.68192E+03 1.45955E-02
1.68289E+03 1.42594E-02
1.68385E+03 1.38869E-02
1.68482E+03 1.34868E-02
1.68578E+03 1.30956E-02
1.68675E+03 1.26985E-02
1.68771E+03 1.22650E-02
1.68867E+03 1.17999E-02
1.68964E+03 1.13261E-02
1.69060E+03 1.08452E-02
1.69157E+03 1.03438E-02
1.69253E+03 9.83434E-03
1.69350E+03 9.30021E-03
1.69446E+03 8.73799E-03
1.69543E+03 8.14866E-03
1.69639E+03 7.58027E-03
1.69735E+03 7.03065E-03
1.69832E+03 6.44678E-03
1.69928E+03 5.87143E-03
1.70025E+03 5.28688E-03
1.70121E+03 4.69263E-03
1.70218E+03 4.09679E-03
1.70314E+03 3.49909E-03
1.70410E+03 2.91329E-03
1.70507E+03 2.33822E-03
1.70603E+03 1.75955E-03
1.70700E+03 1.18624E-03
1.70796E+03 6.24765E-04
1.70893E+03 4.20995E-05
1.70989E+03 -5.18296E-04
1.71086E+03 -1.05259E-03
1.71182E+03 -1.58256E-03
1.71278E+03 -2.11396E-03
1.71375E+03 -2.63524E-03
1.71471E+03 -3.15367E-03
1.71568E+03 -3.65330E-03
1.71664E+03 -4.13997E-03
1.71761E+03 -4.61745E-03
1.71857E+03 -5.07047E-03
1.71954E+03 -5.54459E-03
1.72050E+03 -5.98692E-03
1.72146E+03 -6.40750E-03
1.72243E+03 -6.84724E-03
1.72339E+03 -7.24370E-03
1.72436E+03 -7.63077E-03
1.72532E+03 -8.03078E-03
1.72629E+03 -8.40693E-03
1.72725E+03 -8.78287E-03
1.72822E+03 -9.15167E-03
1.72918E+03 -9.49342E-03
1.73014E+03 -9.83260E-03
1.73111E+03 -1.01628E-02
1.73207E+03 -1.04816E-02
1.73304E+03 -1.07989E-02
1.73400E+03 -1.10887E-02
1.73497E+03 -1.13906E-02
1.73593E+03 -1.16832E-02
1.73689E+03 -1.19382E-02
1.73786E+03 -1.22032E-02
1.73882E+03 -1.24874E-02
1.73979E+03 -1.27487E-02
1.74075E+03 -1.29785E-02
1.74172E+03 -1.32148E-02
1.74268E+03 -1.34346E-02
1.74365E+03 -1.36567E-02
1.74461E+03 -1.38834E-02
1.74557E+03 -1.40786E-02
1.74654E+03 -1.42845E-02
1.74750E+03 -1.44818E-02
1.74847E+03 -1.46662E-02
1.74943E+03 -1.48581E-02
1.75040E+03 -1.50477E-02
1.75136E+03 -1.52304E-02
1.75233E+03 -1.53758E-02
1.75329E+03 -1.55107E-02
1.75425E+03 -1.56551E-02
1.75522E+03 -1.58242E-02
1.75618E+03 -1.59838E-02
1.75715E+03 -1.61243E-02
1.75811E+03 -1.62747E-02
1.75908E+03 -1.64076E-02
1.76004E+03 -1.65398E-02
1.76100E+03 -1.66459E-02
1.76197E+03 -1.67449E-02
1.76293E+03 -1.68651E-02
1.76390E+03 -1.69734E-02
1.76486E+03 -1.70991E-02
1.76583E+03 -1.72125E-02
1.76679E+03 -1.72904E-02
1.76776E+03 -1.73884E-02
1.76872E+03 -1.74965E-02
1.76968E+03 -1.75716E-02
1.77065E+03 -1.76634E-02
1.77161E+03 -1.77664E-02
1.77258E+03 -1.78546E-02
1.77354E+03 -1.79218E-02
1.77451E+03 -1.79926E-02
1.77547E+03 -1.80894E-02
1.77644E+03 -1.81834E-02
1.77740E+03 -1.82622E-02
1.77836E+03 -1.83225E-02
1.77933E+03 -1.83774E-02
1.78029E+03 -1.84290E-02
1.78126E+03 -1.84991E-02
1.78222E+03 -1.85590E-02
1.78319E+03 -1.86200E-02
1.78415E+03 -1.86841E-02
1.78511E+03 -1.87487E-02
1.78608E+03 -1.88167E-02
1.78704E+03 -1.88608E-02
1.78801E+03 -1.89093E-02
1.78897E+03 -1.89621E-02
1.78994E+03 -1.90229E-02
1.79090E+03 -1.90763E-02
1.79187E+03 -1.91179E-02
1.79283E+03 -1.91586E-02
1.79379E+03 -1.92066E-02
1.79476E+03 -1.92674E-02
1.79572E+03 -1.93152E-02
1.79669E+03 -1.93772E-02
1.79765E+03 -1.94028E-02
1.79862E+03 -1.94160E-02
1.79958E+03 -1.94860E-02
1.80055E+03 -1.95370E-02
1.80151E+03 -1.95673E-02
1.80247E+03 -1.95961E-02
1.80344E+03 -1.96203E-02
1.80440E+03 -1.96534E-02
1.80537E+03 -1.96810E-02
1.80633E+03 -1.97216E-02
1.80730E+03 -1.97724E-02
1.80826E+03 -1.98030E-02
1.80923E+03 -1.98430E-02
1.81019E+03 -1.98900E-02
1.81115E+03 -1.99041E-02
1.81212E+03 -1.99177E-02
1.81308E+03 -1.99381E-02
1.81405E+03 -1.99524E-02
1.81501E+03 -1.99925E-02
1.81598E+03 -2.00324E-02
1.81694E+03 -2.00808E-02
1.81790E+03 -2.01236E-02
1.81887E+03 -2.01429E-02
1.81983E+03 -2.01736E-02
1.82080E+03 -2.01961E-02
1.82176E+03 -2.02127E-02
1.82273E+03 -2.02584E-02
1.82369E+03 -2.02722E-02
1.82466E+03 -2.02778E-02
1.82562E+03 -2.02967E-02
1.82658E+03 -2.03089E-02
1.82755E+03 -2.03378E-02
1.82851E+03 -2.03597E-02
1.82948E+03 -2.03995E-02
1.83044E+03 -2.04258E-02
1.83141E+03 -2.04164E-02
1.83237E+03 -2.04184E-02
1.83334E+03 -2.04326E-02
1.83430E+03 -2.04586E-02
1.83526E+03 -2.04965E-02
1.83623E+03 -2.05112E-02
1.83719E+03 -2.05010E-02
1.83816E+03 -2.05092E-02
1.83912E+03 -2.05498E-02
1.84009E+03 -2.05731E-02
1.84105E+03 -2.05777E-02
1.84201E+03 -2.05624E-02
1.84298E+03 -2.05659E-02
1.84394E+03 -2.05883E-02
1.84491E+03 -2.06022E-02
1.84587E+03 -2.06376E-02
1.84684E+03 -2.06696E-02
1.84780E+03 -2.06833E-02
1.84877E+03 -2.06684E-02
1.84973E+03 -2.06692E-02
1.85069E+03 -2.06799E-02
1.85166E+03 -2.06862E-02
1.85262E+03 -2.07149E-02
1.85359E+03 -2.07068E-02
1.85455E+03 -2.07159E-02
1.85552E+03 -2.07450E-02
1.85648E+03 -2.07432E-02
1.85745E+03 -2.07442E-02
1.85841E+03 -2.07401E-02
1.85937E+03 -2.07313E-02
1.86034E+03 -2.07228E-02
1.86130E+03 -2.07257E-02
1.86227E+03 -2.07325E-02
1.86323E+03 -2.07360E-02
1.86420E+03 -2.07419E-02
1.86516E+03 -2.07539E-02
1.86612E+03 -2.07593E-02
1.86709E+03 -2.07556E-02
1.86805E+03 -2.07555E-02
1.86902E+03 -2.07469E-02
1.86998E+03 -2.07402E-02
1.87095E+03 -2.07440E-02
1.87191E+03 -2.07423E-02
1.87288E+03 -2.07559E-02
1.87384E+03 -2.07638E-02
1.87480E+03 -2.07748E-02
1.87577E+03 -2.07653E-02
1.87673E+03 -2.07444E-02
1.87770E+03 -2.07526E-02
1.87866E+03 -2.07300E-02
1.87963E+03 -2.07342E-02
1.88059E+03 -2.07605E-02
1.88156E+03 -2.07564E-02
1.88252E+03 -2.07281E-02
1.88348E+03 -2.07147E-02
1.88445E+03 -2.07482E-02
1.88541E+03 -2.07361E-02
1.88638E+03 -2.07026E-02
1.88734E+03 -2.06964E-02
1.88831E+03 -2.07025E-02
1.88927E+03 -2.06952E-02
1.89024E+03 -2.06751E-02
1.89120E+03 -2.06861E-02
1.89216E+03 -2.06659E-02
1.89313E+03 -2.06380E-02
1.89409E+03 -2.06387E-02
1.89506E+03 -2.06179E-02
1.89602E+03 -2.06168E-02
1.89699E+03 -2.06472E-02
1.89795E+03 -2.06320E-02
1.89891E+03 -2.06121E-02
1.89988E+03 -2.06043E-02
1.90084E+03 -2.05995E-02
1.90181E+03 -2.05955E-02
1.90277E+03 -2.05781E-02
1.90374E+03 -2.05768E-02
1.90470E+03 -2.05752E-02
1.90567E+03 -2.05715E-02
1.90663E+03 -2.05657E-02
1.90759E+03 -2.05526E-02
1.90856E+03 -2.05476E-02
1.90952E+03 -2.05324E-02
1.91049E+03 -2.05102E-02
1.91145E+03 -2.05047E-02
1.91242E+03 -2.04795E-02
1.91338E+03 -2.04712E-02
1.91435E+03 -2.04816E-02
1.91531E+03 -2.04655E-02
1.91627E+03 -2.04628E-02
1.91724E+03 -2.04556E-02
1.91820E+03 -2.04433E-02
1.91917E+03 -2.04376E-02
1.92013E+03 -2.04221E-02
1.92110E+03 -2.03888E-02
1.92206E+03 -2.03832E-02
1.92303E+03 -2.03881E-02
1.92399E+03 -2.03516E-02
1.92495E+03 -2.03329E-02
1.92592E+03 -2.03106E-02
1.92688E+03 -2.02942E-02
1.92785E+03 -2.03014E-02
1.92881E+03 -2.02886E-02
1.92978E+03 -2.02498E-02
1.93074E+03 -2.02162E-02
1.93170E+03 -2.02174E-02
1.93267E+03 -2.02109E-02
1.93363E+03 -2.01611E-02
1.93460E+03 -2.01359E-02
1.93556E+03 -2.01349E-02
1.93653E+03 -2.01144E-02
1.93749E+03 -2.00996E-02
1.93846E+03 -2.01265E-02
1.93942E+03 -2.01326E-02
1.94038E+03 -2.00825E-02
1.94135E+03 -2.00642E-02
1.94231E+03 -2.00584E-02
1.94328E+03 -2.00337E-02
1.94424E+03 -2.00005E-02
1.94521E+03 -1.99864E-02
1.94617E+03 -1.99926E-02
1.94714E+03 -1.99935E-02
1.94810E+03 -1.99742E-02
1.94906E+03 -1.99431E-02
1.95003E+03 -1.99266E-02
1.95099E+03 -1.98953E-02
1.95196E+03 -1.98632E-02
1.95292E+03 -1.98552E-02
1.95389E+03 -1.98130E-02
1.95485E+03 -1.97860E-02
1.95581E+03 -1.97953E-02
1.95678E+03 -1.97826E-02
1.95774E+03 -1.97649E-02
1.95871E+03 -1.97246E-02
1.95967E+03 -1.96823E-02
1.96064E+03 -1.96634E-02
1.96160E+03 -1.96541E-02
1.96257E+03 -1.96289E-02
1.96353E+03 -1.95833E-02
1.96449E+03 -1.95469E-02
1.96546E+03 -1.95636E-02
1.96642E+03 -1.95553E-02
1.96739E+03 -1.94804E-02
1.96835E+03 -1.94431E-02
1.96932E+03 -1.94439E-02
1.97028E+03 -1.94386E-02
1.97125E+03 -1.94037E-02
1.97221E+03 -1.93518E-02
1.97317E+03 -1.93126E-02
1.97414E+03 -1.92776E-02
1.97510E+03 -1.92281E-02
1.97607E+03 -1.92152E-02
1.97703E+03 -1.91860E-02
1.97800E+03 -1.91124E-02
1.97896E+03 -1.90728E-02
1.97992E+03 -1.90300E-02
1.98089E+03 -1.89838E-02
1.98185E+03 -1.89269E-02
1.98282E+03 -1.88695E-02
1.98378E+03 -1.88346E-02
1.98475E+03 -1.87893E-02
1.98571E+03 -1.87371E-02
1.98668E+03 -1.86890E-02
1.98764E+03 -1.86283E-02
1.98860E+03 -1.85661E-02
1.98957E+03 -1.85155E-02
1.99053E+03 -1.84622E-02
1.99150E+03 -1.83966E-02
1.99246E+03 -1.83179E-02
1.99343E+03 -1.82424E-02
1.99439E+03 -1.81531E-02
1.99536E+03 -1.80788E-02
1.99632E+03 -1.80109E-02
1.99728E+03 -1.79454E-02
1.99825E+03 -1.78916E-02
1.99921E+03 -1.77955E-02
2.00018E+03 -1.76995E-02
2.00114E+03 -1.76260E-02
2.00211E+03 -1.75362E-02
2.00307E+03 -1.74614E-02
2.00404E+03 -1.73807E-02
2.00500E+03 -1.72905E-02
2.00596E+03 -1.72346E-02
2.00693E+03 -1.71411E-02
2.00789E+03 -1.70579E-02
2.00886E+03 -1.70187E-02
2.00982E+03 -1.69506E-02
2.01079E+03 -1.68535E-02
2.01175E+03 -1.67716E-02
2.01271E+03 -1.66996E-02
2.01368E+03 -1.66066E-02
2.01464E+03 -1.65285E-02
2.01561E+03 -1.64681E-02
2.01657E+03 -1.64476E-02
2.01754E+03 -1.64080E-02
2.01850E+03 -1.63277E-02
2.01947E+03 -1.62819E-02
2.02043E+03 -1.62444E-02
2.02139E+03 -1.61993E-02
2.02236E+03 -1.61578E-02
2.02332E+03 -1.61124E-02
2.02429E+03 -1.60483E-02
2.02525E+03 -1.59859E-02
2.02622E+03 -1.59297E-02
2.02718E+03 -1.58662E-02
2.02815E+03 -1.58496E-02
2.02911E+03 -1.58240E-02
2.03007E+03 -1.57583E-02
2.03104E+03 -1.57077E-02
2.03200E+03 -1.56468E-02
2.03297E+03 -1.55881E-02
2.03393E+03 -1.55371E-02
2.03490E+03 -1.55100E-02
2.03586E+03 -1.54692E-02
2.03682E+03 -1.53955E-02
2.03779E+03 -1.53292E-02
2.03875E+03 -1.52594E-02
2.03972E+03 -1.51889E-02
2.04068E+03 -1.51261E-02
2.04165E+03 -1.50730E-02
2.04261E+03 -1.50508E-02
2.04358E+03 -1.50134E-02
2.04454E+03 -1.49775E-02
2.04550E+03 -1.49706E-02
2.04647E+03 -1.49306E-02
2.04743E+03 -1.49040E-02
2.04840E+03 -1.49015E-02
2.04936E+03 -1.48845E-02
2.05033E+03 -1.48615E-02
2.05129E+03 -1.48572E-02
2.05226E+03 -1.48709E-02
2.05322E+03 -1.48435E-02
2.05418E+03 -1.47952E-02
2.05515E+03 -1.47579E-02
2.05611E+03 -1.47014E-02
2.05708E+03 -1.46251E-02
2.05804E+03 -1.45628E-02
2.05901E+03 -1.45132E-02
2.05997E+03 -1.44567E-02
2.06094E+03 -1.44505E-02
2.06190E+03 -1.44274E-02
2.06286E+03 -1.43615E-02
2.06383E+03 -1.42947E-02
2.06479E+03 -1.42343E-02
2.06576E+03 -1.40914E-02
2.06672E+03 -1.41649E-02
2.06769E+03 -1.42076E-02
2.06865E+03 -1.40492E-02
2.06961E+03 -1.40228E-02
2.07058E+03 -1.39748E-02
2.07154E+03 -1.39156E-02
2.07251E+03 -1.38657E-02
2.07347E+03 -1.38297E-02
2.07444E+03 -1.37657E-02
2.07540E+03 -1.37146E-02
2.07637E+03 -1.36711E-02
2.07733E+03 -1.36321E-02
2.07829E+03 -1.35817E-02
2.07926E+03 -1.35268E-02
2.08022E+03 -1.34809E-02
2.08119E+03 -1.34296E-02
2.08215E+03 -1.33989E-02
2.08312E+03 -1.33412E-02
2.08408E+03 -1.32639E-02
2.08505E+03 -1.32144E-02
2.08601E+03 -1.31794E-02
2.08697E+03 -1.31153E-02
2.08794E+03 -1.30249E-02
2.08890E+03 -1.29735E-02
2.08987E+03 -1.29596E-02
2.09083E+03 -1.29138E-02
2.09180E+03 -1.28441E-02
2.09276E+03 -1.27674E-02
2.09372E+03 -1.26947E-02
2.09469E+03 -1.26686E-02
2.09565E+03 -1.26366E-02
2.09662E+03 -1.25476E-02
2.09758E+03 -1.24619E-02
2.09855E+03 -1.24339E-02
2.09951E+03 -1.24036E-02
2.10048E+03 -1.23286E-02
2.10144E+03 -1.22571E-02
2.10240E+03 -1.22066E-02
2.10337E+03 -1.21741E-02
2.10433E+03 -1.21010E-02
2.10530E+03 -1.20434E-02
2.10626E+03 -1.19898E-02
2.10723E+03 -1.19142E-02
2.10819E+03 -1.18403E-02
2.10916E+03 -1.17426E-02
2.11012E+03 -1.16740E-02
2.11108E+03 -1.16566E-02
2.11205E+03 -1.15868E-02
2.11301E+03 -1.14656E-02
2.11398E+03 -1.13858E-02
2.11494E+03 -1.13377E-02
2.11591E+03 -1.12962E-02
2.11687E+03 -1.11899E-02
2.11783E+03 -1.10738E-02
2.11880E+03 -1.10318E-02
2.11976E+03 -1.09947E-02
2.12073E+03 -1.08720E-02
2.12169E+03 -1.07396E-02
2.12266E+03 -1.06736E-02
2.12362E+03 -1.06294E-02
2.12459E+03 -1.05392E-02
2.12555E+03 -1.04247E-02
2.12651E+03 -1.03571E-02
2.12748E+03 -1.02984E-02
2.12844E+03 -1.01815E-02
2.12941E+03 -1.00657E-02
2.13037E+03 -9.99511E-03
2.13134E+03 -9.93692E-03
2.13230E+03 -9.82853E-03
2.13327E+03 -9.69379E-03
2.13423E+03 -9.60239E-03
2.13519E+03 -9.55172E-03
2.13616E+03 -9.46577E-03
2.13712E+03 -9.34581E-03
2.13809E+03 -9.25458E-03
2.13905E+03 -9.16797E-03
2.14002E+03 -9.07436E-03
2.14098E+03 -8.96519E-03
2.14195E+03 -8.89726E-03
2.14291E+03 -8.81297E-03
2.14387E+03 -8.68703E-03
2.14484E+03 -8.60212E-03
2.14580E+03 -8.50301E-03
2.14677E+03 -8.40753E-03
2.14773E+03 -8.31721E-03
2.14870E+03 -8.19207E-03
2.14966E+03 -8.09242E-03
2.15062E+03 -8.03396E-03
2.15159E+03 -7.94911E-03
2.15255E+03 -7.84186E-03
2.15352E+03 -7.76856E-03
2.15448E+03 -7.70441E-03
2.15545E+03 -7.59159E-03
2.15641E+03 -7.46239E-03
2.15738E+03 -7.37884E-03
2.15834E+03 -7.32084E-03
2.15930E+03 -7.18583E-03
2.16027E+03 -7.03797E-03
2.16123E+03 -6.97375E-03
2.16220E+03 -6.92019E-03
2.16316E+03 -6.81399E-03
2.16413E+03 -6.67800E-03
2.16509E+03 -6.61511E-03
2.16606E+03 -6.55380E-03
2.16702E+03 -6.42951E-03
2.16798E+03 -6.32741E-03
2.16895E+03 -6.28770E-03
2.16991E+03 -6.18479E-03
2.17088E+03 -6.03589E-03
2.17184E+03 -6.00806E-03
2.17281E+03 -5.99604E-03
2.17377E+03 -5.86442E-03
2.17473E+03 -5.72841E-03
2.17570E+03 -5.67722E-03
2.17666E+03 -5.63221E-03
2.17763E+03 -5.51305E-03
2.17859E+03 -5.41873E-03
2.17956E+03 -5.41016E-03
2.18052E+03 -5.35233E-03
2.18149E+03 -5.24634E-03
2.18245E+03 -5.15983E-03
2.18341E+03 -5.09893E-03
2.18438E+03 -4.99860E-03
2.18534E+03 -4.90186E-03
2.18631E+03 -4.87354E-03
2.18727E+03 -4.78640E-03
2.18824E+03 -4.67597E-03
2.18920E+03 -4.63968E-03
2.19017E+03 -4.59806E-03
2.19113E+03 -4.50894E-03
2.19209E+03 -4.42516E-03
2.19306E+03 -4.39089E-03
2.19402E+03 -4.32533E-03
2.19499E+03 -4.23293E-03
2.19595E+03 -4.19820E-03
2.19692E+03 -4.18230E-03
2.19788E+03 -4.10323E-03
2.19884E+03 -4.02027E-03
2.19981E+03 -3.99414E-03
2.20077E+03 -3.92236E-03
2.20174E+03 -3.83891E-03
2.20270E+03 -3.80918E-03
2.20367E+03 -3.76069E-03
2.20463E+03 -3.65877E-03
2.20560E+03 -3.58063E-03
2.20656E+03 -3.52697E-03
2.20752E+03 -3.46067E-03
2.20849E+03 -3.38387E-03
2.20945E+03 -3.31568E-03
2.21042E+03 -3.26496E-03
2.21138E+03 -3.21318E-03
2.21235E+03 -3.13983E-03
2.21331E+03 -3.05543E-03
2.21428E+03 -2.98440E-03
2.21524E+03 -2.91421E-03
2.21620E+03 -2.82922E-03
2.21717E+03 -2.73984E-03
2.21813E+03 -2.67304E-03
2.21910E+03 -2.60039E-03
2.22006E+03 -2.51779E-03
2.22103E+03 -2.44540E-03
2.22199E+03 -2.37657E-03
2.22296E+03 -2.28807E-03
2.22392E+03 -2.20183E-03
2.22488E+03 -2.14314E-03
2.22585E+03 -2.08570E-03
2.22681E+03 -2.00144E-03
2.22778E+03 -1.90683E-03
2.22874E+03 -1.82465E-03
2.22971E+03 -1.75093E-03
2.23067E+03 -1.67347E-03
2.23163E+03 -1.56971E-03
2.23260E+03 -1.48391E-03
2.23356E+03 -1.42392E-03
2.23453E+03 -1.34204E-03
2.23549E+03 -1.24541E-03
2.23646E+03 -1.11893E-03
2.23742E+03 -1.01146E-03
2.23839E+03 -9.27042E-04
2.23935E+03 -8.29536E-04
2.24031E+03 -7.32213E-04
2.24128E+03 -6.29768E-04
2.24224E+03 -5.28630E-04
2.24321E+03 -4.52306E-04
2.24417E+03 -3.67321E-04
2.24514E+03 -2.60420E-04
2.24610E+03 -1.86384E-04
2.24707E+03 -1.26250E-04
2.24803E+03 -3.54014E-05
2.24899E+03 6.84336E-05
2.24996E+03 1.42630E-04
2.25092E+03 2.01531E-04
2.25189E+03 2.80309E-04
2.25285E+03 3.38104E-04
2.25382E+03 4.02961E-04
2.25478E+03 4.84399E-04
2.25574E+03 5.78873E-04
2.25671E+03 7.00340E-04
2.25767E+03 8.18703E-04
2.25864E+03 9.43217E-04
2.25960E+03 1.06243E-03
2.26057E+03 1.18016E-03
2.26153E+03 1.30374E-03
2.26250E+03 1.42553E-03
2.26346E+03 1.56157E-03
2.26442E+03 1.71492E-03
2.26539E+03 1.90260E-03
2.26635E+03 2.15781E-03
2.26732E+03 2.46831E-03
2.26828E+03 2.87534E-03
2.26925E+03 3.47197E-03
2.27021E+03 4.44517E-03
2.27118E+03 6.17805E-03
2.27214E+03 9.43883E-03
2.27310E+03 1.51388E-02
2.27407E+03 2.36084E-02
2.27503E+03 3.37761E-02
2.27600E+03 4.34010E-02
2.27696E+03 5.01749E-02
2.27793E+03 5.27736E-02
2.27889E+03 5.11621E-02
2.27986E+03 4.65007E-02
2.28082E+03 4.03859E-02
2.28178E+03 3.49916E-02
2.28275E+03 2.99326E-02
2.28371E+03 2.22686E-02
2.28468E+03 1.48900E-02
2.28564E+03 1.05284E-02
2.28661E+03 7.88313E-03
2.28757E+03 6.48336E-03
2.28853E+03 5.92884E-03
2.28950E+03 5.83256E-03
2.29046E+03 5.98269E-03
2.29143E+03 6.27032E-03
2.29239E+03 6.64672E-03
2.29336E+03 7.05981E-03
2.29432E+03 7.50333E-03
2.29529E+03 7.98785E-03
2.29625E+03 8.49449E-03
2.29721E+03 9.01190E-03
2.29818E+03 9.57316E-03
2.29914E+03 1.01473E-02
2.30011E+03 1.07523E-02
2.30107E+03 1.13860E-02
2.30204E+03 1.20504E-02
2.30300E+03 1.27266E-02
2.30397E+03 1.34355E-02
2.30493E+03 1.41671E-02
2.30589E+03 1.49293E-02
2.30686E+03 1.57521E-02
2.30782E+03 1.66300E-02
2.30879E+03 1.75353E-02
2.30975E+03 1.85343E-02
2.31072E+03 1.96102E-02
2.31168E+03 2.07808E-02
2.31265E+03 2.20751E-02
2.31361E+03 2.35494E-02
2.31457E+03 2.52157E-02
2.31554E+03 2.72077E-02
2.31650E+03 2.96249E-02
2.31747E+03 3.27902E-02
2.31843E+03 3.71170E-02
2.31940E+03 4.31743E-02
2.32036E+03 5.13446E-02
2.32132E+03 6.19603E-02
2.32229E+03 7.48338E-02
2.32325E+03 9.04893E-02
2.32422E+03 1.11917E-01
2.32518E+03 1.47595E-01
2.32615E+03 2.09513E-01
2.32711E+03 3.04466E-01
2.32808E+03 4.23990E-01
2.32904E+03 5.51388E-01
2.33000E+03 6.74426E-01
2.33097E+03 7.85007E-01
2.33193E+03 8.82696E-01
2.33290E+03 9.67889E-01
2.33386E+03 1.04327E+00
2.33483E+03 1.10931E+00
2.33579E+03 1.16823E+00
2.33676E+03 1.22126E+00
2.33772E+03 1.26886E+00
2.33868E+03 1.30827E+00
2.33965E+03 1.33988E+00
2.34061E+03 1.36295E+00
2.34158E+03 1.38000E+00
2.34254E+03 1.39111E+00
2.34351E+03 1.39534E+00
2.34447E+03 1.38367E+00
2.34543E+03 1.35054E+00
2.34640E+03 1.30302E+00
2.34736E+03 1.25027E+00
2.34833E+03 1.19555E+00
2.34929E+03 1.14089E+00
2.35026E+03 1.08717E+00
2.35122E+03 1.03524E+00
2.35219E+03 9.85786E-01
2.35315E+03 9.39198E-01
2.35411E+03 8.95297E-01
2.35508E+03 8.53781E-01
2.35604E+03 8.14220E-01
2.35701E+03 7.76487E-01
2.35797E+03 7.40084E-01
2.35894E+03 7.04453E-01
2.35990E+03 6.69096E-01
2.36087E+03 6.33677E-01
2.36183E+03 5.97682E-01
2.36279E+03 5.60774E-01
2.36376E+03 5.22756E-01
2.36472E+03 4.83454E-01
2.36569E+03 4.42825E-01
2.36665E+03 4.01082E-01
2.36762E+03 3.58589E-01
2.36858E+03 3.16082E-01
2.36954E+03 2.74732E-01
2.37051E+03 2.36032E-01
2.37147E+03 2.01376E-01
2.37244E+03 1.71269E-01
2.37340E+03 1.45111E-01
2.37437E+03 1.22299E-01
2.37533E+03 1.02457E-01
2.37630E+03 8.49825E-02
2.37726E+03 6.90869E-02
2.37822E+03 5.43235E-02
2.37919E+03 4.10934E-02
2.38015E+03 3.04105E-02
2.38112E+03 2.25798E-02
2.38208E+03 1.71462E-02
2.38305E+03 1.35579E-02
2.38401E+03 1.10887E-02
2.38498E+03 9.18609E-03
2.38594E+03 7.60968E-03
2.38690E+03 6.29827E-03
2.38787E+03 5.17850E-03
2.38883E+03 4.19005E-03
2.38980E+03 3.28792E-03
2.39076E+03 2.49628E-03
2.39173E+03 1.78604E-03
2.39269E+03 1.11293E-03
2.39366E+03 5.19406E-04
2.39462E+03 -3.62806E-05
2.39558E+03 -5.50233E-04
2.39655E+03 -1.02339E-03
2.39751E+03 -1.49425E-03
2.39848E+03 -1.90032E-03
2.39944E+03 -2.25689E-03
2.40041E+03 -2.59556E-03
2.40137E+03 -2.91882E-03
2.40233E+03 -3.19894E-03
2.40330E+03 -3.44735E-03
2.40426E+03 -3.69646E-03
2.40523E+03 -3.93322E-03
2.40619E+03 -4.12494E-03
2.40716E+03 -4.30710E-03
2.40812E+03 -4.50005E-03
2.40909E+03 -4.67162E-03
2.41005E+03 -4.82500E-03
2.41101E+03 -4.94724E-03
2.41198E+03 -5.06886E-03
2.41294E+03 -5.19874E-03
2.41391E+03 -5.32470E-03
2.41487E+03 -5.42931E-03
2.41584E+03 -5.51555E-03
2.41680E+03 -5.59965E-03
2.41777E+03 -5.67175E-03
2.41873E+03 -5.75114E-03
2.41969E+03 -5.84366E-03
2.42066E+03 -5.92662E-03
2.42162E+03 -5.99721E-03
2.42259E+03 -6.01905E-03
2.42355E+03 -6.04827E-03
2.42452E+03 -6.12904E-03
2.42548E+03 -6.20943E-03
2.42644E+03 -6.26379E-03
2.42741E+03 -6.29950E-03
2.42837E+03 -6.34746E-03
2.42934E+03 -6.39542E-03
2.43030E+03 -6.43901E-03
2.43127E+03 -6.50572E-03
2.43223E+03 -6.55650E-03
2.43320E+03 -6.58597E-03
2.43416E+03 -6.64705E-03
2.43512E+03 -6.68323E-03
2.43609E+03 -6.70798E-03
2.43705E+03 -6.74979E-03
2.43802E+03 -6.77028E-03
2.43898E+03 -6.79751E-03
2.43995E+03 -6.83429E-03
2.44091E+03 -6.87359E-03
2.44188E+03 -6.91792E-03
2.44284E+03 -6.96618E-03
2.44380E+03 -6.99476E-03
2.44477E+03 -7.01155E-03
2.44573E+03 -7.04996E-03
2.44670E+03 -7.08865E-03
2.44766E+03 -7.15313E-03
2.44863E+03 -7.22253E-03
2.44959E+03 -7.27039E-03
2.45055E+03 -7.32831E-03
2.45152E+03 -7.39110E-03
2.45248E+03 -7.43529E-03
2.45345E+03 -7.50023E-03
2.45441E+03 -7.59777E-03
2.45538E+03 -7.68026E-03
2.45634E+03 -7.73275E-03
2.45731E+03 -7.80897E-03
2.45827E+03 -7.90255E-03
2.45923E+03 -7.98969E-03
2.46020E+03 -8.09036E-03
2.46116E+03 -8.18868E-03
2.46213E+03 -8.29337E-03
2.46309E+03 -8.38415E-03
2.46406E+03 -8.47510E-03
2.46502E+03 -8.55308E-03
2.46599E+03 -8.63065E-03
2.46695E+03 -8.72836E-03
2.46791E+03 -8.82140E-03
2.46888E+03 -8.92851E-03
2.46984E+03 -9.02950E-03
2.47081E+03 -9.12446E-03
2.47177E+03 -9.19959E-03
2.47274E+03 -9.26787E-03
2.47370E+03 -9.34200E-03
2.47467E+03 -9.42531E-03
2.47563E+03 -9.49996E-03
2.47659E+03 -9.55063E-03
2.47756E+03 -9.59770E-03
2.47852E+03 -9.63158E-03
2.47949E+03 -9.68488E-03
2.48045E+03 -9.74656E-03
2.48142E+03 -9.77866E-03
2.48238E+03 -9.80454E-03
2.48334E+03 -9.83530E-03
2.48431E+03 -9.85000E-03
2.48527E+03 -9.86606E-03
2.48624E+03 -9.88636E-03
2.48720E+03 -9.89638E-03
2.48817E+03 -9.91446E-03
2.48913E+03 -9.92167E-03
2.49010E+03 -9.89915E-03
2.49106E+03 -9.87627E-03
2.49202E+03 -9.84847E-03
2.49299E+03 -9.84441E-03
2.49395E+03 -9.83698E-03
2.49492E+03 -9.79526E-03
2.49588E+03 -9.75134E-03
2.49685E+03 -9.70942E-03
2.49781E+03 -9.66587E-03
2.49878E+03 -9.63002E-03
2.49974E+03 -9.58418E-03
2.50070E+03 -9.52746E-03
2.50167E+03 -9.48634E-03
2.50263E+03 -9.42547E-03
2.50360E+03 -9.34838E-03
2.50456E+03 -9.26084E-03
2.50553E+03 -9.20383E-03
2.50649E+03 -9.16045E-03
2.50745E+03 -9.09003E-03
2.50842E+03 -9.01916E-03
2.50938E+03 -8.95191E-03
2.51035E+03 -8.88016E-03
2.51131E+03 -8.79617E-03
2.51228E+03 -8.70126E-03
2.51324E+03 -8.59458E-03
2.51421E+03 -8.48104E-03
2.51517E+03 -8.37886E-03
2.51613E+03 -8.28712E-03
2.51710E+03 -8.21504E-03
2.51806E+03 -8.14961E-03
2.51903E+03 -8.03773E-03
2.51999E+03 -7.91226E-03
2.52096E+03 -7.82605E-03
2.52192E+03 -7.72571E-03
2.52289E+03 -7.60888E-03
2.52385E+03 -7.52079E-03
2.52481E+03 -7.43674E-03
2.52578E+03 -7.34040E-03
2.52674E+03 -7.26432E-03
2.52771E+03 -7.18973E-03
2.52867E+03 -7.10362E-03
2.52964E+03 -7.01007E-03
2.53060E+03 -6.92827E-03
2.53156E+03 -6.87235E-03
2.53253E+03 -6.83215E-03
2.53349E+03 -6.77435E-03
2.53446E+03 -6.67350E-03
2.53542E+03 -6.63224E-03
2.53639E+03 -6.60406E-03
2.53735E+03 -6.57275E-03
2.53832E+03 -6.54747E-03
2.53928E+03 -6.50984E-03
2.54024E+03 -6.49341E-03
2.54121E+03 -6.48339E-03
2.54217E+03 -6.49244E-03
2.54314E+03 -6.50167E-03
2.54410E+03 -6.50778E-03
2.54507E+03 -6.51710E-03
2.54603E+03 -6.52586E-03
2.54700E+03 -6.55653E-03
2.54796E+03 -6.58400E-03
2.54892E+03 -6.58912E-03
2.54989E+03 -6.64246E-03
2.55085E+03 -6.70422E-03
2.55182E+03 -6.72709E-03
2.55278E+03 -6.73893E-03
2.55375E+03 -6.77320E-03
2.55471E+03 -6.79456E-03
2.55568E+03 -6.80499E-03
2.55664E+03 -6.84868E-03
2.55760E+03 -6.87609E-03
2.55857E+03 -6.89244E-03
2.55953E+03 -6.92444E-03
2.56050E+03 -6.94087E-03
2.56146E+03 -6.94375E-03
2.56243E+03 -6.95829E-03
2.56339E+03 -6.97370E-03
2.56435E+03 -6.97788E-03
2.56532E+03 -6.99621E-03
2.56628E+03 -7.04059E-03
2.56725E+03 -7.06974E-03
2.56821E+03 -7.08190E-03
2.56918E+03 -7.10514E-03
2.57014E+03 -7.12023E-03
2.57111E+03 -7.15470E-03
2.57207E+03 -7.19074E-03
2.57303E+03 -7.19764E-03
2.57400E+03 -7.21283E-03
2.57496E+03 -7.24665E-03
2.57593E+03 -7.27177E-03
2.57689E+03 -7.28080E-03
2.57786E+03 -7.28818E-03
2.57882E+03 -7.31076E-03
2.57979E+03 -7.31273E-03
2.58075E+03 -7.32147E-03
2.58171E+03 -7.31861E-03
2.58268E+03 -7.28587E-03
2.58364E+03 -7.28965E-03
2.58461E+03 -7.26114E-03
2.58557E+03 -7.24151E-03
2.58654E+03 -7.22133E-03
2.58750E+03 -7.18372E-03
2.58846E+03 -7.13264E-03
2.58943E+03 -7.08685E-03
2.59039E+03 -7.05237E-03
2.59136E+03 -6.98884E-03
2.59232E+03 -6.93652E-03
2.59329E+03 -6.89289E-03
2.59425E+03 -6.85304E-03
2.59522E+03 -6.81318E-03
2.59618E+03 -6.79632E-03
2.59714E+03 -6.77426E-03
2.59811E+03 -6.73899E-03
2.59907E+03 -6.72099E-03
2.60004E+03 -6.69131E-03
2.60100E+03 -6.68341E-03
2.60197E+03 -6.69485E-03
2.60293E+03 -6.70633E-03
2.60390E+03 -6.72105E-03
2.60486E+03 -6.74837E-03
2.60582E+03 -6.77175E-03
2.60679E+03 -6.77272E-03
2.60775E+03 -6.78492E-03
2.60872E+03 -6.84112E-03
2.60968E+03 -6.89104E-03
2.61065E+03 -6.91119E-03
2.61161E+03 -6.92903E-03
2.61258E+03 -6.94297E-03
2.61354E+03 -7.00632E-03
2.61450E+03 -7.05733E-03
2.61547E+03 -7.07926E-03
2.61643E+03 -7.07499E-03
2.61740E+03 -7.11101E-03
2.61836E+03 -7.16228E-03
2.61933E+03 -7.18688E-03
2.62029E+03 -7.24993E-03
2.62125E+03 -7.32021E-03
2.62222E+03 -7.37716E-03
2.62318E+03 -7.44089E-03
2.62415E+03 -7.51563E-03
2.62511E+03 -7.58797E-03
2.62608E+03 -7.66514E-03
2.62704E+03 -7.72828E-03
2.62801E+03 -7.80399E-03
2.62897E+03 -7.87087E-03
2.62993E+03 -7.89760E-03
2.63090E+03 -7.93682E-03
2.63186E+03 -7.98798E-03
2.63283E+03 -8.04237E-03
2.63379E+03 -8.07789E-03
2.63476E+03 -8.11435E-03
2.63572E+03 -8.15295E-03
2.63669E+03 -8.19070E-03
2.63765E+03 -8.22295E-03
2.63861E+03 -8.21368E-03
2.63958E+03 -8.24156E-03
2.64054E+03 -8.25448E-03
2.64151E+03 -8.23440E-03
2.64247E+03 -8.25736E-03
2.64344E+03 -8.27621E-03
2.64440E+03 -8.27156E-03
2.64536E+03 -8.28974E-03
2.64633E+03 -8.30867E-03
2.64729E+03 -8.29900E-03
2.64826E+03 -8.28854E-03
2.64922E+03 -8.29292E-03
2.65019E+03 -8.29299E-03
2.65115E+03 -8.27322E-03
2.65212E+03 -8.25502E-03
2.65308E+03 -8.25200E-03
2.65404E+03 -8.24844E-03
2.65501E+03 -8.25708E-03
2.65597E+03 -8.24897E-03
2.65694E+03 -8.20164E-03
2.65790E+03 -8.18200E-03
2.65887E+03 -8.18530E-03
2.65983E+03 -8.15929E-03
2.66080E+03 -8.14224E-03
2.66176E+03 -8.12779E-03
2.66272E+03 -8.10800E-03
2.66369E+03 -8.07819E-03
2.66465E+03 -8.04728E-03
2.66562E+03 -8.04951E-03
2.66658E+03 -8.04413E-03
2.66755E+03 -8.02323E-03
2.66851E+03 -8.00861E-03
2.66948E+03 -7.99276E-03
2.67044E+03 -7.95926E-03
2.67140E+03 -7.93197E-03
2.67237E+03 -7.92401E-03
2.67333E+03 -7.91761E-03
2.67430E+03 -7.88224E-03
2.67526E+03 -7.85709E-03
2.67623E+03 -7.84168E-03
2.67719E+03 -7.81182E-03
2.67815E+03 -7.78029E-03
2.67912E+03 -7.76514E-03
2.68008E+03 -7.75981E-03
2.68105E+03 -7.71804E-03
2.68201E+03 -7.67050E-03
2.68298E+03 -7.65612E-03
2.68394E+03 -7.64915E-03
2.68491E+03 -7.61158E-03
2.68587E+03 -7.58134E-03
2.68683E+03 -7.54850E-03
2.68780E+03 -7.50012E-03
2.68876E+03 -7.46225E-03
2.68973E+03 -7.43456E-03
2.69069E+03 -7.40008E-03
2.69166E+03 -7.37401E-03
2.69262E+03 -7.34519E-03
2.69359E+03 -7.31985E-03
2.69455E+03 -7.27715E-03
2.69551E+03 -7.22768E-03
2.69648E+03 -7.23428E-03
2.69744E+03 -7.22571E-03
2.69841E+03 -7.17413E-03
2.69937E+03 -7.15929E-03
2.70034E+03 -7.13580E-03
2.70130E+03 -7.08965E-03
2.70226E+03 -7.07425E-03
2.70323E+03 -7.00426E-03
2.70419E+03 -6.95959E-03
2.70516E+03 -6.94676E-03
2.70612E+03 -6.87914E-03
2.70709E+03 -6.83900E-03
2.70805E+03 -6.80730E-03
2.70902E+03 -6.78177E-03
2.70998E+03 -6.77240E-03
2.71094E+03 -6.74348E-03
2.71191E+03 -6.71031E-03
2.71287E+03 -6.65317E-03
2.71384E+03 -6.60443E-03
2.71480E+03 -6.54140E-03
2.71577E+03 -6.49641E-03
2.71673E+03 -6.45755E-03
2.71770E+03 -6.40698E-03
2.71866E+03 -6.39347E-03
2.71962E+03 -6.34706E-03
2.72059E+03 -6.25213E-03
2.72155E+03 -6.19769E-03
2.72252E+03 -6.16219E-03
2.72348E+03 -6.09889E-03
2.72445E+03 -6.05275E-03
2.72541E+03 -5.98577E-03
2.72638E+03 -5.92723E-03
2.72734E+03 -5.91983E-03
2.72830E+03 -5.87169E-03
2.72927E+03 -5.80943E-03
2.73023E+03 -5.77001E-03
2.73120E+03 -5.71615E-03
2.73216E+03 -5.67650E-03
2.73313E+03 -5.61297E-03
2.73409E+03 -5.54630E-03
2.73505E+03 -5.46465E-03
2.73602E+03 -5.39503E-03
2.73698E+03 -5.34943E-03
2.73795E+03 -5.28191E-03
2.73891E+03 -5.22171E-03
2.73988E+03 -5.15067E-03
2.74084E+03 -5.07751E-03
2.74181E+03 -4.99202E-03
2.74277E+03 -4.89246E-03
2.74373E+03 -4.83281E-03
2.74470E+03 -4.78179E-03
2.74566E+03 -4.72204E-03
2.74663E+03 -4.66146E-03
2.74759E+03 -4.57723E-03
2.74856E+03 -4.48605E-03
2.74952E+03 -4.36169E-03
2.75049E+03 -4.20817E-03
2.75145E+03 -4.12897E-03
2.75241E+03 -4.07251E-03
2.75338E+03 -3.96406E-03
2.75434E+03 -3.81154E-03
2.75531E+03 -3.74455E-03
2.75627E+03 -3.65648E-03
2.75724E+03 -3.61107E-03
2.75820E+03 -3.55763E-03
2.75916E+03 -3.40461E-03
2.76013E+03 -3.30168E-03
2.76109E+03 -3.12541E-03
2.76206E+03 -2.87349E-03
2.76302E+03 -2.65571E-03
2.76399E+03 -2.43007E-03
2.76495E+03 -2.20640E-03
2.76592E+03 -2.52132E-03
2.76688E+03 -2.29011E-03
2.76784E+03 -1.87281E-03
2.76881E+03 -1.98782E-03
2.76977E+03 -1.70818E-03
2.77074E+03 -1.29728E-03
2.77170E+03 -1.01110E-03
2.77267E+03 -7.12011E-04
2.77363E+03 -7.07004E-04
2.77460E+03 -7.66374E-04
2.77556E+03 -4.11075E-04
2.77652E+03 -9.55388E-05
2.77749E+03 1.45163E-04
2.77845E+03 3.46135E-04
2.77942E+03 6.08671E-04
2.78038E+03 9.36773E-04
2.78135E+03 1.17407E-03
2.78231E+03 1.42343E-03
2.78327E+03 1.73240E-03
2.78424E+03 2.04014E-03
2.78520E+03 2.35027E-03
2.78617E+03 2.65091E-03
2.78713E+03 2.98189E-03
2.78810E+03 3.32077E-03
2.78906E+03 3.65468E-03
2.79003E+03 4.00886E-03
2.79099E+03 4.37000E-03
2.79195E+03 4.75646E-03
2.79292E+03 5.13104E-03
2.79388E+03 5.54090E-03
2.79485E+03 5.97385E-03
2.79581E+03 6.38260E-03
2.79678E+03 6.83239E-03
2.79774E+03 7.29090E-03
2.79871E+03 7.71942E-03
2.79967E+03 8.17990E-03
2.80063E+03 8.67654E-03
2.80160E+03 9.16763E-03
2.80256E+03 9.65532E-03
2.80353E+03 1.01854E-02
2.80449E+03 1.07152E-02
2.80546E+03 1.12089E-02
2.80642E+03 1.17343E-02
2.80739E+03 1.22962E-02
2.80835E+03 1.28463E-02
2.80931E+03 1.33953E-02
2.81028E+03 1.39823E-02
2.81124E+03 1.45669E-02
2.81221E+03 1.51623E-02
2.81317E+03 1.57731E-02
2.81414E+03 1.64369E-02
2.81510E+03 1.70942E-02
2.81606E+03 1.77485E-02
2.81703E+03 1.84529E-02
2.81799E+03 1.91696E-02
2.81896E+03 1.98732E-02
2.81992E+03 2.06197E-02
2.82089E+03 2.14218E-02
2.82185E+03 2.22725E-02
2.82282E+03 2.31531E-02
2.82378E+03 2.40313E-02
2.82474E+03 2.49814E-02
2.82571E+03 2.59453E-02
2.82667E+03 2.69113E-02
2.82764E+03 2.78548E-02
2.82860E+03 2.87428E-02
2.82957E+03 2.95433E-02
2.83053E+03 3.02273E-02
2.83150E+03 3.07368E-02
2.83246E+03 3.10539E-02
2.83342E+03 3.11757E-02
2.83439E+03 3.10776E-02
2.83535E+03 3.07670E-02
2.83632E+03 3.02717E-02
2.83728E+03 2.96087E-02
2.83825E+03 2.88785E-02
2.83921E+03 2.80974E-02
2.84017E+03 2.72950E-02
2.84114E+03 2.65325E-02
2.84210E+03 2.58016E-02
2.84307E+03 2.51637E-02
2.84403E+03 2.45577E-02
2.84500E+03 2.40075E-02
2.84596E+03 2.35640E-02
2.84693E+03 2.31672E-02
2.84789E+03 2.27653E-02
2.84885E+03 2.23809E-02
2.84982E+03 2.20081E-02
2.85078E+03 2.16761E-02
2.85175E+03 2.13646E-02
2.85271E+03 2.10591E-02
2.85368E+03 2.07881E-02
2.85464E+03 2.05080E-02
2.85561E+03 2.02550E-02
2.85657E+03 2.00018E-02
2.85753E+03 1.97148E-02
2.85850E+03 1.94452E-02
2.85946E+03 1.91659E-02
2.86043E+03 1.89203E-02
2.86139E+03 1.87403E-02
2.86236E+03 1.85347E-02
2.86332E+03 1.82806E-02
2.86428E+03 1.80239E-02
2.86525E+03 1.78382E-02
2.86621E+03 1.76272E-02
2.86718E+03 1.73817E-02
2.86814E+03 1.71946E-02
2.86911E+03 1.70132E-02
2.87007E+03 1.68401E-02
2.87104E+03 1.66665E-02
2.87200E+03 1.64857E-02
2.87296E+03 1.63395E-02
2.87393E+03 1.62128E-02
2.87489E+03 1.60676E-02
2.87586E+03 1.59640E-02
2.87682E+03 1.58733E-02
2.87779E+03 1.57392E-02
2.87875E+03 1.56837E-02
2.87972E+03 1.56609E-02
2.88068E+03 1.56270E-02
2.88164E+03 1.55985E-02
2.88261E+03 1.56043E-02
2.88357E+03 1.56362E-02
2.88454E+03 1.56863E-02
2.88550E+03 1.57452E-02
2.88647E+03 1.58018E-02
2.88743E+03 1.58839E-02
2.88840E+03 1.59776E-02
2.88936E+03 1.60942E-02
2.89032E+03 1.62161E-02
2.89129E+03 1.63356E-02
2.89225E+03 1.64557E-02
2.89322E+03 1.66010E-02
2.89418E+03 1.67610E-02
2.89515E+03 1.69367E-02
2.89611E+03 1.71381E-02
2.89707E+03 1.73440E-02
2.89804E+03 1.75444E-02
2.89900E+03 1.77700E-02
2.89997E+03 1.80103E-02
2.90093E+03 1.82626E-02
2.90190E+03 1.85463E-02
2.90286E+03 1.88670E-02
2.90383E+03 1.91913E-02
2.90479E+03 1.95551E-02
2.90575E+03 1.99581E-02
2.90672E+03 2.03116E-02
2.90768E+03 2.06434E-02
2.90865E+03 2.10158E-02
2.90961E+03 2.13967E-02
2.91058E+03 2.18124E-02
2.91154E+03 2.22167E-02
2.91251E+03 2.25541E-02
2.91347E+03 2.28468E-02
2.91443E+03 2.30691E-02
2.91540E+03 2.32077E-02
2.91636E+03 2.32496E-02
2.91733E+03 2.32280E-02
2.91829E+03 2.31461E-02
2.91926E+03 2.30167E-02
2.92022E+03 2.29275E-02
2.92118E+03 2.28393E-02
2.92215E+03 2.28025E-02
2.92311E+03 2.28590E-02
2.92408E+03 2.29892E-02
2.92504E+03 2.32598E-02
2.92601E+03 2.36541E-02
2.92697E+03 2.41888E-02
2.92794E+03 2.48187E-02
2.92890E+03 2.55125E-02
2.92986E+03 2.62436E-02
2.93083E+03 2.69900E-02
2.93179E+03 2.77531E-02
2.93276E+03 2.84709E-02
2.93372E+03 2.91014E-02
2.93469E+03 2.96774E-02
2.93565E+03 3.01288E-02
2.93662E+03 3.04473E-02
2.93758E+03 3.06587E-02
2.93854E+03 3.07372E-02
2.93951E+03 3.07052E-02
2.94047E+03 3.05570E-02
2.94144E+03 3.03169E-02
2.94240E+03 3.00175E-02
2.94337E+03 2.97222E-02
2.94433E+03 2.94672E-02
2.94530E+03 2.92316E-02
2.94626E+03 2.90586E-02
2.94722E+03 2.90277E-02
2.94819E+03 2.91221E-02
2.94915E+03 2.93057E-02
2.95012E+03 2.96176E-02
2.95108E+03 3.00602E-02
2.95205E+03 3.05659E-02
2.95301E+03 3.11366E-02
2.95397E+03 3.17482E-02
2.95494E+03 3.23775E-02
2.95590E+03 3.30156E-02
2.95687E+03 3.36281E-02
2.95783E+03 3.41517E-02
2.95880E+03 3.45881E-02
2.95976E+03 3.50110E-02
2.96073E+03 3.53913E-02
2.96169E+03 3.56963E-02
2.96265E+03 3.59414E-02
2.96362E+03 3.61383E-02
2.96458E+03 3.63000E-02
2.96555E+03 3.64034E-02
2.96651E+03 3.65073E-02
2.96748E+03 3.66043E-02
2.96844E+03 3.66640E-02
2.96941E+03 3.67414E-02
2.97037E+03 3.68195E-02
2.97133E+03 3.68597E-02
2.97230E+03 3.69225E-02
2.97326E+03 3.69546E-02
2.97423E+03 3.69451E-02
2.97519E+03 3.69456E-02
2.97616E+03 3.68969E-02
2.97712E+03 3.68450E-02
2.97808E+03 3.67719E-02
2.97905E+03 3.66817E-02
2.98001E+03 3.66208E-02
2.98098E+03 3.65962E-02
2.98194E+03 3.65966E-02
2.98291E+03 3.65924E-02
2.98387E+03 3.65953E-02
2.98484E+03 3.66467E-02
2.98580E+03 3.67632E-02
2.98676E+03 3.69130E-02
2.98773E+03 3.71038E-02
2.98869E+03 3.73090E-02
2.98966E+03 3.75207E-02
2.99062E+03 3.77929E-02
2.99159E+03 3.80995E-02
2.99255E+03 3.84228E-02
2.99352E+03 3.87413E-02
2.99448E+03 3.90501E-02
2.99544E+03 3.93488E-02
2.99641E+03 3.96155E-02
2.99737E+03 3.98672E-02
2.99834E+03 4.00841E-02
2.99930E+03 4.02473E-02
3.00027E+03 4.03902E-02
3.00123E+03 4.04883E-02
3.00220E+03 4.05491E-02
3.00316E+03 4.05867E-02
3.00412E+03 4.06201E-02
3.00509E+03 4.05839E-02
3.00605E+03 4.04881E-02
3.00702E+03 4.04139E-02
3.00798E+03 4.03285E-02
3.00895E+03 4.02532E-02
3.00991E+03 4.01983E-02
3.01087E+03 4.01215E-02
3.01184E+03 4.00504E-02
3.01280E+03 3.99808E-02
3.01377E+03 3.99378E-02
3.01473E+03 3.99622E-02
3.01570E+03 4.00025E-02
3.01666E+03 4.00739E-02
3.01763E+03 4.01679E-02
3.01859E+03 4.03600E-02
3.01955E+03 4.06172E-02
3.02052E+03 4.08682E-02
3.02148E+03 4.11828E-02
3.02245E+03 4.15275E-02
3.02341E+03 4.18652E-02
3.02438E+03 4.22569E-02
3.02534E+03 4.27076E-02
3.02631E+03 4.32121E-02
3.02727E+03 4.37374E-02
3.02823E+03 4.42487E-02
3.02920E+03 4.48585E-02
3.03016E+03 4.54993E-02
3.03113E+03 4.61582E-02
3.03209E+03 4.68220E-02
3.03306E+03 4.75118E-02
3.03402E+03 4.82451E-02
3.03498E+03 4.89489E-02
3.03595E+03 4.96840E-02
3.03691E+03 5.04607E-02
3.03788E+03 5.12783E-02
3.03884E+03 5.21325E-02
3.03981E+03 5.29715E-02
3.04077E+03 5.38293E-02
3.04174E+03 5.47019E-02
3.04270E+03 5.55674E-02
3.04366E+03 5.65126E-02
3.04463E+03 5.74914E-02
3.04559E+03 5.84114E-02
3.04656E+03 5.93253E-02
3.04752E+03 6.02875E-02
3.04849E+03 6.12868E-02
3.04945E+03 6.23220E-02
3.05042E+03 6.33539E-02
3.05138E+03 6.43871E-02
3.05234E+03 6.54192E-02
3.05331E+03 6.64723E-02
3.05427E+03 6.76163E-02
3.05524E+03 6.87484E-02
3.05620E+03 6.98165E-02
3.05717E+03 7.09348E-02
3.05813E+03 7.20682E-02
3.05909E+03 7.31973E-02
3.06006E+03 7.43736E-02
3.06102E+03 7.55860E-02
3.06199E+03 7.68225E-02
3.06295E+03 7.80635E-02
3.06392E+03 7.92644E-02
3.06488E+03 8.04922E-02
3.06585E+03 8.17697E-02
3.06681E+03 8.29871E-02
3.06777E+03 8.42360E-02
3.06874E+03 8.55650E-02
3.06970E+03 8.68797E-02
3.07067E+03 8.82094E-02
3.07163E+03 8.95244E-02
3.07260E+03 9.08366E-02
3.07356E+03 9.22315E-02
3.07453E+03 9.36293E-02
3.07549E+03 9.50174E-02
3.07645E+03 9.63833E-02
3.07742E+03 9.77749E-02
3.07838E+03 9.92280E-02
3.07935E+03 1.00630E-01
3.08031E+03 1.02085E-01
3.08128E+03 1.03568E-01
3.08224E+03 1.05055E-01
3.08321E+03 1.06510E-01
3.08417E+03 1.07985E-01
3.08513E+03 1.09549E-01
3.08610E+03 1.10998E-01
3.08706E+03 1.12489E-01
3.08803E+03 1.14064E-01
3.08899E+03 1.15616E-01
3.08996E+03 1.17161E-01
3.09092E+03 1.18722E-01
3.09188E+03 1.20275E-01
3.09285E+03 1.21816E-01
3.09381E+03 1.23389E-01
3.09478E+03 1.24959E-01
3.09574E+03 1.26572E-01
3.09671E+03 1.28199E-01
3.09767E+03 1.29828E-01
3.09864E+03 1.31446E-01
3.09960E+03 1.33095E-01
3.10056E+03 1.34740E-01
3.10153E+03 1.36342E-01
3.10249E+03 1.37986E-01
3.10346E+03 1.39632E-01
3.10442E+03 1.41297E-01
3.10539E+03 1.42963E-01
3.10635E+03 1.44617E-01
3.10732E+03 1.46302E-01
3.10828E+03 1.47941E-01
3.10924E+03 1.49567E-01
3.11021E+03 1.51276E-01
3.11117E+03 1.53000E-01
3.11214E+03 1.54687E-01
3.11310E+03 1.56318E-01
3.11407E+03 1.57990E-01
3.11503E+03 1.59741E-01
3.11599E+03 1.61420E-01
3.11696E+03 1.63111E-01
3.11792E+03 1.64837E-01
3.11889E+03 1.66582E-01
3.11985E+03 1.68323E-01
3.12082E+03 1.69989E-01
3.12178E+03 1.71675E-01
3.12275E+03 1.73369E-01
3.12371E+03 1.75120E-01
3.12467E+03 1.76895E-01
3.12564E+03 1.78597E-01
3.12660E+03 1.80335E-01
3.12757E+03 1.82085E-01
3.12853E+03 1.83818E-01
3.12950E+03 1.85598E-01
3.13046E+03 1.87344E-01
3.13143E+03 1.89083E-01
3.13239E+03 1.90842E-01
3.13335E+03 1.92621E-01
3.13432E+03 1.94412E-01
3.13528E+03 1.96155E-01
3.13625E+03 1.97937E-01
3.13721E+03 1.99751E-01
3.13818E+03 2.01564E-01
3.13914E+03 2.03383E-01
3.14010E+03 2.05169E-01
3.14107E+03 2.06959E-01
3.14203E+03 2.08767E-01
3.14300E+03 2.10563E-01
3.14396E+03 2.12437E-01
3.14493E+03 2.14306E-01
3.14589E+03 2.16074E-01
3.14686E+03 2.17878E-01
3.14782E+03 2.19740E-01
3.14878E+03 2.21579E-01
3.14975E+03 2.23378E-01
3.15071E+03 2.25209E-01
3.15168E+03 2.27091E-01
3.15264E+03 2.28952E-01
3.15361E+03 2.30724E-01
3.15457E+03 2.32555E-01
3.15554E+03 2.34385E-01
3.15650E+03 2.36169E-01
3.15746E+03 2.38095E-01
3.15843E+03 2.39952E-01
3.15939E+03 2.41728E-01
3.16036E+03 2.43586E-01
3.16132E+03 2.45385E-01
3.16229E+03 2.47187E-01
3.16325E+03 2.49063E-01
3.16422E+03 2.50894E-01
3.16518E+03 2.52669E-01
3.16614E+03 2.54463E-01
3.16711E+03 2.56356E-01
3.16807E+03 2.58200E-01
3.16904E+03 2.60003E-01
3.17000E+03 2.61828E-01
3.17097E+03 2.63596E-01
3.17193E+03 2.65382E-01
3.17289E+03 2.67226E-01
3.17386E+03 2.69060E-01
3.17482E+03 2.70837E-01
3.17579E+03 2.72585E-01
3.17675E+03 2.74344E-01
3.17772E+03 2.76162E-01
3.17868E+03 2.77966E-01
3.17965E+03 2.79728E-01
3.18061E+03 2.81447E-01
3.18157E+03 2.83173E-01
3.18254E+03 2.84962E-01
3.18350E+03 2.86761E-01
3.18447E+03 2.88462E-01
3.18543E+03 2.90112E-01
3.18640E+03 2.91827E-01
3.18736E+03 2.93587E-01
3.18833E+03 2.95272E-01
3.18929E+03 2.96964E-01
3.19025E+03 2.98660E-01
3.19122E+03 3.00351E-01
3.19218E+03 3.02070E-01
3.19315E+03 3.03703E-01
3.19411E+03 3.05332E-01
3.19508E+03 3.06969E-01
3.19604E+03 3.08616E-01
3.19700E+03 3.10280E-01
3.19797E+03 3.11926E-01
3.19893E+03 3.13495E-01
3.19990E+03 3.15071E-01
3.20086E+03 3.16620E-01
3.20183E+03 3.18068E-01
3.20279E+03 3.19609E-01
3.20376E+03 3.21188E-01
3.20472E+03 3.22686E-01
3.20568E+03 3.24185E-01
3.20665E+03 3.25703E-01
3.20761E+03 3.27110E-01
3.20858E+03 3.28547E-01
3.20954E+03 3.30082E-01
3.21051E+03 3.31479E-01
3.21147E+03 3.32831E-01
3.21244E+03 3.34243E-01
3.21340E+03 3.35643E-01
3.21436E+03 3.37015E-01
3.21533E+03 3.38340E-01
3.21629E+03 3.39683E-01
3.21726E+03 3.40965E-01
3.21822E+03 3.42168E-01
3.21919E+03 3.43444E-01
3.22015E+03 3.44742E-01
3.22111E+03 3.46020E-01
3.22208E+03 3.47209E-01
3.22304E+03 3.48403E-01
3.22401E+03 3.49502E-01
3.22497E+03 3.50587E-01
3.22594E+03 3.51798E-01
3.22690E+03 3.52940E-01
3.22787E+03 3.54011E-01
3.22883E+03 3.55036E-01
3.22979E+03 3.56087E-01
3.23076E+03 3.57107E-01
3.23172E+03 3.57979E-01
3.23269E+03 3.58970E-01
3.23365E+03 3.59977E-01
3.23462E+03 3.60830E-01
3.23558E+03 3.61778E-01
3.23655E+03 3.62759E-01
3.23751E+03 3.63554E-01
3.23847E+03 3.64335E-01
3.23944E+03 3.65262E-01
3.24040E+03 3.66072E-01
3.24137E+03 3.66838E-01
3.24233E+03 3.67705E-01
3.24330E+03 3.68448E-01
3.24426E+03 3.69096E-01
3.24523E+03 3.69863E-01
3.24619E+03 3.70569E-01
3.24715E+03 3.71212E-01
3.24812E+03 3.71877E-01
3.24908E+03 3.72537E-01
3.25005E+03 3.73117E-01
3.25101E+03 3.73754E-01
3.25198E+03 3.74469E-01
3.25294E+03 3.75090E-01
3.25390E+03 3.75723E-01
3.25487E+03 3.76296E-01
3.25583E+03 3.76785E-01
3.25680E+03 3.77344E-01
3.25776E+03 3.77888E-01
3.25873E+03 3.78383E-01
3.25969E+03 3.78941E-01
3.26066E+03 3.79402E-01
3.26162E+03 3.79853E-01
3.26258E+03 3.80445E-01
3.26355E+03 3.80964E-01
3.26451E+03 3.81311E-01
3.26548E+03 3.81667E-01
3.26644E+03 3.82126E-01
3.26741E+03 3.82567E-01
3.26837E+03 3.82994E-01
3.26934E+03 3.83444E-01
3.27030E+03 3.83793E-01
3.27126E+03 3.84165E-01
3.27223E+03 3.84589E-01
3.27319E+03 3.84926E-01
3.27416E+03 3.85174E-01
3.27512E+03 3.85554E-01
3.27609E+03 3.85939E-01
3.27705E+03 3.86192E-01
3.27802E+03 3.86437E-01
3.27898E+03 3.86659E-01
3.27994E+03 3.86880E-01
3.28091E+03 3.87090E-01
3.28187E+03 3.87327E-01
3.28284E+03 3.87563E-01
3.28380E+03 3.87725E-01
3.28477E+03 3.87792E-01
3.28573E+03 3.87898E-01
3.28669E+03 3.88053E-01
3.28766E+03 3.88134E-01
3.28862E+03 3.88212E-01
3.28959E+03 3.88247E-01
3.29055E+03 3.88193E-01
3.29152E+03 3.88234E-01
3.29248E+03 3.88306E-01
3.29345E+03 3.88194E-01
3.29441E+03 3.88129E-01
3.29537E+03 3.88130E-01
3.29634E+03 3.88019E-01
3.29730E+03 3.87839E-01
3.29827E+03 3.87696E-01
3.29923E+03 3.87599E-01
3.30020E+03 3.87403E-01
3.30116E+03 3.87227E-01
3.30213E+03 3.87062E-01
3.30309E+03 3.86885E-01
3.30405E+03 3.86585E-01
3.30502E+03 3.86139E-01
3.30598E+03 3.85857E-01
3.30695E+03 3.85595E-01
3.30791E+03 3.85316E-01
3.30888E+03 3.84986E-01
3.30984E+03 3.84503E-01
3.31080E+03 3.84094E-01
3.31177E+03 3.83710E-01
3.31273E+03 3.83271E-01
3.31370E+03 3.82827E-01
3.31466E+03 3.82348E-01
3.31563E+03 3.81781E-01
3.31659E+03 3.81296E-01
3.31756E+03 3.80933E-01
3.31852E+03 3.80441E-01
3.31948E+03 3.79810E-01
3.32045E+03 3.79182E-01
3.32141E+03 3.78606E-01
3.32238E+03 3.77998E-01
3.32334E+03 3.77372E-01
3.32431E+03 3.76782E-01
3.32527E+03 3.76170E-01
3.32624E+03 3.75556E-01
3.32720E+03 3.74964E-01
3.32816E+03 3.74307E-01
3.32913E+03 3.73621E-01
3.33009E+03 3.73025E-01
3.33106E+03 3.72457E-01
3.33202E+03 3.71752E-01
3.33299E+03 3.70965E-01
3.33395E+03 3.70211E-01
3.33492E+03 3.69572E-01
3.33588E+03 3.68846E-01
3.33684E+03 3.68048E-01
3.33781E+03 3.67364E-01
3.33877E+03 3.66611E-01
3.33974E+03 3.65823E-01
3.34070E+03 3.65103E-01
3.34167E+03 3.64364E-01
3.34263E+03 3.63603E-01
3.34359E+03 3.62876E-01
3.34456E+03 3.62176E-01
3.34552E+03 3.61353E-01
3.34649E+03 3.60497E-01
3.34745E+03 3.59732E-01
3.34842E+03 3.59047E-01
3.34938E+03 3.58367E-01
3.35035E+03 3.57568E-01
3.35131E+03 3.56820E-01
3.35227E+03 3.55984E-01
3.35324E+03 3.55101E-01
3.35420E+03 3.54319E-01
3.35517E+03 3.53577E-01
3.35613E+03 3.52734E-01
3.35710E+03 3.51866E-01
3.35806E+03 3.51083E-01
3.35903E+03 3.50216E-01
3.35999E+03 3.49337E-01
3.36095E+03 3.48466E-01
3.36192E+03 3.47581E-01
3.36288E+03 3.46787E-01
3.36385E+03 3.45895E-01
3.36481E+03 3.44947E-01
3.36578E+03 3.44118E-01
3.36674E+03 3.43244E-01
3.36770E+03 3.42342E-01
3.36867E+03 3.41463E-01
3.36963E+03 3.40524E-01
3.37060E+03 3.39501E-01
3.37156E+03 3.38541E-01
3.37253E+03 3.37607E-01
3.37349E+03 3.36643E-01
3.37446E+03 3.35718E-01
3.37542E+03 3.34754E-01
3.37638E+03 3.33775E-01
3.37735E+03 3.32775E-01
3.37831E+03 3.31723E-01
3.37928E+03 3.30702E-01
3.38024E+03 3.29651E-01
3.38121E+03 3.28591E-01
3.38217E+03 3.27558E-01
3.38314E+03 3.26557E-01
3.38410E+03 3.25471E-01
3.38506E+03 3.24299E-01
3.38603E+03 3.23138E-01
3.38699E+03 3.22028E-01
3.38796E+03 3.20886E-01
3.38892E+03 3.19666E-01
3.38989E+03 3.18506E-01
3.39085E+03 3.17330E-01
3.39181E+03 3.16089E-01
3.39278E+03 3.14907E-01
3.39374E+03 3.13796E-01
3.39471E+03 3.12604E-01
3.39567E+03 3.11241E-01
3.39664E+03 3.09881E-01
3.39760E+03 3.08587E-01
3.39857E+03 3.07293E-01
3.39953E+03 3.05973E-01
3.40049E+03 3.04593E-01
3.40146E+03 3.03173E-01
3.40242E+03 3.01721E-01
3.40339E+03 3.00356E-01
3.40435E+03 2.98958E-01
3.40532E+03 2.97561E-01
3.40628E+03 2.96219E-01
3.40725E+03 2.94789E-01
3.40821E+03 2.93274E-01
3.40917E+03 2.91803E-01
3.41014E+03 2.90318E-01
3.41110E+03 2.88754E-01
3.41207E+03 2.87266E-01
3.41303E+03 2.85501E-01
3.41400E+03 2.83616E-01
3.41496E+03 2.82320E-01
3.41593E+03 2.81076E-01
3.41689E+03 2.79555E-01
3.41785E+03 2.77865E-01
3.41882E+03 2.76150E-01
3.41978E+03 2.74569E-01
3.42075E+03 2.72958E-01
3.42171E+03 2.71250E-01
3.42268E+03 2.69513E-01
3.42364E+03 2.67883E-01
3.42460E+03 2.66275E-01
3.42557E+03 2.64569E-01
3.42653E+03 2.62770E-01
3.42750E+03 2.61088E-01
3.42846E+03 2.59421E-01
3.42943E+03 2.57602E-01
3.43039E+03 2.55851E-01
3.43136E+03 2.54190E-01
3.43232E+03 2.52449E-01
3.43328E+03 2.50712E-01
3.43425E+03 2.48923E-01
3.43521E+03 2.47120E-01
3.43618E+03 2.45400E-01
3.43714E+03 2.43600E-01
3.43811E+03 2.41808E-01
3.43907E+03 2.40055E-01
3.44004E+03 2.38194E-01
3.44100E+03 2.36435E-01
3.44196E+03 2.34697E-01
3.44293E+03 2.32895E-01
3.44389E+03 2.31068E-01
3.44486E+03 2.29196E-01
3.44582E+03 2.27388E-01
3.44679E+03 2.25555E-01
3.44775E+03 2.23650E-01
3.44871E+03 2.21775E-01
3.44968E+03 2.19968E-01
3.45064E+03 2.18217E-01
3.45161E+03 2.16442E-01
3.45257E+03 2.14599E-01
3.45354E+03 2.12766E-01
3.45450E+03 2.10929E-01
3.45547E+03 2.09136E-01
3.45643E+03 2.07326E-01
3.45739E+03 2.05510E-01
3.45836E+03 2.03698E-01
3.45932E+03 2.01846E-01
3.46029E+03 1.99982E-01
3.46125E+03 1.98073E-01
3.46222E+03 1.96225E-01
3.46318E+03 1.94416E-01
3.46415E+03 1.92566E-01
3.46511E+03 1.90685E-01
3.46607E+03 1.88814E-01
3.46704E+03 1.86918E-01
3.46800E+03 1.85028E-01
3.46897E+03 1.83233E-01
3.46993E+03 1.81379E-01
3.47090E+03 1.79458E-01
3.47186E+03 1.77587E-01
3.47282E+03 1.75722E-01
3.47379E+03 1.73811E-01
3.47475E+03 1.71970E-01
3.47572E+03 1.70151E-01
3.47668E+03 1.68350E-01
3.47765E+03 1.66498E-01
3.47861E+03 1.64566E-01
3.47958E+03 1.62628E-01
3.48054E+03 1.60739E-01
3.48150E+03 1.58883E-01
3.48247E+03 1.56958E-01
3.48343E+03 1.55033E-01
3.48440E+03 1.53121E-01
3.48536E+03 1.51271E-01
3.48633E+03 1.49359E-01
3.48729E+03 1.47432E-01
3.48826E+03 1.45564E-01
3.48922E+03 1.43650E-01
3.49018E+03 1.41699E-01
3.49115E+03 1.39749E-01
3.49211E+03 1.37833E-01
3.49308E+03 1.35899E-01
3.49404E+03 1.33963E-01
3.49501E+03 1.32021E-01
3.49597E+03 1.30095E-01
3.49694E+03 1.28257E-01
3.49790E+03 1.26340E-01
3.49886E+03 1.24344E-01
3.49983E+03 1.22340E-01
3.50079E+03 1.20436E-01
3.50176E+03 1.18558E-01
3.50272E+03 1.16603E-01
3.50369E+03 1.14650E-01
3.50465E+03 1.12691E-01
3.50561E+03 1.10739E-01
3.50658E+03 1.08863E-01
3.50754E+03 1.06949E-01
3.50851E+03 1.04962E-01
3.50947E+03 1.03021E-01
3.51044E+03 1.01140E-01
3.51140E+03 9.92753E-02
3.51237E+03 9.73238E-02
3.51333E+03 9.54153E-02
3.51429E+03 9.35320E-02
3.51526E+03 9.16018E-02
3.51622E+03 8.96512E-02
3.51719E+03 8.77245E-02
3.51815E+03 8.59173E-02
3.51912E+03 8.41496E-02
3.52008E+03 8.23620E-02
3.52105E+03 8.05380E-02
3.52201E+03 7.87686E-02
3.52297E+03 7.69894E-02
3.52394E+03 7.52637E-02
3.52490E+03 7.36114E-02
3.52587E+03 7.19089E-02
3.52683E+03 7.03040E-02
3.52780E+03 6.86918E-02
3.52876E+03 6.70762E-02
3.52972E+03 6.55068E-02
3.53069E+03 6.39428E-02
3.53165E+03 6.23481E-02
3.53262E+03 6.08767E-02
3.53358E+03 5.94916E-02
3.53455E+03 5.80265E-02
3.53551E+03 5.66007E-02
3.53648E+03 5.52410E-02
3.53744E+03 5.39071E-02
3.53840E+03 5.25777E-02
3.53937E+03 5.12800E-02
3.54033E+03 4.99679E-02
3.54130E+03 4.86978E-02
3.54226E+03 4.75054E-02
3.54323E+03 4.62988E-02
3.54419E+03 4.51041E-02
3.54516E+03 4.39889E-02
3.54612E+03 4.28833E-02
3.54708E+03 4.17655E-02
3.54805E+03 4.07139E-02
3.54901E+03 3.97107E-02
3.54998E+03 3.87983E-02
3.55094E+03 3.78711E-02
3.55191E+03 3.69259E-02
3.55287E+03 3.60250E-02
3.55383E+03 3.51302E-02
3.55480E+03 3.42234E-02
3.55576E+03 3.33202E-02
3.55673E+03 3.25135E-02
3.55769E+03 3.17201E-02
3.55866E+03 3.09236E-02
3.55962E+03 3.01690E-02
3.56059E+03 2.94036E-02
3.56155E+03 2.86699E-02
3.56251E+03 2.79739E-02
3.56348E+03 2.72683E-02
3.56444E+03 2.66442E-02
3.56541E+03 2.60003E-02
3.56637E+03 2.53296E-02
3.56734E+03 2.47045E-02
3.56830E+03 2.41363E-02
3.56927E+03 2.36346E-02
3.57023E+03 2.30939E-02
3.57119E+03 2.25796E-02
3.57216E+03 2.21330E-02
3.57312E+03 2.16494E-02
3.57409E+03 2.11813E-02
3.57505E+03 2.08284E-02
3.57602E+03 2.04828E-02
3.57698E+03 2.01934E-02
3.57795E+03 1.99643E-02
3.57891E+03 1.98082E-02
3.57987E+03 1.97922E-02
3.58084E+03 1.97995E-02
3.58180E+03 1.98647E-02
3.58277E+03 2.00139E-02
3.58373E+03 2.02755E-02
3.58470E+03 2.06292E-02
3.58566E+03 2.10516E-02
3.58662E+03 2.14822E-02
3.58759E+03 2.19576E-02
3.58855E+03 2.25074E-02
3.58952E+03 2.30908E-02
3.59048E+03 2.36841E-02
3.59145E+03 2.43820E-02
3.59241E+03 2.51781E-02
3.59338E+03 2.60357E-02
3.59434E+03 2.67772E-02
3.59530E+03 2.70977E-02
3.59627E+03 2.67964E-02
3.59723E+03 2.59459E-02
3.59820E+03 2.46851E-02
3.59916E+03 2.46905E-02
3.60013E+03 2.46318E-02
3.60109E+03 2.07430E-02
3.60206E+03 1.65038E-02
3.60302E+03 1.44515E-02
3.60398E+03 1.32410E-02
3.60495E+03 1.25051E-02
3.60591E+03 1.19655E-02
3.60688E+03 1.15895E-02
3.60784E+03 1.13134E-02
3.60881E+03 1.11171E-02
3.60977E+03 1.08648E-02
3.61074E+03 1.06149E-02
3.61170E+03 1.04407E-02
3.61266E+03 1.02973E-02
3.61363E+03 1.02318E-02
3.61459E+03 1.01447E-02
3.61556E+03 1.00167E-02
3.61652E+03 9.97320E-03
3.61749E+03 9.98302E-03
3.61845E+03 1.00136E-02
3.61941E+03 1.01343E-02
3.62038E+03 1.02968E-02
3.62134E+03 1.04783E-02
3.62231E+03 1.07924E-02
3.62327E+03 1.11714E-02
3.62424E+03 1.15422E-02
3.62520E+03 1.19349E-02
3.62617E+03 1.24424E-02
3.62713E+03 1.29985E-02
3.62809E+03 1.35842E-02
3.62906E+03 1.42210E-02
3.63002E+03 1.49248E-02
3.63099E+03 1.57427E-02
3.63195E+03 1.66500E-02
3.63292E+03 1.76022E-02
3.63388E+03 1.85789E-02
3.63485E+03 1.95825E-02
3.63581E+03 2.06837E-02
3.63677E+03 2.19277E-02
3.63774E+03 2.31902E-02
3.63870E+03 2.45171E-02
3.63967E+03 2.59217E-02
3.64063E+03 2.73860E-02
3.64160E+03 2.88856E-02
3.64256E+03 3.03483E-02
3.64352E+03 3.18280E-02
3.64449E+03 3.32435E-02
3.64545E+03 3.45997E-02
3.64642E+03 3.58927E-02
3.64738E+03 3.70964E-02
3.64835E+03 3.81248E-02
3.64931E+03 3.89838E-02
3.65028E+03 3.97237E-02
3.65124E+03 4.02942E-02
3.65220E+03 4.06745E-02
3.65317E+03 4.08422E-02
3.65413E+03 4.08460E-02
3.65510E+03 4.06500E-02
3.65606E+03 4.02393E-02
3.65703E+03 3.95828E-02
3.65799E+03 3.87343E-02
3.65896E+03 3.77365E-02
3.65992E+03 3.65711E-02
3.66088E+03 3.52699E-02
3.66185E+03 3.38257E-02
3.66281E+03 3.22949E-02
3.66378E+03 3.06768E-02
3.66474E+03 2.89835E-02
3.66571E+03 2.72509E-02
3.66667E+03 2.54697E-02
3.66764E+03 2.37173E-02
3.66860E+03 2.20360E-02
3.66956E+03 2.03360E-02
3.67053E+03 1.86593E-02
3.67149E+03 1.70797E-02
3.67246E+03 1.55799E-02
3.67342E+03 1.41262E-02
3.67439E+03 1.27669E-02
3.67535E+03 1.15728E-02
3.67631E+03 1.03466E-02
3.67728E+03 9.15671E-03
3.67824E+03 8.10483E-03
3.67921E+03 7.13854E-03
3.68017E+03 6.25370E-03
3.68114E+03 5.41370E-03
3.68210E+03 4.72138E-03
3.68307E+03 4.13325E-03
3.68403E+03 3.70189E-03
3.68499E+03 3.36253E-03
3.68596E+03 3.06612E-03
3.68692E+03 2.96223E-03
3.68789E+03 3.02279E-03
3.68885E+03 3.17776E-03
3.68982E+03 3.65215E-03
3.69078E+03 4.51207E-03
3.69175E+03 5.65286E-03
3.69271E+03 7.19509E-03
3.69367E+03 9.31481E-03
3.69464E+03 1.20504E-02
3.69560E+03 1.54825E-02
3.69657E+03 1.97171E-02
3.69753E+03 2.46094E-02
3.69850E+03 2.98241E-02
3.69946E+03 3.48996E-02
3.70042E+03 3.91215E-02
3.70139E+03 4.19629E-02
3.70235E+03 4.29015E-02
3.70332E+03 4.18065E-02
3.70428E+03 3.90433E-02
3.70525E+03 3.52494E-02
3.70621E+03 3.13752E-02
3.70718E+03 2.95420E-02
3.70814E+03 2.89332E-02
3.70910E+03 2.31581E-02
3.71007E+03 1.46713E-02
3.71103E+03 9.41826E-03
3.71200E+03 6.49835E-03
3.71296E+03 4.78903E-03
3.71393E+03 3.74973E-03
3.71489E+03 3.07844E-03
3.71586E+03 2.59658E-03
3.71682E+03 2.22171E-03
3.71778E+03 1.94135E-03
3.71875E+03 1.68552E-03
3.71971E+03 1.48516E-03
3.72068E+03 1.29085E-03
3.72164E+03 1.06053E-03
3.72261E+03 9.21130E-04
3.72357E+03 7.64485E-04
3.72453E+03 5.55020E-04
3.72550E+03 4.31594E-04
3.72646E+03 2.54046E-04
3.72743E+03 4.38765E-05
3.72839E+03 -1.37161E-04
3.72936E+03 -3.20781E-04
3.73032E+03 -4.95538E-04
3.73129E+03 -6.52961E-04
3.73225E+03 -8.01247E-04
3.73321E+03 -9.60223E-04
3.73418E+03 -1.14402E-03
3.73514E+03 -1.30976E-03
3.73611E+03 -1.47985E-03
3.73707E+03 -1.65151E-03
3.73804E+03 -1.72966E-03
3.73900E+03 -1.87237E-03
3.73997E+03 -2.02490E-03
3.74093E+03 -2.15263E-03
3.74189E+03 -2.29567E-03
3.74286E+03 -2.37279E-03
3.74382E+03 -2.44645E-03
3.74479E+03 -2.60292E-03
3.74575E+03 -2.76637E-03
3.74672E+03 -2.87044E-03
3.74768E+03 -3.00987E-03
3.74865E+03 -3.13336E-03
3.74961E+03 -3.24985E-03
3.75057E+03 -3.33053E-03
3.75154E+03 -3.38624E-03
3.75250E+03 -3.52906E-03
3.75347E+03 -3.65174E-03
3.75443E+03 -3.73338E-03
3.75540E+03 -3.79500E-03
3.75636E+03 -3.83852E-03
3.75732E+03 -3.93581E-03
3.75829E+03 -3.99945E-03
3.75925E+03 -4.01747E-03
3.76022E+03 -4.06937E-03
3.76118E+03 -4.09506E-03
3.76215E+03 -4.08083E-03
3.76311E+03 -4.05932E-03
3.76408E+03 -4.09468E-03
3.76504E+03 -4.16557E-03
3.76600E+03 -4.17844E-03
3.76697E+03 -4.17854E-03
3.76793E+03 -4.24471E-03
3.76890E+03 -4.27152E-03
3.76986E+03 -4.28127E-03
3.77083E+03 -4.29068E-03
3.77179E+03 -4.27502E-03
3.77276E+03 -4.25205E-03
3.77372E+03 -4.24612E-03
3.77468E+03 -4.25673E-03
3.77565E+03 -4.25541E-03
3.77661E+03 -4.24203E-03
3.77758E+03 -4.24648E-03
3.77854E+03 -4.29338E-03
3.77951E+03 -4.31116E-03
3.78047E+03 -4.29884E-03
3.78143E+03 -4.28624E-03
3.78240E+03 -4.28317E-03
3.78336E+03 -4.30206E-03
3.78433E+03 -4.32646E-03
3.78529E+03 -4.35348E-03
3.78626E+03 -4.36242E-03
3.78722E+03 -4.35871E-03
3.78819E+03 -4.37364E-03
3.78915E+03 -4.42053E-03
3.79011E+03 -4.45026E-03
3.79108E+03 -4.37297E-03
3.79204E+03 -4.40768E-03
3.79301E+03 -4.48849E-03
3.79397E+03 -4.49652E-03
3.79494E+03 -4.49179E-03
3.79590E+03 -4.43576E-03
3.79687E+03 -4.45876E-03
3.79783E+03 -4.48758E-03
3.79879E+03 -4.49382E-03
3.79976E+03 -4.52394E-03
3.80072E+03 -4.56076E-03
3.80169E+03 -4.56702E-03
3.80265E+03 -4.55813E-03
3.80362E+03 -4.59614E-03
3.80458E+03 -4.61975E-03
3.80554E+03 -4.63274E-03
3.80651E+03 -4.61684E-03
3.80747E+03 -4.60738E-03
3.80844E+03 -4.63188E-03
3.80940E+03 -4.58894E-03
3.81037E+03 -4.62200E-03
3.81133E+03 -4.65463E-03
3.81230E+03 -4.61325E-03
3.81326E+03 -4.63008E-03
3.81422E+03 -4.60182E-03
3.81519E+03 -4.61494E-03
3.81615E+03 -4.65735E-03
3.81712E+03 -4.61839E-03
3.81808E+03 -4.61473E-03
3.81905E+03 -4.63961E-03
3.82001E+03 -4.62078E-03
3.82098E+03 -4.61431E-03
3.82194E+03 -4.65482E-03
3.82290E+03 -4.66461E-03
3.82387E+03 -4.67249E-03
3.82483E+03 -4.69951E-03
3.82580E+03 -4.73351E-03
3.82676E+03 -4.73917E-03
3.82773E+03 -4.74244E-03
3.82869E+03 -4.75467E-03
3.82966E+03 -4.74359E-03
3.83062E+03 -4.78675E-03
3.83158E+03 -4.77865E-03
3.83255E+03 -4.71778E-03
3.83351E+03 -4.75287E-03
3.83448E+03 -4.74926E-03
3.83544E+03 -4.75524E-03
3.83641E+03 -4.76898E-03
3.83737E+03 -4.78316E-03
3.83833E+03 -4.81515E-03
3.83930E+03 -4.83709E-03
3.84026E+03 -4.81297E-03
3.84123E+03 -4.73191E-03
3.84219E+03 -4.76112E-03
3.84316E+03 -4.76879E-03
3.84412E+03 -4.79111E-03
3.84509E+03 -4.80643E-03
3.84605E+03 -4.78849E-03
3.84701E+03 -4.79381E-03
3.84798E+03 -4.80574E-03
3.84894E+03 -4.80727E-03
3.84991E+03 -4.74294E-03
3.85087E+03 -4.76364E-03
3.85184E+03 -4.76856E-03
3.85280E+03 -4.76219E-03
3.85377E+03 -4.79769E-03
3.85473E+03 -4.79773E-03
3.85569E+03 -4.80635E-03
3.85666E+03 -4.77619E-03
3.85762E+03 -4.77340E-03
3.85859E+03 -4.81022E-03
3.85955E+03 -4.81014E-03
3.86052E+03 -4.78864E-03
3.86148E+03 -4.76222E-03
3.86244E+03 -4.74711E-03
3.86341E+03 -4.75460E-03
3.86437E+03 -4.82636E-03
3.86534E+03 -4.85178E-03
3.86630E+03 -4.80179E-03
3.86727E+03 -4.77446E-03
3.86823E+03 -4.79189E-03
3.86920E+03 -4.81789E-03
3.87016E+03 -4.81060E-03
3.87112E+03 -4.83452E-03
3.87209E+03 -4.87025E-03
3.87305E+03 -4.87386E-03
3.87402E+03 -4.87280E-03
3.87498E+03 -4.94603E-03
3.87595E+03 -4.95358E-03
3.87691E+03 -4.89160E-03
3.87788E+03 -4.89273E-03
3.87884E+03 -4.92053E-03
3.87980E+03 -4.90338E-03
3.88077E+03 -4.86455E-03
3.88173E+03 -4.88560E-03
3.88270E+03 -4.90798E-03
3.88366E+03 -4.92558E-03
3.88463E+03 -4.93641E-03
3.88559E+03 -4.94965E-03
3.88655E+03 -5.00931E-03
3.88752E+03 -5.01236E-03
3.88848E+03 -4.96411E-03
3.88945E+03 -4.96825E-03
3.89041E+03 -4.97568E-03
3.89138E+03 -4.93208E-03
3.89234E+03 -5.01330E-03
3.89331E+03 -5.04777E-03
3.89427E+03 -4.97551E-03
3.89523E+03 -4.94282E-03
3.89620E+03 -4.93191E-03
3.89716E+03 -4.88696E-03
3.89813E+03 -4.89273E-03
3.89909E+03 -4.98259E-03
3.90006E+03 -4.98313E-03
3.90102E+03 -4.95093E-03
3.90199E+03 -4.94745E-03
3.90295E+03 -4.89933E-03
3.90391E+03 -4.80926E-03
3.90488E+03 -4.82681E-03
3.90584E+03 -4.93075E-03
3.90681E+03 -4.90650E-03
3.90777E+03 -4.82474E-03
3.90874E+03 -4.83754E-03
3.90970E+03 -4.85390E-03
3.91067E+03 -4.87683E-03
3.91163E+03 -4.88073E-03
3.91259E+03 -4.90211E-03
3.91356E+03 -4.93352E-03
3.91452E+03 -4.93718E-03
3.91549E+03 -4.88132E-03
3.91645E+03 -4.83912E-03
3.91742E+03 -4.83426E-03
3.91838E+03 -4.83368E-03
3.91934E+03 -4.78848E-03
3.92031E+03 -4.81360E-03
3.92127E+03 -4.87508E-03
3.92224E+03 -4.84711E-03
3.92320E+03 -4.78613E-03
3.92417E+03 -4.72365E-03
3.92513E+03 -4.76298E-03
3.92610E+03 -4.78265E-03
3.92706E+03 -4.74804E-03
3.92802E+03 -4.73783E-03
3.92899E+03 -4.78986E-03
3.92995E+03 -4.80356E-03
3.93092E+03 -4.81205E-03
3.93188E+03 -4.77105E-03
3.93285E+03 -4.71668E-03
3.93381E+03 -4.75980E-03
3.93478E+03 -4.73727E-03
3.93574E+03 -4.76067E-03
3.93670E+03 -4.78285E-03
3.93767E+03 -4.71120E-03
3.93863E+03 -4.70912E-03
3.93960E+03 -4.74520E-03
3.94056E+03 -4.72700E-03
3.94153E+03 -4.69101E-03
3.94249E+03 -4.66551E-03
3.94346E+03 -4.67962E-03
3.94442E+03 -4.69591E-03
3.94538E+03 -4.64178E-03
3.94635E+03 -4.63653E-03
3.94731E+03 -4.64571E-03
3.94828E+03 -4.58539E-03
3.94924E+03 -4.53601E-03
3.95021E+03 -4.58423E-03
3.95117E+03 -4.60979E-03
3.95213E+03 -4.62134E-03
3.95310E+03 -4.64519E-03
3.95406E+03 -4.62775E-03
3.95503E+03 -4.62463E-03
3.95599E+03 -4.58859E-03
3.95696E+03 -4.54837E-03
3.95792E+03 -4.56364E-03
3.95889E+03 -4.62051E-03
3.95985E+03 -4.59445E-03
3.96081E+03 -4.53693E-03
3.96178E+03 -4.50461E-03
3.96274E+03 -4.52184E-03
3.96371E+03 -4.54447E-03
3.96467E+03 -4.49407E-03
3.96564E+03 -4.48127E-03
3.96660E+03 -4.52818E-03
3.96757E+03 -4.57583E-03
3.96853E+03 -4.52174E-03
3.96949E+03 -4.44157E-03
3.97046E+03 -4.43247E-03
3.97142E+03 -4.44010E-03
3.97239E+03 -4.41978E-03
3.97335E+03 -4.39500E-03
3.97432E+03 -4.41343E-03
3.97528E+03 -4.39344E-03
3.97624E+03 -4.38422E-03
3.97721E+03 -4.40552E-03
3.97817E+03 -4.42305E-03
3.97914E+03 -4.34480E-03
3.98010E+03 -4.31791E-03
3.98107E+03 -4.33027E-03
3.98203E+03 -4.31056E-03
3.98300E+03 -4.32978E-03
3.98396E+03 -4.36110E-03
3.98492E+03 -4.38337E-03
3.98589E+03 -4.31733E-03
3.98685E+03 -4.32937E-03
3.98782E+03 -4.36024E-03
3.98878E+03 -4.36015E-03
3.98975E+03 -4.33351E-03
3.99071E+03 -4.20996E-03
3.99168E+03 -4.18462E-03
3.99264E+03 -4.24734E-03
3.99360E+03 -4.22972E-03
3.99457E+03 -4.19982E-03
3.99553E+03 -4.15872E-03
3.99650E+03 -4.09130E-03
3.99746E+03 -4.13262E-03
3.99843E+03 -4.16540E-03
3.99939E+03 -4.15028E-03
4.00035E+03 -4.11015E-03
4.00132E+03 -4.07864E-03
