# {"full": "H2O:CH3OH:CO2 (0.9:0.3:1)", "name": "H2O:CH3OH:CO2", "ratio": "(0.9:0.3:1)", "url": "https://icedb.strw.leidenuniv.nl/data/51", "author": "Ehrenfreund et al."}
3.99264E+02 1.13247E-02
4.00228E+02 1.92604E-02
4.01193E+02 1.46873E-02
4.02157E+02 1.00133E-02
4.03122E+02 9.16846E-03
4.04086E+02 1.07596E-02
4.05050E+02 9.60294E-03
4.06015E+02 7.47652E-03
4.06979E+02 3.88687E-03
4.07944E+02 3.67405E-03
4.08908E+02 8.87826E-03
4.09872E+02 9.43670E-03
4.10837E+02 9.32438E-03
4.11801E+02 1.03704E-02
4.12766E+02 8.71034E-03
4.13730E+02 8.72567E-03
4.14694E+02 1.33736E-02
4.15659E+02 1.47684E-02
4.16623E+02 1.29794E-02
4.17588E+02 1.43586E-02
4.18552E+02 1.40558E-02
4.19516E+02 2.17161E-02
4.20481E+02 8.59755E-03
4.21445E+02 -2.48641E-02
4.22410E+02 -1.30356E-02
4.23374E+02 4.22809E-03
4.24339E+02 4.77000E-03
4.25303E+02 7.64532E-03
4.26267E+02 8.95602E-03
4.27232E+02 1.05897E-02
4.28196E+02 9.97580E-03
4.29161E+02 9.80336E-03
4.30125E+02 1.01647E-02
4.31089E+02 1.02126E-02
4.32054E+02 9.93237E-03
4.33018E+02 1.10234E-02
4.33983E+02 1.14391E-02
4.34947E+02 1.22046E-02
4.35911E+02 1.28962E-02
4.36876E+02 1.38413E-02
4.37840E+02 1.39382E-02
4.38805E+02 1.57108E-02
4.39769E+02 1.74015E-02
4.40733E+02 2.36240E-02
4.41698E+02 3.18788E-02
4.42662E+02 8.01617E-03
4.43627E+02 -5.61429E-03
4.44591E+02 3.41910E-03
4.45555E+02 4.93683E-03
4.46520E+02 6.49550E-03
4.47484E+02 6.88824E-03
4.48449E+02 8.07039E-03
4.49413E+02 8.36744E-03
4.50377E+02 8.49357E-03
4.51342E+02 8.86339E-03
4.52306E+02 9.11333E-03
4.53271E+02 9.12698E-03
4.54235E+02 9.60711E-03
4.55199E+02 9.40318E-03
4.56164E+02 9.88086E-03
4.57128E+02 9.91606E-03
4.58093E+02 9.24187E-03
4.59057E+02 9.19500E-03
4.60022E+02 9.42625E-03
4.60986E+02 9.59856E-03
4.61950E+02 1.01353E-02
4.62915E+02 9.35395E-03
4.63879E+02 7.76340E-03
4.64844E+02 8.14620E-03
4.65808E+02 8.53601E-03
4.66772E+02 8.54149E-03
4.67737E+02 8.88517E-03
4.68701E+02 9.01962E-03
4.69666E+02 9.18683E-03
4.70630E+02 9.56550E-03
4.71594E+02 9.14134E-03
4.72559E+02 8.80436E-03
4.73523E+02 9.05354E-03
4.74488E+02 8.93778E-03
4.75452E+02 9.15168E-03
4.76416E+02 9.63249E-03
4.77381E+02 9.33097E-03
4.78345E+02 8.73978E-03
4.79310E+02 8.90362E-03
4.80274E+02 9.29693E-03
4.81238E+02 9.47165E-03
4.82203E+02 9.51539E-03
4.83167E+02 9.68956E-03
4.84132E+02 9.83104E-03
4.85096E+02 1.01214E-02
4.86060E+02 1.02790E-02
4.87025E+02 1.03494E-02
4.87989E+02 1.04988E-02
4.88954E+02 1.07075E-02
4.89918E+02 1.09050E-02
4.90883E+02 1.12485E-02
4.91847E+02 1.14885E-02
4.92811E+02 1.15362E-02
4.93776E+02 1.16443E-02
4.94740E+02 1.17405E-02
4.95705E+02 1.22393E-02
4.96669E+02 1.26170E-02
4.97633E+02 1.46543E-02
4.98598E+02 1.46864E-02
4.99562E+02 1.20288E-02
5.00527E+02 1.19712E-02
5.01491E+02 1.23611E-02
5.02455E+02 1.26069E-02
5.03420E+02 1.28360E-02
5.04384E+02 1.32119E-02
5.05349E+02 1.36615E-02
5.06313E+02 1.36136E-02
5.07277E+02 1.37395E-02
5.08242E+02 1.40776E-02
5.09206E+02 1.42549E-02
5.10171E+02 1.44012E-02
5.11135E+02 1.46960E-02
5.12099E+02 1.48596E-02
5.13064E+02 1.47275E-02
5.14028E+02 1.50179E-02
5.14993E+02 1.53786E-02
5.15957E+02 1.56780E-02
5.16921E+02 1.58331E-02
5.17886E+02 1.64061E-02
5.18850E+02 1.61782E-02
5.19815E+02 1.41954E-02
5.20779E+02 1.48301E-02
5.21743E+02 1.61748E-02
5.22708E+02 1.63658E-02
5.23672E+02 1.66598E-02
5.24637E+02 1.69743E-02
5.25601E+02 1.73584E-02
5.26565E+02 1.74712E-02
5.27530E+02 1.75842E-02
5.28494E+02 1.77389E-02
5.29459E+02 1.81226E-02
5.30423E+02 1.84310E-02
5.31388E+02 1.86338E-02
5.32352E+02 1.88450E-02
5.33316E+02 1.87827E-02
5.34281E+02 1.90409E-02
5.35245E+02 1.93811E-02
5.36210E+02 1.94523E-02
5.37174E+02 1.98497E-02
5.38138E+02 2.01394E-02
5.39103E+02 2.04269E-02
5.40067E+02 2.05990E-02
5.41032E+02 2.06399E-02
5.41996E+02 2.09135E-02
5.42960E+02 2.11909E-02
5.43925E+02 2.13934E-02
5.44889E+02 2.16751E-02
5.45854E+02 2.19075E-02
5.46818E+02 2.22325E-02
5.47782E+02 2.25416E-02
5.48747E+02 2.27026E-02
5.49711E+02 2.29338E-02
5.50676E+02 2.31596E-02
5.51640E+02 2.34636E-02
5.52604E+02 2.37731E-02
5.53569E+02 2.42378E-02
5.54533E+02 2.39581E-02
5.55498E+02 2.37022E-02
5.56462E+02 2.42509E-02
5.57427E+02 2.46187E-02
5.58391E+02 2.49014E-02
5.59355E+02 2.51397E-02
5.60320E+02 2.53806E-02
5.61284E+02 2.57516E-02
5.62249E+02 2.62454E-02
5.63213E+02 2.65865E-02
5.64177E+02 2.68652E-02
5.65142E+02 2.70116E-02
5.66106E+02 2.72565E-02
5.67071E+02 2.76281E-02
5.68035E+02 2.78933E-02
5.68999E+02 2.82002E-02
5.69964E+02 2.85347E-02
5.70928E+02 2.88553E-02
5.71893E+02 2.90537E-02
5.72857E+02 2.94041E-02
5.73821E+02 2.98120E-02
5.74786E+02 3.04506E-02
5.75750E+02 3.11627E-02
5.76715E+02 3.10850E-02
5.77679E+02 3.11607E-02
5.78643E+02 3.15765E-02
5.79608E+02 3.18637E-02
5.80572E+02 3.22823E-02
5.81537E+02 3.27436E-02
5.82501E+02 3.29652E-02
5.83465E+02 3.32549E-02
5.84430E+02 3.37881E-02
5.85394E+02 3.42771E-02
5.86359E+02 3.47613E-02
5.87323E+02 3.52435E-02
5.88287E+02 3.56520E-02
5.89252E+02 3.60653E-02
5.90216E+02 3.64984E-02
5.91181E+02 3.69971E-02
5.92145E+02 3.76050E-02
5.93109E+02 3.80866E-02
5.94074E+02 3.85838E-02
5.95038E+02 3.91442E-02
5.96003E+02 3.93194E-02
5.96967E+02 3.98753E-02
5.97932E+02 4.08801E-02
5.98896E+02 4.15320E-02
5.99860E+02 4.21653E-02
6.00825E+02 4.27962E-02
6.01789E+02 4.34407E-02
6.02754E+02 4.40588E-02
6.03718E+02 4.47427E-02
6.04682E+02 4.54844E-02
6.05647E+02 4.62262E-02
6.06611E+02 4.69978E-02
6.07576E+02 4.77849E-02
6.08540E+02 4.86307E-02
6.09504E+02 4.95000E-02
6.10469E+02 5.04690E-02
6.11433E+02 5.13517E-02
6.12398E+02 5.21940E-02
6.13362E+02 5.31744E-02
6.14326E+02 5.41586E-02
6.15291E+02 5.52445E-02
6.16255E+02 5.64801E-02
6.17220E+02 5.76707E-02
6.18184E+02 5.88829E-02
6.19148E+02 6.03233E-02
6.20113E+02 6.17432E-02
6.21077E+02 6.32175E-02
6.22042E+02 6.49237E-02
6.23006E+02 6.66515E-02
6.23971E+02 6.84504E-02
6.24935E+02 7.05028E-02
6.25899E+02 7.26358E-02
6.26864E+02 7.49272E-02
6.27828E+02 7.74261E-02
6.28793E+02 8.01329E-02
6.29757E+02 8.30322E-02
6.30721E+02 8.61809E-02
6.31686E+02 8.98293E-02
6.32650E+02 9.34487E-02
6.33615E+02 9.73718E-02
6.34579E+02 1.01974E-01
6.35543E+02 1.07155E-01
6.36508E+02 1.13094E-01
6.37472E+02 1.19481E-01
6.38437E+02 1.26597E-01
6.39401E+02 1.34411E-01
6.40365E+02 1.42589E-01
6.41330E+02 1.51333E-01
6.42294E+02 1.60418E-01
6.43259E+02 1.69566E-01
6.44223E+02 1.78872E-01
6.45187E+02 1.88233E-01
6.46152E+02 1.97278E-01
6.47116E+02 2.06025E-01
6.48081E+02 2.14464E-01
6.49045E+02 2.22773E-01
6.50009E+02 2.31212E-01
6.50974E+02 2.40484E-01
6.51938E+02 2.51068E-01
6.52903E+02 2.62703E-01
6.53867E+02 2.74657E-01
6.54831E+02 2.84415E-01
6.55796E+02 2.90025E-01
6.56760E+02 2.90691E-01
6.57725E+02 2.86248E-01
6.58689E+02 2.77817E-01
6.59654E+02 2.66379E-01
6.60618E+02 2.52632E-01
6.61582E+02 2.37313E-01
6.62547E+02 2.21000E-01
6.63511E+02 2.04020E-01
6.64476E+02 1.86751E-01
6.65440E+02 1.69629E-01
6.66404E+02 1.52900E-01
6.67369E+02 1.36482E-01
6.68333E+02 1.20353E-01
6.69298E+02 1.04611E-01
6.70262E+02 8.93673E-02
6.71226E+02 7.56112E-02
6.72191E+02 6.46091E-02
6.73155E+02 5.67935E-02
6.74120E+02 5.16519E-02
6.75084E+02 4.84313E-02
6.76048E+02 4.64304E-02
6.77013E+02 4.53088E-02
6.77977E+02 4.45886E-02
6.78942E+02 4.41005E-02
6.79906E+02 4.38501E-02
6.80870E+02 4.37448E-02
6.81835E+02 4.37723E-02
6.82799E+02 4.38652E-02
6.83764E+02 4.40492E-02
6.84728E+02 4.42905E-02
6.85692E+02 4.45729E-02
6.86657E+02 4.48420E-02
6.87621E+02 4.50760E-02
6.88586E+02 4.53251E-02
6.89550E+02 4.56227E-02
6.90514E+02 4.59644E-02
6.91479E+02 4.63117E-02
6.92443E+02 4.67122E-02
6.93408E+02 4.70180E-02
6.94372E+02 4.71887E-02
6.95337E+02 4.76561E-02
6.96301E+02 4.81433E-02
6.97265E+02 4.84801E-02
6.98230E+02 4.89434E-02
6.99194E+02 4.91112E-02
7.00159E+02 4.92981E-02
7.01123E+02 4.94952E-02
7.02087E+02 5.00457E-02
7.03052E+02 5.07545E-02
7.04016E+02 5.10416E-02
7.04981E+02 5.13351E-02
7.05945E+02 5.16928E-02
7.06909E+02 5.19896E-02
7.07874E+02 5.26013E-02
7.08838E+02 5.28937E-02
7.09803E+02 5.25688E-02
7.10767E+02 5.29809E-02
7.11731E+02 5.34832E-02
7.12696E+02 5.37477E-02
7.13660E+02 5.40737E-02
7.14625E+02 5.44048E-02
7.15589E+02 5.47491E-02
7.16553E+02 5.50456E-02
7.17518E+02 5.53366E-02
7.18482E+02 5.56620E-02
7.19447E+02 5.59921E-02
7.20411E+02 5.62804E-02
7.21375E+02 5.65591E-02
7.22340E+02 5.68154E-02
7.23304E+02 5.70036E-02
7.24269E+02 5.72138E-02
7.25233E+02 5.75285E-02
7.26198E+02 5.78065E-02
7.27162E+02 5.80709E-02
7.28126E+02 5.83478E-02
7.29091E+02 5.86885E-02
7.30055E+02 5.88804E-02
7.31020E+02 5.88979E-02
7.31984E+02 5.90900E-02
7.32948E+02 5.93020E-02
7.33913E+02 5.95270E-02
7.34877E+02 5.97727E-02
7.35842E+02 5.99047E-02
7.36806E+02 6.01097E-02
7.37770E+02 6.03417E-02
7.38735E+02 6.04876E-02
7.39699E+02 6.07011E-02
7.40664E+02 6.08794E-02
7.41628E+02 6.10037E-02
7.42592E+02 6.11977E-02
7.43557E+02 6.13382E-02
7.44521E+02 6.14515E-02
7.45486E+02 6.15735E-02
7.46450E+02 6.16737E-02
7.47414E+02 6.17852E-02
7.48379E+02 6.18914E-02
7.49343E+02 6.20070E-02
7.50308E+02 6.20817E-02
7.51272E+02 6.23294E-02
7.52236E+02 6.25785E-02
7.53201E+02 6.26253E-02
7.54165E+02 6.26934E-02
7.55130E+02 6.27560E-02
7.56094E+02 6.27724E-02
7.57058E+02 6.27791E-02
7.58023E+02 6.27553E-02
7.58987E+02 6.28200E-02
7.59952E+02 6.29651E-02
7.60916E+02 6.30251E-02
7.61880E+02 6.30631E-02
7.62845E+02 6.30772E-02
7.63809E+02 6.30286E-02
7.64774E+02 6.30711E-02
7.65738E+02 6.32023E-02
7.66703E+02 6.32054E-02
7.67667E+02 6.31869E-02
7.68631E+02 6.31687E-02
7.69596E+02 6.31134E-02
7.70560E+02 6.30571E-02
7.71525E+02 6.30855E-02
7.72489E+02 6.30867E-02
7.73453E+02 6.30211E-02
7.74418E+02 6.30375E-02
7.75382E+02 6.29945E-02
7.76347E+02 6.29095E-02
7.77311E+02 6.28128E-02
7.78275E+02 6.27473E-02
7.79240E+02 6.27036E-02
7.80204E+02 6.25834E-02
7.81169E+02 6.24754E-02
7.82133E+02 6.23892E-02
7.83097E+02 6.22668E-02
7.84062E+02 6.21793E-02
7.85026E+02 6.21154E-02
7.85991E+02 6.18997E-02
7.86955E+02 6.17351E-02
7.87919E+02 6.17211E-02
7.88884E+02 6.16393E-02
7.89848E+02 6.14932E-02
7.90813E+02 6.13354E-02
7.91777E+02 6.11777E-02
7.92742E+02 6.10860E-02
7.93706E+02 6.09114E-02
7.94670E+02 6.06605E-02
7.95635E+02 6.04811E-02
7.96599E+02 6.03272E-02
7.97564E+02 6.01761E-02
7.98528E+02 6.00229E-02
7.99492E+02 5.98382E-02
8.00457E+02 5.95978E-02
8.01421E+02 5.93493E-02
8.02386E+02 5.91171E-02
8.03350E+02 5.89289E-02
8.04314E+02 5.86993E-02
8.05279E+02 5.84204E-02
8.06243E+02 5.81568E-02
8.07208E+02 5.79965E-02
8.08172E+02 5.78353E-02
8.09136E+02 5.75592E-02
8.10101E+02 5.72740E-02
8.11065E+02 5.70192E-02
8.12030E+02 5.67211E-02
8.12994E+02 5.64631E-02
8.13958E+02 5.62403E-02
8.14923E+02 5.58696E-02
8.15887E+02 5.55282E-02
8.16852E+02 5.52355E-02
8.17816E+02 5.49196E-02
8.18780E+02 5.45643E-02
8.19745E+02 5.42615E-02
8.20709E+02 5.39848E-02
8.21674E+02 5.36233E-02
8.22638E+02 5.32690E-02
8.23602E+02 5.29453E-02
8.24567E+02 5.26018E-02
8.25531E+02 5.22767E-02
8.26496E+02 5.19573E-02
8.27460E+02 5.15695E-02
8.28424E+02 5.11496E-02
8.29389E+02 5.08480E-02
8.30353E+02 5.05411E-02
8.31318E+02 5.01512E-02
8.32282E+02 4.97986E-02
8.33247E+02 4.94055E-02
8.34211E+02 4.90227E-02
8.35175E+02 4.86187E-02
8.36140E+02 4.81894E-02
8.37104E+02 4.78000E-02
8.38069E+02 4.74317E-02
8.39033E+02 4.70436E-02
8.39997E+02 4.66012E-02
8.40962E+02 4.60889E-02
8.41926E+02 4.56570E-02
8.42891E+02 4.54585E-02
8.43855E+02 4.50540E-02
8.44819E+02 4.45540E-02
8.45784E+02 4.41447E-02
8.46748E+02 4.37092E-02
8.47713E+02 4.32602E-02
8.48677E+02 4.27716E-02
8.49641E+02 4.23466E-02
8.50606E+02 4.20079E-02
8.51570E+02 4.16065E-02
8.52535E+02 4.11509E-02
8.53499E+02 4.07152E-02
8.54463E+02 4.03050E-02
8.55428E+02 3.99711E-02
8.56392E+02 3.94201E-02
8.57357E+02 3.88494E-02
8.58321E+02 3.84180E-02
8.59286E+02 3.80435E-02
8.60250E+02 3.79708E-02
8.61214E+02 3.76635E-02
8.62179E+02 3.68081E-02
8.63143E+02 3.58731E-02
8.64108E+02 3.54694E-02
8.65072E+02 3.54004E-02
8.66036E+02 3.49369E-02
8.67001E+02 3.44188E-02
8.67965E+02 3.40024E-02
8.68930E+02 3.36039E-02
8.69894E+02 3.31748E-02
8.70858E+02 3.26679E-02
8.71823E+02 3.21566E-02
8.72787E+02 3.16640E-02
8.73752E+02 3.12586E-02
8.74716E+02 3.08417E-02
8.75680E+02 3.03037E-02
8.76645E+02 2.98645E-02
8.77609E+02 2.94867E-02
8.78574E+02 2.90069E-02
8.79538E+02 2.85357E-02
8.80502E+02 2.81032E-02
8.81467E+02 2.76734E-02
8.82431E+02 2.72021E-02
8.83396E+02 2.68260E-02
8.84360E+02 2.64643E-02
8.85324E+02 2.57846E-02
8.86289E+02 2.51803E-02
8.87253E+02 2.48034E-02
8.88218E+02 2.43867E-02
8.89182E+02 2.39772E-02
8.90146E+02 2.35343E-02
8.91111E+02 2.30902E-02
8.92075E+02 2.27656E-02
8.93040E+02 2.23512E-02
8.94004E+02 2.18998E-02
8.94969E+02 2.14726E-02
8.95933E+02 2.10166E-02
8.96897E+02 2.06329E-02
8.97862E+02 2.01983E-02
8.98826E+02 1.96869E-02
8.99791E+02 1.92311E-02
9.00755E+02 1.88482E-02
9.01719E+02 1.84310E-02
9.02684E+02 1.79721E-02
9.03648E+02 1.75523E-02
9.04613E+02 1.71590E-02
9.05577E+02 1.65521E-02
9.06541E+02 1.61968E-02
9.07506E+02 1.59650E-02
9.08470E+02 1.55430E-02
9.09435E+02 1.51008E-02
9.10399E+02 1.45995E-02
9.11363E+02 1.41801E-02
9.12328E+02 1.39048E-02
9.13292E+02 1.35037E-02
9.14257E+02 1.30733E-02
9.15221E+02 1.26688E-02
9.16185E+02 1.22506E-02
9.17150E+02 1.19118E-02
9.18114E+02 1.15703E-02
9.19079E+02 1.11198E-02
9.20043E+02 1.04976E-02
9.21007E+02 1.01335E-02
9.21972E+02 9.77676E-03
9.22936E+02 9.39368E-03
9.23901E+02 9.08011E-03
9.24865E+02 8.66451E-03
9.25829E+02 8.18447E-03
9.26794E+02 7.87650E-03
9.27758E+02 7.64393E-03
9.28723E+02 7.24899E-03
9.29687E+02 6.89219E-03
9.30651E+02 6.50778E-03
9.31616E+02 6.07511E-03
9.32580E+02 5.72662E-03
9.33545E+02 5.33138E-03
9.34509E+02 4.92678E-03
9.35474E+02 4.60114E-03
9.36438E+02 4.23600E-03
9.37402E+02 3.87138E-03
9.38367E+02 3.54660E-03
9.39331E+02 3.14033E-03
9.40296E+02 2.88137E-03
9.41260E+02 2.79592E-03
9.42224E+02 2.36643E-03
9.43189E+02 1.89367E-03
9.44153E+02 1.51613E-03
9.45118E+02 1.16324E-03
9.46082E+02 8.15988E-04
9.47046E+02 4.90222E-04
9.48011E+02 2.20533E-04
9.48975E+02 -1.28906E-04
9.49940E+02 -4.65982E-04
9.50904E+02 -7.66069E-04
9.51868E+02 -1.07113E-03
9.52833E+02 -1.40078E-03
9.53797E+02 -1.68317E-03
9.54762E+02 -1.95361E-03
9.55726E+02 -2.30815E-03
9.56690E+02 -2.63060E-03
9.57655E+02 -2.93022E-03
9.58619E+02 -3.20662E-03
9.59584E+02 -3.45214E-03
9.60548E+02 -3.77670E-03
9.61513E+02 -4.29058E-03
9.62477E+02 -4.47464E-03
9.63441E+02 -4.46781E-03
9.64406E+02 -4.75147E-03
9.65370E+02 -5.00334E-03
9.66335E+02 -5.24091E-03
9.67299E+02 -5.45324E-03
9.68263E+02 -5.69310E-03
9.69228E+02 -6.02071E-03
9.70192E+02 -6.23726E-03
9.71157E+02 -6.37982E-03
9.72121E+02 -6.60567E-03
9.73085E+02 -6.83327E-03
9.74050E+02 -7.06403E-03
9.75014E+02 -7.24881E-03
9.75979E+02 -7.30581E-03
9.76943E+02 -7.44987E-03
9.77907E+02 -7.62851E-03
9.78872E+02 -7.75369E-03
9.79836E+02 -7.87726E-03
9.80801E+02 -7.99688E-03
9.81765E+02 -8.09649E-03
9.82729E+02 -8.10790E-03
9.83694E+02 -8.19103E-03
9.84658E+02 -8.29945E-03
9.85623E+02 -8.34062E-03
9.86587E+02 -8.33974E-03
9.87551E+02 -8.25866E-03
9.88516E+02 -8.19075E-03
9.89480E+02 -8.05630E-03
9.90445E+02 -7.79421E-03
9.91409E+02 -7.47161E-03
9.92373E+02 -7.05007E-03
9.93338E+02 -6.41025E-03
9.94302E+02 -5.53935E-03
9.95267E+02 -4.52272E-03
9.96231E+02 -3.36504E-03
9.97195E+02 -1.60716E-03
9.98160E+02 6.26180E-04
9.99124E+02 3.01861E-03
1.00009E+03 5.83700E-03
1.00105E+03 9.13934E-03
1.00202E+03 1.28411E-02
1.00298E+03 1.68866E-02
1.00395E+03 2.13905E-02
1.00491E+03 2.61814E-02
1.00588E+03 3.10453E-02
1.00684E+03 3.60004E-02
1.00780E+03 4.09679E-02
1.00877E+03 4.57941E-02
1.00973E+03 5.04409E-02
1.01070E+03 5.48205E-02
1.01166E+03 5.87888E-02
1.01263E+03 6.23384E-02
1.01359E+03 6.54349E-02
1.01455E+03 6.80540E-02
1.01552E+03 7.01309E-02
1.01648E+03 7.16937E-02
1.01745E+03 7.28310E-02
1.01841E+03 7.28523E-02
1.01938E+03 7.24338E-02
1.02034E+03 7.20573E-02
1.02131E+03 7.11061E-02
1.02227E+03 6.97881E-02
1.02323E+03 6.81167E-02
1.02420E+03 6.62236E-02
1.02516E+03 6.40272E-02
1.02613E+03 6.14654E-02
1.02709E+03 5.88300E-02
1.02806E+03 5.60296E-02
1.02902E+03 5.30803E-02
1.02999E+03 4.99693E-02
1.03095E+03 4.67813E-02
1.03191E+03 4.36258E-02
1.03288E+03 4.02185E-02
1.03384E+03 3.66638E-02
1.03481E+03 3.31498E-02
1.03577E+03 2.96357E-02
1.03674E+03 2.61670E-02
1.03770E+03 2.26089E-02
1.03866E+03 1.93062E-02
1.03963E+03 1.60751E-02
1.04059E+03 1.26406E-02
1.04156E+03 9.51856E-03
1.04252E+03 6.66007E-03
1.04349E+03 4.04169E-03
1.04445E+03 1.62557E-03
1.04542E+03 -6.77172E-04
1.04638E+03 -2.72189E-03
1.04734E+03 -4.45265E-03
1.04831E+03 -6.01365E-03
1.04927E+03 -7.26758E-03
1.05024E+03 -8.37511E-03
1.05120E+03 -9.31637E-03
1.05217E+03 -1.02399E-02
1.05313E+03 -1.11038E-02
1.05410E+03 -1.13810E-02
1.05506E+03 -1.16266E-02
1.05602E+03 -1.19410E-02
1.05699E+03 -1.21451E-02
1.05795E+03 -1.23065E-02
1.05892E+03 -1.24789E-02
1.05988E+03 -1.25812E-02
1.06085E+03 -1.26730E-02
1.06181E+03 -1.28229E-02
1.06278E+03 -1.29064E-02
1.06374E+03 -1.29995E-02
1.06470E+03 -1.30596E-02
1.06567E+03 -1.31087E-02
1.06663E+03 -1.32677E-02
1.06760E+03 -1.33351E-02
1.06856E+03 -1.32100E-02
1.06953E+03 -1.31932E-02
1.07049E+03 -1.32558E-02
1.07145E+03 -1.33036E-02
1.07242E+03 -1.33846E-02
1.07338E+03 -1.34628E-02
1.07435E+03 -1.31087E-02
1.07531E+03 -1.29314E-02
1.07628E+03 -1.31397E-02
1.07724E+03 -1.31421E-02
1.07821E+03 -1.31416E-02
1.07917E+03 -1.31823E-02
1.08013E+03 -1.32258E-02
1.08110E+03 -1.32640E-02
1.08206E+03 -1.33543E-02
1.08303E+03 -1.34447E-02
1.08399E+03 -1.35152E-02
1.08496E+03 -1.35605E-02
1.08592E+03 -1.36096E-02
1.08689E+03 -1.36543E-02
1.08785E+03 -1.35818E-02
1.08881E+03 -1.35280E-02
1.08978E+03 -1.35525E-02
1.09074E+03 -1.35637E-02
1.09171E+03 -1.36002E-02
1.09267E+03 -1.35964E-02
1.09364E+03 -1.35887E-02
1.09460E+03 -1.35490E-02
1.09556E+03 -1.33066E-02
1.09653E+03 -1.31884E-02
1.09749E+03 -1.31565E-02
1.09846E+03 -1.30076E-02
1.09942E+03 -1.28341E-02
1.10039E+03 -1.25925E-02
1.10135E+03 -1.23056E-02
1.10232E+03 -1.20207E-02
1.10328E+03 -1.16803E-02
1.10424E+03 -1.12566E-02
1.10521E+03 -1.08110E-02
1.10617E+03 -1.03263E-02
1.10714E+03 -9.76722E-03
1.10810E+03 -9.12123E-03
1.10907E+03 -8.42325E-03
1.11003E+03 -7.72649E-03
1.11100E+03 -7.01112E-03
1.11196E+03 -6.24384E-03
1.11292E+03 -5.47778E-03
1.11389E+03 -4.72443E-03
1.11485E+03 -4.01749E-03
1.11582E+03 -3.40817E-03
1.11678E+03 -2.73879E-03
1.11775E+03 -2.07034E-03
1.11871E+03 -1.57773E-03
1.11968E+03 -1.18629E-03
1.12064E+03 -8.78584E-04
1.12160E+03 -6.66194E-04
1.12257E+03 -5.46090E-04
1.12353E+03 -5.54200E-04
1.12450E+03 -6.82633E-04
1.12546E+03 -9.03118E-04
1.12643E+03 -1.26249E-03
1.12739E+03 -1.69256E-03
1.12835E+03 -2.19284E-03
1.12932E+03 -2.83788E-03
1.13028E+03 -3.64864E-03
1.13125E+03 -4.48500E-03
1.13221E+03 -5.26231E-03
1.13318E+03 -6.11559E-03
1.13414E+03 -7.02682E-03
1.13511E+03 -7.86165E-03
1.13607E+03 -8.65295E-03
1.13703E+03 -9.41524E-03
1.13800E+03 -1.01523E-02
1.13896E+03 -1.09116E-02
1.13993E+03 -1.15849E-02
1.14089E+03 -1.21062E-02
1.14186E+03 -1.25711E-02
1.14282E+03 -1.30270E-02
1.14379E+03 -1.33803E-02
1.14475E+03 -1.36622E-02
1.14571E+03 -1.38883E-02
1.14668E+03 -1.40640E-02
1.14764E+03 -1.41783E-02
1.14861E+03 -1.42621E-02
1.14957E+03 -1.43442E-02
1.15054E+03 -1.43654E-02
1.15150E+03 -1.44929E-02
1.15246E+03 -1.46065E-02
1.15343E+03 -1.44968E-02
1.15439E+03 -1.43818E-02
1.15536E+03 -1.42745E-02
1.15632E+03 -1.41509E-02
1.15729E+03 -1.40290E-02
1.15825E+03 -1.38684E-02
1.15922E+03 -1.37609E-02
1.16018E+03 -1.37051E-02
1.16114E+03 -1.36435E-02
1.16211E+03 -1.36512E-02
1.16307E+03 -1.37354E-02
1.16404E+03 -1.38263E-02
1.16500E+03 -1.39239E-02
1.16597E+03 -1.40833E-02
1.16693E+03 -1.42519E-02
1.16790E+03 -1.43424E-02
1.16886E+03 -1.44543E-02
1.16982E+03 -1.45456E-02
1.17079E+03 -1.46241E-02
1.17175E+03 -1.46971E-02
1.17272E+03 -1.47477E-02
1.17368E+03 -1.48427E-02
1.17465E+03 -1.49191E-02
1.17561E+03 -1.49634E-02
1.17657E+03 -1.49873E-02
1.17754E+03 -1.50015E-02
1.17850E+03 -1.49925E-02
1.17947E+03 -1.50136E-02
1.18043E+03 -1.50348E-02
1.18140E+03 -1.50213E-02
1.18236E+03 -1.50270E-02
1.18333E+03 -1.50115E-02
1.18429E+03 -1.50293E-02
1.18525E+03 -1.50450E-02
1.18622E+03 -1.50958E-02
1.18718E+03 -1.51427E-02
1.18815E+03 -1.51042E-02
1.18911E+03 -1.50969E-02
1.19008E+03 -1.51081E-02
1.19104E+03 -1.51249E-02
1.19201E+03 -1.51298E-02
1.19297E+03 -1.51073E-02
1.19393E+03 -1.50995E-02
1.19490E+03 -1.51270E-02
1.19586E+03 -1.51250E-02
1.19683E+03 -1.51104E-02
1.19779E+03 -1.50945E-02
1.19876E+03 -1.50881E-02
1.19972E+03 -1.50677E-02
1.20069E+03 -1.50736E-02
1.20165E+03 -1.50967E-02
1.20261E+03 -1.50759E-02
1.20358E+03 -1.50846E-02
1.20454E+03 -1.50842E-02
1.20551E+03 -1.50501E-02
1.20647E+03 -1.50190E-02
1.20744E+03 -1.50279E-02
1.20840E+03 -1.51002E-02
1.20936E+03 -1.51045E-02
1.21033E+03 -1.50857E-02
1.21129E+03 -1.50824E-02
1.21226E+03 -1.50824E-02
1.21322E+03 -1.50602E-02
1.21419E+03 -1.50334E-02
1.21515E+03 -1.50209E-02
1.21612E+03 -1.50277E-02
1.21708E+03 -1.50289E-02
1.21804E+03 -1.50459E-02
1.21901E+03 -1.50628E-02
1.21997E+03 -1.50466E-02
1.22094E+03 -1.50113E-02
1.22190E+03 -1.50082E-02
1.22287E+03 -1.49948E-02
1.22383E+03 -1.49932E-02
1.22480E+03 -1.49872E-02
1.22576E+03 -1.50164E-02
1.22672E+03 -1.49880E-02
1.22769E+03 -1.49857E-02
1.22865E+03 -1.49233E-02
1.22962E+03 -1.49253E-02
1.23058E+03 -1.48719E-02
1.23155E+03 -1.49422E-02
1.23251E+03 -1.46012E-02
1.23347E+03 -1.51936E-02
1.23444E+03 -1.65228E-02
1.23540E+03 -1.53363E-02
1.23637E+03 -1.46342E-02
1.23733E+03 -1.48540E-02
1.23830E+03 -1.47784E-02
1.23926E+03 -1.48186E-02
1.24023E+03 -1.47643E-02
1.24119E+03 -1.48229E-02
1.24215E+03 -1.47603E-02
1.24312E+03 -1.46506E-02
1.24408E+03 -1.46924E-02
1.24505E+03 -1.47830E-02
1.24601E+03 -1.47756E-02
1.24698E+03 -1.47958E-02
1.24794E+03 -1.48099E-02
1.24891E+03 -1.47989E-02
1.24987E+03 -1.47854E-02
1.25083E+03 -1.47955E-02
1.25180E+03 -1.47917E-02
1.25276E+03 -1.47785E-02
1.25373E+03 -1.47539E-02
1.25469E+03 -1.47260E-02
1.25566E+03 -1.47208E-02
1.25662E+03 -1.47236E-02
1.25759E+03 -1.46625E-02
1.25855E+03 -1.46395E-02
1.25951E+03 -1.46549E-02
1.26048E+03 -1.46320E-02
1.26144E+03 -1.45679E-02
1.26241E+03 -1.45782E-02
1.26337E+03 -1.46029E-02
1.26434E+03 -1.45450E-02
1.26530E+03 -1.45268E-02
1.26626E+03 -1.45304E-02
1.26723E+03 -1.45002E-02
1.26819E+03 -1.44592E-02
1.26916E+03 -1.44173E-02
1.27012E+03 -1.44052E-02
1.27109E+03 -1.43670E-02
1.27205E+03 -1.42813E-02
1.27302E+03 -1.42150E-02
1.27398E+03 -1.41844E-02
1.27494E+03 -1.41448E-02
1.27591E+03 -1.40962E-02
1.27687E+03 -1.41320E-02
1.27784E+03 -1.42210E-02
1.27880E+03 -1.42707E-02
1.27977E+03 -1.42903E-02
1.28073E+03 -1.43161E-02
1.28170E+03 -1.43390E-02
1.28266E+03 -1.43415E-02
1.28362E+03 -1.43333E-02
1.28459E+03 -1.43285E-02
1.28555E+03 -1.43361E-02
1.28652E+03 -1.43306E-02
1.28748E+03 -1.43041E-02
1.28845E+03 -1.42653E-02
1.28941E+03 -1.42412E-02
1.29037E+03 -1.42319E-02
1.29134E+03 -1.42343E-02
1.29230E+03 -1.42039E-02
1.29327E+03 -1.42126E-02
1.29423E+03 -1.42227E-02
1.29520E+03 -1.41832E-02
1.29616E+03 -1.41434E-02
1.29713E+03 -1.41268E-02
1.29809E+03 -1.41156E-02
1.29905E+03 -1.40757E-02
1.30002E+03 -1.40655E-02
1.30098E+03 -1.40708E-02
1.30195E+03 -1.40434E-02
1.30291E+03 -1.40327E-02
1.30388E+03 -1.40253E-02
1.30484E+03 -1.40219E-02
1.30581E+03 -1.40305E-02
1.30677E+03 -1.39683E-02
1.30773E+03 -1.38851E-02
1.30870E+03 -1.38360E-02
1.30966E+03 -1.38405E-02
1.31063E+03 -1.38323E-02
1.31159E+03 -1.38196E-02
1.31256E+03 -1.37904E-02
1.31352E+03 -1.37505E-02
1.31448E+03 -1.37559E-02
1.31545E+03 -1.37482E-02
1.31641E+03 -1.37413E-02
1.31738E+03 -1.36956E-02
1.31834E+03 -1.36867E-02
1.31931E+03 -1.37041E-02
1.32027E+03 -1.36670E-02
1.32124E+03 -1.36447E-02
1.32220E+03 -1.36343E-02
1.32316E+03 -1.36141E-02
1.32413E+03 -1.36140E-02
1.32509E+03 -1.36155E-02
1.32606E+03 -1.35955E-02
1.32702E+03 -1.35717E-02
1.32799E+03 -1.35474E-02
1.32895E+03 -1.35141E-02
1.32992E+03 -1.34542E-02
1.33088E+03 -1.33893E-02
1.33184E+03 -1.33595E-02
1.33281E+03 -1.33210E-02
1.33377E+03 -1.32591E-02
1.33474E+03 -1.31782E-02
1.33570E+03 -1.30889E-02
1.33667E+03 -1.30198E-02
1.33763E+03 -1.29602E-02
1.33860E+03 -1.28785E-02
1.33956E+03 -1.28259E-02
1.34052E+03 -1.27808E-02
1.34149E+03 -1.27115E-02
1.34245E+03 -1.27071E-02
1.34342E+03 -1.28710E-02
1.34438E+03 -1.28509E-02
1.34535E+03 -1.25742E-02
1.34631E+03 -1.24739E-02
1.34727E+03 -1.24598E-02
1.34824E+03 -1.24452E-02
1.34920E+03 -1.25273E-02
1.35017E+03 -1.25683E-02
1.35113E+03 -1.24333E-02
1.35210E+03 -1.23450E-02
1.35306E+03 -1.24321E-02
1.35403E+03 -1.25223E-02
1.35499E+03 -1.25425E-02
1.35595E+03 -1.25037E-02
1.35692E+03 -1.24599E-02
1.35788E+03 -1.24262E-02
1.35885E+03 -1.23837E-02
1.35981E+03 -1.23427E-02
1.36078E+03 -1.23063E-02
1.36174E+03 -1.22245E-02
1.36271E+03 -1.20935E-02
1.36367E+03 -1.20060E-02
1.36463E+03 -1.19526E-02
1.36560E+03 -1.18768E-02
1.36656E+03 -1.17688E-02
1.36753E+03 -1.16822E-02
1.36849E+03 -1.16151E-02
1.36946E+03 -1.15002E-02
1.37042E+03 -1.13613E-02
1.37138E+03 -1.12452E-02
1.37235E+03 -1.11038E-02
1.37331E+03 -1.09416E-02
1.37428E+03 -1.07532E-02
1.37524E+03 -1.05160E-02
1.37621E+03 -1.02455E-02
1.37717E+03 -9.93436E-03
1.37814E+03 -9.59562E-03
1.37910E+03 -9.15911E-03
1.38006E+03 -8.59169E-03
1.38103E+03 -8.00817E-03
1.38199E+03 -7.60566E-03
1.38296E+03 -7.57083E-03
1.38392E+03 -7.84670E-03
1.38489E+03 -8.17281E-03
1.38585E+03 -8.37442E-03
1.38682E+03 -8.40406E-03
1.38778E+03 -8.30235E-03
1.38874E+03 -8.11961E-03
1.38971E+03 -7.90199E-03
1.39067E+03 -7.66709E-03
1.39164E+03 -7.40615E-03
1.39260E+03 -7.12524E-03
1.39357E+03 -6.83626E-03
1.39453E+03 -6.53977E-03
1.39550E+03 -6.21179E-03
1.39646E+03 -5.91686E-03
1.39742E+03 -5.60869E-03
1.39839E+03 -5.23075E-03
1.39935E+03 -4.85158E-03
1.40032E+03 -4.47841E-03
1.40128E+03 -4.12919E-03
1.40225E+03 -3.79106E-03
1.40321E+03 -3.46041E-03
1.40417E+03 -3.07554E-03
1.40514E+03 -2.70206E-03
1.40610E+03 -2.40263E-03
1.40707E+03 -2.05042E-03
1.40803E+03 -1.69237E-03
1.40900E+03 -1.37781E-03
1.40996E+03 -1.07895E-03
1.41093E+03 -7.61356E-04
1.41189E+03 -4.58013E-04
1.41285E+03 -1.90545E-04
1.41382E+03 7.49677E-05
1.41478E+03 3.10183E-04
1.41575E+03 5.22610E-04
1.41671E+03 7.11348E-04
1.41768E+03 8.77131E-04
1.41864E+03 9.88416E-04
1.41961E+03 1.08863E-03
1.42057E+03 1.21898E-03
1.42153E+03 1.30408E-03
1.42250E+03 1.34016E-03
1.42346E+03 1.37778E-03
1.42443E+03 1.39450E-03
1.42539E+03 1.33012E-03
1.42636E+03 1.20084E-03
1.42732E+03 1.07701E-03
1.42828E+03 9.50333E-04
1.42925E+03 7.48392E-04
1.43021E+03 5.18661E-04
1.43118E+03 3.00948E-04
1.43214E+03 2.56225E-05
1.43311E+03 -2.92934E-04
1.43407E+03 -6.28989E-04
1.43504E+03 -9.75184E-04
1.43600E+03 -1.32254E-03
1.43696E+03 -1.70949E-03
1.43793E+03 -2.07254E-03
1.43889E+03 -2.36339E-03
1.43986E+03 -2.56618E-03
1.44082E+03 -2.61208E-03
1.44179E+03 -2.46897E-03
1.44275E+03 -2.11886E-03
1.44372E+03 -1.59343E-03
1.44468E+03 -9.60659E-04
1.44564E+03 -2.52470E-04
1.44661E+03 3.97682E-04
1.44757E+03 9.53089E-04
1.44854E+03 1.40677E-03
1.44950E+03 1.63474E-03
1.45047E+03 1.63665E-03
1.45143E+03 1.44533E-03
1.45240E+03 1.06268E-03
1.45336E+03 5.60597E-04
1.45432E+03 6.48685E-05
1.45529E+03 -3.45394E-04
1.45625E+03 -5.19387E-04
1.45722E+03 -3.18579E-04
1.45818E+03 3.10585E-04
1.45915E+03 1.27298E-03
1.46011E+03 2.43311E-03
1.46107E+03 3.73060E-03
1.46204E+03 4.89471E-03
1.46300E+03 5.68642E-03
1.46397E+03 6.13077E-03
1.46493E+03 6.17958E-03
1.46590E+03 5.78407E-03
1.46686E+03 5.01300E-03
1.46783E+03 3.99443E-03
1.46879E+03 2.94777E-03
1.46975E+03 2.12348E-03
1.47072E+03 1.77127E-03
1.47168E+03 2.10902E-03
1.47265E+03 3.13439E-03
1.47361E+03 4.63700E-03
1.47458E+03 6.39790E-03
1.47554E+03 8.00792E-03
1.47651E+03 9.19246E-03
1.47747E+03 9.88763E-03
1.47843E+03 1.00287E-02
1.47940E+03 9.66336E-03
1.48036E+03 8.84857E-03
1.48133E+03 7.66761E-03
1.48229E+03 6.29111E-03
1.48326E+03 4.81057E-03
1.48422E+03 3.23436E-03
1.48518E+03 1.65244E-03
1.48615E+03 1.32665E-04
1.48711E+03 -1.28850E-03
1.48808E+03 -2.56072E-03
1.48904E+03 -3.72751E-03
1.49001E+03 -4.74226E-03
1.49097E+03 -5.62535E-03
1.49194E+03 -6.35370E-03
1.49290E+03 -6.92980E-03
1.49386E+03 -7.45907E-03
1.49483E+03 -7.89195E-03
1.49579E+03 -8.26688E-03
1.49676E+03 -8.56039E-03
1.49772E+03 -8.76753E-03
1.49869E+03 -8.94374E-03
1.49965E+03 -9.09800E-03
1.50062E+03 -9.25383E-03
1.50158E+03 -9.36058E-03
1.50254E+03 -9.44871E-03
1.50351E+03 -9.52463E-03
1.50447E+03 -9.59674E-03
1.50544E+03 -9.67538E-03
1.50640E+03 -9.72831E-03
1.50737E+03 -9.75415E-03
1.50833E+03 -9.73168E-03
1.50929E+03 -9.73523E-03
1.51026E+03 -9.73826E-03
1.51122E+03 -9.74798E-03
1.51219E+03 -9.78345E-03
1.51315E+03 -9.77039E-03
1.51412E+03 -9.75507E-03
1.51508E+03 -9.74678E-03
1.51605E+03 -9.71309E-03
1.51701E+03 -9.69357E-03
1.51797E+03 -9.69246E-03
1.51894E+03 -9.68339E-03
1.51990E+03 -9.68721E-03
1.52087E+03 -9.70739E-03
1.52183E+03 -9.68193E-03
1.52280E+03 -9.62299E-03
1.52376E+03 -9.58480E-03
1.52473E+03 -9.57534E-03
1.52569E+03 -9.55345E-03
1.52665E+03 -9.50418E-03
1.52762E+03 -9.46007E-03
1.52858E+03 -9.40989E-03
1.52955E+03 -9.38834E-03
1.53051E+03 -9.38354E-03
1.53148E+03 -9.35601E-03
1.53244E+03 -9.30239E-03
1.53341E+03 -9.26114E-03
1.53437E+03 -9.25446E-03
1.53533E+03 -9.21439E-03
1.53630E+03 -9.17990E-03
1.53726E+03 -9.14939E-03
1.53823E+03 -9.14368E-03
1.53919E+03 -9.15416E-03
1.54016E+03 -9.08187E-03
1.54112E+03 -8.99987E-03
1.54208E+03 -8.98659E-03
1.54305E+03 -8.92428E-03
1.54401E+03 -8.85228E-03
1.54498E+03 -8.85450E-03
1.54594E+03 -8.83372E-03
1.54691E+03 -8.79944E-03
1.54787E+03 -8.77093E-03
1.54884E+03 -8.72646E-03
1.54980E+03 -8.67592E-03
1.55076E+03 -8.63841E-03
1.55173E+03 -8.59814E-03
1.55269E+03 -8.57234E-03
1.55366E+03 -8.54623E-03
1.55462E+03 -8.48194E-03
1.55559E+03 -8.41994E-03
1.55655E+03 -8.36429E-03
1.55752E+03 -8.36910E-03
1.55848E+03 -8.36898E-03
1.55944E+03 -8.30337E-03
1.56041E+03 -8.24688E-03
1.56137E+03 -8.16191E-03
1.56234E+03 -8.12412E-03
1.56330E+03 -8.11666E-03
1.56427E+03 -8.05304E-03
1.56523E+03 -7.98780E-03
1.56619E+03 -7.94354E-03
1.56716E+03 -7.89131E-03
1.56812E+03 -7.83455E-03
1.56909E+03 -7.80734E-03
1.57005E+03 -7.75956E-03
1.57102E+03 -7.65800E-03
1.57198E+03 -7.59732E-03
1.57295E+03 -7.55222E-03
1.57391E+03 -7.48578E-03
1.57487E+03 -7.42964E-03
1.57584E+03 -7.38501E-03
1.57680E+03 -7.31822E-03
1.57777E+03 -7.23138E-03
1.57873E+03 -7.13638E-03
1.57970E+03 -7.04265E-03
1.58066E+03 -6.96903E-03
1.58163E+03 -6.90194E-03
1.58259E+03 -6.80980E-03
1.58355E+03 -6.69729E-03
1.58452E+03 -6.62105E-03
1.58548E+03 -6.51980E-03
1.58645E+03 -6.37566E-03
1.58741E+03 -6.24658E-03
1.58838E+03 -6.12915E-03
1.58934E+03 -5.98551E-03
1.59031E+03 -5.82953E-03
1.59127E+03 -5.66327E-03
1.59223E+03 -5.48983E-03
1.59320E+03 -5.30128E-03
1.59416E+03 -5.07446E-03
1.59513E+03 -4.83058E-03
1.59609E+03 -4.56505E-03
1.59706E+03 -4.28261E-03
1.59802E+03 -3.97374E-03
1.59898E+03 -3.65093E-03
1.59995E+03 -3.29434E-03
1.60091E+03 -2.90490E-03
1.60188E+03 -2.50404E-03
1.60284E+03 -2.06773E-03
1.60381E+03 -1.61515E-03
1.60477E+03 -1.14594E-03
1.60574E+03 -6.62029E-04
1.60670E+03 -1.60396E-04
1.60766E+03 3.64605E-04
1.60863E+03 8.76535E-04
1.60959E+03 1.40377E-03
1.61056E+03 1.95193E-03
1.61152E+03 2.50087E-03
1.61249E+03 3.10628E-03
1.61345E+03 3.73575E-03
1.61442E+03 4.35074E-03
1.61538E+03 5.00422E-03
1.61634E+03 5.67719E-03
1.61731E+03 6.41160E-03
1.61827E+03 7.23010E-03
1.61924E+03 8.08837E-03
1.62020E+03 8.98656E-03
1.62117E+03 9.92424E-03
1.62213E+03 1.09389E-02
1.62309E+03 1.19977E-02
1.62406E+03 1.30959E-02
1.62502E+03 1.42594E-02
1.62599E+03 1.54554E-02
1.62695E+03 1.66411E-02
1.62792E+03 1.78665E-02
1.62888E+03 1.91431E-02
1.62985E+03 2.04150E-02
1.63081E+03 2.16754E-02
1.63177E+03 2.29086E-02
1.63274E+03 2.40998E-02
1.63370E+03 2.52406E-02
1.63467E+03 2.63136E-02
1.63563E+03 2.73189E-02
1.63660E+03 2.83185E-02
1.63756E+03 2.92200E-02
1.63853E+03 2.99974E-02
1.63949E+03 3.07037E-02
1.64045E+03 3.13101E-02
1.64142E+03 3.18375E-02
1.64238E+03 3.22947E-02
1.64335E+03 3.26507E-02
1.64431E+03 3.28830E-02
1.64528E+03 3.30237E-02
1.64624E+03 3.30709E-02
1.64720E+03 3.30228E-02
1.64817E+03 3.28913E-02
1.64913E+03 3.27054E-02
1.65010E+03 3.24427E-02
1.65106E+03 3.20838E-02
1.65203E+03 3.16160E-02
1.65299E+03 3.10904E-02
1.65396E+03 3.06198E-02
1.65492E+03 3.01276E-02
1.65588E+03 2.95718E-02
1.65685E+03 2.90043E-02
1.65781E+03 2.84217E-02
1.65878E+03 2.77632E-02
1.65974E+03 2.70980E-02
1.66071E+03 2.64297E-02
1.66167E+03 2.57623E-02
1.66264E+03 2.51057E-02
1.66360E+03 2.44894E-02
1.66456E+03 2.39209E-02
1.66553E+03 2.33143E-02
1.66649E+03 2.27227E-02
1.66746E+03 2.21706E-02
1.66842E+03 2.15971E-02
1.66939E+03 2.10202E-02
1.67035E+03 2.05019E-02
1.67132E+03 1.99786E-02
1.67228E+03 1.94684E-02
1.67324E+03 1.89806E-02
1.67421E+03 1.84732E-02
1.67517E+03 1.79635E-02
1.67614E+03 1.74744E-02
1.67710E+03 1.69733E-02
1.67807E+03 1.64615E-02
1.67903E+03 1.59824E-02
1.67999E+03 1.54928E-02
1.68096E+03 1.49627E-02
1.68192E+03 1.44366E-02
1.68289E+03 1.39102E-02
1.68385E+03 1.33626E-02
1.68482E+03 1.27903E-02
1.68578E+03 1.22396E-02
1.68675E+03 1.16857E-02
1.68771E+03 1.10855E-02
1.68867E+03 1.05149E-02
1.68964E+03 9.93190E-03
1.69060E+03 9.30879E-03
1.69157E+03 8.71151E-03
1.69253E+03 8.09336E-03
1.69350E+03 7.47238E-03
1.69446E+03 6.83139E-03
1.69543E+03 6.13254E-03
1.69639E+03 5.49214E-03
1.69735E+03 4.89162E-03
1.69832E+03 4.25908E-03
1.69928E+03 3.60528E-03
1.70025E+03 2.91204E-03
1.70121E+03 2.27389E-03
1.70218E+03 1.68642E-03
1.70314E+03 1.04842E-03
1.70410E+03 4.17221E-04
1.70507E+03 -1.99396E-04
1.70603E+03 -8.21512E-04
1.70700E+03 -1.42732E-03
1.70796E+03 -2.01880E-03
1.70893E+03 -2.59254E-03
1.70989E+03 -3.15216E-03
1.71086E+03 -3.71508E-03
1.71182E+03 -4.26066E-03
1.71278E+03 -4.78726E-03
1.71375E+03 -5.30547E-03
1.71471E+03 -5.81894E-03
1.71568E+03 -6.31826E-03
1.71664E+03 -6.81271E-03
1.71761E+03 -7.30257E-03
1.71857E+03 -7.74216E-03
1.71954E+03 -8.15482E-03
1.72050E+03 -8.56697E-03
1.72146E+03 -8.98330E-03
1.72243E+03 -9.38394E-03
1.72339E+03 -9.75193E-03
1.72436E+03 -1.01143E-02
1.72532E+03 -1.04956E-02
1.72629E+03 -1.08494E-02
1.72725E+03 -1.11780E-02
1.72822E+03 -1.15201E-02
1.72918E+03 -1.18343E-02
1.73014E+03 -1.21271E-02
1.73111E+03 -1.24066E-02
1.73207E+03 -1.27011E-02
1.73304E+03 -1.30328E-02
1.73400E+03 -1.33345E-02
1.73497E+03 -1.35734E-02
1.73593E+03 -1.37974E-02
1.73689E+03 -1.40050E-02
1.73786E+03 -1.42199E-02
1.73882E+03 -1.44759E-02
1.73979E+03 -1.47186E-02
1.74075E+03 -1.48930E-02
1.74172E+03 -1.50749E-02
1.74268E+03 -1.52812E-02
1.74365E+03 -1.54756E-02
1.74461E+03 -1.56595E-02
1.74557E+03 -1.58285E-02
1.74654E+03 -1.59838E-02
1.74750E+03 -1.61204E-02
1.74847E+03 -1.62737E-02
1.74943E+03 -1.64172E-02
1.75040E+03 -1.65653E-02
1.75136E+03 -1.67484E-02
1.75233E+03 -1.68767E-02
1.75329E+03 -1.69707E-02
1.75425E+03 -1.70709E-02
1.75522E+03 -1.72023E-02
1.75618E+03 -1.73556E-02
1.75715E+03 -1.74825E-02
1.75811E+03 -1.75810E-02
1.75908E+03 -1.76679E-02
1.76004E+03 -1.77707E-02
1.76100E+03 -1.78612E-02
1.76197E+03 -1.79440E-02
1.76293E+03 -1.80091E-02
1.76390E+03 -1.81106E-02
1.76486E+03 -1.82044E-02
1.76583E+03 -1.82781E-02
1.76679E+03 -1.83572E-02
1.76776E+03 -1.84214E-02
1.76872E+03 -1.84895E-02
1.76968E+03 -1.85400E-02
1.77065E+03 -1.86227E-02
1.77161E+03 -1.87065E-02
1.77258E+03 -1.87716E-02
1.77354E+03 -1.88079E-02
1.77451E+03 -1.88335E-02
1.77547E+03 -1.89033E-02
1.77644E+03 -1.89792E-02
1.77740E+03 -1.90208E-02
1.77836E+03 -1.90632E-02
1.77933E+03 -1.91195E-02
1.78029E+03 -1.91584E-02
1.78126E+03 -1.92103E-02
1.78222E+03 -1.92540E-02
1.78319E+03 -1.92969E-02
1.78415E+03 -1.93525E-02
1.78511E+03 -1.93959E-02
1.78608E+03 -1.94520E-02
1.78704E+03 -1.94810E-02
1.78801E+03 -1.94911E-02
1.78897E+03 -1.95087E-02
1.78994E+03 -1.95495E-02
1.79090E+03 -1.96025E-02
1.79187E+03 -1.96380E-02
1.79283E+03 -1.96720E-02
1.79379E+03 -1.96871E-02
1.79476E+03 -1.97287E-02
1.79572E+03 -1.97761E-02
1.79669E+03 -1.98040E-02
1.79765E+03 -1.98289E-02
1.79862E+03 -1.98503E-02
1.79958E+03 -1.98796E-02
1.80055E+03 -1.99043E-02
1.80151E+03 -1.99061E-02
1.80247E+03 -1.99292E-02
1.80344E+03 -1.99585E-02
1.80440E+03 -1.99843E-02
1.80537E+03 -2.00144E-02
1.80633E+03 -2.00386E-02
1.80730E+03 -2.00623E-02
1.80826E+03 -2.00694E-02
1.80923E+03 -2.00919E-02
1.81019E+03 -2.01293E-02
1.81115E+03 -2.01714E-02
1.81212E+03 -2.01786E-02
1.81308E+03 -2.01756E-02
1.81405E+03 -2.02077E-02
1.81501E+03 -2.02281E-02
1.81598E+03 -2.02546E-02
1.81694E+03 -2.02957E-02
1.81790E+03 -2.02899E-02
1.81887E+03 -2.02923E-02
1.81983E+03 -2.03278E-02
1.82080E+03 -2.03300E-02
1.82176E+03 -2.03458E-02
1.82273E+03 -2.03904E-02
1.82369E+03 -2.03968E-02
1.82466E+03 -2.03984E-02
1.82562E+03 -2.04095E-02
1.82658E+03 -2.04233E-02
1.82755E+03 -2.04366E-02
1.82851E+03 -2.04517E-02
1.82948E+03 -2.04875E-02
1.83044E+03 -2.05185E-02
1.83141E+03 -2.05112E-02
1.83237E+03 -2.04786E-02
1.83334E+03 -2.04713E-02
1.83430E+03 -2.04843E-02
1.83526E+03 -2.05143E-02
1.83623E+03 -2.05382E-02
1.83719E+03 -2.05290E-02
1.83816E+03 -2.05203E-02
1.83912E+03 -2.05168E-02
1.84009E+03 -2.05112E-02
1.84105E+03 -2.05341E-02
1.84201E+03 -2.05403E-02
1.84298E+03 -2.05321E-02
1.84394E+03 -2.05642E-02
1.84491E+03 -2.05713E-02
1.84587E+03 -2.05742E-02
1.84684E+03 -2.05829E-02
1.84780E+03 -2.05701E-02
1.84877E+03 -2.05861E-02
1.84973E+03 -2.05963E-02
1.85069E+03 -2.05947E-02
1.85166E+03 -2.06040E-02
1.85262E+03 -2.06099E-02
1.85359E+03 -2.05980E-02
1.85455E+03 -2.05856E-02
1.85552E+03 -2.05849E-02
1.85648E+03 -2.05789E-02
1.85745E+03 -2.05854E-02
1.85841E+03 -2.05886E-02
1.85937E+03 -2.05690E-02
1.86034E+03 -2.05610E-02
1.86130E+03 -2.05535E-02
1.86227E+03 -2.05526E-02
1.86323E+03 -2.05678E-02
1.86420E+03 -2.05606E-02
1.86516E+03 -2.05665E-02
1.86612E+03 -2.05753E-02
1.86709E+03 -2.05646E-02
1.86805E+03 -2.05413E-02
1.86902E+03 -2.05252E-02
1.86998E+03 -2.05179E-02
1.87095E+03 -2.05198E-02
1.87191E+03 -2.05247E-02
1.87288E+03 -2.05160E-02
1.87384E+03 -2.05173E-02
1.87480E+03 -2.05229E-02
1.87577E+03 -2.05092E-02
1.87673E+03 -2.04868E-02
1.87770E+03 -2.04536E-02
1.87866E+03 -2.04235E-02
1.87963E+03 -2.04364E-02
1.88059E+03 -2.04550E-02
1.88156E+03 -2.04488E-02
1.88252E+03 -2.04214E-02
1.88348E+03 -2.03988E-02
1.88445E+03 -2.03922E-02
1.88541E+03 -2.03883E-02
1.88638E+03 -2.03753E-02
1.88734E+03 -2.03556E-02
1.88831E+03 -2.03639E-02
1.88927E+03 -2.03586E-02
1.89024E+03 -2.03430E-02
1.89120E+03 -2.03360E-02
1.89216E+03 -2.03059E-02
1.89313E+03 -2.03075E-02
1.89409E+03 -2.03180E-02
1.89506E+03 -2.02971E-02
1.89602E+03 -2.02960E-02
1.89699E+03 -2.02872E-02
1.89795E+03 -2.02594E-02
1.89891E+03 -2.02420E-02
1.89988E+03 -2.02182E-02
1.90084E+03 -2.01939E-02
1.90181E+03 -2.01957E-02
1.90277E+03 -2.02076E-02
1.90374E+03 -2.02025E-02
1.90470E+03 -2.01956E-02
1.90567E+03 -2.01858E-02
1.90663E+03 -2.01668E-02
1.90759E+03 -2.01545E-02
1.90856E+03 -2.01504E-02
1.90952E+03 -2.01281E-02
1.91049E+03 -2.01119E-02
1.91145E+03 -2.00996E-02
1.91242E+03 -2.00765E-02
1.91338E+03 -2.00524E-02
1.91435E+03 -2.00525E-02
1.91531E+03 -2.00454E-02
1.91627E+03 -2.00251E-02
1.91724E+03 -2.00139E-02
1.91820E+03 -1.99930E-02
1.91917E+03 -1.99672E-02
1.92013E+03 -1.99543E-02
1.92110E+03 -1.99322E-02
1.92206E+03 -1.99031E-02
1.92303E+03 -1.99003E-02
1.92399E+03 -1.98754E-02
1.92495E+03 -1.98426E-02
1.92592E+03 -1.98329E-02
1.92688E+03 -1.98263E-02
1.92785E+03 -1.98066E-02
1.92881E+03 -1.97808E-02
1.92978E+03 -1.97538E-02
1.93074E+03 -1.97349E-02
1.93170E+03 -1.97606E-02
1.93267E+03 -1.97715E-02
1.93363E+03 -1.97366E-02
1.93460E+03 -1.97037E-02
1.93556E+03 -1.96822E-02
1.93653E+03 -1.96835E-02
1.93749E+03 -1.96580E-02
1.93846E+03 -1.96381E-02
1.93942E+03 -1.96319E-02
1.94038E+03 -1.95956E-02
1.94135E+03 -1.95531E-02
1.94231E+03 -1.95333E-02
1.94328E+03 -1.95113E-02
1.94424E+03 -1.94847E-02
1.94521E+03 -1.94743E-02
1.94617E+03 -1.94668E-02
1.94714E+03 -1.94549E-02
1.94810E+03 -1.94202E-02
1.94906E+03 -1.93901E-02
1.95003E+03 -1.93619E-02
1.95099E+03 -1.93407E-02
1.95196E+03 -1.93201E-02
1.95292E+03 -1.93100E-02
1.95389E+03 -1.92833E-02
1.95485E+03 -1.92298E-02
1.95581E+03 -1.92038E-02
1.95678E+03 -1.91685E-02
1.95774E+03 -1.91411E-02
1.95871E+03 -1.91271E-02
1.95967E+03 -1.90928E-02
1.96064E+03 -1.90633E-02
1.96160E+03 -1.90497E-02
1.96257E+03 -1.90103E-02
1.96353E+03 -1.89643E-02
1.96449E+03 -1.89420E-02
1.96546E+03 -1.89240E-02
1.96642E+03 -1.88947E-02
1.96739E+03 -1.88553E-02
1.96835E+03 -1.88326E-02
1.96932E+03 -1.87850E-02
1.97028E+03 -1.87311E-02
1.97125E+03 -1.86907E-02
1.97221E+03 -1.86450E-02
1.97317E+03 -1.86181E-02
1.97414E+03 -1.85683E-02
1.97510E+03 -1.85123E-02
1.97607E+03 -1.84676E-02
1.97703E+03 -1.84017E-02
1.97800E+03 -1.83462E-02
1.97896E+03 -1.82841E-02
1.97992E+03 -1.82201E-02
1.98089E+03 -1.81828E-02
1.98185E+03 -1.81397E-02
1.98282E+03 -1.80922E-02
1.98378E+03 -1.80197E-02
1.98475E+03 -1.79283E-02
1.98571E+03 -1.78524E-02
1.98668E+03 -1.77973E-02
1.98764E+03 -1.77498E-02
1.98860E+03 -1.76908E-02
1.98957E+03 -1.76236E-02
1.99053E+03 -1.75555E-02
1.99150E+03 -1.74846E-02
1.99246E+03 -1.73961E-02
1.99343E+03 -1.73018E-02
1.99439E+03 -1.72124E-02
1.99536E+03 -1.71450E-02
1.99632E+03 -1.70693E-02
1.99728E+03 -1.69753E-02
1.99825E+03 -1.68928E-02
1.99921E+03 -1.68340E-02
2.00018E+03 -1.67485E-02
2.00114E+03 -1.66448E-02
2.00211E+03 -1.65631E-02
2.00307E+03 -1.64765E-02
2.00404E+03 -1.63816E-02
2.00500E+03 -1.62823E-02
2.00596E+03 -1.62033E-02
2.00693E+03 -1.61320E-02
2.00789E+03 -1.60573E-02
2.00886E+03 -1.59845E-02
2.00982E+03 -1.58996E-02
2.01079E+03 -1.58118E-02
2.01175E+03 -1.57479E-02
2.01271E+03 -1.56624E-02
2.01368E+03 -1.55476E-02
2.01464E+03 -1.54660E-02
2.01561E+03 -1.54000E-02
2.01657E+03 -1.53312E-02
2.01754E+03 -1.52640E-02
2.01850E+03 -1.51930E-02
2.01947E+03 -1.51207E-02
2.02043E+03 -1.50476E-02
2.02139E+03 -1.49849E-02
2.02236E+03 -1.49045E-02
2.02332E+03 -1.48290E-02
2.02429E+03 -1.47685E-02
2.02525E+03 -1.47015E-02
2.02622E+03 -1.46420E-02
2.02718E+03 -1.45801E-02
2.02815E+03 -1.45181E-02
2.02911E+03 -1.44401E-02
2.03007E+03 -1.43665E-02
2.03104E+03 -1.43142E-02
2.03200E+03 -1.42514E-02
2.03297E+03 -1.41860E-02
2.03393E+03 -1.41288E-02
2.03490E+03 -1.40564E-02
2.03586E+03 -1.39806E-02
2.03682E+03 -1.39214E-02
2.03779E+03 -1.38728E-02
2.03875E+03 -1.38189E-02
2.03972E+03 -1.37636E-02
2.04068E+03 -1.37090E-02
2.04165E+03 -1.36411E-02
2.04261E+03 -1.35816E-02
2.04358E+03 -1.35372E-02
2.04454E+03 -1.35124E-02
2.04550E+03 -1.34762E-02
2.04647E+03 -1.34198E-02
2.04743E+03 -1.33816E-02
2.04840E+03 -1.33579E-02
2.04936E+03 -1.33309E-02
2.05033E+03 -1.32840E-02
2.05129E+03 -1.32457E-02
2.05226E+03 -1.32522E-02
2.05322E+03 -1.32495E-02
2.05418E+03 -1.32203E-02
2.05515E+03 -1.31899E-02
2.05611E+03 -1.31480E-02
2.05708E+03 -1.31041E-02
2.05804E+03 -1.30499E-02
2.05901E+03 -1.30062E-02
2.05997E+03 -1.29672E-02
2.06094E+03 -1.29255E-02
2.06190E+03 -1.28941E-02
2.06286E+03 -1.28563E-02
2.06383E+03 -1.27990E-02
2.06479E+03 -1.27528E-02
2.06576E+03 -1.26878E-02
2.06672E+03 -1.26750E-02
2.06769E+03 -1.26713E-02
2.06865E+03 -1.26031E-02
2.06961E+03 -1.25736E-02
2.07058E+03 -1.25421E-02
2.07154E+03 -1.24807E-02
2.07251E+03 -1.24180E-02
2.07347E+03 -1.24100E-02
2.07444E+03 -1.23940E-02
2.07540E+03 -1.23605E-02
2.07637E+03 -1.23272E-02
2.07733E+03 -1.22881E-02
2.07829E+03 -1.22485E-02
2.07926E+03 -1.22120E-02
2.08022E+03 -1.21602E-02
2.08119E+03 -1.21154E-02
2.08215E+03 -1.21038E-02
2.08312E+03 -1.20560E-02
2.08408E+03 -1.19876E-02
2.08505E+03 -1.19577E-02
2.08601E+03 -1.19384E-02
2.08697E+03 -1.18952E-02
2.08794E+03 -1.18363E-02
2.08890E+03 -1.17780E-02
2.08987E+03 -1.17466E-02
2.09083E+03 -1.17159E-02
2.09180E+03 -1.16573E-02
2.09276E+03 -1.16146E-02
2.09372E+03 -1.15669E-02
2.09469E+03 -1.15309E-02
2.09565E+03 -1.14964E-02
2.09662E+03 -1.14214E-02
2.09758E+03 -1.13805E-02
2.09855E+03 -1.13769E-02
2.09951E+03 -1.13388E-02
2.10048E+03 -1.12640E-02
2.10144E+03 -1.12220E-02
2.10240E+03 -1.12030E-02
2.10337E+03 -1.11725E-02
2.10433E+03 -1.11027E-02
2.10530E+03 -1.10594E-02
2.10626E+03 -1.10280E-02
2.10723E+03 -1.09793E-02
2.10819E+03 -1.09319E-02
2.10916E+03 -1.08492E-02
2.11012E+03 -1.07772E-02
2.11108E+03 -1.07585E-02
2.11205E+03 -1.07138E-02
2.11301E+03 -1.06354E-02
2.11398E+03 -1.05823E-02
2.11494E+03 -1.05513E-02
2.11591E+03 -1.05167E-02
2.11687E+03 -1.04480E-02
2.11783E+03 -1.03601E-02
2.11880E+03 -1.03226E-02
2.11976E+03 -1.03086E-02
2.12073E+03 -1.02395E-02
2.12169E+03 -1.01486E-02
2.12266E+03 -1.00797E-02
2.12362E+03 -1.00380E-02
2.12459E+03 -9.95493E-03
2.12555E+03 -9.88706E-03
2.12651E+03 -9.83540E-03
2.12748E+03 -9.78911E-03
2.12844E+03 -9.73313E-03
2.12941E+03 -9.64241E-03
2.13037E+03 -9.56885E-03
2.13134E+03 -9.52332E-03
2.13230E+03 -9.45261E-03
2.13327E+03 -9.34121E-03
2.13423E+03 -9.27769E-03
2.13519E+03 -9.26155E-03
2.13616E+03 -9.21620E-03
2.13712E+03 -9.12743E-03
2.13809E+03 -9.04799E-03
2.13905E+03 -8.99690E-03
2.14002E+03 -8.95537E-03
2.14098E+03 -8.87693E-03
2.14195E+03 -8.79890E-03
2.14291E+03 -8.75112E-03
2.14387E+03 -8.66652E-03
2.14484E+03 -8.58285E-03
2.14580E+03 -8.54876E-03
2.14677E+03 -8.49134E-03
2.14773E+03 -8.40859E-03
2.14870E+03 -8.33132E-03
2.14966E+03 -8.26705E-03
2.15062E+03 -8.22670E-03
2.15159E+03 -8.18026E-03
2.15255E+03 -8.09941E-03
2.15352E+03 -8.03056E-03
2.15448E+03 -7.97247E-03
2.15545E+03 -7.90641E-03
2.15641E+03 -7.84431E-03
2.15738E+03 -7.77654E-03
2.15834E+03 -7.73284E-03
2.15930E+03 -7.67187E-03
2.16027E+03 -7.58538E-03
2.16123E+03 -7.54691E-03
2.16220E+03 -7.50747E-03
2.16316E+03 -7.43482E-03
2.16413E+03 -7.35455E-03
2.16509E+03 -7.30646E-03
2.16606E+03 -7.26869E-03
2.16702E+03 -7.17920E-03
2.16798E+03 -7.11764E-03
2.16895E+03 -7.09962E-03
2.16991E+03 -7.03462E-03
2.17088E+03 -6.93391E-03
2.17184E+03 -6.90530E-03
2.17281E+03 -6.89656E-03
2.17377E+03 -6.82276E-03
2.17473E+03 -6.74102E-03
2.17570E+03 -6.71224E-03
2.17666E+03 -6.70048E-03
2.17763E+03 -6.61223E-03
2.17859E+03 -6.54111E-03
2.17956E+03 -6.52794E-03
2.18052E+03 -6.46398E-03
2.18149E+03 -6.39603E-03
2.18245E+03 -6.37050E-03
2.18341E+03 -6.34177E-03
2.18438E+03 -6.28280E-03
2.18534E+03 -6.22467E-03
2.18631E+03 -6.19908E-03
2.18727E+03 -6.14844E-03
2.18824E+03 -6.07664E-03
2.18920E+03 -6.04128E-03
2.19017E+03 -6.01552E-03
2.19113E+03 -5.96797E-03
2.19209E+03 -5.94260E-03
2.19306E+03 -5.95130E-03
2.19402E+03 -5.91319E-03
2.19499E+03 -5.85055E-03
2.19595E+03 -5.82927E-03
2.19692E+03 -5.79600E-03
2.19788E+03 -5.72989E-03
2.19884E+03 -5.70194E-03
2.19981E+03 -5.68693E-03
2.20077E+03 -5.63470E-03
2.20174E+03 -5.58413E-03
2.20270E+03 -5.55535E-03
2.20367E+03 -5.51879E-03
2.20463E+03 -5.46356E-03
2.20560E+03 -5.42602E-03
2.20656E+03 -5.39507E-03
2.20752E+03 -5.35487E-03
2.20849E+03 -5.29168E-03
2.20945E+03 -5.24741E-03
2.21042E+03 -5.21367E-03
2.21138E+03 -5.14673E-03
2.21235E+03 -5.08144E-03
2.21331E+03 -5.03118E-03
2.21428E+03 -4.98991E-03
2.21524E+03 -4.93345E-03
2.21620E+03 -4.89479E-03
2.21717E+03 -4.84766E-03
2.21813E+03 -4.78154E-03
2.21910E+03 -4.73730E-03
2.22006E+03 -4.69829E-03
2.22103E+03 -4.66209E-03
2.22199E+03 -4.59421E-03
2.22296E+03 -4.52844E-03
2.22392E+03 -4.49156E-03
2.22488E+03 -4.45860E-03
2.22585E+03 -4.42995E-03
2.22681E+03 -4.38169E-03
2.22778E+03 -4.32381E-03
2.22874E+03 -4.26936E-03
2.22971E+03 -4.21390E-03
2.23067E+03 -4.15575E-03
2.23163E+03 -4.12831E-03
2.23260E+03 -4.09692E-03
2.23356E+03 -4.03520E-03
2.23453E+03 -3.97042E-03
2.23549E+03 -3.91889E-03
2.23646E+03 -3.87565E-03
2.23742E+03 -3.81242E-03
2.23839E+03 -3.74365E-03
2.23935E+03 -3.68284E-03
2.24031E+03 -3.62742E-03
2.24128E+03 -3.58485E-03
2.24224E+03 -3.54336E-03
2.24321E+03 -3.53289E-03
2.24417E+03 -3.51381E-03
2.24514E+03 -3.44141E-03
2.24610E+03 -3.40084E-03
2.24707E+03 -3.37859E-03
2.24803E+03 -3.33099E-03
2.24899E+03 -3.29559E-03
2.24996E+03 -3.25255E-03
2.25092E+03 -3.21020E-03
2.25189E+03 -3.17614E-03
2.25285E+03 -3.15164E-03
2.25382E+03 -3.13143E-03
2.25478E+03 -3.10165E-03
2.25574E+03 -3.07545E-03
2.25671E+03 -3.01921E-03
2.25767E+03 -2.94901E-03
2.25864E+03 -2.89451E-03
2.25960E+03 -2.81523E-03
2.26057E+03 -2.74748E-03
2.26153E+03 -2.69755E-03
2.26250E+03 -2.62962E-03
2.26346E+03 -2.55473E-03
2.26442E+03 -2.49647E-03
2.26539E+03 -2.42582E-03
2.26635E+03 -2.29001E-03
2.26732E+03 -2.07655E-03
2.26828E+03 -1.78333E-03
2.26925E+03 -1.31584E-03
2.27021E+03 -4.90207E-04
2.27118E+03 1.03278E-03
2.27214E+03 3.96624E-03
2.27310E+03 9.15509E-03
2.27407E+03 1.70473E-02
2.27503E+03 2.71030E-02
2.27600E+03 3.75347E-02
2.27696E+03 4.60409E-02
2.27793E+03 5.07927E-02
2.27889E+03 5.08677E-02
2.27986E+03 4.66443E-02
2.28082E+03 3.94524E-02
2.28178E+03 3.08787E-02
2.28275E+03 2.24208E-02
2.28371E+03 1.50966E-02
2.28468E+03 9.39602E-03
2.28564E+03 5.34407E-03
2.28661E+03 2.68022E-03
2.28757E+03 1.06526E-03
2.28853E+03 2.07447E-04
2.28950E+03 -1.75316E-04
2.29046E+03 -2.69182E-04
2.29143E+03 -1.80341E-04
2.29239E+03 2.72952E-05
2.29336E+03 2.96801E-04
2.29432E+03 5.81428E-04
2.29529E+03 8.80718E-04
2.29625E+03 1.22622E-03
2.29721E+03 1.59429E-03
2.29818E+03 1.95646E-03
2.29914E+03 2.31354E-03
2.30011E+03 2.71124E-03
2.30107E+03 3.12387E-03
2.30204E+03 3.54197E-03
2.30300E+03 3.97315E-03
2.30397E+03 4.40233E-03
2.30493E+03 4.83765E-03
2.30589E+03 5.31503E-03
2.30686E+03 5.76081E-03
2.30782E+03 6.22906E-03
2.30879E+03 6.73164E-03
2.30975E+03 7.29023E-03
2.31072E+03 7.87447E-03
2.31168E+03 8.51123E-03
2.31265E+03 9.21778E-03
2.31361E+03 1.00266E-02
2.31457E+03 1.09867E-02
2.31554E+03 1.21835E-02
2.31650E+03 1.36928E-02
2.31747E+03 1.59059E-02
2.31843E+03 1.91686E-02
2.31940E+03 2.40287E-02
2.32036E+03 3.08510E-02
2.32132E+03 3.98465E-02
2.32229E+03 5.10083E-02
2.32325E+03 6.56407E-02
2.32422E+03 8.80412E-02
2.32518E+03 1.26487E-01
2.32615E+03 1.91259E-01
2.32711E+03 2.91633E-01
2.32808E+03 4.24353E-01
2.32904E+03 5.71023E-01
2.33000E+03 7.12786E-01
2.33097E+03 8.38259E-01
2.33193E+03 9.46138E-01
2.33290E+03 1.03610E+00
2.33386E+03 1.11137E+00
2.33483E+03 1.17281E+00
2.33579E+03 1.22386E+00
2.33676E+03 1.26589E+00
2.33772E+03 1.30080E+00
2.33868E+03 1.32780E+00
2.33965E+03 1.34815E+00
2.34061E+03 1.35988E+00
2.34158E+03 1.36372E+00
2.34254E+03 1.35924E+00
2.34351E+03 1.34726E+00
2.34447E+03 1.32787E+00
2.34543E+03 1.30240E+00
2.34640E+03 1.27184E+00
2.34736E+03 1.23739E+00
2.34833E+03 1.19943E+00
2.34929E+03 1.15963E+00
2.35026E+03 1.11846E+00
2.35122E+03 1.07667E+00
2.35219E+03 1.03433E+00
2.35315E+03 9.92111E-01
2.35411E+03 9.50506E-01
2.35508E+03 9.09619E-01
2.35604E+03 8.69328E-01
2.35701E+03 8.29456E-01
2.35797E+03 7.89855E-01
2.35894E+03 7.50212E-01
2.35990E+03 7.10118E-01
2.36087E+03 6.69493E-01
2.36183E+03 6.27835E-01
2.36279E+03 5.84809E-01
2.36376E+03 5.39921E-01
2.36472E+03 4.92589E-01
2.36569E+03 4.42579E-01
2.36665E+03 3.89584E-01
2.36762E+03 3.33514E-01
2.36858E+03 2.75315E-01
2.36954E+03 2.17328E-01
2.37051E+03 1.63716E-01
2.37147E+03 1.19127E-01
2.37244E+03 8.58263E-02
2.37340E+03 6.27205E-02
2.37437E+03 4.71734E-02
2.37533E+03 3.66212E-02
2.37630E+03 2.90309E-02
2.37726E+03 2.31365E-02
2.37822E+03 1.83144E-02
2.37919E+03 1.44731E-02
2.38015E+03 1.15750E-02
2.38112E+03 9.39577E-03
2.38208E+03 7.68454E-03
2.38305E+03 6.23691E-03
2.38401E+03 4.99099E-03
2.38498E+03 3.90081E-03
2.38594E+03 2.96039E-03
2.38690E+03 2.11673E-03
2.38787E+03 1.34723E-03
2.38883E+03 6.69628E-04
2.38980E+03 4.95650E-05
2.39076E+03 -5.16701E-04
2.39173E+03 -1.05856E-03
2.39269E+03 -1.56335E-03
2.39366E+03 -1.99020E-03
2.39462E+03 -2.39294E-03
2.39558E+03 -2.76402E-03
2.39655E+03 -3.11133E-03
2.39751E+03 -3.46206E-03
2.39848E+03 -3.74806E-03
2.39944E+03 -3.99729E-03
2.40041E+03 -4.23342E-03
2.40137E+03 -4.44929E-03
2.40233E+03 -4.63184E-03
2.40330E+03 -4.79288E-03
2.40426E+03 -4.94482E-03
2.40523E+03 -5.07835E-03
2.40619E+03 -5.19129E-03
2.40716E+03 -5.29286E-03
2.40812E+03 -5.40264E-03
2.40909E+03 -5.47785E-03
2.41005E+03 -5.53339E-03
2.41101E+03 -5.56801E-03
2.41198E+03 -5.59084E-03
2.41294E+03 -5.64067E-03
2.41391E+03 -5.67016E-03
2.41487E+03 -5.69291E-03
2.41584E+03 -5.72449E-03
2.41680E+03 -5.79910E-03
2.41777E+03 -5.88041E-03
2.41873E+03 -5.91096E-03
2.41969E+03 -5.93200E-03
2.42066E+03 -5.97103E-03
2.42162E+03 -6.03852E-03
2.42259E+03 -6.08058E-03
2.42355E+03 -6.10320E-03
2.42452E+03 -6.14529E-03
2.42548E+03 -6.17202E-03
2.42644E+03 -6.20985E-03
2.42741E+03 -6.24064E-03
2.42837E+03 -6.24872E-03
2.42934E+03 -6.25237E-03
2.43030E+03 -6.26225E-03
2.43127E+03 -6.29588E-03
2.43223E+03 -6.34838E-03
2.43320E+03 -6.36571E-03
2.43416E+03 -6.36435E-03
2.43512E+03 -6.36594E-03
2.43609E+03 -6.36920E-03
2.43705E+03 -6.38961E-03
2.43802E+03 -6.41689E-03
2.43898E+03 -6.45149E-03
2.43995E+03 -6.45908E-03
2.44091E+03 -6.47548E-03
2.44188E+03 -6.51533E-03
2.44284E+03 -6.53666E-03
2.44380E+03 -6.56356E-03
2.44477E+03 -6.60511E-03
2.44573E+03 -6.64213E-03
2.44670E+03 -6.66248E-03
2.44766E+03 -6.69330E-03
2.44863E+03 -6.74370E-03
2.44959E+03 -6.80773E-03
2.45055E+03 -6.86584E-03
2.45152E+03 -6.91055E-03
2.45248E+03 -6.96856E-03
2.45345E+03 -7.01534E-03
2.45441E+03 -7.05333E-03
2.45538E+03 -7.10107E-03
2.45634E+03 -7.15771E-03
2.45731E+03 -7.22531E-03
2.45827E+03 -7.28966E-03
2.45923E+03 -7.33183E-03
2.46020E+03 -7.38272E-03
2.46116E+03 -7.44891E-03
2.46213E+03 -7.51539E-03
2.46309E+03 -7.56741E-03
2.46406E+03 -7.60597E-03
2.46502E+03 -7.66448E-03
2.46599E+03 -7.72603E-03
2.46695E+03 -7.78676E-03
2.46791E+03 -7.84601E-03
2.46888E+03 -7.90665E-03
2.46984E+03 -7.95461E-03
2.47081E+03 -8.01544E-03
2.47177E+03 -8.09278E-03
2.47274E+03 -8.10720E-03
2.47370E+03 -8.11530E-03
2.47467E+03 -8.17639E-03
2.47563E+03 -8.23261E-03
2.47659E+03 -8.27911E-03
2.47756E+03 -8.30653E-03
2.47852E+03 -8.33274E-03
2.47949E+03 -8.37697E-03
2.48045E+03 -8.42000E-03
2.48142E+03 -8.44964E-03
2.48238E+03 -8.46635E-03
2.48334E+03 -8.47736E-03
2.48431E+03 -8.49440E-03
2.48527E+03 -8.50721E-03
2.48624E+03 -8.50676E-03
2.48720E+03 -8.52114E-03
2.48817E+03 -8.52147E-03
2.48913E+03 -8.49692E-03
2.49010E+03 -8.45708E-03
2.49106E+03 -8.43487E-03
2.49202E+03 -8.44069E-03
2.49299E+03 -8.40890E-03
2.49395E+03 -8.36513E-03
2.49492E+03 -8.35316E-03
2.49588E+03 -8.32271E-03
2.49685E+03 -8.26418E-03
2.49781E+03 -8.23425E-03
2.49878E+03 -8.19683E-03
2.49974E+03 -8.14311E-03
2.50070E+03 -8.09715E-03
2.50167E+03 -8.04369E-03
2.50263E+03 -7.98761E-03
2.50360E+03 -7.92498E-03
2.50456E+03 -7.87666E-03
2.50553E+03 -7.81576E-03
2.50649E+03 -7.76278E-03
2.50745E+03 -7.72001E-03
2.50842E+03 -7.62625E-03
2.50938E+03 -7.54013E-03
2.51035E+03 -7.49422E-03
2.51131E+03 -7.43674E-03
2.51228E+03 -7.37163E-03
2.51324E+03 -7.31500E-03
2.51421E+03 -7.23374E-03
2.51517E+03 -7.12615E-03
2.51613E+03 -7.04534E-03
2.51710E+03 -6.99009E-03
2.51806E+03 -6.89464E-03
2.51903E+03 -6.80482E-03
2.51999E+03 -6.73766E-03
2.52096E+03 -6.66953E-03
2.52192E+03 -6.60032E-03
2.52289E+03 -6.53545E-03
2.52385E+03 -6.46537E-03
2.52481E+03 -6.40920E-03
2.52578E+03 -6.35216E-03
2.52674E+03 -6.25929E-03
2.52771E+03 -6.19016E-03
2.52867E+03 -6.12133E-03
2.52964E+03 -6.06060E-03
2.53060E+03 -6.02690E-03
2.53156E+03 -6.00161E-03
2.53253E+03 -5.95545E-03
2.53349E+03 -5.89427E-03
2.53446E+03 -5.86497E-03
2.53542E+03 -5.83846E-03
2.53639E+03 -5.80392E-03
2.53735E+03 -5.80728E-03
2.53832E+03 -5.82319E-03
2.53928E+03 -5.81033E-03
2.54024E+03 -5.78662E-03
2.54121E+03 -5.78180E-03
2.54217E+03 -5.81066E-03
2.54314E+03 -5.83785E-03
2.54410E+03 -5.85591E-03
2.54507E+03 -5.86678E-03
2.54603E+03 -5.87090E-03
2.54700E+03 -5.87697E-03
2.54796E+03 -5.89213E-03
2.54892E+03 -5.91269E-03
2.54989E+03 -5.94841E-03
2.55085E+03 -5.99901E-03
2.55182E+03 -5.99939E-03
2.55278E+03 -6.00595E-03
2.55375E+03 -6.05015E-03
2.55471E+03 -6.07541E-03
2.55568E+03 -6.09664E-03
2.55664E+03 -6.12378E-03
2.55760E+03 -6.14017E-03
2.55857E+03 -6.15143E-03
2.55953E+03 -6.17233E-03
2.56050E+03 -6.19307E-03
2.56146E+03 -6.21481E-03
2.56243E+03 -6.24290E-03
2.56339E+03 -6.26067E-03
2.56435E+03 -6.29488E-03
2.56532E+03 -6.33505E-03
2.56628E+03 -6.33348E-03
2.56725E+03 -6.36792E-03
2.56821E+03 -6.41903E-03
2.56918E+03 -6.42183E-03
2.57014E+03 -6.43691E-03
2.57111E+03 -6.47342E-03
2.57207E+03 -6.48795E-03
2.57303E+03 -6.50007E-03
2.57400E+03 -6.52440E-03
2.57496E+03 -6.53998E-03
2.57593E+03 -6.55677E-03
2.57689E+03 -6.56466E-03
2.57786E+03 -6.55703E-03
2.57882E+03 -6.55041E-03
2.57979E+03 -6.55843E-03
2.58075E+03 -6.55363E-03
2.58171E+03 -6.52253E-03
2.58268E+03 -6.51030E-03
2.58364E+03 -6.49755E-03
2.58461E+03 -6.44390E-03
2.58557E+03 -6.40233E-03
2.58654E+03 -6.35180E-03
2.58750E+03 -6.31635E-03
2.58846E+03 -6.30645E-03
2.58943E+03 -6.28797E-03
2.59039E+03 -6.25202E-03
2.59136E+03 -6.19184E-03
2.59232E+03 -6.13340E-03
2.59329E+03 -6.08406E-03
2.59425E+03 -6.05758E-03
2.59522E+03 -6.03385E-03
2.59618E+03 -5.99384E-03
2.59714E+03 -5.96244E-03
2.59811E+03 -5.96605E-03
2.59907E+03 -5.96569E-03
2.60004E+03 -5.94190E-03
2.60100E+03 -5.94113E-03
2.60197E+03 -5.94796E-03
2.60293E+03 -5.96363E-03
2.60390E+03 -5.96780E-03
2.60486E+03 -5.96139E-03
2.60582E+03 -5.98045E-03
2.60679E+03 -6.01364E-03
2.60775E+03 -6.03575E-03
2.60872E+03 -6.05385E-03
2.60968E+03 -6.07978E-03
2.61065E+03 -6.09072E-03
2.61161E+03 -6.12724E-03
2.61258E+03 -6.16760E-03
2.61354E+03 -6.18825E-03
2.61450E+03 -6.21080E-03
2.61547E+03 -6.23248E-03
2.61643E+03 -6.24851E-03
2.61740E+03 -6.29267E-03
2.61836E+03 -6.36096E-03
2.61933E+03 -6.38875E-03
2.62029E+03 -6.40556E-03
2.62125E+03 -6.46076E-03
2.62222E+03 -6.48970E-03
2.62318E+03 -6.53763E-03
2.62415E+03 -6.61023E-03
2.62511E+03 -6.67109E-03
2.62608E+03 -6.76148E-03
2.62704E+03 -6.82883E-03
2.62801E+03 -6.87022E-03
2.62897E+03 -6.92448E-03
2.62993E+03 -6.96990E-03
2.63090E+03 -7.01778E-03
2.63186E+03 -7.06562E-03
2.63283E+03 -7.09688E-03
2.63379E+03 -7.13059E-03
2.63476E+03 -7.17901E-03
2.63572E+03 -7.22358E-03
2.63669E+03 -7.23757E-03
2.63765E+03 -7.27003E-03
2.63861E+03 -7.29336E-03
2.63958E+03 -7.28542E-03
2.64054E+03 -7.30786E-03
2.64151E+03 -7.31320E-03
2.64247E+03 -7.31645E-03
2.64344E+03 -7.34955E-03
2.64440E+03 -7.34920E-03
2.64536E+03 -7.32840E-03
2.64633E+03 -7.32001E-03
2.64729E+03 -7.32222E-03
2.64826E+03 -7.31883E-03
2.64922E+03 -7.31158E-03
2.65019E+03 -7.32144E-03
2.65115E+03 -7.31620E-03
2.65212E+03 -7.29341E-03
2.65308E+03 -7.29728E-03
2.65404E+03 -7.30562E-03
2.65501E+03 -7.29363E-03
2.65597E+03 -7.27821E-03
2.65694E+03 -7.25732E-03
2.65790E+03 -7.22141E-03
2.65887E+03 -7.20276E-03
2.65983E+03 -7.19999E-03
2.66080E+03 -7.19256E-03
2.66176E+03 -7.18891E-03
2.66272E+03 -7.19821E-03
2.66369E+03 -7.17477E-03
2.66465E+03 -7.12543E-03
2.66562E+03 -7.12139E-03
2.66658E+03 -7.13996E-03
2.66755E+03 -7.12103E-03
2.66851E+03 -7.09603E-03
2.66948E+03 -7.08505E-03
2.67044E+03 -7.07008E-03
2.67140E+03 -7.05573E-03
2.67237E+03 -7.04118E-03
2.67333E+03 -7.01714E-03
2.67430E+03 -6.98297E-03
2.67526E+03 -6.95010E-03
2.67623E+03 -6.94707E-03
2.67719E+03 -6.94223E-03
2.67815E+03 -6.90079E-03
2.67912E+03 -6.87770E-03
2.68008E+03 -6.85284E-03
2.68105E+03 -6.81970E-03
2.68201E+03 -6.79464E-03
2.68298E+03 -6.78127E-03
2.68394E+03 -6.76861E-03
2.68491E+03 -6.74998E-03
2.68587E+03 -6.69644E-03
2.68683E+03 -6.62699E-03
2.68780E+03 -6.62547E-03
2.68876E+03 -6.61250E-03
2.68973E+03 -6.58631E-03
2.69069E+03 -6.56588E-03
2.69166E+03 -6.55270E-03
2.69262E+03 -6.55087E-03
2.69359E+03 -6.49693E-03
2.69455E+03 -6.45896E-03
2.69551E+03 -6.44796E-03
2.69648E+03 -6.42967E-03
2.69744E+03 -6.39477E-03
2.69841E+03 -6.36409E-03
2.69937E+03 -6.33594E-03
2.70034E+03 -6.31206E-03
2.70130E+03 -6.27915E-03
2.70226E+03 -6.25704E-03
2.70323E+03 -6.24281E-03
2.70419E+03 -6.19736E-03
2.70516E+03 -6.17106E-03
2.70612E+03 -6.12297E-03
2.70709E+03 -6.09274E-03
2.70805E+03 -6.08330E-03
2.70902E+03 -6.04069E-03
2.70998E+03 -6.02470E-03
2.71094E+03 -6.01400E-03
2.71191E+03 -5.94693E-03
2.71287E+03 -5.90490E-03
2.71384E+03 -5.87367E-03
2.71480E+03 -5.82260E-03
2.71577E+03 -5.79795E-03
2.71673E+03 -5.77107E-03
2.71770E+03 -5.73128E-03
2.71866E+03 -5.70731E-03
2.71962E+03 -5.67054E-03
2.72059E+03 -5.57533E-03
2.72155E+03 -5.54626E-03
2.72252E+03 -5.52285E-03
2.72348E+03 -5.46030E-03
2.72445E+03 -5.41152E-03
2.72541E+03 -5.36060E-03
2.72638E+03 -5.32584E-03
2.72734E+03 -5.29420E-03
2.72830E+03 -5.25811E-03
2.72927E+03 -5.21028E-03
2.73023E+03 -5.17694E-03
2.73120E+03 -5.12468E-03
2.73216E+03 -5.06140E-03
2.73313E+03 -4.98988E-03
2.73409E+03 -4.93649E-03
2.73505E+03 -4.89071E-03
2.73602E+03 -4.81871E-03
2.73698E+03 -4.76599E-03
2.73795E+03 -4.72031E-03
2.73891E+03 -4.67686E-03
2.73988E+03 -4.63488E-03
2.74084E+03 -4.55322E-03
2.74181E+03 -4.48148E-03
2.74277E+03 -4.41800E-03
2.74373E+03 -4.32929E-03
2.74470E+03 -4.25278E-03
2.74566E+03 -4.18468E-03
2.74663E+03 -4.11113E-03
2.74759E+03 -4.05274E-03
2.74856E+03 -3.97466E-03
2.74952E+03 -3.85124E-03
2.75049E+03 -3.74748E-03
2.75145E+03 -3.68247E-03
2.75241E+03 -3.59986E-03
2.75338E+03 -3.51537E-03
2.75434E+03 -3.40091E-03
2.75531E+03 -3.34374E-03
2.75627E+03 -3.25717E-03
2.75724E+03 -3.16273E-03
2.75820E+03 -3.10224E-03
2.75916E+03 -3.04638E-03
2.76013E+03 -3.03858E-03
2.76109E+03 -2.82378E-03
2.76206E+03 -2.50008E-03
2.76302E+03 -2.25629E-03
2.76399E+03 -2.02055E-03
2.76495E+03 -1.81182E-03
2.76592E+03 -2.02480E-03
2.76688E+03 -1.81866E-03
2.76784E+03 -1.58717E-03
2.76881E+03 -1.97388E-03
2.76977E+03 -1.53274E-03
2.77074E+03 -1.03056E-03
2.77170E+03 -1.03106E-03
2.77267E+03 -9.89318E-04
2.77363E+03 -9.01405E-04
2.77460E+03 -5.77357E-04
2.77556E+03 -3.72924E-04
2.77652E+03 -2.52653E-04
2.77749E+03 -9.68575E-08
2.77845E+03 2.33941E-04
2.77942E+03 4.45351E-04
2.78038E+03 6.59198E-04
2.78135E+03 9.14179E-04
2.78231E+03 1.17200E-03
2.78327E+03 1.34524E-03
2.78424E+03 1.56302E-03
2.78520E+03 1.87604E-03
2.78617E+03 2.14570E-03
2.78713E+03 2.36148E-03
2.78810E+03 2.63833E-03
2.78906E+03 2.95038E-03
2.79003E+03 3.25051E-03
2.79099E+03 3.53661E-03
2.79195E+03 3.80596E-03
2.79292E+03 4.10848E-03
2.79388E+03 4.43327E-03
2.79485E+03 4.78655E-03
2.79581E+03 5.13363E-03
2.79678E+03 5.46008E-03
2.79774E+03 5.83060E-03
2.79871E+03 6.17668E-03
2.79967E+03 6.50510E-03
2.80063E+03 6.87556E-03
2.80160E+03 7.28396E-03
2.80256E+03 7.67557E-03
2.80353E+03 8.05165E-03
2.80449E+03 8.42608E-03
2.80546E+03 8.81862E-03
2.80642E+03 9.24987E-03
2.80739E+03 9.69593E-03
2.80835E+03 1.01380E-02
2.80931E+03 1.05691E-02
2.81028E+03 1.10224E-02
2.81124E+03 1.14898E-02
2.81221E+03 1.19583E-02
2.81317E+03 1.24446E-02
2.81414E+03 1.29682E-02
2.81510E+03 1.35124E-02
2.81606E+03 1.40664E-02
2.81703E+03 1.46160E-02
2.81799E+03 1.51988E-02
2.81896E+03 1.58416E-02
2.81992E+03 1.65041E-02
2.82089E+03 1.72011E-02
2.82185E+03 1.79656E-02
2.82282E+03 1.87775E-02
2.82378E+03 1.96246E-02
2.82474E+03 2.05037E-02
2.82571E+03 2.14109E-02
2.82667E+03 2.23607E-02
2.82764E+03 2.33247E-02
2.82860E+03 2.42436E-02
2.82957E+03 2.51172E-02
2.83053E+03 2.58740E-02
2.83150E+03 2.64926E-02
2.83246E+03 2.69678E-02
2.83342E+03 2.72589E-02
2.83439E+03 2.73901E-02
2.83535E+03 2.72847E-02
2.83632E+03 2.70012E-02
2.83728E+03 2.65954E-02
2.83825E+03 2.60506E-02
2.83921E+03 2.53834E-02
2.84017E+03 2.46850E-02
2.84114E+03 2.39817E-02
2.84210E+03 2.32280E-02
2.84307E+03 2.25144E-02
2.84403E+03 2.18509E-02
2.84500E+03 2.12255E-02
2.84596E+03 2.06553E-02
2.84693E+03 2.01245E-02
2.84789E+03 1.96268E-02
2.84885E+03 1.91590E-02
2.84982E+03 1.87156E-02
2.85078E+03 1.82976E-02
2.85175E+03 1.79010E-02
2.85271E+03 1.75231E-02
2.85368E+03 1.71656E-02
2.85464E+03 1.67975E-02
2.85561E+03 1.64736E-02
2.85657E+03 1.61941E-02
2.85753E+03 1.58905E-02
2.85850E+03 1.56264E-02
2.85946E+03 1.53585E-02
2.86043E+03 1.50916E-02
2.86139E+03 1.48761E-02
2.86236E+03 1.46747E-02
2.86332E+03 1.44824E-02
2.86428E+03 1.42836E-02
2.86525E+03 1.40842E-02
2.86621E+03 1.38904E-02
2.86718E+03 1.37097E-02
2.86814E+03 1.35635E-02
2.86911E+03 1.34027E-02
2.87007E+03 1.32382E-02
2.87104E+03 1.31221E-02
2.87200E+03 1.29823E-02
2.87296E+03 1.28400E-02
2.87393E+03 1.27188E-02
2.87489E+03 1.26197E-02
2.87586E+03 1.25405E-02
2.87682E+03 1.24740E-02
2.87779E+03 1.24231E-02
2.87875E+03 1.23687E-02
2.87972E+03 1.23183E-02
2.88068E+03 1.22961E-02
2.88164E+03 1.23033E-02
2.88261E+03 1.23226E-02
2.88357E+03 1.23373E-02
2.88454E+03 1.23767E-02
2.88550E+03 1.24359E-02
2.88647E+03 1.25183E-02
2.88743E+03 1.25872E-02
2.88840E+03 1.26619E-02
2.88936E+03 1.27927E-02
2.89032E+03 1.28947E-02
2.89129E+03 1.30010E-02
2.89225E+03 1.31189E-02
2.89322E+03 1.32504E-02
2.89418E+03 1.34225E-02
2.89515E+03 1.36167E-02
2.89611E+03 1.38103E-02
2.89707E+03 1.40266E-02
2.89804E+03 1.42839E-02
2.89900E+03 1.45344E-02
2.89997E+03 1.48146E-02
2.90093E+03 1.51363E-02
2.90190E+03 1.54617E-02
2.90286E+03 1.58009E-02
2.90383E+03 1.61592E-02
2.90479E+03 1.65649E-02
2.90575E+03 1.69985E-02
2.90672E+03 1.74266E-02
2.90768E+03 1.78709E-02
2.90865E+03 1.83427E-02
2.90961E+03 1.88367E-02
2.91058E+03 1.93321E-02
2.91154E+03 1.97913E-02
2.91251E+03 2.02342E-02
2.91347E+03 2.06001E-02
2.91443E+03 2.09026E-02
2.91540E+03 2.11322E-02
2.91636E+03 2.12252E-02
2.91733E+03 2.12155E-02
2.91829E+03 2.11460E-02
2.91926E+03 2.09847E-02
2.92022E+03 2.08105E-02
2.92118E+03 2.06962E-02
2.92215E+03 2.06398E-02
2.92311E+03 2.06682E-02
2.92408E+03 2.08147E-02
2.92504E+03 2.10842E-02
2.92601E+03 2.14891E-02
2.92697E+03 2.20490E-02
2.92794E+03 2.27024E-02
2.92890E+03 2.33942E-02
2.92986E+03 2.41200E-02
2.93083E+03 2.49002E-02
2.93179E+03 2.55973E-02
2.93276E+03 2.62400E-02
2.93372E+03 2.68572E-02
2.93469E+03 2.73083E-02
2.93565E+03 2.76599E-02
2.93662E+03 2.78297E-02
2.93758E+03 2.78026E-02
2.93854E+03 2.76775E-02
2.93951E+03 2.73879E-02
2.94047E+03 2.70232E-02
2.94144E+03 2.65907E-02
2.94240E+03 2.60755E-02
2.94337E+03 2.55630E-02
2.94433E+03 2.50972E-02
2.94530E+03 2.46993E-02
2.94626E+03 2.44420E-02
2.94722E+03 2.43206E-02
2.94819E+03 2.43274E-02
2.94915E+03 2.45049E-02
2.95012E+03 2.48869E-02
2.95108E+03 2.54099E-02
2.95205E+03 2.60064E-02
2.95301E+03 2.67248E-02
2.95397E+03 2.75453E-02
2.95494E+03 2.83893E-02
2.95590E+03 2.91775E-02
2.95687E+03 2.99272E-02
2.95783E+03 3.06342E-02
2.95880E+03 3.12357E-02
2.95976E+03 3.17497E-02
2.96073E+03 3.21193E-02
2.96169E+03 3.23818E-02
2.96265E+03 3.25633E-02
2.96362E+03 3.26518E-02
2.96458E+03 3.26913E-02
2.96555E+03 3.26948E-02
2.96651E+03 3.26627E-02
2.96748E+03 3.26040E-02
2.96844E+03 3.25288E-02
2.96941E+03 3.24467E-02
2.97037E+03 3.23772E-02
2.97133E+03 3.23121E-02
2.97230E+03 3.22531E-02
2.97326E+03 3.21539E-02
2.97423E+03 3.20661E-02
2.97519E+03 3.19919E-02
2.97616E+03 3.19081E-02
2.97712E+03 3.18455E-02
2.97808E+03 3.18114E-02
2.97905E+03 3.17736E-02
2.98001E+03 3.17451E-02
2.98098E+03 3.17512E-02
2.98194E+03 3.17737E-02
2.98291E+03 3.18195E-02
2.98387E+03 3.19178E-02
2.98484E+03 3.20748E-02
2.98580E+03 3.22179E-02
2.98676E+03 3.23332E-02
2.98773E+03 3.25342E-02
2.98869E+03 3.27277E-02
2.98966E+03 3.28987E-02
2.99062E+03 3.31116E-02
2.99159E+03 3.32659E-02
2.99255E+03 3.33660E-02
2.99352E+03 3.35013E-02
2.99448E+03 3.36388E-02
2.99544E+03 3.37264E-02
2.99641E+03 3.38118E-02
2.99737E+03 3.39045E-02
2.99834E+03 3.39459E-02
2.99930E+03 3.39308E-02
3.00027E+03 3.38854E-02
3.00123E+03 3.38393E-02
3.00220E+03 3.37950E-02
3.00316E+03 3.37123E-02
3.00412E+03 3.36090E-02
3.00509E+03 3.34583E-02
3.00605E+03 3.32977E-02
3.00702E+03 3.31322E-02
3.00798E+03 3.29237E-02
3.00895E+03 3.27202E-02
3.00991E+03 3.25300E-02
3.01087E+03 3.23700E-02
3.01184E+03 3.22173E-02
3.01280E+03 3.20558E-02
3.01377E+03 3.19187E-02
3.01473E+03 3.18089E-02
3.01570E+03 3.17107E-02
3.01666E+03 3.16542E-02
3.01763E+03 3.16401E-02
3.01859E+03 3.16562E-02
3.01955E+03 3.17370E-02
3.02052E+03 3.18669E-02
3.02148E+03 3.20049E-02
3.02245E+03 3.21490E-02
3.02341E+03 3.23506E-02
3.02438E+03 3.26048E-02
3.02534E+03 3.28971E-02
3.02631E+03 3.32074E-02
3.02727E+03 3.35454E-02
3.02823E+03 3.38792E-02
3.02920E+03 3.42480E-02
3.03016E+03 3.46809E-02
3.03113E+03 3.51117E-02
3.03209E+03 3.55757E-02
3.03306E+03 3.60868E-02
3.03402E+03 3.66117E-02
3.03498E+03 3.71360E-02
3.03595E+03 3.76973E-02
3.03691E+03 3.82820E-02
3.03788E+03 3.88960E-02
3.03884E+03 3.95518E-02
3.03981E+03 4.01691E-02
3.04077E+03 4.07885E-02
3.04174E+03 4.14518E-02
3.04270E+03 4.21233E-02
3.04366E+03 4.28079E-02
3.04463E+03 4.35225E-02
3.04559E+03 4.42371E-02
3.04656E+03 4.49319E-02
3.04752E+03 4.56630E-02
3.04849E+03 4.64201E-02
3.04945E+03 4.71964E-02
3.05042E+03 4.79796E-02
3.05138E+03 4.87634E-02
3.05234E+03 4.95526E-02
3.05331E+03 5.03929E-02
3.05427E+03 5.12583E-02
3.05524E+03 5.20406E-02
3.05620E+03 5.28268E-02
3.05717E+03 5.36678E-02
3.05813E+03 5.45113E-02
3.05909E+03 5.53620E-02
3.06006E+03 5.62372E-02
3.06102E+03 5.71189E-02
3.06199E+03 5.80497E-02
3.06295E+03 5.89974E-02
3.06392E+03 5.99101E-02
3.06488E+03 6.07998E-02
3.06585E+03 6.17146E-02
3.06681E+03 6.26838E-02
3.06777E+03 6.36348E-02
3.06874E+03 6.45879E-02
3.06970E+03 6.55477E-02
3.07067E+03 6.65391E-02
3.07163E+03 6.75510E-02
3.07260E+03 6.85748E-02
3.07356E+03 6.95813E-02
3.07453E+03 7.05579E-02
3.07549E+03 7.15894E-02
3.07645E+03 7.26338E-02
3.07742E+03 7.36732E-02
3.07838E+03 7.47403E-02
3.07935E+03 7.58568E-02
3.08031E+03 7.69136E-02
3.08128E+03 7.79553E-02
3.08224E+03 7.90660E-02
3.08321E+03 8.01569E-02
3.08417E+03 8.12583E-02
3.08513E+03 8.23497E-02
3.08610E+03 8.34573E-02
3.08706E+03 8.46020E-02
3.08803E+03 8.57680E-02
3.08899E+03 8.69184E-02
3.08996E+03 8.80821E-02
3.09092E+03 8.92834E-02
3.09188E+03 9.04451E-02
3.09285E+03 9.15694E-02
3.09381E+03 9.27104E-02
3.09478E+03 9.38875E-02
3.09574E+03 9.51184E-02
3.09671E+03 9.63542E-02
3.09767E+03 9.75626E-02
3.09864E+03 9.87782E-02
3.09960E+03 1.00013E-01
3.10056E+03 1.01238E-01
3.10153E+03 1.02440E-01
3.10249E+03 1.03665E-01
3.10346E+03 1.04933E-01
3.10442E+03 1.06178E-01
3.10539E+03 1.07412E-01
3.10635E+03 1.08707E-01
3.10732E+03 1.09997E-01
3.10828E+03 1.11257E-01
3.10924E+03 1.12505E-01
3.11021E+03 1.13800E-01
3.11117E+03 1.15106E-01
3.11214E+03 1.16361E-01
3.11310E+03 1.17603E-01
3.11407E+03 1.18915E-01
3.11503E+03 1.20273E-01
3.11599E+03 1.21607E-01
3.11696E+03 1.22893E-01
3.11792E+03 1.24198E-01
3.11889E+03 1.25540E-01
3.11985E+03 1.26816E-01
3.12082E+03 1.28135E-01
3.12178E+03 1.29469E-01
3.12275E+03 1.30819E-01
3.12371E+03 1.32202E-01
3.12467E+03 1.33548E-01
3.12564E+03 1.34926E-01
3.12660E+03 1.36260E-01
3.12757E+03 1.37610E-01
3.12853E+03 1.39003E-01
3.12950E+03 1.40381E-01
3.13046E+03 1.41752E-01
3.13143E+03 1.43134E-01
3.13239E+03 1.44517E-01
3.13335E+03 1.45941E-01
3.13432E+03 1.47431E-01
3.13528E+03 1.48851E-01
3.13625E+03 1.50263E-01
3.13721E+03 1.51712E-01
3.13818E+03 1.53141E-01
3.13914E+03 1.54633E-01
3.14010E+03 1.56116E-01
3.14107E+03 1.57582E-01
3.14203E+03 1.59044E-01
3.14300E+03 1.60466E-01
3.14396E+03 1.61955E-01
3.14493E+03 1.63463E-01
3.14589E+03 1.64944E-01
3.14686E+03 1.66461E-01
3.14782E+03 1.67994E-01
3.14878E+03 1.69502E-01
3.14975E+03 1.71033E-01
3.15071E+03 1.72602E-01
3.15168E+03 1.74109E-01
3.15264E+03 1.75613E-01
3.15361E+03 1.77173E-01
3.15457E+03 1.78745E-01
3.15554E+03 1.80325E-01
3.15650E+03 1.81905E-01
3.15746E+03 1.83469E-01
3.15843E+03 1.85038E-01
3.15939E+03 1.86623E-01
3.16036E+03 1.88213E-01
3.16132E+03 1.89774E-01
3.16229E+03 1.91358E-01
3.16325E+03 1.92941E-01
3.16422E+03 1.94575E-01
3.16518E+03 1.96204E-01
3.16614E+03 1.97761E-01
3.16711E+03 1.99360E-01
3.16807E+03 2.00972E-01
3.16904E+03 2.02535E-01
3.17000E+03 2.04122E-01
3.17097E+03 2.05786E-01
3.17193E+03 2.07414E-01
3.17289E+03 2.08968E-01
3.17386E+03 2.10535E-01
3.17482E+03 2.12105E-01
3.17579E+03 2.13694E-01
3.17675E+03 2.15340E-01
3.17772E+03 2.16977E-01
3.17868E+03 2.18611E-01
3.17965E+03 2.20219E-01
3.18061E+03 2.21851E-01
3.18157E+03 2.23458E-01
3.18254E+03 2.25000E-01
3.18350E+03 2.26588E-01
3.18447E+03 2.28156E-01
3.18543E+03 2.29768E-01
3.18640E+03 2.31465E-01
3.18736E+03 2.33091E-01
3.18833E+03 2.34619E-01
3.18929E+03 2.36179E-01
3.19025E+03 2.37783E-01
3.19122E+03 2.39379E-01
3.19218E+03 2.40982E-01
3.19315E+03 2.42615E-01
3.19411E+03 2.44198E-01
3.19508E+03 2.45777E-01
3.19604E+03 2.47368E-01
3.19700E+03 2.48935E-01
3.19797E+03 2.50456E-01
3.19893E+03 2.51931E-01
3.19990E+03 2.53486E-01
3.20086E+03 2.55051E-01
3.20183E+03 2.56547E-01
3.20279E+03 2.57997E-01
3.20376E+03 2.59434E-01
3.20472E+03 2.60900E-01
3.20568E+03 2.62445E-01
3.20665E+03 2.63948E-01
3.20761E+03 2.65366E-01
3.20858E+03 2.66821E-01
3.20954E+03 2.68307E-01
3.21051E+03 2.69651E-01
3.21147E+03 2.71028E-01
3.21244E+03 2.72485E-01
3.21340E+03 2.73853E-01
3.21436E+03 2.75169E-01
3.21533E+03 2.76452E-01
3.21629E+03 2.77776E-01
3.21726E+03 2.79114E-01
3.21822E+03 2.80386E-01
3.21919E+03 2.81624E-01
3.22015E+03 2.82827E-01
3.22111E+03 2.84005E-01
3.22208E+03 2.85173E-01
3.22304E+03 2.86316E-01
3.22401E+03 2.87410E-01
3.22497E+03 2.88554E-01
3.22594E+03 2.89714E-01
3.22690E+03 2.90713E-01
3.22787E+03 2.91682E-01
3.22883E+03 2.92756E-01
3.22979E+03 2.93831E-01
3.23076E+03 2.94747E-01
3.23172E+03 2.95612E-01
3.23269E+03 2.96539E-01
3.23365E+03 2.97434E-01
3.23462E+03 2.98269E-01
3.23558E+03 2.99096E-01
3.23655E+03 2.99912E-01
3.23751E+03 3.00727E-01
3.23847E+03 3.01600E-01
3.23944E+03 3.02353E-01
3.24040E+03 3.03047E-01
3.24137E+03 3.03798E-01
3.24233E+03 3.04495E-01
3.24330E+03 3.05049E-01
3.24426E+03 3.05572E-01
3.24523E+03 3.06241E-01
3.24619E+03 3.06925E-01
3.24715E+03 3.07517E-01
3.24812E+03 3.08093E-01
3.24908E+03 3.08673E-01
3.25005E+03 3.09254E-01
3.25101E+03 3.09831E-01
3.25198E+03 3.10324E-01
3.25294E+03 3.10792E-01
3.25390E+03 3.11293E-01
3.25487E+03 3.11874E-01
3.25583E+03 3.12404E-01
3.25680E+03 3.12837E-01
3.25776E+03 3.13396E-01
3.25873E+03 3.13954E-01
3.25969E+03 3.14420E-01
3.26066E+03 3.14896E-01
3.26162E+03 3.15418E-01
3.26258E+03 3.15885E-01
3.26355E+03 3.16328E-01
3.26451E+03 3.16757E-01
3.26548E+03 3.17243E-01
3.26644E+03 3.17774E-01
3.26741E+03 3.18188E-01
3.26837E+03 3.18635E-01
3.26934E+03 3.19112E-01
3.27030E+03 3.19631E-01
3.27126E+03 3.20212E-01
3.27223E+03 3.20796E-01
3.27319E+03 3.21277E-01
3.27416E+03 3.21703E-01
3.27512E+03 3.22211E-01
3.27609E+03 3.22783E-01
3.27705E+03 3.23366E-01
3.27802E+03 3.23789E-01
3.27898E+03 3.24215E-01
3.27994E+03 3.24777E-01
3.28091E+03 3.25313E-01
3.28187E+03 3.25829E-01
3.28284E+03 3.26346E-01
3.28380E+03 3.26808E-01
3.28477E+03 3.27308E-01
3.28573E+03 3.27742E-01
3.28669E+03 3.28139E-01
3.28766E+03 3.28729E-01
3.28862E+03 3.29241E-01
3.28959E+03 3.29528E-01
3.29055E+03 3.29960E-01
3.29152E+03 3.30442E-01
3.29248E+03 3.30770E-01
3.29345E+03 3.31208E-01
3.29441E+03 3.31653E-01
3.29537E+03 3.31981E-01
3.29634E+03 3.32350E-01
3.29730E+03 3.32727E-01
3.29827E+03 3.33078E-01
3.29923E+03 3.33436E-01
3.30020E+03 3.33640E-01
3.30116E+03 3.33870E-01
3.30213E+03 3.34251E-01
3.30309E+03 3.34601E-01
3.30405E+03 3.34793E-01
3.30502E+03 3.34909E-01
3.30598E+03 3.35124E-01
3.30695E+03 3.35399E-01
3.30791E+03 3.35669E-01
3.30888E+03 3.35798E-01
3.30984E+03 3.35914E-01
3.31080E+03 3.36029E-01
3.31177E+03 3.36152E-01
3.31273E+03 3.36306E-01
3.31370E+03 3.36336E-01
3.31466E+03 3.36361E-01
3.31563E+03 3.36438E-01
3.31659E+03 3.36429E-01
3.31756E+03 3.36400E-01
3.31852E+03 3.36424E-01
3.31948E+03 3.36405E-01
3.32045E+03 3.36456E-01
3.32141E+03 3.36450E-01
3.32238E+03 3.36342E-01
3.32334E+03 3.36326E-01
3.32431E+03 3.36275E-01
3.32527E+03 3.36221E-01
3.32624E+03 3.36141E-01
3.32720E+03 3.35945E-01
3.32816E+03 3.35761E-01
3.32913E+03 3.35629E-01
3.33009E+03 3.35483E-01
3.33106E+03 3.35328E-01
3.33202E+03 3.35174E-01
3.33299E+03 3.35008E-01
3.33395E+03 3.34852E-01
3.33492E+03 3.34594E-01
3.33588E+03 3.34322E-01
3.33684E+03 3.34150E-01
3.33781E+03 3.33965E-01
3.33877E+03 3.33709E-01
3.33974E+03 3.33465E-01
3.34070E+03 3.33206E-01
3.34167E+03 3.32994E-01
3.34263E+03 3.32837E-01
3.34359E+03 3.32534E-01
3.34456E+03 3.32179E-01
3.34552E+03 3.31926E-01
3.34649E+03 3.31741E-01
3.34745E+03 3.31428E-01
3.34842E+03 3.31089E-01
3.34938E+03 3.30809E-01
3.35035E+03 3.30520E-01
3.35131E+03 3.30166E-01
3.35227E+03 3.29825E-01
3.35324E+03 3.29527E-01
3.35420E+03 3.29171E-01
3.35517E+03 3.28834E-01
3.35613E+03 3.28428E-01
3.35710E+03 3.28105E-01
3.35806E+03 3.27786E-01
3.35903E+03 3.27340E-01
3.35999E+03 3.26906E-01
3.36095E+03 3.26485E-01
3.36192E+03 3.26124E-01
3.36288E+03 3.25733E-01
3.36385E+03 3.25211E-01
3.36481E+03 3.24764E-01
3.36578E+03 3.24386E-01
3.36674E+03 3.23852E-01
3.36770E+03 3.23372E-01
3.36867E+03 3.22933E-01
3.36963E+03 3.22374E-01
3.37060E+03 3.21814E-01
3.37156E+03 3.21327E-01
3.37253E+03 3.20768E-01
3.37349E+03 3.20154E-01
3.37446E+03 3.19531E-01
3.37542E+03 3.18939E-01
3.37638E+03 3.18368E-01
3.37735E+03 3.17773E-01
3.37831E+03 3.17214E-01
3.37928E+03 3.16545E-01
3.38024E+03 3.15800E-01
3.38121E+03 3.15098E-01
3.38217E+03 3.14310E-01
3.38314E+03 3.13537E-01
3.38410E+03 3.12802E-01
3.38506E+03 3.12131E-01
3.38603E+03 3.11441E-01
3.38699E+03 3.10564E-01
3.38796E+03 3.09778E-01
3.38892E+03 3.09002E-01
3.38989E+03 3.08096E-01
3.39085E+03 3.07157E-01
3.39181E+03 3.06249E-01
3.39278E+03 3.05355E-01
3.39374E+03 3.04486E-01
3.39471E+03 3.03548E-01
3.39567E+03 3.02555E-01
3.39664E+03 3.01549E-01
3.39760E+03 3.00525E-01
3.39857E+03 2.99534E-01
3.39953E+03 2.98507E-01
3.40049E+03 2.97438E-01
3.40146E+03 2.96326E-01
3.40242E+03 2.95281E-01
3.40339E+03 2.94164E-01
3.40435E+03 2.92973E-01
3.40532E+03 2.91774E-01
3.40628E+03 2.90569E-01
3.40725E+03 2.89404E-01
3.40821E+03 2.88145E-01
3.40917E+03 2.86924E-01
3.41014E+03 2.85655E-01
3.41110E+03 2.84350E-01
3.41207E+03 2.83148E-01
3.41303E+03 2.81826E-01
3.41400E+03 2.80337E-01
3.41496E+03 2.79190E-01
3.41593E+03 2.77963E-01
3.41689E+03 2.76478E-01
3.41785E+03 2.75183E-01
3.41882E+03 2.73884E-01
3.41978E+03 2.72473E-01
3.42075E+03 2.71003E-01
3.42171E+03 2.69564E-01
3.42268E+03 2.68165E-01
3.42364E+03 2.66769E-01
3.42460E+03 2.65267E-01
3.42557E+03 2.63741E-01
3.42653E+03 2.62251E-01
3.42750E+03 2.60788E-01
3.42846E+03 2.59342E-01
3.42943E+03 2.57821E-01
3.43039E+03 2.56362E-01
3.43136E+03 2.54930E-01
3.43232E+03 2.53385E-01
3.43328E+03 2.51767E-01
3.43425E+03 2.50186E-01
3.43521E+03 2.48676E-01
3.43618E+03 2.47142E-01
3.43714E+03 2.45550E-01
3.43811E+03 2.43928E-01
3.43907E+03 2.42353E-01
3.44004E+03 2.40796E-01
3.44100E+03 2.39222E-01
3.44196E+03 2.37689E-01
3.44293E+03 2.36090E-01
3.44389E+03 2.34441E-01
3.44486E+03 2.32889E-01
3.44582E+03 2.31373E-01
3.44679E+03 2.29791E-01
3.44775E+03 2.28110E-01
3.44871E+03 2.26512E-01
3.44968E+03 2.24966E-01
3.45064E+03 2.23316E-01
3.45161E+03 2.21706E-01
3.45257E+03 2.20106E-01
3.45354E+03 2.18472E-01
3.45450E+03 2.16919E-01
3.45547E+03 2.15364E-01
3.45643E+03 2.13792E-01
3.45739E+03 2.12168E-01
3.45836E+03 2.10459E-01
3.45932E+03 2.08856E-01
3.46029E+03 2.07311E-01
3.46125E+03 2.05701E-01
3.46222E+03 2.04068E-01
3.46318E+03 2.02518E-01
3.46415E+03 2.00997E-01
3.46511E+03 1.99394E-01
3.46607E+03 1.97774E-01
3.46704E+03 1.96103E-01
3.46800E+03 1.94484E-01
3.46897E+03 1.92984E-01
3.46993E+03 1.91402E-01
3.47090E+03 1.89779E-01
3.47186E+03 1.88098E-01
3.47282E+03 1.86479E-01
3.47379E+03 1.84912E-01
3.47475E+03 1.83329E-01
3.47572E+03 1.81787E-01
3.47668E+03 1.80142E-01
3.47765E+03 1.78467E-01
3.47861E+03 1.76857E-01
3.47958E+03 1.75247E-01
3.48054E+03 1.73599E-01
3.48150E+03 1.72070E-01
3.48247E+03 1.70437E-01
3.48343E+03 1.68712E-01
3.48440E+03 1.67094E-01
3.48536E+03 1.65474E-01
3.48633E+03 1.63859E-01
3.48729E+03 1.62212E-01
3.48826E+03 1.60580E-01
3.48922E+03 1.58989E-01
3.49018E+03 1.57376E-01
3.49115E+03 1.55737E-01
3.49211E+03 1.54043E-01
3.49308E+03 1.52338E-01
3.49404E+03 1.50676E-01
3.49501E+03 1.49019E-01
3.49597E+03 1.47399E-01
3.49694E+03 1.45766E-01
3.49790E+03 1.44072E-01
3.49886E+03 1.42373E-01
3.49983E+03 1.40622E-01
3.50079E+03 1.38836E-01
3.50176E+03 1.37145E-01
3.50272E+03 1.35484E-01
3.50369E+03 1.33687E-01
3.50465E+03 1.31914E-01
3.50561E+03 1.30213E-01
3.50658E+03 1.28462E-01
3.50754E+03 1.26675E-01
3.50851E+03 1.24869E-01
3.50947E+03 1.23044E-01
3.51044E+03 1.21239E-01
3.51140E+03 1.19508E-01
3.51237E+03 1.17735E-01
3.51333E+03 1.15907E-01
3.51429E+03 1.14055E-01
3.51526E+03 1.12201E-01
3.51622E+03 1.10429E-01
3.51719E+03 1.08620E-01
3.51815E+03 1.06772E-01
3.51912E+03 1.04989E-01
3.52008E+03 1.03149E-01
3.52105E+03 1.01322E-01
3.52201E+03 9.95605E-02
3.52297E+03 9.77790E-02
3.52394E+03 9.60507E-02
3.52490E+03 9.42503E-02
3.52587E+03 9.24851E-02
3.52683E+03 9.07888E-02
3.52780E+03 8.90181E-02
3.52876E+03 8.73028E-02
3.52972E+03 8.56425E-02
3.53069E+03 8.40039E-02
3.53165E+03 8.23177E-02
3.53262E+03 8.06414E-02
3.53358E+03 7.90270E-02
3.53455E+03 7.73764E-02
3.53551E+03 7.57400E-02
3.53648E+03 7.41816E-02
3.53744E+03 7.26196E-02
3.53840E+03 7.10539E-02
3.53937E+03 6.95815E-02
3.54033E+03 6.80861E-02
3.54130E+03 6.66021E-02
3.54226E+03 6.52073E-02
3.54323E+03 6.37315E-02
3.54419E+03 6.22740E-02
3.54516E+03 6.09217E-02
3.54612E+03 5.95457E-02
3.54708E+03 5.81807E-02
3.54805E+03 5.68945E-02
3.54901E+03 5.56058E-02
3.54998E+03 5.43557E-02
3.55094E+03 5.31417E-02
3.55191E+03 5.19437E-02
3.55287E+03 5.07689E-02
3.55383E+03 4.96342E-02
3.55480E+03 4.85407E-02
3.55576E+03 4.73966E-02
3.55673E+03 4.62844E-02
3.55769E+03 4.52369E-02
3.55866E+03 4.42390E-02
3.55962E+03 4.31816E-02
3.56059E+03 4.21323E-02
3.56155E+03 4.11829E-02
3.56251E+03 4.01627E-02
3.56348E+03 3.91639E-02
3.56444E+03 3.82737E-02
3.56541E+03 3.73970E-02
3.56637E+03 3.65198E-02
3.56734E+03 3.56734E-02
3.56830E+03 3.48565E-02
3.56927E+03 3.40964E-02
3.57023E+03 3.33852E-02
3.57119E+03 3.26343E-02
3.57216E+03 3.19422E-02
3.57312E+03 3.13261E-02
3.57409E+03 3.06829E-02
3.57505E+03 3.00782E-02
3.57602E+03 2.95754E-02
3.57698E+03 2.90853E-02
3.57795E+03 2.86779E-02
3.57891E+03 2.84239E-02
3.57987E+03 2.81807E-02
3.58084E+03 2.79986E-02
3.58180E+03 2.79750E-02
3.58277E+03 2.80578E-02
3.58373E+03 2.81792E-02
3.58470E+03 2.83991E-02
3.58566E+03 2.87148E-02
3.58662E+03 2.90739E-02
3.58759E+03 2.95319E-02
3.58855E+03 3.00311E-02
3.58952E+03 3.05606E-02
3.59048E+03 3.11322E-02
3.59145E+03 3.17334E-02
3.59241E+03 3.22902E-02
3.59338E+03 3.27059E-02
3.59434E+03 3.29199E-02
3.59530E+03 3.26960E-02
3.59627E+03 3.18828E-02
3.59723E+03 3.05355E-02
3.59820E+03 2.87681E-02
3.59916E+03 2.68387E-02
3.60013E+03 2.49834E-02
3.60109E+03 2.32726E-02
3.60206E+03 2.18429E-02
3.60302E+03 2.07330E-02
3.60398E+03 1.98383E-02
3.60495E+03 1.91626E-02
3.60591E+03 1.86350E-02
3.60688E+03 1.82166E-02
3.60784E+03 1.79605E-02
3.60881E+03 1.77831E-02
3.60977E+03 1.76274E-02
3.61074E+03 1.75023E-02
3.61170E+03 1.74907E-02
3.61266E+03 1.74861E-02
3.61363E+03 1.75273E-02
3.61459E+03 1.76656E-02
3.61556E+03 1.78265E-02
3.61652E+03 1.81028E-02
3.61749E+03 1.84278E-02
3.61845E+03 1.88472E-02
3.61941E+03 1.93612E-02
3.62038E+03 1.99542E-02
3.62134E+03 2.06638E-02
3.62231E+03 2.14594E-02
3.62327E+03 2.23188E-02
3.62424E+03 2.32680E-02
3.62520E+03 2.43265E-02
3.62617E+03 2.54507E-02
3.62713E+03 2.67322E-02
3.62809E+03 2.80700E-02
3.62906E+03 2.94079E-02
3.63002E+03 3.08550E-02
3.63099E+03 3.24320E-02
3.63195E+03 3.41147E-02
3.63292E+03 3.57713E-02
3.63388E+03 3.75056E-02
3.63485E+03 3.93491E-02
3.63581E+03 4.12082E-02
3.63677E+03 4.31356E-02
3.63774E+03 4.51317E-02
3.63870E+03 4.71432E-02
3.63967E+03 4.91470E-02
3.64063E+03 5.12160E-02
3.64160E+03 5.32926E-02
3.64256E+03 5.53188E-02
3.64352E+03 5.72723E-02
3.64449E+03 5.91820E-02
3.64545E+03 6.10830E-02
3.64642E+03 6.28234E-02
3.64738E+03 6.43680E-02
3.64835E+03 6.58061E-02
3.64931E+03 6.71470E-02
3.65028E+03 6.82404E-02
3.65124E+03 6.91752E-02
3.65220E+03 6.99830E-02
3.65317E+03 7.05264E-02
3.65413E+03 7.08789E-02
3.65510E+03 7.10440E-02
3.65606E+03 7.09414E-02
3.65703E+03 7.05024E-02
3.65799E+03 6.98886E-02
3.65896E+03 6.90870E-02
3.65992E+03 6.80163E-02
3.66088E+03 6.67326E-02
3.66185E+03 6.51686E-02
3.66281E+03 6.35021E-02
3.66378E+03 6.16625E-02
3.66474E+03 5.95206E-02
3.66571E+03 5.73288E-02
3.66667E+03 5.50044E-02
3.66764E+03 5.25193E-02
3.66860E+03 4.99802E-02
3.66956E+03 4.74402E-02
3.67053E+03 4.49246E-02
3.67149E+03 4.23737E-02
3.67246E+03 3.98091E-02
3.67342E+03 3.72543E-02
3.67439E+03 3.47284E-02
3.67535E+03 3.22041E-02
3.67631E+03 2.97122E-02
3.67728E+03 2.74109E-02
3.67824E+03 2.52666E-02
3.67921E+03 2.31415E-02
3.68017E+03 2.10593E-02
3.68114E+03 1.91420E-02
3.68210E+03 1.74301E-02
3.68307E+03 1.58212E-02
3.68403E+03 1.43671E-02
3.68499E+03 1.31208E-02
3.68596E+03 1.19972E-02
3.68692E+03 1.10896E-02
3.68789E+03 1.04634E-02
3.68885E+03 1.00178E-02
3.68982E+03 9.90594E-03
3.69078E+03 1.01795E-02
3.69175E+03 1.08227E-02
3.69271E+03 1.19716E-02
3.69367E+03 1.37438E-02
3.69464E+03 1.62597E-02
3.69560E+03 1.96252E-02
3.69657E+03 2.38300E-02
3.69753E+03 2.87491E-02
3.69850E+03 3.40849E-02
3.69946E+03 3.92224E-02
3.70042E+03 4.35992E-02
3.70139E+03 4.65137E-02
3.70235E+03 4.74285E-02
3.70332E+03 4.63116E-02
3.70428E+03 4.32239E-02
3.70525E+03 3.86589E-02
3.70621E+03 3.31525E-02
3.70718E+03 2.72468E-02
3.70814E+03 2.16094E-02
3.70910E+03 1.66812E-02
3.71007E+03 1.26894E-02
3.71103E+03 9.64476E-03
3.71200E+03 7.40986E-03
3.71296E+03 5.83997E-03
3.71393E+03 4.75194E-03
3.71489E+03 3.99908E-03
3.71586E+03 3.40185E-03
3.71682E+03 2.93406E-03
3.71778E+03 2.56081E-03
3.71875E+03 2.24302E-03
3.71971E+03 2.05107E-03
3.72068E+03 1.86067E-03
3.72164E+03 1.62113E-03
3.72261E+03 1.38373E-03
3.72357E+03 1.18567E-03
3.72453E+03 1.03111E-03
3.72550E+03 8.50737E-04
3.72646E+03 6.90784E-04
3.72743E+03 5.30396E-04
3.72839E+03 3.29375E-04
3.72936E+03 1.69218E-04
3.73032E+03 6.54906E-06
3.73129E+03 -1.62371E-04
3.73225E+03 -3.61484E-04
3.73321E+03 -5.53355E-04
3.73418E+03 -6.73335E-04
3.73514E+03 -8.27242E-04
3.73611E+03 -1.04384E-03
3.73707E+03 -1.25195E-03
3.73804E+03 -1.39979E-03
3.73900E+03 -1.52135E-03
3.73997E+03 -1.66952E-03
3.74093E+03 -1.84431E-03
3.74189E+03 -2.03381E-03
3.74286E+03 -2.19655E-03
3.74382E+03 -2.31075E-03
3.74479E+03 -2.46891E-03
3.74575E+03 -2.58512E-03
3.74672E+03 -2.67360E-03
3.74768E+03 -2.83373E-03
3.74865E+03 -2.99677E-03
3.74961E+03 -3.14747E-03
3.75057E+03 -3.25024E-03
3.75154E+03 -3.40829E-03
3.75250E+03 -3.53242E-03
3.75347E+03 -3.58862E-03
3.75443E+03 -3.68772E-03
3.75540E+03 -3.77009E-03
3.75636E+03 -3.80535E-03
3.75732E+03 -3.85971E-03
3.75829E+03 -3.89776E-03
3.75925E+03 -3.92511E-03
3.76022E+03 -3.98429E-03
3.76118E+03 -3.96888E-03
3.76215E+03 -3.95453E-03
3.76311E+03 -3.99990E-03
3.76408E+03 -4.03896E-03
3.76504E+03 -4.07046E-03
3.76600E+03 -4.06933E-03
3.76697E+03 -4.09192E-03
3.76793E+03 -4.10001E-03
3.76890E+03 -4.07745E-03
3.76986E+03 -4.09660E-03
3.77083E+03 -4.11929E-03
3.77179E+03 -4.12702E-03
3.77276E+03 -4.15199E-03
3.77372E+03 -4.20268E-03
3.77468E+03 -4.27807E-03
3.77565E+03 -4.27695E-03
3.77661E+03 -4.24664E-03
3.77758E+03 -4.23532E-03
3.77854E+03 -4.21862E-03
3.77951E+03 -4.21869E-03
3.78047E+03 -4.23657E-03
3.78143E+03 -4.25977E-03
3.78240E+03 -4.25908E-03
3.78336E+03 -4.26051E-03
3.78433E+03 -4.28965E-03
3.78529E+03 -4.32182E-03
3.78626E+03 -4.34563E-03
3.78722E+03 -4.37870E-03
3.78819E+03 -4.36416E-03
3.78915E+03 -4.37752E-03
3.79011E+03 -4.37510E-03
3.79108E+03 -4.33347E-03
3.79204E+03 -4.37016E-03
3.79301E+03 -4.42834E-03
3.79397E+03 -4.46582E-03
3.79494E+03 -4.47922E-03
3.79590E+03 -4.46871E-03
3.79687E+03 -4.46903E-03
3.79783E+03 -4.48486E-03
3.79879E+03 -4.48279E-03
3.79976E+03 -4.52333E-03
3.80072E+03 -4.57128E-03
3.80169E+03 -4.57119E-03
3.80265E+03 -4.60901E-03
3.80362E+03 -4.63822E-03
3.80458E+03 -4.64059E-03
3.80554E+03 -4.65203E-03
3.80651E+03 -4.70551E-03
3.80747E+03 -4.76858E-03
3.80844E+03 -4.73745E-03
3.80940E+03 -4.69210E-03
3.81037E+03 -4.77209E-03
3.81133E+03 -4.78188E-03
3.81230E+03 -4.75334E-03
3.81326E+03 -4.76667E-03
3.81422E+03 -4.74977E-03
3.81519E+03 -4.79184E-03
3.81615E+03 -4.85464E-03
3.81712E+03 -4.85943E-03
3.81808E+03 -4.85519E-03
3.81905E+03 -4.87005E-03
3.82001E+03 -4.87770E-03
3.82098E+03 -4.91451E-03
3.82194E+03 -4.97603E-03
3.82290E+03 -4.96976E-03
3.82387E+03 -4.93946E-03
3.82483E+03 -5.00996E-03
3.82580E+03 -5.08801E-03
3.82676E+03 -5.04096E-03
3.82773E+03 -5.00114E-03
3.82869E+03 -5.02962E-03
3.82966E+03 -5.02859E-03
3.83062E+03 -5.06646E-03
3.83158E+03 -5.10064E-03
3.83255E+03 -5.08139E-03
3.83351E+03 -5.09060E-03
3.83448E+03 -5.11511E-03
3.83544E+03 -5.13349E-03
3.83641E+03 -5.16655E-03
3.83737E+03 -5.21576E-03
3.83833E+03 -5.24717E-03
3.83930E+03 -5.26080E-03
3.84026E+03 -5.29762E-03
3.84123E+03 -5.29245E-03
3.84219E+03 -5.24979E-03
3.84316E+03 -5.28627E-03
3.84412E+03 -5.30738E-03
3.84509E+03 -5.26641E-03
3.84605E+03 -5.27695E-03
3.84701E+03 -5.24836E-03
3.84798E+03 -5.24843E-03
3.84894E+03 -5.32389E-03
3.84991E+03 -5.31568E-03
3.85087E+03 -5.30389E-03
3.85184E+03 -5.35649E-03
3.85280E+03 -5.35739E-03
3.85377E+03 -5.35828E-03
3.85473E+03 -5.40105E-03
3.85569E+03 -5.39848E-03
3.85666E+03 -5.38635E-03
3.85762E+03 -5.41465E-03
3.85859E+03 -5.40201E-03
3.85955E+03 -5.37899E-03
3.86052E+03 -5.37068E-03
3.86148E+03 -5.36772E-03
3.86244E+03 -5.41409E-03
3.86341E+03 -5.40408E-03
3.86437E+03 -5.45200E-03
3.86534E+03 -5.52851E-03
3.86630E+03 -5.52424E-03
3.86727E+03 -5.52829E-03
3.86823E+03 -5.47686E-03
3.86920E+03 -5.44311E-03
3.87016E+03 -5.43596E-03
3.87112E+03 -5.46006E-03
3.87209E+03 -5.49738E-03
3.87305E+03 -5.51229E-03
3.87402E+03 -5.53592E-03
3.87498E+03 -5.58617E-03
3.87595E+03 -5.61991E-03
3.87691E+03 -5.60247E-03
3.87788E+03 -5.60781E-03
3.87884E+03 -5.63379E-03
3.87980E+03 -5.67403E-03
3.88077E+03 -5.68387E-03
3.88173E+03 -5.67648E-03
3.88270E+03 -5.68642E-03
3.88366E+03 -5.69371E-03
3.88463E+03 -5.73209E-03
3.88559E+03 -5.73157E-03
3.88655E+03 -5.72143E-03
3.88752E+03 -5.73375E-03
3.88848E+03 -5.70465E-03
3.88945E+03 -5.74437E-03
3.89041E+03 -5.76091E-03
3.89138E+03 -5.73127E-03
3.89234E+03 -5.75673E-03
3.89331E+03 -5.77078E-03
3.89427E+03 -5.75759E-03
3.89523E+03 -5.73865E-03
3.89620E+03 -5.78741E-03
3.89716E+03 -5.79212E-03
3.89813E+03 -5.75386E-03
3.89909E+03 -5.80398E-03
3.90006E+03 -5.82099E-03
3.90102E+03 -5.79669E-03
3.90199E+03 -5.76753E-03
3.90295E+03 -5.80059E-03
3.90391E+03 -5.82853E-03
3.90488E+03 -5.80121E-03
3.90584E+03 -5.78309E-03
3.90681E+03 -5.75775E-03
3.90777E+03 -5.76907E-03
3.90874E+03 -5.79831E-03
3.90970E+03 -5.75712E-03
3.91067E+03 -5.76236E-03
3.91163E+03 -5.86198E-03
3.91259E+03 -5.84144E-03
3.91356E+03 -5.79913E-03
3.91452E+03 -5.82679E-03
3.91549E+03 -5.77924E-03
3.91645E+03 -5.75876E-03
3.91742E+03 -5.81103E-03
3.91838E+03 -5.78434E-03
3.91934E+03 -5.71720E-03
3.92031E+03 -5.72255E-03
3.92127E+03 -5.73454E-03
3.92224E+03 -5.73583E-03
3.92320E+03 -5.74476E-03
3.92417E+03 -5.75075E-03
3.92513E+03 -5.74854E-03
3.92610E+03 -5.69652E-03
3.92706E+03 -5.67418E-03
3.92802E+03 -5.74388E-03
3.92899E+03 -5.85788E-03
3.92995E+03 -5.84973E-03
3.93092E+03 -5.77533E-03
3.93188E+03 -5.76724E-03
3.93285E+03 -5.77213E-03
3.93381E+03 -5.73201E-03
3.93478E+03 -5.69960E-03
3.93574E+03 -5.73562E-03
3.93670E+03 -5.73587E-03
3.93767E+03 -5.70686E-03
3.93863E+03 -5.70179E-03
3.93960E+03 -5.70301E-03
3.94056E+03 -5.68985E-03
3.94153E+03 -5.69725E-03
3.94249E+03 -5.74339E-03
3.94346E+03 -5.77117E-03
3.94442E+03 -5.74344E-03
3.94538E+03 -5.69222E-03
3.94635E+03 -5.67870E-03
3.94731E+03 -5.74448E-03
3.94828E+03 -5.79985E-03
3.94924E+03 -5.72092E-03
3.95021E+03 -5.67018E-03
3.95117E+03 -5.71388E-03
3.95213E+03 -5.71326E-03
3.95310E+03 -5.66240E-03
3.95406E+03 -5.67411E-03
3.95503E+03 -5.72024E-03
3.95599E+03 -5.70405E-03
3.95696E+03 -5.64969E-03
3.95792E+03 -5.59890E-03
3.95889E+03 -5.61583E-03
3.95985E+03 -5.60591E-03
3.96081E+03 -5.56992E-03
3.96178E+03 -5.61329E-03
3.96274E+03 -5.60909E-03
3.96371E+03 -5.58021E-03
3.96467E+03 -5.59545E-03
3.96564E+03 -5.59883E-03
3.96660E+03 -5.60315E-03
3.96757E+03 -5.59618E-03
3.96853E+03 -5.60933E-03
3.96949E+03 -5.67455E-03
3.97046E+03 -5.67460E-03
3.97142E+03 -5.65186E-03
3.97239E+03 -5.62771E-03
3.97335E+03 -5.56805E-03
3.97432E+03 -5.59190E-03
3.97528E+03 -5.61803E-03
3.97624E+03 -5.56605E-03
3.97721E+03 -5.48721E-03
3.97817E+03 -5.45228E-03
3.97914E+03 -5.46346E-03
3.98010E+03 -5.43149E-03
3.98107E+03 -5.39859E-03
3.98203E+03 -5.43104E-03
3.98300E+03 -5.49183E-03
3.98396E+03 -5.51731E-03
3.98492E+03 -5.51372E-03
3.98589E+03 -5.51833E-03
3.98685E+03 -5.45127E-03
3.98782E+03 -5.39657E-03
3.98878E+03 -5.43592E-03
3.98975E+03 -5.42481E-03
3.99071E+03 -5.32750E-03
3.99168E+03 -5.31823E-03
3.99264E+03 -5.30274E-03
3.99360E+03 -5.22980E-03
3.99457E+03 -5.25410E-03
3.99553E+03 -5.25174E-03
3.99650E+03 -5.25270E-03
3.99746E+03 -5.32479E-03
3.99843E+03 -5.28997E-03
3.99939E+03 -5.17247E-03
4.00035E+03 -5.17830E-03
4.00132E+03 -5.18889E-03
