# {"full": "H2O:CH3OH:CO2 (0.9:0.3:1)", "name": "H2O:CH3OH:CO2", "ratio": "(0.9:0.3:1)", "url": "https://icedb.strw.leidenuniv.nl/data/51", "author": "Ehrenfreund et al."}
3.99264E+02 -4.32641E-03
4.00228E+02 -6.57786E-03
4.01193E+02 -6.95376E-03
4.02157E+02 -5.88626E-03
4.03122E+02 -6.29349E-03
4.04086E+02 -5.47367E-03
4.05050E+02 -5.19346E-03
4.06015E+02 -4.21849E-03
4.06979E+02 -6.13605E-03
4.07944E+02 -7.03746E-03
4.08908E+02 -4.71801E-03
4.09872E+02 -4.23985E-03
4.10837E+02 -3.25241E-03
4.11801E+02 -2.81990E-03
4.12766E+02 -5.02462E-03
4.13730E+02 -4.53544E-03
4.14694E+02 -1.61533E-03
4.15659E+02 -3.01145E-03
4.16623E+02 -3.51275E-03
4.17588E+02 -3.92954E-03
4.18552E+02 -5.36988E-03
4.19516E+02 -6.72978E-03
4.20481E+02 -1.49301E-02
4.21445E+02 -5.11597E-03
4.22410E+02 7.47062E-03
4.23374E+02 2.74783E-03
4.24339E+02 5.31115E-04
4.25303E+02 1.20927E-04
4.26267E+02 1.22648E-04
4.27232E+02 2.21044E-04
4.28196E+02 1.00309E-03
4.29161E+02 -6.69818E-04
4.30125E+02 -1.41985E-03
4.31089E+02 -5.56551E-04
4.32054E+02 -1.00432E-03
4.33018E+02 -1.28088E-03
4.33983E+02 -4.24065E-04
4.34947E+02 -4.25063E-04
4.35911E+02 -9.55079E-04
4.36876E+02 -5.76444E-04
4.37840E+02 -5.83801E-04
4.38805E+02 -1.20375E-04
4.39769E+02 -5.40856E-04
4.40733E+02 1.01563E-03
4.41698E+02 -3.76833E-03
4.42662E+02 -1.08278E-02
4.43627E+02 -5.51189E-03
4.44591E+02 -2.47409E-03
4.45555E+02 -2.86487E-03
4.46520E+02 -2.02150E-03
4.47484E+02 -1.94499E-03
4.48449E+02 -1.44492E-03
4.49413E+02 -1.57259E-03
4.50377E+02 -2.26549E-03
4.51342E+02 -1.70891E-03
4.52306E+02 -1.17931E-03
4.53271E+02 -1.44933E-03
4.54235E+02 -1.15176E-03
4.55199E+02 -9.58648E-04
4.56164E+02 3.63648E-04
4.57128E+02 3.70979E-04
4.58093E+02 -1.09188E-03
4.59057E+02 -1.45707E-03
4.60022E+02 -1.12273E-03
4.60986E+02 -8.80044E-04
4.61950E+02 -5.75501E-04
4.62915E+02 -4.01497E-04
4.63879E+02 -9.85011E-04
4.64844E+02 -1.11906E-03
4.65808E+02 -9.22266E-04
4.66772E+02 -1.03034E-03
4.67737E+02 -8.29928E-04
4.68701E+02 -1.15826E-03
4.69666E+02 -1.46417E-03
4.70630E+02 -8.06123E-04
4.71594E+02 -7.27993E-04
4.72559E+02 -8.87256E-04
4.73523E+02 -6.74102E-04
4.74488E+02 -5.21649E-04
4.75452E+02 -2.68664E-04
4.76416E+02 -6.47441E-04
4.77381E+02 -1.39307E-03
4.78345E+02 -5.75047E-04
4.79310E+02 3.47950E-04
4.80274E+02 2.97971E-04
4.81238E+02 4.82649E-04
4.82203E+02 6.29272E-04
4.83167E+02 9.18500E-04
4.84132E+02 1.60865E-03
4.85096E+02 1.81788E-03
4.86060E+02 1.76324E-03
4.87025E+02 2.07234E-03
4.87989E+02 2.25218E-03
4.88954E+02 2.16144E-03
4.89918E+02 2.14179E-03
4.90883E+02 2.17747E-03
4.91847E+02 2.58172E-03
4.92811E+02 3.16940E-03
4.93776E+02 3.36977E-03
4.94740E+02 3.57854E-03
4.95705E+02 3.80787E-03
4.96669E+02 4.17837E-03
4.97633E+02 4.82719E-03
4.98598E+02 4.14744E-03
4.99562E+02 3.56610E-03
5.00527E+02 4.35062E-03
5.01491E+02 4.72171E-03
5.02455E+02 5.03070E-03
5.03420E+02 5.23550E-03
5.04384E+02 5.61412E-03
5.05349E+02 6.08654E-03
5.06313E+02 6.02107E-03
5.07277E+02 6.02176E-03
5.08242E+02 6.40919E-03
5.09206E+02 6.60425E-03
5.10171E+02 6.79770E-03
5.11135E+02 7.09153E-03
5.12099E+02 7.62181E-03
5.13064E+02 7.86551E-03
5.14028E+02 7.96797E-03
5.14993E+02 8.14653E-03
5.15957E+02 8.44139E-03
5.16921E+02 8.56833E-03
5.17886E+02 9.09134E-03
5.18850E+02 7.94195E-03
5.19815E+02 5.69199E-03
5.20779E+02 7.40185E-03
5.21743E+02 8.95862E-03
5.22708E+02 9.13390E-03
5.23672E+02 9.52781E-03
5.24637E+02 9.69492E-03
5.25601E+02 9.88366E-03
5.26565E+02 1.01289E-02
5.27530E+02 1.04461E-02
5.28494E+02 1.06283E-02
5.29459E+02 1.09040E-02
5.30423E+02 1.11144E-02
5.31388E+02 1.12223E-02
5.32352E+02 1.13634E-02
5.33316E+02 1.16049E-02
5.34281E+02 1.19106E-02
5.35245E+02 1.19368E-02
5.36210E+02 1.19244E-02
5.37174E+02 1.23606E-02
5.38138E+02 1.25671E-02
5.39103E+02 1.26677E-02
5.40067E+02 1.27152E-02
5.41032E+02 1.29231E-02
5.41996E+02 1.32554E-02
5.42960E+02 1.33920E-02
5.43925E+02 1.36317E-02
5.44889E+02 1.38503E-02
5.45854E+02 1.39142E-02
5.46818E+02 1.39343E-02
5.47782E+02 1.42691E-02
5.48747E+02 1.46084E-02
5.49711E+02 1.47437E-02
5.50676E+02 1.50171E-02
5.51640E+02 1.52053E-02
5.52604E+02 1.53191E-02
5.53569E+02 1.57220E-02
5.54533E+02 1.59218E-02
5.55498E+02 1.57260E-02
5.56462E+02 1.58814E-02
5.57427E+02 1.61292E-02
5.58391E+02 1.63156E-02
5.59355E+02 1.66324E-02
5.60320E+02 1.68735E-02
5.61284E+02 1.71705E-02
5.62249E+02 1.73645E-02
5.63213E+02 1.74634E-02
5.64177E+02 1.76981E-02
5.65142E+02 1.78474E-02
5.66106E+02 1.80684E-02
5.67071E+02 1.83004E-02
5.68035E+02 1.84850E-02
5.68999E+02 1.87469E-02
5.69964E+02 1.90883E-02
5.70928E+02 1.93022E-02
5.71893E+02 1.94997E-02
5.72857E+02 1.98660E-02
5.73821E+02 2.01049E-02
5.74786E+02 2.06797E-02
5.75750E+02 2.08576E-02
5.76715E+02 2.05363E-02
5.77679E+02 2.09020E-02
5.78643E+02 2.13085E-02
5.79608E+02 2.15122E-02
5.80572E+02 2.17970E-02
5.81537E+02 2.21937E-02
5.82501E+02 2.24075E-02
5.83465E+02 2.25132E-02
5.84430E+02 2.28857E-02
5.85394E+02 2.32888E-02
5.86359E+02 2.36310E-02
5.87323E+02 2.39853E-02
5.88287E+02 2.43204E-02
5.89252E+02 2.47266E-02
5.90216E+02 2.50096E-02
5.91181E+02 2.53037E-02
5.92145E+02 2.57739E-02
5.93109E+02 2.61766E-02
5.94074E+02 2.65571E-02
5.95038E+02 2.70591E-02
5.96003E+02 2.74484E-02
5.96967E+02 2.74332E-02
5.97932E+02 2.79037E-02
5.98896E+02 2.85926E-02
5.99860E+02 2.90393E-02
6.00825E+02 2.95283E-02
6.01789E+02 2.99604E-02
6.02754E+02 3.05087E-02
6.03718E+02 3.10380E-02
6.04682E+02 3.15944E-02
6.05647E+02 3.21911E-02
6.06611E+02 3.28252E-02
6.07576E+02 3.34259E-02
6.08540E+02 3.39639E-02
6.09504E+02 3.46182E-02
6.10469E+02 3.53371E-02
6.11433E+02 3.59816E-02
6.12398E+02 3.65995E-02
6.13362E+02 3.73855E-02
6.14326E+02 3.81874E-02
6.15291E+02 3.89593E-02
6.16255E+02 3.98190E-02
6.17220E+02 4.07236E-02
6.18184E+02 4.17760E-02
6.19148E+02 4.29256E-02
6.20113E+02 4.39398E-02
6.21077E+02 4.50637E-02
6.22042E+02 4.63620E-02
6.23006E+02 4.76874E-02
6.23971E+02 4.91221E-02
6.24935E+02 5.06430E-02
6.25899E+02 5.22420E-02
6.26864E+02 5.40351E-02
6.27828E+02 5.59079E-02
6.28793E+02 5.80946E-02
6.29757E+02 6.03264E-02
6.30721E+02 6.28955E-02
6.31686E+02 6.56148E-02
6.32650E+02 6.77993E-02
6.33615E+02 7.07721E-02
6.34579E+02 7.44209E-02
6.35543E+02 7.84993E-02
6.36508E+02 8.33940E-02
6.37472E+02 8.91129E-02
6.38437E+02 9.58605E-02
6.39401E+02 1.01994E-01
6.40365E+02 1.07850E-01
6.41330E+02 1.15256E-01
6.42294E+02 1.23658E-01
6.43259E+02 1.32698E-01
6.44223E+02 1.42594E-01
6.45187E+02 1.53105E-01
6.46152E+02 1.63844E-01
6.47116E+02 1.74440E-01
6.48081E+02 1.84765E-01
6.49045E+02 1.94857E-01
6.50009E+02 2.05391E-01
6.50974E+02 2.17409E-01
6.51938E+02 2.33304E-01
6.52903E+02 2.56715E-01
6.53867E+02 2.91052E-01
6.54831E+02 3.22867E-01
6.55796E+02 3.22177E-01
6.56760E+02 3.04158E-01
6.57725E+02 2.93567E-01
6.58689E+02 2.93337E-01
6.59654E+02 2.98506E-01
6.60618E+02 2.86897E-01
6.61582E+02 2.61016E-01
6.62547E+02 2.35856E-01
6.63511E+02 2.12797E-01
6.64476E+02 1.91948E-01
6.65440E+02 1.73064E-01
6.66404E+02 1.55977E-01
6.67369E+02 1.40496E-01
6.68333E+02 1.26254E-01
6.69298E+02 1.13089E-01
6.70262E+02 1.00790E-01
6.71226E+02 8.95454E-02
6.72191E+02 7.90756E-02
6.73155E+02 6.86615E-02
6.74120E+02 5.88109E-02
6.75084E+02 5.03959E-02
6.76048E+02 4.36302E-02
6.77013E+02 3.86485E-02
6.77977E+02 3.56560E-02
6.78942E+02 3.44926E-02
6.79906E+02 3.42809E-02
6.80870E+02 3.43405E-02
6.81835E+02 3.45429E-02
6.82799E+02 3.48536E-02
6.83764E+02 3.51755E-02
6.84728E+02 3.55406E-02
6.85692E+02 3.59576E-02
6.86657E+02 3.64174E-02
6.87621E+02 3.68938E-02
6.88586E+02 3.72236E-02
6.89550E+02 3.76365E-02
6.90514E+02 3.81816E-02
6.91479E+02 3.87088E-02
6.92443E+02 3.91566E-02
6.93408E+02 3.96139E-02
6.94372E+02 4.01454E-02
6.95337E+02 4.03348E-02
6.96301E+02 4.07128E-02
6.97265E+02 4.13292E-02
6.98230E+02 4.18111E-02
6.99194E+02 4.23379E-02
7.00159E+02 4.28147E-02
7.01123E+02 4.29694E-02
7.02087E+02 4.37110E-02
7.03052E+02 4.47493E-02
7.04016E+02 4.51608E-02
7.04981E+02 4.56520E-02
7.05945E+02 4.61680E-02
7.06909E+02 4.65625E-02
7.07874E+02 4.73119E-02
7.08838E+02 4.78208E-02
7.09803E+02 4.76907E-02
7.10767E+02 4.81446E-02
7.11731E+02 4.88083E-02
7.12696E+02 4.93395E-02
7.13660E+02 4.98548E-02
7.14625E+02 5.02951E-02
7.15589E+02 5.08183E-02
7.16553E+02 5.12947E-02
7.17518E+02 5.17468E-02
7.18482E+02 5.22687E-02
7.19447E+02 5.27543E-02
7.20411E+02 5.31941E-02
7.21375E+02 5.36448E-02
7.22340E+02 5.40970E-02
7.23304E+02 5.45181E-02
7.24269E+02 5.49849E-02
7.25233E+02 5.54799E-02
7.26198E+02 5.59056E-02
7.27162E+02 5.63112E-02
7.28126E+02 5.67587E-02
7.29091E+02 5.70222E-02
7.30055E+02 5.73325E-02
7.31020E+02 5.80475E-02
7.31984E+02 5.85641E-02
7.32948E+02 5.89567E-02
7.33913E+02 5.93842E-02
7.34877E+02 5.98213E-02
7.35842E+02 6.02397E-02
7.36806E+02 6.06456E-02
7.37770E+02 6.09865E-02
7.38735E+02 6.13642E-02
7.39699E+02 6.17900E-02
7.40664E+02 6.21674E-02
7.41628E+02 6.25960E-02
7.42592E+02 6.29765E-02
7.43557E+02 6.33393E-02
7.44521E+02 6.36855E-02
7.45486E+02 6.40355E-02
7.46450E+02 6.44318E-02
7.47414E+02 6.48066E-02
7.48379E+02 6.51969E-02
7.49343E+02 6.56291E-02
7.50308E+02 6.62468E-02
7.51272E+02 6.63580E-02
7.52236E+02 6.61513E-02
7.53201E+02 6.65829E-02
7.54165E+02 6.70113E-02
7.55130E+02 6.73551E-02
7.56094E+02 6.77259E-02
7.57058E+02 6.80455E-02
7.58023E+02 6.83923E-02
7.58987E+02 6.86864E-02
7.59952E+02 6.88965E-02
7.60916E+02 6.92091E-02
7.61880E+02 6.96044E-02
7.62845E+02 6.98391E-02
7.63809E+02 7.01093E-02
7.64774E+02 7.03994E-02
7.65738E+02 7.04672E-02
7.66703E+02 7.06591E-02
7.67667E+02 7.09274E-02
7.68631E+02 7.11397E-02
7.69596E+02 7.13540E-02
7.70560E+02 7.15781E-02
7.71525E+02 7.18315E-02
7.72489E+02 7.20129E-02
7.73453E+02 7.21636E-02
7.74418E+02 7.23508E-02
7.75382E+02 7.25605E-02
7.76347E+02 7.27592E-02
7.77311E+02 7.28932E-02
7.78275E+02 7.29712E-02
7.79240E+02 7.30391E-02
7.80204E+02 7.31626E-02
7.81169E+02 7.32997E-02
7.82133E+02 7.34582E-02
7.83097E+02 7.36669E-02
7.84062E+02 7.38573E-02
7.85026E+02 7.38327E-02
7.85991E+02 7.37065E-02
7.86955E+02 7.39635E-02
7.87919E+02 7.42570E-02
7.88884E+02 7.43159E-02
7.89848E+02 7.43761E-02
7.90813E+02 7.44614E-02
7.91777E+02 7.44860E-02
7.92742E+02 7.45354E-02
7.93706E+02 7.46670E-02
7.94670E+02 7.47436E-02
7.95635E+02 7.47659E-02
7.96599E+02 7.48095E-02
7.97564E+02 7.48062E-02
7.98528E+02 7.48239E-02
7.99492E+02 7.48132E-02
8.00457E+02 7.47401E-02
8.01421E+02 7.47630E-02
8.02386E+02 7.47337E-02
8.03350E+02 7.46872E-02
8.04314E+02 7.46327E-02
8.05279E+02 7.44659E-02
8.06243E+02 7.44075E-02
8.07208E+02 7.43551E-02
8.08172E+02 7.42642E-02
8.09136E+02 7.41649E-02
8.10101E+02 7.40612E-02
8.11065E+02 7.40297E-02
8.12030E+02 7.39074E-02
8.12994E+02 7.37600E-02
8.13958E+02 7.36888E-02
8.14923E+02 7.35431E-02
8.15887E+02 7.33614E-02
8.16852E+02 7.32023E-02
8.17816E+02 7.30434E-02
8.18780E+02 7.29045E-02
8.19745E+02 7.27181E-02
8.20709E+02 7.24902E-02
8.21674E+02 7.23123E-02
8.22638E+02 7.21062E-02
8.23602E+02 7.18727E-02
8.24567E+02 7.16505E-02
8.25531E+02 7.14437E-02
8.26496E+02 7.12407E-02
8.27460E+02 7.10893E-02
8.28424E+02 7.08584E-02
8.29389E+02 7.03935E-02
8.30353E+02 7.00466E-02
8.31318E+02 6.97808E-02
8.32282E+02 6.94942E-02
8.33247E+02 6.92001E-02
8.34211E+02 6.88777E-02
8.35175E+02 6.85757E-02
8.36140E+02 6.82090E-02
8.37104E+02 6.78171E-02
8.38069E+02 6.75044E-02
8.39033E+02 6.71936E-02
8.39997E+02 6.68221E-02
8.40962E+02 6.64360E-02
8.41926E+02 6.59262E-02
8.42891E+02 6.55206E-02
8.43855E+02 6.52629E-02
8.44819E+02 6.48900E-02
8.45784E+02 6.44384E-02
8.46748E+02 6.40238E-02
8.47713E+02 6.36410E-02
8.48677E+02 6.31874E-02
8.49641E+02 6.27241E-02
8.50606E+02 6.22824E-02
8.51570E+02 6.18294E-02
8.52535E+02 6.13813E-02
8.53499E+02 6.09190E-02
8.54463E+02 6.04260E-02
8.55428E+02 5.99136E-02
8.56392E+02 5.96604E-02
8.57357E+02 5.93061E-02
8.58321E+02 5.87631E-02
8.59286E+02 5.83080E-02
8.60250E+02 5.79869E-02
8.61214E+02 5.75370E-02
8.62179E+02 5.66113E-02
8.63143E+02 5.59176E-02
8.64108E+02 5.55933E-02
8.65072E+02 5.51129E-02
8.66036E+02 5.46056E-02
8.67001E+02 5.42778E-02
8.67965E+02 5.37188E-02
8.68930E+02 5.31368E-02
8.69894E+02 5.26406E-02
8.70858E+02 5.19899E-02
8.71823E+02 5.13941E-02
8.72787E+02 5.08249E-02
8.73752E+02 5.02639E-02
8.74716E+02 4.97223E-02
8.75680E+02 4.90773E-02
8.76645E+02 4.85184E-02
8.77609E+02 4.79514E-02
8.78574E+02 4.73682E-02
8.79538E+02 4.67868E-02
8.80502E+02 4.61557E-02
8.81467E+02 4.56385E-02
8.82431E+02 4.50652E-02
8.83396E+02 4.44472E-02
8.84360E+02 4.39438E-02
8.85324E+02 4.34217E-02
8.86289E+02 4.27519E-02
8.87253E+02 4.21173E-02
8.88218E+02 4.15179E-02
8.89182E+02 4.09195E-02
8.90146E+02 4.03159E-02
8.91111E+02 3.98873E-02
8.92075E+02 3.93639E-02
8.93040E+02 3.85610E-02
8.94004E+02 3.78935E-02
8.94969E+02 3.72845E-02
8.95933E+02 3.67161E-02
8.96897E+02 3.61779E-02
8.97862E+02 3.55111E-02
8.98826E+02 3.48560E-02
8.99791E+02 3.42867E-02
9.00755E+02 3.36806E-02
9.01719E+02 3.31367E-02
9.02684E+02 3.25586E-02
9.03648E+02 3.19395E-02
9.04613E+02 3.13480E-02
9.05577E+02 3.07543E-02
9.06541E+02 3.02291E-02
9.07506E+02 2.95939E-02
9.08470E+02 2.89838E-02
9.09435E+02 2.83955E-02
9.10399E+02 2.77210E-02
9.11363E+02 2.71572E-02
9.12328E+02 2.66496E-02
9.13292E+02 2.60295E-02
9.14257E+02 2.53293E-02
9.15221E+02 2.47348E-02
9.16185E+02 2.41943E-02
9.17150E+02 2.35973E-02
9.18114E+02 2.31154E-02
9.19079E+02 2.26781E-02
9.20043E+02 2.20331E-02
9.21007E+02 2.12662E-02
9.21972E+02 2.06079E-02
9.22936E+02 2.00992E-02
9.23901E+02 1.95630E-02
9.24865E+02 1.89558E-02
9.25829E+02 1.84407E-02
9.26794E+02 1.80106E-02
9.27758E+02 1.74542E-02
9.28723E+02 1.68408E-02
9.29687E+02 1.63026E-02
9.30651E+02 1.57333E-02
9.31616E+02 1.51455E-02
9.32580E+02 1.46292E-02
9.33545E+02 1.40545E-02
9.34509E+02 1.34729E-02
9.35474E+02 1.29883E-02
9.36438E+02 1.24763E-02
9.37402E+02 1.19507E-02
9.38367E+02 1.14325E-02
9.39331E+02 1.09206E-02
9.40296E+02 1.04493E-02
9.41260E+02 9.96017E-03
9.42224E+02 9.42807E-03
9.43189E+02 8.92297E-03
9.44153E+02 8.40977E-03
9.45118E+02 7.96620E-03
9.46082E+02 7.49112E-03
9.47046E+02 7.06797E-03
9.48011E+02 6.67244E-03
9.48975E+02 6.12836E-03
9.49940E+02 5.65472E-03
9.50904E+02 5.19487E-03
9.51868E+02 4.70459E-03
9.52833E+02 4.28009E-03
9.53797E+02 3.88570E-03
9.54762E+02 3.51921E-03
9.55726E+02 3.07287E-03
9.56690E+02 2.62493E-03
9.57655E+02 2.22160E-03
9.58619E+02 1.80360E-03
9.59584E+02 1.39828E-03
9.60548E+02 1.03466E-03
9.61513E+02 5.17108E-04
9.62477E+02 2.85432E-05
9.63441E+02 -2.12803E-04
9.64406E+02 -5.19510E-04
9.65370E+02 -8.50838E-04
9.66335E+02 -1.16679E-03
9.67299E+02 -1.48107E-03
9.68263E+02 -1.80344E-03
9.69228E+02 -2.13462E-03
9.70192E+02 -2.45288E-03
9.71157E+02 -2.72951E-03
9.72121E+02 -3.00154E-03
9.73085E+02 -3.28695E-03
9.74050E+02 -3.54485E-03
9.75014E+02 -3.75108E-03
9.75979E+02 -3.94979E-03
9.76943E+02 -4.21999E-03
9.77907E+02 -4.45232E-03
9.78872E+02 -4.62965E-03
9.79836E+02 -4.79558E-03
9.80801E+02 -4.98790E-03
9.81765E+02 -5.13516E-03
9.82729E+02 -5.17900E-03
9.83694E+02 -5.35033E-03
9.84658E+02 -5.49095E-03
9.85623E+02 -5.52015E-03
9.86587E+02 -5.56169E-03
9.87551E+02 -5.58528E-03
9.88516E+02 -5.61455E-03
9.89480E+02 -5.58185E-03
9.90445E+02 -5.50028E-03
9.91409E+02 -5.35384E-03
9.92373E+02 -5.14897E-03
9.93338E+02 -4.86713E-03
9.94302E+02 -4.44607E-03
9.95267E+02 -3.83970E-03
9.96231E+02 -3.01292E-03
9.97195E+02 -1.66508E-03
9.98160E+02 9.92343E-05
9.99124E+02 2.17577E-03
1.00009E+03 4.91387E-03
1.00105E+03 8.34716E-03
1.00202E+03 1.24658E-02
1.00298E+03 1.72873E-02
1.00395E+03 2.28650E-02
1.00491E+03 2.90306E-02
1.00588E+03 3.55762E-02
1.00684E+03 4.24606E-02
1.00780E+03 4.93634E-02
1.00877E+03 5.61335E-02
1.00973E+03 6.25490E-02
1.01070E+03 6.84849E-02
1.01166E+03 7.39677E-02
1.01263E+03 7.85910E-02
1.01359E+03 8.22888E-02
1.01455E+03 8.50888E-02
1.01552E+03 8.69056E-02
1.01648E+03 8.78355E-02
1.01745E+03 8.76473E-02
1.01841E+03 8.68302E-02
1.01938E+03 8.56056E-02
1.02034E+03 8.34905E-02
1.02131E+03 8.07452E-02
1.02227E+03 7.76387E-02
1.02323E+03 7.43072E-02
1.02420E+03 7.08157E-02
1.02516E+03 6.72497E-02
1.02613E+03 6.35474E-02
1.02709E+03 5.98628E-02
1.02806E+03 5.62891E-02
1.02902E+03 5.26879E-02
1.02999E+03 4.90498E-02
1.03095E+03 4.54901E-02
1.03191E+03 4.19301E-02
1.03288E+03 3.82139E-02
1.03384E+03 3.44874E-02
1.03481E+03 3.07278E-02
1.03577E+03 2.69575E-02
1.03674E+03 2.31689E-02
1.03770E+03 1.94439E-02
1.03866E+03 1.57161E-02
1.03963E+03 1.19494E-02
1.04059E+03 8.76139E-03
1.04156E+03 5.87885E-03
1.04252E+03 3.14127E-03
1.04349E+03 7.73136E-04
1.04445E+03 -1.29467E-03
1.04542E+03 -3.06722E-03
1.04638E+03 -4.53108E-03
1.04734E+03 -5.63452E-03
1.04831E+03 -6.61954E-03
1.04927E+03 -7.43138E-03
1.05024E+03 -8.07188E-03
1.05120E+03 -8.60729E-03
1.05217E+03 -9.33786E-03
1.05313E+03 -9.61433E-03
1.05410E+03 -9.46454E-03
1.05506E+03 -9.76454E-03
1.05602E+03 -1.00290E-02
1.05699E+03 -1.02048E-02
1.05795E+03 -1.03513E-02
1.05892E+03 -1.04896E-02
1.05988E+03 -1.05885E-02
1.06085E+03 -1.06403E-02
1.06181E+03 -1.07600E-02
1.06278E+03 -1.08590E-02
1.06374E+03 -1.08906E-02
1.06470E+03 -1.09957E-02
1.06567E+03 -1.10581E-02
1.06663E+03 -1.11082E-02
1.06760E+03 -1.13231E-02
1.06856E+03 -1.13734E-02
1.06953E+03 -1.13587E-02
1.07049E+03 -1.14277E-02
1.07145E+03 -1.15096E-02
1.07242E+03 -1.15910E-02
1.07338E+03 -1.17343E-02
1.07435E+03 -1.18262E-02
1.07531E+03 -1.17727E-02
1.07628E+03 -1.17835E-02
1.07724E+03 -1.17891E-02
1.07821E+03 -1.18372E-02
1.07917E+03 -1.18644E-02
1.08013E+03 -1.19291E-02
1.08110E+03 -1.20271E-02
1.08206E+03 -1.19811E-02
1.08303E+03 -1.19893E-02
1.08399E+03 -1.20416E-02
1.08496E+03 -1.20295E-02
1.08592E+03 -1.20404E-02
1.08689E+03 -1.20665E-02
1.08785E+03 -1.20531E-02
1.08881E+03 -1.20333E-02
1.08978E+03 -1.20414E-02
1.09074E+03 -1.20360E-02
1.09171E+03 -1.20456E-02
1.09267E+03 -1.20295E-02
1.09364E+03 -1.20625E-02
1.09460E+03 -1.20895E-02
1.09556E+03 -1.17743E-02
1.09653E+03 -1.16395E-02
1.09749E+03 -1.16908E-02
1.09846E+03 -1.16174E-02
1.09942E+03 -1.15513E-02
1.10039E+03 -1.14202E-02
1.10135E+03 -1.12737E-02
1.10232E+03 -1.10872E-02
1.10328E+03 -1.08673E-02
1.10424E+03 -1.05612E-02
1.10521E+03 -1.01486E-02
1.10617E+03 -9.74597E-03
1.10714E+03 -9.29588E-03
1.10810E+03 -8.72747E-03
1.10907E+03 -8.14879E-03
1.11003E+03 -7.50966E-03
1.11100E+03 -6.71103E-03
1.11196E+03 -5.89165E-03
1.11292E+03 -5.07744E-03
1.11389E+03 -4.23979E-03
1.11485E+03 -3.35188E-03
1.11582E+03 -2.50773E-03
1.11678E+03 -1.68319E-03
1.11775E+03 -8.10295E-04
1.11871E+03 -4.53368E-05
1.11968E+03 6.05565E-04
1.12064E+03 1.15826E-03
1.12160E+03 1.59699E-03
1.12257E+03 1.93659E-03
1.12353E+03 2.11870E-03
1.12450E+03 2.16970E-03
1.12546E+03 2.09586E-03
1.12643E+03 1.87996E-03
1.12739E+03 1.50514E-03
1.12835E+03 9.86677E-04
1.12932E+03 4.06709E-04
1.13028E+03 -4.12308E-04
1.13125E+03 -1.32543E-03
1.13221E+03 -2.20594E-03
1.13318E+03 -3.17198E-03
1.13414E+03 -4.19962E-03
1.13511E+03 -5.19618E-03
1.13607E+03 -6.12590E-03
1.13703E+03 -7.01249E-03
1.13800E+03 -7.83410E-03
1.13896E+03 -8.60988E-03
1.13993E+03 -9.29797E-03
1.14089E+03 -9.90470E-03
1.14186E+03 -1.04461E-02
1.14282E+03 -1.09037E-02
1.14379E+03 -1.12201E-02
1.14475E+03 -1.15468E-02
1.14571E+03 -1.18762E-02
1.14668E+03 -1.20527E-02
1.14764E+03 -1.21923E-02
1.14861E+03 -1.23362E-02
1.14957E+03 -1.24337E-02
1.15054E+03 -1.25129E-02
1.15150E+03 -1.25009E-02
1.15246E+03 -1.24948E-02
1.15343E+03 -1.25558E-02
1.15439E+03 -1.25175E-02
1.15536E+03 -1.24504E-02
1.15632E+03 -1.24121E-02
1.15729E+03 -1.23458E-02
1.15825E+03 -1.22240E-02
1.15922E+03 -1.21302E-02
1.16018E+03 -1.20734E-02
1.16114E+03 -1.20236E-02
1.16211E+03 -1.20716E-02
1.16307E+03 -1.21572E-02
1.16404E+03 -1.22431E-02
1.16500E+03 -1.23317E-02
1.16597E+03 -1.24715E-02
1.16693E+03 -1.26217E-02
1.16790E+03 -1.27095E-02
1.16886E+03 -1.28164E-02
1.16982E+03 -1.29114E-02
1.17079E+03 -1.30074E-02
1.17175E+03 -1.30276E-02
1.17272E+03 -1.29798E-02
1.17368E+03 -1.30704E-02
1.17465E+03 -1.31711E-02
1.17561E+03 -1.32022E-02
1.17657E+03 -1.31944E-02
1.17754E+03 -1.32136E-02
1.17850E+03 -1.32311E-02
1.17947E+03 -1.32514E-02
1.18043E+03 -1.32643E-02
1.18140E+03 -1.32236E-02
1.18236E+03 -1.32341E-02
1.18333E+03 -1.32555E-02
1.18429E+03 -1.32709E-02
1.18525E+03 -1.32850E-02
1.18622E+03 -1.32792E-02
1.18718E+03 -1.32752E-02
1.18815E+03 -1.32868E-02
1.18911E+03 -1.32899E-02
1.19008E+03 -1.33054E-02
1.19104E+03 -1.33343E-02
1.19201E+03 -1.33652E-02
1.19297E+03 -1.33204E-02
1.19393E+03 -1.32210E-02
1.19490E+03 -1.32496E-02
1.19586E+03 -1.32757E-02
1.19683E+03 -1.32675E-02
1.19779E+03 -1.32833E-02
1.19876E+03 -1.32954E-02
1.19972E+03 -1.32844E-02
1.20069E+03 -1.32599E-02
1.20165E+03 -1.32443E-02
1.20261E+03 -1.32476E-02
1.20358E+03 -1.32632E-02
1.20454E+03 -1.32728E-02
1.20551E+03 -1.32603E-02
1.20647E+03 -1.32196E-02
1.20744E+03 -1.32343E-02
1.20840E+03 -1.32857E-02
1.20936E+03 -1.32684E-02
1.21033E+03 -1.32238E-02
1.21129E+03 -1.32032E-02
1.21226E+03 -1.32248E-02
1.21322E+03 -1.32000E-02
1.21419E+03 -1.31732E-02
1.21515E+03 -1.32026E-02
1.21612E+03 -1.31881E-02
1.21708E+03 -1.31655E-02
1.21804E+03 -1.31990E-02
1.21901E+03 -1.31678E-02
1.21997E+03 -1.31448E-02
1.22094E+03 -1.31174E-02
1.22190E+03 -1.30608E-02
1.22287E+03 -1.30607E-02
1.22383E+03 -1.30868E-02
1.22480E+03 -1.30451E-02
1.22576E+03 -1.30265E-02
1.22672E+03 -1.29592E-02
1.22769E+03 -1.29135E-02
1.22865E+03 -1.28544E-02
1.22962E+03 -1.29378E-02
1.23058E+03 -1.29316E-02
1.23155E+03 -1.30733E-02
1.23251E+03 -1.30762E-02
1.23347E+03 -1.50318E-02
1.23444E+03 -1.64810E-02
1.23540E+03 -1.36591E-02
1.23637E+03 -1.23569E-02
1.23733E+03 -1.25506E-02
1.23830E+03 -1.24768E-02
1.23926E+03 -1.25817E-02
1.24023E+03 -1.26408E-02
1.24119E+03 -1.28479E-02
1.24215E+03 -1.28404E-02
1.24312E+03 -1.27744E-02
1.24408E+03 -1.27434E-02
1.24505E+03 -1.27099E-02
1.24601E+03 -1.26753E-02
1.24698E+03 -1.26832E-02
1.24794E+03 -1.26877E-02
1.24891E+03 -1.26984E-02
1.24987E+03 -1.27009E-02
1.25083E+03 -1.26859E-02
1.25180E+03 -1.26728E-02
1.25276E+03 -1.26877E-02
1.25373E+03 -1.26409E-02
1.25469E+03 -1.26050E-02
1.25566E+03 -1.25816E-02
1.25662E+03 -1.25644E-02
1.25759E+03 -1.25545E-02
1.25855E+03 -1.25364E-02
1.25951E+03 -1.25419E-02
1.26048E+03 -1.25042E-02
1.26144E+03 -1.24563E-02
1.26241E+03 -1.24550E-02
1.26337E+03 -1.24761E-02
1.26434E+03 -1.24622E-02
1.26530E+03 -1.24214E-02
1.26626E+03 -1.24003E-02
1.26723E+03 -1.23746E-02
1.26819E+03 -1.23530E-02
1.26916E+03 -1.23173E-02
1.27012E+03 -1.22895E-02
1.27109E+03 -1.22359E-02
1.27205E+03 -1.22080E-02
1.27302E+03 -1.21768E-02
1.27398E+03 -1.21161E-02
1.27494E+03 -1.20728E-02
1.27591E+03 -1.19390E-02
1.27687E+03 -1.18563E-02
1.27784E+03 -1.19747E-02
1.27880E+03 -1.20753E-02
1.27977E+03 -1.20968E-02
1.28073E+03 -1.20954E-02
1.28170E+03 -1.20878E-02
1.28266E+03 -1.20810E-02
1.28362E+03 -1.20740E-02
1.28459E+03 -1.20080E-02
1.28555E+03 -1.19449E-02
1.28652E+03 -1.19233E-02
1.28748E+03 -1.19392E-02
1.28845E+03 -1.19393E-02
1.28941E+03 -1.19039E-02
1.29037E+03 -1.18550E-02
1.29134E+03 -1.18428E-02
1.29230E+03 -1.18507E-02
1.29327E+03 -1.18033E-02
1.29423E+03 -1.17824E-02
1.29520E+03 -1.17750E-02
1.29616E+03 -1.17193E-02
1.29713E+03 -1.16731E-02
1.29809E+03 -1.16301E-02
1.29905E+03 -1.15919E-02
1.30002E+03 -1.15872E-02
1.30098E+03 -1.15804E-02
1.30195E+03 -1.15616E-02
1.30291E+03 -1.15565E-02
1.30388E+03 -1.15436E-02
1.30484E+03 -1.15271E-02
1.30581E+03 -1.15348E-02
1.30677E+03 -1.14419E-02
1.30773E+03 -1.13364E-02
1.30870E+03 -1.12921E-02
1.30966E+03 -1.12322E-02
1.31063E+03 -1.12010E-02
1.31159E+03 -1.11784E-02
1.31256E+03 -1.11317E-02
1.31352E+03 -1.10734E-02
1.31448E+03 -1.10255E-02
1.31545E+03 -1.10010E-02
1.31641E+03 -1.09712E-02
1.31738E+03 -1.09518E-02
1.31834E+03 -1.09549E-02
1.31931E+03 -1.09163E-02
1.32027E+03 -1.08366E-02
1.32124E+03 -1.08192E-02
1.32220E+03 -1.08435E-02
1.32316E+03 -1.07914E-02
1.32413E+03 -1.07519E-02
1.32509E+03 -1.07378E-02
1.32606E+03 -1.07455E-02
1.32702E+03 -1.07691E-02
1.32799E+03 -1.07239E-02
1.32895E+03 -1.06780E-02
1.32992E+03 -1.06289E-02
1.33088E+03 -1.05938E-02
1.33184E+03 -1.05987E-02
1.33281E+03 -1.05709E-02
1.33377E+03 -1.05198E-02
1.33474E+03 -1.04901E-02
1.33570E+03 -1.04778E-02
1.33667E+03 -1.04765E-02
1.33763E+03 -1.04740E-02
1.33860E+03 -1.05196E-02
1.33956E+03 -1.06444E-02
1.34052E+03 -1.06922E-02
1.34149E+03 -1.06303E-02
1.34245E+03 -1.05598E-02
1.34342E+03 -1.06498E-02
1.34438E+03 -1.05206E-02
1.34535E+03 -1.01646E-02
1.34631E+03 -1.00683E-02
1.34727E+03 -1.00682E-02
1.34824E+03 -1.01651E-02
1.34920E+03 -1.04527E-02
1.35017E+03 -1.06149E-02
1.35113E+03 -1.02334E-02
1.35210E+03 -9.79745E-03
1.35306E+03 -9.84335E-03
1.35403E+03 -1.00187E-02
1.35499E+03 -1.00400E-02
1.35595E+03 -9.88464E-03
1.35692E+03 -9.70959E-03
1.35788E+03 -9.57761E-03
1.35885E+03 -9.42004E-03
1.35981E+03 -9.27118E-03
1.36078E+03 -9.08817E-03
1.36174E+03 -8.88757E-03
1.36271E+03 -8.76948E-03
1.36367E+03 -8.70691E-03
1.36463E+03 -8.67091E-03
1.36560E+03 -8.60992E-03
1.36656E+03 -8.52606E-03
1.36753E+03 -8.45868E-03
1.36849E+03 -8.38008E-03
1.36946E+03 -8.25587E-03
1.37042E+03 -8.13984E-03
1.37138E+03 -8.06902E-03
1.37235E+03 -7.95206E-03
1.37331E+03 -7.79484E-03
1.37428E+03 -7.65011E-03
1.37524E+03 -7.49002E-03
1.37621E+03 -7.29694E-03
1.37717E+03 -7.07378E-03
1.37814E+03 -6.85627E-03
1.37910E+03 -6.60784E-03
1.38006E+03 -6.27088E-03
1.38103E+03 -5.93674E-03
1.38199E+03 -5.70379E-03
1.38296E+03 -5.63123E-03
1.38392E+03 -5.78814E-03
1.38489E+03 -6.04761E-03
1.38585E+03 -6.17068E-03
1.38682E+03 -6.10530E-03
1.38778E+03 -5.93636E-03
1.38874E+03 -5.74747E-03
1.38971E+03 -5.52181E-03
1.39067E+03 -5.25254E-03
1.39164E+03 -4.97743E-03
1.39260E+03 -4.69247E-03
1.39357E+03 -4.35886E-03
1.39453E+03 -3.99764E-03
1.39550E+03 -3.66418E-03
1.39646E+03 -3.31550E-03
1.39742E+03 -2.97074E-03
1.39839E+03 -2.58664E-03
1.39935E+03 -2.14598E-03
1.40032E+03 -1.70027E-03
1.40128E+03 -1.27541E-03
1.40225E+03 -8.65839E-04
1.40321E+03 -4.61645E-04
1.40417E+03 -7.64877E-05
1.40514E+03 4.09130E-04
1.40610E+03 8.90106E-04
1.40707E+03 1.33646E-03
1.40803E+03 1.80902E-03
1.40900E+03 2.24426E-03
1.40996E+03 2.64003E-03
1.41093E+03 3.02761E-03
1.41189E+03 3.39457E-03
1.41285E+03 3.74844E-03
1.41382E+03 4.13078E-03
1.41478E+03 4.52129E-03
1.41575E+03 4.92553E-03
1.41671E+03 5.32667E-03
1.41768E+03 5.65872E-03
1.41864E+03 5.92347E-03
1.41961E+03 6.17352E-03
1.42057E+03 6.31363E-03
1.42153E+03 6.42819E-03
1.42250E+03 6.58872E-03
1.42346E+03 6.75671E-03
1.42443E+03 6.84988E-03
1.42539E+03 6.86447E-03
1.42636E+03 6.86187E-03
1.42732E+03 6.81018E-03
1.42828E+03 6.72458E-03
1.42925E+03 6.56431E-03
1.43021E+03 6.34699E-03
1.43118E+03 6.09045E-03
1.43214E+03 5.81637E-03
1.43311E+03 5.50524E-03
1.43407E+03 5.12373E-03
1.43504E+03 4.71774E-03
1.43600E+03 4.33930E-03
1.43696E+03 3.89687E-03
1.43793E+03 3.36040E-03
1.43889E+03 2.96116E-03
1.43986E+03 2.61682E-03
1.44082E+03 2.38102E-03
1.44179E+03 2.45177E-03
1.44275E+03 2.77590E-03
1.44372E+03 3.37859E-03
1.44468E+03 4.22979E-03
1.44564E+03 5.23407E-03
1.44661E+03 6.22519E-03
1.44757E+03 7.11400E-03
1.44854E+03 7.80723E-03
1.44950E+03 8.23087E-03
1.45047E+03 8.41368E-03
1.45143E+03 8.34997E-03
1.45240E+03 8.03166E-03
1.45336E+03 7.56549E-03
1.45432E+03 7.06371E-03
1.45529E+03 6.55757E-03
1.45625E+03 6.24743E-03
1.45722E+03 6.19165E-03
1.45818E+03 6.42063E-03
1.45915E+03 7.00268E-03
1.46011E+03 7.86296E-03
1.46107E+03 8.77634E-03
1.46204E+03 9.56330E-03
1.46300E+03 1.01013E-02
1.46397E+03 1.02672E-02
1.46493E+03 1.00883E-02
1.46590E+03 9.54706E-03
1.46686E+03 8.77303E-03
1.46783E+03 7.93258E-03
1.46879E+03 7.16688E-03
1.46975E+03 6.69191E-03
1.47072E+03 6.63252E-03
1.47168E+03 7.09205E-03
1.47265E+03 8.03985E-03
1.47361E+03 9.28277E-03
1.47458E+03 1.05680E-02
1.47554E+03 1.16879E-02
1.47651E+03 1.24769E-02
1.47747E+03 1.27827E-02
1.47843E+03 1.26076E-02
1.47940E+03 1.20132E-02
1.48036E+03 1.11110E-02
1.48133E+03 9.97232E-03
1.48229E+03 8.69971E-03
1.48326E+03 7.37014E-03
1.48422E+03 6.00566E-03
1.48518E+03 4.68053E-03
1.48615E+03 3.44766E-03
1.48711E+03 2.33210E-03
1.48808E+03 1.29572E-03
1.48904E+03 4.21479E-04
1.49001E+03 -2.63717E-04
1.49097E+03 -9.24472E-04
1.49194E+03 -1.49551E-03
1.49290E+03 -1.94956E-03
1.49386E+03 -2.34597E-03
1.49483E+03 -2.66722E-03
1.49579E+03 -2.93575E-03
1.49676E+03 -3.16329E-03
1.49772E+03 -3.36204E-03
1.49869E+03 -3.52316E-03
1.49965E+03 -3.68153E-03
1.50062E+03 -3.82757E-03
1.50158E+03 -3.91721E-03
1.50254E+03 -3.99417E-03
1.50351E+03 -4.03572E-03
1.50447E+03 -4.09022E-03
1.50544E+03 -4.12364E-03
1.50640E+03 -4.12781E-03
1.50737E+03 -4.15516E-03
1.50833E+03 -4.20573E-03
1.50929E+03 -4.27466E-03
1.51026E+03 -4.29828E-03
1.51122E+03 -4.30473E-03
1.51219E+03 -4.30100E-03
1.51315E+03 -4.30581E-03
1.51412E+03 -4.30641E-03
1.51508E+03 -4.26130E-03
1.51605E+03 -4.22716E-03
1.51701E+03 -4.18280E-03
1.51797E+03 -4.18795E-03
1.51894E+03 -4.21049E-03
1.51990E+03 -4.18156E-03
1.52087E+03 -4.14988E-03
1.52183E+03 -4.11736E-03
1.52280E+03 -4.08259E-03
1.52376E+03 -4.08426E-03
1.52473E+03 -4.08046E-03
1.52569E+03 -4.03019E-03
1.52665E+03 -4.01239E-03
1.52762E+03 -3.99039E-03
1.52858E+03 -3.94942E-03
1.52955E+03 -3.92598E-03
1.53051E+03 -3.91058E-03
1.53148E+03 -3.86621E-03
1.53244E+03 -3.81683E-03
1.53341E+03 -3.74199E-03
1.53437E+03 -3.70832E-03
1.53533E+03 -3.71744E-03
1.53630E+03 -3.68945E-03
1.53726E+03 -3.63437E-03
1.53823E+03 -3.56987E-03
1.53919E+03 -3.50668E-03
1.54016E+03 -3.45699E-03
1.54112E+03 -3.44353E-03
1.54208E+03 -3.42763E-03
1.54305E+03 -3.41199E-03
1.54401E+03 -3.38195E-03
1.54498E+03 -3.34466E-03
1.54594E+03 -3.34423E-03
1.54691E+03 -3.35373E-03
1.54787E+03 -3.31775E-03
1.54884E+03 -3.27685E-03
1.54980E+03 -3.23728E-03
1.55076E+03 -3.19619E-03
1.55173E+03 -3.16367E-03
1.55269E+03 -3.12327E-03
1.55366E+03 -3.04997E-03
1.55462E+03 -2.98074E-03
1.55559E+03 -2.95079E-03
1.55655E+03 -2.89494E-03
1.55752E+03 -2.83007E-03
1.55848E+03 -2.76637E-03
1.55944E+03 -2.74664E-03
1.56041E+03 -2.72095E-03
1.56137E+03 -2.71695E-03
1.56234E+03 -2.71472E-03
1.56330E+03 -2.67459E-03
1.56427E+03 -2.64874E-03
1.56523E+03 -2.61792E-03
1.56619E+03 -2.58533E-03
1.56716E+03 -2.55827E-03
1.56812E+03 -2.52439E-03
1.56909E+03 -2.46042E-03
1.57005E+03 -2.41572E-03
1.57102E+03 -2.39435E-03
1.57198E+03 -2.34563E-03
1.57295E+03 -2.32949E-03
1.57391E+03 -2.30681E-03
1.57487E+03 -2.22548E-03
1.57584E+03 -2.11963E-03
1.57680E+03 -2.09047E-03
1.57777E+03 -2.11801E-03
1.57873E+03 -2.07043E-03
1.57970E+03 -2.01289E-03
1.58066E+03 -1.97338E-03
1.58163E+03 -1.94103E-03
1.58259E+03 -1.88420E-03
1.58355E+03 -1.81277E-03
1.58452E+03 -1.76962E-03
1.58548E+03 -1.72347E-03
1.58645E+03 -1.66090E-03
1.58741E+03 -1.60115E-03
1.58838E+03 -1.55370E-03
1.58934E+03 -1.49793E-03
1.59031E+03 -1.43043E-03
1.59127E+03 -1.38628E-03
1.59223E+03 -1.32399E-03
1.59320E+03 -1.26028E-03
1.59416E+03 -1.19483E-03
1.59513E+03 -1.09269E-03
1.59609E+03 -1.01639E-03
1.59706E+03 -9.22557E-04
1.59802E+03 -8.22108E-04
1.59898E+03 -7.29915E-04
1.59995E+03 -6.46185E-04
1.60091E+03 -5.60336E-04
1.60188E+03 -4.40635E-04
1.60284E+03 -3.28507E-04
1.60381E+03 -2.21860E-04
1.60477E+03 -8.82484E-05
1.60574E+03 7.43419E-05
1.60670E+03 2.13765E-04
1.60766E+03 3.41486E-04
1.60863E+03 4.96574E-04
1.60959E+03 6.77153E-04
1.61056E+03 8.50502E-04
1.61152E+03 1.02150E-03
1.61249E+03 1.21887E-03
1.61345E+03 1.44348E-03
1.61442E+03 1.67688E-03
1.61538E+03 1.90625E-03
1.61634E+03 2.21041E-03
1.61731E+03 2.46776E-03
1.61827E+03 2.67711E-03
1.61924E+03 2.98304E-03
1.62020E+03 3.28540E-03
1.62117E+03 3.60068E-03
1.62213E+03 3.95936E-03
1.62309E+03 4.32225E-03
1.62406E+03 4.69200E-03
1.62502E+03 5.09126E-03
1.62599E+03 5.51008E-03
1.62695E+03 5.94012E-03
1.62792E+03 6.39618E-03
1.62888E+03 6.85227E-03
1.62985E+03 7.30122E-03
1.63081E+03 7.78496E-03
1.63177E+03 8.29004E-03
1.63274E+03 8.79711E-03
1.63370E+03 9.27817E-03
1.63467E+03 9.79684E-03
1.63563E+03 1.03542E-02
1.63660E+03 1.07853E-02
1.63756E+03 1.12009E-02
1.63853E+03 1.16685E-02
1.63949E+03 1.20764E-02
1.64045E+03 1.24779E-02
1.64142E+03 1.28688E-02
1.64238E+03 1.32621E-02
1.64335E+03 1.36454E-02
1.64431E+03 1.39505E-02
1.64528E+03 1.42340E-02
1.64624E+03 1.45200E-02
1.64720E+03 1.47348E-02
1.64817E+03 1.49053E-02
1.64913E+03 1.50827E-02
1.65010E+03 1.52094E-02
1.65106E+03 1.53320E-02
1.65203E+03 1.55084E-02
1.65299E+03 1.56569E-02
1.65396E+03 1.57073E-02
1.65492E+03 1.57127E-02
1.65588E+03 1.57212E-02
1.65685E+03 1.57501E-02
1.65781E+03 1.57858E-02
1.65878E+03 1.58034E-02
1.65974E+03 1.58128E-02
1.66071E+03 1.58229E-02
1.66167E+03 1.58414E-02
1.66264E+03 1.58775E-02
1.66360E+03 1.58925E-02
1.66456E+03 1.58767E-02
1.66553E+03 1.58641E-02
1.66649E+03 1.58359E-02
1.66746E+03 1.58286E-02
1.66842E+03 1.58461E-02
1.66939E+03 1.58582E-02
1.67035E+03 1.58242E-02
1.67132E+03 1.57746E-02
1.67228E+03 1.57682E-02
1.67324E+03 1.57046E-02
1.67421E+03 1.56328E-02
1.67517E+03 1.55814E-02
1.67614E+03 1.54610E-02
1.67710E+03 1.52904E-02
1.67807E+03 1.51451E-02
1.67903E+03 1.49987E-02
1.67999E+03 1.48101E-02
1.68096E+03 1.46111E-02
1.68192E+03 1.44035E-02
1.68289E+03 1.41525E-02
1.68385E+03 1.38920E-02
1.68482E+03 1.36576E-02
1.68578E+03 1.33129E-02
1.68675E+03 1.29195E-02
1.68771E+03 1.25330E-02
1.68867E+03 1.21344E-02
1.68964E+03 1.17251E-02
1.69060E+03 1.12775E-02
1.69157E+03 1.08297E-02
1.69253E+03 1.03731E-02
1.69350E+03 9.93366E-03
1.69446E+03 9.44874E-03
1.69543E+03 8.97695E-03
1.69639E+03 8.48493E-03
1.69735E+03 7.89734E-03
1.69832E+03 7.36922E-03
1.69928E+03 6.91469E-03
1.70025E+03 6.44964E-03
1.70121E+03 5.88868E-03
1.70218E+03 5.28707E-03
1.70314E+03 4.72034E-03
1.70410E+03 4.19408E-03
1.70507E+03 3.66068E-03
1.70603E+03 3.11712E-03
1.70700E+03 2.59680E-03
1.70796E+03 2.05948E-03
1.70893E+03 1.52678E-03
1.70989E+03 9.98531E-04
1.71086E+03 4.99286E-04
1.71182E+03 -9.90927E-06
1.71278E+03 -5.22710E-04
1.71375E+03 -9.86531E-04
1.71471E+03 -1.44424E-03
1.71568E+03 -1.92071E-03
1.71664E+03 -2.38043E-03
1.71761E+03 -2.79207E-03
1.71857E+03 -3.27382E-03
1.71954E+03 -3.78504E-03
1.72050E+03 -4.23250E-03
1.72146E+03 -4.64479E-03
1.72243E+03 -5.04086E-03
1.72339E+03 -5.43841E-03
1.72436E+03 -5.85615E-03
1.72532E+03 -6.26417E-03
1.72629E+03 -6.61939E-03
1.72725E+03 -6.97666E-03
1.72822E+03 -7.33113E-03
1.72918E+03 -7.67795E-03
1.73014E+03 -8.02545E-03
1.73111E+03 -8.34073E-03
1.73207E+03 -8.64711E-03
1.73304E+03 -8.92708E-03
1.73400E+03 -9.19558E-03
1.73497E+03 -9.53927E-03
1.73593E+03 -9.89643E-03
1.73689E+03 -1.01962E-02
1.73786E+03 -1.04735E-02
1.73882E+03 -1.07293E-02
1.73979E+03 -1.09589E-02
1.74075E+03 -1.12208E-02
1.74172E+03 -1.15033E-02
1.74268E+03 -1.17608E-02
1.74365E+03 -1.19957E-02
1.74461E+03 -1.22259E-02
1.74557E+03 -1.24474E-02
1.74654E+03 -1.26685E-02
1.74750E+03 -1.28781E-02
1.74847E+03 -1.30513E-02
1.74943E+03 -1.32638E-02
1.75040E+03 -1.34683E-02
1.75136E+03 -1.36095E-02
1.75233E+03 -1.37859E-02
1.75329E+03 -1.39886E-02
1.75425E+03 -1.41651E-02
1.75522E+03 -1.43348E-02
1.75618E+03 -1.44630E-02
1.75715E+03 -1.46118E-02
1.75811E+03 -1.47850E-02
1.75908E+03 -1.49152E-02
1.76004E+03 -1.50429E-02
1.76100E+03 -1.51864E-02
1.76197E+03 -1.52976E-02
1.76293E+03 -1.54291E-02
1.76390E+03 -1.55820E-02
1.76486E+03 -1.57032E-02
1.76583E+03 -1.58261E-02
1.76679E+03 -1.59381E-02
1.76776E+03 -1.60310E-02
1.76872E+03 -1.61355E-02
1.76968E+03 -1.62436E-02
1.77065E+03 -1.63482E-02
1.77161E+03 -1.64406E-02
1.77258E+03 -1.64950E-02
1.77354E+03 -1.65842E-02
1.77451E+03 -1.67138E-02
1.77547E+03 -1.68172E-02
1.77644E+03 -1.68903E-02
1.77740E+03 -1.69706E-02
1.77836E+03 -1.70707E-02
1.77933E+03 -1.71527E-02
1.78029E+03 -1.72093E-02
1.78126E+03 -1.72849E-02
1.78222E+03 -1.73690E-02
1.78319E+03 -1.74493E-02
1.78415E+03 -1.75105E-02
1.78511E+03 -1.75429E-02
1.78608E+03 -1.76091E-02
1.78704E+03 -1.76899E-02
1.78801E+03 -1.77389E-02
1.78897E+03 -1.77837E-02
1.78994E+03 -1.78550E-02
1.79090E+03 -1.79375E-02
1.79187E+03 -1.79966E-02
1.79283E+03 -1.80420E-02
1.79379E+03 -1.81121E-02
1.79476E+03 -1.81757E-02
1.79572E+03 -1.82181E-02
1.79669E+03 -1.82706E-02
1.79765E+03 -1.83188E-02
1.79862E+03 -1.83831E-02
1.79958E+03 -1.84424E-02
1.80055E+03 -1.84778E-02
1.80151E+03 -1.85205E-02
1.80247E+03 -1.85571E-02
1.80344E+03 -1.85936E-02
1.80440E+03 -1.86389E-02
1.80537E+03 -1.86853E-02
1.80633E+03 -1.87370E-02
1.80730E+03 -1.87855E-02
1.80826E+03 -1.88318E-02
1.80923E+03 -1.88851E-02
1.81019E+03 -1.89087E-02
1.81115E+03 -1.89376E-02
1.81212E+03 -1.89864E-02
1.81308E+03 -1.90282E-02
1.81405E+03 -1.90679E-02
1.81501E+03 -1.90870E-02
1.81598E+03 -1.90989E-02
1.81694E+03 -1.91362E-02
1.81790E+03 -1.91917E-02
1.81887E+03 -1.92485E-02
1.81983E+03 -1.92804E-02
1.82080E+03 -1.92924E-02
1.82176E+03 -1.93222E-02
1.82273E+03 -1.93593E-02
1.82369E+03 -1.93808E-02
1.82466E+03 -1.93941E-02
1.82562E+03 -1.94263E-02
1.82658E+03 -1.94646E-02
1.82755E+03 -1.94947E-02
1.82851E+03 -1.94973E-02
1.82948E+03 -1.95115E-02
1.83044E+03 -1.95481E-02
1.83141E+03 -1.95856E-02
1.83237E+03 -1.95989E-02
1.83334E+03 -1.96035E-02
1.83430E+03 -1.96232E-02
1.83526E+03 -1.96572E-02
1.83623E+03 -1.96975E-02
1.83719E+03 -1.97092E-02
1.83816E+03 -1.97246E-02
1.83912E+03 -1.97536E-02
1.84009E+03 -1.97661E-02
1.84105E+03 -1.97822E-02
1.84201E+03 -1.98069E-02
1.84298E+03 -1.98108E-02
1.84394E+03 -1.97939E-02
1.84491E+03 -1.97806E-02
1.84587E+03 -1.98401E-02
1.84684E+03 -1.98780E-02
1.84780E+03 -1.98712E-02
1.84877E+03 -1.98877E-02
1.84973E+03 -1.98907E-02
1.85069E+03 -1.99072E-02
1.85166E+03 -1.99280E-02
1.85262E+03 -1.99440E-02
1.85359E+03 -1.99633E-02
1.85455E+03 -1.99659E-02
1.85552E+03 -1.99759E-02
1.85648E+03 -1.99801E-02
1.85745E+03 -1.99890E-02
1.85841E+03 -2.00261E-02
1.85937E+03 -2.00319E-02
1.86034E+03 -2.00132E-02
1.86130E+03 -2.00183E-02
1.86227E+03 -2.00355E-02
1.86323E+03 -2.00466E-02
1.86420E+03 -2.00610E-02
1.86516E+03 -2.00574E-02
1.86612E+03 -2.00542E-02
1.86709E+03 -2.00717E-02
1.86805E+03 -2.00750E-02
1.86902E+03 -2.00420E-02
1.86998E+03 -2.00408E-02
1.87095E+03 -2.00818E-02
1.87191E+03 -2.00826E-02
1.87288E+03 -2.00884E-02
1.87384E+03 -2.00992E-02
1.87480E+03 -2.00841E-02
1.87577E+03 -2.00825E-02
1.87673E+03 -2.00923E-02
1.87770E+03 -2.00896E-02
1.87866E+03 -2.00878E-02
1.87963E+03 -2.01011E-02
1.88059E+03 -2.00921E-02
1.88156E+03 -2.00930E-02
1.88252E+03 -2.01019E-02
1.88348E+03 -2.00922E-02
1.88445E+03 -2.00901E-02
1.88541E+03 -2.00852E-02
1.88638E+03 -2.00711E-02
1.88734E+03 -2.00552E-02
1.88831E+03 -2.00564E-02
1.88927E+03 -2.00577E-02
1.89024E+03 -2.00615E-02
1.89120E+03 -2.00672E-02
1.89216E+03 -2.00438E-02
1.89313E+03 -2.00405E-02
1.89409E+03 -2.00513E-02
1.89506E+03 -2.00274E-02
1.89602E+03 -2.00337E-02
1.89699E+03 -2.00472E-02
1.89795E+03 -2.00258E-02
1.89891E+03 -1.99919E-02
1.89988E+03 -1.99831E-02
1.90084E+03 -2.00183E-02
1.90181E+03 -2.00127E-02
1.90277E+03 -1.99919E-02
1.90374E+03 -2.00078E-02
1.90470E+03 -2.00184E-02
1.90567E+03 -2.00003E-02
1.90663E+03 -1.99899E-02
1.90759E+03 -1.99775E-02
1.90856E+03 -1.99660E-02
1.90952E+03 -1.99662E-02
1.91049E+03 -1.99400E-02
1.91145E+03 -1.99350E-02
1.91242E+03 -1.99421E-02
1.91338E+03 -1.99431E-02
1.91435E+03 -1.99433E-02
1.91531E+03 -1.99147E-02
1.91627E+03 -1.98777E-02
1.91724E+03 -1.98798E-02
1.91820E+03 -1.98746E-02
1.91917E+03 -1.98638E-02
1.92013E+03 -1.98604E-02
1.92110E+03 -1.98605E-02
1.92206E+03 -1.98580E-02
1.92303E+03 -1.98359E-02
1.92399E+03 -1.98248E-02
1.92495E+03 -1.98145E-02
1.92592E+03 -1.98033E-02
1.92688E+03 -1.98060E-02
1.92785E+03 -1.97888E-02
1.92881E+03 -1.97496E-02
1.92978E+03 -1.97254E-02
1.93074E+03 -1.97163E-02
1.93170E+03 -1.97061E-02
1.93267E+03 -1.96667E-02
1.93363E+03 -1.96280E-02
1.93460E+03 -1.96208E-02
1.93556E+03 -1.96057E-02
1.93653E+03 -1.96007E-02
1.93749E+03 -1.96036E-02
1.93846E+03 -1.95953E-02
1.93942E+03 -1.95874E-02
1.94038E+03 -1.95738E-02
1.94135E+03 -1.95714E-02
1.94231E+03 -1.95601E-02
1.94328E+03 -1.95374E-02
1.94424E+03 -1.95184E-02
1.94521E+03 -1.95027E-02
1.94617E+03 -1.94936E-02
1.94714E+03 -1.94936E-02
1.94810E+03 -1.94919E-02
1.94906E+03 -1.94614E-02
1.95003E+03 -1.94350E-02
1.95099E+03 -1.94217E-02
1.95196E+03 -1.93954E-02
1.95292E+03 -1.93773E-02
1.95389E+03 -1.93553E-02
1.95485E+03 -1.93403E-02
1.95581E+03 -1.93233E-02
1.95678E+03 -1.92796E-02
1.95774E+03 -1.92609E-02
1.95871E+03 -1.92544E-02
1.95967E+03 -1.92376E-02
1.96064E+03 -1.92198E-02
1.96160E+03 -1.92130E-02
1.96257E+03 -1.92168E-02
1.96353E+03 -1.91864E-02
1.96449E+03 -1.91418E-02
1.96546E+03 -1.91160E-02
1.96642E+03 -1.90942E-02
1.96739E+03 -1.90688E-02
1.96835E+03 -1.90481E-02
1.96932E+03 -1.90120E-02
1.97028E+03 -1.89834E-02
1.97125E+03 -1.89512E-02
1.97221E+03 -1.89201E-02
1.97317E+03 -1.89002E-02
1.97414E+03 -1.88676E-02
1.97510E+03 -1.88379E-02
1.97607E+03 -1.88056E-02
1.97703E+03 -1.87794E-02
1.97800E+03 -1.87401E-02
1.97896E+03 -1.86924E-02
1.97992E+03 -1.86514E-02
1.98089E+03 -1.86207E-02
1.98185E+03 -1.85936E-02
1.98282E+03 -1.85321E-02
1.98378E+03 -1.84661E-02
1.98475E+03 -1.84158E-02
1.98571E+03 -1.83746E-02
1.98668E+03 -1.83391E-02
1.98764E+03 -1.82897E-02
1.98860E+03 -1.82476E-02
1.98957E+03 -1.82114E-02
1.99053E+03 -1.81402E-02
1.99150E+03 -1.80581E-02
1.99246E+03 -1.79879E-02
1.99343E+03 -1.79072E-02
1.99439E+03 -1.78389E-02
1.99536E+03 -1.77839E-02
1.99632E+03 -1.77320E-02
1.99728E+03 -1.76591E-02
1.99825E+03 -1.75774E-02
1.99921E+03 -1.75177E-02
2.00018E+03 -1.74348E-02
2.00114E+03 -1.73536E-02
2.00211E+03 -1.72836E-02
2.00307E+03 -1.71781E-02
2.00404E+03 -1.70938E-02
2.00500E+03 -1.70294E-02
2.00596E+03 -1.69545E-02
2.00693E+03 -1.68661E-02
2.00789E+03 -1.67969E-02
2.00886E+03 -1.67735E-02
2.00982E+03 -1.67126E-02
2.01079E+03 -1.66074E-02
2.01175E+03 -1.65530E-02
2.01271E+03 -1.65018E-02
2.01368E+03 -1.64149E-02
2.01464E+03 -1.63505E-02
2.01561E+03 -1.63038E-02
2.01657E+03 -1.62852E-02
2.01754E+03 -1.62668E-02
2.01850E+03 -1.62124E-02
2.01947E+03 -1.61632E-02
2.02043E+03 -1.61218E-02
2.02139E+03 -1.60937E-02
2.02236E+03 -1.60575E-02
2.02332E+03 -1.60041E-02
2.02429E+03 -1.59601E-02
2.02525E+03 -1.59107E-02
2.02622E+03 -1.58723E-02
2.02718E+03 -1.58425E-02
2.02815E+03 -1.58044E-02
2.02911E+03 -1.57479E-02
2.03007E+03 -1.57199E-02
2.03104E+03 -1.56862E-02
2.03200E+03 -1.56433E-02
2.03297E+03 -1.56194E-02
2.03393E+03 -1.55918E-02
2.03490E+03 -1.55461E-02
2.03586E+03 -1.54743E-02
2.03682E+03 -1.54153E-02
2.03779E+03 -1.53629E-02
2.03875E+03 -1.53088E-02
2.03972E+03 -1.52474E-02
2.04068E+03 -1.51890E-02
2.04165E+03 -1.51455E-02
2.04261E+03 -1.51305E-02
2.04358E+03 -1.50989E-02
2.04454E+03 -1.50801E-02
2.04550E+03 -1.50743E-02
2.04647E+03 -1.50284E-02
2.04743E+03 -1.50054E-02
2.04840E+03 -1.50041E-02
2.04936E+03 -1.50064E-02
2.05033E+03 -1.49953E-02
2.05129E+03 -1.49873E-02
2.05226E+03 -1.49896E-02
2.05322E+03 -1.49614E-02
2.05418E+03 -1.49423E-02
2.05515E+03 -1.49318E-02
2.05611E+03 -1.48871E-02
2.05708E+03 -1.48189E-02
2.05804E+03 -1.47496E-02
2.05901E+03 -1.46929E-02
2.05997E+03 -1.46403E-02
2.06094E+03 -1.46200E-02
2.06190E+03 -1.46058E-02
2.06286E+03 -1.45611E-02
2.06383E+03 -1.45138E-02
2.06479E+03 -1.44638E-02
2.06576E+03 -1.43002E-02
2.06672E+03 -1.44015E-02
2.06769E+03 -1.44470E-02
2.06865E+03 -1.42527E-02
2.06961E+03 -1.42246E-02
2.07058E+03 -1.41812E-02
2.07154E+03 -1.41429E-02
2.07251E+03 -1.40989E-02
2.07347E+03 -1.40621E-02
2.07444E+03 -1.40037E-02
2.07540E+03 -1.39312E-02
2.07637E+03 -1.39060E-02
2.07733E+03 -1.38975E-02
2.07829E+03 -1.38560E-02
2.07926E+03 -1.37824E-02
2.08022E+03 -1.36975E-02
2.08119E+03 -1.36313E-02
2.08215E+03 -1.35895E-02
2.08312E+03 -1.35266E-02
2.08408E+03 -1.34803E-02
2.08505E+03 -1.34364E-02
2.08601E+03 -1.34099E-02
2.08697E+03 -1.33497E-02
2.08794E+03 -1.32484E-02
2.08890E+03 -1.31908E-02
2.08987E+03 -1.31539E-02
2.09083E+03 -1.31186E-02
2.09180E+03 -1.30302E-02
2.09276E+03 -1.29409E-02
2.09372E+03 -1.28991E-02
2.09469E+03 -1.28754E-02
2.09565E+03 -1.27994E-02
2.09662E+03 -1.27028E-02
2.09758E+03 -1.26343E-02
2.09855E+03 -1.26063E-02
2.09951E+03 -1.25602E-02
2.10048E+03 -1.24554E-02
2.10144E+03 -1.23876E-02
2.10240E+03 -1.23417E-02
2.10337E+03 -1.23138E-02
2.10433E+03 -1.22145E-02
2.10530E+03 -1.21134E-02
2.10626E+03 -1.20762E-02
2.10723E+03 -1.20319E-02
2.10819E+03 -1.19372E-02
2.10916E+03 -1.17935E-02
2.11012E+03 -1.17184E-02
2.11108E+03 -1.17165E-02
2.11205E+03 -1.16342E-02
2.11301E+03 -1.14819E-02
2.11398E+03 -1.13925E-02
2.11494E+03 -1.13708E-02
2.11591E+03 -1.13367E-02
2.11687E+03 -1.12006E-02
2.11783E+03 -1.10836E-02
2.11880E+03 -1.10437E-02
2.11976E+03 -1.10019E-02
2.12073E+03 -1.08552E-02
2.12169E+03 -1.06876E-02
2.12266E+03 -1.06211E-02
2.12362E+03 -1.05912E-02
2.12459E+03 -1.04876E-02
2.12555E+03 -1.03626E-02
2.12651E+03 -1.02666E-02
2.12748E+03 -1.01979E-02
2.12844E+03 -1.01013E-02
2.12941E+03 -9.97470E-03
2.13037E+03 -9.86083E-03
2.13134E+03 -9.78247E-03
2.13230E+03 -9.68770E-03
2.13327E+03 -9.57141E-03
2.13423E+03 -9.47780E-03
2.13519E+03 -9.38130E-03
2.13616E+03 -9.28811E-03
2.13712E+03 -9.16757E-03
2.13809E+03 -9.05123E-03
2.13905E+03 -8.95276E-03
2.14002E+03 -8.86412E-03
2.14098E+03 -8.72518E-03
2.14195E+03 -8.66171E-03
2.14291E+03 -8.54822E-03
2.14387E+03 -8.36238E-03
2.14484E+03 -8.29119E-03
2.14580E+03 -8.20030E-03
2.14677E+03 -8.10720E-03
2.14773E+03 -8.01949E-03
2.14870E+03 -7.89959E-03
2.14966E+03 -7.77688E-03
2.15062E+03 -7.68279E-03
2.15159E+03 -7.59301E-03
2.15255E+03 -7.44087E-03
2.15352E+03 -7.33070E-03
2.15448E+03 -7.26290E-03
2.15545E+03 -7.12367E-03
2.15641E+03 -6.98794E-03
2.15738E+03 -6.88379E-03
2.15834E+03 -6.81859E-03
2.15930E+03 -6.69302E-03
2.16027E+03 -6.52793E-03
2.16123E+03 -6.47956E-03
2.16220E+03 -6.41835E-03
2.16316E+03 -6.24990E-03
2.16413E+03 -6.10963E-03
2.16509E+03 -6.07270E-03
2.16606E+03 -6.01649E-03
2.16702E+03 -5.84932E-03
2.16798E+03 -5.70944E-03
2.16895E+03 -5.66829E-03
2.16991E+03 -5.57907E-03
2.17088E+03 -5.43698E-03
2.17184E+03 -5.36277E-03
2.17281E+03 -5.32933E-03
2.17377E+03 -5.18069E-03
2.17473E+03 -5.00524E-03
2.17570E+03 -4.96601E-03
2.17666E+03 -4.92018E-03
2.17763E+03 -4.76812E-03
2.17859E+03 -4.65688E-03
2.17956E+03 -4.64518E-03
2.18052E+03 -4.55222E-03
2.18149E+03 -4.41743E-03
2.18245E+03 -4.39199E-03
2.18341E+03 -4.35760E-03
2.18438E+03 -4.22584E-03
2.18534E+03 -4.11086E-03
2.18631E+03 -4.06107E-03
2.18727E+03 -3.97557E-03
2.18824E+03 -3.83474E-03
2.18920E+03 -3.75153E-03
2.19017E+03 -3.71002E-03
2.19113E+03 -3.63095E-03
2.19209E+03 -3.56204E-03
2.19306E+03 -3.50305E-03
2.19402E+03 -3.42515E-03
2.19499E+03 -3.32590E-03
2.19595E+03 -3.27771E-03
2.19692E+03 -3.24958E-03
2.19788E+03 -3.15887E-03
2.19884E+03 -3.07876E-03
2.19981E+03 -3.04235E-03
2.20077E+03 -2.97614E-03
2.20174E+03 -2.88321E-03
2.20270E+03 -2.82571E-03
2.20367E+03 -2.76551E-03
2.20463E+03 -2.67135E-03
2.20560E+03 -2.59975E-03
2.20656E+03 -2.53994E-03
2.20752E+03 -2.45449E-03
2.20849E+03 -2.35721E-03
2.20945E+03 -2.31290E-03
2.21042E+03 -2.26411E-03
2.21138E+03 -2.15996E-03
2.21235E+03 -2.05888E-03
2.21331E+03 -1.97283E-03
2.21428E+03 -1.89005E-03
2.21524E+03 -1.82807E-03
2.21620E+03 -1.77212E-03
2.21717E+03 -1.67675E-03
2.21813E+03 -1.58405E-03
2.21910E+03 -1.49704E-03
2.22006E+03 -1.42338E-03
2.22103E+03 -1.35131E-03
2.22199E+03 -1.24626E-03
2.22296E+03 -1.13776E-03
2.22392E+03 -1.05463E-03
2.22488E+03 -9.81554E-04
2.22585E+03 -9.03517E-04
2.22681E+03 -8.26076E-04
2.22778E+03 -7.29434E-04
2.22874E+03 -6.15194E-04
2.22971E+03 -5.03294E-04
2.23067E+03 -4.15049E-04
2.23163E+03 -3.27092E-04
2.23260E+03 -2.32104E-04
2.23356E+03 -1.44385E-04
2.23453E+03 -2.56486E-05
2.23549E+03 8.17776E-05
2.23646E+03 1.99616E-04
2.23742E+03 3.26145E-04
2.23839E+03 4.24393E-04
2.23935E+03 5.11903E-04
2.24031E+03 6.18260E-04
2.24128E+03 7.33387E-04
2.24224E+03 8.42948E-04
2.24321E+03 9.54427E-04
2.24417E+03 1.05501E-03
2.24514E+03 1.16964E-03
2.24610E+03 1.25019E-03
2.24707E+03 1.32407E-03
2.24803E+03 1.40772E-03
2.24899E+03 1.47982E-03
2.24996E+03 1.58001E-03
2.25092E+03 1.65591E-03
2.25189E+03 1.70729E-03
2.25285E+03 1.78022E-03
2.25382E+03 1.86488E-03
2.25478E+03 1.95907E-03
2.25574E+03 2.06345E-03
2.25671E+03 2.18793E-03
2.25767E+03 2.31436E-03
2.25864E+03 2.42726E-03
2.25960E+03 2.55981E-03
2.26057E+03 2.69933E-03
2.26153E+03 2.82476E-03
2.26250E+03 2.94480E-03
2.26346E+03 3.09265E-03
2.26442E+03 3.26576E-03
2.26539E+03 3.48770E-03
2.26635E+03 3.76160E-03
2.26732E+03 4.06341E-03
2.26828E+03 4.48075E-03
2.26925E+03 5.10470E-03
2.27021E+03 6.08464E-03
2.27118E+03 7.78444E-03
2.27214E+03 1.09767E-02
2.27310E+03 1.65686E-02
2.27407E+03 2.46958E-02
2.27503E+03 3.40761E-02
2.27600E+03 4.24144E-02
2.27696E+03 4.76611E-02
2.27793E+03 4.90234E-02
2.27889E+03 4.68679E-02
2.27986E+03 4.25809E-02
2.28082E+03 3.76850E-02
2.28178E+03 3.43437E-02
2.28275E+03 3.13554E-02
2.28371E+03 2.42170E-02
2.28468E+03 1.64579E-02
2.28564E+03 1.19939E-02
2.28661E+03 9.38873E-03
2.28757E+03 8.06950E-03
2.28853E+03 7.60874E-03
2.28950E+03 7.57945E-03
2.29046E+03 7.76761E-03
2.29143E+03 8.07716E-03
2.29239E+03 8.45836E-03
2.29336E+03 8.89029E-03
2.29432E+03 9.35362E-03
2.29529E+03 9.85755E-03
2.29625E+03 1.04034E-02
2.29721E+03 1.09625E-02
2.29818E+03 1.15361E-02
2.29914E+03 1.21346E-02
2.30011E+03 1.27631E-02
2.30107E+03 1.33930E-02
2.30204E+03 1.40731E-02
2.30300E+03 1.47997E-02
2.30397E+03 1.55703E-02
2.30493E+03 1.63581E-02
2.30589E+03 1.71633E-02
2.30686E+03 1.80357E-02
2.30782E+03 1.89758E-02
2.30879E+03 1.99693E-02
2.30975E+03 2.10614E-02
2.31072E+03 2.22077E-02
2.31168E+03 2.34524E-02
2.31265E+03 2.48194E-02
2.31361E+03 2.63758E-02
2.31457E+03 2.81263E-02
2.31554E+03 3.01928E-02
2.31650E+03 3.26234E-02
2.31747E+03 3.57215E-02
2.31843E+03 3.98163E-02
2.31940E+03 4.54043E-02
2.32036E+03 5.29180E-02
2.32132E+03 6.26096E-02
2.32229E+03 7.41556E-02
2.32325E+03 8.77076E-02
2.32422E+03 1.05029E-01
2.32518E+03 1.31729E-01
2.32615E+03 1.77218E-01
2.32711E+03 2.49305E-01
2.32808E+03 3.43611E-01
2.32904E+03 4.48098E-01
2.33000E+03 5.53516E-01
2.33097E+03 6.53386E-01
2.33193E+03 7.46588E-01
2.33290E+03 8.33312E-01
2.33386E+03 9.15260E-01
2.33483E+03 9.92215E-01
2.33579E+03 1.06550E+00
2.33676E+03 1.13429E+00
2.33772E+03 1.19697E+00
2.33868E+03 1.24915E+00
2.33965E+03 1.29006E+00
2.34061E+03 1.32038E+00
2.34158E+03 1.34386E+00
2.34254E+03 1.36337E+00
2.34351E+03 1.37996E+00
2.34447E+03 1.37332E+00
2.34543E+03 1.33195E+00
2.34640E+03 1.27216E+00
2.34736E+03 1.20759E+00
2.34833E+03 1.14256E+00
2.34929E+03 1.08034E+00
2.35026E+03 1.02146E+00
2.35122E+03 9.66357E-01
2.35219E+03 9.15107E-01
2.35315E+03 8.67611E-01
2.35411E+03 8.23652E-01
2.35508E+03 7.82871E-01
2.35604E+03 7.44753E-01
2.35701E+03 7.09099E-01
2.35797E+03 6.75066E-01
2.35894E+03 6.42165E-01
2.35990E+03 6.09924E-01
2.36087E+03 5.77848E-01
2.36183E+03 5.45564E-01
2.36279E+03 5.12659E-01
2.36376E+03 4.78948E-01
2.36472E+03 4.44280E-01
2.36569E+03 4.08881E-01
2.36665E+03 3.73180E-01
2.36762E+03 3.37691E-01
2.36858E+03 3.03318E-01
2.36954E+03 2.70981E-01
2.37051E+03 2.41477E-01
2.37147E+03 2.14844E-01
2.37244E+03 1.89998E-01
2.37340E+03 1.65678E-01
2.37437E+03 1.41807E-01
2.37533E+03 1.19477E-01
2.37630E+03 9.95129E-02
2.37726E+03 8.17772E-02
2.37822E+03 6.57326E-02
2.37919E+03 5.12158E-02
2.38015E+03 3.86637E-02
2.38112E+03 2.86911E-02
2.38208E+03 2.17126E-02
2.38305E+03 1.73051E-02
2.38401E+03 1.43704E-02
2.38498E+03 1.21876E-02
2.38594E+03 1.04496E-02
2.38690E+03 9.01156E-03
2.38787E+03 7.79764E-03
2.38883E+03 6.72829E-03
2.38980E+03 5.76503E-03
2.39076E+03 4.91524E-03
2.39173E+03 4.16377E-03
2.39269E+03 3.46829E-03
2.39366E+03 2.81976E-03
2.39462E+03 2.22671E-03
2.39558E+03 1.67855E-03
2.39655E+03 1.15493E-03
2.39751E+03 6.77194E-04
2.39848E+03 2.51241E-04
2.39944E+03 -1.57844E-04
2.40041E+03 -5.37593E-04
2.40137E+03 -8.92751E-04
2.40233E+03 -1.20683E-03
2.40330E+03 -1.47004E-03
2.40426E+03 -1.73622E-03
2.40523E+03 -2.01146E-03
2.40619E+03 -2.26787E-03
2.40716E+03 -2.49917E-03
2.40812E+03 -2.71915E-03
2.40909E+03 -2.91744E-03
2.41005E+03 -3.10608E-03
2.41101E+03 -3.27207E-03
2.41198E+03 -3.44069E-03
2.41294E+03 -3.60395E-03
2.41391E+03 -3.72778E-03
2.41487E+03 -3.86955E-03
2.41584E+03 -3.98797E-03
2.41680E+03 -4.11123E-03
2.41777E+03 -4.22747E-03
2.41873E+03 -4.30807E-03
2.41969E+03 -4.39455E-03
2.42066E+03 -4.46795E-03
2.42162E+03 -4.55828E-03
2.42259E+03 -4.61658E-03
2.42355E+03 -4.65572E-03
2.42452E+03 -4.74702E-03
2.42548E+03 -4.84056E-03
2.42644E+03 -4.91846E-03
2.42741E+03 -4.97982E-03
2.42837E+03 -5.02863E-03
2.42934E+03 -5.09638E-03
2.43030E+03 -5.17289E-03
2.43127E+03 -5.25020E-03
2.43223E+03 -5.31574E-03
2.43320E+03 -5.35737E-03
2.43416E+03 -5.41322E-03
2.43512E+03 -5.48941E-03
2.43609E+03 -5.54735E-03
2.43705E+03 -5.60424E-03
2.43802E+03 -5.63966E-03
2.43898E+03 -5.66012E-03
2.43995E+03 -5.70504E-03
2.44091E+03 -5.74299E-03
2.44188E+03 -5.77287E-03
2.44284E+03 -5.81822E-03
2.44380E+03 -5.86344E-03
2.44477E+03 -5.88231E-03
2.44573E+03 -5.91614E-03
2.44670E+03 -5.97412E-03
2.44766E+03 -6.02809E-03
2.44863E+03 -6.08888E-03
2.44959E+03 -6.16299E-03
2.45055E+03 -6.24287E-03
2.45152E+03 -6.30586E-03
2.45248E+03 -6.34203E-03
2.45345E+03 -6.39020E-03
2.45441E+03 -6.48307E-03
2.45538E+03 -6.58163E-03
2.45634E+03 -6.66498E-03
2.45731E+03 -6.77223E-03
2.45827E+03 -6.88016E-03
2.45923E+03 -6.98973E-03
2.46020E+03 -7.10719E-03
2.46116E+03 -7.21098E-03
2.46213E+03 -7.33401E-03
2.46309E+03 -7.44018E-03
2.46406E+03 -7.54608E-03
2.46502E+03 -7.67317E-03
2.46599E+03 -7.77072E-03
2.46695E+03 -7.86090E-03
2.46791E+03 -7.99663E-03
2.46888E+03 -8.13490E-03
2.46984E+03 -8.21701E-03
2.47081E+03 -8.30768E-03
2.47177E+03 -8.41474E-03
2.47274E+03 -8.51264E-03
2.47370E+03 -8.58472E-03
2.47467E+03 -8.64956E-03
2.47563E+03 -8.72876E-03
2.47659E+03 -8.82518E-03
2.47756E+03 -8.89814E-03
2.47852E+03 -8.94992E-03
2.47949E+03 -9.01208E-03
2.48045E+03 -9.04936E-03
2.48142E+03 -9.09784E-03
2.48238E+03 -9.12952E-03
2.48334E+03 -9.12981E-03
2.48431E+03 -9.14160E-03
2.48527E+03 -9.18883E-03
2.48624E+03 -9.23023E-03
2.48720E+03 -9.23954E-03
2.48817E+03 -9.27259E-03
2.48913E+03 -9.25105E-03
2.49010E+03 -9.19523E-03
2.49106E+03 -9.18682E-03
2.49202E+03 -9.17005E-03
2.49299E+03 -9.15426E-03
2.49395E+03 -9.13042E-03
2.49492E+03 -9.09078E-03
2.49588E+03 -9.07650E-03
2.49685E+03 -9.03998E-03
2.49781E+03 -8.98714E-03
2.49878E+03 -8.96408E-03
2.49974E+03 -8.92181E-03
2.50070E+03 -8.87116E-03
2.50167E+03 -8.83730E-03
2.50263E+03 -8.76636E-03
2.50360E+03 -8.70306E-03
2.50456E+03 -8.66302E-03
2.50553E+03 -8.59943E-03
2.50649E+03 -8.50855E-03
2.50745E+03 -8.42248E-03
2.50842E+03 -8.35074E-03
2.50938E+03 -8.27336E-03
2.51035E+03 -8.19717E-03
2.51131E+03 -8.11499E-03
2.51228E+03 -8.02890E-03
2.51324E+03 -7.93706E-03
2.51421E+03 -7.84947E-03
2.51517E+03 -7.74205E-03
2.51613E+03 -7.62611E-03
2.51710E+03 -7.54849E-03
2.51806E+03 -7.46340E-03
2.51903E+03 -7.35199E-03
2.51999E+03 -7.25526E-03
2.52096E+03 -7.16133E-03
2.52192E+03 -7.06071E-03
2.52289E+03 -6.94966E-03
2.52385E+03 -6.84870E-03
2.52481E+03 -6.76706E-03
2.52578E+03 -6.64774E-03
2.52674E+03 -6.53563E-03
2.52771E+03 -6.45471E-03
2.52867E+03 -6.36052E-03
2.52964E+03 -6.26816E-03
2.53060E+03 -6.19124E-03
2.53156E+03 -6.12001E-03
2.53253E+03 -6.05027E-03
2.53349E+03 -5.97464E-03
2.53446E+03 -5.91483E-03
2.53542E+03 -5.89747E-03
2.53639E+03 -5.84081E-03
2.53735E+03 -5.75741E-03
2.53832E+03 -5.72631E-03
2.53928E+03 -5.70520E-03
2.54024E+03 -5.68912E-03
2.54121E+03 -5.67613E-03
2.54217E+03 -5.65645E-03
2.54314E+03 -5.66531E-03
2.54410E+03 -5.69818E-03
2.54507E+03 -5.71768E-03
2.54603E+03 -5.72073E-03
2.54700E+03 -5.76389E-03
2.54796E+03 -5.79617E-03
2.54892E+03 -5.81866E-03
2.54989E+03 -5.86695E-03
2.55085E+03 -5.90361E-03
2.55182E+03 -5.91946E-03
2.55278E+03 -5.94996E-03
2.55375E+03 -5.99816E-03
2.55471E+03 -6.03131E-03
2.55568E+03 -6.05540E-03
2.55664E+03 -6.08916E-03
2.55760E+03 -6.11692E-03
2.55857E+03 -6.14061E-03
2.55953E+03 -6.17462E-03
2.56050E+03 -6.20734E-03
2.56146E+03 -6.24264E-03
2.56243E+03 -6.27043E-03
2.56339E+03 -6.27690E-03
2.56435E+03 -6.27990E-03
2.56532E+03 -6.29038E-03
2.56628E+03 -6.31582E-03
2.56725E+03 -6.35687E-03
2.56821E+03 -6.36909E-03
2.56918E+03 -6.38472E-03
2.57014E+03 -6.43148E-03
2.57111E+03 -6.46938E-03
2.57207E+03 -6.47166E-03
2.57303E+03 -6.48014E-03
2.57400E+03 -6.48471E-03
2.57496E+03 -6.51489E-03
2.57593E+03 -6.55867E-03
2.57689E+03 -6.56494E-03
2.57786E+03 -6.57345E-03
2.57882E+03 -6.61175E-03
2.57979E+03 -6.63312E-03
2.58075E+03 -6.63942E-03
2.58171E+03 -6.65046E-03
2.58268E+03 -6.63792E-03
2.58364E+03 -6.61115E-03
2.58461E+03 -6.60621E-03
2.58557E+03 -6.61935E-03
2.58654E+03 -6.59445E-03
2.58750E+03 -6.54835E-03
2.58846E+03 -6.52194E-03
2.58943E+03 -6.48547E-03
2.59039E+03 -6.43099E-03
2.59136E+03 -6.36941E-03
2.59232E+03 -6.32087E-03
2.59329E+03 -6.28312E-03
2.59425E+03 -6.24609E-03
2.59522E+03 -6.20069E-03
2.59618E+03 -6.17626E-03
2.59714E+03 -6.14348E-03
2.59811E+03 -6.10595E-03
2.59907E+03 -6.11601E-03
2.60004E+03 -6.10752E-03
2.60100E+03 -6.08023E-03
2.60197E+03 -6.05206E-03
2.60293E+03 -6.02696E-03
2.60390E+03 -6.05809E-03
2.60486E+03 -6.07128E-03
2.60582E+03 -6.07979E-03
2.60679E+03 -6.15472E-03
2.60775E+03 -6.20309E-03
2.60872E+03 -6.21444E-03
2.60968E+03 -6.24103E-03
2.61065E+03 -6.27562E-03
2.61161E+03 -6.29550E-03
2.61258E+03 -6.36486E-03
2.61354E+03 -6.40571E-03
2.61450E+03 -6.40441E-03
2.61547E+03 -6.43791E-03
2.61643E+03 -6.47645E-03
2.61740E+03 -6.54064E-03
2.61836E+03 -6.62507E-03
2.61933E+03 -6.67170E-03
2.62029E+03 -6.69926E-03
2.62125E+03 -6.77175E-03
2.62222E+03 -6.82123E-03
2.62318E+03 -6.86378E-03
2.62415E+03 -6.93798E-03
2.62511E+03 -7.01396E-03
2.62608E+03 -7.09321E-03
2.62704E+03 -7.16085E-03
2.62801E+03 -7.24228E-03
2.62897E+03 -7.31423E-03
2.62993E+03 -7.37214E-03
2.63090E+03 -7.42296E-03
2.63186E+03 -7.45579E-03
2.63283E+03 -7.50532E-03
2.63379E+03 -7.56165E-03
2.63476E+03 -7.60145E-03
2.63572E+03 -7.62339E-03
2.63669E+03 -7.64424E-03
2.63765E+03 -7.67722E-03
2.63861E+03 -7.69042E-03
2.63958E+03 -7.69472E-03
2.64054E+03 -7.70087E-03
2.64151E+03 -7.71118E-03
2.64247E+03 -7.71541E-03
2.64344E+03 -7.71977E-03
2.64440E+03 -7.73815E-03
2.64536E+03 -7.71714E-03
2.64633E+03 -7.70235E-03
2.64729E+03 -7.70460E-03
2.64826E+03 -7.69032E-03
2.64922E+03 -7.71226E-03
2.65019E+03 -7.74030E-03
2.65115E+03 -7.71389E-03
2.65212E+03 -7.69975E-03
2.65308E+03 -7.70297E-03
2.65404E+03 -7.68422E-03
2.65501E+03 -7.68513E-03
2.65597E+03 -7.66313E-03
2.65694E+03 -7.63837E-03
2.65790E+03 -7.63006E-03
2.65887E+03 -7.61940E-03
2.65983E+03 -7.59671E-03
2.66080E+03 -7.56041E-03
2.66176E+03 -7.56181E-03
2.66272E+03 -7.55135E-03
2.66369E+03 -7.52557E-03
2.66465E+03 -7.50754E-03
2.66562E+03 -7.48055E-03
2.66658E+03 -7.47586E-03
2.66755E+03 -7.45897E-03
2.66851E+03 -7.44621E-03
2.66948E+03 -7.43381E-03
2.67044E+03 -7.38912E-03
2.67140E+03 -7.36912E-03
2.67237E+03 -7.35447E-03
2.67333E+03 -7.30862E-03
2.67430E+03 -7.29413E-03
2.67526E+03 -7.28027E-03
2.67623E+03 -7.24940E-03
2.67719E+03 -7.22213E-03
2.67815E+03 -7.17632E-03
2.67912E+03 -7.13838E-03
2.68008E+03 -7.12281E-03
2.68105E+03 -7.12181E-03
2.68201E+03 -7.09601E-03
2.68298E+03 -7.06287E-03
2.68394E+03 -7.03844E-03
2.68491E+03 -7.01275E-03
2.68587E+03 -6.96842E-03
2.68683E+03 -6.91576E-03
2.68780E+03 -6.91217E-03
2.68876E+03 -6.90557E-03
2.68973E+03 -6.86457E-03
2.69069E+03 -6.81725E-03
2.69166E+03 -6.78607E-03
2.69262E+03 -6.76253E-03
2.69359E+03 -6.71623E-03
2.69455E+03 -6.67533E-03
2.69551E+03 -6.66003E-03
2.69648E+03 -6.64319E-03
2.69744E+03 -6.60864E-03
2.69841E+03 -6.57756E-03
2.69937E+03 -6.54178E-03
2.70034E+03 -6.51903E-03
2.70130E+03 -6.46943E-03
2.70226E+03 -6.42455E-03
2.70323E+03 -6.39578E-03
2.70419E+03 -6.34946E-03
2.70516E+03 -6.31619E-03
2.70612E+03 -6.27714E-03
2.70709E+03 -6.24169E-03
2.70805E+03 -6.20575E-03
2.70902E+03 -6.15827E-03
2.70998E+03 -6.11324E-03
2.71094E+03 -6.08867E-03
2.71191E+03 -6.05636E-03
2.71287E+03 -6.00776E-03
2.71384E+03 -5.97310E-03
2.71480E+03 -5.90946E-03
2.71577E+03 -5.84557E-03
2.71673E+03 -5.80057E-03
2.71770E+03 -5.76702E-03
2.71866E+03 -5.73878E-03
2.71962E+03 -5.68381E-03
2.72059E+03 -5.62786E-03
2.72155E+03 -5.57948E-03
2.72252E+03 -5.53197E-03
2.72348E+03 -5.47203E-03
2.72445E+03 -5.40472E-03
2.72541E+03 -5.38550E-03
2.72638E+03 -5.35507E-03
2.72734E+03 -5.28641E-03
2.72830E+03 -5.22068E-03
2.72927E+03 -5.14865E-03
2.73023E+03 -5.13281E-03
2.73120E+03 -5.07735E-03
2.73216E+03 -4.99425E-03
2.73313E+03 -4.92333E-03
2.73409E+03 -4.84614E-03
2.73505E+03 -4.80701E-03
2.73602E+03 -4.76774E-03
2.73698E+03 -4.72289E-03
2.73795E+03 -4.66458E-03
2.73891E+03 -4.55449E-03
2.73988E+03 -4.46106E-03
2.74084E+03 -4.39360E-03
2.74181E+03 -4.30966E-03
2.74277E+03 -4.24497E-03
2.74373E+03 -4.20634E-03
2.74470E+03 -4.11597E-03
2.74566E+03 -4.00764E-03
2.74663E+03 -3.95464E-03
2.74759E+03 -3.87815E-03
2.74856E+03 -3.77389E-03
2.74952E+03 -3.64533E-03
2.75049E+03 -3.51751E-03
2.75145E+03 -3.42726E-03
2.75241E+03 -3.35791E-03
2.75338E+03 -3.26776E-03
2.75434E+03 -3.11560E-03
2.75531E+03 -3.07382E-03
2.75627E+03 -2.96186E-03
2.75724E+03 -2.86741E-03
2.75820E+03 -2.81996E-03
2.75916E+03 -2.67927E-03
2.76013E+03 -2.62212E-03
2.76109E+03 -2.42333E-03
2.76206E+03 -2.10626E-03
2.76302E+03 -1.89633E-03
2.76399E+03 -1.73151E-03
2.76495E+03 -1.47795E-03
2.76592E+03 -1.66600E-03
2.76688E+03 -1.41996E-03
2.76784E+03 -9.88171E-04
2.76881E+03 -1.01550E-03
2.76977E+03 -8.66149E-04
2.77074E+03 -6.96637E-04
2.77170E+03 -4.38992E-04
2.77267E+03 -4.20272E-04
2.77363E+03 -1.66446E-04
2.77460E+03 3.09773E-04
2.77556E+03 4.72173E-04
2.77652E+03 6.18327E-04
2.77749E+03 8.98827E-04
2.77845E+03 1.24869E-03
2.77942E+03 1.50159E-03
2.78038E+03 1.72588E-03
2.78135E+03 2.05934E-03
2.78231E+03 2.37266E-03
2.78327E+03 2.62702E-03
2.78424E+03 2.92077E-03
2.78520E+03 3.30799E-03
2.78617E+03 3.65318E-03
2.78713E+03 3.95440E-03
2.78810E+03 4.34821E-03
2.78906E+03 4.75559E-03
2.79003E+03 5.13220E-03
2.79099E+03 5.48444E-03
2.79195E+03 5.86142E-03
2.79292E+03 6.28493E-03
2.79388E+03 6.70539E-03
2.79485E+03 7.16014E-03
2.79581E+03 7.63235E-03
2.79678E+03 8.09345E-03
2.79774E+03 8.57741E-03
2.79871E+03 9.04847E-03
2.79967E+03 9.51914E-03
2.80063E+03 1.00499E-02
2.80160E+03 1.06061E-02
2.80256E+03 1.11405E-02
2.80353E+03 1.16699E-02
2.80449E+03 1.22326E-02
2.80546E+03 1.28086E-02
2.80642E+03 1.33848E-02
2.80739E+03 1.39653E-02
2.80835E+03 1.45648E-02
2.80931E+03 1.52127E-02
2.81028E+03 1.58456E-02
2.81124E+03 1.64579E-02
2.81221E+03 1.70898E-02
2.81317E+03 1.77844E-02
2.81414E+03 1.84930E-02
2.81510E+03 1.91863E-02
2.81606E+03 1.99026E-02
2.81703E+03 2.06065E-02
2.81799E+03 2.13414E-02
2.81896E+03 2.21241E-02
2.81992E+03 2.29154E-02
2.82089E+03 2.37671E-02
2.82185E+03 2.46805E-02
2.82282E+03 2.55711E-02
2.82378E+03 2.64917E-02
2.82474E+03 2.74535E-02
2.82571E+03 2.84298E-02
2.82667E+03 2.94129E-02
2.82764E+03 3.03390E-02
2.82860E+03 3.12099E-02
2.82957E+03 3.19942E-02
2.83053E+03 3.26195E-02
2.83150E+03 3.30848E-02
2.83246E+03 3.33727E-02
2.83342E+03 3.33932E-02
2.83439E+03 3.32141E-02
2.83535E+03 3.28470E-02
2.83632E+03 3.22839E-02
2.83728E+03 3.15905E-02
2.83825E+03 3.07957E-02
2.83921E+03 2.99710E-02
2.84017E+03 2.91454E-02
2.84114E+03 2.83669E-02
2.84210E+03 2.76676E-02
2.84307E+03 2.70100E-02
2.84403E+03 2.64232E-02
2.84500E+03 2.59378E-02
2.84596E+03 2.54813E-02
2.84693E+03 2.51021E-02
2.84789E+03 2.47727E-02
2.84885E+03 2.44475E-02
2.84982E+03 2.41315E-02
2.85078E+03 2.38162E-02
2.85175E+03 2.34982E-02
2.85271E+03 2.31576E-02
2.85368E+03 2.28750E-02
2.85464E+03 2.26179E-02
2.85561E+03 2.23692E-02
2.85657E+03 2.21049E-02
2.85753E+03 2.18016E-02
2.85850E+03 2.15494E-02
2.85946E+03 2.12991E-02
2.86043E+03 2.10127E-02
2.86139E+03 2.07576E-02
2.86236E+03 2.05137E-02
2.86332E+03 2.02648E-02
2.86428E+03 2.00202E-02
2.86525E+03 1.98038E-02
2.86621E+03 1.95929E-02
2.86718E+03 1.93748E-02
2.86814E+03 1.91548E-02
2.86911E+03 1.89443E-02
2.87007E+03 1.87271E-02
2.87104E+03 1.85177E-02
2.87200E+03 1.83799E-02
2.87296E+03 1.82630E-02
2.87393E+03 1.81061E-02
2.87489E+03 1.79379E-02
2.87586E+03 1.78225E-02
2.87682E+03 1.77521E-02
2.87779E+03 1.76717E-02
2.87875E+03 1.75978E-02
2.87972E+03 1.75578E-02
2.88068E+03 1.75724E-02
2.88164E+03 1.76067E-02
2.88261E+03 1.76167E-02
2.88357E+03 1.76434E-02
2.88454E+03 1.76758E-02
2.88550E+03 1.77032E-02
2.88647E+03 1.77856E-02
2.88743E+03 1.79047E-02
2.88840E+03 1.79973E-02
2.88936E+03 1.81165E-02
2.89032E+03 1.82297E-02
2.89129E+03 1.83443E-02
2.89225E+03 1.85075E-02
2.89322E+03 1.86706E-02
2.89418E+03 1.88179E-02
2.89515E+03 1.89994E-02
2.89611E+03 1.91911E-02
2.89707E+03 1.93988E-02
2.89804E+03 1.96426E-02
2.89900E+03 1.98393E-02
2.89997E+03 2.00719E-02
2.90093E+03 2.03499E-02
2.90190E+03 2.06358E-02
2.90286E+03 2.09264E-02
2.90383E+03 2.12330E-02
2.90479E+03 2.15913E-02
2.90575E+03 2.19623E-02
2.90672E+03 2.23073E-02
2.90768E+03 2.26527E-02
2.90865E+03 2.30161E-02
2.90961E+03 2.34095E-02
2.91058E+03 2.38005E-02
2.91154E+03 2.41874E-02
2.91251E+03 2.45769E-02
2.91347E+03 2.48798E-02
2.91443E+03 2.50682E-02
2.91540E+03 2.51843E-02
2.91636E+03 2.52401E-02
2.91733E+03 2.52299E-02
2.91829E+03 2.51796E-02
2.91926E+03 2.50517E-02
2.92022E+03 2.49187E-02
2.92118E+03 2.48480E-02
2.92215E+03 2.48719E-02
2.92311E+03 2.49563E-02
2.92408E+03 2.51347E-02
2.92504E+03 2.54732E-02
2.92601E+03 2.58893E-02
2.92697E+03 2.64274E-02
2.92794E+03 2.70821E-02
2.92890E+03 2.77482E-02
2.92986E+03 2.84877E-02
2.93083E+03 2.92845E-02
2.93179E+03 3.00669E-02
2.93276E+03 3.08062E-02
2.93372E+03 3.14560E-02
2.93469E+03 3.20266E-02
2.93565E+03 3.25163E-02
2.93662E+03 3.28344E-02
2.93758E+03 3.30369E-02
2.93854E+03 3.31887E-02
2.93951E+03 3.32199E-02
2.94047E+03 3.31557E-02
2.94144E+03 3.29820E-02
2.94240E+03 3.27603E-02
2.94337E+03 3.25620E-02
2.94433E+03 3.23433E-02
2.94530E+03 3.21957E-02
2.94626E+03 3.21347E-02
2.94722E+03 3.21353E-02
2.94819E+03 3.22547E-02
2.94915E+03 3.25347E-02
2.95012E+03 3.29576E-02
2.95108E+03 3.34223E-02
2.95205E+03 3.39332E-02
2.95301E+03 3.45155E-02
2.95397E+03 3.51242E-02
2.95494E+03 3.56917E-02
2.95590E+03 3.62579E-02
2.95687E+03 3.68039E-02
2.95783E+03 3.72768E-02
2.95880E+03 3.77133E-02
2.95976E+03 3.81176E-02
2.96073E+03 3.84603E-02
2.96169E+03 3.87200E-02
2.96265E+03 3.89087E-02
2.96362E+03 3.90649E-02
2.96458E+03 3.91878E-02
2.96555E+03 3.92884E-02
2.96651E+03 3.93747E-02
2.96748E+03 3.94849E-02
2.96844E+03 3.95562E-02
2.96941E+03 3.96017E-02
2.97037E+03 3.97031E-02
2.97133E+03 3.97769E-02
2.97230E+03 3.98511E-02
2.97326E+03 3.98411E-02
2.97423E+03 3.98356E-02
2.97519E+03 3.98984E-02
2.97616E+03 3.98909E-02
2.97712E+03 3.98423E-02
2.97808E+03 3.97770E-02
2.97905E+03 3.97228E-02
2.98001E+03 3.97044E-02
2.98098E+03 3.97294E-02
2.98194E+03 3.97609E-02
2.98291E+03 3.97779E-02
2.98387E+03 3.98403E-02
2.98484E+03 3.99664E-02
2.98580E+03 4.01501E-02
2.98676E+03 4.03709E-02
2.98773E+03 4.06385E-02
2.98869E+03 4.08760E-02
2.98966E+03 4.11502E-02
2.99062E+03 4.15052E-02
2.99159E+03 4.18554E-02
2.99255E+03 4.21901E-02
2.99352E+03 4.25003E-02
2.99448E+03 4.28734E-02
2.99544E+03 4.32063E-02
2.99641E+03 4.34830E-02
2.99737E+03 4.37677E-02
2.99834E+03 4.39651E-02
2.99930E+03 4.41315E-02
3.00027E+03 4.42781E-02
3.00123E+03 4.44178E-02
3.00220E+03 4.45453E-02
3.00316E+03 4.45990E-02
3.00412E+03 4.46238E-02
3.00509E+03 4.46070E-02
3.00605E+03 4.45978E-02
3.00702E+03 4.45763E-02
3.00798E+03 4.45191E-02
3.00895E+03 4.44788E-02
3.00991E+03 4.44587E-02
3.01087E+03 4.44348E-02
3.01184E+03 4.44477E-02
3.01280E+03 4.44867E-02
3.01377E+03 4.45371E-02
3.01473E+03 4.46261E-02
3.01570E+03 4.47195E-02
3.01666E+03 4.48377E-02
3.01763E+03 4.49632E-02
3.01859E+03 4.52414E-02
3.01955E+03 4.56570E-02
3.02052E+03 4.60231E-02
3.02148E+03 4.63910E-02
3.02245E+03 4.68124E-02
3.02341E+03 4.72997E-02
3.02438E+03 4.77901E-02
3.02534E+03 4.82831E-02
3.02631E+03 4.88850E-02
3.02727E+03 4.95179E-02
3.02823E+03 5.01246E-02
3.02920E+03 5.07830E-02
3.03016E+03 5.14793E-02
3.03113E+03 5.22138E-02
3.03209E+03 5.29885E-02
3.03306E+03 5.37595E-02
3.03402E+03 5.45414E-02
3.03498E+03 5.53361E-02
3.03595E+03 5.61809E-02
3.03691E+03 5.70623E-02
3.03788E+03 5.79477E-02
3.03884E+03 5.88710E-02
3.03981E+03 5.98143E-02
3.04077E+03 6.07544E-02
3.04174E+03 6.17224E-02
3.04270E+03 6.27334E-02
3.04366E+03 6.37521E-02
3.04463E+03 6.47937E-02
3.04559E+03 6.58626E-02
3.04656E+03 6.69373E-02
3.04752E+03 6.80194E-02
3.04849E+03 6.91164E-02
3.04945E+03 7.02547E-02
3.05042E+03 7.13833E-02
3.05138E+03 7.24855E-02
3.05234E+03 7.36537E-02
3.05331E+03 7.48619E-02
3.05427E+03 7.60627E-02
3.05524E+03 7.72714E-02
3.05620E+03 7.85002E-02
3.05717E+03 7.97417E-02
3.05813E+03 8.09832E-02
3.05909E+03 8.22694E-02
3.06006E+03 8.35701E-02
3.06102E+03 8.48768E-02
3.06199E+03 8.62560E-02
3.06295E+03 8.76585E-02
3.06392E+03 8.90216E-02
3.06488E+03 9.03999E-02
3.06585E+03 9.18067E-02
3.06681E+03 9.32001E-02
3.06777E+03 9.45965E-02
3.06874E+03 9.60629E-02
3.06970E+03 9.75596E-02
3.07067E+03 9.90091E-02
3.07163E+03 1.00487E-01
3.07260E+03 1.02007E-01
3.07356E+03 1.03505E-01
3.07453E+03 1.05037E-01
3.07549E+03 1.06597E-01
3.07645E+03 1.08128E-01
3.07742E+03 1.09686E-01
3.07838E+03 1.11311E-01
3.07935E+03 1.12941E-01
3.08031E+03 1.14549E-01
3.08128E+03 1.16166E-01
3.08224E+03 1.17804E-01
3.08321E+03 1.19473E-01
3.08417E+03 1.21152E-01
3.08513E+03 1.22838E-01
3.08610E+03 1.24497E-01
3.08706E+03 1.26190E-01
3.08803E+03 1.27972E-01
3.08899E+03 1.29720E-01
3.08996E+03 1.31432E-01
3.09092E+03 1.33203E-01
3.09188E+03 1.34992E-01
3.09285E+03 1.36731E-01
3.09381E+03 1.38475E-01
3.09478E+03 1.40206E-01
3.09574E+03 1.42005E-01
3.09671E+03 1.43895E-01
3.09767E+03 1.45684E-01
3.09864E+03 1.47468E-01
3.09960E+03 1.49342E-01
3.10056E+03 1.51191E-01
3.10153E+03 1.52994E-01
3.10249E+03 1.54795E-01
3.10346E+03 1.56629E-01
3.10442E+03 1.58483E-01
3.10539E+03 1.60326E-01
3.10635E+03 1.62213E-01
3.10732E+03 1.64101E-01
3.10828E+03 1.65918E-01
3.10924E+03 1.67779E-01
3.11021E+03 1.69717E-01
3.11117E+03 1.71600E-01
3.11214E+03 1.73444E-01
3.11310E+03 1.75277E-01
3.11407E+03 1.77192E-01
3.11503E+03 1.79146E-01
3.11599E+03 1.81005E-01
3.11696E+03 1.82865E-01
3.11792E+03 1.84746E-01
3.11889E+03 1.86686E-01
3.11985E+03 1.88674E-01
3.12082E+03 1.90550E-01
3.12178E+03 1.92375E-01
3.12275E+03 1.94262E-01
3.12371E+03 1.96145E-01
3.12467E+03 1.98124E-01
3.12564E+03 2.00070E-01
3.12660E+03 2.01949E-01
3.12757E+03 2.03920E-01
3.12853E+03 2.05901E-01
3.12950E+03 2.07829E-01
3.13046E+03 2.09706E-01
3.13143E+03 2.11607E-01
3.13239E+03 2.13548E-01
3.13335E+03 2.15508E-01
3.13432E+03 2.17453E-01
3.13528E+03 2.19397E-01
3.13625E+03 2.21315E-01
3.13721E+03 2.23278E-01
3.13818E+03 2.25258E-01
3.13914E+03 2.27238E-01
3.14010E+03 2.29199E-01
3.14107E+03 2.31117E-01
3.14203E+03 2.33072E-01
3.14300E+03 2.34986E-01
3.14396E+03 2.36968E-01
3.14493E+03 2.38998E-01
3.14589E+03 2.40970E-01
3.14686E+03 2.42929E-01
3.14782E+03 2.44895E-01
3.14878E+03 2.46847E-01
3.14975E+03 2.48804E-01
3.15071E+03 2.50758E-01
3.15168E+03 2.52785E-01
3.15264E+03 2.54751E-01
3.15361E+03 2.56682E-01
3.15457E+03 2.58707E-01
3.15554E+03 2.60673E-01
3.15650E+03 2.62593E-01
3.15746E+03 2.64524E-01
3.15843E+03 2.66451E-01
3.15939E+03 2.68390E-01
3.16036E+03 2.70392E-01
3.16132E+03 2.72322E-01
3.16229E+03 2.74251E-01
3.16325E+03 2.76204E-01
3.16422E+03 2.78123E-01
3.16518E+03 2.80072E-01
3.16614E+03 2.82028E-01
3.16711E+03 2.83918E-01
3.16807E+03 2.85782E-01
3.16904E+03 2.87640E-01
3.17000E+03 2.89525E-01
3.17097E+03 2.91423E-01
3.17193E+03 2.93308E-01
3.17289E+03 2.95186E-01
3.17386E+03 2.97001E-01
3.17482E+03 2.98876E-01
3.17579E+03 3.00815E-01
3.17675E+03 3.02683E-01
3.17772E+03 3.04549E-01
3.17868E+03 3.06398E-01
3.17965E+03 3.08186E-01
3.18061E+03 3.09952E-01
3.18157E+03 3.11726E-01
3.18254E+03 3.13486E-01
3.18350E+03 3.15309E-01
3.18447E+03 3.17157E-01
3.18543E+03 3.18946E-01
3.18640E+03 3.20667E-01
3.18736E+03 3.22390E-01
3.18833E+03 3.24177E-01
3.18929E+03 3.25905E-01
3.19025E+03 3.27640E-01
3.19122E+03 3.29308E-01
3.19218E+03 3.30972E-01
3.19315E+03 3.32713E-01
3.19411E+03 3.34422E-01
3.19508E+03 3.36124E-01
3.19604E+03 3.37878E-01
3.19700E+03 3.39483E-01
3.19797E+03 3.41032E-01
3.19893E+03 3.42641E-01
3.19990E+03 3.44183E-01
3.20086E+03 3.45813E-01
3.20183E+03 3.47469E-01
3.20279E+03 3.48999E-01
3.20376E+03 3.50506E-01
3.20472E+03 3.52012E-01
3.20568E+03 3.53547E-01
3.20665E+03 3.55108E-01
3.20761E+03 3.56650E-01
3.20858E+03 3.58117E-01
3.20954E+03 3.59583E-01
3.21051E+03 3.61002E-01
3.21147E+03 3.62391E-01
3.21244E+03 3.63793E-01
3.21340E+03 3.65144E-01
3.21436E+03 3.66556E-01
3.21533E+03 3.67942E-01
3.21629E+03 3.69273E-01
3.21726E+03 3.70514E-01
3.21822E+03 3.71797E-01
3.21919E+03 3.73109E-01
3.22015E+03 3.74362E-01
3.22111E+03 3.75636E-01
3.22208E+03 3.76909E-01
3.22304E+03 3.78148E-01
3.22401E+03 3.79266E-01
3.22497E+03 3.80428E-01
3.22594E+03 3.81680E-01
3.22690E+03 3.82836E-01
3.22787E+03 3.83957E-01
3.22883E+03 3.85062E-01
3.22979E+03 3.86101E-01
3.23076E+03 3.87143E-01
3.23172E+03 3.88232E-01
3.23269E+03 3.89286E-01
3.23365E+03 3.90231E-01
3.23462E+03 3.91173E-01
3.23558E+03 3.92138E-01
3.23655E+03 3.93049E-01
3.23751E+03 3.93977E-01
3.23847E+03 3.94875E-01
3.23944E+03 3.95752E-01
3.24040E+03 3.96639E-01
3.24137E+03 3.97517E-01
3.24233E+03 3.98394E-01
3.24330E+03 3.99076E-01
3.24426E+03 3.99833E-01
3.24523E+03 4.00681E-01
3.24619E+03 4.01377E-01
3.24715E+03 4.02043E-01
3.24812E+03 4.02771E-01
3.24908E+03 4.03451E-01
3.25005E+03 4.04152E-01
3.25101E+03 4.04829E-01
3.25198E+03 4.05426E-01
3.25294E+03 4.06037E-01
3.25390E+03 4.06599E-01
3.25487E+03 4.07232E-01
3.25583E+03 4.07848E-01
3.25680E+03 4.08384E-01
3.25776E+03 4.08972E-01
3.25873E+03 4.09495E-01
3.25969E+03 4.09860E-01
3.26066E+03 4.10318E-01
3.26162E+03 4.10820E-01
3.26258E+03 4.11263E-01
3.26355E+03 4.11686E-01
3.26451E+03 4.11992E-01
3.26548E+03 4.12324E-01
3.26644E+03 4.12698E-01
3.26741E+03 4.13098E-01
3.26837E+03 4.13349E-01
3.26934E+03 4.13581E-01
3.27030E+03 4.13906E-01
3.27126E+03 4.14102E-01
3.27223E+03 4.14362E-01
3.27319E+03 4.14611E-01
3.27416E+03 4.14767E-01
3.27512E+03 4.14915E-01
3.27609E+03 4.14998E-01
3.27705E+03 4.15015E-01
3.27802E+03 4.15149E-01
3.27898E+03 4.15306E-01
3.27994E+03 4.15370E-01
3.28091E+03 4.15376E-01
3.28187E+03 4.15432E-01
3.28284E+03 4.15416E-01
3.28380E+03 4.15299E-01
3.28477E+03 4.15297E-01
3.28573E+03 4.15235E-01
3.28669E+03 4.15020E-01
3.28766E+03 4.14831E-01
3.28862E+03 4.14740E-01
3.28959E+03 4.14546E-01
3.29055E+03 4.14234E-01
3.29152E+03 4.13997E-01
3.29248E+03 4.13753E-01
3.29345E+03 4.13458E-01
3.29441E+03 4.13190E-01
3.29537E+03 4.12831E-01
3.29634E+03 4.12391E-01
3.29730E+03 4.12018E-01
3.29827E+03 4.11659E-01
3.29923E+03 4.11322E-01
3.30020E+03 4.10934E-01
3.30116E+03 4.10414E-01
3.30213E+03 4.09893E-01
3.30309E+03 4.09372E-01
3.30405E+03 4.08815E-01
3.30502E+03 4.08340E-01
3.30598E+03 4.07784E-01
3.30695E+03 4.07135E-01
3.30791E+03 4.06523E-01
3.30888E+03 4.05887E-01
3.30984E+03 4.05222E-01
3.31080E+03 4.04523E-01
3.31177E+03 4.03861E-01
3.31273E+03 4.03223E-01
3.31370E+03 4.02525E-01
3.31466E+03 4.01733E-01
3.31563E+03 4.00945E-01
3.31659E+03 4.00058E-01
3.31756E+03 3.99164E-01
3.31852E+03 3.98464E-01
3.31948E+03 3.97767E-01
3.32045E+03 3.97010E-01
3.32141E+03 3.96164E-01
3.32238E+03 3.95239E-01
3.32334E+03 3.94364E-01
3.32431E+03 3.93486E-01
3.32527E+03 3.92552E-01
3.32624E+03 3.91624E-01
3.32720E+03 3.90725E-01
3.32816E+03 3.89876E-01
3.32913E+03 3.88999E-01
3.33009E+03 3.88043E-01
3.33106E+03 3.87148E-01
3.33202E+03 3.86239E-01
3.33299E+03 3.85261E-01
3.33395E+03 3.84318E-01
3.33492E+03 3.83363E-01
3.33588E+03 3.82356E-01
3.33684E+03 3.81352E-01
3.33781E+03 3.80436E-01
3.33877E+03 3.79517E-01
3.33974E+03 3.78507E-01
3.34070E+03 3.77524E-01
3.34167E+03 3.76553E-01
3.34263E+03 3.75550E-01
3.34359E+03 3.74505E-01
3.34456E+03 3.73512E-01
3.34552E+03 3.72547E-01
3.34649E+03 3.71539E-01
3.34745E+03 3.70516E-01
3.34842E+03 3.69466E-01
3.34938E+03 3.68468E-01
3.35035E+03 3.67501E-01
3.35131E+03 3.66479E-01
3.35227E+03 3.65487E-01
3.35324E+03 3.64452E-01
3.35420E+03 3.63382E-01
3.35517E+03 3.62394E-01
3.35613E+03 3.61370E-01
3.35710E+03 3.60334E-01
3.35806E+03 3.59276E-01
3.35903E+03 3.58202E-01
3.35999E+03 3.57188E-01
3.36095E+03 3.56102E-01
3.36192E+03 3.55036E-01
3.36288E+03 3.54020E-01
3.36385E+03 3.52919E-01
3.36481E+03 3.51794E-01
3.36578E+03 3.50688E-01
3.36674E+03 3.49538E-01
3.36770E+03 3.48456E-01
3.36867E+03 3.47385E-01
3.36963E+03 3.46267E-01
3.37060E+03 3.45152E-01
3.37156E+03 3.43976E-01
3.37253E+03 3.42873E-01
3.37349E+03 3.41814E-01
3.37446E+03 3.40636E-01
3.37542E+03 3.39419E-01
3.37638E+03 3.38253E-01
3.37735E+03 3.37074E-01
3.37831E+03 3.35938E-01
3.37928E+03 3.34734E-01
3.38024E+03 3.33423E-01
3.38121E+03 3.32149E-01
3.38217E+03 3.30999E-01
3.38314E+03 3.29813E-01
3.38410E+03 3.28507E-01
3.38506E+03 3.27231E-01
3.38603E+03 3.26001E-01
3.38699E+03 3.24774E-01
3.38796E+03 3.23470E-01
3.38892E+03 3.22098E-01
3.38989E+03 3.20770E-01
3.39085E+03 3.19492E-01
3.39181E+03 3.18152E-01
3.39278E+03 3.16699E-01
3.39374E+03 3.15296E-01
3.39471E+03 3.13914E-01
3.39567E+03 3.12558E-01
3.39664E+03 3.11254E-01
3.39760E+03 3.09822E-01
3.39857E+03 3.08313E-01
3.39953E+03 3.06771E-01
3.40049E+03 3.05276E-01
3.40146E+03 3.03777E-01
3.40242E+03 3.02304E-01
3.40339E+03 3.00831E-01
3.40435E+03 2.99233E-01
3.40532E+03 2.97654E-01
3.40628E+03 2.96111E-01
3.40725E+03 2.94574E-01
3.40821E+03 2.93053E-01
3.40917E+03 2.91443E-01
3.41014E+03 2.89818E-01
3.41110E+03 2.88168E-01
3.41207E+03 2.86597E-01
3.41303E+03 2.84842E-01
3.41400E+03 2.82805E-01
3.41496E+03 2.81205E-01
3.41593E+03 2.79739E-01
3.41689E+03 2.78129E-01
3.41785E+03 2.76458E-01
3.41882E+03 2.74690E-01
3.41978E+03 2.72962E-01
3.42075E+03 2.71231E-01
3.42171E+03 2.69480E-01
3.42268E+03 2.67771E-01
3.42364E+03 2.66004E-01
3.42460E+03 2.64141E-01
3.42557E+03 2.62309E-01
3.42653E+03 2.60481E-01
3.42750E+03 2.58628E-01
3.42846E+03 2.56752E-01
3.42943E+03 2.54861E-01
3.43039E+03 2.53053E-01
3.43136E+03 2.51298E-01
3.43232E+03 2.49489E-01
3.43328E+03 2.47610E-01
3.43425E+03 2.45686E-01
3.43521E+03 2.43810E-01
3.43618E+03 2.41967E-01
3.43714E+03 2.40082E-01
3.43811E+03 2.38201E-01
3.43907E+03 2.36310E-01
3.44004E+03 2.34423E-01
3.44100E+03 2.32589E-01
3.44196E+03 2.30674E-01
3.44293E+03 2.28704E-01
3.44389E+03 2.26756E-01
3.44486E+03 2.24832E-01
3.44582E+03 2.22878E-01
3.44679E+03 2.20890E-01
3.44775E+03 2.18950E-01
3.44871E+03 2.17048E-01
3.44968E+03 2.15119E-01
3.45064E+03 2.13172E-01
3.45161E+03 2.11293E-01
3.45257E+03 2.09400E-01
3.45354E+03 2.07382E-01
3.45450E+03 2.05433E-01
3.45547E+03 2.03547E-01
3.45643E+03 2.01601E-01
3.45739E+03 1.99630E-01
3.45836E+03 1.97718E-01
3.45932E+03 1.95834E-01
3.46029E+03 1.93860E-01
3.46125E+03 1.91892E-01
3.46222E+03 1.89945E-01
3.46318E+03 1.87919E-01
3.46415E+03 1.85871E-01
3.46511E+03 1.83902E-01
3.46607E+03 1.81976E-01
3.46704E+03 1.79985E-01
3.46800E+03 1.78042E-01
3.46897E+03 1.76150E-01
3.46993E+03 1.74158E-01
3.47090E+03 1.72132E-01
3.47186E+03 1.70152E-01
3.47282E+03 1.68236E-01
3.47379E+03 1.66296E-01
3.47475E+03 1.64383E-01
3.47572E+03 1.62450E-01
3.47668E+03 1.60453E-01
3.47765E+03 1.58402E-01
3.47861E+03 1.56407E-01
3.47958E+03 1.54496E-01
3.48054E+03 1.52568E-01
3.48150E+03 1.50636E-01
3.48247E+03 1.48627E-01
3.48343E+03 1.46665E-01
3.48440E+03 1.44718E-01
3.48536E+03 1.42748E-01
3.48633E+03 1.40768E-01
3.48729E+03 1.38775E-01
3.48826E+03 1.36838E-01
3.48922E+03 1.34875E-01
3.49018E+03 1.32907E-01
3.49115E+03 1.30954E-01
3.49211E+03 1.28962E-01
3.49308E+03 1.26986E-01
3.49404E+03 1.24960E-01
3.49501E+03 1.22890E-01
3.49597E+03 1.20971E-01
3.49694E+03 1.19174E-01
3.49790E+03 1.17230E-01
3.49886E+03 1.15222E-01
3.49983E+03 1.13221E-01
3.50079E+03 1.11279E-01
3.50176E+03 1.09422E-01
3.50272E+03 1.07478E-01
3.50369E+03 1.05502E-01
3.50465E+03 1.03591E-01
3.50561E+03 1.01690E-01
3.50658E+03 9.98383E-02
3.50754E+03 9.80101E-02
3.50851E+03 9.60689E-02
3.50947E+03 9.41492E-02
3.51044E+03 9.22875E-02
3.51140E+03 9.05045E-02
3.51237E+03 8.86659E-02
3.51333E+03 8.67853E-02
3.51429E+03 8.50017E-02
3.51526E+03 8.31960E-02
3.51622E+03 8.13922E-02
3.51719E+03 7.96430E-02
3.51815E+03 7.78991E-02
3.51912E+03 7.61958E-02
3.52008E+03 7.45323E-02
3.52105E+03 7.28346E-02
3.52201E+03 7.11614E-02
3.52297E+03 6.94950E-02
3.52394E+03 6.78728E-02
3.52490E+03 6.63761E-02
3.52587E+03 6.48366E-02
3.52683E+03 6.32936E-02
3.52780E+03 6.17906E-02
3.52876E+03 6.03262E-02
3.52972E+03 5.89443E-02
3.53069E+03 5.75327E-02
3.53165E+03 5.61199E-02
3.53262E+03 5.47507E-02
3.53358E+03 5.34357E-02
3.53455E+03 5.21531E-02
3.53551E+03 5.08758E-02
3.53648E+03 4.96647E-02
3.53744E+03 4.84673E-02
3.53840E+03 4.72641E-02
3.53937E+03 4.61124E-02
3.54033E+03 4.49847E-02
3.54130E+03 4.38531E-02
3.54226E+03 4.27853E-02
3.54323E+03 4.17733E-02
3.54419E+03 4.07370E-02
3.54516E+03 3.97117E-02
3.54612E+03 3.87040E-02
3.54708E+03 3.77598E-02
3.54805E+03 3.68538E-02
3.54901E+03 3.59077E-02
3.54998E+03 3.50497E-02
3.55094E+03 3.42560E-02
3.55191E+03 3.34329E-02
3.55287E+03 3.26505E-02
3.55383E+03 3.18802E-02
3.55480E+03 3.10681E-02
3.55576E+03 3.03123E-02
3.55673E+03 2.96707E-02
3.55769E+03 2.89725E-02
3.55866E+03 2.82053E-02
3.55962E+03 2.75041E-02
3.56059E+03 2.68489E-02
3.56155E+03 2.61937E-02
3.56251E+03 2.55796E-02
3.56348E+03 2.50291E-02
3.56444E+03 2.44769E-02
3.56541E+03 2.38749E-02
3.56637E+03 2.33217E-02
3.56734E+03 2.28149E-02
3.56830E+03 2.23348E-02
3.56927E+03 2.18670E-02
3.57023E+03 2.13968E-02
3.57119E+03 2.09150E-02
3.57216E+03 2.04667E-02
3.57312E+03 2.00910E-02
3.57409E+03 1.97046E-02
3.57505E+03 1.93645E-02
3.57602E+03 1.91062E-02
3.57698E+03 1.88399E-02
3.57795E+03 1.85982E-02
3.57891E+03 1.84696E-02
3.57987E+03 1.84588E-02
3.58084E+03 1.84388E-02
3.58180E+03 1.84567E-02
3.58277E+03 1.86193E-02
3.58373E+03 1.89215E-02
3.58470E+03 1.92755E-02
3.58566E+03 1.96338E-02
3.58662E+03 1.99953E-02
3.58759E+03 2.04165E-02
3.58855E+03 2.09086E-02
3.58952E+03 2.14122E-02
3.59048E+03 2.19252E-02
3.59145E+03 2.25044E-02
3.59241E+03 2.31951E-02
3.59338E+03 2.39507E-02
3.59434E+03 2.47440E-02
3.59530E+03 2.52858E-02
3.59627E+03 2.52172E-02
3.59723E+03 2.47991E-02
3.59820E+03 2.41106E-02
3.59916E+03 2.51228E-02
3.60013E+03 2.68940E-02
3.60109E+03 2.31848E-02
3.60206E+03 1.73439E-02
3.60302E+03 1.43463E-02
3.60398E+03 1.28000E-02
3.60495E+03 1.19147E-02
3.60591E+03 1.14004E-02
3.60688E+03 1.10726E-02
3.60784E+03 1.07362E-02
3.60881E+03 1.05063E-02
3.60977E+03 1.02947E-02
3.61074E+03 1.00066E-02
3.61170E+03 9.74555E-03
3.61266E+03 9.58484E-03
3.61363E+03 9.38893E-03
3.61459E+03 9.22092E-03
3.61556E+03 9.12904E-03
3.61652E+03 8.99992E-03
3.61749E+03 8.87197E-03
3.61845E+03 8.80985E-03
3.61941E+03 8.79493E-03
3.62038E+03 8.81312E-03
3.62134E+03 8.80865E-03
3.62231E+03 8.85497E-03
3.62327E+03 8.96155E-03
3.62424E+03 9.05396E-03
3.62520E+03 9.14088E-03
3.62617E+03 9.31733E-03
3.62713E+03 9.54857E-03
3.62809E+03 9.78730E-03
3.62906E+03 1.00770E-02
3.63002E+03 1.03579E-02
3.63099E+03 1.06866E-02
3.63195E+03 1.11316E-02
3.63292E+03 1.16043E-02
3.63388E+03 1.20495E-02
3.63485E+03 1.24525E-02
3.63581E+03 1.29513E-02
3.63677E+03 1.35745E-02
3.63774E+03 1.42727E-02
3.63870E+03 1.50494E-02
3.63967E+03 1.58289E-02
3.64063E+03 1.66519E-02
3.64160E+03 1.75354E-02
3.64256E+03 1.84599E-02
3.64352E+03 1.94478E-02
3.64449E+03 2.04143E-02
3.64545E+03 2.13701E-02
3.64642E+03 2.22878E-02
3.64738E+03 2.31043E-02
3.64835E+03 2.38767E-02
3.64931E+03 2.45841E-02
3.65028E+03 2.51155E-02
3.65124E+03 2.54865E-02
3.65220E+03 2.57366E-02
3.65317E+03 2.58670E-02
3.65413E+03 2.59153E-02
3.65510E+03 2.58570E-02
3.65606E+03 2.56056E-02
3.65703E+03 2.51133E-02
3.65799E+03 2.45169E-02
3.65896E+03 2.38175E-02
3.65992E+03 2.30740E-02
3.66088E+03 2.22465E-02
3.66185E+03 2.12376E-02
3.66281E+03 2.02072E-02
3.66378E+03 1.90806E-02
3.66474E+03 1.78844E-02
3.66571E+03 1.67773E-02
3.66667E+03 1.56774E-02
3.66764E+03 1.45650E-02
3.66860E+03 1.34700E-02
3.66956E+03 1.23874E-02
3.67053E+03 1.14140E-02
3.67149E+03 1.04878E-02
3.67246E+03 9.61147E-03
3.67342E+03 8.74261E-03
3.67439E+03 7.94099E-03
3.67535E+03 7.30150E-03
3.67631E+03 6.65637E-03
3.67728E+03 5.94027E-03
3.67824E+03 5.30091E-03
3.67921E+03 4.80958E-03
3.68017E+03 4.33057E-03
3.68114E+03 3.87792E-03
3.68210E+03 3.52287E-03
3.68307E+03 3.24901E-03
3.68403E+03 3.08939E-03
3.68499E+03 3.00166E-03
3.68596E+03 2.94491E-03
3.68692E+03 2.98207E-03
3.68789E+03 3.19288E-03
3.68885E+03 3.59648E-03
3.68982E+03 4.13698E-03
3.69078E+03 4.94340E-03
3.69175E+03 6.14916E-03
3.69271E+03 7.68784E-03
3.69367E+03 9.61006E-03
3.69464E+03 1.21348E-02
3.69560E+03 1.52853E-02
3.69657E+03 1.89620E-02
3.69753E+03 2.31881E-02
3.69850E+03 2.76992E-02
3.69946E+03 3.20113E-02
3.70042E+03 3.56758E-02
3.70139E+03 3.81722E-02
3.70235E+03 3.90435E-02
3.70332E+03 3.82972E-02
3.70428E+03 3.61904E-02
3.70525E+03 3.33308E-02
3.70621E+03 3.07467E-02
3.70718E+03 3.10295E-02
3.70814E+03 3.36541E-02
3.70910E+03 2.90169E-02
3.71007E+03 1.84074E-02
3.71103E+03 1.13113E-02
3.71200E+03 7.67528E-03
3.71296E+03 5.67785E-03
3.71393E+03 4.58653E-03
3.71489E+03 3.88978E-03
3.71586E+03 3.41573E-03
3.71682E+03 3.08156E-03
3.71778E+03 2.81453E-03
3.71875E+03 2.60882E-03
3.71971E+03 2.46190E-03
3.72068E+03 2.27421E-03
3.72164E+03 2.05735E-03
3.72261E+03 1.84760E-03
3.72357E+03 1.66536E-03
3.72453E+03 1.52787E-03
3.72550E+03 1.37939E-03
3.72646E+03 1.26890E-03
3.72743E+03 1.12704E-03
3.72839E+03 9.44585E-04
3.72936E+03 7.46470E-04
3.73032E+03 5.48441E-04
3.73129E+03 4.26590E-04
3.73225E+03 3.64129E-04
3.73321E+03 2.14718E-04
3.73418E+03 8.04290E-06
3.73514E+03 -1.20677E-04
3.73611E+03 -2.29109E-04
3.73707E+03 -3.65824E-04
3.73804E+03 -4.97501E-04
3.73900E+03 -5.93167E-04
3.73997E+03 -6.97665E-04
3.74093E+03 -8.75205E-04
3.74189E+03 -1.01333E-03
3.74286E+03 -1.12848E-03
3.74382E+03 -1.17414E-03
3.74479E+03 -1.19219E-03
3.74575E+03 -1.35576E-03
3.74672E+03 -1.54481E-03
3.74768E+03 -1.67863E-03
3.74865E+03 -1.72644E-03
3.74961E+03 -1.71609E-03
3.75057E+03 -1.84590E-03
3.75154E+03 -2.02890E-03
3.75250E+03 -2.07797E-03
3.75347E+03 -2.19479E-03
3.75443E+03 -2.31119E-03
3.75540E+03 -2.33514E-03
3.75636E+03 -2.33536E-03
3.75732E+03 -2.37663E-03
3.75829E+03 -2.41712E-03
3.75925E+03 -2.40157E-03
3.76022E+03 -2.47153E-03
3.76118E+03 -2.56428E-03
3.76215E+03 -2.58447E-03
3.76311E+03 -2.60549E-03
3.76408E+03 -2.64353E-03
3.76504E+03 -2.66171E-03
3.76600E+03 -2.67597E-03
3.76697E+03 -2.71972E-03
3.76793E+03 -2.73781E-03
3.76890E+03 -2.72638E-03
3.76986E+03 -2.71405E-03
3.77083E+03 -2.72612E-03
3.77179E+03 -2.76110E-03
3.77276E+03 -2.73812E-03
3.77372E+03 -2.75596E-03
3.77468E+03 -2.77553E-03
3.77565E+03 -2.80838E-03
3.77661E+03 -2.86713E-03
3.77758E+03 -2.85418E-03
3.77854E+03 -2.82075E-03
3.77951E+03 -2.78481E-03
3.78047E+03 -2.74451E-03
3.78143E+03 -2.70316E-03
3.78240E+03 -2.69535E-03
3.78336E+03 -2.71893E-03
3.78433E+03 -2.78009E-03
3.78529E+03 -2.81443E-03
3.78626E+03 -2.78177E-03
3.78722E+03 -2.80382E-03
3.78819E+03 -2.84646E-03
3.78915E+03 -2.86208E-03
3.79011E+03 -2.89518E-03
3.79108E+03 -2.84747E-03
3.79204E+03 -2.86208E-03
3.79301E+03 -2.95343E-03
3.79397E+03 -2.90531E-03
3.79494E+03 -2.85681E-03
3.79590E+03 -2.86239E-03
3.79687E+03 -2.88609E-03
3.79783E+03 -2.86837E-03
3.79879E+03 -2.81851E-03
3.79976E+03 -2.88539E-03
3.80072E+03 -2.93631E-03
3.80169E+03 -2.87137E-03
3.80265E+03 -2.88710E-03
3.80362E+03 -2.92937E-03
3.80458E+03 -2.93897E-03
3.80554E+03 -2.98163E-03
3.80651E+03 -3.00390E-03
3.80747E+03 -2.94602E-03
3.80844E+03 -2.91659E-03
3.80940E+03 -2.94654E-03
3.81037E+03 -2.96634E-03
3.81133E+03 -2.94506E-03
3.81230E+03 -2.91832E-03
3.81326E+03 -2.93024E-03
3.81422E+03 -2.94634E-03
3.81519E+03 -2.94984E-03
3.81615E+03 -2.87340E-03
3.81712E+03 -2.88280E-03
3.81808E+03 -2.97401E-03
3.81905E+03 -2.94748E-03
3.82001E+03 -2.93818E-03
3.82098E+03 -2.92032E-03
3.82194E+03 -2.87129E-03
3.82290E+03 -2.91776E-03
3.82387E+03 -2.98263E-03
3.82483E+03 -3.00016E-03
3.82580E+03 -3.00379E-03
3.82676E+03 -2.98169E-03
3.82773E+03 -2.94312E-03
3.82869E+03 -2.94188E-03
3.82966E+03 -2.94813E-03
3.83062E+03 -2.99887E-03
3.83158E+03 -2.99357E-03
3.83255E+03 -2.94819E-03
3.83351E+03 -2.97157E-03
3.83448E+03 -2.97173E-03
3.83544E+03 -2.95372E-03
3.83641E+03 -2.94419E-03
3.83737E+03 -2.89432E-03
3.83833E+03 -2.88619E-03
3.83930E+03 -2.95302E-03
3.84026E+03 -2.96559E-03
3.84123E+03 -2.95786E-03
3.84219E+03 -2.95375E-03
3.84316E+03 -2.95268E-03
3.84412E+03 -2.98065E-03
3.84509E+03 -2.95402E-03
3.84605E+03 -2.93518E-03
3.84701E+03 -2.92978E-03
3.84798E+03 -2.87168E-03
3.84894E+03 -2.93700E-03
3.84991E+03 -3.01027E-03
3.85087E+03 -2.94338E-03
3.85184E+03 -2.85283E-03
3.85280E+03 -2.84807E-03
3.85377E+03 -2.86126E-03
3.85473E+03 -2.82734E-03
3.85569E+03 -2.90634E-03
3.85666E+03 -2.91348E-03
3.85762E+03 -2.85858E-03
3.85859E+03 -2.88140E-03
3.85955E+03 -2.83740E-03
3.86052E+03 -2.85650E-03
3.86148E+03 -2.90272E-03
3.86244E+03 -2.88536E-03
3.86341E+03 -2.91301E-03
3.86437E+03 -2.92028E-03
3.86534E+03 -2.88862E-03
3.86630E+03 -2.88337E-03
3.86727E+03 -2.90905E-03
3.86823E+03 -2.89098E-03
3.86920E+03 -2.86160E-03
3.87016E+03 -2.83948E-03
3.87112E+03 -2.88576E-03
3.87209E+03 -2.95447E-03
3.87305E+03 -2.95293E-03
3.87402E+03 -2.92124E-03
3.87498E+03 -2.94759E-03
3.87595E+03 -3.00564E-03
3.87691E+03 -2.94948E-03
3.87788E+03 -2.91549E-03
3.87884E+03 -2.91783E-03
3.87980E+03 -2.90605E-03
3.88077E+03 -2.89225E-03
3.88173E+03 -2.92832E-03
3.88270E+03 -2.94740E-03
3.88366E+03 -2.89623E-03
3.88463E+03 -2.93308E-03
3.88559E+03 -2.90757E-03
3.88655E+03 -2.91571E-03
3.88752E+03 -2.94607E-03
3.88848E+03 -2.85599E-03
3.88945E+03 -2.89823E-03
3.89041E+03 -2.94666E-03
3.89138E+03 -2.87723E-03
3.89234E+03 -2.92894E-03
3.89331E+03 -2.98170E-03
3.89427E+03 -2.99554E-03
3.89523E+03 -2.94182E-03
3.89620E+03 -2.84006E-03
3.89716E+03 -2.85874E-03
3.89813E+03 -2.89035E-03
3.89909E+03 -2.86734E-03
3.90006E+03 -2.83818E-03
3.90102E+03 -2.88317E-03
3.90199E+03 -2.86763E-03
3.90295E+03 -2.83688E-03
3.90391E+03 -2.83913E-03
3.90488E+03 -2.85116E-03
3.90584E+03 -2.86426E-03
3.90681E+03 -2.79700E-03
3.90777E+03 -2.79509E-03
3.90874E+03 -2.86151E-03
3.90970E+03 -2.88000E-03
3.91067E+03 -2.89093E-03
3.91163E+03 -2.86039E-03
3.91259E+03 -2.80043E-03
3.91356E+03 -2.75128E-03
3.91452E+03 -2.74133E-03
3.91549E+03 -2.74866E-03
3.91645E+03 -2.71280E-03
3.91742E+03 -2.70720E-03
3.91838E+03 -2.74863E-03
3.91934E+03 -2.74136E-03
3.92031E+03 -2.67441E-03
3.92127E+03 -2.67098E-03
3.92224E+03 -2.69840E-03
3.92320E+03 -2.69966E-03
3.92417E+03 -2.65547E-03
3.92513E+03 -2.61827E-03
3.92610E+03 -2.66094E-03
3.92706E+03 -2.63734E-03
3.92802E+03 -2.59271E-03
3.92899E+03 -2.63480E-03
3.92995E+03 -2.66872E-03
3.93092E+03 -2.67651E-03
3.93188E+03 -2.66729E-03
3.93285E+03 -2.60382E-03
3.93381E+03 -2.58039E-03
3.93478E+03 -2.60217E-03
3.93574E+03 -2.58915E-03
3.93670E+03 -2.56627E-03
3.93767E+03 -2.56851E-03
3.93863E+03 -2.52501E-03
3.93960E+03 -2.55724E-03
3.94056E+03 -2.55753E-03
3.94153E+03 -2.49601E-03
3.94249E+03 -2.51329E-03
3.94346E+03 -2.48221E-03
3.94442E+03 -2.49860E-03
3.94538E+03 -2.52564E-03
3.94635E+03 -2.48277E-03
3.94731E+03 -2.51317E-03
3.94828E+03 -2.55819E-03
3.94924E+03 -2.46409E-03
3.95021E+03 -2.43091E-03
3.95117E+03 -2.49757E-03
3.95213E+03 -2.49878E-03
3.95310E+03 -2.46253E-03
3.95406E+03 -2.45355E-03
3.95503E+03 -2.40204E-03
3.95599E+03 -2.36563E-03
3.95696E+03 -2.37526E-03
3.95792E+03 -2.35168E-03
3.95889E+03 -2.31765E-03
3.95985E+03 -2.31569E-03
3.96081E+03 -2.30579E-03
3.96178E+03 -2.26684E-03
3.96274E+03 -2.30507E-03
3.96371E+03 -2.31498E-03
3.96467E+03 -2.24125E-03
3.96564E+03 -2.25411E-03
3.96660E+03 -2.31497E-03
3.96757E+03 -2.28280E-03
3.96853E+03 -2.24897E-03
3.96949E+03 -2.21631E-03
3.97046E+03 -2.19041E-03
3.97142E+03 -2.19579E-03
3.97239E+03 -2.18965E-03
3.97335E+03 -2.19780E-03
3.97432E+03 -2.18342E-03
3.97528E+03 -2.14135E-03
3.97624E+03 -2.14156E-03
3.97721E+03 -2.13092E-03
3.97817E+03 -2.10712E-03
3.97914E+03 -2.09465E-03
3.98010E+03 -2.06301E-03
3.98107E+03 -2.04663E-03
3.98203E+03 -2.07748E-03
3.98300E+03 -2.12768E-03
3.98396E+03 -2.11399E-03
3.98492E+03 -2.08623E-03
3.98589E+03 -2.09808E-03
3.98685E+03 -2.09230E-03
3.98782E+03 -2.10706E-03
3.98878E+03 -2.09831E-03
3.98975E+03 -2.00910E-03
3.99071E+03 -1.96266E-03
3.99168E+03 -1.95832E-03
3.99264E+03 -1.97297E-03
3.99360E+03 -2.00539E-03
3.99457E+03 -1.97357E-03
3.99553E+03 -1.95135E-03
3.99650E+03 -1.90521E-03
3.99746E+03 -1.85968E-03
3.99843E+03 -1.86421E-03
3.99939E+03 -1.80456E-03
4.00035E+03 -1.79423E-03
4.00132E+03 -1.88240E-03
