# {"full": "H2O:CH3OH:CO2 (0.9:0.3:1)", "name": "H2O:CH3OH:CO2", "ratio": "(0.9:0.3:1)", "url": "https://icedb.strw.leidenuniv.nl/data/51", "author": "Ehrenfreund et al."}
3.99264E+02 -1.70123E-02
4.00228E+02 -8.04092E-03
4.01193E+02 4.10283E-03
4.02157E+02 1.03198E-03
4.03122E+02 -1.48969E-03
4.04086E+02 -2.33015E-03
4.05050E+02 -2.97992E-03
4.06015E+02 -3.59540E-03
4.06979E+02 -4.19546E-04
4.07944E+02 6.88687E-04
4.08908E+02 -1.38003E-03
4.09872E+02 -1.71518E-03
4.10837E+02 -1.60228E-03
4.11801E+02 -1.30364E-03
4.12766E+02 -3.06038E-03
4.13730E+02 -3.28251E-03
4.14694E+02 -1.16382E-04
4.15659E+02 8.38254E-04
4.16623E+02 1.82537E-03
4.17588E+02 1.48272E-03
4.18552E+02 8.57566E-04
4.19516E+02 1.76392E-03
4.20481E+02 1.04517E-02
4.21445E+02 9.45976E-03
4.22410E+02 -2.13415E-03
4.23374E+02 -1.95039E-03
4.24339E+02 -1.07940E-03
4.25303E+02 -1.52283E-03
4.26267E+02 -1.56299E-03
4.27232E+02 -2.27665E-03
4.28196E+02 -2.89530E-03
4.29161E+02 -1.22514E-03
4.30125E+02 -3.47063E-04
4.31089E+02 -1.47033E-04
4.32054E+02 -2.83211E-04
4.33018E+02 -8.03720E-04
4.33983E+02 1.83955E-04
4.34947E+02 5.96672E-04
4.35911E+02 9.77211E-04
4.36876E+02 1.66278E-03
4.37840E+02 1.87113E-03
4.38805E+02 2.45343E-03
4.39769E+02 3.42077E-03
4.40733E+02 5.43839E-03
4.41698E+02 1.33485E-02
4.42662E+02 6.85426E-03
4.43627E+02 -3.92922E-03
4.44591E+02 -2.48865E-03
4.45555E+02 -1.77188E-03
4.46520E+02 -1.28761E-03
4.47484E+02 -1.05415E-03
4.48449E+02 -1.04008E-03
4.49413E+02 -1.03657E-03
4.50377E+02 -5.50114E-05
4.51342E+02 2.90394E-04
4.52306E+02 -8.93846E-05
4.53271E+02 -3.69556E-04
4.54235E+02 -3.18043E-04
4.55199E+02 -1.00165E-03
4.56164E+02 -7.85898E-04
4.57128E+02 4.94517E-04
4.58093E+02 2.79173E-04
4.59057E+02 1.45957E-05
4.60022E+02 4.95464E-04
4.60986E+02 6.75578E-04
4.61950E+02 6.88724E-04
4.62915E+02 4.56486E-04
4.63879E+02 -2.76119E-04
4.64844E+02 -3.91282E-04
4.65808E+02 1.47223E-05
4.66772E+02 1.47801E-04
4.67737E+02 7.78772E-05
4.68701E+02 4.94465E-04
4.69666E+02 5.26026E-04
4.70630E+02 1.61670E-04
4.71594E+02 -5.07757E-06
4.72559E+02 2.01873E-05
4.73523E+02 -9.24170E-05
4.74488E+02 -1.89245E-05
4.75452E+02 -3.11911E-04
4.76416E+02 4.31653E-04
4.77381E+02 4.10744E-03
4.78345E+02 4.09347E-03
4.79310E+02 2.11773E-03
4.80274E+02 2.02818E-03
4.81238E+02 1.90728E-03
4.82203E+02 1.97440E-03
4.83167E+02 1.76585E-03
4.84132E+02 2.35355E-03
4.85096E+02 3.10649E-03
4.86060E+02 2.93679E-03
4.87025E+02 2.86451E-03
4.87989E+02 3.02661E-03
4.88954E+02 3.18028E-03
4.89918E+02 3.57211E-03
4.90883E+02 3.73574E-03
4.91847E+02 3.43528E-03
4.92811E+02 3.53651E-03
4.93776E+02 3.98407E-03
4.94740E+02 4.31428E-03
4.95705E+02 4.69527E-03
4.96669E+02 5.09248E-03
4.97633E+02 6.29848E-03
4.98598E+02 5.82819E-03
4.99562E+02 4.54185E-03
5.00527E+02 5.07163E-03
5.01491E+02 5.52109E-03
5.02455E+02 5.76404E-03
5.03420E+02 5.91198E-03
5.04384E+02 6.05978E-03
5.05349E+02 6.62524E-03
5.06313E+02 7.05797E-03
5.07277E+02 7.24721E-03
5.08242E+02 7.47211E-03
5.09206E+02 7.65045E-03
5.10171E+02 7.82342E-03
5.11135E+02 8.21565E-03
5.12099E+02 8.46187E-03
5.13064E+02 8.14259E-03
5.14028E+02 8.22112E-03
5.14993E+02 8.58442E-03
5.15957E+02 8.68159E-03
5.16921E+02 8.79924E-03
5.17886E+02 8.65602E-03
5.18850E+02 8.30758E-03
5.19815E+02 9.98658E-03
5.20779E+02 1.11313E-02
5.21743E+02 1.06614E-02
5.22708E+02 1.07031E-02
5.23672E+02 1.07387E-02
5.24637E+02 1.09709E-02
5.25601E+02 1.11729E-02
5.26565E+02 1.13447E-02
5.27530E+02 1.13994E-02
5.28494E+02 1.16471E-02
5.29459E+02 1.18735E-02
5.30423E+02 1.19513E-02
5.31388E+02 1.22496E-02
5.32352E+02 1.25869E-02
5.33316E+02 1.28291E-02
5.34281E+02 1.29381E-02
5.35245E+02 1.28633E-02
5.36210E+02 1.28828E-02
5.37174E+02 1.32954E-02
5.38138E+02 1.35743E-02
5.39103E+02 1.38217E-02
5.40067E+02 1.38982E-02
5.41032E+02 1.37690E-02
5.41996E+02 1.41366E-02
5.42960E+02 1.44637E-02
5.43925E+02 1.46516E-02
5.44889E+02 1.49451E-02
5.45854E+02 1.51499E-02
5.46818E+02 1.53298E-02
5.47782E+02 1.55018E-02
5.48747E+02 1.56461E-02
5.49711E+02 1.58955E-02
5.50676E+02 1.61615E-02
5.51640E+02 1.64853E-02
5.52604E+02 1.66888E-02
5.53569E+02 1.72652E-02
5.54533E+02 1.74938E-02
5.55498E+02 1.70381E-02
5.56462E+02 1.71938E-02
5.57427E+02 1.74978E-02
5.58391E+02 1.77139E-02
5.59355E+02 1.79330E-02
5.60320E+02 1.81683E-02
5.61284E+02 1.85200E-02
5.62249E+02 1.87576E-02
5.63213E+02 1.88872E-02
5.64177E+02 1.91250E-02
5.65142E+02 1.92220E-02
5.66106E+02 1.93747E-02
5.67071E+02 1.97057E-02
5.68035E+02 1.99692E-02
5.68999E+02 2.02434E-02
5.69964E+02 2.04943E-02
5.70928E+02 2.07925E-02
5.71893E+02 2.10143E-02
5.72857E+02 2.11736E-02
5.73821E+02 2.12510E-02
5.74786E+02 2.15344E-02
5.75750E+02 2.25990E-02
5.76715E+02 2.30424E-02
5.77679E+02 2.28788E-02
5.78643E+02 2.31590E-02
5.79608E+02 2.34199E-02
5.80572E+02 2.36409E-02
5.81537E+02 2.38779E-02
5.82501E+02 2.41283E-02
5.83465E+02 2.45299E-02
5.84430E+02 2.49488E-02
5.85394E+02 2.51961E-02
5.86359E+02 2.55902E-02
5.87323E+02 2.59202E-02
5.88287E+02 2.61590E-02
5.89252E+02 2.64978E-02
5.90216E+02 2.68599E-02
5.91181E+02 2.73537E-02
5.92145E+02 2.78708E-02
5.93109E+02 2.82237E-02
5.94074E+02 2.86141E-02
5.95038E+02 2.90631E-02
5.96003E+02 2.97230E-02
5.96967E+02 3.02457E-02
5.97932E+02 3.04139E-02
5.98896E+02 3.09215E-02
5.99860E+02 3.15290E-02
6.00825E+02 3.20078E-02
6.01789E+02 3.24591E-02
6.02754E+02 3.29816E-02
6.03718E+02 3.36244E-02
6.04682E+02 3.41533E-02
6.05647E+02 3.46936E-02
6.06611E+02 3.53958E-02
6.07576E+02 3.60759E-02
6.08540E+02 3.67784E-02
6.09504E+02 3.74084E-02
6.10469E+02 3.75825E-02
6.11433E+02 3.83366E-02
6.12398E+02 3.95971E-02
6.13362E+02 4.04935E-02
6.14326E+02 4.13375E-02
6.15291E+02 4.22319E-02
6.16255E+02 4.31050E-02
6.17220E+02 4.41288E-02
6.18184E+02 4.53022E-02
6.19148E+02 4.64243E-02
6.20113E+02 4.75482E-02
6.21077E+02 4.87758E-02
6.22042E+02 5.01145E-02
6.23006E+02 5.15076E-02
6.23971E+02 5.29642E-02
6.24935E+02 5.47098E-02
6.25899E+02 5.65881E-02
6.26864E+02 5.84650E-02
6.27828E+02 6.05283E-02
6.28793E+02 6.27523E-02
6.29757E+02 6.51372E-02
6.30721E+02 6.79123E-02
6.31686E+02 7.09380E-02
6.32650E+02 7.36499E-02
6.33615E+02 7.68632E-02
6.34579E+02 8.07481E-02
6.35543E+02 8.51859E-02
6.36508E+02 9.04610E-02
6.37472E+02 9.66672E-02
6.38437E+02 1.03795E-01
6.39401E+02 1.10420E-01
6.40365E+02 1.17141E-01
6.41330E+02 1.25293E-01
6.42294E+02 1.34292E-01
6.43259E+02 1.43905E-01
6.44223E+02 1.54140E-01
6.45187E+02 1.64835E-01
6.46152E+02 1.75790E-01
6.47116E+02 1.86468E-01
6.48081E+02 1.96764E-01
6.49045E+02 2.06942E-01
6.50009E+02 2.17776E-01
6.50974E+02 2.30462E-01
6.51938E+02 2.47458E-01
6.52903E+02 2.71084E-01
6.53867E+02 3.03562E-01
6.54831E+02 3.32824E-01
6.55796E+02 3.31830E-01
6.56760E+02 3.14811E-01
6.57725E+02 3.04768E-01
6.58689E+02 3.03384E-01
6.59654E+02 3.05556E-01
6.60618E+02 2.93192E-01
6.61582E+02 2.68466E-01
6.62547E+02 2.43334E-01
6.63511E+02 2.19518E-01
6.64476E+02 1.97771E-01
6.65440E+02 1.77920E-01
6.66404E+02 1.59993E-01
6.67369E+02 1.43805E-01
6.68333E+02 1.28672E-01
6.69298E+02 1.14675E-01
6.70262E+02 1.01654E-01
6.71226E+02 8.96984E-02
6.72191E+02 7.90495E-02
6.73155E+02 6.92238E-02
6.74120E+02 6.00772E-02
6.75084E+02 5.20129E-02
6.76048E+02 4.53377E-02
6.77013E+02 4.03714E-02
6.77977E+02 3.74327E-02
6.78942E+02 3.62273E-02
6.79906E+02 3.59397E-02
6.80870E+02 3.59490E-02
6.81835E+02 3.60864E-02
6.82799E+02 3.62928E-02
6.83764E+02 3.66678E-02
6.84728E+02 3.70337E-02
6.85692E+02 3.73700E-02
6.86657E+02 3.77108E-02
6.87621E+02 3.83369E-02
6.88586E+02 3.90008E-02
6.89550E+02 3.92450E-02
6.90514E+02 3.96915E-02
6.91479E+02 4.02381E-02
6.92443E+02 4.06827E-02
6.93408E+02 4.10966E-02
6.94372E+02 4.14115E-02
6.95337E+02 4.18839E-02
6.96301E+02 4.24702E-02
6.97265E+02 4.29511E-02
6.98230E+02 4.34419E-02
6.99194E+02 4.38130E-02
7.00159E+02 4.42289E-02
7.01123E+02 4.45246E-02
7.02087E+02 4.54046E-02
7.03052E+02 4.62940E-02
7.04016E+02 4.64723E-02
7.04981E+02 4.68846E-02
7.05945E+02 4.74555E-02
7.06909E+02 4.78566E-02
7.07874E+02 4.83955E-02
7.08838E+02 4.83640E-02
7.09803E+02 4.84537E-02
7.10767E+02 4.94186E-02
7.11731E+02 5.00358E-02
7.12696E+02 5.05882E-02
7.13660E+02 5.10882E-02
7.14625E+02 5.15264E-02
7.15589E+02 5.20269E-02
7.16553E+02 5.24924E-02
7.17518E+02 5.28963E-02
7.18482E+02 5.33822E-02
7.19447E+02 5.38976E-02
7.20411E+02 5.43522E-02
7.21375E+02 5.47730E-02
7.22340E+02 5.52456E-02
7.23304E+02 5.56248E-02
7.24269E+02 5.60115E-02
7.25233E+02 5.64915E-02
7.26198E+02 5.68609E-02
7.27162E+02 5.72818E-02
7.28126E+02 5.78013E-02
7.29091E+02 5.81689E-02
7.30055E+02 5.84802E-02
7.31020E+02 5.89493E-02
7.31984E+02 5.93611E-02
7.32948E+02 5.97530E-02
7.33913E+02 6.01604E-02
7.34877E+02 6.05461E-02
7.35842E+02 6.09191E-02
7.36806E+02 6.13044E-02
7.37770E+02 6.16627E-02
7.38735E+02 6.20093E-02
7.39699E+02 6.23844E-02
7.40664E+02 6.26925E-02
7.41628E+02 6.30233E-02
7.42592E+02 6.33402E-02
7.43557E+02 6.37711E-02
7.44521E+02 6.42894E-02
7.45486E+02 6.45466E-02
7.46450E+02 6.47961E-02
7.47414E+02 6.50963E-02
7.48379E+02 6.53436E-02
7.49343E+02 6.56035E-02
7.50308E+02 6.58585E-02
7.51272E+02 6.65284E-02
7.52236E+02 6.70559E-02
7.53201E+02 6.72167E-02
7.54165E+02 6.74695E-02
7.55130E+02 6.76679E-02
7.56094E+02 6.79066E-02
7.57058E+02 6.82250E-02
7.58023E+02 6.84421E-02
7.58987E+02 6.86143E-02
7.59952E+02 6.88627E-02
7.60916E+02 6.90967E-02
7.61880E+02 6.93408E-02
7.62845E+02 6.95661E-02
7.63809E+02 6.98596E-02
7.64774E+02 7.00789E-02
7.65738E+02 7.01184E-02
7.66703E+02 7.03101E-02
7.67667E+02 7.05659E-02
7.68631E+02 7.07362E-02
7.69596E+02 7.08779E-02
7.70560E+02 7.11005E-02
7.71525E+02 7.13208E-02
7.72489E+02 7.14088E-02
7.73453E+02 7.15339E-02
7.74418E+02 7.17284E-02
7.75382E+02 7.18558E-02
7.76347E+02 7.19599E-02
7.77311E+02 7.20644E-02
7.78275E+02 7.22003E-02
7.79240E+02 7.22506E-02
7.80204E+02 7.22634E-02
7.81169E+02 7.24405E-02
7.82133E+02 7.25459E-02
7.83097E+02 7.26219E-02
7.84062E+02 7.27832E-02
7.85026E+02 7.28872E-02
7.85991E+02 7.28607E-02
7.86955E+02 7.28138E-02
7.87919E+02 7.29443E-02
7.88884E+02 7.30308E-02
7.89848E+02 7.30341E-02
7.90813E+02 7.31189E-02
7.91777E+02 7.31724E-02
7.92742E+02 7.31939E-02
7.93706E+02 7.31925E-02
7.94670E+02 7.31541E-02
7.95635E+02 7.31501E-02
7.96599E+02 7.31196E-02
7.97564E+02 7.30251E-02
7.98528E+02 7.30403E-02
7.99492E+02 7.30893E-02
8.00457E+02 7.30838E-02
8.01421E+02 7.30084E-02
8.02386E+02 7.28664E-02
8.03350E+02 7.28054E-02
8.04314E+02 7.27414E-02
8.05279E+02 7.25629E-02
8.06243E+02 7.23934E-02
8.07208E+02 7.23758E-02
8.08172E+02 7.23219E-02
8.09136E+02 7.21507E-02
8.10101E+02 7.20104E-02
8.11065E+02 7.18635E-02
8.12030E+02 7.17373E-02
8.12994E+02 7.15918E-02
8.13958E+02 7.14023E-02
8.14923E+02 7.12249E-02
8.15887E+02 7.10626E-02
8.16852E+02 7.08471E-02
8.17816E+02 7.06243E-02
8.18780E+02 7.04220E-02
8.19745E+02 7.02094E-02
8.20709E+02 7.00756E-02
8.21674E+02 6.98828E-02
8.22638E+02 6.95238E-02
8.23602E+02 6.92137E-02
8.24567E+02 6.89623E-02
8.25531E+02 6.86891E-02
8.26496E+02 6.84667E-02
8.27460E+02 6.82603E-02
8.28424E+02 6.78642E-02
8.29389E+02 6.74837E-02
8.30353E+02 6.72194E-02
8.31318E+02 6.69277E-02
8.32282E+02 6.66676E-02
8.33247E+02 6.63165E-02
8.34211E+02 6.59598E-02
8.35175E+02 6.55649E-02
8.36140E+02 6.51580E-02
8.37104E+02 6.48505E-02
8.38069E+02 6.45131E-02
8.39033E+02 6.41413E-02
8.39997E+02 6.37565E-02
8.40962E+02 6.32405E-02
8.41926E+02 6.28566E-02
8.42891E+02 6.26797E-02
8.43855E+02 6.22380E-02
8.44819E+02 6.17553E-02
8.45784E+02 6.13026E-02
8.46748E+02 6.08579E-02
8.47713E+02 6.04032E-02
8.48677E+02 5.99159E-02
8.49641E+02 5.94306E-02
8.50606E+02 5.89692E-02
8.51570E+02 5.85125E-02
8.52535E+02 5.80308E-02
8.53499E+02 5.76261E-02
8.54463E+02 5.71773E-02
8.55428E+02 5.67101E-02
8.56392E+02 5.62498E-02
8.57357E+02 5.57020E-02
8.58321E+02 5.51725E-02
8.59286E+02 5.47137E-02
8.60250E+02 5.44358E-02
8.61214E+02 5.40388E-02
8.62179E+02 5.34272E-02
8.63143E+02 5.29104E-02
8.64108E+02 5.23983E-02
8.65072E+02 5.18861E-02
8.66036E+02 5.13999E-02
8.67001E+02 5.07678E-02
8.67965E+02 5.01568E-02
8.68930E+02 4.96566E-02
8.69894E+02 4.91106E-02
8.70858E+02 4.85502E-02
8.71823E+02 4.80094E-02
8.72787E+02 4.74247E-02
8.73752E+02 4.68034E-02
8.74716E+02 4.62816E-02
8.75680E+02 4.57707E-02
8.76645E+02 4.52858E-02
8.77609E+02 4.45600E-02
8.78574E+02 4.39137E-02
8.79538E+02 4.34324E-02
8.80502E+02 4.28460E-02
8.81467E+02 4.23295E-02
8.82431E+02 4.18151E-02
8.83396E+02 4.12711E-02
8.84360E+02 4.06574E-02
8.85324E+02 3.99711E-02
8.86289E+02 3.93966E-02
8.87253E+02 3.88275E-02
8.88218E+02 3.82593E-02
8.89182E+02 3.77126E-02
8.90146E+02 3.71536E-02
8.91111E+02 3.66402E-02
8.92075E+02 3.59975E-02
8.93040E+02 3.53958E-02
8.94004E+02 3.48647E-02
8.94969E+02 3.42955E-02
8.95933E+02 3.37305E-02
8.96897E+02 3.31443E-02
8.97862E+02 3.25281E-02
8.98826E+02 3.19257E-02
8.99791E+02 3.13959E-02
9.00755E+02 3.08548E-02
9.01719E+02 3.02719E-02
9.02684E+02 2.96512E-02
9.03648E+02 2.90527E-02
9.04613E+02 2.85057E-02
9.05577E+02 2.79055E-02
9.06541E+02 2.74009E-02
9.07506E+02 2.68595E-02
9.08470E+02 2.62379E-02
9.09435E+02 2.56736E-02
9.10399E+02 2.50775E-02
9.11363E+02 2.45438E-02
9.12328E+02 2.39943E-02
9.13292E+02 2.34215E-02
9.14257E+02 2.29237E-02
9.15221E+02 2.23445E-02
9.16185E+02 2.17496E-02
9.17150E+02 2.12072E-02
9.18114E+02 2.07450E-02
9.19079E+02 2.02282E-02
9.20043E+02 1.94573E-02
9.21007E+02 1.88861E-02
9.21972E+02 1.83770E-02
9.22936E+02 1.78277E-02
9.23901E+02 1.73330E-02
9.24865E+02 1.67759E-02
9.25829E+02 1.62600E-02
9.26794E+02 1.58209E-02
9.27758E+02 1.53062E-02
9.28723E+02 1.47108E-02
9.29687E+02 1.42296E-02
9.30651E+02 1.37749E-02
9.31616E+02 1.32177E-02
9.32580E+02 1.27296E-02
9.33545E+02 1.22150E-02
9.34509E+02 1.16080E-02
9.35474E+02 1.11150E-02
9.36438E+02 1.06694E-02
9.37402E+02 1.01902E-02
9.38367E+02 9.72322E-03
9.39331E+02 9.23593E-03
9.40296E+02 8.76427E-03
9.41260E+02 8.33413E-03
9.42224E+02 7.83391E-03
9.43189E+02 7.33047E-03
9.44153E+02 6.82621E-03
9.45118E+02 6.39811E-03
9.46082E+02 5.96056E-03
9.47046E+02 5.50713E-03
9.48011E+02 5.10348E-03
9.48975E+02 4.65316E-03
9.49940E+02 4.17974E-03
9.50904E+02 3.76211E-03
9.51868E+02 3.32127E-03
9.52833E+02 2.87653E-03
9.53797E+02 2.45867E-03
9.54762E+02 2.08469E-03
9.55726E+02 1.76062E-03
9.56690E+02 1.36290E-03
9.57655E+02 9.54177E-04
9.58619E+02 5.73833E-04
9.59584E+02 2.04109E-04
9.60548E+02 -1.31022E-04
9.61513E+02 -5.88275E-04
9.62477E+02 -1.02825E-03
9.63441E+02 -1.27811E-03
9.64406E+02 -1.57850E-03
9.65370E+02 -1.90534E-03
9.66335E+02 -2.19981E-03
9.67299E+02 -2.50469E-03
9.68263E+02 -2.88112E-03
9.69228E+02 -3.25529E-03
9.70192E+02 -3.48417E-03
9.71157E+02 -3.68667E-03
9.72121E+02 -3.95508E-03
9.73085E+02 -4.24560E-03
9.74050E+02 -4.52327E-03
9.75014E+02 -4.79188E-03
9.75979E+02 -4.98168E-03
9.76943E+02 -5.13498E-03
9.77907E+02 -5.34767E-03
9.78872E+02 -5.52978E-03
9.79836E+02 -5.67544E-03
9.80801E+02 -5.81362E-03
9.81765E+02 -5.97423E-03
9.82729E+02 -6.01467E-03
9.83694E+02 -6.07612E-03
9.84658E+02 -6.24887E-03
9.85623E+02 -6.34531E-03
9.86587E+02 -6.35574E-03
9.87551E+02 -6.32336E-03
9.88516E+02 -6.31364E-03
9.89480E+02 -6.35204E-03
9.90445E+02 -6.29218E-03
9.91409E+02 -6.10150E-03
9.92373E+02 -5.88514E-03
9.93338E+02 -5.52678E-03
9.94302E+02 -5.01823E-03
9.95267E+02 -4.36795E-03
9.96231E+02 -3.50150E-03
9.97195E+02 -1.80371E-03
9.98160E+02 1.70723E-04
9.99124E+02 2.24433E-03
1.00009E+03 5.11622E-03
1.00105E+03 8.66954E-03
1.00202E+03 1.28550E-02
1.00298E+03 1.76633E-02
1.00395E+03 2.31799E-02
1.00491E+03 2.92717E-02
1.00588E+03 3.56964E-02
1.00684E+03 4.23293E-02
1.00780E+03 4.90206E-02
1.00877E+03 5.55584E-02
1.00973E+03 6.17124E-02
1.01070E+03 6.74391E-02
1.01166E+03 7.27247E-02
1.01263E+03 7.71969E-02
1.01359E+03 8.08148E-02
1.01455E+03 8.36099E-02
1.01552E+03 8.54663E-02
1.01648E+03 8.64675E-02
1.01745E+03 8.67361E-02
1.01841E+03 8.60430E-02
1.01938E+03 8.45324E-02
1.02034E+03 8.25373E-02
1.02131E+03 7.99711E-02
1.02227E+03 7.70338E-02
1.02323E+03 7.38519E-02
1.02420E+03 7.04264E-02
1.02516E+03 6.67615E-02
1.02613E+03 6.30628E-02
1.02709E+03 5.94222E-02
1.02806E+03 5.56831E-02
1.02902E+03 5.19606E-02
1.02999E+03 4.82370E-02
1.03095E+03 4.44273E-02
1.03191E+03 4.08826E-02
1.03288E+03 3.73165E-02
1.03384E+03 3.33567E-02
1.03481E+03 2.94247E-02
1.03577E+03 2.55902E-02
1.03674E+03 2.18396E-02
1.03770E+03 1.80594E-02
1.03866E+03 1.46312E-02
1.03963E+03 1.13451E-02
1.04059E+03 7.92066E-03
1.04156E+03 4.92582E-03
1.04252E+03 2.27850E-03
1.04349E+03 -6.45667E-05
1.04445E+03 -2.07292E-03
1.04542E+03 -3.79777E-03
1.04638E+03 -5.25664E-03
1.04734E+03 -6.44305E-03
1.04831E+03 -7.42361E-03
1.04927E+03 -8.21049E-03
1.05024E+03 -8.90805E-03
1.05120E+03 -9.44660E-03
1.05217E+03 -1.01606E-02
1.05313E+03 -1.07338E-02
1.05410E+03 -1.06200E-02
1.05506E+03 -1.07023E-02
1.05602E+03 -1.09326E-02
1.05699E+03 -1.11036E-02
1.05795E+03 -1.12337E-02
1.05892E+03 -1.14932E-02
1.05988E+03 -1.16953E-02
1.06085E+03 -1.14989E-02
1.06181E+03 -1.15030E-02
1.06278E+03 -1.16472E-02
1.06374E+03 -1.17442E-02
1.06470E+03 -1.18592E-02
1.06567E+03 -1.19084E-02
1.06663E+03 -1.20800E-02
1.06760E+03 -1.22186E-02
1.06856E+03 -1.21296E-02
1.06953E+03 -1.21832E-02
1.07049E+03 -1.22990E-02
1.07145E+03 -1.23721E-02
1.07242E+03 -1.24412E-02
1.07338E+03 -1.27200E-02
1.07435E+03 -1.25317E-02
1.07531E+03 -1.21958E-02
1.07628E+03 -1.23577E-02
1.07724E+03 -1.24344E-02
1.07821E+03 -1.25055E-02
1.07917E+03 -1.25837E-02
1.08013E+03 -1.26667E-02
1.08110E+03 -1.26703E-02
1.08206E+03 -1.26950E-02
1.08303E+03 -1.27746E-02
1.08399E+03 -1.28311E-02
1.08496E+03 -1.28086E-02
1.08592E+03 -1.28252E-02
1.08689E+03 -1.28168E-02
1.08785E+03 -1.27758E-02
1.08881E+03 -1.28206E-02
1.08978E+03 -1.27752E-02
1.09074E+03 -1.27253E-02
1.09171E+03 -1.27427E-02
1.09267E+03 -1.27175E-02
1.09364E+03 -1.27158E-02
1.09460E+03 -1.27412E-02
1.09556E+03 -1.25976E-02
1.09653E+03 -1.24765E-02
1.09749E+03 -1.24187E-02
1.09846E+03 -1.23366E-02
1.09942E+03 -1.21961E-02
1.10039E+03 -1.20358E-02
1.10135E+03 -1.18022E-02
1.10232E+03 -1.16420E-02
1.10328E+03 -1.15317E-02
1.10424E+03 -1.11595E-02
1.10521E+03 -1.07324E-02
1.10617E+03 -1.02957E-02
1.10714E+03 -9.80397E-03
1.10810E+03 -9.20713E-03
1.10907E+03 -8.53504E-03
1.11003E+03 -7.87102E-03
1.11100E+03 -7.12307E-03
1.11196E+03 -6.31137E-03
1.11292E+03 -5.52191E-03
1.11389E+03 -4.69422E-03
1.11485E+03 -3.89285E-03
1.11582E+03 -3.11032E-03
1.11678E+03 -2.15486E-03
1.11775E+03 -1.29093E-03
1.11871E+03 -6.15448E-04
1.11968E+03 1.62907E-05
1.12064E+03 5.12324E-04
1.12160E+03 9.31323E-04
1.12257E+03 1.24218E-03
1.12353E+03 1.40189E-03
1.12450E+03 1.42243E-03
1.12546E+03 1.30364E-03
1.12643E+03 1.05339E-03
1.12739E+03 6.72176E-04
1.12835E+03 2.08948E-04
1.12932E+03 -3.78124E-04
1.13028E+03 -1.20631E-03
1.13125E+03 -2.10538E-03
1.13221E+03 -2.98283E-03
1.13318E+03 -3.94629E-03
1.13414E+03 -4.90822E-03
1.13511E+03 -5.83360E-03
1.13607E+03 -6.72911E-03
1.13703E+03 -7.63873E-03
1.13800E+03 -8.54625E-03
1.13896E+03 -9.33170E-03
1.13993E+03 -1.00087E-02
1.14089E+03 -1.06024E-02
1.14186E+03 -1.11614E-02
1.14282E+03 -1.16223E-02
1.14379E+03 -1.19600E-02
1.14475E+03 -1.22881E-02
1.14571E+03 -1.25665E-02
1.14668E+03 -1.27672E-02
1.14764E+03 -1.29299E-02
1.14861E+03 -1.30613E-02
1.14957E+03 -1.31343E-02
1.15054E+03 -1.32084E-02
1.15150E+03 -1.32385E-02
1.15246E+03 -1.32377E-02
1.15343E+03 -1.32330E-02
1.15439E+03 -1.31818E-02
1.15536E+03 -1.31359E-02
1.15632E+03 -1.30944E-02
1.15729E+03 -1.29986E-02
1.15825E+03 -1.28647E-02
1.15922E+03 -1.27895E-02
1.16018E+03 -1.27250E-02
1.16114E+03 -1.26587E-02
1.16211E+03 -1.26783E-02
1.16307E+03 -1.27543E-02
1.16404E+03 -1.28292E-02
1.16500E+03 -1.29821E-02
1.16597E+03 -1.31326E-02
1.16693E+03 -1.32046E-02
1.16790E+03 -1.33098E-02
1.16886E+03 -1.34177E-02
1.16982E+03 -1.35154E-02
1.17079E+03 -1.36153E-02
1.17175E+03 -1.36690E-02
1.17272E+03 -1.37060E-02
1.17368E+03 -1.37692E-02
1.17465E+03 -1.38193E-02
1.17561E+03 -1.38344E-02
1.17657E+03 -1.38324E-02
1.17754E+03 -1.38438E-02
1.17850E+03 -1.38483E-02
1.17947E+03 -1.38705E-02
1.18043E+03 -1.38956E-02
1.18140E+03 -1.38611E-02
1.18236E+03 -1.38436E-02
1.18333E+03 -1.38549E-02
1.18429E+03 -1.38831E-02
1.18525E+03 -1.38975E-02
1.18622E+03 -1.39090E-02
1.18718E+03 -1.39700E-02
1.18815E+03 -1.39516E-02
1.18911E+03 -1.39260E-02
1.19008E+03 -1.39397E-02
1.19104E+03 -1.39252E-02
1.19201E+03 -1.39383E-02
1.19297E+03 -1.39573E-02
1.19393E+03 -1.39499E-02
1.19490E+03 -1.39353E-02
1.19586E+03 -1.39079E-02
1.19683E+03 -1.38897E-02
1.19779E+03 -1.38920E-02
1.19876E+03 -1.39066E-02
1.19972E+03 -1.39000E-02
1.20069E+03 -1.38936E-02
1.20165E+03 -1.38739E-02
1.20261E+03 -1.38644E-02
1.20358E+03 -1.38945E-02
1.20454E+03 -1.38922E-02
1.20551E+03 -1.38935E-02
1.20647E+03 -1.38889E-02
1.20744E+03 -1.38440E-02
1.20840E+03 -1.38450E-02
1.20936E+03 -1.38406E-02
1.21033E+03 -1.38214E-02
1.21129E+03 -1.38213E-02
1.21226E+03 -1.38176E-02
1.21322E+03 -1.38050E-02
1.21419E+03 -1.37698E-02
1.21515E+03 -1.37599E-02
1.21612E+03 -1.37760E-02
1.21708E+03 -1.37756E-02
1.21804E+03 -1.37918E-02
1.21901E+03 -1.37763E-02
1.21997E+03 -1.37716E-02
1.22094E+03 -1.37499E-02
1.22190E+03 -1.37313E-02
1.22287E+03 -1.36915E-02
1.22383E+03 -1.36733E-02
1.22480E+03 -1.36453E-02
1.22576E+03 -1.36377E-02
1.22672E+03 -1.35703E-02
1.22769E+03 -1.35466E-02
1.22865E+03 -1.34772E-02
1.22962E+03 -1.35106E-02
1.23058E+03 -1.34901E-02
1.23155E+03 -1.36105E-02
1.23251E+03 -1.35822E-02
1.23347E+03 -1.55363E-02
1.23444E+03 -1.70245E-02
1.23540E+03 -1.42255E-02
1.23637E+03 -1.29349E-02
1.23733E+03 -1.31544E-02
1.23830E+03 -1.31036E-02
1.23926E+03 -1.31995E-02
1.24023E+03 -1.32294E-02
1.24119E+03 -1.34167E-02
1.24215E+03 -1.33983E-02
1.24312E+03 -1.33284E-02
1.24408E+03 -1.32981E-02
1.24505E+03 -1.32826E-02
1.24601E+03 -1.32807E-02
1.24698E+03 -1.33174E-02
1.24794E+03 -1.33277E-02
1.24891E+03 -1.32974E-02
1.24987E+03 -1.32706E-02
1.25083E+03 -1.33016E-02
1.25180E+03 -1.32864E-02
1.25276E+03 -1.32814E-02
1.25373E+03 -1.32707E-02
1.25469E+03 -1.32170E-02
1.25566E+03 -1.31865E-02
1.25662E+03 -1.31877E-02
1.25759E+03 -1.31488E-02
1.25855E+03 -1.31389E-02
1.25951E+03 -1.31596E-02
1.26048E+03 -1.31195E-02
1.26144E+03 -1.30626E-02
1.26241E+03 -1.30486E-02
1.26337E+03 -1.30647E-02
1.26434E+03 -1.30574E-02
1.26530E+03 -1.30259E-02
1.26626E+03 -1.30193E-02
1.26723E+03 -1.29954E-02
1.26819E+03 -1.29848E-02
1.26916E+03 -1.29707E-02
1.27012E+03 -1.29411E-02
1.27109E+03 -1.28708E-02
1.27205E+03 -1.27800E-02
1.27302E+03 -1.27549E-02
1.27398E+03 -1.27446E-02
1.27494E+03 -1.26742E-02
1.27591E+03 -1.25509E-02
1.27687E+03 -1.25221E-02
1.27784E+03 -1.26639E-02
1.27880E+03 -1.27304E-02
1.27977E+03 -1.27348E-02
1.28073E+03 -1.27401E-02
1.28170E+03 -1.27134E-02
1.28266E+03 -1.27076E-02
1.28362E+03 -1.27129E-02
1.28459E+03 -1.26610E-02
1.28555E+03 -1.25950E-02
1.28652E+03 -1.25928E-02
1.28748E+03 -1.25951E-02
1.28845E+03 -1.25665E-02
1.28941E+03 -1.25428E-02
1.29037E+03 -1.25143E-02
1.29134E+03 -1.24876E-02
1.29230E+03 -1.24660E-02
1.29327E+03 -1.24292E-02
1.29423E+03 -1.24040E-02
1.29520E+03 -1.23858E-02
1.29616E+03 -1.23366E-02
1.29713E+03 -1.23153E-02
1.29809E+03 -1.22932E-02
1.29905E+03 -1.22597E-02
1.30002E+03 -1.22432E-02
1.30098E+03 -1.22273E-02
1.30195E+03 -1.22276E-02
1.30291E+03 -1.22163E-02
1.30388E+03 -1.21995E-02
1.30484E+03 -1.21990E-02
1.30581E+03 -1.22261E-02
1.30677E+03 -1.21160E-02
1.30773E+03 -1.19742E-02
1.30870E+03 -1.19361E-02
1.30966E+03 -1.19038E-02
1.31063E+03 -1.18740E-02
1.31159E+03 -1.18375E-02
1.31256E+03 -1.17900E-02
1.31352E+03 -1.17471E-02
1.31448E+03 -1.17162E-02
1.31545E+03 -1.16860E-02
1.31641E+03 -1.16861E-02
1.31738E+03 -1.16841E-02
1.31834E+03 -1.16876E-02
1.31931E+03 -1.16311E-02
1.32027E+03 -1.15366E-02
1.32124E+03 -1.15397E-02
1.32220E+03 -1.15436E-02
1.32316E+03 -1.14949E-02
1.32413E+03 -1.14771E-02
1.32509E+03 -1.14683E-02
1.32606E+03 -1.14558E-02
1.32702E+03 -1.14771E-02
1.32799E+03 -1.14448E-02
1.32895E+03 -1.13859E-02
1.32992E+03 -1.13539E-02
1.33088E+03 -1.13175E-02
1.33184E+03 -1.13174E-02
1.33281E+03 -1.13174E-02
1.33377E+03 -1.12499E-02
1.33474E+03 -1.11898E-02
1.33570E+03 -1.11777E-02
1.33667E+03 -1.11616E-02
1.33763E+03 -1.11518E-02
1.33860E+03 -1.12010E-02
1.33956E+03 -1.13021E-02
1.34052E+03 -1.13703E-02
1.34149E+03 -1.13507E-02
1.34245E+03 -1.12992E-02
1.34342E+03 -1.13873E-02
1.34438E+03 -1.12474E-02
1.34535E+03 -1.08908E-02
1.34631E+03 -1.07765E-02
1.34727E+03 -1.08033E-02
1.34824E+03 -1.08747E-02
1.34920E+03 -1.11127E-02
1.35017E+03 -1.12794E-02
1.35113E+03 -1.09118E-02
1.35210E+03 -1.05192E-02
1.35306E+03 -1.05665E-02
1.35403E+03 -1.07072E-02
1.35499E+03 -1.07221E-02
1.35595E+03 -1.05909E-02
1.35692E+03 -1.04180E-02
1.35788E+03 -1.03084E-02
1.35885E+03 -1.01787E-02
1.35981E+03 -1.00369E-02
1.36078E+03 -9.88828E-03
1.36174E+03 -9.69439E-03
1.36271E+03 -9.54889E-03
1.36367E+03 -9.50402E-03
1.36463E+03 -9.49252E-03
1.36560E+03 -9.41654E-03
1.36656E+03 -9.31897E-03
1.36753E+03 -9.23963E-03
1.36849E+03 -9.14537E-03
1.36946E+03 -9.05783E-03
1.37042E+03 -8.95765E-03
1.37138E+03 -8.83736E-03
1.37235E+03 -8.70052E-03
1.37331E+03 -8.55989E-03
1.37428E+03 -8.41634E-03
1.37524E+03 -8.21868E-03
1.37621E+03 -8.01062E-03
1.37717E+03 -7.80408E-03
1.37814E+03 -7.55942E-03
1.37910E+03 -7.24719E-03
1.38006E+03 -6.87806E-03
1.38103E+03 -6.51593E-03
1.38199E+03 -6.23497E-03
1.38296E+03 -6.16250E-03
1.38392E+03 -6.34490E-03
1.38489E+03 -6.61876E-03
1.38585E+03 -6.76225E-03
1.38682E+03 -6.72731E-03
1.38778E+03 -6.56238E-03
1.38874E+03 -6.35442E-03
1.38971E+03 -6.16817E-03
1.39067E+03 -5.92365E-03
1.39164E+03 -5.64170E-03
1.39260E+03 -5.34781E-03
1.39357E+03 -5.01024E-03
1.39453E+03 -4.68066E-03
1.39550E+03 -4.35017E-03
1.39646E+03 -3.98664E-03
1.39742E+03 -3.61165E-03
1.39839E+03 -3.23657E-03
1.39935E+03 -2.81598E-03
1.40032E+03 -2.35603E-03
1.40128E+03 -1.95226E-03
1.40225E+03 -1.52677E-03
1.40321E+03 -1.12083E-03
1.40417E+03 -7.65555E-04
1.40514E+03 -3.16363E-04
1.40610E+03 1.43051E-04
1.40707E+03 5.81075E-04
1.40803E+03 1.01623E-03
1.40900E+03 1.43553E-03
1.40996E+03 1.82469E-03
1.41093E+03 2.18928E-03
1.41189E+03 2.54076E-03
1.41285E+03 2.90036E-03
1.41382E+03 3.28294E-03
1.41478E+03 3.64025E-03
1.41575E+03 3.98058E-03
1.41671E+03 4.32482E-03
1.41768E+03 4.65389E-03
1.41864E+03 4.90077E-03
1.41961E+03 5.13256E-03
1.42057E+03 5.29838E-03
1.42153E+03 5.40981E-03
1.42250E+03 5.55047E-03
1.42346E+03 5.67153E-03
1.42443E+03 5.76171E-03
1.42539E+03 5.77655E-03
1.42636E+03 5.72593E-03
1.42732E+03 5.64172E-03
1.42828E+03 5.52673E-03
1.42925E+03 5.38539E-03
1.43021E+03 5.19351E-03
1.43118E+03 4.94360E-03
1.43214E+03 4.66500E-03
1.43311E+03 4.33581E-03
1.43407E+03 3.96099E-03
1.43504E+03 3.52753E-03
1.43600E+03 3.12340E-03
1.43696E+03 2.71090E-03
1.43793E+03 2.25653E-03
1.43889E+03 1.87002E-03
1.43986E+03 1.53647E-03
1.44082E+03 1.35990E-03
1.44179E+03 1.42344E-03
1.44275E+03 1.77730E-03
1.44372E+03 2.42825E-03
1.44468E+03 3.26259E-03
1.44564E+03 4.18112E-03
1.44661E+03 5.08757E-03
1.44757E+03 5.88866E-03
1.44854E+03 6.50852E-03
1.44950E+03 6.90897E-03
1.45047E+03 7.05787E-03
1.45143E+03 6.97279E-03
1.45240E+03 6.66358E-03
1.45336E+03 6.20918E-03
1.45432E+03 5.73106E-03
1.45529E+03 5.26917E-03
1.45625E+03 4.99218E-03
1.45722E+03 5.02068E-03
1.45818E+03 5.37948E-03
1.45915E+03 6.02686E-03
1.46011E+03 6.93590E-03
1.46107E+03 7.94421E-03
1.46204E+03 8.79357E-03
1.46300E+03 9.35644E-03
1.46397E+03 9.56044E-03
1.46493E+03 9.39202E-03
1.46590E+03 8.82989E-03
1.46686E+03 8.02226E-03
1.46783E+03 7.14492E-03
1.46879E+03 6.32754E-03
1.46975E+03 5.76164E-03
1.47072E+03 5.64732E-03
1.47168E+03 6.10554E-03
1.47265E+03 7.08823E-03
1.47361E+03 8.41736E-03
1.47458E+03 9.81305E-03
1.47554E+03 1.10113E-02
1.47651E+03 1.18803E-02
1.47747E+03 1.22728E-02
1.47843E+03 1.21514E-02
1.47940E+03 1.16127E-02
1.48036E+03 1.06957E-02
1.48133E+03 9.50509E-03
1.48229E+03 8.20199E-03
1.48326E+03 6.80455E-03
1.48422E+03 5.38423E-03
1.48518E+03 4.01569E-03
1.48615E+03 2.72233E-03
1.48711E+03 1.56448E-03
1.48808E+03 4.95281E-04
1.48904E+03 -4.61265E-04
1.49001E+03 -1.25673E-03
1.49097E+03 -1.95159E-03
1.49194E+03 -2.54121E-03
1.49290E+03 -3.02715E-03
1.49386E+03 -3.44590E-03
1.49483E+03 -3.79743E-03
1.49579E+03 -4.09311E-03
1.49676E+03 -4.33222E-03
1.49772E+03 -4.53648E-03
1.49869E+03 -4.71389E-03
1.49965E+03 -4.86039E-03
1.50062E+03 -4.99411E-03
1.50158E+03 -5.10715E-03
1.50254E+03 -5.18803E-03
1.50351E+03 -5.23350E-03
1.50447E+03 -5.30406E-03
1.50544E+03 -5.36365E-03
1.50640E+03 -5.37752E-03
1.50737E+03 -5.40544E-03
1.50833E+03 -5.45076E-03
1.50929E+03 -5.48531E-03
1.51026E+03 -5.50253E-03
1.51122E+03 -5.51589E-03
1.51219E+03 -5.50966E-03
1.51315E+03 -5.51636E-03
1.51412E+03 -5.53072E-03
1.51508E+03 -5.50515E-03
1.51605E+03 -5.46780E-03
1.51701E+03 -5.43343E-03
1.51797E+03 -5.43683E-03
1.51894E+03 -5.42925E-03
1.51990E+03 -5.40045E-03
1.52087E+03 -5.39007E-03
1.52183E+03 -5.35865E-03
1.52280E+03 -5.31788E-03
1.52376E+03 -5.30300E-03
1.52473E+03 -5.29480E-03
1.52569E+03 -5.26014E-03
1.52665E+03 -5.24112E-03
1.52762E+03 -5.19581E-03
1.52858E+03 -5.14717E-03
1.52955E+03 -5.13637E-03
1.53051E+03 -5.10753E-03
1.53148E+03 -5.03818E-03
1.53244E+03 -5.00199E-03
1.53341E+03 -4.98588E-03
1.53437E+03 -4.96376E-03
1.53533E+03 -4.92586E-03
1.53630E+03 -4.89555E-03
1.53726E+03 -4.87910E-03
1.53823E+03 -4.83704E-03
1.53919E+03 -4.78010E-03
1.54016E+03 -4.72814E-03
1.54112E+03 -4.71646E-03
1.54208E+03 -4.70520E-03
1.54305E+03 -4.67210E-03
1.54401E+03 -4.63765E-03
1.54498E+03 -4.60003E-03
1.54594E+03 -4.55566E-03
1.54691E+03 -4.52358E-03
1.54787E+03 -4.50327E-03
1.54884E+03 -4.47709E-03
1.54980E+03 -4.43778E-03
1.55076E+03 -4.40232E-03
1.55173E+03 -4.38032E-03
1.55269E+03 -4.36071E-03
1.55366E+03 -4.27474E-03
1.55462E+03 -4.20592E-03
1.55559E+03 -4.20238E-03
1.55655E+03 -4.14475E-03
1.55752E+03 -4.05775E-03
1.55848E+03 -4.01078E-03
1.55944E+03 -3.99897E-03
1.56041E+03 -3.97389E-03
1.56137E+03 -3.95346E-03
1.56234E+03 -3.95280E-03
1.56330E+03 -3.92647E-03
1.56427E+03 -3.88564E-03
1.56523E+03 -3.83808E-03
1.56619E+03 -3.77884E-03
1.56716E+03 -3.73415E-03
1.56812E+03 -3.69414E-03
1.56909E+03 -3.64302E-03
1.57005E+03 -3.60897E-03
1.57102E+03 -3.54854E-03
1.57198E+03 -3.52715E-03
1.57295E+03 -3.51200E-03
1.57391E+03 -3.43509E-03
1.57487E+03 -3.37398E-03
1.57584E+03 -3.30162E-03
1.57680E+03 -3.26512E-03
1.57777E+03 -3.24383E-03
1.57873E+03 -3.18253E-03
1.57970E+03 -3.12441E-03
1.58066E+03 -3.09381E-03
1.58163E+03 -3.04794E-03
1.58259E+03 -2.97723E-03
1.58355E+03 -2.91482E-03
1.58452E+03 -2.87280E-03
1.58548E+03 -2.82497E-03
1.58645E+03 -2.73329E-03
1.58741E+03 -2.65486E-03
1.58838E+03 -2.58956E-03
1.58934E+03 -2.53362E-03
1.59031E+03 -2.46788E-03
1.59127E+03 -2.37583E-03
1.59223E+03 -2.29441E-03
1.59320E+03 -2.21758E-03
1.59416E+03 -2.15531E-03
1.59513E+03 -2.08998E-03
1.59609E+03 -1.98340E-03
1.59706E+03 -1.84373E-03
1.59802E+03 -1.73947E-03
1.59898E+03 -1.64219E-03
1.59995E+03 -1.53691E-03
1.60091E+03 -1.41022E-03
1.60188E+03 -1.25682E-03
1.60284E+03 -1.11265E-03
1.60381E+03 -9.73459E-04
1.60477E+03 -8.29995E-04
1.60574E+03 -6.53014E-04
1.60670E+03 -4.73220E-04
1.60766E+03 -3.02281E-04
1.60863E+03 -1.05780E-04
1.60959E+03 1.16207E-04
1.61056E+03 3.20621E-04
1.61152E+03 5.43073E-04
1.61249E+03 8.21475E-04
1.61345E+03 1.09726E-03
1.61442E+03 1.36655E-03
1.61538E+03 1.65974E-03
1.61634E+03 1.98143E-03
1.61731E+03 2.29933E-03
1.61827E+03 2.64144E-03
1.61924E+03 3.01748E-03
1.62020E+03 3.42941E-03
1.62117E+03 3.86571E-03
1.62213E+03 4.27589E-03
1.62309E+03 4.73876E-03
1.62406E+03 5.23788E-03
1.62502E+03 5.74235E-03
1.62599E+03 6.28492E-03
1.62695E+03 6.80860E-03
1.62792E+03 7.35198E-03
1.62888E+03 7.97243E-03
1.62985E+03 8.58202E-03
1.63081E+03 9.18290E-03
1.63177E+03 9.80667E-03
1.63274E+03 1.04442E-02
1.63370E+03 1.10673E-02
1.63467E+03 1.16828E-02
1.63563E+03 1.23111E-02
1.63660E+03 1.28951E-02
1.63756E+03 1.34624E-02
1.63853E+03 1.39994E-02
1.63949E+03 1.44812E-02
1.64045E+03 1.49543E-02
1.64142E+03 1.54491E-02
1.64238E+03 1.58993E-02
1.64335E+03 1.62655E-02
1.64431E+03 1.66135E-02
1.64528E+03 1.69438E-02
1.64624E+03 1.72107E-02
1.64720E+03 1.74145E-02
1.64817E+03 1.75939E-02
1.64913E+03 1.77581E-02
1.65010E+03 1.78811E-02
1.65106E+03 1.79495E-02
1.65203E+03 1.80148E-02
1.65299E+03 1.80544E-02
1.65396E+03 1.80214E-02
1.65492E+03 1.79588E-02
1.65588E+03 1.79105E-02
1.65685E+03 1.78657E-02
1.65781E+03 1.78006E-02
1.65878E+03 1.77276E-02
1.65974E+03 1.76325E-02
1.66071E+03 1.75247E-02
1.66167E+03 1.74662E-02
1.66264E+03 1.73846E-02
1.66360E+03 1.72726E-02
1.66456E+03 1.71922E-02
1.66553E+03 1.71008E-02
1.66649E+03 1.70123E-02
1.66746E+03 1.69359E-02
1.66842E+03 1.68498E-02
1.66939E+03 1.67542E-02
1.67035E+03 1.66400E-02
1.67132E+03 1.65203E-02
1.67228E+03 1.63907E-02
1.67324E+03 1.62720E-02
1.67421E+03 1.61739E-02
1.67517E+03 1.60386E-02
1.67614E+03 1.58659E-02
1.67710E+03 1.56961E-02
1.67807E+03 1.55006E-02
1.67903E+03 1.52900E-02
1.67999E+03 1.50572E-02
1.68096E+03 1.47905E-02
1.68192E+03 1.45280E-02
1.68289E+03 1.42356E-02
1.68385E+03 1.39433E-02
1.68482E+03 1.36338E-02
1.68578E+03 1.32339E-02
1.68675E+03 1.28314E-02
1.68771E+03 1.24491E-02
1.68867E+03 1.20048E-02
1.68964E+03 1.15497E-02
1.69060E+03 1.10770E-02
1.69157E+03 1.05961E-02
1.69253E+03 1.01000E-02
1.69350E+03 9.60704E-03
1.69446E+03 9.11475E-03
1.69543E+03 8.58963E-03
1.69639E+03 8.04300E-03
1.69735E+03 7.47734E-03
1.69832E+03 6.92553E-03
1.69928E+03 6.39169E-03
1.70025E+03 5.85287E-03
1.70121E+03 5.26426E-03
1.70218E+03 4.68182E-03
1.70314E+03 4.11648E-03
1.70410E+03 3.54472E-03
1.70507E+03 2.98737E-03
1.70603E+03 2.43276E-03
1.70700E+03 1.87302E-03
1.70796E+03 1.31027E-03
1.70893E+03 7.69988E-04
1.70989E+03 2.38363E-04
1.71086E+03 -3.04136E-04
1.71182E+03 -8.43201E-04
1.71278E+03 -1.37717E-03
1.71375E+03 -1.87414E-03
1.71471E+03 -2.35076E-03
1.71568E+03 -2.83150E-03
1.71664E+03 -3.29024E-03
1.71761E+03 -3.76385E-03
1.71857E+03 -4.23655E-03
1.71954E+03 -4.69532E-03
1.72050E+03 -5.15264E-03
1.72146E+03 -5.56137E-03
1.72243E+03 -5.97965E-03
1.72339E+03 -6.40642E-03
1.72436E+03 -6.81441E-03
1.72532E+03 -7.21245E-03
1.72629E+03 -7.58224E-03
1.72725E+03 -7.93254E-03
1.72822E+03 -8.28989E-03
1.72918E+03 -8.63422E-03
1.73014E+03 -8.96664E-03
1.73111E+03 -9.32003E-03
1.73207E+03 -9.66342E-03
1.73304E+03 -9.97312E-03
1.73400E+03 -1.02675E-02
1.73497E+03 -1.05670E-02
1.73593E+03 -1.08587E-02
1.73689E+03 -1.11234E-02
1.73786E+03 -1.14193E-02
1.73882E+03 -1.17106E-02
1.73979E+03 -1.19541E-02
1.74075E+03 -1.21859E-02
1.74172E+03 -1.24265E-02
1.74268E+03 -1.26619E-02
1.74365E+03 -1.28817E-02
1.74461E+03 -1.31173E-02
1.74557E+03 -1.33368E-02
1.74654E+03 -1.35440E-02
1.74750E+03 -1.37408E-02
1.74847E+03 -1.39241E-02
1.74943E+03 -1.41191E-02
1.75040E+03 -1.43200E-02
1.75136E+03 -1.44986E-02
1.75233E+03 -1.46680E-02
1.75329E+03 -1.48479E-02
1.75425E+03 -1.49994E-02
1.75522E+03 -1.51629E-02
1.75618E+03 -1.53303E-02
1.75715E+03 -1.54655E-02
1.75811E+03 -1.56109E-02
1.75908E+03 -1.57525E-02
1.76004E+03 -1.58676E-02
1.76100E+03 -1.59998E-02
1.76197E+03 -1.61271E-02
1.76293E+03 -1.62286E-02
1.76390E+03 -1.63462E-02
1.76486E+03 -1.64803E-02
1.76583E+03 -1.66061E-02
1.76679E+03 -1.67095E-02
1.76776E+03 -1.68040E-02
1.76872E+03 -1.68830E-02
1.76968E+03 -1.69853E-02
1.77065E+03 -1.70781E-02
1.77161E+03 -1.71646E-02
1.77258E+03 -1.72571E-02
1.77354E+03 -1.73241E-02
1.77451E+03 -1.74147E-02
1.77547E+03 -1.75347E-02
1.77644E+03 -1.76141E-02
1.77740E+03 -1.76662E-02
1.77836E+03 -1.77506E-02
1.77933E+03 -1.78364E-02
1.78029E+03 -1.79019E-02
1.78126E+03 -1.79747E-02
1.78222E+03 -1.80271E-02
1.78319E+03 -1.80848E-02
1.78415E+03 -1.81630E-02
1.78511E+03 -1.82171E-02
1.78608E+03 -1.82844E-02
1.78704E+03 -1.83558E-02
1.78801E+03 -1.84150E-02
1.78897E+03 -1.84758E-02
1.78994E+03 -1.85252E-02
1.79090E+03 -1.85658E-02
1.79187E+03 -1.86229E-02
1.79283E+03 -1.86569E-02
1.79379E+03 -1.86969E-02
1.79476E+03 -1.87716E-02
1.79572E+03 -1.88261E-02
1.79669E+03 -1.88819E-02
1.79765E+03 -1.89337E-02
1.79862E+03 -1.89667E-02
1.79958E+03 -1.90078E-02
1.80055E+03 -1.90460E-02
1.80151E+03 -1.90719E-02
1.80247E+03 -1.91206E-02
1.80344E+03 -1.91744E-02
1.80440E+03 -1.92127E-02
1.80537E+03 -1.92571E-02
1.80633E+03 -1.93035E-02
1.80730E+03 -1.93316E-02
1.80826E+03 -1.93638E-02
1.80923E+03 -1.94122E-02
1.81019E+03 -1.94611E-02
1.81115E+03 -1.95009E-02
1.81212E+03 -1.95286E-02
1.81308E+03 -1.95588E-02
1.81405E+03 -1.95836E-02
1.81501E+03 -1.96029E-02
1.81598E+03 -1.96194E-02
1.81694E+03 -1.96666E-02
1.81790E+03 -1.97026E-02
1.81887E+03 -1.97182E-02
1.81983E+03 -1.97460E-02
1.82080E+03 -1.97851E-02
1.82176E+03 -1.98257E-02
1.82273E+03 -1.98711E-02
1.82369E+03 -1.99019E-02
1.82466E+03 -1.99079E-02
1.82562E+03 -1.99165E-02
1.82658E+03 -1.99273E-02
1.82755E+03 -1.99621E-02
1.82851E+03 -1.99828E-02
1.82948E+03 -2.00044E-02
1.83044E+03 -2.00477E-02
1.83141E+03 -2.00721E-02
1.83237E+03 -2.00571E-02
1.83334E+03 -2.00687E-02
1.83430E+03 -2.01008E-02
1.83526E+03 -2.01179E-02
1.83623E+03 -2.01510E-02
1.83719E+03 -2.01521E-02
1.83816E+03 -2.01650E-02
1.83912E+03 -2.01949E-02
1.84009E+03 -2.01881E-02
1.84105E+03 -2.02084E-02
1.84201E+03 -2.02173E-02
1.84298E+03 -2.02297E-02
1.84394E+03 -2.02501E-02
1.84491E+03 -2.02400E-02
1.84587E+03 -2.02617E-02
1.84684E+03 -2.03009E-02
1.84780E+03 -2.03184E-02
1.84877E+03 -2.03299E-02
1.84973E+03 -2.03562E-02
1.85069E+03 -2.03676E-02
1.85166E+03 -2.03750E-02
1.85262E+03 -2.03756E-02
1.85359E+03 -2.03699E-02
1.85455E+03 -2.03784E-02
1.85552E+03 -2.04112E-02
1.85648E+03 -2.04376E-02
1.85745E+03 -2.04471E-02
1.85841E+03 -2.04374E-02
1.85937E+03 -2.04267E-02
1.86034E+03 -2.04212E-02
1.86130E+03 -2.04317E-02
1.86227E+03 -2.04443E-02
1.86323E+03 -2.04398E-02
1.86420E+03 -2.04487E-02
1.86516E+03 -2.04635E-02
1.86612E+03 -2.04552E-02
1.86709E+03 -2.04539E-02
1.86805E+03 -2.04590E-02
1.86902E+03 -2.04432E-02
1.86998E+03 -2.04534E-02
1.87095E+03 -2.04703E-02
1.87191E+03 -2.04666E-02
1.87288E+03 -2.04701E-02
1.87384E+03 -2.04765E-02
1.87480E+03 -2.04769E-02
1.87577E+03 -2.04738E-02
1.87673E+03 -2.04678E-02
1.87770E+03 -2.04488E-02
1.87866E+03 -2.04252E-02
1.87963E+03 -2.04419E-02
1.88059E+03 -2.04658E-02
1.88156E+03 -2.04673E-02
1.88252E+03 -2.04521E-02
1.88348E+03 -2.04383E-02
1.88445E+03 -2.04460E-02
1.88541E+03 -2.04486E-02
1.88638E+03 -2.04269E-02
1.88734E+03 -2.04198E-02
1.88831E+03 -2.04381E-02
1.88927E+03 -2.04324E-02
1.89024E+03 -2.04192E-02
1.89120E+03 -2.04360E-02
1.89216E+03 -2.04303E-02
1.89313E+03 -2.04296E-02
1.89409E+03 -2.04336E-02
1.89506E+03 -2.04086E-02
1.89602E+03 -2.04073E-02
1.89699E+03 -2.04070E-02
1.89795E+03 -2.03825E-02
1.89891E+03 -2.03565E-02
1.89988E+03 -2.03358E-02
1.90084E+03 -2.03301E-02
1.90181E+03 -2.03265E-02
1.90277E+03 -2.03446E-02
1.90374E+03 -2.03479E-02
1.90470E+03 -2.03114E-02
1.90567E+03 -2.02900E-02
1.90663E+03 -2.02837E-02
1.90759E+03 -2.02724E-02
1.90856E+03 -2.02869E-02
1.90952E+03 -2.02997E-02
1.91049E+03 -2.02673E-02
1.91145E+03 -2.02604E-02
1.91242E+03 -2.02631E-02
1.91338E+03 -2.02489E-02
1.91435E+03 -2.02535E-02
1.91531E+03 -2.02583E-02
1.91627E+03 -2.02392E-02
1.91724E+03 -2.02016E-02
1.91820E+03 -2.01858E-02
1.91917E+03 -2.01952E-02
1.92013E+03 -2.01968E-02
1.92110E+03 -2.01827E-02
1.92206E+03 -2.01622E-02
1.92303E+03 -2.01435E-02
1.92399E+03 -2.01247E-02
1.92495E+03 -2.01013E-02
1.92592E+03 -2.00839E-02
1.92688E+03 -2.00771E-02
1.92785E+03 -2.00622E-02
1.92881E+03 -2.00628E-02
1.92978E+03 -2.00568E-02
1.93074E+03 -2.00248E-02
1.93170E+03 -1.99995E-02
1.93267E+03 -1.99796E-02
1.93363E+03 -1.99524E-02
1.93460E+03 -1.99147E-02
1.93556E+03 -1.98950E-02
1.93653E+03 -1.99038E-02
1.93749E+03 -1.99087E-02
1.93846E+03 -1.99086E-02
1.93942E+03 -1.99016E-02
1.94038E+03 -1.98815E-02
1.94135E+03 -1.98694E-02
1.94231E+03 -1.98524E-02
1.94328E+03 -1.98265E-02
1.94424E+03 -1.98141E-02
1.94521E+03 -1.98056E-02
1.94617E+03 -1.97869E-02
1.94714E+03 -1.97628E-02
1.94810E+03 -1.97391E-02
1.94906E+03 -1.97169E-02
1.95003E+03 -1.96986E-02
1.95099E+03 -1.96664E-02
1.95196E+03 -1.96384E-02
1.95292E+03 -1.96566E-02
1.95389E+03 -1.96422E-02
1.95485E+03 -1.96146E-02
1.95581E+03 -1.95954E-02
1.95678E+03 -1.95486E-02
1.95774E+03 -1.95386E-02
1.95871E+03 -1.95292E-02
1.95967E+03 -1.95044E-02
1.96064E+03 -1.94901E-02
1.96160E+03 -1.94813E-02
1.96257E+03 -1.94472E-02
1.96353E+03 -1.93923E-02
1.96449E+03 -1.93747E-02
1.96546E+03 -1.93945E-02
1.96642E+03 -1.93774E-02
1.96739E+03 -1.93307E-02
1.96835E+03 -1.93084E-02
1.96932E+03 -1.92619E-02
1.97028E+03 -1.92197E-02
1.97125E+03 -1.91879E-02
1.97221E+03 -1.91654E-02
1.97317E+03 -1.91698E-02
1.97414E+03 -1.91413E-02
1.97510E+03 -1.90869E-02
1.97607E+03 -1.90249E-02
1.97703E+03 -1.89903E-02
1.97800E+03 -1.89645E-02
1.97896E+03 -1.89196E-02
1.97992E+03 -1.88840E-02
1.98089E+03 -1.88225E-02
1.98185E+03 -1.87787E-02
1.98282E+03 -1.87638E-02
1.98378E+03 -1.87054E-02
1.98475E+03 -1.86473E-02
1.98571E+03 -1.85981E-02
1.98668E+03 -1.85379E-02
1.98764E+03 -1.84955E-02
1.98860E+03 -1.84491E-02
1.98957E+03 -1.83904E-02
1.99053E+03 -1.83420E-02
1.99150E+03 -1.82819E-02
1.99246E+03 -1.81903E-02
1.99343E+03 -1.81183E-02
1.99439E+03 -1.80484E-02
1.99536E+03 -1.79664E-02
1.99632E+03 -1.78976E-02
1.99728E+03 -1.78280E-02
1.99825E+03 -1.77556E-02
1.99921E+03 -1.76656E-02
2.00018E+03 -1.75914E-02
2.00114E+03 -1.75371E-02
2.00211E+03 -1.74529E-02
2.00307E+03 -1.73657E-02
2.00404E+03 -1.72702E-02
2.00500E+03 -1.71815E-02
2.00596E+03 -1.71237E-02
2.00693E+03 -1.70407E-02
2.00789E+03 -1.69700E-02
2.00886E+03 -1.69373E-02
2.00982E+03 -1.68789E-02
2.01079E+03 -1.67882E-02
2.01175E+03 -1.67124E-02
2.01271E+03 -1.66325E-02
2.01368E+03 -1.65689E-02
2.01464E+03 -1.65235E-02
2.01561E+03 -1.64602E-02
2.01657E+03 -1.64249E-02
2.01754E+03 -1.63675E-02
2.01850E+03 -1.62982E-02
2.01947E+03 -1.62623E-02
2.02043E+03 -1.62051E-02
2.02139E+03 -1.61670E-02
2.02236E+03 -1.61445E-02
2.02332E+03 -1.60747E-02
2.02429E+03 -1.60311E-02
2.02525E+03 -1.59938E-02
2.02622E+03 -1.59323E-02
2.02718E+03 -1.58826E-02
2.02815E+03 -1.58423E-02
2.02911E+03 -1.58183E-02
2.03007E+03 -1.57861E-02
2.03104E+03 -1.57373E-02
2.03200E+03 -1.56705E-02
2.03297E+03 -1.56198E-02
2.03393E+03 -1.55774E-02
2.03490E+03 -1.55348E-02
2.03586E+03 -1.54852E-02
2.03682E+03 -1.54358E-02
2.03779E+03 -1.53907E-02
2.03875E+03 -1.53225E-02
2.03972E+03 -1.52589E-02
2.04068E+03 -1.52104E-02
2.04165E+03 -1.51460E-02
2.04261E+03 -1.50934E-02
2.04358E+03 -1.50739E-02
2.04454E+03 -1.50528E-02
2.04550E+03 -1.50379E-02
2.04647E+03 -1.50116E-02
2.04743E+03 -1.49989E-02
2.04840E+03 -1.49980E-02
2.04936E+03 -1.49905E-02
2.05033E+03 -1.49631E-02
2.05129E+03 -1.49165E-02
2.05226E+03 -1.49151E-02
2.05322E+03 -1.49305E-02
2.05418E+03 -1.49144E-02
2.05515E+03 -1.48654E-02
2.05611E+03 -1.48061E-02
2.05708E+03 -1.47565E-02
2.05804E+03 -1.47001E-02
2.05901E+03 -1.46440E-02
2.05997E+03 -1.46076E-02
2.06094E+03 -1.45766E-02
2.06190E+03 -1.45305E-02
2.06286E+03 -1.44723E-02
2.06383E+03 -1.44286E-02
2.06479E+03 -1.43797E-02
2.06576E+03 -1.42150E-02
2.06672E+03 -1.43005E-02
2.06769E+03 -1.43498E-02
2.06865E+03 -1.41758E-02
2.06961E+03 -1.41470E-02
2.07058E+03 -1.40871E-02
2.07154E+03 -1.40243E-02
2.07251E+03 -1.40119E-02
2.07347E+03 -1.39787E-02
2.07444E+03 -1.38953E-02
2.07540E+03 -1.38474E-02
2.07637E+03 -1.38105E-02
2.07733E+03 -1.37739E-02
2.07829E+03 -1.37336E-02
2.07926E+03 -1.36737E-02
2.08022E+03 -1.35924E-02
2.08119E+03 -1.35328E-02
2.08215E+03 -1.35070E-02
2.08312E+03 -1.34551E-02
2.08408E+03 -1.34073E-02
2.08505E+03 -1.33468E-02
2.08601E+03 -1.33028E-02
2.08697E+03 -1.32400E-02
2.08794E+03 -1.31647E-02
2.08890E+03 -1.31105E-02
2.08987E+03 -1.30777E-02
2.09083E+03 -1.30439E-02
2.09180E+03 -1.29451E-02
2.09276E+03 -1.28727E-02
2.09372E+03 -1.28226E-02
2.09469E+03 -1.27952E-02
2.09565E+03 -1.27546E-02
2.09662E+03 -1.26674E-02
2.09758E+03 -1.25772E-02
2.09855E+03 -1.25535E-02
2.09951E+03 -1.25194E-02
2.10048E+03 -1.24052E-02
2.10144E+03 -1.23425E-02
2.10240E+03 -1.23176E-02
2.10337E+03 -1.22982E-02
2.10433E+03 -1.21905E-02
2.10530E+03 -1.20758E-02
2.10626E+03 -1.20130E-02
2.10723E+03 -1.19967E-02
2.10819E+03 -1.19448E-02
2.10916E+03 -1.18105E-02
2.11012E+03 -1.17169E-02
2.11108E+03 -1.16966E-02
2.11205E+03 -1.16390E-02
2.11301E+03 -1.15114E-02
2.11398E+03 -1.14492E-02
2.11494E+03 -1.14084E-02
2.11591E+03 -1.13486E-02
2.11687E+03 -1.12328E-02
2.11783E+03 -1.11223E-02
2.11880E+03 -1.10612E-02
2.11976E+03 -1.10187E-02
2.12073E+03 -1.09202E-02
2.12169E+03 -1.07803E-02
2.12266E+03 -1.06784E-02
2.12362E+03 -1.06331E-02
2.12459E+03 -1.05561E-02
2.12555E+03 -1.04347E-02
2.12651E+03 -1.03593E-02
2.12748E+03 -1.03052E-02
2.12844E+03 -1.01960E-02
2.12941E+03 -1.00596E-02
2.13037E+03 -9.95658E-03
2.13134E+03 -9.91083E-03
2.13230E+03 -9.80679E-03
2.13327E+03 -9.63897E-03
2.13423E+03 -9.54636E-03
2.13519E+03 -9.50833E-03
2.13616E+03 -9.44407E-03
2.13712E+03 -9.31103E-03
2.13809E+03 -9.20459E-03
2.13905E+03 -9.12172E-03
2.14002E+03 -9.03100E-03
2.14098E+03 -8.92644E-03
2.14195E+03 -8.84330E-03
2.14291E+03 -8.71803E-03
2.14387E+03 -8.57207E-03
2.14484E+03 -8.46951E-03
2.14580E+03 -8.36439E-03
2.14677E+03 -8.29725E-03
2.14773E+03 -8.20959E-03
2.14870E+03 -8.09138E-03
2.14966E+03 -7.97784E-03
2.15062E+03 -7.90603E-03
2.15159E+03 -7.83164E-03
2.15255E+03 -7.70863E-03
2.15352E+03 -7.59932E-03
2.15448E+03 -7.52189E-03
2.15545E+03 -7.41167E-03
2.15641E+03 -7.26755E-03
2.15738E+03 -7.20014E-03
2.15834E+03 -7.14713E-03
2.15930E+03 -7.00076E-03
2.16027E+03 -6.84386E-03
2.16123E+03 -6.79677E-03
2.16220E+03 -6.75027E-03
2.16316E+03 -6.60674E-03
2.16413E+03 -6.47442E-03
2.16509E+03 -6.40761E-03
2.16606E+03 -6.34230E-03
2.16702E+03 -6.19680E-03
2.16798E+03 -6.06898E-03
2.16895E+03 -6.04012E-03
2.16991E+03 -5.96173E-03
2.17088E+03 -5.80090E-03
2.17184E+03 -5.74682E-03
2.17281E+03 -5.72065E-03
2.17377E+03 -5.57832E-03
2.17473E+03 -5.41957E-03
2.17570E+03 -5.38302E-03
2.17666E+03 -5.37443E-03
2.17763E+03 -5.22857E-03
2.17859E+03 -5.11635E-03
2.17956E+03 -5.10892E-03
2.18052E+03 -5.01597E-03
2.18149E+03 -4.88333E-03
2.18245E+03 -4.83804E-03
2.18341E+03 -4.80202E-03
2.18438E+03 -4.66992E-03
2.18534E+03 -4.56704E-03
2.18631E+03 -4.53433E-03
2.18727E+03 -4.44126E-03
2.18824E+03 -4.32313E-03
2.18920E+03 -4.27013E-03
2.19017E+03 -4.24363E-03
2.19113E+03 -4.12523E-03
2.19209E+03 -4.05011E-03
2.19306E+03 -4.04463E-03
2.19402E+03 -3.96356E-03
2.19499E+03 -3.85490E-03
2.19595E+03 -3.80553E-03
2.19692E+03 -3.76518E-03
2.19788E+03 -3.67115E-03
2.19884E+03 -3.59858E-03
2.19981E+03 -3.57052E-03
2.20077E+03 -3.52513E-03
2.20174E+03 -3.46212E-03
2.20270E+03 -3.38888E-03
2.20367E+03 -3.31141E-03
2.20463E+03 -3.22999E-03
2.20560E+03 -3.17197E-03
2.20656E+03 -3.11657E-03
2.20752E+03 -3.01938E-03
2.20849E+03 -2.94930E-03
2.20945E+03 -2.89965E-03
2.21042E+03 -2.82566E-03
2.21138E+03 -2.76070E-03
2.21235E+03 -2.69819E-03
2.21331E+03 -2.59692E-03
2.21428E+03 -2.50470E-03
2.21524E+03 -2.44082E-03
2.21620E+03 -2.35576E-03
2.21717E+03 -2.26116E-03
2.21813E+03 -2.20337E-03
2.21910E+03 -2.13552E-03
2.22006E+03 -2.04900E-03
2.22103E+03 -1.96533E-03
2.22199E+03 -1.87287E-03
2.22296E+03 -1.79657E-03
2.22392E+03 -1.75124E-03
2.22488E+03 -1.67635E-03
2.22585E+03 -1.59028E-03
2.22681E+03 -1.51722E-03
2.22778E+03 -1.42451E-03
2.22874E+03 -1.31902E-03
2.22971E+03 -1.20942E-03
2.23067E+03 -1.12412E-03
2.23163E+03 -1.04051E-03
2.23260E+03 -9.62257E-04
2.23356E+03 -8.92367E-04
2.23453E+03 -8.02774E-04
2.23549E+03 -6.93336E-04
2.23646E+03 -5.77755E-04
2.23742E+03 -4.61016E-04
2.23839E+03 -3.55348E-04
2.23935E+03 -2.44766E-04
2.24031E+03 -1.25106E-04
2.24128E+03 -3.60832E-05
2.24224E+03 3.97898E-05
2.24321E+03 1.27904E-04
2.24417E+03 2.30055E-04
2.24514E+03 3.22439E-04
2.24610E+03 3.95462E-04
2.24707E+03 4.78346E-04
2.24803E+03 5.66900E-04
2.24899E+03 6.52723E-04
2.24996E+03 7.24990E-04
2.25092E+03 7.96407E-04
2.25189E+03 8.81944E-04
2.25285E+03 9.52259E-04
2.25382E+03 1.00344E-03
2.25478E+03 1.09347E-03
2.25574E+03 1.19309E-03
2.25671E+03 1.30139E-03
2.25767E+03 1.41384E-03
2.25864E+03 1.53346E-03
2.25960E+03 1.66710E-03
2.26057E+03 1.79302E-03
2.26153E+03 1.92336E-03
2.26250E+03 2.02948E-03
2.26346E+03 2.14553E-03
2.26442E+03 2.31366E-03
2.26539E+03 2.54591E-03
2.26635E+03 2.79639E-03
2.26732E+03 3.08418E-03
2.26828E+03 3.49459E-03
2.26925E+03 4.11015E-03
2.27021E+03 5.08966E-03
2.27118E+03 6.80841E-03
2.27214E+03 1.00240E-02
2.27310E+03 1.56589E-02
2.27407E+03 2.39597E-02
2.27503E+03 3.37688E-02
2.27600E+03 4.28905E-02
2.27696E+03 4.90666E-02
2.27793E+03 5.11784E-02
2.27889E+03 4.94151E-02
2.27986E+03 4.50291E-02
2.28082E+03 3.95406E-02
2.28178E+03 3.54394E-02
2.28275E+03 3.18290E-02
2.28371E+03 2.40826E-02
2.28468E+03 1.59504E-02
2.28564E+03 1.13265E-02
2.28661E+03 8.55720E-03
2.28757E+03 7.10936E-03
2.28853E+03 6.52165E-03
2.28950E+03 6.46109E-03
2.29046E+03 6.65552E-03
2.29143E+03 6.92295E-03
2.29239E+03 7.28699E-03
2.29336E+03 7.72852E-03
2.29432E+03 8.18445E-03
2.29529E+03 8.65205E-03
2.29625E+03 9.16380E-03
2.29721E+03 9.69313E-03
2.29818E+03 1.02371E-02
2.29914E+03 1.08243E-02
2.30011E+03 1.14399E-02
2.30107E+03 1.20686E-02
2.30204E+03 1.27236E-02
2.30300E+03 1.34035E-02
2.30397E+03 1.41361E-02
2.30493E+03 1.49027E-02
2.30589E+03 1.57050E-02
2.30686E+03 1.65292E-02
2.30782E+03 1.74081E-02
2.30879E+03 1.83271E-02
2.30975E+03 1.93205E-02
2.31072E+03 2.04086E-02
2.31168E+03 2.16192E-02
2.31265E+03 2.29200E-02
2.31361E+03 2.43864E-02
2.31457E+03 2.60777E-02
2.31554E+03 2.80744E-02
2.31650E+03 3.04591E-02
2.31747E+03 3.35401E-02
2.31843E+03 3.77022E-02
2.31940E+03 4.35415E-02
2.32036E+03 5.13997E-02
2.32132E+03 6.15509E-02
2.32229E+03 7.37544E-02
2.32325E+03 8.83770E-02
2.32422E+03 1.07849E-01
2.32518E+03 1.39478E-01
2.32615E+03 1.94428E-01
2.32711E+03 2.80088E-01
2.32808E+03 3.89277E-01
2.32904E+03 5.06795E-01
2.33000E+03 6.22057E-01
2.33097E+03 7.28036E-01
2.33193E+03 8.24147E-01
2.33290E+03 9.10688E-01
2.33386E+03 9.89413E-01
2.33483E+03 1.06086E+00
2.33579E+03 1.12731E+00
2.33676E+03 1.18794E+00
2.33772E+03 1.24311E+00
2.33868E+03 1.28993E+00
2.33965E+03 1.32759E+00
2.34061E+03 1.35560E+00
2.34158E+03 1.37794E+00
2.34254E+03 1.39643E+00
2.34351E+03 1.41074E+00
2.34447E+03 1.40486E+00
2.34543E+03 1.36800E+00
2.34640E+03 1.31386E+00
2.34736E+03 1.25541E+00
2.34833E+03 1.19565E+00
2.34929E+03 1.13667E+00
2.35026E+03 1.07935E+00
2.35122E+03 1.02463E+00
2.35219E+03 9.73138E-01
2.35315E+03 9.24904E-01
2.35411E+03 8.79849E-01
2.35508E+03 8.37761E-01
2.35604E+03 7.98091E-01
2.35701E+03 7.60669E-01
2.35797E+03 7.24811E-01
2.35894E+03 6.90050E-01
2.35990E+03 6.55790E-01
2.36087E+03 6.21469E-01
2.36183E+03 5.86705E-01
2.36279E+03 5.51228E-01
2.36376E+03 5.14782E-01
2.36472E+03 4.77241E-01
2.36569E+03 4.38603E-01
2.36665E+03 3.99058E-01
2.36762E+03 3.59132E-01
2.36858E+03 3.19765E-01
2.36954E+03 2.82040E-01
2.37051E+03 2.47077E-01
2.37147E+03 2.15767E-01
2.37244E+03 1.87988E-01
2.37340E+03 1.62651E-01
2.37437E+03 1.39220E-01
2.37533E+03 1.18020E-01
2.37630E+03 9.91516E-02
2.37726E+03 8.19686E-02
2.37822E+03 6.57378E-02
2.37919E+03 5.06355E-02
2.38015E+03 3.77318E-02
2.38112E+03 2.76681E-02
2.38208E+03 2.05076E-02
2.38305E+03 1.59317E-02
2.38401E+03 1.29897E-02
2.38498E+03 1.08467E-02
2.38594E+03 9.12341E-03
2.38690E+03 7.69316E-03
2.38787E+03 6.46778E-03
2.38883E+03 5.42184E-03
2.38980E+03 4.48942E-03
2.39076E+03 3.65089E-03
2.39173E+03 2.89216E-03
2.39269E+03 2.18945E-03
2.39366E+03 1.57876E-03
2.39462E+03 9.98553E-04
2.39558E+03 4.51919E-04
2.39655E+03 -4.94607E-05
2.39751E+03 -4.95944E-04
2.39848E+03 -8.94994E-04
2.39944E+03 -1.28304E-03
2.40041E+03 -1.64508E-03
2.40137E+03 -1.98856E-03
2.40233E+03 -2.27889E-03
2.40330E+03 -2.54911E-03
2.40426E+03 -2.81514E-03
2.40523E+03 -3.05928E-03
2.40619E+03 -3.27880E-03
2.40716E+03 -3.48732E-03
2.40812E+03 -3.68084E-03
2.40909E+03 -3.86003E-03
2.41005E+03 -4.04161E-03
2.41101E+03 -4.19909E-03
2.41198E+03 -4.35663E-03
2.41294E+03 -4.50275E-03
2.41391E+03 -4.62133E-03
2.41487E+03 -4.73912E-03
2.41584E+03 -4.84633E-03
2.41680E+03 -4.94459E-03
2.41777E+03 -5.03945E-03
2.41873E+03 -5.12451E-03
2.41969E+03 -5.19467E-03
2.42066E+03 -5.26984E-03
2.42162E+03 -5.36347E-03
2.42259E+03 -5.42787E-03
2.42355E+03 -5.46158E-03
2.42452E+03 -5.51696E-03
2.42548E+03 -5.60117E-03
2.42644E+03 -5.69325E-03
2.42741E+03 -5.75222E-03
2.42837E+03 -5.77982E-03
2.42934E+03 -5.82911E-03
2.43030E+03 -5.88930E-03
2.43127E+03 -5.95701E-03
2.43223E+03 -6.01193E-03
2.43320E+03 -6.06258E-03
2.43416E+03 -6.11624E-03
2.43512E+03 -6.15120E-03
2.43609E+03 -6.19446E-03
2.43705E+03 -6.24845E-03
2.43802E+03 -6.30597E-03
2.43898E+03 -6.32399E-03
2.43995E+03 -6.32406E-03
2.44091E+03 -6.35362E-03
2.44188E+03 -6.40083E-03
2.44284E+03 -6.43925E-03
2.44380E+03 -6.47318E-03
2.44477E+03 -6.52339E-03
2.44573E+03 -6.57117E-03
2.44670E+03 -6.60567E-03
2.44766E+03 -6.65690E-03
2.44863E+03 -6.72229E-03
2.44959E+03 -6.78195E-03
2.45055E+03 -6.84066E-03
2.45152E+03 -6.89389E-03
2.45248E+03 -6.94411E-03
2.45345E+03 -7.02533E-03
2.45441E+03 -7.11487E-03
2.45538E+03 -7.17730E-03
2.45634E+03 -7.25023E-03
2.45731E+03 -7.33150E-03
2.45827E+03 -7.40673E-03
2.45923E+03 -7.50465E-03
2.46020E+03 -7.60084E-03
2.46116E+03 -7.69532E-03
2.46213E+03 -7.81745E-03
2.46309E+03 -7.95311E-03
2.46406E+03 -8.08402E-03
2.46502E+03 -8.16774E-03
2.46599E+03 -8.22992E-03
2.46695E+03 -8.33047E-03
2.46791E+03 -8.47140E-03
2.46888E+03 -8.59163E-03
2.46984E+03 -8.66228E-03
2.47081E+03 -8.75888E-03
2.47177E+03 -8.87014E-03
2.47274E+03 -8.97177E-03
2.47370E+03 -9.05900E-03
2.47467E+03 -9.11954E-03
2.47563E+03 -9.20574E-03
2.47659E+03 -9.29991E-03
2.47756E+03 -9.33912E-03
2.47852E+03 -9.37973E-03
2.47949E+03 -9.45542E-03
2.48045E+03 -9.52781E-03
2.48142E+03 -9.57859E-03
2.48238E+03 -9.59722E-03
2.48334E+03 -9.60995E-03
2.48431E+03 -9.62202E-03
2.48527E+03 -9.64951E-03
2.48624E+03 -9.68775E-03
2.48720E+03 -9.70915E-03
2.48817E+03 -9.71451E-03
2.48913E+03 -9.69334E-03
2.49010E+03 -9.66857E-03
2.49106E+03 -9.66600E-03
2.49202E+03 -9.65965E-03
2.49299E+03 -9.64298E-03
2.49395E+03 -9.60525E-03
2.49492E+03 -9.55778E-03
2.49588E+03 -9.52733E-03
2.49685E+03 -9.48400E-03
2.49781E+03 -9.45373E-03
2.49878E+03 -9.43567E-03
2.49974E+03 -9.39030E-03
2.50070E+03 -9.33871E-03
2.50167E+03 -9.29220E-03
2.50263E+03 -9.23199E-03
2.50360E+03 -9.16593E-03
2.50456E+03 -9.10662E-03
2.50553E+03 -9.04111E-03
2.50649E+03 -8.96758E-03
2.50745E+03 -8.91279E-03
2.50842E+03 -8.85462E-03
2.50938E+03 -8.76003E-03
2.51035E+03 -8.68372E-03
2.51131E+03 -8.61559E-03
2.51228E+03 -8.51320E-03
2.51324E+03 -8.40629E-03
2.51421E+03 -8.32620E-03
2.51517E+03 -8.22240E-03
2.51613E+03 -8.11876E-03
2.51710E+03 -8.03580E-03
2.51806E+03 -7.92637E-03
2.51903E+03 -7.82258E-03
2.51999E+03 -7.74000E-03
2.52096E+03 -7.64880E-03
2.52192E+03 -7.52877E-03
2.52289E+03 -7.42729E-03
2.52385E+03 -7.35299E-03
2.52481E+03 -7.26411E-03
2.52578E+03 -7.16189E-03
2.52674E+03 -7.06510E-03
2.52771E+03 -6.96708E-03
2.52867E+03 -6.86328E-03
2.52964E+03 -6.79371E-03
2.53060E+03 -6.72545E-03
2.53156E+03 -6.63930E-03
2.53253E+03 -6.56570E-03
2.53349E+03 -6.49686E-03
2.53446E+03 -6.45611E-03
2.53542E+03 -6.43940E-03
2.53639E+03 -6.39605E-03
2.53735E+03 -6.34010E-03
2.53832E+03 -6.30056E-03
2.53928E+03 -6.27052E-03
2.54024E+03 -6.24553E-03
2.54121E+03 -6.23432E-03
2.54217E+03 -6.24702E-03
2.54314E+03 -6.25409E-03
2.54410E+03 -6.24966E-03
2.54507E+03 -6.27221E-03
2.54603E+03 -6.31056E-03
2.54700E+03 -6.32497E-03
2.54796E+03 -6.33721E-03
2.54892E+03 -6.37092E-03
2.54989E+03 -6.41281E-03
2.55085E+03 -6.45227E-03
2.55182E+03 -6.47137E-03
2.55278E+03 -6.49377E-03
2.55375E+03 -6.53647E-03
2.55471E+03 -6.58397E-03
2.55568E+03 -6.61173E-03
2.55664E+03 -6.61646E-03
2.55760E+03 -6.64027E-03
2.55857E+03 -6.67800E-03
2.55953E+03 -6.70023E-03
2.56050E+03 -6.72095E-03
2.56146E+03 -6.74418E-03
2.56243E+03 -6.77595E-03
2.56339E+03 -6.78726E-03
2.56435E+03 -6.77681E-03
2.56532E+03 -6.79324E-03
2.56628E+03 -6.81454E-03
2.56725E+03 -6.84467E-03
2.56821E+03 -6.85148E-03
2.56918E+03 -6.88371E-03
2.57014E+03 -6.95282E-03
2.57111E+03 -6.96923E-03
2.57207E+03 -6.98652E-03
2.57303E+03 -7.01166E-03
2.57400E+03 -7.02098E-03
2.57496E+03 -7.02176E-03
2.57593E+03 -7.03962E-03
2.57689E+03 -7.09424E-03
2.57786E+03 -7.10795E-03
2.57882E+03 -7.11485E-03
2.57979E+03 -7.13734E-03
2.58075E+03 -7.12609E-03
2.58171E+03 -7.11256E-03
2.58268E+03 -7.12722E-03
2.58364E+03 -7.14902E-03
2.58461E+03 -7.10811E-03
2.58557E+03 -7.06165E-03
2.58654E+03 -7.04261E-03
2.58750E+03 -7.01459E-03
2.58846E+03 -6.99939E-03
2.58943E+03 -6.97004E-03
2.59039E+03 -6.91459E-03
2.59136E+03 -6.86257E-03
2.59232E+03 -6.82575E-03
2.59329E+03 -6.79405E-03
2.59425E+03 -6.75909E-03
2.59522E+03 -6.70478E-03
2.59618E+03 -6.65648E-03
2.59714E+03 -6.61251E-03
2.59811E+03 -6.59407E-03
2.59907E+03 -6.58596E-03
2.60004E+03 -6.55701E-03
2.60100E+03 -6.55536E-03
2.60197E+03 -6.54832E-03
2.60293E+03 -6.55367E-03
2.60390E+03 -6.57049E-03
2.60486E+03 -6.58204E-03
2.60582E+03 -6.63098E-03
2.60679E+03 -6.65512E-03
2.60775E+03 -6.65616E-03
2.60872E+03 -6.72138E-03
2.60968E+03 -6.76947E-03
2.61065E+03 -6.77329E-03
2.61161E+03 -6.77956E-03
2.61258E+03 -6.80820E-03
2.61354E+03 -6.85518E-03
2.61450E+03 -6.89556E-03
2.61547E+03 -6.93719E-03
2.61643E+03 -6.97591E-03
2.61740E+03 -7.00630E-03
2.61836E+03 -7.03879E-03
2.61933E+03 -7.08314E-03
2.62029E+03 -7.13840E-03
2.62125E+03 -7.22086E-03
2.62222E+03 -7.28707E-03
2.62318E+03 -7.34687E-03
2.62415E+03 -7.42220E-03
2.62511E+03 -7.51142E-03
2.62608E+03 -7.60293E-03
2.62704E+03 -7.67934E-03
2.62801E+03 -7.73742E-03
2.62897E+03 -7.78011E-03
2.62993E+03 -7.82530E-03
2.63090E+03 -7.87826E-03
2.63186E+03 -7.92359E-03
2.63283E+03 -7.95434E-03
2.63379E+03 -8.00959E-03
2.63476E+03 -8.05753E-03
2.63572E+03 -8.06622E-03
2.63669E+03 -8.11079E-03
2.63765E+03 -8.16298E-03
2.63861E+03 -8.16758E-03
2.63958E+03 -8.16875E-03
2.64054E+03 -8.17690E-03
2.64151E+03 -8.18949E-03
2.64247E+03 -8.20868E-03
2.64344E+03 -8.22712E-03
2.64440E+03 -8.23044E-03
2.64536E+03 -8.21009E-03
2.64633E+03 -8.22176E-03
2.64729E+03 -8.22023E-03
2.64826E+03 -8.20452E-03
2.64922E+03 -8.20420E-03
2.65019E+03 -8.19186E-03
2.65115E+03 -8.20325E-03
2.65212E+03 -8.19976E-03
2.65308E+03 -8.17712E-03
2.65404E+03 -8.17366E-03
2.65501E+03 -8.18862E-03
2.65597E+03 -8.15883E-03
2.65694E+03 -8.12095E-03
2.65790E+03 -8.11302E-03
2.65887E+03 -8.10406E-03
2.65983E+03 -8.09883E-03
2.66080E+03 -8.08672E-03
2.66176E+03 -8.06646E-03
2.66272E+03 -8.04624E-03
2.66369E+03 -8.01463E-03
2.66465E+03 -7.98997E-03
2.66562E+03 -7.96887E-03
2.66658E+03 -7.95536E-03
2.66755E+03 -7.94106E-03
2.66851E+03 -7.91854E-03
2.66948E+03 -7.92450E-03
2.67044E+03 -7.90976E-03
2.67140E+03 -7.89351E-03
2.67237E+03 -7.87454E-03
2.67333E+03 -7.83794E-03
2.67430E+03 -7.82624E-03
2.67526E+03 -7.81156E-03
2.67623E+03 -7.77628E-03
2.67719E+03 -7.74474E-03
2.67815E+03 -7.71571E-03
2.67912E+03 -7.67743E-03
2.68008E+03 -7.65277E-03
2.68105E+03 -7.64835E-03
2.68201E+03 -7.63854E-03
2.68298E+03 -7.61478E-03
2.68394E+03 -7.58211E-03
2.68491E+03 -7.54954E-03
2.68587E+03 -7.51488E-03
2.68683E+03 -7.49180E-03
2.68780E+03 -7.46058E-03
2.68876E+03 -7.40162E-03
2.68973E+03 -7.36037E-03
2.69069E+03 -7.33861E-03
2.69166E+03 -7.33426E-03
2.69262E+03 -7.30532E-03
2.69359E+03 -7.25450E-03
2.69455E+03 -7.22667E-03
2.69551E+03 -7.21062E-03
2.69648E+03 -7.21043E-03
2.69744E+03 -7.15565E-03
2.69841E+03 -7.08997E-03
2.69937E+03 -7.07397E-03
2.70034E+03 -7.04281E-03
2.70130E+03 -7.00345E-03
2.70226E+03 -6.97833E-03
2.70323E+03 -6.93682E-03
2.70419E+03 -6.90150E-03
2.70516E+03 -6.89199E-03
2.70612E+03 -6.83772E-03
2.70709E+03 -6.78248E-03
2.70805E+03 -6.74915E-03
2.70902E+03 -6.73956E-03
2.70998E+03 -6.71573E-03
2.71094E+03 -6.67093E-03
2.71191E+03 -6.63034E-03
2.71287E+03 -6.55930E-03
2.71384E+03 -6.51731E-03
2.71480E+03 -6.47191E-03
2.71577E+03 -6.41862E-03
2.71673E+03 -6.39007E-03
2.71770E+03 -6.35015E-03
2.71866E+03 -6.31651E-03
2.71962E+03 -6.28980E-03
2.72059E+03 -6.22292E-03
2.72155E+03 -6.17696E-03
2.72252E+03 -6.13968E-03
2.72348E+03 -6.07867E-03
2.72445E+03 -6.02967E-03
2.72541E+03 -5.95444E-03
2.72638E+03 -5.89557E-03
2.72734E+03 -5.86922E-03
2.72830E+03 -5.79534E-03
2.72927E+03 -5.71191E-03
2.73023E+03 -5.68229E-03
2.73120E+03 -5.63557E-03
2.73216E+03 -5.57862E-03
2.73313E+03 -5.51776E-03
2.73409E+03 -5.44165E-03
2.73505E+03 -5.39309E-03
2.73602E+03 -5.34431E-03
2.73698E+03 -5.31537E-03
2.73795E+03 -5.26369E-03
2.73891E+03 -5.15394E-03
2.73988E+03 -5.05164E-03
2.74084E+03 -4.98223E-03
2.74181E+03 -4.95272E-03
2.74277E+03 -4.89092E-03
2.74373E+03 -4.81920E-03
2.74470E+03 -4.72616E-03
2.74566E+03 -4.62257E-03
2.74663E+03 -4.55888E-03
2.74759E+03 -4.47944E-03
2.74856E+03 -4.39030E-03
2.74952E+03 -4.26449E-03
2.75049E+03 -4.13788E-03
2.75145E+03 -4.06998E-03
2.75241E+03 -3.99291E-03
2.75338E+03 -3.89948E-03
2.75434E+03 -3.74701E-03
2.75531E+03 -3.69265E-03
2.75627E+03 -3.61257E-03
2.75724E+03 -3.51933E-03
2.75820E+03 -3.46256E-03
2.75916E+03 -3.32508E-03
2.76013E+03 -3.24809E-03
2.76109E+03 -3.05500E-03
2.76206E+03 -2.74373E-03
2.76302E+03 -2.51998E-03
2.76399E+03 -2.30360E-03
2.76495E+03 -2.12445E-03
2.76592E+03 -2.36505E-03
2.76688E+03 -2.09539E-03
2.76784E+03 -1.63186E-03
2.76881E+03 -1.59135E-03
2.76977E+03 -1.32419E-03
2.77074E+03 -1.16951E-03
2.77170E+03 -9.36039E-04
2.77267E+03 -9.00473E-04
2.77363E+03 -8.73197E-04
2.77460E+03 -4.23022E-04
2.77556E+03 -2.46651E-04
2.77652E+03 -9.61311E-05
2.77749E+03 1.91405E-04
2.77845E+03 4.91906E-04
2.77942E+03 7.98546E-04
2.78038E+03 1.01690E-03
2.78135E+03 1.27474E-03
2.78231E+03 1.55535E-03
2.78327E+03 1.83654E-03
2.78424E+03 2.14255E-03
2.78520E+03 2.48083E-03
2.78617E+03 2.82367E-03
2.78713E+03 3.14121E-03
2.78810E+03 3.49754E-03
2.78906E+03 3.85807E-03
2.79003E+03 4.23608E-03
2.79099E+03 4.62645E-03
2.79195E+03 4.98863E-03
2.79292E+03 5.37926E-03
2.79388E+03 5.81295E-03
2.79485E+03 6.25656E-03
2.79581E+03 6.66800E-03
2.79678E+03 7.10968E-03
2.79774E+03 7.58655E-03
2.79871E+03 8.02528E-03
2.79967E+03 8.50111E-03
2.80063E+03 8.98138E-03
2.80160E+03 9.49168E-03
2.80256E+03 1.00246E-02
2.80353E+03 1.05377E-02
2.80449E+03 1.11093E-02
2.80546E+03 1.16406E-02
2.80642E+03 1.21553E-02
2.80739E+03 1.27283E-02
2.80835E+03 1.33103E-02
2.80931E+03 1.38789E-02
2.81028E+03 1.44890E-02
2.81124E+03 1.51215E-02
2.81221E+03 1.57216E-02
2.81317E+03 1.63423E-02
2.81414E+03 1.70164E-02
2.81510E+03 1.76971E-02
2.81606E+03 1.83896E-02
2.81703E+03 1.90995E-02
2.81799E+03 1.98004E-02
2.81896E+03 2.05521E-02
2.81992E+03 2.13807E-02
2.82089E+03 2.22048E-02
2.82185E+03 2.30361E-02
2.82282E+03 2.39257E-02
2.82378E+03 2.48497E-02
2.82474E+03 2.57925E-02
2.82571E+03 2.67524E-02
2.82667E+03 2.77341E-02
2.82764E+03 2.87208E-02
2.82860E+03 2.95887E-02
2.82957E+03 3.03614E-02
2.83053E+03 3.10354E-02
2.83150E+03 3.15304E-02
2.83246E+03 3.18347E-02
2.83342E+03 3.19169E-02
2.83439E+03 3.17540E-02
2.83535E+03 3.13993E-02
2.83632E+03 3.08840E-02
2.83728E+03 3.02333E-02
2.83825E+03 2.94780E-02
2.83921E+03 2.86416E-02
2.84017E+03 2.78431E-02
2.84114E+03 2.70728E-02
2.84210E+03 2.63363E-02
2.84307E+03 2.56962E-02
2.84403E+03 2.51034E-02
2.84500E+03 2.45749E-02
2.84596E+03 2.41433E-02
2.84693E+03 2.37563E-02
2.84789E+03 2.33800E-02
2.84885E+03 2.30218E-02
2.84982E+03 2.26694E-02
2.85078E+03 2.23528E-02
2.85175E+03 2.20637E-02
2.85271E+03 2.17693E-02
2.85368E+03 2.14701E-02
2.85464E+03 2.11800E-02
2.85561E+03 2.09172E-02
2.85657E+03 2.06829E-02
2.85753E+03 2.04395E-02
2.85850E+03 2.01778E-02
2.85946E+03 1.98976E-02
2.86043E+03 1.96141E-02
2.86139E+03 1.93897E-02
2.86236E+03 1.91569E-02
2.86332E+03 1.89376E-02
2.86428E+03 1.87002E-02
2.86525E+03 1.84439E-02
2.86621E+03 1.82426E-02
2.86718E+03 1.80408E-02
2.86814E+03 1.78400E-02
2.86911E+03 1.76656E-02
2.87007E+03 1.74716E-02
2.87104E+03 1.72680E-02
2.87200E+03 1.70890E-02
2.87296E+03 1.69134E-02
2.87393E+03 1.67698E-02
2.87489E+03 1.66270E-02
2.87586E+03 1.65003E-02
2.87682E+03 1.64198E-02
2.87779E+03 1.63424E-02
2.87875E+03 1.62453E-02
2.87972E+03 1.61978E-02
2.88068E+03 1.62103E-02
2.88164E+03 1.62059E-02
2.88261E+03 1.62531E-02
2.88357E+03 1.62779E-02
2.88454E+03 1.62814E-02
2.88550E+03 1.63422E-02
2.88647E+03 1.63844E-02
2.88743E+03 1.64677E-02
2.88840E+03 1.65966E-02
2.88936E+03 1.67032E-02
2.89032E+03 1.68005E-02
2.89129E+03 1.69169E-02
2.89225E+03 1.70418E-02
2.89322E+03 1.71937E-02
2.89418E+03 1.73533E-02
2.89515E+03 1.75037E-02
2.89611E+03 1.77019E-02
2.89707E+03 1.79130E-02
2.89804E+03 1.81280E-02
2.89900E+03 1.83598E-02
2.89997E+03 1.85975E-02
2.90093E+03 1.88758E-02
2.90190E+03 1.91748E-02
2.90286E+03 1.94749E-02
2.90383E+03 1.97943E-02
2.90479E+03 2.01431E-02
2.90575E+03 2.04702E-02
2.90672E+03 2.08097E-02
2.90768E+03 2.11664E-02
2.90865E+03 2.15598E-02
2.90961E+03 2.19654E-02
2.91058E+03 2.23470E-02
2.91154E+03 2.27540E-02
2.91251E+03 2.31249E-02
2.91347E+03 2.33808E-02
2.91443E+03 2.35713E-02
2.91540E+03 2.37127E-02
2.91636E+03 2.37287E-02
2.91733E+03 2.36894E-02
2.91829E+03 2.36446E-02
2.91926E+03 2.35102E-02
2.92022E+03 2.33748E-02
2.92118E+03 2.33368E-02
2.92215E+03 2.33217E-02
2.92311E+03 2.34002E-02
2.92408E+03 2.35859E-02
2.92504E+03 2.38424E-02
2.92601E+03 2.42280E-02
2.92697E+03 2.47274E-02
2.92794E+03 2.53515E-02
2.92890E+03 2.60316E-02
2.92986E+03 2.67579E-02
2.93083E+03 2.75683E-02
2.93179E+03 2.83166E-02
2.93276E+03 2.90244E-02
2.93372E+03 2.96910E-02
2.93469E+03 3.02793E-02
2.93565E+03 3.07802E-02
2.93662E+03 3.11382E-02
2.93758E+03 3.13302E-02
2.93854E+03 3.14178E-02
2.93951E+03 3.13986E-02
2.94047E+03 3.12796E-02
2.94144E+03 3.10841E-02
2.94240E+03 3.08189E-02
2.94337E+03 3.05555E-02
2.94433E+03 3.03079E-02
2.94530E+03 3.01208E-02
2.94626E+03 2.99917E-02
2.94722E+03 2.99074E-02
2.94819E+03 3.00043E-02
2.94915E+03 3.02397E-02
2.95012E+03 3.05553E-02
2.95108E+03 3.10191E-02
2.95205E+03 3.15508E-02
2.95301E+03 3.21437E-02
2.95397E+03 3.27246E-02
2.95494E+03 3.32818E-02
2.95590E+03 3.38891E-02
2.95687E+03 3.44817E-02
2.95783E+03 3.49789E-02
2.95880E+03 3.54364E-02
2.95976E+03 3.58902E-02
2.96073E+03 3.62505E-02
2.96169E+03 3.65408E-02
2.96265E+03 3.67650E-02
2.96362E+03 3.69238E-02
2.96458E+03 3.70776E-02
2.96555E+03 3.72423E-02
2.96651E+03 3.73468E-02
2.96748E+03 3.74273E-02
2.96844E+03 3.74948E-02
2.96941E+03 3.75740E-02
2.97037E+03 3.76668E-02
2.97133E+03 3.77532E-02
2.97230E+03 3.78346E-02
2.97326E+03 3.78219E-02
2.97423E+03 3.78186E-02
2.97519E+03 3.78352E-02
2.97616E+03 3.77890E-02
2.97712E+03 3.77184E-02
2.97808E+03 3.76592E-02
2.97905E+03 3.75642E-02
2.98001E+03 3.75190E-02
2.98098E+03 3.75447E-02
2.98194E+03 3.75544E-02
2.98291E+03 3.75372E-02
2.98387E+03 3.75729E-02
2.98484E+03 3.76690E-02
2.98580E+03 3.77794E-02
2.98676E+03 3.79532E-02
2.98773E+03 3.81966E-02
2.98869E+03 3.83851E-02
2.98966E+03 3.86143E-02
2.99062E+03 3.89004E-02
2.99159E+03 3.91913E-02
2.99255E+03 3.95502E-02
2.99352E+03 3.99126E-02
2.99448E+03 4.02532E-02
2.99544E+03 4.05399E-02
2.99641E+03 4.08146E-02
2.99737E+03 4.10770E-02
2.99834E+03 4.13113E-02
2.99930E+03 4.15063E-02
3.00027E+03 4.16574E-02
3.00123E+03 4.17669E-02
3.00220E+03 4.18680E-02
3.00316E+03 4.19310E-02
3.00412E+03 4.19335E-02
3.00509E+03 4.18881E-02
3.00605E+03 4.18218E-02
3.00702E+03 4.17731E-02
3.00798E+03 4.17124E-02
3.00895E+03 4.16485E-02
3.00991E+03 4.15695E-02
3.01087E+03 4.15318E-02
3.01184E+03 4.15131E-02
3.01280E+03 4.14948E-02
3.01377E+03 4.14654E-02
3.01473E+03 4.14758E-02
3.01570E+03 4.15239E-02
3.01666E+03 4.15787E-02
3.01763E+03 4.16621E-02
3.01859E+03 4.18932E-02
3.01955E+03 4.23049E-02
3.02052E+03 4.26614E-02
3.02148E+03 4.29834E-02
3.02245E+03 4.33500E-02
3.02341E+03 4.37609E-02
3.02438E+03 4.42316E-02
3.02534E+03 4.47384E-02
3.02631E+03 4.52470E-02
3.02727E+03 4.57896E-02
3.02823E+03 4.63620E-02
3.02920E+03 4.69540E-02
3.03016E+03 4.75982E-02
3.03113E+03 4.82813E-02
3.03209E+03 4.90125E-02
3.03306E+03 4.97668E-02
3.03402E+03 5.05200E-02
3.03498E+03 5.12946E-02
3.03595E+03 5.21034E-02
3.03691E+03 5.29623E-02
3.03788E+03 5.38000E-02
3.03884E+03 5.46473E-02
3.03981E+03 5.55315E-02
3.04077E+03 5.64483E-02
3.04174E+03 5.74023E-02
3.04270E+03 5.83032E-02
3.04366E+03 5.92275E-02
3.04463E+03 6.02105E-02
3.04559E+03 6.11837E-02
3.04656E+03 6.22104E-02
3.04752E+03 6.32464E-02
3.04849E+03 6.42732E-02
3.04945E+03 6.53625E-02
3.05042E+03 6.64553E-02
3.05138E+03 6.75520E-02
3.05234E+03 6.86790E-02
3.05331E+03 6.98006E-02
3.05427E+03 7.09584E-02
3.05524E+03 7.21127E-02
3.05620E+03 7.32666E-02
3.05717E+03 7.44397E-02
3.05813E+03 7.55792E-02
3.05909E+03 7.68258E-02
3.06006E+03 7.81203E-02
3.06102E+03 7.93537E-02
3.06199E+03 8.06169E-02
3.06295E+03 8.19420E-02
3.06392E+03 8.32808E-02
3.06488E+03 8.45789E-02
3.06585E+03 8.58726E-02
3.06681E+03 8.71455E-02
3.06777E+03 8.84494E-02
3.06874E+03 8.98706E-02
3.06970E+03 9.12935E-02
3.07067E+03 9.27285E-02
3.07163E+03 9.41464E-02
3.07260E+03 9.55656E-02
3.07356E+03 9.70232E-02
3.07453E+03 9.84768E-02
3.07549E+03 9.99234E-02
3.07645E+03 1.01330E-01
3.07742E+03 1.02803E-01
3.07838E+03 1.04362E-01
3.07935E+03 1.05931E-01
3.08031E+03 1.07466E-01
3.08128E+03 1.08976E-01
3.08224E+03 1.10524E-01
3.08321E+03 1.12115E-01
3.08417E+03 1.13729E-01
3.08513E+03 1.15279E-01
3.08610E+03 1.16788E-01
3.08706E+03 1.18408E-01
3.08803E+03 1.20103E-01
3.08899E+03 1.21766E-01
3.08996E+03 1.23380E-01
3.09092E+03 1.25033E-01
3.09188E+03 1.26688E-01
3.09285E+03 1.28327E-01
3.09381E+03 1.30020E-01
3.09478E+03 1.31724E-01
3.09574E+03 1.33429E-01
3.09671E+03 1.35200E-01
3.09767E+03 1.36900E-01
3.09864E+03 1.38586E-01
3.09960E+03 1.40300E-01
3.10056E+03 1.42027E-01
3.10153E+03 1.43764E-01
3.10249E+03 1.45470E-01
3.10346E+03 1.47221E-01
3.10442E+03 1.48964E-01
3.10539E+03 1.50741E-01
3.10635E+03 1.52524E-01
3.10732E+03 1.54269E-01
3.10828E+03 1.56015E-01
3.10924E+03 1.57833E-01
3.11021E+03 1.59632E-01
3.11117E+03 1.61414E-01
3.11214E+03 1.63223E-01
3.11310E+03 1.64937E-01
3.11407E+03 1.66665E-01
3.11503E+03 1.68475E-01
3.11599E+03 1.70268E-01
3.11696E+03 1.72065E-01
3.11792E+03 1.73905E-01
3.11889E+03 1.75748E-01
3.11985E+03 1.77546E-01
3.12082E+03 1.79317E-01
3.12178E+03 1.81108E-01
3.12275E+03 1.82942E-01
3.12371E+03 1.84794E-01
3.12467E+03 1.86625E-01
3.12564E+03 1.88449E-01
3.12660E+03 1.90300E-01
3.12757E+03 1.92173E-01
3.12853E+03 1.93977E-01
3.12950E+03 1.95783E-01
3.13046E+03 1.97608E-01
3.13143E+03 1.99465E-01
3.13239E+03 2.01316E-01
3.13335E+03 2.03192E-01
3.13432E+03 2.05107E-01
3.13528E+03 2.06956E-01
3.13625E+03 2.08765E-01
3.13721E+03 2.10653E-01
3.13818E+03 2.12583E-01
3.13914E+03 2.14450E-01
3.14010E+03 2.16324E-01
3.14107E+03 2.18214E-01
3.14203E+03 2.20086E-01
3.14300E+03 2.21929E-01
3.14396E+03 2.23860E-01
3.14493E+03 2.25773E-01
3.14589E+03 2.27624E-01
3.14686E+03 2.29541E-01
3.14782E+03 2.31461E-01
3.14878E+03 2.33389E-01
3.14975E+03 2.35289E-01
3.15071E+03 2.37174E-01
3.15168E+03 2.39045E-01
3.15264E+03 2.40940E-01
3.15361E+03 2.42907E-01
3.15457E+03 2.44837E-01
3.15554E+03 2.46747E-01
3.15650E+03 2.48598E-01
3.15746E+03 2.50447E-01
3.15843E+03 2.52384E-01
3.15939E+03 2.54214E-01
3.16036E+03 2.56037E-01
3.16132E+03 2.57989E-01
3.16229E+03 2.59945E-01
3.16325E+03 2.61831E-01
3.16422E+03 2.63703E-01
3.16518E+03 2.65623E-01
3.16614E+03 2.67514E-01
3.16711E+03 2.69355E-01
3.16807E+03 2.71239E-01
3.16904E+03 2.73137E-01
3.17000E+03 2.74966E-01
3.17097E+03 2.76812E-01
3.17193E+03 2.78681E-01
3.17289E+03 2.80489E-01
3.17386E+03 2.82308E-01
3.17482E+03 2.84162E-01
3.17579E+03 2.85970E-01
3.17675E+03 2.87794E-01
3.17772E+03 2.89635E-01
3.17868E+03 2.91418E-01
3.17965E+03 2.93205E-01
3.18061E+03 2.95052E-01
3.18157E+03 2.96861E-01
3.18254E+03 2.98616E-01
3.18350E+03 3.00383E-01
3.18447E+03 3.02090E-01
3.18543E+03 3.03823E-01
3.18640E+03 3.05580E-01
3.18736E+03 3.07346E-01
3.18833E+03 3.09156E-01
3.18929E+03 3.10877E-01
3.19025E+03 3.12555E-01
3.19122E+03 3.14239E-01
3.19218E+03 3.15877E-01
3.19315E+03 3.17544E-01
3.19411E+03 3.19293E-01
3.19508E+03 3.20980E-01
3.19604E+03 3.22598E-01
3.19700E+03 3.24196E-01
3.19797E+03 3.25778E-01
3.19893E+03 3.27382E-01
3.19990E+03 3.29037E-01
3.20086E+03 3.30645E-01
3.20183E+03 3.32203E-01
3.20279E+03 3.33713E-01
3.20376E+03 3.35249E-01
3.20472E+03 3.36846E-01
3.20568E+03 3.38328E-01
3.20665E+03 3.39788E-01
3.20761E+03 3.41299E-01
3.20858E+03 3.42785E-01
3.20954E+03 3.44250E-01
3.21051E+03 3.45686E-01
3.21147E+03 3.47094E-01
3.21244E+03 3.48457E-01
3.21340E+03 3.49843E-01
3.21436E+03 3.51233E-01
3.21533E+03 3.52602E-01
3.21629E+03 3.53850E-01
3.21726E+03 3.55126E-01
3.21822E+03 3.56521E-01
3.21919E+03 3.57742E-01
3.22015E+03 3.58990E-01
3.22111E+03 3.60288E-01
3.22208E+03 3.61537E-01
3.22304E+03 3.62751E-01
3.22401E+03 3.63890E-01
3.22497E+03 3.65057E-01
3.22594E+03 3.66219E-01
3.22690E+03 3.67338E-01
3.22787E+03 3.68366E-01
3.22883E+03 3.69438E-01
3.22979E+03 3.70589E-01
3.23076E+03 3.71608E-01
3.23172E+03 3.72646E-01
3.23269E+03 3.73657E-01
3.23365E+03 3.74533E-01
3.23462E+03 3.75432E-01
3.23558E+03 3.76465E-01
3.23655E+03 3.77420E-01
3.23751E+03 3.78237E-01
3.23847E+03 3.79145E-01
3.23944E+03 3.80049E-01
3.24040E+03 3.80835E-01
3.24137E+03 3.81632E-01
3.24233E+03 3.82486E-01
3.24330E+03 3.83198E-01
3.24426E+03 3.83904E-01
3.24523E+03 3.84709E-01
3.24619E+03 3.85419E-01
3.24715E+03 3.86138E-01
3.24812E+03 3.86904E-01
3.24908E+03 3.87573E-01
3.25005E+03 3.88217E-01
3.25101E+03 3.88949E-01
3.25198E+03 3.89585E-01
3.25294E+03 3.90093E-01
3.25390E+03 3.90712E-01
3.25487E+03 3.91322E-01
3.25583E+03 3.91836E-01
3.25680E+03 3.92408E-01
3.25776E+03 3.92973E-01
3.25873E+03 3.93492E-01
3.25969E+03 3.94063E-01
3.26066E+03 3.94534E-01
3.26162E+03 3.94937E-01
3.26258E+03 3.95434E-01
3.26355E+03 3.95920E-01
3.26451E+03 3.96337E-01
3.26548E+03 3.96765E-01
3.26644E+03 3.97183E-01
3.26741E+03 3.97477E-01
3.26837E+03 3.97816E-01
3.26934E+03 3.98198E-01
3.27030E+03 3.98488E-01
3.27126E+03 3.98831E-01
3.27223E+03 3.99110E-01
3.27319E+03 3.99379E-01
3.27416E+03 3.99719E-01
3.27512E+03 3.99941E-01
3.27609E+03 4.00108E-01
3.27705E+03 4.00323E-01
3.27802E+03 4.00506E-01
3.27898E+03 4.00552E-01
3.27994E+03 4.00811E-01
3.28091E+03 4.01082E-01
3.28187E+03 4.01105E-01
3.28284E+03 4.01145E-01
3.28380E+03 4.01177E-01
3.28477E+03 4.01217E-01
3.28573E+03 4.01283E-01
3.28669E+03 4.01237E-01
3.28766E+03 4.01232E-01
3.28862E+03 4.01292E-01
3.28959E+03 4.01200E-01
3.29055E+03 4.01090E-01
3.29152E+03 4.00896E-01
3.29248E+03 4.00649E-01
3.29345E+03 4.00538E-01
3.29441E+03 4.00425E-01
3.29537E+03 4.00205E-01
3.29634E+03 4.00023E-01
3.29730E+03 3.99823E-01
3.29827E+03 3.99530E-01
3.29923E+03 3.99252E-01
3.30020E+03 3.98943E-01
3.30116E+03 3.98591E-01
3.30213E+03 3.98223E-01
3.30309E+03 3.97806E-01
3.30405E+03 3.97339E-01
3.30502E+03 3.96885E-01
3.30598E+03 3.96567E-01
3.30695E+03 3.96248E-01
3.30791E+03 3.95801E-01
3.30888E+03 3.95319E-01
3.30984E+03 3.94811E-01
3.31080E+03 3.94234E-01
3.31177E+03 3.93586E-01
3.31273E+03 3.92981E-01
3.31370E+03 3.92444E-01
3.31466E+03 3.91889E-01
3.31563E+03 3.91249E-01
3.31659E+03 3.90580E-01
3.31756E+03 3.89973E-01
3.31852E+03 3.89368E-01
3.31948E+03 3.88631E-01
3.32045E+03 3.87875E-01
3.32141E+03 3.87247E-01
3.32238E+03 3.86556E-01
3.32334E+03 3.85822E-01
3.32431E+03 3.85106E-01
3.32527E+03 3.84376E-01
3.32624E+03 3.83588E-01
3.32720E+03 3.82726E-01
3.32816E+03 3.81885E-01
3.32913E+03 3.81158E-01
3.33009E+03 3.80482E-01
3.33106E+03 3.79720E-01
3.33202E+03 3.78879E-01
3.33299E+03 3.77978E-01
3.33395E+03 3.77135E-01
3.33492E+03 3.76405E-01
3.33588E+03 3.75562E-01
3.33684E+03 3.74627E-01
3.33781E+03 3.73783E-01
3.33877E+03 3.73012E-01
3.33974E+03 3.72176E-01
3.34070E+03 3.71296E-01
3.34167E+03 3.70462E-01
3.34263E+03 3.69608E-01
3.34359E+03 3.68717E-01
3.34456E+03 3.67827E-01
3.34552E+03 3.66933E-01
3.34649E+03 3.66052E-01
3.34745E+03 3.65193E-01
3.34842E+03 3.64258E-01
3.34938E+03 3.63355E-01
3.35035E+03 3.62501E-01
3.35131E+03 3.61599E-01
3.35227E+03 3.60614E-01
3.35324E+03 3.59627E-01
3.35420E+03 3.58815E-01
3.35517E+03 3.57977E-01
3.35613E+03 3.56965E-01
3.35710E+03 3.55998E-01
3.35806E+03 3.55097E-01
3.35903E+03 3.54117E-01
3.35999E+03 3.53202E-01
3.36095E+03 3.52291E-01
3.36192E+03 3.51313E-01
3.36288E+03 3.50395E-01
3.36385E+03 3.49419E-01
3.36481E+03 3.48432E-01
3.36578E+03 3.47464E-01
3.36674E+03 3.46507E-01
3.36770E+03 3.45446E-01
3.36867E+03 3.44360E-01
3.36963E+03 3.43356E-01
3.37060E+03 3.42391E-01
3.37156E+03 3.41431E-01
3.37253E+03 3.40328E-01
3.37349E+03 3.39190E-01
3.37446E+03 3.38119E-01
3.37542E+03 3.37071E-01
3.37638E+03 3.36011E-01
3.37735E+03 3.34943E-01
3.37831E+03 3.33886E-01
3.37928E+03 3.32759E-01
3.38024E+03 3.31609E-01
3.38121E+03 3.30448E-01
3.38217E+03 3.29281E-01
3.38314E+03 3.28133E-01
3.38410E+03 3.26878E-01
3.38506E+03 3.25702E-01
3.38603E+03 3.24642E-01
3.38699E+03 3.23485E-01
3.38796E+03 3.22261E-01
3.38892E+03 3.20988E-01
3.38989E+03 3.19658E-01
3.39085E+03 3.18316E-01
3.39181E+03 3.17031E-01
3.39278E+03 3.15819E-01
3.39374E+03 3.14622E-01
3.39471E+03 3.13358E-01
3.39567E+03 3.11911E-01
3.39664E+03 3.10468E-01
3.39760E+03 3.09181E-01
3.39857E+03 3.07819E-01
3.39953E+03 3.06389E-01
3.40049E+03 3.05016E-01
3.40146E+03 3.03582E-01
3.40242E+03 3.02134E-01
3.40339E+03 3.00688E-01
3.40435E+03 2.99197E-01
3.40532E+03 2.97739E-01
3.40628E+03 2.96230E-01
3.40725E+03 2.94655E-01
3.40821E+03 2.93218E-01
3.40917E+03 2.91773E-01
3.41014E+03 2.90207E-01
3.41110E+03 2.88608E-01
3.41207E+03 2.87032E-01
3.41303E+03 2.85197E-01
3.41400E+03 2.83206E-01
3.41496E+03 2.81772E-01
3.41593E+03 2.80358E-01
3.41689E+03 2.78694E-01
3.41785E+03 2.77078E-01
3.41882E+03 2.75398E-01
3.41978E+03 2.73744E-01
3.42075E+03 2.72144E-01
3.42171E+03 2.70480E-01
3.42268E+03 2.68694E-01
3.42364E+03 2.66955E-01
3.42460E+03 2.65184E-01
3.42557E+03 2.63387E-01
3.42653E+03 2.61562E-01
3.42750E+03 2.59737E-01
3.42846E+03 2.58016E-01
3.42943E+03 2.56173E-01
3.43039E+03 2.54399E-01
3.43136E+03 2.52721E-01
3.43232E+03 2.50849E-01
3.43328E+03 2.49021E-01
3.43425E+03 2.47207E-01
3.43521E+03 2.45351E-01
3.43618E+03 2.43566E-01
3.43714E+03 2.41823E-01
3.43811E+03 2.39987E-01
3.43907E+03 2.38092E-01
3.44004E+03 2.36286E-01
3.44100E+03 2.34505E-01
3.44196E+03 2.32613E-01
3.44293E+03 2.30696E-01
3.44389E+03 2.28865E-01
3.44486E+03 2.26949E-01
3.44582E+03 2.25088E-01
3.44679E+03 2.23235E-01
3.44775E+03 2.21301E-01
3.44871E+03 2.19408E-01
3.44968E+03 2.17518E-01
3.45064E+03 2.15637E-01
3.45161E+03 2.13740E-01
3.45257E+03 2.11849E-01
3.45354E+03 2.10021E-01
3.45450E+03 2.08115E-01
3.45547E+03 2.06203E-01
3.45643E+03 2.04388E-01
3.45739E+03 2.02521E-01
3.45836E+03 2.00617E-01
3.45932E+03 1.98725E-01
3.46029E+03 1.96871E-01
3.46125E+03 1.94967E-01
3.46222E+03 1.93016E-01
3.46318E+03 1.91100E-01
3.46415E+03 1.89157E-01
3.46511E+03 1.87215E-01
3.46607E+03 1.85326E-01
3.46704E+03 1.83382E-01
3.46800E+03 1.81420E-01
3.46897E+03 1.79587E-01
3.46993E+03 1.77704E-01
3.47090E+03 1.75711E-01
3.47186E+03 1.73775E-01
3.47282E+03 1.71876E-01
3.47379E+03 1.69939E-01
3.47475E+03 1.68038E-01
3.47572E+03 1.66166E-01
3.47668E+03 1.64187E-01
3.47765E+03 1.62256E-01
3.47861E+03 1.60378E-01
3.47958E+03 1.58447E-01
3.48054E+03 1.56478E-01
3.48150E+03 1.54537E-01
3.48247E+03 1.52621E-01
3.48343E+03 1.50668E-01
3.48440E+03 1.48731E-01
3.48536E+03 1.46758E-01
3.48633E+03 1.44751E-01
3.48729E+03 1.42829E-01
3.48826E+03 1.40931E-01
3.48922E+03 1.39022E-01
3.49018E+03 1.37104E-01
3.49115E+03 1.35079E-01
3.49211E+03 1.33075E-01
3.49308E+03 1.31168E-01
3.49404E+03 1.29257E-01
3.49501E+03 1.27205E-01
3.49597E+03 1.25228E-01
3.49694E+03 1.23388E-01
3.49790E+03 1.21471E-01
3.49886E+03 1.19516E-01
3.49983E+03 1.17574E-01
3.50079E+03 1.15622E-01
3.50176E+03 1.13620E-01
3.50272E+03 1.11716E-01
3.50369E+03 1.09832E-01
3.50465E+03 1.07880E-01
3.50561E+03 1.05919E-01
3.50658E+03 1.04007E-01
3.50754E+03 1.02062E-01
3.50851E+03 1.00074E-01
3.50947E+03 9.81764E-02
3.51044E+03 9.63303E-02
3.51140E+03 9.45131E-02
3.51237E+03 9.26295E-02
3.51333E+03 9.06877E-02
3.51429E+03 8.88289E-02
3.51526E+03 8.69895E-02
3.51622E+03 8.51363E-02
3.51719E+03 8.32700E-02
3.51815E+03 8.14576E-02
3.51912E+03 7.97576E-02
3.52008E+03 7.80483E-02
3.52105E+03 7.62750E-02
3.52201E+03 7.45064E-02
3.52297E+03 7.27571E-02
3.52394E+03 7.11038E-02
3.52490E+03 6.95414E-02
3.52587E+03 6.79025E-02
3.52683E+03 6.62811E-02
3.52780E+03 6.47285E-02
3.52876E+03 6.32291E-02
3.52972E+03 6.17260E-02
3.53069E+03 6.02199E-02
3.53165E+03 5.87810E-02
3.53262E+03 5.73507E-02
3.53358E+03 5.59608E-02
3.53455E+03 5.45976E-02
3.53551E+03 5.32029E-02
3.53648E+03 5.18965E-02
3.53744E+03 5.07056E-02
3.53840E+03 4.94364E-02
3.53937E+03 4.81362E-02
3.54033E+03 4.69288E-02
3.54130E+03 4.57497E-02
3.54226E+03 4.46591E-02
3.54323E+03 4.35438E-02
3.54419E+03 4.24054E-02
3.54516E+03 4.13524E-02
3.54612E+03 4.02895E-02
3.54708E+03 3.93012E-02
3.54805E+03 3.83458E-02
3.54901E+03 3.73453E-02
3.54998E+03 3.63996E-02
3.55094E+03 3.54817E-02
3.55191E+03 3.46064E-02
3.55287E+03 3.38037E-02
3.55383E+03 3.29432E-02
3.55480E+03 3.20976E-02
3.55576E+03 3.13442E-02
3.55673E+03 3.06022E-02
3.55769E+03 2.98456E-02
3.55866E+03 2.91076E-02
3.55962E+03 2.83346E-02
3.56059E+03 2.76174E-02
3.56155E+03 2.69582E-02
3.56251E+03 2.62942E-02
3.56348E+03 2.56750E-02
3.56444E+03 2.50276E-02
3.56541E+03 2.44147E-02
3.56637E+03 2.38794E-02
3.56734E+03 2.33446E-02
3.56830E+03 2.27705E-02
3.56927E+03 2.22253E-02
3.57023E+03 2.17608E-02
3.57119E+03 2.12741E-02
3.57216E+03 2.08189E-02
3.57312E+03 2.03948E-02
3.57409E+03 2.00298E-02
3.57505E+03 1.97092E-02
3.57602E+03 1.93317E-02
3.57698E+03 1.90235E-02
3.57795E+03 1.88515E-02
3.57891E+03 1.87440E-02
3.57987E+03 1.86925E-02
3.58084E+03 1.86977E-02
3.58180E+03 1.87660E-02
3.58277E+03 1.89187E-02
3.58373E+03 1.91725E-02
3.58470E+03 1.94977E-02
3.58566E+03 1.98287E-02
3.58662E+03 2.02754E-02
3.58759E+03 2.08082E-02
3.58855E+03 2.12981E-02
3.58952E+03 2.18203E-02
3.59048E+03 2.23934E-02
3.59145E+03 2.30937E-02
3.59241E+03 2.38588E-02
3.59338E+03 2.47052E-02
3.59434E+03 2.54845E-02
3.59530E+03 2.59197E-02
3.59627E+03 2.57297E-02
3.59723E+03 2.50634E-02
3.59820E+03 2.40546E-02
3.59916E+03 2.49564E-02
3.60013E+03 2.61902E-02
3.60109E+03 2.18581E-02
3.60206E+03 1.64657E-02
3.60302E+03 1.39759E-02
3.60398E+03 1.25865E-02
3.60495E+03 1.18659E-02
3.60591E+03 1.13612E-02
3.60688E+03 1.09812E-02
3.60784E+03 1.06621E-02
3.60881E+03 1.03947E-02
3.60977E+03 1.01599E-02
3.61074E+03 9.94289E-03
3.61170E+03 9.75816E-03
3.61266E+03 9.57527E-03
3.61363E+03 9.40898E-03
3.61459E+03 9.30961E-03
3.61556E+03 9.20211E-03
3.61652E+03 9.11095E-03
3.61749E+03 9.04515E-03
3.61845E+03 9.04709E-03
3.61941E+03 9.08191E-03
3.62038E+03 9.14078E-03
3.62134E+03 9.28520E-03
3.62231E+03 9.44670E-03
3.62327E+03 9.64333E-03
3.62424E+03 9.91819E-03
3.62520E+03 1.01928E-02
3.62617E+03 1.05118E-02
3.62713E+03 1.09076E-02
3.62809E+03 1.13227E-02
3.62906E+03 1.17984E-02
3.63002E+03 1.23394E-02
3.63099E+03 1.29285E-02
3.63195E+03 1.36300E-02
3.63292E+03 1.43625E-02
3.63388E+03 1.50594E-02
3.63485E+03 1.57402E-02
3.63581E+03 1.65460E-02
3.63677E+03 1.74952E-02
3.63774E+03 1.85313E-02
3.63870E+03 1.96153E-02
3.63967E+03 2.07093E-02
3.64063E+03 2.19044E-02
3.64160E+03 2.31187E-02
3.64256E+03 2.42851E-02
3.64352E+03 2.55060E-02
3.64449E+03 2.68115E-02
3.64545E+03 2.80157E-02
3.64642E+03 2.90804E-02
3.64738E+03 3.01061E-02
3.64835E+03 3.09794E-02
3.64931E+03 3.17650E-02
3.65028E+03 3.24671E-02
3.65124E+03 3.29636E-02
3.65220E+03 3.33089E-02
3.65317E+03 3.34512E-02
3.65413E+03 3.34096E-02
3.65510E+03 3.32940E-02
3.65606E+03 3.29906E-02
3.65703E+03 3.23736E-02
3.65799E+03 3.15863E-02
3.65896E+03 3.07212E-02
3.65992E+03 2.96922E-02
3.66088E+03 2.86232E-02
3.66185E+03 2.74190E-02
3.66281E+03 2.60510E-02
3.66378E+03 2.46266E-02
3.66474E+03 2.31788E-02
3.66571E+03 2.17793E-02
3.66667E+03 2.03122E-02
3.66764E+03 1.88231E-02
3.66860E+03 1.74120E-02
3.66956E+03 1.59948E-02
3.67053E+03 1.46560E-02
3.67149E+03 1.33702E-02
3.67246E+03 1.21438E-02
3.67342E+03 1.10132E-02
3.67439E+03 9.91423E-03
3.67535E+03 8.91379E-03
3.67631E+03 7.97110E-03
3.67728E+03 7.07189E-03
3.67824E+03 6.25720E-03
3.67921E+03 5.50971E-03
3.68017E+03 4.88026E-03
3.68114E+03 4.31369E-03
3.68210E+03 3.77269E-03
3.68307E+03 3.31620E-03
3.68403E+03 2.96910E-03
3.68499E+03 2.70515E-03
3.68596E+03 2.52151E-03
3.68692E+03 2.49430E-03
3.68789E+03 2.62235E-03
3.68885E+03 2.98063E-03
3.68982E+03 3.50762E-03
3.69078E+03 4.30466E-03
3.69175E+03 5.45742E-03
3.69271E+03 6.96312E-03
3.69367E+03 9.07264E-03
3.69464E+03 1.17523E-02
3.69560E+03 1.50677E-02
3.69657E+03 1.90405E-02
3.69753E+03 2.36459E-02
3.69850E+03 2.85693E-02
3.69946E+03 3.33044E-02
3.70042E+03 3.73423E-02
3.70139E+03 4.00252E-02
3.70235E+03 4.09550E-02
3.70332E+03 4.00894E-02
3.70428E+03 3.76204E-02
3.70525E+03 3.42830E-02
3.70621E+03 3.10279E-02
3.70718E+03 3.07798E-02
3.70814E+03 3.27947E-02
3.70910E+03 2.71149E-02
3.71007E+03 1.65390E-02
3.71103E+03 1.01460E-02
3.71200E+03 6.86470E-03
3.71296E+03 4.99320E-03
3.71393E+03 3.90593E-03
3.71489E+03 3.23899E-03
3.71586E+03 2.74398E-03
3.71682E+03 2.42203E-03
3.71778E+03 2.12296E-03
3.71875E+03 1.84191E-03
3.71971E+03 1.63823E-03
3.72068E+03 1.43149E-03
3.72164E+03 1.25461E-03
3.72261E+03 1.09454E-03
3.72357E+03 9.42282E-04
3.72453E+03 7.97566E-04
3.72550E+03 5.74939E-04
3.72646E+03 3.89364E-04
3.72743E+03 2.37923E-04
3.72839E+03 3.62322E-05
3.72936E+03 -1.33824E-04
3.73032E+03 -2.79561E-04
3.73129E+03 -4.32868E-04
3.73225E+03 -5.40696E-04
3.73321E+03 -7.09817E-04
3.73418E+03 -9.39641E-04
3.73514E+03 -1.09652E-03
3.73611E+03 -1.20932E-03
3.73707E+03 -1.32383E-03
3.73804E+03 -1.43417E-03
3.73900E+03 -1.56530E-03
3.73997E+03 -1.73361E-03
3.74093E+03 -1.89120E-03
3.74189E+03 -2.05940E-03
3.74286E+03 -2.19756E-03
3.74382E+03 -2.23389E-03
3.74479E+03 -2.31865E-03
3.74575E+03 -2.52335E-03
3.74672E+03 -2.64685E-03
3.74768E+03 -2.73124E-03
3.74865E+03 -2.84861E-03
3.74961E+03 -2.93031E-03
3.75057E+03 -3.04036E-03
3.75154E+03 -3.12615E-03
3.75250E+03 -3.20974E-03
3.75347E+03 -3.34806E-03
3.75443E+03 -3.45440E-03
3.75540E+03 -3.45236E-03
3.75636E+03 -3.48992E-03
3.75732E+03 -3.60673E-03
3.75829E+03 -3.62200E-03
3.75925E+03 -3.60896E-03
3.76022E+03 -3.67168E-03
3.76118E+03 -3.73509E-03
3.76215E+03 -3.80870E-03
3.76311E+03 -3.83872E-03
3.76408E+03 -3.85244E-03
3.76504E+03 -3.86224E-03
3.76600E+03 -3.87612E-03
3.76697E+03 -3.90032E-03
3.76793E+03 -3.90518E-03
3.76890E+03 -3.90279E-03
3.76986E+03 -3.88208E-03
3.77083E+03 -3.91444E-03
3.77179E+03 -3.93333E-03
3.77276E+03 -3.94957E-03
3.77372E+03 -3.95952E-03
3.77468E+03 -3.91914E-03
3.77565E+03 -3.94971E-03
3.77661E+03 -3.96239E-03
3.77758E+03 -3.95727E-03
3.77854E+03 -3.99667E-03
3.77951E+03 -4.00550E-03
3.78047E+03 -3.99019E-03
3.78143E+03 -4.00184E-03
3.78240E+03 -4.02469E-03
3.78336E+03 -4.00242E-03
3.78433E+03 -3.99418E-03
3.78529E+03 -4.02865E-03
3.78626E+03 -4.05497E-03
3.78722E+03 -4.07137E-03
3.78819E+03 -4.08707E-03
3.78915E+03 -4.10489E-03
3.79011E+03 -4.14374E-03
3.79108E+03 -4.10745E-03
3.79204E+03 -4.07853E-03
3.79301E+03 -4.11716E-03
3.79397E+03 -4.13312E-03
3.79494E+03 -4.13716E-03
3.79590E+03 -4.12990E-03
3.79687E+03 -4.14535E-03
3.79783E+03 -4.13896E-03
3.79879E+03 -4.09383E-03
3.79976E+03 -4.09563E-03
3.80072E+03 -4.11908E-03
3.80169E+03 -4.11315E-03
3.80265E+03 -4.16803E-03
3.80362E+03 -4.21174E-03
3.80458E+03 -4.21090E-03
3.80554E+03 -4.23692E-03
3.80651E+03 -4.25810E-03
3.80747E+03 -4.28531E-03
3.80844E+03 -4.25070E-03
3.80940E+03 -4.24207E-03
3.81037E+03 -4.28945E-03
3.81133E+03 -4.28822E-03
3.81230E+03 -4.30402E-03
3.81326E+03 -4.32317E-03
3.81422E+03 -4.25709E-03
3.81519E+03 -4.25559E-03
3.81615E+03 -4.27587E-03
3.81712E+03 -4.26505E-03
3.81808E+03 -4.30339E-03
3.81905E+03 -4.29817E-03
3.82001E+03 -4.29285E-03
3.82098E+03 -4.30189E-03
3.82194E+03 -4.30293E-03
3.82290E+03 -4.31939E-03
3.82387E+03 -4.29557E-03
3.82483E+03 -4.28834E-03
3.82580E+03 -4.37186E-03
3.82676E+03 -4.37558E-03
3.82773E+03 -4.31874E-03
3.82869E+03 -4.31840E-03
3.82966E+03 -4.33773E-03
3.83062E+03 -4.30746E-03
3.83158E+03 -4.29041E-03
3.83255E+03 -4.31838E-03
3.83351E+03 -4.34934E-03
3.83448E+03 -4.36097E-03
3.83544E+03 -4.36598E-03
3.83641E+03 -4.39402E-03
3.83737E+03 -4.35090E-03
3.83833E+03 -4.29618E-03
3.83930E+03 -4.31287E-03
3.84026E+03 -4.32724E-03
3.84123E+03 -4.33036E-03
3.84219E+03 -4.38937E-03
3.84316E+03 -4.42236E-03
3.84412E+03 -4.37891E-03
3.84509E+03 -4.36534E-03
3.84605E+03 -4.35078E-03
3.84701E+03 -4.37199E-03
3.84798E+03 -4.34436E-03
3.84894E+03 -4.32801E-03
3.84991E+03 -4.33267E-03
3.85087E+03 -4.30176E-03
3.85184E+03 -4.31840E-03
3.85280E+03 -4.31672E-03
3.85377E+03 -4.29069E-03
3.85473E+03 -4.31529E-03
3.85569E+03 -4.38139E-03
3.85666E+03 -4.37791E-03
3.85762E+03 -4.36208E-03
3.85859E+03 -4.36118E-03
3.85955E+03 -4.37509E-03
3.86052E+03 -4.41083E-03
3.86148E+03 -4.40640E-03
3.86244E+03 -4.36830E-03
3.86341E+03 -4.34247E-03
3.86437E+03 -4.33950E-03
3.86534E+03 -4.35097E-03
3.86630E+03 -4.38438E-03
3.86727E+03 -4.39925E-03
3.86823E+03 -4.38720E-03
3.86920E+03 -4.33419E-03
3.87016E+03 -4.28812E-03
3.87112E+03 -4.35397E-03
3.87209E+03 -4.40793E-03
3.87305E+03 -4.34116E-03
3.87402E+03 -4.32329E-03
3.87498E+03 -4.39893E-03
3.87595E+03 -4.45054E-03
3.87691E+03 -4.49248E-03
3.87788E+03 -4.48430E-03
3.87884E+03 -4.42011E-03
3.87980E+03 -4.42309E-03
3.88077E+03 -4.45180E-03
3.88173E+03 -4.43403E-03
3.88270E+03 -4.45522E-03
3.88366E+03 -4.41916E-03
3.88463E+03 -4.37895E-03
3.88559E+03 -4.37895E-03
3.88655E+03 -4.42572E-03
3.88752E+03 -4.49321E-03
3.88848E+03 -4.43486E-03
3.88945E+03 -4.40949E-03
3.89041E+03 -4.50782E-03
3.89138E+03 -4.52327E-03
3.89234E+03 -4.48200E-03
3.89331E+03 -4.48868E-03
3.89427E+03 -4.48314E-03
3.89523E+03 -4.45676E-03
3.89620E+03 -4.40402E-03
3.89716E+03 -4.42874E-03
3.89813E+03 -4.50965E-03
3.89909E+03 -4.49959E-03
3.90006E+03 -4.46362E-03
3.90102E+03 -4.46276E-03
3.90199E+03 -4.40450E-03
3.90295E+03 -4.38179E-03
3.90391E+03 -4.38989E-03
3.90488E+03 -4.33836E-03
3.90584E+03 -4.37325E-03
3.90681E+03 -4.39360E-03
3.90777E+03 -4.34281E-03
3.90874E+03 -4.38213E-03
3.90970E+03 -4.34871E-03
3.91067E+03 -4.34244E-03
3.91163E+03 -4.44409E-03
3.91259E+03 -4.44115E-03
3.91356E+03 -4.37803E-03
3.91452E+03 -4.36264E-03
3.91549E+03 -4.36583E-03
3.91645E+03 -4.31851E-03
3.91742E+03 -4.29714E-03
3.91838E+03 -4.33591E-03
3.91934E+03 -4.34690E-03
3.92031E+03 -4.29999E-03
3.92127E+03 -4.27672E-03
3.92224E+03 -4.32413E-03
3.92320E+03 -4.37541E-03
3.92417E+03 -4.34763E-03
3.92513E+03 -4.28023E-03
3.92610E+03 -4.24320E-03
3.92706E+03 -4.28531E-03
3.92802E+03 -4.30762E-03
3.92899E+03 -4.27892E-03
3.92995E+03 -4.27667E-03
3.93092E+03 -4.23403E-03
3.93188E+03 -4.18697E-03
3.93285E+03 -4.13867E-03
3.93381E+03 -4.16084E-03
3.93478E+03 -4.20713E-03
3.93574E+03 -4.20208E-03
3.93670E+03 -4.20728E-03
3.93767E+03 -4.18871E-03
3.93863E+03 -4.13249E-03
3.93960E+03 -4.13003E-03
3.94056E+03 -4.15833E-03
3.94153E+03 -4.13450E-03
3.94249E+03 -4.10441E-03
3.94346E+03 -4.10275E-03
3.94442E+03 -4.11943E-03
3.94538E+03 -4.06353E-03
3.94635E+03 -4.06648E-03
3.94731E+03 -4.12105E-03
3.94828E+03 -4.10464E-03
3.94924E+03 -4.07214E-03
3.95021E+03 -4.04518E-03
3.95117E+03 -4.05345E-03
3.95213E+03 -4.07478E-03
3.95310E+03 -4.07510E-03
3.95406E+03 -4.03135E-03
3.95503E+03 -3.95000E-03
3.95599E+03 -3.93328E-03
3.95696E+03 -3.96225E-03
3.95792E+03 -3.95191E-03
3.95889E+03 -3.98199E-03
3.95985E+03 -3.98099E-03
3.96081E+03 -3.96145E-03
3.96178E+03 -3.94439E-03
3.96274E+03 -3.88357E-03
3.96371E+03 -3.89178E-03
3.96467E+03 -3.88399E-03
3.96564E+03 -3.87144E-03
3.96660E+03 -3.90075E-03
3.96757E+03 -3.90359E-03
3.96853E+03 -3.89332E-03
3.96949E+03 -3.90249E-03
3.97046E+03 -3.87587E-03
3.97142E+03 -3.82666E-03
3.97239E+03 -3.80732E-03
3.97335E+03 -3.78206E-03
3.97432E+03 -3.80309E-03
3.97528E+03 -3.86386E-03
3.97624E+03 -3.81912E-03
3.97721E+03 -3.74578E-03
3.97817E+03 -3.76287E-03
3.97914E+03 -3.77122E-03
3.98010E+03 -3.77005E-03
3.98107E+03 -3.72867E-03
3.98203E+03 -3.70096E-03
3.98300E+03 -3.75980E-03
3.98396E+03 -3.80669E-03
3.98492E+03 -3.78856E-03
3.98589E+03 -3.75449E-03
3.98685E+03 -3.78984E-03
3.98782E+03 -3.77448E-03
3.98878E+03 -3.72994E-03
3.98975E+03 -3.66496E-03
3.99071E+03 -3.57703E-03
3.99168E+03 -3.56749E-03
3.99264E+03 -3.56418E-03
3.99360E+03 -3.53365E-03
3.99457E+03 -3.51831E-03
3.99553E+03 -3.53216E-03
3.99650E+03 -3.52848E-03
3.99746E+03 -3.53850E-03
3.99843E+03 -3.52665E-03
3.99939E+03 -3.47960E-03
4.00035E+03 -3.48832E-03
4.00132E+03 -3.48184E-03
