# {"full": "H2O:CH3OH:CO2 (0.9:0.3:1)", "name": "H2O:CH3OH:CO2", "ratio": "(0.9:0.3:1)", "url": "https://icedb.strw.leidenuniv.nl/data/51", "author": "Ehrenfreund et al.", "latex_molname": "$\\ce{H2O}$:$\\ce{CH3OH}$:$\\ce{CO2}$ (0.9:0.3:1)", "temperature": 10.0, "index": 436}
3.99264E+02 1.21565E-02
4.00228E+02 1.44126E-02
4.01193E+02 1.07902E-02
4.02157E+02 9.42269E-03
4.03122E+02 9.53880E-03
4.04086E+02 1.01205E-02
4.05050E+02 1.10926E-02
4.06015E+02 1.11646E-02
4.06979E+02 1.23227E-02
4.07944E+02 1.11503E-02
4.08908E+02 1.09659E-02
4.09872E+02 1.06966E-02
4.10837E+02 9.85360E-03
4.11801E+02 1.11117E-02
4.12766E+02 1.08924E-02
4.13730E+02 1.03881E-02
4.14694E+02 1.10888E-02
4.15659E+02 1.20086E-02
4.16623E+02 1.25562E-02
4.17588E+02 1.36614E-02
4.18552E+02 1.30562E-02
4.19516E+02 1.58502E-02
4.20481E+02 1.38285E-02
4.21445E+02 1.63754E-03
4.22410E+02 4.20928E-03
4.23374E+02 9.74789E-03
4.24339E+02 9.42849E-03
4.25303E+02 1.07766E-02
4.26267E+02 1.12630E-02
4.27232E+02 1.18012E-02
4.28196E+02 1.29960E-02
4.29161E+02 1.33917E-02
4.30125E+02 1.26508E-02
4.31089E+02 1.14099E-02
4.32054E+02 1.05056E-02
4.33018E+02 1.14964E-02
4.33983E+02 1.03061E-02
4.34947E+02 8.80997E-03
4.35911E+02 1.01942E-02
4.36876E+02 1.14660E-02
4.37840E+02 1.05966E-02
4.38805E+02 9.82048E-03
4.39769E+02 9.13569E-03
4.40733E+02 8.40901E-03
4.41698E+02 -3.96504E-03
4.42662E+02 -3.79221E-03
4.43627E+02 1.03261E-02
4.44591E+02 1.12295E-02
4.45555E+02 1.11509E-02
4.46520E+02 1.10636E-02
4.47484E+02 1.06387E-02
4.48449E+02 1.05579E-02
4.49413E+02 9.62669E-03
4.50377E+02 9.57517E-03
4.51342E+02 1.02845E-02
4.52306E+02 1.02511E-02
4.53271E+02 9.95164E-03
4.54235E+02 1.00046E-02
4.55199E+02 9.79871E-03
4.56164E+02 1.06544E-02
4.57128E+02 1.07627E-02
4.58093E+02 9.49223E-03
4.59057E+02 9.46010E-03
4.60022E+02 9.83134E-03
4.60986E+02 9.80841E-03
4.61950E+02 9.76111E-03
4.62915E+02 9.46265E-03
4.63879E+02 9.38518E-03
4.64844E+02 9.45249E-03
4.65808E+02 9.42124E-03
4.66772E+02 9.40357E-03
4.67737E+02 9.37884E-03
4.68701E+02 9.18902E-03
4.69666E+02 8.50493E-03
4.70630E+02 9.25559E-03
4.71594E+02 1.01118E-02
4.72559E+02 9.98865E-03
4.73523E+02 9.99049E-03
4.74488E+02 1.00844E-02
4.75452E+02 1.01125E-02
4.76416E+02 1.00552E-02
4.77381E+02 1.07126E-02
4.78345E+02 1.06637E-02
4.79310E+02 1.05041E-02
4.80274E+02 1.07169E-02
4.81238E+02 1.05892E-02
4.82203E+02 1.05419E-02
4.83167E+02 1.07371E-02
4.84132E+02 1.07157E-02
4.85096E+02 1.06953E-02
4.86060E+02 1.11494E-02
4.87025E+02 1.12213E-02
4.87989E+02 1.11780E-02
4.88954E+02 1.14034E-02
4.89918E+02 1.15214E-02
4.90883E+02 1.15469E-02
4.91847E+02 1.18132E-02
4.92811E+02 1.21265E-02
4.93776E+02 1.22258E-02
4.94740E+02 1.23366E-02
4.95705E+02 1.25937E-02
4.96669E+02 1.30292E-02
4.97633E+02 1.36734E-02
4.98598E+02 1.36809E-02
4.99562E+02 1.33396E-02
5.00527E+02 1.33783E-02
5.01491E+02 1.35816E-02
5.02455E+02 1.38125E-02
5.03420E+02 1.39391E-02
5.04384E+02 1.40057E-02
5.05349E+02 1.41132E-02
5.06313E+02 1.43460E-02
5.07277E+02 1.46437E-02
5.08242E+02 1.48109E-02
5.09206E+02 1.50229E-02
5.10171E+02 1.53038E-02
5.11135E+02 1.54510E-02
5.12099E+02 1.55514E-02
5.13064E+02 1.55906E-02
5.14028E+02 1.57767E-02
5.14993E+02 1.59134E-02
5.15957E+02 1.59202E-02
5.16921E+02 1.59630E-02
5.17886E+02 1.60091E-02
5.18850E+02 1.49482E-02
5.19815E+02 1.59746E-02
5.20779E+02 1.79669E-02
5.21743E+02 1.78633E-02
5.22708E+02 1.79190E-02
5.23672E+02 1.80458E-02
5.24637E+02 1.82064E-02
5.25601E+02 1.82568E-02
5.26565E+02 1.83931E-02
5.27530E+02 1.88347E-02
5.28494E+02 1.90750E-02
5.29459E+02 1.91963E-02
5.30423E+02 1.93969E-02
5.31388E+02 1.95980E-02
5.32352E+02 1.98228E-02
5.33316E+02 1.97895E-02
5.34281E+02 1.99698E-02
5.35245E+02 2.02567E-02
5.36210E+02 2.03376E-02
5.37174E+02 2.07177E-02
5.38138E+02 2.10409E-02
5.39103E+02 2.12789E-02
5.40067E+02 2.16354E-02
5.41032E+02 2.18612E-02
5.41996E+02 2.19772E-02
5.42960E+02 2.21723E-02
5.43925E+02 2.23478E-02
5.44889E+02 2.25896E-02
5.45854E+02 2.28006E-02
5.46818E+02 2.29370E-02
5.47782E+02 2.33334E-02
5.48747E+02 2.37694E-02
5.49711E+02 2.40298E-02
5.50676E+02 2.42933E-02
5.51640E+02 2.45198E-02
5.52604E+02 2.46977E-02
5.53569E+02 2.49576E-02
5.54533E+02 2.50492E-02
5.55498E+02 2.52108E-02
5.56462E+02 2.55062E-02
5.57427E+02 2.58091E-02
5.58391E+02 2.62095E-02
5.59355E+02 2.64869E-02
5.60320E+02 2.66964E-02
5.61284E+02 2.70935E-02
5.62249E+02 2.74815E-02
5.63213E+02 2.77128E-02
5.64177E+02 2.79758E-02
5.65142E+02 2.80845E-02
5.66106E+02 2.83265E-02
5.67071E+02 2.87276E-02
5.68035E+02 2.89873E-02
5.68999E+02 2.92692E-02
5.69964E+02 2.96275E-02
5.70928E+02 2.98685E-02
5.71893E+02 3.01499E-02
5.72857E+02 3.04548E-02
5.73821E+02 3.07032E-02
5.74786E+02 3.05199E-02
5.75750E+02 3.13022E-02
5.76715E+02 3.26154E-02
5.77679E+02 3.27764E-02
5.78643E+02 3.30518E-02
5.79608E+02 3.34281E-02
5.80572E+02 3.37651E-02
5.81537E+02 3.41527E-02
5.82501E+02 3.44391E-02
5.83465E+02 3.47413E-02
5.84430E+02 3.51575E-02
5.85394E+02 3.55706E-02
5.86359E+02 3.60534E-02
5.87323E+02 3.65656E-02
5.88287E+02 3.69980E-02
5.89252E+02 3.74879E-02
5.90216E+02 3.79435E-02
5.91181E+02 3.83644E-02
5.92145E+02 3.89022E-02
5.93109E+02 3.94724E-02
5.94074E+02 4.00677E-02
5.95038E+02 4.06299E-02
5.96003E+02 4.11513E-02
5.96967E+02 4.16916E-02
5.97932E+02 4.22791E-02
5.98896E+02 4.29381E-02
5.99860E+02 4.36045E-02
6.00825E+02 4.42386E-02
6.01789E+02 4.48222E-02
6.02754E+02 4.54783E-02
6.03718E+02 4.61756E-02
6.04682E+02 4.68335E-02
6.05647E+02 4.75577E-02
6.06611E+02 4.84177E-02
6.07576E+02 4.92624E-02
6.08540E+02 5.00763E-02
6.09504E+02 5.09767E-02
6.10469E+02 5.17859E-02
6.11433E+02 5.25950E-02
6.12398E+02 5.34955E-02
6.13362E+02 5.45048E-02
6.14326E+02 5.56097E-02
6.15291E+02 5.66762E-02
6.16255E+02 5.76853E-02
6.17220E+02 5.89098E-02
6.18184E+02 6.03579E-02
6.19148E+02 6.16589E-02
6.20113E+02 6.30711E-02
6.21077E+02 6.46417E-02
6.22042E+02 6.62933E-02
6.23006E+02 6.79849E-02
6.23971E+02 6.96864E-02
6.24935E+02 7.16772E-02
6.25899E+02 7.38663E-02
6.26864E+02 7.61645E-02
6.27828E+02 7.86073E-02
6.28793E+02 8.13390E-02
6.29757E+02 8.41935E-02
6.30721E+02 8.73208E-02
6.31686E+02 9.08201E-02
6.32650E+02 9.42111E-02
6.33615E+02 9.81906E-02
6.34579E+02 1.02838E-01
6.35543E+02 1.07878E-01
6.36508E+02 1.13560E-01
6.37472E+02 1.19890E-01
6.38437E+02 1.26776E-01
6.39401E+02 1.34215E-01
6.40365E+02 1.42276E-01
6.41330E+02 1.50751E-01
6.42294E+02 1.59460E-01
6.43259E+02 1.68440E-01
6.44223E+02 1.77551E-01
6.45187E+02 1.86592E-01
6.46152E+02 1.95477E-01
6.47116E+02 2.04104E-01
6.48081E+02 2.12407E-01
6.49045E+02 2.20405E-01
6.50009E+02 2.28487E-01
6.50974E+02 2.37265E-01
6.51938E+02 2.46782E-01
6.52903E+02 2.56605E-01
6.53867E+02 2.66320E-01
6.54831E+02 2.74359E-01
6.55796E+02 2.79203E-01
6.56760E+02 2.80053E-01
6.57725E+02 2.76654E-01
6.58689E+02 2.69804E-01
6.59654E+02 2.60089E-01
6.60618E+02 2.48069E-01
6.61582E+02 2.34413E-01
6.62547E+02 2.19492E-01
6.63511E+02 2.03644E-01
6.64476E+02 1.87338E-01
6.65440E+02 1.70864E-01
6.66404E+02 1.54536E-01
6.67369E+02 1.38318E-01
6.68333E+02 1.22019E-01
6.69298E+02 1.06209E-01
6.70262E+02 9.10649E-02
6.71226E+02 7.73468E-02
6.72191E+02 6.62674E-02
6.73155E+02 5.82753E-02
6.74120E+02 5.28613E-02
6.75084E+02 4.93545E-02
6.76048E+02 4.72261E-02
6.77013E+02 4.59952E-02
6.77977E+02 4.51672E-02
6.78942E+02 4.45708E-02
6.79906E+02 4.42702E-02
6.80870E+02 4.40854E-02
6.81835E+02 4.40870E-02
6.82799E+02 4.42386E-02
6.83764E+02 4.43912E-02
6.84728E+02 4.45313E-02
6.85692E+02 4.47459E-02
6.86657E+02 4.49478E-02
6.87621E+02 4.51288E-02
6.88586E+02 4.54434E-02
6.89550E+02 4.57638E-02
6.90514E+02 4.61119E-02
6.91479E+02 4.64459E-02
6.92443E+02 4.66894E-02
6.93408E+02 4.69483E-02
6.94372E+02 4.71905E-02
6.95337E+02 4.74226E-02
6.96301E+02 4.77359E-02
6.97265E+02 4.81387E-02
6.98230E+02 4.84692E-02
6.99194E+02 4.86849E-02
7.00159E+02 4.89055E-02
7.01123E+02 4.91876E-02
7.02087E+02 5.04697E-02
7.03052E+02 5.10438E-02
7.04016E+02 5.07372E-02
7.04981E+02 5.09211E-02
7.05945E+02 5.13147E-02
7.06909E+02 5.16337E-02
7.07874E+02 5.22495E-02
7.08838E+02 5.28461E-02
7.09803E+02 5.23232E-02
7.10767E+02 5.23676E-02
7.11731E+02 5.28138E-02
7.12696E+02 5.30138E-02
7.13660E+02 5.33706E-02
7.14625E+02 5.37208E-02
7.15589E+02 5.40538E-02
7.16553E+02 5.43691E-02
7.17518E+02 5.45805E-02
7.18482E+02 5.47613E-02
7.19447E+02 5.49916E-02
7.20411E+02 5.52533E-02
7.21375E+02 5.54981E-02
7.22340E+02 5.57065E-02
7.23304E+02 5.58940E-02
7.24269E+02 5.61162E-02
7.25233E+02 5.63715E-02
7.26198E+02 5.65258E-02
7.27162E+02 5.67496E-02
7.28126E+02 5.69910E-02
7.29091E+02 5.72958E-02
7.30055E+02 5.76270E-02
7.31020E+02 5.76246E-02
7.31984E+02 5.76695E-02
7.32948E+02 5.78482E-02
7.33913E+02 5.80240E-02
7.34877E+02 5.81959E-02
7.35842E+02 5.83359E-02
7.36806E+02 5.85332E-02
7.37770E+02 5.86849E-02
7.38735E+02 5.88381E-02
7.39699E+02 5.90031E-02
7.40664E+02 5.91318E-02
7.41628E+02 5.92666E-02
7.42592E+02 5.94019E-02
7.43557E+02 5.95235E-02
7.44521E+02 5.96302E-02
7.45486E+02 5.97041E-02
7.46450E+02 5.97662E-02
7.47414E+02 5.98515E-02
7.48379E+02 5.99918E-02
7.49343E+02 6.01323E-02
7.50308E+02 6.02453E-02
7.51272E+02 6.03057E-02
7.52236E+02 6.03199E-02
7.53201E+02 6.04053E-02
7.54165E+02 6.03879E-02
7.55130E+02 6.03506E-02
7.56094E+02 6.04018E-02
7.57058E+02 6.03707E-02
7.58023E+02 6.05034E-02
7.58987E+02 6.07197E-02
7.59952E+02 6.07078E-02
7.60916E+02 6.06565E-02
7.61880E+02 6.06582E-02
7.62845E+02 6.06559E-02
7.63809E+02 6.07474E-02
7.64774E+02 6.07849E-02
7.65738E+02 6.06245E-02
7.66703E+02 6.05346E-02
7.67667E+02 6.05299E-02
7.68631E+02 6.05080E-02
7.69596E+02 6.04199E-02
7.70560E+02 6.03763E-02
7.71525E+02 6.04434E-02
7.72489E+02 6.03530E-02
7.73453E+02 6.02292E-02
7.74418E+02 6.01721E-02
7.75382E+02 6.01315E-02
7.76347E+02 6.01357E-02
7.77311E+02 6.00608E-02
7.78275E+02 5.99352E-02
7.79240E+02 5.97534E-02
7.80204E+02 5.95832E-02
7.81169E+02 5.94710E-02
7.82133E+02 5.93765E-02
7.83097E+02 5.92665E-02
7.84062E+02 5.91616E-02
7.85026E+02 5.88669E-02
7.85991E+02 5.85411E-02
7.86955E+02 5.87528E-02
7.87919E+02 5.88222E-02
7.88884E+02 5.85880E-02
7.89848E+02 5.84145E-02
7.90813E+02 5.81793E-02
7.91777E+02 5.79541E-02
7.92742E+02 5.78114E-02
7.93706E+02 5.76290E-02
7.94670E+02 5.74270E-02
7.95635E+02 5.72666E-02
7.96599E+02 5.71122E-02
7.97564E+02 5.68895E-02
7.98528E+02 5.66603E-02
7.99492E+02 5.64672E-02
8.00457E+02 5.62803E-02
8.01421E+02 5.60643E-02
8.02386E+02 5.58180E-02
8.03350E+02 5.55859E-02
8.04314E+02 5.53483E-02
8.05279E+02 5.51450E-02
8.06243E+02 5.49830E-02
8.07208E+02 5.47143E-02
8.08172E+02 5.42455E-02
8.09136E+02 5.39488E-02
8.10101E+02 5.37248E-02
8.11065E+02 5.34863E-02
8.12030E+02 5.32157E-02
8.12994E+02 5.29356E-02
8.13958E+02 5.26216E-02
8.14923E+02 5.22769E-02
8.15887E+02 5.20324E-02
8.16852E+02 5.17242E-02
8.17816E+02 5.14122E-02
8.18780E+02 5.11390E-02
8.19745E+02 5.08542E-02
8.20709E+02 5.04696E-02
8.21674E+02 5.00761E-02
8.22638E+02 4.98320E-02
8.23602E+02 4.95394E-02
8.24567E+02 4.91342E-02
8.25531E+02 4.88203E-02
8.26496E+02 4.84916E-02
8.27460E+02 4.80942E-02
8.28424E+02 4.76882E-02
8.29389E+02 4.73618E-02
8.30353E+02 4.70552E-02
8.31318E+02 4.66961E-02
8.32282E+02 4.63342E-02
8.33247E+02 4.59573E-02
8.34211E+02 4.55656E-02
8.35175E+02 4.51828E-02
8.36140E+02 4.47997E-02
8.37104E+02 4.43905E-02
8.38069E+02 4.40140E-02
8.39033E+02 4.36763E-02
8.39997E+02 4.32982E-02
8.40962E+02 4.27815E-02
8.41926E+02 4.22694E-02
8.42891E+02 4.19866E-02
8.43855E+02 4.17165E-02
8.44819E+02 4.12916E-02
8.45784E+02 4.07958E-02
8.46748E+02 4.04344E-02
8.47713E+02 4.00531E-02
8.48677E+02 3.96377E-02
8.49641E+02 3.92472E-02
8.50606E+02 3.87340E-02
8.51570E+02 3.82822E-02
8.52535E+02 3.78106E-02
8.53499E+02 3.73980E-02
8.54463E+02 3.70697E-02
8.55428E+02 3.67561E-02
8.56392E+02 3.62865E-02
8.57357E+02 3.56614E-02
8.58321E+02 3.52026E-02
8.59286E+02 3.47912E-02
8.60250E+02 3.45218E-02
8.61214E+02 3.41143E-02
8.62179E+02 3.34065E-02
8.63143E+02 3.27736E-02
8.64108E+02 3.26087E-02
8.65072E+02 3.24963E-02
8.66036E+02 3.20448E-02
8.67001E+02 3.16024E-02
8.67965E+02 3.09561E-02
8.68930E+02 3.04866E-02
8.69894E+02 3.01181E-02
8.70858E+02 2.96129E-02
8.71823E+02 2.91931E-02
8.72787E+02 2.87686E-02
8.73752E+02 2.83328E-02
8.74716E+02 2.78874E-02
8.75680E+02 2.74233E-02
8.76645E+02 2.70106E-02
8.77609E+02 2.66170E-02
8.78574E+02 2.61578E-02
8.79538E+02 2.56958E-02
8.80502E+02 2.53155E-02
8.81467E+02 2.49306E-02
8.82431E+02 2.45195E-02
8.83396E+02 2.39938E-02
8.84360E+02 2.33826E-02
8.85324E+02 2.31113E-02
8.86289E+02 2.28325E-02
8.87253E+02 2.23678E-02
8.88218E+02 2.19571E-02
8.89182E+02 2.15765E-02
8.90146E+02 2.11394E-02
8.91111E+02 2.07287E-02
8.92075E+02 2.04068E-02
8.93040E+02 1.99912E-02
8.94004E+02 1.95682E-02
8.94969E+02 1.91648E-02
8.95933E+02 1.87190E-02
8.96897E+02 1.83054E-02
8.97862E+02 1.79355E-02
8.98826E+02 1.75826E-02
8.99791E+02 1.71886E-02
9.00755E+02 1.67340E-02
9.01719E+02 1.63141E-02
9.02684E+02 1.59455E-02
9.03648E+02 1.55263E-02
9.04613E+02 1.50971E-02
9.05577E+02 1.46775E-02
9.06541E+02 1.42919E-02
9.07506E+02 1.39224E-02
9.08470E+02 1.35272E-02
9.09435E+02 1.31362E-02
9.10399E+02 1.27185E-02
9.11363E+02 1.23512E-02
9.12328E+02 1.20035E-02
9.13292E+02 1.15902E-02
9.14257E+02 1.12360E-02
9.15221E+02 1.08543E-02
9.16185E+02 1.04983E-02
9.17150E+02 1.01782E-02
9.18114E+02 9.87422E-03
9.19079E+02 9.57196E-03
9.20043E+02 8.97444E-03
9.21007E+02 8.51260E-03
9.21972E+02 8.17521E-03
9.22936E+02 7.79748E-03
9.23901E+02 7.46449E-03
9.24865E+02 7.09177E-03
9.25829E+02 6.70962E-03
9.26794E+02 6.35108E-03
9.27758E+02 6.05799E-03
9.28723E+02 5.70863E-03
9.29687E+02 5.36649E-03
9.30651E+02 5.00944E-03
9.31616E+02 4.65414E-03
9.32580E+02 4.36408E-03
9.33545E+02 3.87614E-03
9.34509E+02 3.50149E-03
9.35474E+02 3.35796E-03
9.36438E+02 3.01532E-03
9.37402E+02 2.67569E-03
9.38367E+02 2.39106E-03
9.39331E+02 2.14120E-03
9.40296E+02 1.58382E-03
9.41260E+02 8.98600E-04
9.42224E+02 7.44175E-04
9.43189E+02 6.05479E-04
9.44153E+02 2.76439E-04
9.45118E+02 3.11881E-05
9.46082E+02 -2.64775E-04
9.47046E+02 -5.87936E-04
9.48011E+02 -8.51698E-04
9.48975E+02 -1.18925E-03
9.49940E+02 -1.55382E-03
9.50904E+02 -1.86950E-03
9.51868E+02 -2.08974E-03
9.52833E+02 -2.33667E-03
9.53797E+02 -2.61687E-03
9.54762E+02 -2.83676E-03
9.55726E+02 -3.17720E-03
9.56690E+02 -3.50885E-03
9.57655E+02 -3.76367E-03
9.58619E+02 -4.02024E-03
9.59584E+02 -4.24488E-03
9.60548E+02 -4.50297E-03
9.61513E+02 -4.82760E-03
9.62477E+02 -5.13263E-03
9.63441E+02 -5.29608E-03
9.64406E+02 -5.47943E-03
9.65370E+02 -5.73128E-03
9.66335E+02 -5.95079E-03
9.67299E+02 -6.15131E-03
9.68263E+02 -6.37907E-03
9.69228E+02 -6.68014E-03
9.70192E+02 -6.90586E-03
9.71157E+02 -7.08399E-03
9.72121E+02 -7.29688E-03
9.73085E+02 -7.50758E-03
9.74050E+02 -7.68591E-03
9.75014E+02 -7.81447E-03
9.75979E+02 -8.03369E-03
9.76943E+02 -8.20911E-03
9.77907E+02 -8.30441E-03
9.78872E+02 -8.42928E-03
9.79836E+02 -8.51994E-03
9.80801E+02 -8.62442E-03
9.81765E+02 -8.60244E-03
9.82729E+02 -8.52502E-03
9.83694E+02 -8.71632E-03
9.84658E+02 -8.87466E-03
9.85623E+02 -8.85144E-03
9.86587E+02 -8.79589E-03
9.87551E+02 -8.69288E-03
9.88516E+02 -8.50590E-03
9.89480E+02 -8.27427E-03
9.90445E+02 -8.10371E-03
9.91409E+02 -7.73856E-03
9.92373E+02 -7.15309E-03
9.93338E+02 -6.41664E-03
9.94302E+02 -5.51010E-03
9.95267E+02 -4.35906E-03
9.96231E+02 -2.98187E-03
9.97195E+02 -1.31480E-03
9.98160E+02 8.90382E-04
9.99124E+02 3.44932E-03
1.00009E+03 6.33496E-03
1.00105E+03 9.59560E-03
1.00202E+03 1.32639E-02
1.00298E+03 1.72073E-02
1.00395E+03 2.13589E-02
1.00491E+03 2.59313E-02
1.00588E+03 3.06887E-02
1.00684E+03 3.54077E-02
1.00780E+03 4.00487E-02
1.00877E+03 4.46036E-02
1.00973E+03 4.89186E-02
1.01070E+03 5.29682E-02
1.01166E+03 5.66530E-02
1.01263E+03 5.99029E-02
1.01359E+03 6.28029E-02
1.01455E+03 6.51777E-02
1.01552E+03 6.70849E-02
1.01648E+03 6.84600E-02
1.01745E+03 6.93544E-02
1.01841E+03 6.98276E-02
1.01938E+03 6.97183E-02
1.02034E+03 6.91817E-02
1.02131E+03 6.82836E-02
1.02227E+03 6.70739E-02
1.02323E+03 6.55601E-02
1.02420E+03 6.37348E-02
1.02516E+03 6.16306E-02
1.02613E+03 5.93378E-02
1.02709E+03 5.68801E-02
1.02806E+03 5.43009E-02
1.02902E+03 5.15857E-02
1.02999E+03 4.86842E-02
1.03095E+03 4.56898E-02
1.03191E+03 4.26248E-02
1.03288E+03 3.95112E-02
1.03384E+03 3.63012E-02
1.03481E+03 3.30204E-02
1.03577E+03 2.97626E-02
1.03674E+03 2.64482E-02
1.03770E+03 2.31526E-02
1.03866E+03 1.96560E-02
1.03963E+03 1.62809E-02
1.04059E+03 1.34695E-02
1.04156E+03 1.05919E-02
1.04252E+03 7.72789E-03
1.04349E+03 5.09985E-03
1.04445E+03 2.64751E-03
1.04542E+03 4.11835E-04
1.04638E+03 -1.70914E-03
1.04734E+03 -3.63388E-03
1.04831E+03 -5.30760E-03
1.04927E+03 -6.76806E-03
1.05024E+03 -8.08356E-03
1.05120E+03 -9.15442E-03
1.05217E+03 -1.01671E-02
1.05313E+03 -1.11096E-02
1.05410E+03 -1.15467E-02
1.05506E+03 -1.18710E-02
1.05602E+03 -1.21999E-02
1.05699E+03 -1.24097E-02
1.05795E+03 -1.26201E-02
1.05892E+03 -1.27861E-02
1.05988E+03 -1.29383E-02
1.06085E+03 -1.31088E-02
1.06181E+03 -1.31977E-02
1.06278E+03 -1.32351E-02
1.06374E+03 -1.32809E-02
1.06470E+03 -1.33866E-02
1.06567E+03 -1.34505E-02
1.06663E+03 -1.35205E-02
1.06760E+03 -1.35643E-02
1.06856E+03 -1.34938E-02
1.06953E+03 -1.34281E-02
1.07049E+03 -1.34721E-02
1.07145E+03 -1.35114E-02
1.07242E+03 -1.34879E-02
1.07338E+03 -1.34403E-02
1.07435E+03 -1.32454E-02
1.07531E+03 -1.31762E-02
1.07628E+03 -1.32077E-02
1.07724E+03 -1.31871E-02
1.07821E+03 -1.31901E-02
1.07917E+03 -1.31761E-02
1.08013E+03 -1.31834E-02
1.08110E+03 -1.32190E-02
1.08206E+03 -1.32588E-02
1.08303E+03 -1.33566E-02
1.08399E+03 -1.34770E-02
1.08496E+03 -1.35322E-02
1.08592E+03 -1.35999E-02
1.08689E+03 -1.36764E-02
1.08785E+03 -1.36923E-02
1.08881E+03 -1.37529E-02
1.08978E+03 -1.37871E-02
1.09074E+03 -1.37647E-02
1.09171E+03 -1.37483E-02
1.09267E+03 -1.37667E-02
1.09364E+03 -1.37981E-02
1.09460E+03 -1.38160E-02
1.09556E+03 -1.37052E-02
1.09653E+03 -1.34790E-02
1.09749E+03 -1.33009E-02
1.09846E+03 -1.31467E-02
1.09942E+03 -1.29558E-02
1.10039E+03 -1.27613E-02
1.10135E+03 -1.24902E-02
1.10232E+03 -1.20726E-02
1.10328E+03 -1.17076E-02
1.10424E+03 -1.12846E-02
1.10521E+03 -1.07732E-02
1.10617E+03 -1.03072E-02
1.10714E+03 -9.75259E-03
1.10810E+03 -9.10772E-03
1.10907E+03 -8.42111E-03
1.11003E+03 -7.73361E-03
1.11100E+03 -7.04597E-03
1.11196E+03 -6.30487E-03
1.11292E+03 -5.54826E-03
1.11389E+03 -4.85300E-03
1.11485E+03 -4.19052E-03
1.11582E+03 -3.53374E-03
1.11678E+03 -2.96387E-03
1.11775E+03 -2.45050E-03
1.11871E+03 -1.98747E-03
1.11968E+03 -1.66314E-03
1.12064E+03 -1.44313E-03
1.12160E+03 -1.26669E-03
1.12257E+03 -1.21804E-03
1.12353E+03 -1.24478E-03
1.12450E+03 -1.35855E-03
1.12546E+03 -1.62979E-03
1.12643E+03 -2.00000E-03
1.12739E+03 -2.46628E-03
1.12835E+03 -3.03487E-03
1.12932E+03 -3.62235E-03
1.13028E+03 -4.32981E-03
1.13125E+03 -5.18705E-03
1.13221E+03 -6.02562E-03
1.13318E+03 -6.86124E-03
1.13414E+03 -7.70325E-03
1.13511E+03 -8.54410E-03
1.13607E+03 -9.33433E-03
1.13703E+03 -1.00852E-02
1.13800E+03 -1.07783E-02
1.13896E+03 -1.14425E-02
1.13993E+03 -1.20363E-02
1.14089E+03 -1.25340E-02
1.14186E+03 -1.30236E-02
1.14282E+03 -1.34102E-02
1.14379E+03 -1.37116E-02
1.14475E+03 -1.40242E-02
1.14571E+03 -1.42543E-02
1.14668E+03 -1.44109E-02
1.14764E+03 -1.45696E-02
1.14861E+03 -1.46646E-02
1.14957E+03 -1.46992E-02
1.15054E+03 -1.47724E-02
1.15150E+03 -1.47843E-02
1.15246E+03 -1.47621E-02
1.15343E+03 -1.47365E-02
1.15439E+03 -1.46394E-02
1.15536E+03 -1.45161E-02
1.15632E+03 -1.44020E-02
1.15729E+03 -1.42938E-02
1.15825E+03 -1.41631E-02
1.15922E+03 -1.40828E-02
1.16018E+03 -1.39995E-02
1.16114E+03 -1.39384E-02
1.16211E+03 -1.39366E-02
1.16307E+03 -1.39997E-02
1.16404E+03 -1.41046E-02
1.16500E+03 -1.42139E-02
1.16597E+03 -1.43340E-02
1.16693E+03 -1.44695E-02
1.16790E+03 -1.45994E-02
1.16886E+03 -1.47061E-02
1.16982E+03 -1.48224E-02
1.17079E+03 -1.48986E-02
1.17175E+03 -1.48925E-02
1.17272E+03 -1.49871E-02
1.17368E+03 -1.51558E-02
1.17465E+03 -1.52141E-02
1.17561E+03 -1.52610E-02
1.17657E+03 -1.52679E-02
1.17754E+03 -1.52563E-02
1.17850E+03 -1.52662E-02
1.17947E+03 -1.52986E-02
1.18043E+03 -1.52962E-02
1.18140E+03 -1.52547E-02
1.18236E+03 -1.52712E-02
1.18333E+03 -1.52931E-02
1.18429E+03 -1.53184E-02
1.18525E+03 -1.53034E-02
1.18622E+03 -1.53349E-02
1.18718E+03 -1.53924E-02
1.18815E+03 -1.53666E-02
1.18911E+03 -1.53401E-02
1.19008E+03 -1.53612E-02
1.19104E+03 -1.53958E-02
1.19201E+03 -1.54119E-02
1.19297E+03 -1.54083E-02
1.19393E+03 -1.54036E-02
1.19490E+03 -1.54160E-02
1.19586E+03 -1.54140E-02
1.19683E+03 -1.54049E-02
1.19779E+03 -1.53974E-02
1.19876E+03 -1.53817E-02
1.19972E+03 -1.53585E-02
1.20069E+03 -1.53651E-02
1.20165E+03 -1.53857E-02
1.20261E+03 -1.53937E-02
1.20358E+03 -1.53893E-02
1.20454E+03 -1.53903E-02
1.20551E+03 -1.54053E-02
1.20647E+03 -1.53830E-02
1.20744E+03 -1.53476E-02
1.20840E+03 -1.53447E-02
1.20936E+03 -1.53205E-02
1.21033E+03 -1.53362E-02
1.21129E+03 -1.53395E-02
1.21226E+03 -1.53359E-02
1.21322E+03 -1.53648E-02
1.21419E+03 -1.53793E-02
1.21515E+03 -1.53914E-02
1.21612E+03 -1.53783E-02
1.21708E+03 -1.53679E-02
1.21804E+03 -1.53725E-02
1.21901E+03 -1.53812E-02
1.21997E+03 -1.53650E-02
1.22094E+03 -1.53348E-02
1.22190E+03 -1.53042E-02
1.22287E+03 -1.53013E-02
1.22383E+03 -1.52910E-02
1.22480E+03 -1.53037E-02
1.22576E+03 -1.53342E-02
1.22672E+03 -1.52989E-02
1.22769E+03 -1.52705E-02
1.22865E+03 -1.52155E-02
1.22962E+03 -1.52006E-02
1.23058E+03 -1.52200E-02
1.23155E+03 -1.52502E-02
1.23251E+03 -1.52419E-02
1.23347E+03 -1.52948E-02
1.23444E+03 -1.53837E-02
1.23540E+03 -1.52792E-02
1.23637E+03 -1.51937E-02
1.23733E+03 -1.52021E-02
1.23830E+03 -1.52028E-02
1.23926E+03 -1.51879E-02
1.24023E+03 -1.51937E-02
1.24119E+03 -1.52278E-02
1.24215E+03 -1.52478E-02
1.24312E+03 -1.52019E-02
1.24408E+03 -1.51942E-02
1.24505E+03 -1.51740E-02
1.24601E+03 -1.51152E-02
1.24698E+03 -1.51360E-02
1.24794E+03 -1.51502E-02
1.24891E+03 -1.51252E-02
1.24987E+03 -1.51145E-02
1.25083E+03 -1.51216E-02
1.25180E+03 -1.51102E-02
1.25276E+03 -1.50977E-02
1.25373E+03 -1.50852E-02
1.25469E+03 -1.50510E-02
1.25566E+03 -1.50636E-02
1.25662E+03 -1.50638E-02
1.25759E+03 -1.50114E-02
1.25855E+03 -1.49866E-02
1.25951E+03 -1.50005E-02
1.26048E+03 -1.49861E-02
1.26144E+03 -1.49421E-02
1.26241E+03 -1.49335E-02
1.26337E+03 -1.49313E-02
1.26434E+03 -1.48756E-02
1.26530E+03 -1.48416E-02
1.26626E+03 -1.48395E-02
1.26723E+03 -1.48072E-02
1.26819E+03 -1.47589E-02
1.26916E+03 -1.47129E-02
1.27012E+03 -1.46850E-02
1.27109E+03 -1.46676E-02
1.27205E+03 -1.46054E-02
1.27302E+03 -1.45421E-02
1.27398E+03 -1.45160E-02
1.27494E+03 -1.44755E-02
1.27591E+03 -1.44544E-02
1.27687E+03 -1.44841E-02
1.27784E+03 -1.45625E-02
1.27880E+03 -1.46017E-02
1.27977E+03 -1.46071E-02
1.28073E+03 -1.46452E-02
1.28170E+03 -1.46704E-02
1.28266E+03 -1.46819E-02
1.28362E+03 -1.46889E-02
1.28459E+03 -1.46547E-02
1.28555E+03 -1.46304E-02
1.28652E+03 -1.46308E-02
1.28748E+03 -1.46233E-02
1.28845E+03 -1.46338E-02
1.28941E+03 -1.46355E-02
1.29037E+03 -1.46162E-02
1.29134E+03 -1.45983E-02
1.29230E+03 -1.45745E-02
1.29327E+03 -1.45470E-02
1.29423E+03 -1.45230E-02
1.29520E+03 -1.45090E-02
1.29616E+03 -1.45159E-02
1.29713E+03 -1.45015E-02
1.29809E+03 -1.44690E-02
1.29905E+03 -1.44506E-02
1.30002E+03 -1.44547E-02
1.30098E+03 -1.44526E-02
1.30195E+03 -1.44172E-02
1.30291E+03 -1.43982E-02
1.30388E+03 -1.43822E-02
1.30484E+03 -1.43630E-02
1.30581E+03 -1.43781E-02
1.30677E+03 -1.43394E-02
1.30773E+03 -1.42891E-02
1.30870E+03 -1.42597E-02
1.30966E+03 -1.42263E-02
1.31063E+03 -1.42091E-02
1.31159E+03 -1.41910E-02
1.31256E+03 -1.41544E-02
1.31352E+03 -1.41308E-02
1.31448E+03 -1.41418E-02
1.31545E+03 -1.41220E-02
1.31641E+03 -1.41191E-02
1.31738E+03 -1.40959E-02
1.31834E+03 -1.40820E-02
1.31931E+03 -1.40875E-02
1.32027E+03 -1.40390E-02
1.32124E+03 -1.40337E-02
1.32220E+03 -1.40618E-02
1.32316E+03 -1.40383E-02
1.32413E+03 -1.40135E-02
1.32509E+03 -1.39973E-02
1.32606E+03 -1.39620E-02
1.32702E+03 -1.39129E-02
1.32799E+03 -1.38751E-02
1.32895E+03 -1.38473E-02
1.32992E+03 -1.37800E-02
1.33088E+03 -1.36959E-02
1.33184E+03 -1.36577E-02
1.33281E+03 -1.35991E-02
1.33377E+03 -1.35300E-02
1.33474E+03 -1.34646E-02
1.33570E+03 -1.33342E-02
1.33667E+03 -1.32207E-02
1.33763E+03 -1.31068E-02
1.33860E+03 -1.29627E-02
1.33956E+03 -1.28540E-02
1.34052E+03 -1.27534E-02
1.34149E+03 -1.26523E-02
1.34245E+03 -1.25941E-02
1.34342E+03 -1.25436E-02
1.34438E+03 -1.24819E-02
1.34535E+03 -1.24492E-02
1.34631E+03 -1.24363E-02
1.34727E+03 -1.24248E-02
1.34824E+03 -1.24050E-02
1.34920E+03 -1.23983E-02
1.35017E+03 -1.24321E-02
1.35113E+03 -1.24743E-02
1.35210E+03 -1.25072E-02
1.35306E+03 -1.25407E-02
1.35403E+03 -1.25698E-02
1.35499E+03 -1.26067E-02
1.35595E+03 -1.26183E-02
1.35692E+03 -1.26069E-02
1.35788E+03 -1.26368E-02
1.35885E+03 -1.26387E-02
1.35981E+03 -1.26005E-02
1.36078E+03 -1.25842E-02
1.36174E+03 -1.25211E-02
1.36271E+03 -1.24375E-02
1.36367E+03 -1.23838E-02
1.36463E+03 -1.23091E-02
1.36560E+03 -1.22113E-02
1.36656E+03 -1.21346E-02
1.36753E+03 -1.20482E-02
1.36849E+03 -1.19493E-02
1.36946E+03 -1.18843E-02
1.37042E+03 -1.17883E-02
1.37138E+03 -1.16473E-02
1.37235E+03 -1.14899E-02
1.37331E+03 -1.13175E-02
1.37428E+03 -1.11369E-02
1.37524E+03 -1.09326E-02
1.37621E+03 -1.06548E-02
1.37717E+03 -1.03164E-02
1.37814E+03 -9.93378E-03
1.37910E+03 -9.44588E-03
1.38006E+03 -8.88714E-03
1.38103E+03 -8.28944E-03
1.38199E+03 -7.78867E-03
1.38296E+03 -7.64745E-03
1.38392E+03 -7.85059E-03
1.38489E+03 -8.23564E-03
1.38585E+03 -8.53080E-03
1.38682E+03 -8.58112E-03
1.38778E+03 -8.49939E-03
1.38874E+03 -8.32941E-03
1.38971E+03 -8.08069E-03
1.39067E+03 -7.83540E-03
1.39164E+03 -7.59542E-03
1.39260E+03 -7.33554E-03
1.39357E+03 -7.05110E-03
1.39453E+03 -6.74667E-03
1.39550E+03 -6.43398E-03
1.39646E+03 -6.11613E-03
1.39742E+03 -5.80217E-03
1.39839E+03 -5.47950E-03
1.39935E+03 -5.13039E-03
1.40032E+03 -4.76161E-03
1.40128E+03 -4.41448E-03
1.40225E+03 -4.07343E-03
1.40321E+03 -3.72690E-03
1.40417E+03 -3.46296E-03
1.40514E+03 -3.18168E-03
1.40610E+03 -2.82366E-03
1.40707E+03 -2.47465E-03
1.40803E+03 -2.14273E-03
1.40900E+03 -1.82953E-03
1.40996E+03 -1.51363E-03
1.41093E+03 -1.21235E-03
1.41189E+03 -9.60108E-04
1.41285E+03 -7.24107E-04
1.41382E+03 -4.84362E-04
1.41478E+03 -2.84947E-04
1.41575E+03 -1.04029E-04
1.41671E+03 7.22557E-05
1.41768E+03 2.12274E-04
1.41864E+03 3.03060E-04
1.41961E+03 3.88615E-04
1.42057E+03 5.00876E-04
1.42153E+03 5.67988E-04
1.42250E+03 5.73009E-04
1.42346E+03 5.67388E-04
1.42443E+03 5.28932E-04
1.42539E+03 4.64819E-04
1.42636E+03 3.49607E-04
1.42732E+03 2.01959E-04
1.42828E+03 5.15357E-05
1.42925E+03 -1.78736E-04
1.43021E+03 -4.30956E-04
1.43118E+03 -6.81542E-04
1.43214E+03 -9.72454E-04
1.43311E+03 -1.26444E-03
1.43407E+03 -1.60180E-03
1.43504E+03 -1.99510E-03
1.43600E+03 -2.38204E-03
1.43696E+03 -2.75016E-03
1.43793E+03 -3.09175E-03
1.43889E+03 -3.34440E-03
1.43986E+03 -3.55395E-03
1.44082E+03 -3.63722E-03
1.44179E+03 -3.48905E-03
1.44275E+03 -3.15746E-03
1.44372E+03 -2.64006E-03
1.44468E+03 -2.00436E-03
1.44564E+03 -1.34226E-03
1.44661E+03 -6.84507E-04
1.44757E+03 -7.36639E-05
1.44854E+03 3.58269E-04
1.44950E+03 5.51499E-04
1.45047E+03 5.33253E-04
1.45143E+03 2.84221E-04
1.45240E+03 -1.46449E-04
1.45336E+03 -6.25871E-04
1.45432E+03 -1.10985E-03
1.45529E+03 -1.51605E-03
1.45625E+03 -1.68967E-03
1.45722E+03 -1.48661E-03
1.45818E+03 -8.62662E-04
1.45915E+03 1.24123E-04
1.46011E+03 1.34449E-03
1.46107E+03 2.61761E-03
1.46204E+03 3.81990E-03
1.46300E+03 4.76686E-03
1.46397E+03 5.33524E-03
1.46493E+03 5.46380E-03
1.46590E+03 5.11942E-03
1.46686E+03 4.38103E-03
1.46783E+03 3.36703E-03
1.46879E+03 2.29090E-03
1.46975E+03 1.45213E-03
1.47072E+03 1.11721E-03
1.47168E+03 1.44076E-03
1.47265E+03 2.45656E-03
1.47361E+03 4.00227E-03
1.47458E+03 5.78798E-03
1.47554E+03 7.42815E-03
1.47651E+03 8.66067E-03
1.47747E+03 9.37678E-03
1.47843E+03 9.52822E-03
1.47940E+03 9.13179E-03
1.48036E+03 8.29058E-03
1.48133E+03 7.09872E-03
1.48229E+03 5.70029E-03
1.48326E+03 4.20813E-03
1.48422E+03 2.61059E-03
1.48518E+03 1.00530E-03
1.48615E+03 -5.48501E-04
1.48711E+03 -1.99011E-03
1.48808E+03 -3.29348E-03
1.48904E+03 -4.47546E-03
1.49001E+03 -5.50548E-03
1.49097E+03 -6.38636E-03
1.49194E+03 -7.10896E-03
1.49290E+03 -7.72431E-03
1.49386E+03 -8.26751E-03
1.49483E+03 -8.66671E-03
1.49579E+03 -9.00885E-03
1.49676E+03 -9.32547E-03
1.49772E+03 -9.56320E-03
1.49869E+03 -9.71621E-03
1.49965E+03 -9.85755E-03
1.50062E+03 -1.00218E-02
1.50158E+03 -1.01202E-02
1.50254E+03 -1.02116E-02
1.50351E+03 -1.02642E-02
1.50447E+03 -1.02948E-02
1.50544E+03 -1.03638E-02
1.50640E+03 -1.04053E-02
1.50737E+03 -1.04403E-02
1.50833E+03 -1.04566E-02
1.50929E+03 -1.04523E-02
1.51026E+03 -1.04348E-02
1.51122E+03 -1.04344E-02
1.51219E+03 -1.04833E-02
1.51315E+03 -1.04761E-02
1.51412E+03 -1.04511E-02
1.51508E+03 -1.04604E-02
1.51605E+03 -1.04367E-02
1.51701E+03 -1.04195E-02
1.51797E+03 -1.03963E-02
1.51894E+03 -1.03636E-02
1.51990E+03 -1.03693E-02
1.52087E+03 -1.03755E-02
1.52183E+03 -1.03432E-02
1.52280E+03 -1.02843E-02
1.52376E+03 -1.02290E-02
1.52473E+03 -1.02158E-02
1.52569E+03 -1.01936E-02
1.52665E+03 -1.01622E-02
1.52762E+03 -1.01361E-02
1.52858E+03 -1.00807E-02
1.52955E+03 -1.00481E-02
1.53051E+03 -1.00125E-02
1.53148E+03 -9.98394E-03
1.53244E+03 -9.94527E-03
1.53341E+03 -9.93081E-03
1.53437E+03 -9.93888E-03
1.53533E+03 -9.88993E-03
1.53630E+03 -9.84211E-03
1.53726E+03 -9.81067E-03
1.53823E+03 -9.81140E-03
1.53919E+03 -9.78493E-03
1.54016E+03 -9.74479E-03
1.54112E+03 -9.70253E-03
1.54208E+03 -9.66830E-03
1.54305E+03 -9.61723E-03
1.54401E+03 -9.54986E-03
1.54498E+03 -9.53034E-03
1.54594E+03 -9.48387E-03
1.54691E+03 -9.43667E-03
1.54787E+03 -9.41226E-03
1.54884E+03 -9.39001E-03
1.54980E+03 -9.34382E-03
1.55076E+03 -9.30471E-03
1.55173E+03 -9.26995E-03
1.55269E+03 -9.24247E-03
1.55366E+03 -9.21201E-03
1.55462E+03 -9.13768E-03
1.55559E+03 -9.07573E-03
1.55655E+03 -9.01308E-03
1.55752E+03 -8.99632E-03
1.55848E+03 -8.98216E-03
1.55944E+03 -8.95981E-03
1.56041E+03 -8.92796E-03
1.56137E+03 -8.82592E-03
1.56234E+03 -8.78635E-03
1.56330E+03 -8.76537E-03
1.56427E+03 -8.71621E-03
1.56523E+03 -8.66358E-03
1.56619E+03 -8.60296E-03
1.56716E+03 -8.56566E-03
1.56812E+03 -8.51009E-03
1.56909E+03 -8.43326E-03
1.57005E+03 -8.37919E-03
1.57102E+03 -8.31673E-03
1.57198E+03 -8.27198E-03
1.57295E+03 -8.21755E-03
1.57391E+03 -8.12340E-03
1.57487E+03 -8.07915E-03
1.57584E+03 -8.04152E-03
1.57680E+03 -7.93862E-03
1.57777E+03 -7.85410E-03
1.57873E+03 -7.80001E-03
1.57970E+03 -7.72208E-03
1.58066E+03 -7.62253E-03
1.58163E+03 -7.52133E-03
1.58259E+03 -7.40767E-03
1.58355E+03 -7.27300E-03
1.58452E+03 -7.18677E-03
1.58548E+03 -7.09581E-03
1.58645E+03 -6.94495E-03
1.58741E+03 -6.76076E-03
1.58838E+03 -6.59072E-03
1.58934E+03 -6.43277E-03
1.59031E+03 -6.23327E-03
1.59127E+03 -6.01886E-03
1.59223E+03 -5.79601E-03
1.59320E+03 -5.53903E-03
1.59416E+03 -5.23261E-03
1.59513E+03 -4.89946E-03
1.59609E+03 -4.54072E-03
1.59706E+03 -4.13766E-03
1.59802E+03 -3.69717E-03
1.59898E+03 -3.23677E-03
1.59995E+03 -2.74062E-03
1.60091E+03 -2.22951E-03
1.60188E+03 -1.68412E-03
1.60284E+03 -1.09125E-03
1.60381E+03 -4.70720E-04
1.60477E+03 1.56090E-04
1.60574E+03 7.64880E-04
1.60670E+03 1.40391E-03
1.60766E+03 2.05367E-03
1.60863E+03 2.70543E-03
1.60959E+03 3.36167E-03
1.61056E+03 4.00122E-03
1.61152E+03 4.66045E-03
1.61249E+03 5.35673E-03
1.61345E+03 6.04245E-03
1.61442E+03 6.72876E-03
1.61538E+03 7.42890E-03
1.61634E+03 8.14469E-03
1.61731E+03 8.95427E-03
1.61827E+03 9.81727E-03
1.61924E+03 1.07138E-02
1.62020E+03 1.16713E-02
1.62117E+03 1.26687E-02
1.62213E+03 1.37250E-02
1.62309E+03 1.48182E-02
1.62406E+03 1.59798E-02
1.62502E+03 1.72092E-02
1.62599E+03 1.84756E-02
1.62695E+03 1.97610E-02
1.62792E+03 2.10723E-02
1.62888E+03 2.24157E-02
1.62985E+03 2.37259E-02
1.63081E+03 2.50118E-02
1.63177E+03 2.62626E-02
1.63274E+03 2.74556E-02
1.63370E+03 2.86366E-02
1.63467E+03 2.97078E-02
1.63563E+03 3.06562E-02
1.63660E+03 3.15860E-02
1.63756E+03 3.24208E-02
1.63853E+03 3.31360E-02
1.63949E+03 3.37696E-02
1.64045E+03 3.42926E-02
1.64142E+03 3.47263E-02
1.64238E+03 3.50720E-02
1.64335E+03 3.52815E-02
1.64431E+03 3.53853E-02
1.64528E+03 3.53957E-02
1.64624E+03 3.53136E-02
1.64720E+03 3.51617E-02
1.64817E+03 3.49204E-02
1.64913E+03 3.46036E-02
1.65010E+03 3.42077E-02
1.65106E+03 3.37655E-02
1.65203E+03 3.32432E-02
1.65299E+03 3.26541E-02
1.65396E+03 3.20749E-02
1.65492E+03 3.14372E-02
1.65588E+03 3.07606E-02
1.65685E+03 3.00545E-02
1.65781E+03 2.93679E-02
1.65878E+03 2.86779E-02
1.65974E+03 2.79501E-02
1.66071E+03 2.72340E-02
1.66167E+03 2.65093E-02
1.66264E+03 2.57909E-02
1.66360E+03 2.51003E-02
1.66456E+03 2.44528E-02
1.66553E+03 2.37915E-02
1.66649E+03 2.31032E-02
1.66746E+03 2.24847E-02
1.66842E+03 2.18723E-02
1.66939E+03 2.12363E-02
1.67035E+03 2.06591E-02
1.67132E+03 2.00682E-02
1.67228E+03 1.94883E-02
1.67324E+03 1.89525E-02
1.67421E+03 1.84188E-02
1.67517E+03 1.78712E-02
1.67614E+03 1.73200E-02
1.67710E+03 1.67844E-02
1.67807E+03 1.62380E-02
1.67903E+03 1.57036E-02
1.67999E+03 1.51607E-02
1.68096E+03 1.46146E-02
1.68192E+03 1.40523E-02
1.68289E+03 1.34602E-02
1.68385E+03 1.28952E-02
1.68482E+03 1.23172E-02
1.68578E+03 1.17481E-02
1.68675E+03 1.11750E-02
1.68771E+03 1.05680E-02
1.68867E+03 9.94537E-03
1.68964E+03 9.32198E-03
1.69060E+03 8.68462E-03
1.69157E+03 8.04093E-03
1.69253E+03 7.43074E-03
1.69350E+03 6.82035E-03
1.69446E+03 6.17003E-03
1.69543E+03 5.45741E-03
1.69639E+03 4.79336E-03
1.69735E+03 4.17687E-03
1.69832E+03 3.53592E-03
1.69928E+03 2.89873E-03
1.70025E+03 2.23376E-03
1.70121E+03 1.59360E-03
1.70218E+03 9.90026E-04
1.70314E+03 3.63428E-04
1.70410E+03 -2.73127E-04
1.70507E+03 -8.87904E-04
1.70603E+03 -1.48845E-03
1.70700E+03 -2.07784E-03
1.70796E+03 -2.65339E-03
1.70893E+03 -3.23192E-03
1.70989E+03 -3.80047E-03
1.71086E+03 -4.33770E-03
1.71182E+03 -4.84861E-03
1.71278E+03 -5.38923E-03
1.71375E+03 -5.91106E-03
1.71471E+03 -6.39936E-03
1.71568E+03 -6.89498E-03
1.71664E+03 -7.36666E-03
1.71761E+03 -7.82606E-03
1.71857E+03 -8.25593E-03
1.71954E+03 -8.67796E-03
1.72050E+03 -9.09349E-03
1.72146E+03 -9.48517E-03
1.72243E+03 -9.86865E-03
1.72339E+03 -1.02384E-02
1.72436E+03 -1.05889E-02
1.72532E+03 -1.09409E-02
1.72629E+03 -1.12910E-02
1.72725E+03 -1.16241E-02
1.72822E+03 -1.19445E-02
1.72918E+03 -1.22233E-02
1.73014E+03 -1.25052E-02
1.73111E+03 -1.27895E-02
1.73207E+03 -1.30742E-02
1.73304E+03 -1.33605E-02
1.73400E+03 -1.36155E-02
1.73497E+03 -1.38554E-02
1.73593E+03 -1.40824E-02
1.73689E+03 -1.42932E-02
1.73786E+03 -1.45197E-02
1.73882E+03 -1.47492E-02
1.73979E+03 -1.49431E-02
1.74075E+03 -1.51291E-02
1.74172E+03 -1.53335E-02
1.74268E+03 -1.55165E-02
1.74365E+03 -1.56911E-02
1.74461E+03 -1.58763E-02
1.74557E+03 -1.60436E-02
1.74654E+03 -1.61997E-02
1.74750E+03 -1.63430E-02
1.74847E+03 -1.64514E-02
1.74943E+03 -1.65583E-02
1.75040E+03 -1.67111E-02
1.75136E+03 -1.68786E-02
1.75233E+03 -1.70019E-02
1.75329E+03 -1.71145E-02
1.75425E+03 -1.72048E-02
1.75522E+03 -1.73150E-02
1.75618E+03 -1.74597E-02
1.75715E+03 -1.75761E-02
1.75811E+03 -1.76717E-02
1.75908E+03 -1.77515E-02
1.76004E+03 -1.78333E-02
1.76100E+03 -1.79150E-02
1.76197E+03 -1.80006E-02
1.76293E+03 -1.80947E-02
1.76390E+03 -1.81961E-02
1.76486E+03 -1.82691E-02
1.76583E+03 -1.83240E-02
1.76679E+03 -1.83912E-02
1.76776E+03 -1.84664E-02
1.76872E+03 -1.85125E-02
1.76968E+03 -1.85433E-02
1.77065E+03 -1.86147E-02
1.77161E+03 -1.86938E-02
1.77258E+03 -1.87604E-02
1.77354E+03 -1.88049E-02
1.77451E+03 -1.88491E-02
1.77547E+03 -1.89068E-02
1.77644E+03 -1.89533E-02
1.77740E+03 -1.89948E-02
1.77836E+03 -1.90415E-02
1.77933E+03 -1.90825E-02
1.78029E+03 -1.91152E-02
1.78126E+03 -1.91633E-02
1.78222E+03 -1.91827E-02
1.78319E+03 -1.92187E-02
1.78415E+03 -1.92953E-02
1.78511E+03 -1.93436E-02
1.78608E+03 -1.93678E-02
1.78704E+03 -1.93786E-02
1.78801E+03 -1.94028E-02
1.78897E+03 -1.94447E-02
1.78994E+03 -1.94683E-02
1.79090E+03 -1.94688E-02
1.79187E+03 -1.95108E-02
1.79283E+03 -1.95751E-02
1.79379E+03 -1.95853E-02
1.79476E+03 -1.96076E-02
1.79572E+03 -1.96306E-02
1.79669E+03 -1.96582E-02
1.79765E+03 -1.97032E-02
1.79862E+03 -1.97286E-02
1.79958E+03 -1.97521E-02
1.80055E+03 -1.97718E-02
1.80151E+03 -1.98015E-02
1.80247E+03 -1.98370E-02
1.80344E+03 -1.98337E-02
1.80440E+03 -1.98371E-02
1.80537E+03 -1.98620E-02
1.80633E+03 -1.98776E-02
1.80730E+03 -1.99058E-02
1.80826E+03 -1.99294E-02
1.80923E+03 -1.99581E-02
1.81019E+03 -2.00076E-02
1.81115E+03 -2.00160E-02
1.81212E+03 -2.00021E-02
1.81308E+03 -2.00327E-02
1.81405E+03 -2.00465E-02
1.81501E+03 -2.00498E-02
1.81598E+03 -2.00699E-02
1.81694E+03 -2.01021E-02
1.81790E+03 -2.01357E-02
1.81887E+03 -2.01511E-02
1.81983E+03 -2.01615E-02
1.82080E+03 -2.01674E-02
1.82176E+03 -2.01807E-02
1.82273E+03 -2.02005E-02
1.82369E+03 -2.02001E-02
1.82466E+03 -2.02065E-02
1.82562E+03 -2.02155E-02
1.82658E+03 -2.02186E-02
1.82755E+03 -2.02292E-02
1.82851E+03 -2.02465E-02
1.82948E+03 -2.02663E-02
1.83044E+03 -2.02644E-02
1.83141E+03 -2.02666E-02
1.83237E+03 -2.02840E-02
1.83334E+03 -2.02750E-02
1.83430E+03 -2.02775E-02
1.83526E+03 -2.02916E-02
1.83623E+03 -2.02935E-02
1.83719E+03 -2.02889E-02
1.83816E+03 -2.02861E-02
1.83912E+03 -2.03078E-02
1.84009E+03 -2.03001E-02
1.84105E+03 -2.02976E-02
1.84201E+03 -2.03146E-02
1.84298E+03 -2.03108E-02
1.84394E+03 -2.03125E-02
1.84491E+03 -2.03089E-02
1.84587E+03 -2.03155E-02
1.84684E+03 -2.03461E-02
1.84780E+03 -2.03426E-02
1.84877E+03 -2.03261E-02
1.84973E+03 -2.03322E-02
1.85069E+03 -2.03483E-02
1.85166E+03 -2.03646E-02
1.85262E+03 -2.03634E-02
1.85359E+03 -2.03643E-02
1.85455E+03 -2.03594E-02
1.85552E+03 -2.03244E-02
1.85648E+03 -2.03051E-02
1.85745E+03 -2.03333E-02
1.85841E+03 -2.03323E-02
1.85937E+03 -2.03040E-02
1.86034E+03 -2.02766E-02
1.86130E+03 -2.02823E-02
1.86227E+03 -2.02912E-02
1.86323E+03 -2.02727E-02
1.86420E+03 -2.02662E-02
1.86516E+03 -2.02528E-02
1.86612E+03 -2.02356E-02
1.86709E+03 -2.02381E-02
1.86805E+03 -2.02417E-02
1.86902E+03 -2.02433E-02
1.86998E+03 -2.02383E-02
1.87095E+03 -2.02218E-02
1.87191E+03 -2.02102E-02
1.87288E+03 -2.02066E-02
1.87384E+03 -2.01963E-02
1.87480E+03 -2.01884E-02
1.87577E+03 -2.01928E-02
1.87673E+03 -2.01670E-02
1.87770E+03 -2.01527E-02
1.87866E+03 -2.01295E-02
1.87963E+03 -2.01115E-02
1.88059E+03 -2.01347E-02
1.88156E+03 -2.01315E-02
1.88252E+03 -2.00946E-02
1.88348E+03 -2.00940E-02
1.88445E+03 -2.00959E-02
1.88541E+03 -2.00655E-02
1.88638E+03 -2.00457E-02
1.88734E+03 -2.00221E-02
1.88831E+03 -2.00266E-02
1.88927E+03 -2.00320E-02
1.89024E+03 -2.00070E-02
1.89120E+03 -2.00056E-02
1.89216E+03 -1.99827E-02
1.89313E+03 -1.99579E-02
1.89409E+03 -1.99442E-02
1.89506E+03 -1.99354E-02
1.89602E+03 -1.99434E-02
1.89699E+03 -1.99370E-02
1.89795E+03 -1.99153E-02
1.89891E+03 -1.98876E-02
1.89988E+03 -1.98776E-02
1.90084E+03 -1.98804E-02
1.90181E+03 -1.98676E-02
1.90277E+03 -1.98573E-02
1.90374E+03 -1.98600E-02
1.90470E+03 -1.98576E-02
1.90567E+03 -1.98308E-02
1.90663E+03 -1.97948E-02
1.90759E+03 -1.97868E-02
1.90856E+03 -1.97748E-02
1.90952E+03 -1.97702E-02
1.91049E+03 -1.97643E-02
1.91145E+03 -1.97650E-02
1.91242E+03 -1.97479E-02
1.91338E+03 -1.97082E-02
1.91435E+03 -1.97054E-02
1.91531E+03 -1.96884E-02
1.91627E+03 -1.96658E-02
1.91724E+03 -1.96556E-02
1.91820E+03 -1.96312E-02
1.91917E+03 -1.96133E-02
1.92013E+03 -1.95934E-02
1.92110E+03 -1.95730E-02
1.92206E+03 -1.95687E-02
1.92303E+03 -1.95366E-02
1.92399E+03 -1.95117E-02
1.92495E+03 -1.95004E-02
1.92592E+03 -1.94721E-02
1.92688E+03 -1.94710E-02
1.92785E+03 -1.94509E-02
1.92881E+03 -1.94265E-02
1.92978E+03 -1.94022E-02
1.93074E+03 -1.93779E-02
1.93170E+03 -1.93604E-02
1.93267E+03 -1.93313E-02
1.93363E+03 -1.93136E-02
1.93460E+03 -1.92853E-02
1.93556E+03 -1.92474E-02
1.93653E+03 -1.92452E-02
1.93749E+03 -1.92533E-02
1.93846E+03 -1.92484E-02
1.93942E+03 -1.92276E-02
1.94038E+03 -1.91986E-02
1.94135E+03 -1.91781E-02
1.94231E+03 -1.91372E-02
1.94328E+03 -1.91063E-02
1.94424E+03 -1.90982E-02
1.94521E+03 -1.90849E-02
1.94617E+03 -1.90704E-02
1.94714E+03 -1.90522E-02
1.94810E+03 -1.90176E-02
1.94906E+03 -1.89804E-02
1.95003E+03 -1.89386E-02
1.95099E+03 -1.88968E-02
1.95196E+03 -1.89008E-02
1.95292E+03 -1.88931E-02
1.95389E+03 -1.88430E-02
1.95485E+03 -1.88064E-02
1.95581E+03 -1.87717E-02
1.95678E+03 -1.87307E-02
1.95774E+03 -1.86980E-02
1.95871E+03 -1.86694E-02
1.95967E+03 -1.86500E-02
1.96064E+03 -1.86411E-02
1.96160E+03 -1.86011E-02
1.96257E+03 -1.85589E-02
1.96353E+03 -1.85276E-02
1.96449E+03 -1.84923E-02
1.96546E+03 -1.84435E-02
1.96642E+03 -1.83934E-02
1.96739E+03 -1.83655E-02
1.96835E+03 -1.83389E-02
1.96932E+03 -1.82977E-02
1.97028E+03 -1.82521E-02
1.97125E+03 -1.82119E-02
1.97221E+03 -1.81779E-02
1.97317E+03 -1.81250E-02
1.97414E+03 -1.80668E-02
1.97510E+03 -1.80191E-02
1.97607E+03 -1.79598E-02
1.97703E+03 -1.79039E-02
1.97800E+03 -1.78560E-02
1.97896E+03 -1.77883E-02
1.97992E+03 -1.77131E-02
1.98089E+03 -1.76624E-02
1.98185E+03 -1.76194E-02
1.98282E+03 -1.75564E-02
1.98378E+03 -1.74750E-02
1.98475E+03 -1.74151E-02
1.98571E+03 -1.73507E-02
1.98668E+03 -1.72547E-02
1.98764E+03 -1.71761E-02
1.98860E+03 -1.71211E-02
1.98957E+03 -1.70537E-02
1.99053E+03 -1.69651E-02
1.99150E+03 -1.68988E-02
1.99246E+03 -1.68178E-02
1.99343E+03 -1.67087E-02
1.99439E+03 -1.66538E-02
1.99536E+03 -1.65895E-02
1.99632E+03 -1.65064E-02
1.99728E+03 -1.64356E-02
1.99825E+03 -1.63425E-02
1.99921E+03 -1.62598E-02
2.00018E+03 -1.61649E-02
2.00114E+03 -1.60724E-02
2.00211E+03 -1.59889E-02
2.00307E+03 -1.58882E-02
2.00404E+03 -1.57991E-02
2.00500E+03 -1.57220E-02
2.00596E+03 -1.56509E-02
2.00693E+03 -1.55536E-02
2.00789E+03 -1.54674E-02
2.00886E+03 -1.53977E-02
2.00982E+03 -1.53302E-02
2.01079E+03 -1.52465E-02
2.01175E+03 -1.51570E-02
2.01271E+03 -1.50663E-02
2.01368E+03 -1.49746E-02
2.01464E+03 -1.49010E-02
2.01561E+03 -1.48153E-02
2.01657E+03 -1.47583E-02
2.01754E+03 -1.46928E-02
2.01850E+03 -1.46168E-02
2.01947E+03 -1.45410E-02
2.02043E+03 -1.44553E-02
2.02139E+03 -1.43957E-02
2.02236E+03 -1.43308E-02
2.02332E+03 -1.42561E-02
2.02429E+03 -1.41968E-02
2.02525E+03 -1.41428E-02
2.02622E+03 -1.40722E-02
2.02718E+03 -1.40070E-02
2.02815E+03 -1.39554E-02
2.02911E+03 -1.38916E-02
2.03007E+03 -1.38136E-02
2.03104E+03 -1.37244E-02
2.03200E+03 -1.36413E-02
2.03297E+03 -1.35992E-02
2.03393E+03 -1.35572E-02
2.03490E+03 -1.35085E-02
2.03586E+03 -1.34514E-02
2.03682E+03 -1.33625E-02
2.03779E+03 -1.32983E-02
2.03875E+03 -1.32592E-02
2.03972E+03 -1.31875E-02
2.04068E+03 -1.31289E-02
2.04165E+03 -1.30971E-02
2.04261E+03 -1.30517E-02
2.04358E+03 -1.30002E-02
2.04454E+03 -1.29657E-02
2.04550E+03 -1.29423E-02
2.04647E+03 -1.28774E-02
2.04743E+03 -1.28461E-02
2.04840E+03 -1.28496E-02
2.04936E+03 -1.28198E-02
2.05033E+03 -1.27579E-02
2.05129E+03 -1.27144E-02
2.05226E+03 -1.27074E-02
2.05322E+03 -1.26834E-02
2.05418E+03 -1.26454E-02
2.05515E+03 -1.26279E-02
2.05611E+03 -1.26100E-02
2.05708E+03 -1.25508E-02
2.05804E+03 -1.25115E-02
2.05901E+03 -1.24756E-02
2.05997E+03 -1.24149E-02
2.06094E+03 -1.23806E-02
2.06190E+03 -1.23676E-02
2.06286E+03 -1.23420E-02
2.06383E+03 -1.23053E-02
2.06479E+03 -1.22493E-02
2.06576E+03 -1.22329E-02
2.06672E+03 -1.21948E-02
2.06769E+03 -1.21119E-02
2.06865E+03 -1.20855E-02
2.06961E+03 -1.20619E-02
2.07058E+03 -1.20516E-02
2.07154E+03 -1.20228E-02
2.07251E+03 -1.19848E-02
2.07347E+03 -1.19560E-02
2.07444E+03 -1.19078E-02
2.07540E+03 -1.18736E-02
2.07637E+03 -1.18571E-02
2.07733E+03 -1.18325E-02
2.07829E+03 -1.17822E-02
2.07926E+03 -1.17520E-02
2.08022E+03 -1.17230E-02
2.08119E+03 -1.16739E-02
2.08215E+03 -1.16325E-02
2.08312E+03 -1.15848E-02
2.08408E+03 -1.15583E-02
2.08505E+03 -1.15202E-02
2.08601E+03 -1.14779E-02
2.08697E+03 -1.14410E-02
2.08794E+03 -1.13952E-02
2.08890E+03 -1.13541E-02
2.08987E+03 -1.13346E-02
2.09083E+03 -1.13031E-02
2.09180E+03 -1.12314E-02
2.09276E+03 -1.11989E-02
2.09372E+03 -1.11761E-02
2.09469E+03 -1.11210E-02
2.09565E+03 -1.10734E-02
2.09662E+03 -1.10189E-02
2.09758E+03 -1.09655E-02
2.09855E+03 -1.09615E-02
2.09951E+03 -1.09468E-02
2.10048E+03 -1.08704E-02
2.10144E+03 -1.08094E-02
2.10240E+03 -1.07772E-02
2.10337E+03 -1.07553E-02
2.10433E+03 -1.07117E-02
2.10530E+03 -1.06689E-02
2.10626E+03 -1.06689E-02
2.10723E+03 -1.06119E-02
2.10819E+03 -1.05534E-02
2.10916E+03 -1.05031E-02
2.11012E+03 -1.04291E-02
2.11108E+03 -1.03873E-02
2.11205E+03 -1.03334E-02
2.11301E+03 -1.02691E-02
2.11398E+03 -1.02268E-02
2.11494E+03 -1.01769E-02
2.11591E+03 -1.01369E-02
2.11687E+03 -1.00932E-02
2.11783E+03 -1.00277E-02
2.11880E+03 -9.97599E-03
2.11976E+03 -9.94453E-03
2.12073E+03 -9.87157E-03
2.12169E+03 -9.77732E-03
2.12266E+03 -9.72220E-03
2.12362E+03 -9.67348E-03
2.12459E+03 -9.61265E-03
2.12555E+03 -9.55882E-03
2.12651E+03 -9.49678E-03
2.12748E+03 -9.44462E-03
2.12844E+03 -9.40396E-03
2.12941E+03 -9.33745E-03
2.13037E+03 -9.27098E-03
2.13134E+03 -9.22533E-03
2.13230E+03 -9.16489E-03
2.13327E+03 -9.08285E-03
2.13423E+03 -9.03210E-03
2.13519E+03 -9.00419E-03
2.13616E+03 -8.94815E-03
2.13712E+03 -8.86850E-03
2.13809E+03 -8.79823E-03
2.13905E+03 -8.76030E-03
2.14002E+03 -8.70856E-03
2.14098E+03 -8.61721E-03
2.14195E+03 -8.55557E-03
2.14291E+03 -8.51119E-03
2.14387E+03 -8.46056E-03
2.14484E+03 -8.40805E-03
2.14580E+03 -8.32929E-03
2.14677E+03 -8.26560E-03
2.14773E+03 -8.22510E-03
2.14870E+03 -8.16262E-03
2.14966E+03 -8.09230E-03
2.15062E+03 -8.03518E-03
2.15159E+03 -7.97576E-03
2.15255E+03 -7.90033E-03
2.15352E+03 -7.83641E-03
2.15448E+03 -7.78499E-03
2.15545E+03 -7.72680E-03
2.15641E+03 -7.65906E-03
2.15738E+03 -7.59587E-03
2.15834E+03 -7.53155E-03
2.15930E+03 -7.44495E-03
2.16027E+03 -7.39346E-03
2.16123E+03 -7.39012E-03
2.16220E+03 -7.33636E-03
2.16316E+03 -7.26364E-03
2.16413E+03 -7.20171E-03
2.16509E+03 -7.15220E-03
2.16606E+03 -7.10212E-03
2.16702E+03 -7.04901E-03
2.16798E+03 -7.02011E-03
2.16895E+03 -6.98347E-03
2.16991E+03 -6.92317E-03
2.17088E+03 -6.86149E-03
2.17184E+03 -6.83358E-03
2.17281E+03 -6.79032E-03
2.17377E+03 -6.71097E-03
2.17473E+03 -6.65176E-03
2.17570E+03 -6.60595E-03
2.17666E+03 -6.58200E-03
2.17763E+03 -6.54980E-03
2.17859E+03 -6.49216E-03
2.17956E+03 -6.47595E-03
2.18052E+03 -6.42850E-03
2.18149E+03 -6.39215E-03
2.18245E+03 -6.38156E-03
2.18341E+03 -6.31299E-03
2.18438E+03 -6.23651E-03
2.18534E+03 -6.20425E-03
2.18631E+03 -6.16934E-03
2.18727E+03 -6.10405E-03
2.18824E+03 -6.06603E-03
2.18920E+03 -6.05189E-03
2.19017E+03 -6.03076E-03
2.19113E+03 -5.97949E-03
2.19209E+03 -5.92462E-03
2.19306E+03 -5.91006E-03
2.19402E+03 -5.89012E-03
2.19499E+03 -5.83534E-03
2.19595E+03 -5.81723E-03
2.19692E+03 -5.80953E-03
2.19788E+03 -5.77679E-03
2.19884E+03 -5.75642E-03
2.19981E+03 -5.72491E-03
2.20077E+03 -5.67852E-03
2.20174E+03 -5.66013E-03
2.20270E+03 -5.64539E-03
2.20367E+03 -5.60667E-03
2.20463E+03 -5.55000E-03
2.20560E+03 -5.50319E-03
2.20656E+03 -5.46196E-03
2.20752E+03 -5.42413E-03
2.20849E+03 -5.38282E-03
2.20945E+03 -5.35935E-03
2.21042E+03 -5.33648E-03
2.21138E+03 -5.27972E-03
2.21235E+03 -5.22347E-03
2.21331E+03 -5.16618E-03
2.21428E+03 -5.12794E-03
2.21524E+03 -5.06837E-03
2.21620E+03 -4.99700E-03
2.21717E+03 -4.95306E-03
2.21813E+03 -4.92452E-03
2.21910E+03 -4.88162E-03
2.22006E+03 -4.83648E-03
2.22103E+03 -4.79789E-03
2.22199E+03 -4.73938E-03
2.22296E+03 -4.68911E-03
2.22392E+03 -4.63983E-03
2.22488E+03 -4.59471E-03
2.22585E+03 -4.57892E-03
2.22681E+03 -4.54916E-03
2.22778E+03 -4.50025E-03
2.22874E+03 -4.44743E-03
2.22971E+03 -4.40433E-03
2.23067E+03 -4.37463E-03
2.23163E+03 -4.35264E-03
2.23260E+03 -4.32710E-03
2.23356E+03 -4.27314E-03
2.23453E+03 -4.22125E-03
2.23549E+03 -4.17951E-03
2.23646E+03 -4.10480E-03
2.23742E+03 -4.05731E-03
2.23839E+03 -4.01767E-03
2.23935E+03 -3.97379E-03
2.24031E+03 -3.94850E-03
2.24128E+03 -3.89512E-03
2.24224E+03 -3.85035E-03
2.24321E+03 -3.83117E-03
2.24417E+03 -3.79457E-03
2.24514E+03 -3.74427E-03
2.24610E+03 -3.72774E-03
2.24707E+03 -3.70498E-03
2.24803E+03 -3.65169E-03
2.24899E+03 -3.62259E-03
2.24996E+03 -3.61350E-03
2.25092E+03 -3.57564E-03
2.25189E+03 -3.52958E-03
2.25285E+03 -3.51381E-03
2.25382E+03 -3.52389E-03
2.25478E+03 -3.50971E-03
2.25574E+03 -3.47709E-03
2.25671E+03 -3.44267E-03
2.25767E+03 -3.38515E-03
2.25864E+03 -3.33462E-03
2.25960E+03 -3.27258E-03
2.26057E+03 -3.20886E-03
2.26153E+03 -3.16472E-03
2.26250E+03 -3.15228E-03
2.26346E+03 -3.09808E-03
2.26442E+03 -3.02710E-03
2.26539E+03 -2.95391E-03
2.26635E+03 -2.82542E-03
2.26732E+03 -2.65834E-03
2.26828E+03 -2.41851E-03
2.26925E+03 -2.00921E-03
2.27021E+03 -1.24558E-03
2.27118E+03 1.99791E-04
2.27214E+03 2.93290E-03
2.27310E+03 7.73793E-03
2.27407E+03 1.50771E-02
2.27503E+03 2.45504E-02
2.27600E+03 3.46465E-02
2.27696E+03 4.32860E-02
2.27793E+03 4.86214E-02
2.27889E+03 4.96062E-02
2.27986E+03 4.63579E-02
2.28082E+03 3.98780E-02
2.28178E+03 3.16360E-02
2.28275E+03 2.31947E-02
2.28371E+03 1.56870E-02
2.28468E+03 9.65828E-03
2.28564E+03 5.26263E-03
2.28661E+03 2.30775E-03
2.28757E+03 4.58475E-04
2.28853E+03 -5.99530E-04
2.28950E+03 -1.13020E-03
2.29046E+03 -1.33726E-03
2.29143E+03 -1.35010E-03
2.29239E+03 -1.22080E-03
2.29336E+03 -1.02340E-03
2.29432E+03 -7.87959E-04
2.29529E+03 -5.32545E-04
2.29625E+03 -2.65017E-04
2.29721E+03 -1.19992E-05
2.29818E+03 2.87060E-04
2.29914E+03 5.95585E-04
2.30011E+03 8.89093E-04
2.30107E+03 1.19915E-03
2.30204E+03 1.55456E-03
2.30300E+03 1.89554E-03
2.30397E+03 2.21056E-03
2.30493E+03 2.51920E-03
2.30589E+03 2.82600E-03
2.30686E+03 3.16042E-03
2.30782E+03 3.51113E-03
2.30879E+03 3.86001E-03
2.30975E+03 4.26126E-03
2.31072E+03 4.65836E-03
2.31168E+03 5.06941E-03
2.31265E+03 5.51586E-03
2.31361E+03 6.05276E-03
2.31457E+03 6.66846E-03
2.31554E+03 7.46662E-03
2.31650E+03 8.60265E-03
2.31747E+03 1.03114E-02
2.31843E+03 1.28794E-02
2.31940E+03 1.68729E-02
2.32036E+03 2.25376E-02
2.32132E+03 3.00712E-02
2.32229E+03 3.94778E-02
2.32325E+03 5.18463E-02
2.32422E+03 7.09304E-02
2.32518E+03 1.04320E-01
2.32615E+03 1.61620E-01
2.32711E+03 2.52159E-01
2.32808E+03 3.74890E-01
2.32904E+03 5.15013E-01
2.33000E+03 6.55335E-01
2.33097E+03 7.84169E-01
2.33193E+03 8.98510E-01
2.33290E+03 9.96801E-01
2.33386E+03 1.08098E+00
2.33483E+03 1.15122E+00
2.33579E+03 1.21033E+00
2.33676E+03 1.25884E+00
2.33772E+03 1.29938E+00
2.33868E+03 1.33112E+00
2.33965E+03 1.35553E+00
2.34061E+03 1.37152E+00
2.34158E+03 1.37892E+00
2.34254E+03 1.37659E+00
2.34351E+03 1.36683E+00
2.34447E+03 1.34942E+00
2.34543E+03 1.32535E+00
2.34640E+03 1.29495E+00
2.34736E+03 1.26008E+00
2.34833E+03 1.22223E+00
2.34929E+03 1.18240E+00
2.35026E+03 1.14042E+00
2.35122E+03 1.09743E+00
2.35219E+03 1.05443E+00
2.35315E+03 1.01174E+00
2.35411E+03 9.69246E-01
2.35508E+03 9.27132E-01
2.35604E+03 8.85347E-01
2.35701E+03 8.44072E-01
2.35797E+03 8.02971E-01
2.35894E+03 7.61835E-01
2.35990E+03 7.20342E-01
2.36087E+03 6.78225E-01
2.36183E+03 6.35175E-01
2.36279E+03 5.90778E-01
2.36376E+03 5.44622E-01
2.36472E+03 4.96315E-01
2.36569E+03 4.45575E-01
2.36665E+03 3.92166E-01
2.36762E+03 3.36086E-01
2.36858E+03 2.78156E-01
2.36954E+03 2.20416E-01
2.37051E+03 1.66574E-01
2.37147E+03 1.21129E-01
2.37244E+03 8.66845E-02
2.37340E+03 6.26807E-02
2.37437E+03 4.66381E-02
2.37533E+03 3.58833E-02
2.37630E+03 2.83020E-02
2.37726E+03 2.24756E-02
2.37822E+03 1.77408E-02
2.37919E+03 1.39593E-02
2.38015E+03 1.10993E-02
2.38112E+03 8.97081E-03
2.38208E+03 7.32893E-03
2.38305E+03 5.98132E-03
2.38401E+03 4.84462E-03
2.38498E+03 3.85206E-03
2.38594E+03 2.94977E-03
2.38690E+03 2.15744E-03
2.38787E+03 1.46240E-03
2.38883E+03 8.39703E-04
2.38980E+03 2.62544E-04
2.39076E+03 -2.35438E-04
2.39173E+03 -6.84951E-04
2.39269E+03 -1.13239E-03
2.39366E+03 -1.54233E-03
2.39462E+03 -1.92982E-03
2.39558E+03 -2.28907E-03
2.39655E+03 -2.59953E-03
2.39751E+03 -2.88570E-03
2.39848E+03 -3.15471E-03
2.39944E+03 -3.38415E-03
2.40041E+03 -3.60840E-03
2.40137E+03 -3.80059E-03
2.40233E+03 -3.95675E-03
2.40330E+03 -4.10954E-03
2.40426E+03 -4.23649E-03
2.40523E+03 -4.36759E-03
2.40619E+03 -4.49262E-03
2.40716E+03 -4.57732E-03
2.40812E+03 -4.63152E-03
2.40909E+03 -4.66419E-03
2.41005E+03 -4.71898E-03
2.41101E+03 -4.76553E-03
2.41198E+03 -4.79029E-03
2.41294E+03 -4.82151E-03
2.41391E+03 -4.83771E-03
2.41487E+03 -4.87901E-03
2.41584E+03 -4.93898E-03
2.41680E+03 -4.96066E-03
2.41777E+03 -4.97446E-03
2.41873E+03 -5.01823E-03
2.41969E+03 -5.05712E-03
2.42066E+03 -5.09510E-03
2.42162E+03 -5.16728E-03
2.42259E+03 -5.18811E-03
2.42355E+03 -5.17930E-03
2.42452E+03 -5.23594E-03
2.42548E+03 -5.26962E-03
2.42644E+03 -5.30094E-03
2.42741E+03 -5.33085E-03
2.42837E+03 -5.34457E-03
2.42934E+03 -5.36860E-03
2.43030E+03 -5.37191E-03
2.43127E+03 -5.38239E-03
2.43223E+03 -5.40217E-03
2.43320E+03 -5.42901E-03
2.43416E+03 -5.45631E-03
2.43512E+03 -5.49223E-03
2.43609E+03 -5.50807E-03
2.43705E+03 -5.49450E-03
2.43802E+03 -5.50349E-03
2.43898E+03 -5.52976E-03
2.43995E+03 -5.54684E-03
2.44091E+03 -5.55260E-03
2.44188E+03 -5.57021E-03
2.44284E+03 -5.61216E-03
2.44380E+03 -5.65762E-03
2.44477E+03 -5.69240E-03
2.44573E+03 -5.72909E-03
2.44670E+03 -5.75912E-03
2.44766E+03 -5.77118E-03
2.44863E+03 -5.81462E-03
2.44959E+03 -5.88814E-03
2.45055E+03 -5.96387E-03
2.45152E+03 -6.01597E-03
2.45248E+03 -6.05415E-03
2.45345E+03 -6.10258E-03
2.45441E+03 -6.12747E-03
2.45538E+03 -6.18558E-03
2.45634E+03 -6.26371E-03
2.45731E+03 -6.32304E-03
2.45827E+03 -6.38311E-03
2.45923E+03 -6.44289E-03
2.46020E+03 -6.48594E-03
2.46116E+03 -6.51613E-03
2.46213E+03 -6.59549E-03
2.46309E+03 -6.66334E-03
2.46406E+03 -6.72023E-03
2.46502E+03 -6.77600E-03
2.46599E+03 -6.81305E-03
2.46695E+03 -6.89471E-03
2.46791E+03 -6.96469E-03
2.46888E+03 -6.98121E-03
2.46984E+03 -7.01348E-03
2.47081E+03 -7.06570E-03
2.47177E+03 -7.12198E-03
2.47274E+03 -7.17992E-03
2.47370E+03 -7.20780E-03
2.47467E+03 -7.23315E-03
2.47563E+03 -7.27593E-03
2.47659E+03 -7.31456E-03
2.47756E+03 -7.35249E-03
2.47852E+03 -7.39656E-03
2.47949E+03 -7.42845E-03
2.48045E+03 -7.44244E-03
2.48142E+03 -7.46757E-03
2.48238E+03 -7.48993E-03
2.48334E+03 -7.48995E-03
2.48431E+03 -7.50845E-03
2.48527E+03 -7.52981E-03
2.48624E+03 -7.55132E-03
2.48720E+03 -7.58673E-03
2.48817E+03 -7.58531E-03
2.48913E+03 -7.54254E-03
2.49010E+03 -7.52354E-03
2.49106E+03 -7.50889E-03
2.49202E+03 -7.47997E-03
2.49299E+03 -7.44311E-03
2.49395E+03 -7.41488E-03
2.49492E+03 -7.36933E-03
2.49588E+03 -7.30420E-03
2.49685E+03 -7.28210E-03
2.49781E+03 -7.28311E-03
2.49878E+03 -7.25421E-03
2.49974E+03 -7.17627E-03
2.50070E+03 -7.12761E-03
2.50167E+03 -7.09709E-03
2.50263E+03 -7.02152E-03
2.50360E+03 -6.95800E-03
2.50456E+03 -6.94255E-03
2.50553E+03 -6.89884E-03
2.50649E+03 -6.80426E-03
2.50745E+03 -6.74817E-03
2.50842E+03 -6.70051E-03
2.50938E+03 -6.62440E-03
2.51035E+03 -6.57231E-03
2.51131E+03 -6.52812E-03
2.51228E+03 -6.44968E-03
2.51324E+03 -6.37443E-03
2.51421E+03 -6.30019E-03
2.51517E+03 -6.20467E-03
2.51613E+03 -6.12700E-03
2.51710E+03 -6.07180E-03
2.51806E+03 -6.01536E-03
2.51903E+03 -5.95631E-03
2.51999E+03 -5.89506E-03
2.52096E+03 -5.83670E-03
2.52192E+03 -5.77258E-03
2.52289E+03 -5.68760E-03
2.52385E+03 -5.62056E-03
2.52481E+03 -5.56071E-03
2.52578E+03 -5.47292E-03
2.52674E+03 -5.40959E-03
2.52771E+03 -5.38493E-03
2.52867E+03 -5.32825E-03
2.52964E+03 -5.26877E-03
2.53060E+03 -5.23414E-03
2.53156E+03 -5.19174E-03
2.53253E+03 -5.15457E-03
2.53349E+03 -5.12733E-03
2.53446E+03 -5.08590E-03
2.53542E+03 -5.07179E-03
2.53639E+03 -5.08365E-03
2.53735E+03 -5.07051E-03
2.53832E+03 -5.05657E-03
2.53928E+03 -5.05817E-03
2.54024E+03 -5.06488E-03
2.54121E+03 -5.06650E-03
2.54217E+03 -5.05091E-03
2.54314E+03 -5.07399E-03
2.54410E+03 -5.11036E-03
2.54507E+03 -5.11625E-03
2.54603E+03 -5.15080E-03
2.54700E+03 -5.17090E-03
2.54796E+03 -5.16943E-03
2.54892E+03 -5.16489E-03
2.54989E+03 -5.21623E-03
2.55085E+03 -5.27652E-03
2.55182E+03 -5.28131E-03
2.55278E+03 -5.30047E-03
2.55375E+03 -5.32105E-03
2.55471E+03 -5.33868E-03
2.55568E+03 -5.36486E-03
2.55664E+03 -5.40926E-03
2.55760E+03 -5.43588E-03
2.55857E+03 -5.44492E-03
2.55953E+03 -5.45970E-03
2.56050E+03 -5.48263E-03
2.56146E+03 -5.50999E-03
2.56243E+03 -5.51469E-03
2.56339E+03 -5.52422E-03
2.56435E+03 -5.54512E-03
2.56532E+03 -5.57912E-03
2.56628E+03 -5.61962E-03
2.56725E+03 -5.64228E-03
2.56821E+03 -5.67054E-03
2.56918E+03 -5.68876E-03
2.57014E+03 -5.68343E-03
2.57111E+03 -5.71327E-03
2.57207E+03 -5.75092E-03
2.57303E+03 -5.76270E-03
2.57400E+03 -5.78119E-03
2.57496E+03 -5.79502E-03
2.57593E+03 -5.79826E-03
2.57689E+03 -5.81095E-03
2.57786E+03 -5.81906E-03
2.57882E+03 -5.82079E-03
2.57979E+03 -5.79746E-03
2.58075E+03 -5.77581E-03
2.58171E+03 -5.77113E-03
2.58268E+03 -5.75170E-03
2.58364E+03 -5.73057E-03
2.58461E+03 -5.71031E-03
2.58557E+03 -5.67850E-03
2.58654E+03 -5.62870E-03
2.58750E+03 -5.58268E-03
2.58846E+03 -5.54215E-03
2.58943E+03 -5.49736E-03
2.59039E+03 -5.46271E-03
2.59136E+03 -5.43214E-03
2.59232E+03 -5.38635E-03
2.59329E+03 -5.31889E-03
2.59425E+03 -5.29033E-03
2.59522E+03 -5.26696E-03
2.59618E+03 -5.22120E-03
2.59714E+03 -5.20862E-03
2.59811E+03 -5.21010E-03
2.59907E+03 -5.18844E-03
2.60004E+03 -5.19864E-03
2.60100E+03 -5.23262E-03
2.60197E+03 -5.22791E-03
2.60293E+03 -5.22046E-03
2.60390E+03 -5.24791E-03
2.60486E+03 -5.25792E-03
2.60582E+03 -5.25161E-03
2.60679E+03 -5.29132E-03
2.60775E+03 -5.30843E-03
2.60872E+03 -5.32548E-03
2.60968E+03 -5.36404E-03
2.61065E+03 -5.37803E-03
2.61161E+03 -5.37975E-03
2.61258E+03 -5.42283E-03
2.61354E+03 -5.46426E-03
2.61450E+03 -5.47021E-03
2.61547E+03 -5.48359E-03
2.61643E+03 -5.48035E-03
2.61740E+03 -5.51068E-03
2.61836E+03 -5.55689E-03
2.61933E+03 -5.58031E-03
2.62029E+03 -5.62359E-03
2.62125E+03 -5.68138E-03
2.62222E+03 -5.73238E-03
2.62318E+03 -5.77770E-03
2.62415E+03 -5.81954E-03
2.62511E+03 -5.88148E-03
2.62608E+03 -5.99239E-03
2.62704E+03 -6.04350E-03
2.62801E+03 -6.07793E-03
2.62897E+03 -6.15355E-03
2.62993E+03 -6.18106E-03
2.63090E+03 -6.20071E-03
2.63186E+03 -6.24506E-03
2.63283E+03 -6.27716E-03
2.63379E+03 -6.30451E-03
2.63476E+03 -6.33468E-03
2.63572E+03 -6.35736E-03
2.63669E+03 -6.39280E-03
2.63765E+03 -6.42618E-03
2.63861E+03 -6.44400E-03
2.63958E+03 -6.45247E-03
2.64054E+03 -6.45166E-03
2.64151E+03 -6.47800E-03
2.64247E+03 -6.50318E-03
2.64344E+03 -6.49153E-03
2.64440E+03 -6.49727E-03
2.64536E+03 -6.51350E-03
2.64633E+03 -6.49523E-03
2.64729E+03 -6.46291E-03
2.64826E+03 -6.45877E-03
2.64922E+03 -6.47759E-03
2.65019E+03 -6.49711E-03
2.65115E+03 -6.49836E-03
2.65212E+03 -6.47241E-03
2.65308E+03 -6.46791E-03
2.65404E+03 -6.46063E-03
2.65501E+03 -6.45062E-03
2.65597E+03 -6.44577E-03
2.65694E+03 -6.42130E-03
2.65790E+03 -6.38567E-03
2.65887E+03 -6.37088E-03
2.65983E+03 -6.35020E-03
2.66080E+03 -6.32462E-03
2.66176E+03 -6.34422E-03
2.66272E+03 -6.34980E-03
2.66369E+03 -6.32012E-03
2.66465E+03 -6.28644E-03
2.66562E+03 -6.27816E-03
2.66658E+03 -6.28816E-03
2.66755E+03 -6.27298E-03
2.66851E+03 -6.22015E-03
2.66948E+03 -6.17945E-03
2.67044E+03 -6.20208E-03
2.67140E+03 -6.20333E-03
2.67237E+03 -6.17648E-03
2.67333E+03 -6.16824E-03
2.67430E+03 -6.12714E-03
2.67526E+03 -6.09035E-03
2.67623E+03 -6.08648E-03
2.67719E+03 -6.07922E-03
2.67815E+03 -6.06892E-03
2.67912E+03 -6.02495E-03
2.68008E+03 -5.99418E-03
2.68105E+03 -5.97828E-03
2.68201E+03 -5.95536E-03
2.68298E+03 -5.96040E-03
2.68394E+03 -5.93491E-03
2.68491E+03 -5.89998E-03
2.68587E+03 -5.86547E-03
2.68683E+03 -5.82609E-03
2.68780E+03 -5.79977E-03
2.68876E+03 -5.78202E-03
2.68973E+03 -5.75273E-03
2.69069E+03 -5.69884E-03
2.69166E+03 -5.70614E-03
2.69262E+03 -5.70551E-03
2.69359E+03 -5.65591E-03
2.69455E+03 -5.64240E-03
2.69551E+03 -5.64055E-03
2.69648E+03 -5.60339E-03
2.69744E+03 -5.54198E-03
2.69841E+03 -5.51418E-03
2.69937E+03 -5.51045E-03
2.70034E+03 -5.49887E-03
2.70130E+03 -5.45448E-03
2.70226E+03 -5.42235E-03
2.70323E+03 -5.39933E-03
2.70419E+03 -5.38261E-03
2.70516E+03 -5.34938E-03
2.70612E+03 -5.31534E-03
2.70709E+03 -5.30086E-03
2.70805E+03 -5.24561E-03
2.70902E+03 -5.24236E-03
2.70998E+03 -5.25440E-03
2.71094E+03 -5.22532E-03
2.71191E+03 -5.19492E-03
2.71287E+03 -5.16390E-03
2.71384E+03 -5.10928E-03
2.71480E+03 -5.01917E-03
2.71577E+03 -4.98433E-03
2.71673E+03 -4.95199E-03
2.71770E+03 -4.92765E-03
2.71866E+03 -4.92618E-03
2.71962E+03 -4.86843E-03
2.72059E+03 -4.79067E-03
2.72155E+03 -4.78528E-03
2.72252E+03 -4.77866E-03
2.72348E+03 -4.70334E-03
2.72445E+03 -4.63189E-03
2.72541E+03 -4.60491E-03
2.72638E+03 -4.57604E-03
2.72734E+03 -4.53180E-03
2.72830E+03 -4.49009E-03
2.72927E+03 -4.43188E-03
2.73023E+03 -4.39610E-03
2.73120E+03 -4.35812E-03
2.73216E+03 -4.32104E-03
2.73313E+03 -4.25258E-03
2.73409E+03 -4.16776E-03
2.73505E+03 -4.11183E-03
2.73602E+03 -4.07198E-03
2.73698E+03 -4.05777E-03
2.73795E+03 -4.00022E-03
2.73891E+03 -3.93265E-03
2.73988E+03 -3.84801E-03
2.74084E+03 -3.74820E-03
2.74181E+03 -3.70906E-03
2.74277E+03 -3.64434E-03
2.74373E+03 -3.62880E-03
2.74470E+03 -3.56238E-03
2.74566E+03 -3.46200E-03
2.74663E+03 -3.43942E-03
2.74759E+03 -3.34594E-03
2.74856E+03 -3.22009E-03
2.74952E+03 -3.08843E-03
2.75049E+03 -3.00216E-03
2.75145E+03 -2.91899E-03
2.75241E+03 -2.82860E-03
2.75338E+03 -2.81330E-03
2.75434E+03 -2.70326E-03
2.75531E+03 -2.64812E-03
2.75627E+03 -2.57040E-03
2.75724E+03 -2.52875E-03
2.75820E+03 -2.52235E-03
2.75916E+03 -2.49135E-03
2.76013E+03 -2.46109E-03
2.76109E+03 -2.22483E-03
2.76206E+03 -1.88918E-03
2.76302E+03 -1.54095E-03
2.76399E+03 -1.16632E-03
2.76495E+03 -8.93075E-04
2.76592E+03 -1.18202E-03
2.76688E+03 -1.01606E-03
2.76784E+03 -1.06905E-03
2.76881E+03 -1.07771E-03
2.76977E+03 -4.86683E-04
2.77074E+03 -4.39402E-04
2.77170E+03 -4.38713E-04
2.77267E+03 -3.70752E-04
2.77363E+03 -1.39516E-04
2.77460E+03 1.35500E-04
2.77556E+03 2.29910E-04
2.77652E+03 3.73214E-04
2.77749E+03 5.49484E-04
2.77845E+03 7.41702E-04
2.77942E+03 1.01065E-03
2.78038E+03 1.22667E-03
2.78135E+03 1.41267E-03
2.78231E+03 1.60702E-03
2.78327E+03 1.84648E-03
2.78424E+03 2.07847E-03
2.78520E+03 2.33051E-03
2.78617E+03 2.53683E-03
2.78713E+03 2.76585E-03
2.78810E+03 3.07939E-03
2.78906E+03 3.35955E-03
2.79003E+03 3.66237E-03
2.79099E+03 3.94396E-03
2.79195E+03 4.16947E-03
2.79292E+03 4.43478E-03
2.79388E+03 4.73277E-03
2.79485E+03 5.05784E-03
2.79581E+03 5.35650E-03
2.79678E+03 5.65939E-03
2.79774E+03 6.00924E-03
2.79871E+03 6.31783E-03
2.79967E+03 6.65114E-03
2.80063E+03 7.02080E-03
2.80160E+03 7.35899E-03
2.80256E+03 7.68526E-03
2.80353E+03 8.04078E-03
2.80449E+03 8.42776E-03
2.80546E+03 8.79972E-03
2.80642E+03 9.20299E-03
2.80739E+03 9.61741E-03
2.80835E+03 9.96695E-03
2.80931E+03 1.03363E-02
2.81028E+03 1.07801E-02
2.81124E+03 1.12024E-02
2.81221E+03 1.16101E-02
2.81317E+03 1.20506E-02
2.81414E+03 1.25203E-02
2.81510E+03 1.30321E-02
2.81606E+03 1.35581E-02
2.81703E+03 1.40770E-02
2.81799E+03 1.46326E-02
2.81896E+03 1.52107E-02
2.81992E+03 1.58115E-02
2.82089E+03 1.64731E-02
2.82185E+03 1.72026E-02
2.82282E+03 1.79684E-02
2.82378E+03 1.87634E-02
2.82474E+03 1.95970E-02
2.82571E+03 2.04781E-02
2.82667E+03 2.13875E-02
2.82764E+03 2.22865E-02
2.82860E+03 2.31818E-02
2.82957E+03 2.40276E-02
2.83053E+03 2.47626E-02
2.83150E+03 2.54025E-02
2.83246E+03 2.59374E-02
2.83342E+03 2.62672E-02
2.83439E+03 2.64317E-02
2.83535E+03 2.64329E-02
2.83632E+03 2.62648E-02
2.83728E+03 2.59627E-02
2.83825E+03 2.55360E-02
2.83921E+03 2.49933E-02
2.84017E+03 2.43963E-02
2.84114E+03 2.37480E-02
2.84210E+03 2.30288E-02
2.84307E+03 2.23647E-02
2.84403E+03 2.17526E-02
2.84500E+03 2.11606E-02
2.84596E+03 2.05890E-02
2.84693E+03 2.00664E-02
2.84789E+03 1.95493E-02
2.84885E+03 1.90615E-02
2.84982E+03 1.85865E-02
2.85078E+03 1.80954E-02
2.85175E+03 1.76466E-02
2.85271E+03 1.72180E-02
2.85368E+03 1.67902E-02
2.85464E+03 1.63855E-02
2.85561E+03 1.60093E-02
2.85657E+03 1.56735E-02
2.85753E+03 1.53685E-02
2.85850E+03 1.50541E-02
2.85946E+03 1.47430E-02
2.86043E+03 1.44541E-02
2.86139E+03 1.42338E-02
2.86236E+03 1.40305E-02
2.86332E+03 1.38280E-02
2.86428E+03 1.36482E-02
2.86525E+03 1.34464E-02
2.86621E+03 1.32752E-02
2.86718E+03 1.31237E-02
2.86814E+03 1.29535E-02
2.86911E+03 1.27902E-02
2.87007E+03 1.26501E-02
2.87104E+03 1.25328E-02
2.87200E+03 1.24141E-02
2.87296E+03 1.22907E-02
2.87393E+03 1.21727E-02
2.87489E+03 1.20772E-02
2.87586E+03 1.20083E-02
2.87682E+03 1.19622E-02
2.87779E+03 1.19051E-02
2.87875E+03 1.18460E-02
2.87972E+03 1.18134E-02
2.88068E+03 1.18009E-02
2.88164E+03 1.18056E-02
2.88261E+03 1.18300E-02
2.88357E+03 1.18600E-02
2.88454E+03 1.18799E-02
2.88550E+03 1.19000E-02
2.88647E+03 1.19538E-02
2.88743E+03 1.20364E-02
2.88840E+03 1.21472E-02
2.88936E+03 1.22425E-02
2.89032E+03 1.23131E-02
2.89129E+03 1.24613E-02
2.89225E+03 1.25965E-02
2.89322E+03 1.27112E-02
2.89418E+03 1.28893E-02
2.89515E+03 1.30981E-02
2.89611E+03 1.32930E-02
2.89707E+03 1.34953E-02
2.89804E+03 1.37765E-02
2.89900E+03 1.40690E-02
2.89997E+03 1.43664E-02
2.90093E+03 1.46796E-02
2.90190E+03 1.50134E-02
2.90286E+03 1.53932E-02
2.90383E+03 1.57816E-02
2.90479E+03 1.62087E-02
2.90575E+03 1.66905E-02
2.90672E+03 1.71338E-02
2.90768E+03 1.75682E-02
2.90865E+03 1.80620E-02
2.90961E+03 1.85847E-02
2.91058E+03 1.90738E-02
2.91154E+03 1.95432E-02
2.91251E+03 2.00482E-02
2.91347E+03 2.04834E-02
2.91443E+03 2.08265E-02
2.91540E+03 2.11157E-02
2.91636E+03 2.13225E-02
2.91733E+03 2.13671E-02
2.91829E+03 2.12675E-02
2.91926E+03 2.11044E-02
2.92022E+03 2.09509E-02
2.92118E+03 2.07756E-02
2.92215E+03 2.06543E-02
2.92311E+03 2.07003E-02
2.92408E+03 2.08555E-02
2.92504E+03 2.11189E-02
2.92601E+03 2.15369E-02
2.92697E+03 2.20657E-02
2.92794E+03 2.27130E-02
2.92890E+03 2.34315E-02
2.92986E+03 2.41355E-02
2.93083E+03 2.48341E-02
2.93179E+03 2.55109E-02
2.93276E+03 2.61288E-02
2.93372E+03 2.66211E-02
2.93469E+03 2.69962E-02
2.93565E+03 2.72395E-02
2.93662E+03 2.73168E-02
2.93758E+03 2.72335E-02
2.93854E+03 2.70349E-02
2.93951E+03 2.67002E-02
2.94047E+03 2.62633E-02
2.94144E+03 2.57879E-02
2.94240E+03 2.52532E-02
2.94337E+03 2.47342E-02
2.94433E+03 2.42862E-02
2.94530E+03 2.39018E-02
2.94626E+03 2.36519E-02
2.94722E+03 2.35808E-02
2.94819E+03 2.36735E-02
2.94915E+03 2.39124E-02
2.95012E+03 2.43193E-02
2.95108E+03 2.49492E-02
2.95205E+03 2.56691E-02
2.95301E+03 2.64356E-02
2.95397E+03 2.73168E-02
2.95494E+03 2.81824E-02
2.95590E+03 2.89932E-02
2.95687E+03 2.97526E-02
2.95783E+03 3.04087E-02
2.95880E+03 3.09812E-02
2.95976E+03 3.14490E-02
2.96073E+03 3.17559E-02
2.96169E+03 3.19595E-02
2.96265E+03 3.20740E-02
2.96362E+03 3.21150E-02
2.96458E+03 3.21550E-02
2.96555E+03 3.21040E-02
2.96651E+03 3.19489E-02
2.96748E+03 3.18231E-02
2.96844E+03 3.17374E-02
2.96941E+03 3.16261E-02
2.97037E+03 3.15089E-02
2.97133E+03 3.13907E-02
2.97230E+03 3.12815E-02
2.97326E+03 3.12234E-02
2.97423E+03 3.11581E-02
2.97519E+03 3.11076E-02
2.97616E+03 3.10576E-02
2.97712E+03 3.09916E-02
2.97808E+03 3.09586E-02
2.97905E+03 3.09294E-02
2.98001E+03 3.09309E-02
2.98098E+03 3.09600E-02
2.98194E+03 3.10108E-02
2.98291E+03 3.11263E-02
2.98387E+03 3.12431E-02
2.98484E+03 3.13559E-02
2.98580E+03 3.15599E-02
2.98676E+03 3.17609E-02
2.98773E+03 3.19440E-02
2.98869E+03 3.20978E-02
2.98966E+03 3.22479E-02
2.99062E+03 3.23850E-02
2.99159E+03 3.25072E-02
2.99255E+03 3.26058E-02
2.99352E+03 3.26425E-02
2.99448E+03 3.27133E-02
2.99544E+03 3.27525E-02
2.99641E+03 3.27828E-02
2.99737E+03 3.27900E-02
2.99834E+03 3.27279E-02
2.99930E+03 3.26850E-02
3.00027E+03 3.25911E-02
3.00123E+03 3.24907E-02
3.00220E+03 3.24476E-02
3.00316E+03 3.22997E-02
3.00412E+03 3.20921E-02
3.00509E+03 3.19042E-02
3.00605E+03 3.17197E-02
3.00702E+03 3.15180E-02
3.00798E+03 3.13215E-02
3.00895E+03 3.11407E-02
3.00991E+03 3.09156E-02
3.01087E+03 3.07121E-02
3.01184E+03 3.05347E-02
3.01280E+03 3.03563E-02
3.01377E+03 3.02187E-02
3.01473E+03 3.00700E-02
3.01570E+03 2.99549E-02
3.01666E+03 2.98566E-02
3.01763E+03 2.97513E-02
3.01859E+03 2.97670E-02
3.01955E+03 2.98533E-02
3.02052E+03 2.99128E-02
3.02148E+03 3.00125E-02
3.02245E+03 3.01428E-02
3.02341E+03 3.02815E-02
3.02438E+03 3.04760E-02
3.02534E+03 3.07218E-02
3.02631E+03 3.09916E-02
3.02727E+03 3.12619E-02
3.02823E+03 3.15541E-02
3.02920E+03 3.19108E-02
3.03016E+03 3.23018E-02
3.03113E+03 3.27037E-02
3.03209E+03 3.30814E-02
3.03306E+03 3.34982E-02
3.03402E+03 3.39756E-02
3.03498E+03 3.44590E-02
3.03595E+03 3.49888E-02
3.03691E+03 3.55339E-02
3.03788E+03 3.60608E-02
3.03884E+03 3.65846E-02
3.03981E+03 3.71213E-02
3.04077E+03 3.76957E-02
3.04174E+03 3.83096E-02
3.04270E+03 3.89417E-02
3.04366E+03 3.95672E-02
3.04463E+03 4.02002E-02
3.04559E+03 4.08582E-02
3.04656E+03 4.15151E-02
3.04752E+03 4.21817E-02
3.04849E+03 4.28359E-02
3.04945E+03 4.35368E-02
3.05042E+03 4.42745E-02
3.05138E+03 4.49479E-02
3.05234E+03 4.56316E-02
3.05331E+03 4.64079E-02
3.05427E+03 4.71932E-02
3.05524E+03 4.79377E-02
3.05620E+03 4.86489E-02
3.05717E+03 4.93691E-02
3.05813E+03 5.01415E-02
3.05909E+03 5.09850E-02
3.06006E+03 5.18017E-02
3.06102E+03 5.25546E-02
3.06199E+03 5.33990E-02
3.06295E+03 5.42914E-02
3.06392E+03 5.51031E-02
3.06488E+03 5.59154E-02
3.06585E+03 5.67835E-02
3.06681E+03 5.76203E-02
3.06777E+03 5.84663E-02
3.06874E+03 5.93739E-02
3.06970E+03 6.02954E-02
3.07067E+03 6.11643E-02
3.07163E+03 6.20254E-02
3.07260E+03 6.29917E-02
3.07356E+03 6.39299E-02
3.07453E+03 6.48241E-02
3.07549E+03 6.57069E-02
3.07645E+03 6.66258E-02
3.07742E+03 6.76234E-02
3.07838E+03 6.86111E-02
3.07935E+03 6.96106E-02
3.08031E+03 7.06057E-02
3.08128E+03 7.16061E-02
3.08224E+03 7.25835E-02
3.08321E+03 7.35953E-02
3.08417E+03 7.46383E-02
3.08513E+03 7.56716E-02
3.08610E+03 7.66885E-02
3.08706E+03 7.76514E-02
3.08803E+03 7.86846E-02
3.08899E+03 7.97801E-02
3.08996E+03 8.08211E-02
3.09092E+03 8.18678E-02
3.09188E+03 8.29687E-02
3.09285E+03 8.40859E-02
3.09381E+03 8.51288E-02
3.09478E+03 8.61611E-02
3.09574E+03 8.72852E-02
3.09671E+03 8.84311E-02
3.09767E+03 8.95360E-02
3.09864E+03 9.06259E-02
3.09960E+03 9.17605E-02
3.10056E+03 9.28996E-02
3.10153E+03 9.40157E-02
3.10249E+03 9.51877E-02
3.10346E+03 9.63541E-02
3.10442E+03 9.74556E-02
3.10539E+03 9.85924E-02
3.10635E+03 9.97836E-02
3.10732E+03 1.00975E-01
3.10828E+03 1.02134E-01
3.10924E+03 1.03282E-01
3.11021E+03 1.04465E-01
3.11117E+03 1.05660E-01
3.11214E+03 1.06834E-01
3.11310E+03 1.07975E-01
3.11407E+03 1.09208E-01
3.11503E+03 1.10472E-01
3.11599E+03 1.11663E-01
3.11696E+03 1.12878E-01
3.11792E+03 1.14118E-01
3.11889E+03 1.15333E-01
3.11985E+03 1.16519E-01
3.12082E+03 1.17758E-01
3.12178E+03 1.19016E-01
3.12275E+03 1.20264E-01
3.12371E+03 1.21497E-01
3.12467E+03 1.22714E-01
3.12564E+03 1.24023E-01
3.12660E+03 1.25359E-01
3.12757E+03 1.26599E-01
3.12853E+03 1.27862E-01
3.12950E+03 1.29133E-01
3.13046E+03 1.30401E-01
3.13143E+03 1.31756E-01
3.13239E+03 1.33104E-01
3.13335E+03 1.34402E-01
3.13432E+03 1.35688E-01
3.13528E+03 1.36989E-01
3.13625E+03 1.38356E-01
3.13721E+03 1.39728E-01
3.13818E+03 1.41085E-01
3.13914E+03 1.42467E-01
3.14010E+03 1.43810E-01
3.14107E+03 1.45164E-01
3.14203E+03 1.46547E-01
3.14300E+03 1.47929E-01
3.14396E+03 1.49317E-01
3.14493E+03 1.50696E-01
3.14589E+03 1.52139E-01
3.14686E+03 1.53595E-01
3.14782E+03 1.55011E-01
3.14878E+03 1.56404E-01
3.14975E+03 1.57854E-01
3.15071E+03 1.59349E-01
3.15168E+03 1.60764E-01
3.15264E+03 1.62236E-01
3.15361E+03 1.63766E-01
3.15457E+03 1.65211E-01
3.15554E+03 1.66644E-01
3.15650E+03 1.68114E-01
3.15746E+03 1.69604E-01
3.15843E+03 1.71064E-01
3.15939E+03 1.72540E-01
3.16036E+03 1.74090E-01
3.16132E+03 1.75605E-01
3.16229E+03 1.77129E-01
3.16325E+03 1.78670E-01
3.16422E+03 1.80190E-01
3.16518E+03 1.81703E-01
3.16614E+03 1.83168E-01
3.16711E+03 1.84653E-01
3.16807E+03 1.86211E-01
3.16904E+03 1.87766E-01
3.17000E+03 1.89278E-01
3.17097E+03 1.90831E-01
3.17193E+03 1.92402E-01
3.17289E+03 1.93947E-01
3.17386E+03 1.95485E-01
3.17482E+03 1.97025E-01
3.17579E+03 1.98587E-01
3.17675E+03 2.00160E-01
3.17772E+03 2.01733E-01
3.17868E+03 2.03275E-01
3.17965E+03 2.04816E-01
3.18061E+03 2.06368E-01
3.18157E+03 2.07944E-01
3.18254E+03 2.09505E-01
3.18350E+03 2.11061E-01
3.18447E+03 2.12580E-01
3.18543E+03 2.14148E-01
3.18640E+03 2.15771E-01
3.18736E+03 2.17332E-01
3.18833E+03 2.18877E-01
3.18929E+03 2.20454E-01
3.19025E+03 2.22007E-01
3.19122E+03 2.23575E-01
3.19218E+03 2.25174E-01
3.19315E+03 2.26677E-01
3.19411E+03 2.28205E-01
3.19508E+03 2.29739E-01
3.19604E+03 2.31305E-01
3.19700E+03 2.32895E-01
3.19797E+03 2.34419E-01
3.19893E+03 2.35959E-01
3.19990E+03 2.37444E-01
3.20086E+03 2.38922E-01
3.20183E+03 2.40438E-01
3.20279E+03 2.41933E-01
3.20376E+03 2.43433E-01
3.20472E+03 2.44944E-01
3.20568E+03 2.46424E-01
3.20665E+03 2.47867E-01
3.20761E+03 2.49280E-01
3.20858E+03 2.50729E-01
3.20954E+03 2.52218E-01
3.21051E+03 2.53618E-01
3.21147E+03 2.55010E-01
3.21244E+03 2.56365E-01
3.21340E+03 2.57719E-01
3.21436E+03 2.59113E-01
3.21533E+03 2.60426E-01
3.21629E+03 2.61693E-01
3.21726E+03 2.62977E-01
3.21822E+03 2.64280E-01
3.21919E+03 2.65536E-01
3.22015E+03 2.66760E-01
3.22111E+03 2.68015E-01
3.22208E+03 2.69207E-01
3.22304E+03 2.70359E-01
3.22401E+03 2.71513E-01
3.22497E+03 2.72645E-01
3.22594E+03 2.73768E-01
3.22690E+03 2.74830E-01
3.22787E+03 2.75834E-01
3.22883E+03 2.76865E-01
3.22979E+03 2.77860E-01
3.23076E+03 2.78850E-01
3.23172E+03 2.79813E-01
3.23269E+03 2.80729E-01
3.23365E+03 2.81664E-01
3.23462E+03 2.82470E-01
3.23558E+03 2.83263E-01
3.23655E+03 2.84079E-01
3.23751E+03 2.84875E-01
3.23847E+03 2.85682E-01
3.23944E+03 2.86463E-01
3.24040E+03 2.87219E-01
3.24137E+03 2.87922E-01
3.24233E+03 2.88606E-01
3.24330E+03 2.89260E-01
3.24426E+03 2.89917E-01
3.24523E+03 2.90643E-01
3.24619E+03 2.91265E-01
3.24715E+03 2.91911E-01
3.24812E+03 2.92504E-01
3.24908E+03 2.93040E-01
3.25005E+03 2.93589E-01
3.25101E+03 2.94122E-01
3.25198E+03 2.94720E-01
3.25294E+03 2.95261E-01
3.25390E+03 2.95785E-01
3.25487E+03 2.96309E-01
3.25583E+03 2.96796E-01
3.25680E+03 2.97269E-01
3.25776E+03 2.97788E-01
3.25873E+03 2.98256E-01
3.25969E+03 2.98748E-01
3.26066E+03 2.99289E-01
3.26162E+03 2.99768E-01
3.26258E+03 3.00254E-01
3.26355E+03 3.00786E-01
3.26451E+03 3.01260E-01
3.26548E+03 3.01751E-01
3.26644E+03 3.02289E-01
3.26741E+03 3.02848E-01
3.26837E+03 3.03350E-01
3.26934E+03 3.03782E-01
3.27030E+03 3.04296E-01
3.27126E+03 3.04808E-01
3.27223E+03 3.05384E-01
3.27319E+03 3.05857E-01
3.27416E+03 3.06349E-01
3.27512E+03 3.06943E-01
3.27609E+03 3.07501E-01
3.27705E+03 3.08105E-01
3.27802E+03 3.08679E-01
3.27898E+03 3.09164E-01
3.27994E+03 3.09677E-01
3.28091E+03 3.10227E-01
3.28187E+03 3.10724E-01
3.28284E+03 3.11197E-01
3.28380E+03 3.11791E-01
3.28477E+03 3.12387E-01
3.28573E+03 3.12895E-01
3.28669E+03 3.13384E-01
3.28766E+03 3.13868E-01
3.28862E+03 3.14402E-01
3.28959E+03 3.14914E-01
3.29055E+03 3.15459E-01
3.29152E+03 3.15976E-01
3.29248E+03 3.16415E-01
3.29345E+03 3.16855E-01
3.29441E+03 3.17319E-01
3.29537E+03 3.17770E-01
3.29634E+03 3.18311E-01
3.29730E+03 3.18806E-01
3.29827E+03 3.19224E-01
3.29923E+03 3.19567E-01
3.30020E+03 3.19864E-01
3.30116E+03 3.20260E-01
3.30213E+03 3.20615E-01
3.30309E+03 3.20982E-01
3.30405E+03 3.21303E-01
3.30502E+03 3.21640E-01
3.30598E+03 3.21960E-01
3.30695E+03 3.22248E-01
3.30791E+03 3.22607E-01
3.30888E+03 3.22894E-01
3.30984E+03 3.23158E-01
3.31080E+03 3.23414E-01
3.31177E+03 3.23595E-01
3.31273E+03 3.23780E-01
3.31370E+03 3.23944E-01
3.31466E+03 3.24118E-01
3.31563E+03 3.24314E-01
3.31659E+03 3.24443E-01
3.31756E+03 3.24579E-01
3.31852E+03 3.24693E-01
3.31948E+03 3.24821E-01
3.32045E+03 3.24962E-01
3.32141E+03 3.24985E-01
3.32238E+03 3.25044E-01
3.32334E+03 3.25143E-01
3.32431E+03 3.25136E-01
3.32527E+03 3.25133E-01
3.32624E+03 3.25157E-01
3.32720E+03 3.25126E-01
3.32816E+03 3.25167E-01
3.32913E+03 3.25182E-01
3.33009E+03 3.25231E-01
3.33106E+03 3.25260E-01
3.33202E+03 3.25106E-01
3.33299E+03 3.24981E-01
3.33395E+03 3.24983E-01
3.33492E+03 3.24950E-01
3.33588E+03 3.24785E-01
3.33684E+03 3.24752E-01
3.33781E+03 3.24801E-01
3.33877E+03 3.24698E-01
3.33974E+03 3.24536E-01
3.34070E+03 3.24421E-01
3.34167E+03 3.24292E-01
3.34263E+03 3.24148E-01
3.34359E+03 3.24028E-01
3.34456E+03 3.23874E-01
3.34552E+03 3.23716E-01
3.34649E+03 3.23598E-01
3.34745E+03 3.23446E-01
3.34842E+03 3.23258E-01
3.34938E+03 3.23058E-01
3.35035E+03 3.22863E-01
3.35131E+03 3.22648E-01
3.35227E+03 3.22473E-01
3.35324E+03 3.22269E-01
3.35420E+03 3.22015E-01
3.35517E+03 3.21842E-01
3.35613E+03 3.21634E-01
3.35710E+03 3.21393E-01
3.35806E+03 3.21201E-01
3.35903E+03 3.20887E-01
3.35999E+03 3.20556E-01
3.36095E+03 3.20259E-01
3.36192E+03 3.19991E-01
3.36288E+03 3.19731E-01
3.36385E+03 3.19402E-01
3.36481E+03 3.19106E-01
3.36578E+03 3.18814E-01
3.36674E+03 3.18483E-01
3.36770E+03 3.18143E-01
3.36867E+03 3.17761E-01
3.36963E+03 3.17372E-01
3.37060E+03 3.16962E-01
3.37156E+03 3.16480E-01
3.37253E+03 3.16016E-01
3.37349E+03 3.15588E-01
3.37446E+03 3.15155E-01
3.37542E+03 3.14648E-01
3.37638E+03 3.14165E-01
3.37735E+03 3.13650E-01
3.37831E+03 3.13075E-01
3.37928E+03 3.12539E-01
3.38024E+03 3.11956E-01
3.38121E+03 3.11415E-01
3.38217E+03 3.10818E-01
3.38314E+03 3.10236E-01
3.38410E+03 3.09665E-01
3.38506E+03 3.09001E-01
3.38603E+03 3.08320E-01
3.38699E+03 3.07578E-01
3.38796E+03 3.06800E-01
3.38892E+03 3.06018E-01
3.38989E+03 3.05310E-01
3.39085E+03 3.04547E-01
3.39181E+03 3.03789E-01
3.39278E+03 3.03000E-01
3.39374E+03 3.02085E-01
3.39471E+03 3.01283E-01
3.39567E+03 3.00400E-01
3.39664E+03 2.99520E-01
3.39760E+03 2.98703E-01
3.39857E+03 2.97748E-01
3.39953E+03 2.96750E-01
3.40049E+03 2.95744E-01
3.40146E+03 2.94779E-01
3.40242E+03 2.93770E-01
3.40339E+03 2.92673E-01
3.40435E+03 2.91554E-01
3.40532E+03 2.90494E-01
3.40628E+03 2.89432E-01
3.40725E+03 2.88356E-01
3.40821E+03 2.87212E-01
3.40917E+03 2.86044E-01
3.41014E+03 2.84855E-01
3.41110E+03 2.83709E-01
3.41207E+03 2.82690E-01
3.41303E+03 2.81469E-01
3.41400E+03 2.80190E-01
3.41496E+03 2.78877E-01
3.41593E+03 2.77478E-01
3.41689E+03 2.76246E-01
3.41785E+03 2.75023E-01
3.41882E+03 2.73648E-01
3.41978E+03 2.72303E-01
3.42075E+03 2.71017E-01
3.42171E+03 2.69746E-01
3.42268E+03 2.68462E-01
3.42364E+03 2.67040E-01
3.42460E+03 2.65601E-01
3.42557E+03 2.64303E-01
3.42653E+03 2.62914E-01
3.42750E+03 2.61433E-01
3.42846E+03 2.59997E-01
3.42943E+03 2.58557E-01
3.43039E+03 2.57144E-01
3.43136E+03 2.55667E-01
3.43232E+03 2.54178E-01
3.43328E+03 2.52678E-01
3.43425E+03 2.51120E-01
3.43521E+03 2.49625E-01
3.43618E+03 2.48170E-01
3.43714E+03 2.46682E-01
3.43811E+03 2.45231E-01
3.43907E+03 2.43755E-01
3.44004E+03 2.42200E-01
3.44100E+03 2.40729E-01
3.44196E+03 2.39272E-01
3.44293E+03 2.37757E-01
3.44389E+03 2.36200E-01
3.44486E+03 2.34618E-01
3.44582E+03 2.33087E-01
3.44679E+03 2.31538E-01
3.44775E+03 2.29936E-01
3.44871E+03 2.28455E-01
3.44968E+03 2.26927E-01
3.45064E+03 2.25315E-01
3.45161E+03 2.23822E-01
3.45257E+03 2.22316E-01
3.45354E+03 2.20771E-01
3.45450E+03 2.19201E-01
3.45547E+03 2.17708E-01
3.45643E+03 2.16161E-01
3.45739E+03 2.14540E-01
3.45836E+03 2.12903E-01
3.45932E+03 2.11359E-01
3.46029E+03 2.09896E-01
3.46125E+03 2.08316E-01
3.46222E+03 2.06784E-01
3.46318E+03 2.05279E-01
3.46415E+03 2.03699E-01
3.46511E+03 2.02069E-01
3.46607E+03 2.00506E-01
3.46704E+03 1.98954E-01
3.46800E+03 1.97390E-01
3.46897E+03 1.95960E-01
3.46993E+03 1.94479E-01
3.47090E+03 1.92828E-01
3.47186E+03 1.91191E-01
3.47282E+03 1.89650E-01
3.47379E+03 1.88127E-01
3.47475E+03 1.86631E-01
3.47572E+03 1.85118E-01
3.47668E+03 1.83558E-01
3.47765E+03 1.81945E-01
3.47861E+03 1.80351E-01
3.47958E+03 1.78816E-01
3.48054E+03 1.77220E-01
3.48150E+03 1.75661E-01
3.48247E+03 1.74154E-01
3.48343E+03 1.72598E-01
3.48440E+03 1.71032E-01
3.48536E+03 1.69458E-01
3.48633E+03 1.67841E-01
3.48729E+03 1.66229E-01
3.48826E+03 1.64632E-01
3.48922E+03 1.63071E-01
3.49018E+03 1.61529E-01
3.49115E+03 1.59933E-01
3.49211E+03 1.58304E-01
3.49308E+03 1.56705E-01
3.49404E+03 1.55140E-01
3.49501E+03 1.53552E-01
3.49597E+03 1.51936E-01
3.49694E+03 1.50294E-01
3.49790E+03 1.48684E-01
3.49886E+03 1.47078E-01
3.49983E+03 1.45410E-01
3.50079E+03 1.43776E-01
3.50176E+03 1.42120E-01
3.50272E+03 1.40413E-01
3.50369E+03 1.38733E-01
3.50465E+03 1.37061E-01
3.50561E+03 1.35406E-01
3.50658E+03 1.33752E-01
3.50754E+03 1.32044E-01
3.50851E+03 1.30315E-01
3.50947E+03 1.28538E-01
3.51044E+03 1.26764E-01
3.51140E+03 1.25065E-01
3.51237E+03 1.23361E-01
3.51333E+03 1.21619E-01
3.51429E+03 1.19859E-01
3.51526E+03 1.18114E-01
3.51622E+03 1.16338E-01
3.51719E+03 1.14598E-01
3.51815E+03 1.12869E-01
3.51912E+03 1.11086E-01
3.52008E+03 1.09318E-01
3.52105E+03 1.07563E-01
3.52201E+03 1.05828E-01
3.52297E+03 1.04065E-01
3.52394E+03 1.02319E-01
3.52490E+03 1.00584E-01
3.52587E+03 9.88431E-02
3.52683E+03 9.71301E-02
3.52780E+03 9.54227E-02
3.52876E+03 9.37509E-02
3.52972E+03 9.20584E-02
3.53069E+03 9.03766E-02
3.53165E+03 8.87406E-02
3.53262E+03 8.70669E-02
3.53358E+03 8.54855E-02
3.53455E+03 8.39495E-02
3.53551E+03 8.23193E-02
3.53648E+03 8.07198E-02
3.53744E+03 7.91609E-02
3.53840E+03 7.76244E-02
3.53937E+03 7.61067E-02
3.54033E+03 7.46039E-02
3.54130E+03 7.30806E-02
3.54226E+03 7.16103E-02
3.54323E+03 7.01655E-02
3.54419E+03 6.86909E-02
3.54516E+03 6.72884E-02
3.54612E+03 6.59094E-02
3.54708E+03 6.45774E-02
3.54805E+03 6.32516E-02
3.54901E+03 6.19097E-02
3.54998E+03 6.06451E-02
3.55094E+03 5.93720E-02
3.55191E+03 5.80786E-02
3.55287E+03 5.68452E-02
3.55383E+03 5.56199E-02
3.55480E+03 5.44483E-02
3.55576E+03 5.33070E-02
3.55673E+03 5.21966E-02
3.55769E+03 5.10835E-02
3.55866E+03 4.99238E-02
3.55962E+03 4.88211E-02
3.56059E+03 4.77607E-02
3.56155E+03 4.66897E-02
3.56251E+03 4.56737E-02
3.56348E+03 4.47081E-02
3.56444E+03 4.37454E-02
3.56541E+03 4.27678E-02
3.56637E+03 4.17830E-02
3.56734E+03 4.08788E-02
3.56830E+03 3.99691E-02
3.56927E+03 3.90612E-02
3.57023E+03 3.82887E-02
3.57119E+03 3.75049E-02
3.57216E+03 3.66836E-02
3.57312E+03 3.59763E-02
3.57409E+03 3.53057E-02
3.57505E+03 3.46951E-02
3.57602E+03 3.41404E-02
3.57698E+03 3.35805E-02
3.57795E+03 3.31169E-02
3.57891E+03 3.27453E-02
3.57987E+03 3.24426E-02
3.58084E+03 3.22035E-02
3.58180E+03 3.20412E-02
3.58277E+03 3.19634E-02
3.58373E+03 3.20183E-02
3.58470E+03 3.22130E-02
3.58566E+03 3.24260E-02
3.58662E+03 3.26957E-02
3.58759E+03 3.30761E-02
3.58855E+03 3.35147E-02
3.58952E+03 3.39938E-02
3.59048E+03 3.44901E-02
3.59145E+03 3.50043E-02
3.59241E+03 3.55129E-02
3.59338E+03 3.59147E-02
3.59434E+03 3.60149E-02
3.59530E+03 3.57012E-02
3.59627E+03 3.48980E-02
3.59723E+03 3.36629E-02
3.59820E+03 3.21560E-02
3.59916E+03 3.04302E-02
3.60013E+03 2.87167E-02
3.60109E+03 2.71844E-02
3.60206E+03 2.58422E-02
3.60302E+03 2.47484E-02
3.60398E+03 2.37806E-02
3.60495E+03 2.29418E-02
3.60591E+03 2.23427E-02
3.60688E+03 2.19093E-02
3.60784E+03 2.16023E-02
3.60881E+03 2.13925E-02
3.60977E+03 2.12401E-02
3.61074E+03 2.11753E-02
3.61170E+03 2.11930E-02
3.61266E+03 2.12525E-02
3.61363E+03 2.13339E-02
3.61459E+03 2.14777E-02
3.61556E+03 2.16907E-02
3.61652E+03 2.19320E-02
3.61749E+03 2.23037E-02
3.61845E+03 2.27757E-02
3.61941E+03 2.32949E-02
3.62038E+03 2.39221E-02
3.62134E+03 2.46710E-02
3.62231E+03 2.55069E-02
3.62327E+03 2.64171E-02
3.62424E+03 2.74429E-02
3.62520E+03 2.85270E-02
3.62617E+03 2.96744E-02
3.62713E+03 3.09300E-02
3.62809E+03 3.22488E-02
3.62906E+03 3.36424E-02
3.63002E+03 3.51255E-02
3.63099E+03 3.67284E-02
3.63195E+03 3.83333E-02
3.63292E+03 3.99514E-02
3.63388E+03 4.16769E-02
3.63485E+03 4.34673E-02
3.63581E+03 4.53067E-02
3.63677E+03 4.71683E-02
3.63774E+03 4.90474E-02
3.63870E+03 5.09079E-02
3.63967E+03 5.28314E-02
3.64063E+03 5.48139E-02
3.64160E+03 5.66984E-02
3.64256E+03 5.85320E-02
3.64352E+03 6.03663E-02
3.64449E+03 6.21287E-02
3.64545E+03 6.37865E-02
3.64642E+03 6.53498E-02
3.64738E+03 6.68391E-02
3.64835E+03 6.81913E-02
3.64931E+03 6.93948E-02
3.65028E+03 7.04974E-02
3.65124E+03 7.14116E-02
3.65220E+03 7.21584E-02
3.65317E+03 7.27028E-02
3.65413E+03 7.30780E-02
3.65510E+03 7.33217E-02
3.65606E+03 7.33244E-02
3.65703E+03 7.30858E-02
3.65799E+03 7.26781E-02
3.65896E+03 7.20035E-02
3.65992E+03 7.11307E-02
3.66088E+03 7.01459E-02
3.66185E+03 6.89073E-02
3.66281E+03 6.74614E-02
3.66378E+03 6.59364E-02
3.66474E+03 6.42368E-02
3.66571E+03 6.23810E-02
3.66667E+03 6.04021E-02
3.66764E+03 5.82898E-02
3.66860E+03 5.61367E-02
3.66956E+03 5.38368E-02
3.67053E+03 5.15511E-02
3.67149E+03 4.92978E-02
3.67246E+03 4.69688E-02
3.67342E+03 4.45316E-02
3.67439E+03 4.20926E-02
3.67535E+03 3.97434E-02
3.67631E+03 3.74061E-02
3.67728E+03 3.51571E-02
3.67824E+03 3.29635E-02
3.67921E+03 3.07923E-02
3.68017E+03 2.87078E-02
3.68114E+03 2.67471E-02
3.68210E+03 2.49009E-02
3.68307E+03 2.32304E-02
3.68403E+03 2.16784E-02
3.68499E+03 2.01990E-02
3.68596E+03 1.89329E-02
3.68692E+03 1.78361E-02
3.68789E+03 1.68846E-02
3.68885E+03 1.62488E-02
3.68982E+03 1.59212E-02
3.69078E+03 1.58810E-02
3.69175E+03 1.62427E-02
3.69271E+03 1.71474E-02
3.69367E+03 1.87172E-02
3.69464E+03 2.08668E-02
3.69560E+03 2.37799E-02
3.69657E+03 2.76038E-02
3.69753E+03 3.21321E-02
3.69850E+03 3.70395E-02
3.69946E+03 4.18495E-02
3.70042E+03 4.60023E-02
3.70139E+03 4.88945E-02
3.70235E+03 5.00870E-02
3.70332E+03 4.93746E-02
3.70428E+03 4.68337E-02
3.70525E+03 4.27264E-02
3.70621E+03 3.75443E-02
3.70718E+03 3.18578E-02
3.70814E+03 2.61959E-02
3.70910E+03 2.10069E-02
3.71007E+03 1.66166E-02
3.71103E+03 1.31939E-02
3.71200E+03 1.05880E-02
3.71296E+03 8.64840E-03
3.71393E+03 7.24165E-03
3.71489E+03 6.18032E-03
3.71586E+03 5.39626E-03
3.71682E+03 4.80917E-03
3.71778E+03 4.28085E-03
3.71875E+03 3.86621E-03
3.71971E+03 3.54169E-03
3.72068E+03 3.24399E-03
3.72164E+03 2.99817E-03
3.72261E+03 2.68960E-03
3.72357E+03 2.37992E-03
3.72453E+03 2.20691E-03
3.72550E+03 2.01424E-03
3.72646E+03 1.84050E-03
3.72743E+03 1.69459E-03
3.72839E+03 1.47502E-03
3.72936E+03 1.29211E-03
3.73032E+03 1.11648E-03
3.73129E+03 9.11158E-04
3.73225E+03 7.28622E-04
3.73321E+03 5.84289E-04
3.73418E+03 3.73628E-04
3.73514E+03 1.60310E-04
3.73611E+03 -2.63564E-05
3.73707E+03 -2.08996E-04
3.73804E+03 -3.68930E-04
3.73900E+03 -5.35961E-04
3.73997E+03 -6.54604E-04
3.74093E+03 -8.10441E-04
3.74189E+03 -1.02102E-03
3.74286E+03 -1.21051E-03
3.74382E+03 -1.35391E-03
3.74479E+03 -1.49824E-03
3.74575E+03 -1.64359E-03
3.74672E+03 -1.75705E-03
3.74768E+03 -1.91914E-03
3.74865E+03 -2.07919E-03
3.74961E+03 -2.18809E-03
3.75057E+03 -2.27299E-03
3.75154E+03 -2.40424E-03
3.75250E+03 -2.54384E-03
3.75347E+03 -2.65125E-03
3.75443E+03 -2.73306E-03
3.75540E+03 -2.81991E-03
3.75636E+03 -2.89549E-03
3.75732E+03 -2.91224E-03
3.75829E+03 -2.93172E-03
3.75925E+03 -2.92562E-03
3.76022E+03 -2.99479E-03
3.76118E+03 -3.04590E-03
3.76215E+03 -3.01490E-03
3.76311E+03 -3.02267E-03
3.76408E+03 -3.06239E-03
3.76504E+03 -3.09893E-03
3.76600E+03 -3.08742E-03
3.76697E+03 -3.06809E-03
3.76793E+03 -3.11700E-03
3.76890E+03 -3.18080E-03
3.76986E+03 -3.19204E-03
3.77083E+03 -3.21617E-03
3.77179E+03 -3.25867E-03
3.77276E+03 -3.25937E-03
3.77372E+03 -3.23182E-03
3.77468E+03 -3.26658E-03
3.77565E+03 -3.28352E-03
3.77661E+03 -3.28564E-03
3.77758E+03 -3.34116E-03
3.77854E+03 -3.43261E-03
3.77951E+03 -3.42155E-03
3.78047E+03 -3.40371E-03
3.78143E+03 -3.40454E-03
3.78240E+03 -3.37306E-03
3.78336E+03 -3.42285E-03
3.78433E+03 -3.48693E-03
3.78529E+03 -3.50532E-03
3.78626E+03 -3.47268E-03
3.78722E+03 -3.51769E-03
3.78819E+03 -3.52135E-03
3.78915E+03 -3.49665E-03
3.79011E+03 -3.55882E-03
3.79108E+03 -3.53409E-03
3.79204E+03 -3.56031E-03
3.79301E+03 -3.63906E-03
3.79397E+03 -3.62811E-03
3.79494E+03 -3.63021E-03
3.79590E+03 -3.62316E-03
3.79687E+03 -3.64485E-03
3.79783E+03 -3.68275E-03
3.79879E+03 -3.69258E-03
3.79976E+03 -3.73869E-03
3.80072E+03 -3.80261E-03
3.80169E+03 -3.85449E-03
3.80265E+03 -3.84176E-03
3.80362E+03 -3.83637E-03
3.80458E+03 -3.83457E-03
3.80554E+03 -3.89304E-03
3.80651E+03 -3.97000E-03
3.80747E+03 -3.97918E-03
3.80844E+03 -3.94764E-03
3.80940E+03 -3.89512E-03
3.81037E+03 -3.96614E-03
3.81133E+03 -4.04654E-03
3.81230E+03 -4.05245E-03
3.81326E+03 -3.98670E-03
3.81422E+03 -3.98074E-03
3.81519E+03 -4.06979E-03
3.81615E+03 -4.11478E-03
3.81712E+03 -4.09769E-03
3.81808E+03 -4.09384E-03
3.81905E+03 -4.11092E-03
3.82001E+03 -4.15646E-03
3.82098E+03 -4.25433E-03
3.82194E+03 -4.29372E-03
3.82290E+03 -4.23380E-03
3.82387E+03 -4.25560E-03
3.82483E+03 -4.35557E-03
3.82580E+03 -4.38543E-03
3.82676E+03 -4.35119E-03
3.82773E+03 -4.32720E-03
3.82869E+03 -4.31807E-03
3.82966E+03 -4.31146E-03
3.83062E+03 -4.38787E-03
3.83158E+03 -4.41343E-03
3.83255E+03 -4.39293E-03
3.83351E+03 -4.44224E-03
3.83448E+03 -4.47950E-03
3.83544E+03 -4.51515E-03
3.83641E+03 -4.53657E-03
3.83737E+03 -4.56916E-03
3.83833E+03 -4.64439E-03
3.83930E+03 -4.59674E-03
3.84026E+03 -4.58059E-03
3.84123E+03 -4.61922E-03
3.84219E+03 -4.61622E-03
3.84316E+03 -4.61167E-03
3.84412E+03 -4.63332E-03
3.84509E+03 -4.67002E-03
3.84605E+03 -4.66680E-03
3.84701E+03 -4.61490E-03
3.84798E+03 -4.60271E-03
3.84894E+03 -4.65729E-03
3.84991E+03 -4.70030E-03
3.85087E+03 -4.70252E-03
3.85184E+03 -4.69615E-03
3.85280E+03 -4.74668E-03
3.85377E+03 -4.77418E-03
3.85473E+03 -4.77032E-03
3.85569E+03 -4.79810E-03
3.85666E+03 -4.82058E-03
3.85762E+03 -4.82013E-03
3.85859E+03 -4.81044E-03
3.85955E+03 -4.76605E-03
3.86052E+03 -4.81701E-03
3.86148E+03 -4.88233E-03
3.86244E+03 -4.84527E-03
3.86341E+03 -4.81745E-03
3.86437E+03 -4.85415E-03
3.86534E+03 -4.87306E-03
3.86630E+03 -4.86364E-03
3.86727E+03 -4.91031E-03
3.86823E+03 -4.95196E-03
3.86920E+03 -4.95381E-03
3.87016E+03 -4.96521E-03
3.87112E+03 -4.99937E-03
3.87209E+03 -4.98991E-03
3.87305E+03 -4.94299E-03
3.87402E+03 -4.97049E-03
3.87498E+03 -5.02332E-03
3.87595E+03 -5.05707E-03
3.87691E+03 -5.10253E-03
3.87788E+03 -5.16772E-03
3.87884E+03 -5.18143E-03
3.87980E+03 -5.10973E-03
3.88077E+03 -5.11317E-03
3.88173E+03 -5.12191E-03
3.88270E+03 -5.13147E-03
3.88366E+03 -5.19114E-03
3.88463E+03 -5.17476E-03
3.88559E+03 -5.12272E-03
3.88655E+03 -5.14065E-03
3.88752E+03 -5.17683E-03
3.88848E+03 -5.20983E-03
3.88945E+03 -5.25738E-03
3.89041E+03 -5.31596E-03
3.89138E+03 -5.28610E-03
3.89234E+03 -5.30631E-03
3.89331E+03 -5.32591E-03
3.89427E+03 -5.26023E-03
3.89523E+03 -5.24085E-03
3.89620E+03 -5.26692E-03
3.89716E+03 -5.32104E-03
3.89813E+03 -5.30572E-03
3.89909E+03 -5.35574E-03
3.90006E+03 -5.41589E-03
3.90102E+03 -5.39643E-03
3.90199E+03 -5.34303E-03
3.90295E+03 -5.35625E-03
3.90391E+03 -5.38781E-03
3.90488E+03 -5.37165E-03
3.90584E+03 -5.35441E-03
3.90681E+03 -5.31537E-03
3.90777E+03 -5.29908E-03
3.90874E+03 -5.32342E-03
3.90970E+03 -5.31897E-03
3.91067E+03 -5.33443E-03
3.91163E+03 -5.37435E-03
3.91259E+03 -5.38151E-03
3.91356E+03 -5.36766E-03
3.91452E+03 -5.42153E-03
3.91549E+03 -5.35315E-03
3.91645E+03 -5.25707E-03
3.91742E+03 -5.32738E-03
3.91838E+03 -5.30817E-03
3.91934E+03 -5.29645E-03
3.92031E+03 -5.32272E-03
3.92127E+03 -5.35030E-03
3.92224E+03 -5.41514E-03
3.92320E+03 -5.38452E-03
3.92417E+03 -5.35461E-03
3.92513E+03 -5.38298E-03
3.92610E+03 -5.36368E-03
3.92706E+03 -5.33510E-03
3.92802E+03 -5.31249E-03
3.92899E+03 -5.32288E-03
3.92995E+03 -5.34278E-03
3.93092E+03 -5.38073E-03
3.93188E+03 -5.37187E-03
3.93285E+03 -5.33509E-03
3.93381E+03 -5.36724E-03
3.93478E+03 -5.37962E-03
3.93574E+03 -5.38084E-03
3.93670E+03 -5.36485E-03
3.93767E+03 -5.31721E-03
3.93863E+03 -5.31826E-03
3.93960E+03 -5.36119E-03
3.94056E+03 -5.35775E-03
3.94153E+03 -5.32473E-03
3.94249E+03 -5.30592E-03
3.94346E+03 -5.27824E-03
3.94442E+03 -5.33845E-03
3.94538E+03 -5.37578E-03
3.94635E+03 -5.29125E-03
3.94731E+03 -5.29189E-03
3.94828E+03 -5.35014E-03
3.94924E+03 -5.30328E-03
3.95021E+03 -5.27969E-03
3.95117E+03 -5.31335E-03
3.95213E+03 -5.32113E-03
3.95310E+03 -5.33937E-03
3.95406E+03 -5.38093E-03
3.95503E+03 -5.36086E-03
3.95599E+03 -5.26459E-03
3.95696E+03 -5.22481E-03
3.95792E+03 -5.21169E-03
3.95889E+03 -5.22760E-03
3.95985E+03 -5.25767E-03
3.96081E+03 -5.26684E-03
3.96178E+03 -5.28894E-03
3.96274E+03 -5.29513E-03
3.96371E+03 -5.28254E-03
3.96467E+03 -5.29800E-03
3.96564E+03 -5.29661E-03
3.96660E+03 -5.27022E-03
3.96757E+03 -5.29509E-03
3.96853E+03 -5.29884E-03
3.96949E+03 -5.31255E-03
3.97046E+03 -5.33874E-03
3.97142E+03 -5.33606E-03
3.97239E+03 -5.31618E-03
3.97335E+03 -5.28963E-03
3.97432E+03 -5.25871E-03
3.97528E+03 -5.20681E-03
3.97624E+03 -5.21464E-03
3.97721E+03 -5.23440E-03
3.97817E+03 -5.25022E-03
3.97914E+03 -5.19288E-03
3.98010E+03 -5.15962E-03
3.98107E+03 -5.15489E-03
3.98203E+03 -5.16492E-03
3.98300E+03 -5.24830E-03
3.98396E+03 -5.26632E-03
3.98492E+03 -5.28374E-03
3.98589E+03 -5.20643E-03
3.98685E+03 -5.10129E-03
3.98782E+03 -5.12103E-03
3.98878E+03 -5.13106E-03
3.98975E+03 -5.12116E-03
3.99071E+03 -5.09928E-03
3.99168E+03 -5.05885E-03
3.99264E+03 -5.03378E-03
3.99360E+03 -5.01111E-03
3.99457E+03 -5.02827E-03
3.99553E+03 -5.01753E-03
3.99650E+03 -4.97722E-03
3.99746E+03 -4.94187E-03
3.99843E+03 -4.93014E-03
3.99939E+03 -4.94611E-03
4.00035E+03 -4.92643E-03
4.00132E+03 -4.97279E-03
