# {"full": "H2O:CH3OH:CO2 (0.9:0.3:1)", "name": "H2O:CH3OH:CO2", "ratio": "(0.9:0.3:1)", "url": "https://icedb.strw.leidenuniv.nl/data/51", "author": "Ehrenfreund et al.", "latex_molname": "$\\ce{H2O}$:$\\ce{CH3OH}$:$\\ce{CO2}$ (0.9:0.3:1)", "temperature": 98.0, "index": 446}
3.99264E+02 -2.33226E-02
4.00228E+02 -1.86520E-02
4.01193E+02 -2.03471E-03
4.02157E+02 -1.61125E-03
4.03122E+02 -4.25661E-03
4.04086E+02 -3.79655E-03
4.05050E+02 -4.60366E-03
4.06015E+02 -3.42734E-03
4.06979E+02 -1.14367E-03
4.07944E+02 -6.90152E-03
4.08908E+02 -8.40089E-03
4.09872E+02 -6.82558E-03
4.10837E+02 -7.33519E-03
4.11801E+02 -6.04783E-03
4.12766E+02 -4.72309E-03
4.13730E+02 -3.24374E-03
4.14694E+02 -5.18990E-03
4.15659E+02 -6.48025E-03
4.16623E+02 -5.01072E-03
4.17588E+02 -4.55465E-03
4.18552E+02 -3.73428E-03
4.19516E+02 -8.42009E-04
4.20481E+02 1.85950E-03
4.21445E+02 -5.83693E-03
4.22410E+02 -1.09895E-02
4.23374E+02 -8.29174E-03
4.24339E+02 -7.39662E-03
4.25303E+02 -5.28580E-03
4.26267E+02 -3.46195E-03
4.27232E+02 -2.28319E-03
4.28196E+02 -7.04256E-03
4.29161E+02 -1.02257E-02
4.30125E+02 -6.66324E-03
4.31089E+02 -4.03308E-03
4.32054E+02 -4.84024E-03
4.33018E+02 -6.87740E-03
4.33983E+02 -6.35681E-03
4.34947E+02 -4.93606E-03
4.35911E+02 -4.67447E-03
4.36876E+02 -5.89668E-03
4.37840E+02 -5.99682E-03
4.38805E+02 -5.49770E-03
4.39769E+02 -4.82757E-03
4.40733E+02 -5.51992E-03
4.41698E+02 3.35905E-03
4.42662E+02 1.08314E-02
4.43627E+02 1.32624E-03
4.44591E+02 -3.09232E-03
4.45555E+02 -2.83444E-03
4.46520E+02 -3.37826E-03
4.47484E+02 -3.74201E-03
4.48449E+02 -3.83496E-03
4.49413E+02 -3.62794E-03
4.50377E+02 -4.20035E-03
4.51342E+02 -3.87695E-03
4.52306E+02 -3.90161E-03
4.53271E+02 -3.87862E-03
4.54235E+02 -3.48588E-03
4.55199E+02 -4.24062E-03
4.56164E+02 -3.20880E-03
4.57128E+02 -2.28962E-03
4.58093E+02 -3.40825E-03
4.59057E+02 -3.57458E-03
4.60022E+02 -3.27340E-03
4.60986E+02 -3.32922E-03
4.61950E+02 -3.52877E-03
4.62915E+02 -3.53060E-03
4.63879E+02 -3.61309E-03
4.64844E+02 -3.57759E-03
4.65808E+02 -3.21834E-03
4.66772E+02 -3.12713E-03
4.67737E+02 -3.08522E-03
4.68701E+02 -2.92005E-03
4.69666E+02 -2.48972E-03
4.70630E+02 -1.83136E-03
4.71594E+02 -2.34068E-03
4.72559E+02 -2.78199E-03
4.73523E+02 -2.66213E-03
4.74488E+02 -2.53969E-03
4.75452E+02 -2.09005E-03
4.76416E+02 -2.32287E-03
4.77381E+02 -3.57993E-03
4.78345E+02 -2.76623E-03
4.79310E+02 -1.69313E-03
4.80274E+02 -1.65099E-03
4.81238E+02 -1.45607E-03
4.82203E+02 -1.47309E-03
4.83167E+02 -1.51641E-03
4.84132E+02 -1.21163E-03
4.85096E+02 -3.73803E-04
4.86060E+02 -1.60754E-04
4.87025E+02 -3.03589E-04
4.87989E+02 -1.35295E-04
4.88954E+02 -6.06477E-06
4.89918E+02 2.50433E-04
4.90883E+02 3.54387E-04
4.91847E+02 3.78411E-04
4.92811E+02 7.03439E-04
4.93776E+02 1.05822E-03
4.94740E+02 1.28773E-03
4.95705E+02 1.41034E-03
4.96669E+02 1.50638E-03
4.97633E+02 1.98737E-03
4.98598E+02 2.74078E-03
4.99562E+02 2.72661E-03
5.00527E+02 2.57599E-03
5.01491E+02 2.74691E-03
5.02455E+02 2.93834E-03
5.03420E+02 3.07555E-03
5.04384E+02 3.31049E-03
5.05349E+02 3.64044E-03
5.06313E+02 3.95908E-03
5.07277E+02 4.13035E-03
5.08242E+02 4.22128E-03
5.09206E+02 4.33080E-03
5.10171E+02 4.39873E-03
5.11135E+02 4.55104E-03
5.12099E+02 4.79674E-03
5.13064E+02 5.34332E-03
5.14028E+02 5.55518E-03
5.14993E+02 5.58402E-03
5.15957E+02 5.61092E-03
5.16921E+02 5.78577E-03
5.17886E+02 5.63328E-03
5.18850E+02 5.83784E-03
5.19815E+02 7.81934E-03
5.20779E+02 8.11682E-03
5.21743E+02 7.48342E-03
5.22708E+02 7.53704E-03
5.23672E+02 7.47088E-03
5.24637E+02 7.65519E-03
5.25601E+02 7.76331E-03
5.26565E+02 7.93689E-03
5.27530E+02 8.03338E-03
5.28494E+02 8.15730E-03
5.29459E+02 8.35442E-03
5.30423E+02 8.42983E-03
5.31388E+02 8.60849E-03
5.32352E+02 8.83767E-03
5.33316E+02 8.78644E-03
5.34281E+02 8.95916E-03
5.35245E+02 9.09313E-03
5.36210E+02 9.13584E-03
5.37174E+02 9.50857E-03
5.38138E+02 9.70980E-03
5.39103E+02 9.85734E-03
5.40067E+02 1.00228E-02
5.41032E+02 1.01735E-02
5.41996E+02 1.03545E-02
5.42960E+02 1.05252E-02
5.43925E+02 1.05825E-02
5.44889E+02 1.07389E-02
5.45854E+02 1.10078E-02
5.46818E+02 1.12655E-02
5.47782E+02 1.14574E-02
5.48747E+02 1.15197E-02
5.49711E+02 1.16937E-02
5.50676E+02 1.17823E-02
5.51640E+02 1.19007E-02
5.52604E+02 1.21567E-02
5.53569E+02 1.24591E-02
5.54533E+02 1.21697E-02
5.55498E+02 1.20868E-02
5.56462E+02 1.25038E-02
5.57427E+02 1.26576E-02
5.58391E+02 1.28850E-02
5.59355E+02 1.31113E-02
5.60320E+02 1.32682E-02
5.61284E+02 1.34879E-02
5.62249E+02 1.36849E-02
5.63213E+02 1.38563E-02
5.64177E+02 1.40151E-02
5.65142E+02 1.41234E-02
5.66106E+02 1.43543E-02
5.67071E+02 1.45789E-02
5.68035E+02 1.47671E-02
5.68999E+02 1.50123E-02
5.69964E+02 1.51621E-02
5.70928E+02 1.53653E-02
5.71893E+02 1.56831E-02
5.72857E+02 1.60749E-02
5.73821E+02 1.63693E-02
5.74786E+02 1.75361E-02
5.75750E+02 1.73332E-02
5.76715E+02 1.58137E-02
5.77679E+02 1.61780E-02
5.78643E+02 1.66089E-02
5.79608E+02 1.67260E-02
5.80572E+02 1.70280E-02
5.81537E+02 1.73136E-02
5.82501E+02 1.76046E-02
5.83465E+02 1.79060E-02
5.84430E+02 1.82278E-02
5.85394E+02 1.85172E-02
5.86359E+02 1.87921E-02
5.87323E+02 1.89881E-02
5.88287E+02 1.92313E-02
5.89252E+02 1.95094E-02
5.90216E+02 1.97461E-02
5.91181E+02 2.00568E-02
5.92145E+02 2.04319E-02
5.93109E+02 2.07863E-02
5.94074E+02 2.10458E-02
5.95038E+02 2.13315E-02
5.96003E+02 2.15577E-02
5.96967E+02 2.18993E-02
5.97932E+02 2.24115E-02
5.98896E+02 2.27455E-02
5.99860E+02 2.31154E-02
6.00825E+02 2.34999E-02
6.01789E+02 2.38015E-02
6.02754E+02 2.42075E-02
6.03718E+02 2.46900E-02
6.04682E+02 2.50500E-02
6.05647E+02 2.54528E-02
6.06611E+02 2.59457E-02
6.07576E+02 2.63710E-02
6.08540E+02 2.68395E-02
6.09504E+02 2.72071E-02
6.10469E+02 2.77460E-02
6.11433E+02 2.85327E-02
6.12398E+02 2.90153E-02
6.13362E+02 2.95234E-02
6.14326E+02 3.01614E-02
6.15291E+02 3.08660E-02
6.16255E+02 3.15252E-02
6.17220E+02 3.22796E-02
6.18184E+02 3.30758E-02
6.19148E+02 3.38334E-02
6.20113E+02 3.47314E-02
6.21077E+02 3.55783E-02
6.22042E+02 3.64944E-02
6.23006E+02 3.74990E-02
6.23971E+02 3.85807E-02
6.24935E+02 3.97801E-02
6.25899E+02 4.10681E-02
6.26864E+02 4.24537E-02
6.27828E+02 4.39197E-02
6.28793E+02 4.55546E-02
6.29757E+02 4.72376E-02
6.30721E+02 4.90761E-02
6.31686E+02 5.12023E-02
6.32650E+02 5.34026E-02
6.33615E+02 5.57584E-02
6.34579E+02 5.83457E-02
6.35543E+02 6.13947E-02
6.36508E+02 6.51304E-02
6.37472E+02 6.95562E-02
6.38437E+02 7.47738E-02
6.39401E+02 7.96536E-02
6.40365E+02 8.42861E-02
6.41330E+02 8.99509E-02
6.42294E+02 9.65367E-02
6.43259E+02 1.03736E-01
6.44223E+02 1.11632E-01
6.45187E+02 1.20185E-01
6.46152E+02 1.29138E-01
6.47116E+02 1.38049E-01
6.48081E+02 1.46649E-01
6.49045E+02 1.54894E-01
6.50009E+02 1.62997E-01
6.50974E+02 1.71386E-01
6.51938E+02 1.81697E-01
6.52903E+02 1.96818E-01
6.53867E+02 2.19634E-01
6.54831E+02 2.43477E-01
6.55796E+02 2.48304E-01
6.56760E+02 2.37408E-01
6.57725E+02 2.28669E-01
6.58689E+02 2.27549E-01
6.59654E+02 2.31172E-01
6.60618E+02 2.26607E-01
6.61582E+02 2.11564E-01
6.62547E+02 1.94247E-01
6.63511E+02 1.77206E-01
6.64476E+02 1.61014E-01
6.65440E+02 1.46219E-01
6.66404E+02 1.32894E-01
6.67369E+02 1.20477E-01
6.68333E+02 1.08877E-01
6.69298E+02 9.82349E-02
6.70262E+02 8.83977E-02
6.71226E+02 7.94041E-02
6.72191E+02 7.04330E-02
6.73155E+02 6.06895E-02
6.74120E+02 5.08777E-02
6.75084E+02 4.25941E-02
6.76048E+02 3.67618E-02
6.77013E+02 3.34437E-02
6.77977E+02 3.19223E-02
6.78942E+02 3.13763E-02
6.79906E+02 3.12870E-02
6.80870E+02 3.14303E-02
6.81835E+02 3.16765E-02
6.82799E+02 3.19328E-02
6.83764E+02 3.22639E-02
6.84728E+02 3.26283E-02
6.85692E+02 3.29969E-02
6.86657E+02 3.33931E-02
6.87621E+02 3.37558E-02
6.88586E+02 3.41813E-02
6.89550E+02 3.46543E-02
6.90514E+02 3.51312E-02
6.91479E+02 3.55887E-02
6.92443E+02 3.60135E-02
6.93408E+02 3.64036E-02
6.94372E+02 3.67604E-02
6.95337E+02 3.73967E-02
6.96301E+02 3.80258E-02
6.97265E+02 3.83800E-02
6.98230E+02 3.88729E-02
6.99194E+02 3.93619E-02
7.00159E+02 3.97928E-02
7.01123E+02 4.00314E-02
7.02087E+02 4.03608E-02
7.03052E+02 4.11737E-02
7.04016E+02 4.17918E-02
7.04981E+02 4.21827E-02
7.05945E+02 4.26128E-02
7.06909E+02 4.30517E-02
7.07874E+02 4.37018E-02
7.08838E+02 4.44884E-02
7.09803E+02 4.48893E-02
7.10767E+02 4.52189E-02
7.11731E+02 4.56186E-02
7.12696E+02 4.60882E-02
7.13660E+02 4.66059E-02
7.14625E+02 4.70314E-02
7.15589E+02 4.75515E-02
7.16553E+02 4.80685E-02
7.17518E+02 4.85421E-02
7.18482E+02 4.90719E-02
7.19447E+02 4.96645E-02
7.20411E+02 5.01016E-02
7.21375E+02 5.05086E-02
7.22340E+02 5.10229E-02
7.23304E+02 5.14616E-02
7.24269E+02 5.18469E-02
7.25233E+02 5.22999E-02
7.26198E+02 5.27342E-02
7.27162E+02 5.32382E-02
7.28126E+02 5.37710E-02
7.29091E+02 5.41599E-02
7.30055E+02 5.45013E-02
7.31020E+02 5.49777E-02
7.31984E+02 5.54832E-02
7.32948E+02 5.59447E-02
7.33913E+02 5.64139E-02
7.34877E+02 5.68560E-02
7.35842E+02 5.72439E-02
7.36806E+02 5.76782E-02
7.37770E+02 5.81991E-02
7.38735E+02 5.86258E-02
7.39699E+02 5.91001E-02
7.40664E+02 5.95637E-02
7.41628E+02 5.99430E-02
7.42592E+02 6.03573E-02
7.43557E+02 6.07660E-02
7.44521E+02 6.11200E-02
7.45486E+02 6.14991E-02
7.46450E+02 6.19494E-02
7.47414E+02 6.23223E-02
7.48379E+02 6.26651E-02
7.49343E+02 6.30983E-02
7.50308E+02 6.36612E-02
7.51272E+02 6.41850E-02
7.52236E+02 6.44124E-02
7.53201E+02 6.47057E-02
7.54165E+02 6.50735E-02
7.55130E+02 6.54163E-02
7.56094E+02 6.57693E-02
7.57058E+02 6.60908E-02
7.58023E+02 6.64745E-02
7.58987E+02 6.68468E-02
7.59952E+02 6.71867E-02
7.60916E+02 6.75303E-02
7.61880E+02 6.78611E-02
7.62845E+02 6.81331E-02
7.63809E+02 6.84542E-02
7.64774E+02 6.88878E-02
7.65738E+02 6.92076E-02
7.66703E+02 6.93883E-02
7.67667E+02 6.96478E-02
7.68631E+02 6.99523E-02
7.69596E+02 7.01910E-02
7.70560E+02 7.04037E-02
7.71525E+02 7.07013E-02
7.72489E+02 7.09482E-02
7.73453E+02 7.11648E-02
7.74418E+02 7.14163E-02
7.75382E+02 7.17004E-02
7.76347E+02 7.19393E-02
7.77311E+02 7.20964E-02
7.78275E+02 7.23367E-02
7.79240E+02 7.26066E-02
7.80204E+02 7.28228E-02
7.81169E+02 7.29595E-02
7.82133E+02 7.31283E-02
7.83097E+02 7.32845E-02
7.84062E+02 7.34721E-02
7.85026E+02 7.35483E-02
7.85991E+02 7.37326E-02
7.86955E+02 7.41857E-02
7.87919E+02 7.43497E-02
7.88884E+02 7.44600E-02
7.89848E+02 7.46383E-02
7.90813E+02 7.47689E-02
7.91777E+02 7.48776E-02
7.92742E+02 7.50300E-02
7.93706E+02 7.51705E-02
7.94670E+02 7.52306E-02
7.95635E+02 7.53361E-02
7.96599E+02 7.54670E-02
7.97564E+02 7.55342E-02
7.98528E+02 7.55992E-02
7.99492E+02 7.57479E-02
8.00457E+02 7.57978E-02
8.01421E+02 7.57361E-02
8.02386E+02 7.57909E-02
8.03350E+02 7.59205E-02
8.04314E+02 7.59831E-02
8.05279E+02 7.58926E-02
8.06243E+02 7.58628E-02
8.07208E+02 7.57962E-02
8.08172E+02 7.57254E-02
8.09136E+02 7.57691E-02
8.10101E+02 7.58116E-02
8.11065E+02 7.58606E-02
8.12030E+02 7.58020E-02
8.12994E+02 7.57787E-02
8.13958E+02 7.57727E-02
8.14923E+02 7.56380E-02
8.15887E+02 7.55046E-02
8.16852E+02 7.53960E-02
8.17816E+02 7.53067E-02
8.18780E+02 7.52272E-02
8.19745E+02 7.51026E-02
8.20709E+02 7.49247E-02
8.21674E+02 7.48091E-02
8.22638E+02 7.47307E-02
8.23602E+02 7.46125E-02
8.24567E+02 7.44675E-02
8.25531E+02 7.42705E-02
8.26496E+02 7.41404E-02
8.27460E+02 7.39042E-02
8.28424E+02 7.36745E-02
8.29389E+02 7.35547E-02
8.30353E+02 7.33196E-02
8.31318E+02 7.30693E-02
8.32282E+02 7.28896E-02
8.33247E+02 7.26861E-02
8.34211E+02 7.24227E-02
8.35175E+02 7.20667E-02
8.36140E+02 7.17411E-02
8.37104E+02 7.15564E-02
8.38069E+02 7.13809E-02
8.39033E+02 7.11239E-02
8.39997E+02 7.07554E-02
8.40962E+02 7.03810E-02
8.41926E+02 6.99488E-02
8.42891E+02 6.97301E-02
8.43855E+02 6.95832E-02
8.44819E+02 6.92281E-02
8.45784E+02 6.88431E-02
8.46748E+02 6.84627E-02
8.47713E+02 6.80713E-02
8.48677E+02 6.76844E-02
8.49641E+02 6.73356E-02
8.50606E+02 6.69408E-02
8.51570E+02 6.65370E-02
8.52535E+02 6.61260E-02
8.53499E+02 6.57396E-02
8.54463E+02 6.54526E-02
8.55428E+02 6.50903E-02
8.56392E+02 6.45016E-02
8.57357E+02 6.39394E-02
8.58321E+02 6.35778E-02
8.59286E+02 6.31685E-02
8.60250E+02 6.29804E-02
8.61214E+02 6.25944E-02
8.62179E+02 6.16756E-02
8.63143E+02 6.08368E-02
8.64108E+02 6.04825E-02
8.65072E+02 6.03448E-02
8.66036E+02 5.99025E-02
8.67001E+02 5.93614E-02
8.67965E+02 5.88480E-02
8.68930E+02 5.84836E-02
8.69894E+02 5.80239E-02
8.70858E+02 5.74145E-02
8.71823E+02 5.67772E-02
8.72787E+02 5.61743E-02
8.73752E+02 5.57057E-02
8.74716E+02 5.51871E-02
8.75680E+02 5.45656E-02
8.76645E+02 5.41110E-02
8.77609E+02 5.36472E-02
8.78574E+02 5.29629E-02
8.79538E+02 5.23270E-02
8.80502E+02 5.18269E-02
8.81467E+02 5.13188E-02
8.82431E+02 5.07215E-02
8.83396E+02 5.01097E-02
8.84360E+02 4.95669E-02
8.85324E+02 4.90212E-02
8.86289E+02 4.83361E-02
8.87253E+02 4.76966E-02
8.88218E+02 4.71380E-02
8.89182E+02 4.65484E-02
8.90146E+02 4.59548E-02
8.91111E+02 4.53224E-02
8.92075E+02 4.46519E-02
8.93040E+02 4.40703E-02
8.94004E+02 4.34948E-02
8.94969E+02 4.28771E-02
8.95933E+02 4.22238E-02
8.96897E+02 4.16096E-02
8.97862E+02 4.10029E-02
8.98826E+02 4.03133E-02
8.99791E+02 3.96910E-02
9.00755E+02 3.91389E-02
9.01719E+02 3.85539E-02
9.02684E+02 3.78848E-02
9.03648E+02 3.72348E-02
9.04613E+02 3.66559E-02
9.05577E+02 3.60715E-02
9.06541E+02 3.54313E-02
9.07506E+02 3.47560E-02
9.08470E+02 3.41126E-02
9.09435E+02 3.34529E-02
9.10399E+02 3.27499E-02
9.11363E+02 3.21084E-02
9.12328E+02 3.15420E-02
9.13292E+02 3.09643E-02
9.14257E+02 3.02970E-02
9.15221E+02 2.96236E-02
9.16185E+02 2.90214E-02
9.17150E+02 2.84516E-02
9.18114E+02 2.79025E-02
9.19079E+02 2.73975E-02
9.20043E+02 2.66170E-02
9.21007E+02 2.58245E-02
9.21972E+02 2.51702E-02
9.22936E+02 2.45328E-02
9.23901E+02 2.40306E-02
9.24865E+02 2.34276E-02
9.25829E+02 2.27467E-02
9.26794E+02 2.21475E-02
9.27758E+02 2.15928E-02
9.28723E+02 2.10084E-02
9.29687E+02 2.04033E-02
9.30651E+02 1.97663E-02
9.31616E+02 1.91430E-02
9.32580E+02 1.85851E-02
9.33545E+02 1.80040E-02
9.34509E+02 1.74550E-02
9.35474E+02 1.69123E-02
9.36438E+02 1.63418E-02
9.37402E+02 1.58064E-02
9.38367E+02 1.52442E-02
9.39331E+02 1.46708E-02
9.40296E+02 1.41296E-02
9.41260E+02 1.34717E-02
9.42224E+02 1.28239E-02
9.43189E+02 1.23197E-02
9.44153E+02 1.17775E-02
9.45118E+02 1.12391E-02
9.46082E+02 1.06853E-02
9.47046E+02 1.01549E-02
9.48011E+02 9.60606E-03
9.48975E+02 9.07030E-03
9.49940E+02 8.58389E-03
9.50904E+02 8.11557E-03
9.51868E+02 7.63037E-03
9.52833E+02 7.10291E-03
9.53797E+02 6.65782E-03
9.54762E+02 6.24257E-03
9.55726E+02 5.70316E-03
9.56690E+02 5.21186E-03
9.57655E+02 4.77780E-03
9.58619E+02 4.33186E-03
9.59584E+02 3.91825E-03
9.60548E+02 3.48766E-03
9.61513E+02 3.11236E-03
9.62477E+02 2.65178E-03
9.63441E+02 2.16650E-03
9.64406E+02 1.76428E-03
9.65370E+02 1.39583E-03
9.66335E+02 1.01719E-03
9.67299E+02 6.27160E-04
9.68263E+02 2.64540E-04
9.69228E+02 -1.38480E-04
9.70192E+02 -4.98421E-04
9.71157E+02 -7.94455E-04
9.72121E+02 -1.12629E-03
9.73085E+02 -1.48173E-03
9.74050E+02 -1.78295E-03
9.75014E+02 -2.02729E-03
9.75979E+02 -2.30768E-03
9.76943E+02 -2.59798E-03
9.77907E+02 -2.83478E-03
9.78872E+02 -3.07390E-03
9.79836E+02 -3.26836E-03
9.80801E+02 -3.45138E-03
9.81765E+02 -3.61245E-03
9.82729E+02 -3.70892E-03
9.83694E+02 -3.94676E-03
9.84658E+02 -4.15218E-03
9.85623E+02 -4.23172E-03
9.86587E+02 -4.31750E-03
9.87551E+02 -4.35286E-03
9.88516E+02 -4.40330E-03
9.89480E+02 -4.44164E-03
9.90445E+02 -4.40257E-03
9.91409E+02 -4.34297E-03
9.92373E+02 -4.25410E-03
9.93338E+02 -4.00801E-03
9.94302E+02 -3.65353E-03
9.95267E+02 -3.20241E-03
9.96231E+02 -2.54911E-03
9.97195E+02 -1.68375E-03
9.98160E+02 -3.66859E-04
9.99124E+02 1.49968E-03
1.00009E+03 3.87970E-03
1.00105E+03 6.95252E-03
1.00202E+03 1.07265E-02
1.00298E+03 1.52017E-02
1.00395E+03 2.04633E-02
1.00491E+03 2.64436E-02
1.00588E+03 3.29476E-02
1.00684E+03 3.98393E-02
1.00780E+03 4.68321E-02
1.00877E+03 5.37342E-02
1.00973E+03 6.03528E-02
1.01070E+03 6.64986E-02
1.01166E+03 7.20277E-02
1.01263E+03 7.67056E-02
1.01359E+03 8.05124E-02
1.01455E+03 8.33417E-02
1.01552E+03 8.52216E-02
1.01648E+03 8.61004E-02
1.01745E+03 8.62025E-02
1.01841E+03 8.54894E-02
1.01938E+03 8.37412E-02
1.02034E+03 8.14595E-02
1.02131E+03 7.87457E-02
1.02227E+03 7.58047E-02
1.02323E+03 7.27590E-02
1.02420E+03 6.96580E-02
1.02516E+03 6.65882E-02
1.02613E+03 6.34458E-02
1.02709E+03 6.03758E-02
1.02806E+03 5.73906E-02
1.02902E+03 5.44356E-02
1.02999E+03 5.15150E-02
1.03095E+03 4.85704E-02
1.03191E+03 4.55177E-02
1.03288E+03 4.23125E-02
1.03384E+03 3.90063E-02
1.03481E+03 3.54906E-02
1.03577E+03 3.18267E-02
1.03674E+03 2.80001E-02
1.03770E+03 2.42768E-02
1.03866E+03 2.04125E-02
1.03963E+03 1.61736E-02
1.04059E+03 1.25157E-02
1.04156E+03 9.32731E-03
1.04252E+03 6.31156E-03
1.04349E+03 3.64539E-03
1.04445E+03 1.35125E-03
1.04542E+03 -5.70301E-04
1.04638E+03 -2.23823E-03
1.04734E+03 -3.60738E-03
1.04831E+03 -4.69495E-03
1.04927E+03 -5.56419E-03
1.05024E+03 -6.30667E-03
1.05120E+03 -6.89660E-03
1.05217E+03 -7.52873E-03
1.05313E+03 -8.09643E-03
1.05410E+03 -8.23869E-03
1.05506E+03 -8.37592E-03
1.05602E+03 -8.52615E-03
1.05699E+03 -8.66905E-03
1.05795E+03 -8.86959E-03
1.05892E+03 -9.05813E-03
1.05988E+03 -9.12093E-03
1.06085E+03 -9.20640E-03
1.06181E+03 -9.38552E-03
1.06278E+03 -9.52157E-03
1.06374E+03 -9.58521E-03
1.06470E+03 -9.63936E-03
1.06567E+03 -9.69955E-03
1.06663E+03 -9.83395E-03
1.06760E+03 -1.00084E-02
1.06856E+03 -1.00240E-02
1.06953E+03 -1.00488E-02
1.07049E+03 -1.00952E-02
1.07145E+03 -1.02143E-02
1.07242E+03 -1.03387E-02
1.07338E+03 -1.05352E-02
1.07435E+03 -1.04102E-02
1.07531E+03 -1.02211E-02
1.07628E+03 -1.03654E-02
1.07724E+03 -1.04474E-02
1.07821E+03 -1.05027E-02
1.07917E+03 -1.05494E-02
1.08013E+03 -1.05962E-02
1.08110E+03 -1.06257E-02
1.08206E+03 -1.07204E-02
1.08303E+03 -1.07798E-02
1.08399E+03 -1.08070E-02
1.08496E+03 -1.08271E-02
1.08592E+03 -1.08140E-02
1.08689E+03 -1.08511E-02
1.08785E+03 -1.07418E-02
1.08881E+03 -1.06424E-02
1.08978E+03 -1.07192E-02
1.09074E+03 -1.07812E-02
1.09171E+03 -1.07920E-02
1.09267E+03 -1.08296E-02
1.09364E+03 -1.08528E-02
1.09460E+03 -1.10174E-02
1.09556E+03 -1.10212E-02
1.09653E+03 -1.07061E-02
1.09749E+03 -1.05881E-02
1.09846E+03 -1.05448E-02
1.09942E+03 -1.04851E-02
1.10039E+03 -1.04096E-02
1.10135E+03 -1.02419E-02
1.10232E+03 -1.01129E-02
1.10328E+03 -9.97129E-03
1.10424E+03 -9.70404E-03
1.10521E+03 -9.39405E-03
1.10617E+03 -9.02037E-03
1.10714E+03 -8.58614E-03
1.10810E+03 -8.08257E-03
1.10907E+03 -7.45638E-03
1.11003E+03 -6.90344E-03
1.11100E+03 -6.27974E-03
1.11196E+03 -5.47190E-03
1.11292E+03 -4.63368E-03
1.11389E+03 -3.81515E-03
1.11485E+03 -2.92255E-03
1.11582E+03 -2.09844E-03
1.11678E+03 -1.30631E-03
1.11775E+03 -3.50412E-04
1.11871E+03 4.88676E-04
1.11968E+03 1.20737E-03
1.12064E+03 1.85549E-03
1.12160E+03 2.41428E-03
1.12257E+03 2.77815E-03
1.12353E+03 2.99327E-03
1.12450E+03 3.18146E-03
1.12546E+03 3.18137E-03
1.12643E+03 3.01884E-03
1.12739E+03 2.70279E-03
1.12835E+03 2.22229E-03
1.12932E+03 1.71593E-03
1.13028E+03 8.75093E-04
1.13125E+03 -1.17444E-04
1.13221E+03 -9.81838E-04
1.13318E+03 -1.98611E-03
1.13414E+03 -2.96787E-03
1.13511E+03 -3.90976E-03
1.13607E+03 -4.89361E-03
1.13703E+03 -5.80159E-03
1.13800E+03 -6.62365E-03
1.13896E+03 -7.42926E-03
1.13993E+03 -8.14985E-03
1.14089E+03 -8.76502E-03
1.14186E+03 -9.29717E-03
1.14282E+03 -9.73957E-03
1.14379E+03 -1.00827E-02
1.14475E+03 -1.04137E-02
1.14571E+03 -1.07034E-02
1.14668E+03 -1.08979E-02
1.14764E+03 -1.10545E-02
1.14861E+03 -1.11495E-02
1.14957E+03 -1.12369E-02
1.15054E+03 -1.13370E-02
1.15150E+03 -1.13796E-02
1.15246E+03 -1.14208E-02
1.15343E+03 -1.14535E-02
1.15439E+03 -1.14085E-02
1.15536E+03 -1.13440E-02
1.15632E+03 -1.13040E-02
1.15729E+03 -1.12421E-02
1.15825E+03 -1.11627E-02
1.15922E+03 -1.11174E-02
1.16018E+03 -1.10962E-02
1.16114E+03 -1.10741E-02
1.16211E+03 -1.11002E-02
1.16307E+03 -1.11840E-02
1.16404E+03 -1.12466E-02
1.16500E+03 -1.13260E-02
1.16597E+03 -1.14747E-02
1.16693E+03 -1.16287E-02
1.16790E+03 -1.17177E-02
1.16886E+03 -1.17825E-02
1.16982E+03 -1.18675E-02
1.17079E+03 -1.19502E-02
1.17175E+03 -1.20545E-02
1.17272E+03 -1.21793E-02
1.17368E+03 -1.21833E-02
1.17465E+03 -1.21363E-02
1.17561E+03 -1.21705E-02
1.17657E+03 -1.21919E-02
1.17754E+03 -1.22098E-02
1.17850E+03 -1.22219E-02
1.17947E+03 -1.22486E-02
1.18043E+03 -1.22742E-02
1.18140E+03 -1.22218E-02
1.18236E+03 -1.22291E-02
1.18333E+03 -1.22841E-02
1.18429E+03 -1.22719E-02
1.18525E+03 -1.22655E-02
1.18622E+03 -1.23056E-02
1.18718E+03 -1.23452E-02
1.18815E+03 -1.23519E-02
1.18911E+03 -1.23461E-02
1.19008E+03 -1.23221E-02
1.19104E+03 -1.23345E-02
1.19201E+03 -1.23408E-02
1.19297E+03 -1.23265E-02
1.19393E+03 -1.23528E-02
1.19490E+03 -1.23584E-02
1.19586E+03 -1.23497E-02
1.19683E+03 -1.23541E-02
1.19779E+03 -1.23560E-02
1.19876E+03 -1.23698E-02
1.19972E+03 -1.23476E-02
1.20069E+03 -1.23232E-02
1.20165E+03 -1.23179E-02
1.20261E+03 -1.23239E-02
1.20358E+03 -1.23207E-02
1.20454E+03 -1.23107E-02
1.20551E+03 -1.22936E-02
1.20647E+03 -1.22804E-02
1.20744E+03 -1.22984E-02
1.20840E+03 -1.23102E-02
1.20936E+03 -1.22976E-02
1.21033E+03 -1.22867E-02
1.21129E+03 -1.23080E-02
1.21226E+03 -1.23338E-02
1.21322E+03 -1.22974E-02
1.21419E+03 -1.22553E-02
1.21515E+03 -1.22568E-02
1.21612E+03 -1.22741E-02
1.21708E+03 -1.22511E-02
1.21804E+03 -1.22645E-02
1.21901E+03 -1.22579E-02
1.21997E+03 -1.22351E-02
1.22094E+03 -1.22050E-02
1.22190E+03 -1.22048E-02
1.22287E+03 -1.22147E-02
1.22383E+03 -1.21975E-02
1.22480E+03 -1.21514E-02
1.22576E+03 -1.21374E-02
1.22672E+03 -1.20774E-02
1.22769E+03 -1.20242E-02
1.22865E+03 -1.19414E-02
1.22962E+03 -1.20155E-02
1.23058E+03 -1.20474E-02
1.23155E+03 -1.22639E-02
1.23251E+03 -1.22924E-02
1.23347E+03 -1.42526E-02
1.23444E+03 -1.57004E-02
1.23540E+03 -1.28287E-02
1.23637E+03 -1.15012E-02
1.23733E+03 -1.16993E-02
1.23830E+03 -1.16273E-02
1.23926E+03 -1.17439E-02
1.24023E+03 -1.17986E-02
1.24119E+03 -1.19824E-02
1.24215E+03 -1.19716E-02
1.24312E+03 -1.19052E-02
1.24408E+03 -1.18864E-02
1.24505E+03 -1.18642E-02
1.24601E+03 -1.18228E-02
1.24698E+03 -1.18501E-02
1.24794E+03 -1.18555E-02
1.24891E+03 -1.18141E-02
1.24987E+03 -1.17849E-02
1.25083E+03 -1.18243E-02
1.25180E+03 -1.18194E-02
1.25276E+03 -1.17967E-02
1.25373E+03 -1.17846E-02
1.25469E+03 -1.17602E-02
1.25566E+03 -1.17465E-02
1.25662E+03 -1.17382E-02
1.25759E+03 -1.17110E-02
1.25855E+03 -1.17029E-02
1.25951E+03 -1.17065E-02
1.26048E+03 -1.16801E-02
1.26144E+03 -1.16435E-02
1.26241E+03 -1.16182E-02
1.26337E+03 -1.16038E-02
1.26434E+03 -1.16227E-02
1.26530E+03 -1.16215E-02
1.26626E+03 -1.15979E-02
1.26723E+03 -1.15699E-02
1.26819E+03 -1.15383E-02
1.26916E+03 -1.14983E-02
1.27012E+03 -1.14764E-02
1.27109E+03 -1.14632E-02
1.27205E+03 -1.14233E-02
1.27302E+03 -1.13903E-02
1.27398E+03 -1.13653E-02
1.27494E+03 -1.13271E-02
1.27591E+03 -1.12485E-02
1.27687E+03 -1.11713E-02
1.27784E+03 -1.12409E-02
1.27880E+03 -1.12825E-02
1.27977E+03 -1.12565E-02
1.28073E+03 -1.12683E-02
1.28170E+03 -1.12654E-02
1.28266E+03 -1.12294E-02
1.28362E+03 -1.12216E-02
1.28459E+03 -1.11674E-02
1.28555E+03 -1.11033E-02
1.28652E+03 -1.10862E-02
1.28748E+03 -1.10763E-02
1.28845E+03 -1.10809E-02
1.28941E+03 -1.10659E-02
1.29037E+03 -1.10164E-02
1.29134E+03 -1.09648E-02
1.29230E+03 -1.09482E-02
1.29327E+03 -1.09375E-02
1.29423E+03 -1.09136E-02
1.29520E+03 -1.08830E-02
1.29616E+03 -1.08484E-02
1.29713E+03 -1.08257E-02
1.29809E+03 -1.07822E-02
1.29905E+03 -1.07133E-02
1.30002E+03 -1.06782E-02
1.30098E+03 -1.06942E-02
1.30195E+03 -1.06804E-02
1.30291E+03 -1.06547E-02
1.30388E+03 -1.06359E-02
1.30484E+03 -1.06018E-02
1.30581E+03 -1.06055E-02
1.30677E+03 -1.05302E-02
1.30773E+03 -1.04284E-02
1.30870E+03 -1.03885E-02
1.30966E+03 -1.03505E-02
1.31063E+03 -1.03403E-02
1.31159E+03 -1.03249E-02
1.31256E+03 -1.02702E-02
1.31352E+03 -1.02046E-02
1.31448E+03 -1.01614E-02
1.31545E+03 -1.01166E-02
1.31641E+03 -1.01050E-02
1.31738E+03 -1.00758E-02
1.31834E+03 -1.00390E-02
1.31931E+03 -1.00364E-02
1.32027E+03 -9.98682E-03
1.32124E+03 -9.96197E-03
1.32220E+03 -9.94387E-03
1.32316E+03 -9.89606E-03
1.32413E+03 -9.88374E-03
1.32509E+03 -9.85960E-03
1.32606E+03 -9.82659E-03
1.32702E+03 -9.83201E-03
1.32799E+03 -9.80802E-03
1.32895E+03 -9.75175E-03
1.32992E+03 -9.71061E-03
1.33088E+03 -9.68181E-03
1.33184E+03 -9.65592E-03
1.33281E+03 -9.62786E-03
1.33377E+03 -9.58162E-03
1.33474E+03 -9.53792E-03
1.33570E+03 -9.51475E-03
1.33667E+03 -9.51976E-03
1.33763E+03 -9.55383E-03
1.33860E+03 -9.60661E-03
1.33956E+03 -9.70389E-03
1.34052E+03 -9.76084E-03
1.34149E+03 -9.72265E-03
1.34245E+03 -9.63867E-03
1.34342E+03 -9.69895E-03
1.34438E+03 -9.58261E-03
1.34535E+03 -9.22380E-03
1.34631E+03 -9.10670E-03
1.34727E+03 -9.12569E-03
1.34824E+03 -9.21845E-03
1.34920E+03 -9.52452E-03
1.35017E+03 -9.70497E-03
1.35113E+03 -9.34764E-03
1.35210E+03 -8.93481E-03
1.35306E+03 -8.94802E-03
1.35403E+03 -9.12004E-03
1.35499E+03 -9.15501E-03
1.35595E+03 -8.97747E-03
1.35692E+03 -8.75677E-03
1.35788E+03 -8.60162E-03
1.35885E+03 -8.44520E-03
1.35981E+03 -8.29520E-03
1.36078E+03 -8.11106E-03
1.36174E+03 -7.91066E-03
1.36271E+03 -7.74920E-03
1.36367E+03 -7.67333E-03
1.36463E+03 -7.65006E-03
1.36560E+03 -7.59861E-03
1.36656E+03 -7.52711E-03
1.36753E+03 -7.46379E-03
1.36849E+03 -7.41040E-03
1.36946E+03 -7.31763E-03
1.37042E+03 -7.20870E-03
1.37138E+03 -7.12011E-03
1.37235E+03 -6.98969E-03
1.37331E+03 -6.84394E-03
1.37428E+03 -6.70965E-03
1.37524E+03 -6.55830E-03
1.37621E+03 -6.41778E-03
1.37717E+03 -6.22161E-03
1.37814E+03 -6.02259E-03
1.37910E+03 -5.83526E-03
1.38006E+03 -5.58326E-03
1.38103E+03 -5.36419E-03
1.38199E+03 -5.25401E-03
1.38296E+03 -5.27941E-03
1.38392E+03 -5.36549E-03
1.38489E+03 -5.46389E-03
1.38585E+03 -5.52351E-03
1.38682E+03 -5.42866E-03
1.38778E+03 -5.23720E-03
1.38874E+03 -5.03454E-03
1.38971E+03 -4.81069E-03
1.39067E+03 -4.55810E-03
1.39164E+03 -4.30079E-03
1.39260E+03 -4.00998E-03
1.39357E+03 -3.67347E-03
1.39453E+03 -3.34929E-03
1.39550E+03 -3.04316E-03
1.39646E+03 -2.70604E-03
1.39742E+03 -2.34992E-03
1.39839E+03 -1.94884E-03
1.39935E+03 -1.49959E-03
1.40032E+03 -1.08425E-03
1.40128E+03 -6.64081E-04
1.40225E+03 -2.14223E-04
1.40321E+03 2.02145E-04
1.40417E+03 5.77956E-04
1.40514E+03 1.05919E-03
1.40610E+03 1.57909E-03
1.40707E+03 2.03245E-03
1.40803E+03 2.50145E-03
1.40900E+03 2.97530E-03
1.40996E+03 3.39847E-03
1.41093E+03 3.80060E-03
1.41189E+03 4.20052E-03
1.41285E+03 4.59578E-03
1.41382E+03 5.03604E-03
1.41478E+03 5.48916E-03
1.41575E+03 5.91596E-03
1.41671E+03 6.34137E-03
1.41768E+03 6.72978E-03
1.41864E+03 7.08028E-03
1.41961E+03 7.40243E-03
1.42057E+03 7.56838E-03
1.42153E+03 7.73960E-03
1.42250E+03 7.96505E-03
1.42346E+03 8.17797E-03
1.42443E+03 8.33993E-03
1.42539E+03 8.41711E-03
1.42636E+03 8.42751E-03
1.42732E+03 8.39110E-03
1.42828E+03 8.32441E-03
1.42925E+03 8.21019E-03
1.43021E+03 8.03939E-03
1.43118E+03 7.80053E-03
1.43214E+03 7.53095E-03
1.43311E+03 7.24490E-03
1.43407E+03 6.90356E-03
1.43504E+03 6.44955E-03
1.43600E+03 6.04741E-03
1.43696E+03 5.63664E-03
1.43793E+03 5.09950E-03
1.43889E+03 4.66234E-03
1.43986E+03 4.32058E-03
1.44082E+03 4.10417E-03
1.44179E+03 4.14313E-03
1.44275E+03 4.44910E-03
1.44372E+03 5.08188E-03
1.44468E+03 5.99816E-03
1.44564E+03 7.05281E-03
1.44661E+03 8.12313E-03
1.44757E+03 9.08417E-03
1.44854E+03 9.81745E-03
1.44950E+03 1.02733E-02
1.45047E+03 1.04547E-02
1.45143E+03 1.03845E-02
1.45240E+03 1.00487E-02
1.45336E+03 9.51872E-03
1.45432E+03 8.93104E-03
1.45529E+03 8.36879E-03
1.45625E+03 8.02524E-03
1.45722E+03 7.92620E-03
1.45818E+03 8.06382E-03
1.45915E+03 8.52681E-03
1.46011E+03 9.21438E-03
1.46107E+03 9.99123E-03
1.46204E+03 1.06656E-02
1.46300E+03 1.10499E-02
1.46397E+03 1.11312E-02
1.46493E+03 1.09190E-02
1.46590E+03 1.03854E-02
1.46686E+03 9.68600E-03
1.46783E+03 8.94415E-03
1.46879E+03 8.28031E-03
1.46975E+03 7.91770E-03
1.47072E+03 7.96450E-03
1.47168E+03 8.47062E-03
1.47265E+03 9.36373E-03
1.47361E+03 1.04690E-02
1.47458E+03 1.15742E-02
1.47554E+03 1.25159E-02
1.47651E+03 1.31596E-02
1.47747E+03 1.33531E-02
1.47843E+03 1.31166E-02
1.47940E+03 1.25513E-02
1.48036E+03 1.17065E-02
1.48133E+03 1.06184E-02
1.48229E+03 9.42902E-03
1.48326E+03 8.20669E-03
1.48422E+03 6.97999E-03
1.48518E+03 5.79688E-03
1.48615E+03 4.68374E-03
1.48711E+03 3.69483E-03
1.48808E+03 2.79064E-03
1.48904E+03 1.98594E-03
1.49001E+03 1.34255E-03
1.49097E+03 7.75155E-04
1.49194E+03 2.47084E-04
1.49290E+03 -1.79023E-04
1.49386E+03 -5.33350E-04
1.49483E+03 -8.30129E-04
1.49579E+03 -1.02748E-03
1.49676E+03 -1.22399E-03
1.49772E+03 -1.43980E-03
1.49869E+03 -1.58121E-03
1.49965E+03 -1.72887E-03
1.50062E+03 -1.86901E-03
1.50158E+03 -1.94678E-03
1.50254E+03 -2.00056E-03
1.50351E+03 -2.04593E-03
1.50447E+03 -2.10071E-03
1.50544E+03 -2.10206E-03
1.50640E+03 -2.09700E-03
1.50737E+03 -2.13888E-03
1.50833E+03 -2.22247E-03
1.50929E+03 -2.28530E-03
1.51026E+03 -2.30936E-03
1.51122E+03 -2.31493E-03
1.51219E+03 -2.29884E-03
1.51315E+03 -2.30247E-03
1.51412E+03 -2.29286E-03
1.51508E+03 -2.26868E-03
1.51605E+03 -2.22256E-03
1.51701E+03 -2.17685E-03
1.51797E+03 -2.17852E-03
1.51894E+03 -2.16752E-03
1.51990E+03 -2.14191E-03
1.52087E+03 -2.10795E-03
1.52183E+03 -2.09095E-03
1.52280E+03 -2.08414E-03
1.52376E+03 -2.08855E-03
1.52473E+03 -2.06514E-03
1.52569E+03 -1.98332E-03
1.52665E+03 -1.97645E-03
1.52762E+03 -1.96571E-03
1.52858E+03 -1.88957E-03
1.52955E+03 -1.86897E-03
1.53051E+03 -1.86284E-03
1.53148E+03 -1.81241E-03
1.53244E+03 -1.76110E-03
1.53341E+03 -1.71909E-03
1.53437E+03 -1.69893E-03
1.53533E+03 -1.66731E-03
1.53630E+03 -1.65354E-03
1.53726E+03 -1.63167E-03
1.53823E+03 -1.56438E-03
1.53919E+03 -1.46956E-03
1.54016E+03 -1.40476E-03
1.54112E+03 -1.41085E-03
1.54208E+03 -1.39310E-03
1.54305E+03 -1.37718E-03
1.54401E+03 -1.38183E-03
1.54498E+03 -1.34297E-03
1.54594E+03 -1.30542E-03
1.54691E+03 -1.29135E-03
1.54787E+03 -1.25777E-03
1.54884E+03 -1.20725E-03
1.54980E+03 -1.17329E-03
1.55076E+03 -1.15237E-03
1.55173E+03 -1.12296E-03
1.55269E+03 -1.09570E-03
1.55366E+03 -1.00360E-03
1.55462E+03 -9.39015E-04
1.55559E+03 -9.27873E-04
1.55655E+03 -8.78803E-04
1.55752E+03 -8.09975E-04
1.55848E+03 -7.28764E-04
1.55944E+03 -7.12663E-04
1.56041E+03 -7.05078E-04
1.56137E+03 -7.31695E-04
1.56234E+03 -7.48128E-04
1.56330E+03 -7.11236E-04
1.56427E+03 -6.73350E-04
1.56523E+03 -6.54466E-04
1.56619E+03 -6.37904E-04
1.56716E+03 -6.03531E-04
1.56812E+03 -5.50270E-04
1.56909E+03 -4.70661E-04
1.57005E+03 -4.32905E-04
1.57102E+03 -4.26687E-04
1.57198E+03 -3.86536E-04
1.57295E+03 -3.42697E-04
1.57391E+03 -3.15290E-04
1.57487E+03 -2.79527E-04
1.57584E+03 -1.79768E-04
1.57680E+03 -1.45495E-04
1.57777E+03 -1.76486E-04
1.57873E+03 -1.37489E-04
1.57970E+03 -1.12921E-04
1.58066E+03 -6.23614E-05
1.58163E+03 -6.87316E-06
1.58259E+03 2.66060E-05
1.58355E+03 7.11828E-05
1.58452E+03 1.08644E-04
1.58548E+03 1.34189E-04
1.58645E+03 1.83392E-04
1.58741E+03 2.30011E-04
1.58838E+03 2.43485E-04
1.58934E+03 2.87332E-04
1.59031E+03 3.48527E-04
1.59127E+03 3.85243E-04
1.59223E+03 4.51177E-04
1.59320E+03 5.29997E-04
1.59416E+03 5.86126E-04
1.59513E+03 6.42557E-04
1.59609E+03 6.91224E-04
1.59706E+03 7.43665E-04
1.59802E+03 8.00095E-04
1.59898E+03 8.66115E-04
1.59995E+03 9.60831E-04
1.60091E+03 1.01282E-03
1.60188E+03 1.05888E-03
1.60284E+03 1.12531E-03
1.60381E+03 1.18858E-03
1.60477E+03 1.28342E-03
1.60574E+03 1.40285E-03
1.60670E+03 1.49825E-03
1.60766E+03 1.56141E-03
1.60863E+03 1.66392E-03
1.60959E+03 1.79236E-03
1.61056E+03 1.88059E-03
1.61152E+03 1.95902E-03
1.61249E+03 2.11161E-03
1.61345E+03 2.27709E-03
1.61442E+03 2.40013E-03
1.61538E+03 2.53547E-03
1.61634E+03 2.74187E-03
1.61731E+03 2.88594E-03
1.61827E+03 2.98336E-03
1.61924E+03 3.16560E-03
1.62020E+03 3.32803E-03
1.62117E+03 3.47377E-03
1.62213E+03 3.67677E-03
1.62309E+03 3.92735E-03
1.62406E+03 4.14238E-03
1.62502E+03 4.32973E-03
1.62599E+03 4.55051E-03
1.62695E+03 4.79019E-03
1.62792E+03 5.04518E-03
1.62888E+03 5.29080E-03
1.62985E+03 5.55573E-03
1.63081E+03 5.85264E-03
1.63177E+03 6.12906E-03
1.63274E+03 6.42490E-03
1.63370E+03 6.70175E-03
1.63467E+03 6.98674E-03
1.63563E+03 7.33586E-03
1.63660E+03 7.59581E-03
1.63756E+03 7.84390E-03
1.63853E+03 8.12715E-03
1.63949E+03 8.39178E-03
1.64045E+03 8.65790E-03
1.64142E+03 8.92393E-03
1.64238E+03 9.20125E-03
1.64335E+03 9.47716E-03
1.64431E+03 9.72943E-03
1.64528E+03 9.97572E-03
1.64624E+03 1.02125E-02
1.64720E+03 1.04073E-02
1.64817E+03 1.06299E-02
1.64913E+03 1.08251E-02
1.65010E+03 1.09911E-02
1.65106E+03 1.11719E-02
1.65203E+03 1.14194E-02
1.65299E+03 1.16727E-02
1.65396E+03 1.17939E-02
1.65492E+03 1.18722E-02
1.65588E+03 1.19552E-02
1.65685E+03 1.20966E-02
1.65781E+03 1.22752E-02
1.65878E+03 1.24108E-02
1.65974E+03 1.25378E-02
1.66071E+03 1.26679E-02
1.66167E+03 1.28095E-02
1.66264E+03 1.29579E-02
1.66360E+03 1.30770E-02
1.66456E+03 1.31885E-02
1.66553E+03 1.33031E-02
1.66649E+03 1.34271E-02
1.66746E+03 1.35522E-02
1.66842E+03 1.36355E-02
1.66939E+03 1.37381E-02
1.67035E+03 1.38176E-02
1.67132E+03 1.38260E-02
1.67228E+03 1.38815E-02
1.67324E+03 1.39297E-02
1.67421E+03 1.39516E-02
1.67517E+03 1.39941E-02
1.67614E+03 1.39438E-02
1.67710E+03 1.38719E-02
1.67807E+03 1.38295E-02
1.67903E+03 1.37334E-02
1.67999E+03 1.36383E-02
1.68096E+03 1.35151E-02
1.68192E+03 1.33509E-02
1.68289E+03 1.31797E-02
1.68385E+03 1.30229E-02
1.68482E+03 1.28851E-02
1.68578E+03 1.25916E-02
1.68675E+03 1.22199E-02
1.68771E+03 1.19301E-02
1.68867E+03 1.16264E-02
1.68964E+03 1.12846E-02
1.69060E+03 1.09190E-02
1.69157E+03 1.05614E-02
1.69253E+03 1.01834E-02
1.69350E+03 9.79340E-03
1.69446E+03 9.40890E-03
1.69543E+03 9.04749E-03
1.69639E+03 8.64283E-03
1.69735E+03 8.12070E-03
1.69832E+03 7.64269E-03
1.69928E+03 7.25679E-03
1.70025E+03 6.87899E-03
1.70121E+03 6.38690E-03
1.70218E+03 5.84871E-03
1.70314E+03 5.37227E-03
1.70410E+03 4.91972E-03
1.70507E+03 4.45903E-03
1.70603E+03 3.99217E-03
1.70700E+03 3.51197E-03
1.70796E+03 3.02947E-03
1.70893E+03 2.58055E-03
1.70989E+03 2.13540E-03
1.71086E+03 1.68481E-03
1.71182E+03 1.23610E-03
1.71278E+03 7.94675E-04
1.71375E+03 3.64810E-04
1.71471E+03 -2.44007E-05
1.71568E+03 -4.40355E-04
1.71664E+03 -8.63563E-04
1.71761E+03 -1.24391E-03
1.71857E+03 -1.68924E-03
1.71954E+03 -2.13815E-03
1.72050E+03 -2.54329E-03
1.72146E+03 -2.93935E-03
1.72243E+03 -3.32415E-03
1.72339E+03 -3.67630E-03
1.72436E+03 -4.02901E-03
1.72532E+03 -4.42618E-03
1.72629E+03 -4.79911E-03
1.72725E+03 -5.14283E-03
1.72822E+03 -5.48821E-03
1.72918E+03 -5.81386E-03
1.73014E+03 -6.13809E-03
1.73111E+03 -6.46909E-03
1.73207E+03 -6.77644E-03
1.73304E+03 -7.03949E-03
1.73400E+03 -7.29140E-03
1.73497E+03 -7.60975E-03
1.73593E+03 -7.96646E-03
1.73689E+03 -8.23567E-03
1.73786E+03 -8.51851E-03
1.73882E+03 -8.79658E-03
1.73979E+03 -9.02108E-03
1.74075E+03 -9.28394E-03
1.74172E+03 -9.55764E-03
1.74268E+03 -9.79380E-03
1.74365E+03 -1.00195E-02
1.74461E+03 -1.02796E-02
1.74557E+03 -1.05169E-02
1.74654E+03 -1.07459E-02
1.74750E+03 -1.09409E-02
1.74847E+03 -1.11102E-02
1.74943E+03 -1.13334E-02
1.75040E+03 -1.15542E-02
1.75136E+03 -1.17158E-02
1.75233E+03 -1.19025E-02
1.75329E+03 -1.21115E-02
1.75425E+03 -1.22843E-02
1.75522E+03 -1.24382E-02
1.75618E+03 -1.25876E-02
1.75715E+03 -1.27334E-02
1.75811E+03 -1.29085E-02
1.75908E+03 -1.30867E-02
1.76004E+03 -1.32253E-02
1.76100E+03 -1.33540E-02
1.76197E+03 -1.34740E-02
1.76293E+03 -1.36113E-02
1.76390E+03 -1.37598E-02
1.76486E+03 -1.39241E-02
1.76583E+03 -1.40638E-02
1.76679E+03 -1.41633E-02
1.76776E+03 -1.42571E-02
1.76872E+03 -1.43551E-02
1.76968E+03 -1.44711E-02
1.77065E+03 -1.45862E-02
1.77161E+03 -1.46705E-02
1.77258E+03 -1.47338E-02
1.77354E+03 -1.48593E-02
1.77451E+03 -1.50053E-02
1.77547E+03 -1.51034E-02
1.77644E+03 -1.52002E-02
1.77740E+03 -1.52893E-02
1.77836E+03 -1.53695E-02
1.77933E+03 -1.54544E-02
1.78029E+03 -1.55276E-02
1.78126E+03 -1.56270E-02
1.78222E+03 -1.57091E-02
1.78319E+03 -1.57881E-02
1.78415E+03 -1.58836E-02
1.78511E+03 -1.59458E-02
1.78608E+03 -1.60057E-02
1.78704E+03 -1.60581E-02
1.78801E+03 -1.61295E-02
1.78897E+03 -1.62181E-02
1.78994E+03 -1.62778E-02
1.79090E+03 -1.63332E-02
1.79187E+03 -1.63941E-02
1.79283E+03 -1.64425E-02
1.79379E+03 -1.65169E-02
1.79476E+03 -1.65982E-02
1.79572E+03 -1.66638E-02
1.79669E+03 -1.67174E-02
1.79765E+03 -1.67695E-02
1.79862E+03 -1.68334E-02
1.79958E+03 -1.68942E-02
1.80055E+03 -1.69564E-02
1.80151E+03 -1.69993E-02
1.80247E+03 -1.70454E-02
1.80344E+03 -1.70930E-02
1.80440E+03 -1.71438E-02
1.80537E+03 -1.71956E-02
1.80633E+03 -1.72472E-02
1.80730E+03 -1.73063E-02
1.80826E+03 -1.73519E-02
1.80923E+03 -1.73957E-02
1.81019E+03 -1.74315E-02
1.81115E+03 -1.74737E-02
1.81212E+03 -1.75154E-02
1.81308E+03 -1.75481E-02
1.81405E+03 -1.75705E-02
1.81501E+03 -1.76130E-02
1.81598E+03 -1.76692E-02
1.81694E+03 -1.77248E-02
1.81790E+03 -1.77523E-02
1.81887E+03 -1.77701E-02
1.81983E+03 -1.78383E-02
1.82080E+03 -1.78767E-02
1.82176E+03 -1.79124E-02
1.82273E+03 -1.79496E-02
1.82369E+03 -1.79723E-02
1.82466E+03 -1.80173E-02
1.82562E+03 -1.80413E-02
1.82658E+03 -1.80863E-02
1.82755E+03 -1.81247E-02
1.82851E+03 -1.81422E-02
1.82948E+03 -1.81623E-02
1.83044E+03 -1.81799E-02
1.83141E+03 -1.82150E-02
1.83237E+03 -1.82429E-02
1.83334E+03 -1.82664E-02
1.83430E+03 -1.82868E-02
1.83526E+03 -1.83188E-02
1.83623E+03 -1.83476E-02
1.83719E+03 -1.83485E-02
1.83816E+03 -1.83707E-02
1.83912E+03 -1.84093E-02
1.84009E+03 -1.84256E-02
1.84105E+03 -1.84542E-02
1.84201E+03 -1.84956E-02
1.84298E+03 -1.85129E-02
1.84394E+03 -1.84859E-02
1.84491E+03 -1.84879E-02
1.84587E+03 -1.85445E-02
1.84684E+03 -1.85799E-02
1.84780E+03 -1.85930E-02
1.84877E+03 -1.86133E-02
1.84973E+03 -1.86569E-02
1.85069E+03 -1.86771E-02
1.85166E+03 -1.86703E-02
1.85262E+03 -1.86897E-02
1.85359E+03 -1.87147E-02
1.85455E+03 -1.87278E-02
1.85552E+03 -1.87517E-02
1.85648E+03 -1.87728E-02
1.85745E+03 -1.87783E-02
1.85841E+03 -1.87807E-02
1.85937E+03 -1.87852E-02
1.86034E+03 -1.87895E-02
1.86130E+03 -1.88074E-02
1.86227E+03 -1.88219E-02
1.86323E+03 -1.88056E-02
1.86420E+03 -1.88041E-02
1.86516E+03 -1.88336E-02
1.86612E+03 -1.88417E-02
1.86709E+03 -1.88374E-02
1.86805E+03 -1.88423E-02
1.86902E+03 -1.88388E-02
1.86998E+03 -1.88490E-02
1.87095E+03 -1.88851E-02
1.87191E+03 -1.88887E-02
1.87288E+03 -1.88857E-02
1.87384E+03 -1.89032E-02
1.87480E+03 -1.88982E-02
1.87577E+03 -1.88928E-02
1.87673E+03 -1.89197E-02
1.87770E+03 -1.89108E-02
1.87866E+03 -1.88700E-02
1.87963E+03 -1.88906E-02
1.88059E+03 -1.89270E-02
1.88156E+03 -1.89175E-02
1.88252E+03 -1.88978E-02
1.88348E+03 -1.89171E-02
1.88445E+03 -1.89271E-02
1.88541E+03 -1.89207E-02
1.88638E+03 -1.89227E-02
1.88734E+03 -1.89222E-02
1.88831E+03 -1.89265E-02
1.88927E+03 -1.89256E-02
1.89024E+03 -1.89306E-02
1.89120E+03 -1.89577E-02
1.89216E+03 -1.89523E-02
1.89313E+03 -1.89148E-02
1.89409E+03 -1.89074E-02
1.89506E+03 -1.89092E-02
1.89602E+03 -1.89224E-02
1.89699E+03 -1.89303E-02
1.89795E+03 -1.88982E-02
1.89891E+03 -1.88758E-02
1.89988E+03 -1.88914E-02
1.90084E+03 -1.88979E-02
1.90181E+03 -1.88733E-02
1.90277E+03 -1.88663E-02
1.90374E+03 -1.88800E-02
1.90470E+03 -1.88718E-02
1.90567E+03 -1.88666E-02
1.90663E+03 -1.88808E-02
1.90759E+03 -1.88767E-02
1.90856E+03 -1.88742E-02
1.90952E+03 -1.88807E-02
1.91049E+03 -1.88615E-02
1.91145E+03 -1.88557E-02
1.91242E+03 -1.88357E-02
1.91338E+03 -1.88009E-02
1.91435E+03 -1.87997E-02
1.91531E+03 -1.87928E-02
1.91627E+03 -1.87929E-02
1.91724E+03 -1.87862E-02
1.91820E+03 -1.87800E-02
1.91917E+03 -1.87909E-02
1.92013E+03 -1.88034E-02
1.92110E+03 -1.88064E-02
1.92206E+03 -1.87919E-02
1.92303E+03 -1.87690E-02
1.92399E+03 -1.87304E-02
1.92495E+03 -1.87165E-02
1.92592E+03 -1.87109E-02
1.92688E+03 -1.86990E-02
1.92785E+03 -1.86932E-02
1.92881E+03 -1.86862E-02
1.92978E+03 -1.86685E-02
1.93074E+03 -1.86480E-02
1.93170E+03 -1.86423E-02
1.93267E+03 -1.86253E-02
1.93363E+03 -1.85956E-02
1.93460E+03 -1.85779E-02
1.93556E+03 -1.85657E-02
1.93653E+03 -1.85640E-02
1.93749E+03 -1.85594E-02
1.93846E+03 -1.85391E-02
1.93942E+03 -1.85341E-02
1.94038E+03 -1.85346E-02
1.94135E+03 -1.85140E-02
1.94231E+03 -1.84995E-02
1.94328E+03 -1.85073E-02
1.94424E+03 -1.84979E-02
1.94521E+03 -1.84787E-02
1.94617E+03 -1.84642E-02
1.94714E+03 -1.84562E-02
1.94810E+03 -1.84445E-02
1.94906E+03 -1.84189E-02
1.95003E+03 -1.83817E-02
1.95099E+03 -1.83639E-02
1.95196E+03 -1.83712E-02
1.95292E+03 -1.83628E-02
1.95389E+03 -1.83373E-02
1.95485E+03 -1.83233E-02
1.95581E+03 -1.82824E-02
1.95678E+03 -1.82433E-02
1.95774E+03 -1.82367E-02
1.95871E+03 -1.82189E-02
1.95967E+03 -1.82108E-02
1.96064E+03 -1.81898E-02
1.96160E+03 -1.81742E-02
1.96257E+03 -1.81715E-02
1.96353E+03 -1.81354E-02
1.96449E+03 -1.80914E-02
1.96546E+03 -1.80872E-02
1.96642E+03 -1.80806E-02
1.96739E+03 -1.80485E-02
1.96835E+03 -1.80303E-02
1.96932E+03 -1.80028E-02
1.97028E+03 -1.79698E-02
1.97125E+03 -1.79420E-02
1.97221E+03 -1.79119E-02
1.97317E+03 -1.78947E-02
1.97414E+03 -1.78641E-02
1.97510E+03 -1.78398E-02
1.97607E+03 -1.78120E-02
1.97703E+03 -1.77676E-02
1.97800E+03 -1.77452E-02
1.97896E+03 -1.77105E-02
1.97992E+03 -1.76780E-02
1.98089E+03 -1.76440E-02
1.98185E+03 -1.75881E-02
1.98282E+03 -1.75436E-02
1.98378E+03 -1.75004E-02
1.98475E+03 -1.74553E-02
1.98571E+03 -1.73967E-02
1.98668E+03 -1.73357E-02
1.98764E+03 -1.73050E-02
1.98860E+03 -1.72818E-02
1.98957E+03 -1.72250E-02
1.99053E+03 -1.71614E-02
1.99150E+03 -1.71020E-02
1.99246E+03 -1.70213E-02
1.99343E+03 -1.69580E-02
1.99439E+03 -1.69014E-02
1.99536E+03 -1.68381E-02
1.99632E+03 -1.67740E-02
1.99728E+03 -1.66866E-02
1.99825E+03 -1.66218E-02
1.99921E+03 -1.65752E-02
2.00018E+03 -1.64888E-02
2.00114E+03 -1.64120E-02
2.00211E+03 -1.63578E-02
2.00307E+03 -1.62821E-02
2.00404E+03 -1.61729E-02
2.00500E+03 -1.60790E-02
2.00596E+03 -1.60255E-02
2.00693E+03 -1.59665E-02
2.00789E+03 -1.58953E-02
2.00886E+03 -1.58361E-02
2.00982E+03 -1.57673E-02
2.01079E+03 -1.56883E-02
2.01175E+03 -1.56457E-02
2.01271E+03 -1.55772E-02
2.01368E+03 -1.55108E-02
2.01464E+03 -1.54831E-02
2.01561E+03 -1.54206E-02
2.01657E+03 -1.53715E-02
2.01754E+03 -1.53408E-02
2.01850E+03 -1.52968E-02
2.01947E+03 -1.52643E-02
2.02043E+03 -1.52304E-02
2.02139E+03 -1.52026E-02
2.02236E+03 -1.51757E-02
2.02332E+03 -1.51376E-02
2.02429E+03 -1.50977E-02
2.02525E+03 -1.50604E-02
2.02622E+03 -1.50390E-02
2.02718E+03 -1.49963E-02
2.02815E+03 -1.49713E-02
2.02911E+03 -1.49454E-02
2.03007E+03 -1.49031E-02
2.03104E+03 -1.48732E-02
2.03200E+03 -1.48235E-02
2.03297E+03 -1.48010E-02
2.03393E+03 -1.47823E-02
2.03490E+03 -1.47456E-02
2.03586E+03 -1.47043E-02
2.03682E+03 -1.46389E-02
2.03779E+03 -1.45839E-02
2.03875E+03 -1.45453E-02
2.03972E+03 -1.44833E-02
2.04068E+03 -1.44239E-02
2.04165E+03 -1.43733E-02
2.04261E+03 -1.43400E-02
2.04358E+03 -1.43213E-02
2.04454E+03 -1.43085E-02
2.04550E+03 -1.43012E-02
2.04647E+03 -1.42710E-02
2.04743E+03 -1.42592E-02
2.04840E+03 -1.42654E-02
2.04936E+03 -1.42481E-02
2.05033E+03 -1.42278E-02
2.05129E+03 -1.42123E-02
2.05226E+03 -1.42156E-02
2.05322E+03 -1.42160E-02
2.05418E+03 -1.41984E-02
2.05515E+03 -1.41805E-02
2.05611E+03 -1.41330E-02
2.05708E+03 -1.40787E-02
2.05804E+03 -1.40451E-02
2.05901E+03 -1.39979E-02
2.05997E+03 -1.39731E-02
2.06094E+03 -1.39379E-02
2.06190E+03 -1.39014E-02
2.06286E+03 -1.38701E-02
2.06383E+03 -1.38073E-02
2.06479E+03 -1.37345E-02
2.06576E+03 -1.35942E-02
2.06672E+03 -1.37283E-02
2.06769E+03 -1.37568E-02
2.06865E+03 -1.35658E-02
2.06961E+03 -1.35467E-02
2.07058E+03 -1.35008E-02
2.07154E+03 -1.34656E-02
2.07251E+03 -1.34223E-02
2.07347E+03 -1.33676E-02
2.07444E+03 -1.33062E-02
2.07540E+03 -1.32557E-02
2.07637E+03 -1.32208E-02
2.07733E+03 -1.31889E-02
2.07829E+03 -1.31424E-02
2.07926E+03 -1.30624E-02
2.08022E+03 -1.29886E-02
2.08119E+03 -1.29590E-02
2.08215E+03 -1.29326E-02
2.08312E+03 -1.28462E-02
2.08408E+03 -1.27551E-02
2.08505E+03 -1.27077E-02
2.08601E+03 -1.26848E-02
2.08697E+03 -1.26198E-02
2.08794E+03 -1.25223E-02
2.08890E+03 -1.24504E-02
2.08987E+03 -1.24177E-02
2.09083E+03 -1.23469E-02
2.09180E+03 -1.22417E-02
2.09276E+03 -1.21954E-02
2.09372E+03 -1.21391E-02
2.09469E+03 -1.20860E-02
2.09565E+03 -1.20127E-02
2.09662E+03 -1.19066E-02
2.09758E+03 -1.18110E-02
2.09855E+03 -1.17827E-02
2.09951E+03 -1.17498E-02
2.10048E+03 -1.16226E-02
2.10144E+03 -1.15144E-02
2.10240E+03 -1.14764E-02
2.10337E+03 -1.14651E-02
2.10433E+03 -1.13417E-02
2.10530E+03 -1.12197E-02
2.10626E+03 -1.11617E-02
2.10723E+03 -1.11273E-02
2.10819E+03 -1.10366E-02
2.10916E+03 -1.08963E-02
2.11012E+03 -1.07993E-02
2.11108E+03 -1.07520E-02
2.11205E+03 -1.06640E-02
2.11301E+03 -1.05242E-02
2.11398E+03 -1.04325E-02
2.11494E+03 -1.03903E-02
2.11591E+03 -1.03553E-02
2.11687E+03 -1.02146E-02
2.11783E+03 -1.00658E-02
2.11880E+03 -9.98534E-03
2.11976E+03 -9.96170E-03
2.12073E+03 -9.84951E-03
2.12169E+03 -9.65981E-03
2.12266E+03 -9.55750E-03
2.12362E+03 -9.53381E-03
2.12459E+03 -9.42918E-03
2.12555E+03 -9.28646E-03
2.12651E+03 -9.16165E-03
2.12748E+03 -9.06291E-03
2.12844E+03 -8.94845E-03
2.12941E+03 -8.79702E-03
2.13037E+03 -8.68707E-03
2.13134E+03 -8.62853E-03
2.13230E+03 -8.53720E-03
2.13327E+03 -8.36580E-03
2.13423E+03 -8.25065E-03
2.13519E+03 -8.17746E-03
2.13616E+03 -8.06847E-03
2.13712E+03 -7.92334E-03
2.13809E+03 -7.80857E-03
2.13905E+03 -7.70370E-03
2.14002E+03 -7.60319E-03
2.14098E+03 -7.44814E-03
2.14195E+03 -7.35301E-03
2.14291E+03 -7.22121E-03
2.14387E+03 -7.02678E-03
2.14484E+03 -6.91916E-03
2.14580E+03 -6.81288E-03
2.14677E+03 -6.74691E-03
2.14773E+03 -6.63256E-03
2.14870E+03 -6.47272E-03
2.14966E+03 -6.34850E-03
2.15062E+03 -6.25382E-03
2.15159E+03 -6.13351E-03
2.15255E+03 -5.98913E-03
2.15352E+03 -5.87775E-03
2.15448E+03 -5.80208E-03
2.15545E+03 -5.66154E-03
2.15641E+03 -5.47963E-03
2.15738E+03 -5.35377E-03
2.15834E+03 -5.27592E-03
2.15930E+03 -5.13630E-03
2.16027E+03 -4.94708E-03
2.16123E+03 -4.85313E-03
2.16220E+03 -4.77844E-03
2.16316E+03 -4.61080E-03
2.16413E+03 -4.45325E-03
2.16509E+03 -4.40489E-03
2.16606E+03 -4.33158E-03
2.16702E+03 -4.13242E-03
2.16798E+03 -3.98000E-03
2.16895E+03 -3.93420E-03
2.16991E+03 -3.82377E-03
2.17088E+03 -3.63815E-03
2.17184E+03 -3.54203E-03
2.17281E+03 -3.50557E-03
2.17377E+03 -3.34696E-03
2.17473E+03 -3.16492E-03
2.17570E+03 -3.13594E-03
2.17666E+03 -3.10636E-03
2.17763E+03 -2.91700E-03
2.17859E+03 -2.75803E-03
2.17956E+03 -2.75065E-03
2.18052E+03 -2.65689E-03
2.18149E+03 -2.49910E-03
2.18245E+03 -2.45839E-03
2.18341E+03 -2.39852E-03
2.18438E+03 -2.22960E-03
2.18534E+03 -2.09514E-03
2.18631E+03 -2.05900E-03
2.18727E+03 -1.97150E-03
2.18824E+03 -1.81866E-03
2.18920E+03 -1.74343E-03
2.19017E+03 -1.70367E-03
2.19113E+03 -1.59450E-03
2.19209E+03 -1.49293E-03
2.19306E+03 -1.44614E-03
2.19402E+03 -1.36260E-03
2.19499E+03 -1.24848E-03
2.19595E+03 -1.18629E-03
2.19692E+03 -1.13899E-03
2.19788E+03 -1.03741E-03
2.19884E+03 -9.31501E-04
2.19981E+03 -8.84019E-04
2.20077E+03 -8.14673E-04
2.20174E+03 -7.16299E-04
2.20270E+03 -6.47891E-04
2.20367E+03 -5.84636E-04
2.20463E+03 -4.70880E-04
2.20560E+03 -3.96177E-04
2.20656E+03 -3.41918E-04
2.20752E+03 -2.37335E-04
2.20849E+03 -1.52264E-04
2.20945E+03 -9.25176E-05
2.21042E+03 -3.05846E-05
2.21138E+03 4.74267E-05
2.21235E+03 1.34133E-04
2.21331E+03 2.23212E-04
2.21428E+03 3.00325E-04
2.21524E+03 3.85791E-04
2.21620E+03 4.93202E-04
2.21717E+03 5.96967E-04
2.21813E+03 6.81099E-04
2.21910E+03 7.57921E-04
2.22006E+03 8.46565E-04
2.22103E+03 9.84780E-04
2.22199E+03 1.10063E-03
2.22296E+03 1.17958E-03
2.22392E+03 1.26681E-03
2.22488E+03 1.36248E-03
2.22585E+03 1.46266E-03
2.22681E+03 1.54736E-03
2.22778E+03 1.64865E-03
2.22874E+03 1.74578E-03
2.22971E+03 1.84799E-03
2.23067E+03 1.95790E-03
2.23163E+03 2.06147E-03
2.23260E+03 2.18676E-03
2.23356E+03 2.30876E-03
2.23453E+03 2.42222E-03
2.23549E+03 2.54065E-03
2.23646E+03 2.65277E-03
2.23742E+03 2.75080E-03
2.23839E+03 2.86520E-03
2.23935E+03 2.98682E-03
2.24031E+03 3.09789E-03
2.24128E+03 3.20478E-03
2.24224E+03 3.32505E-03
2.24321E+03 3.45213E-03
2.24417E+03 3.53629E-03
2.24514E+03 3.62390E-03
2.24610E+03 3.72865E-03
2.24707E+03 3.80320E-03
2.24803E+03 3.90321E-03
2.24899E+03 4.01362E-03
2.24996E+03 4.10650E-03
2.25092E+03 4.20655E-03
2.25189E+03 4.27540E-03
2.25285E+03 4.34750E-03
2.25382E+03 4.44164E-03
2.25478E+03 4.54786E-03
2.25574E+03 4.64110E-03
2.25671E+03 4.74381E-03
2.25767E+03 4.88431E-03
2.25864E+03 5.01137E-03
2.25960E+03 5.12587E-03
2.26057E+03 5.21012E-03
2.26153E+03 5.29468E-03
2.26250E+03 5.42713E-03
2.26346E+03 5.60295E-03
2.26442E+03 5.80673E-03
2.26539E+03 6.03096E-03
2.26635E+03 6.27902E-03
2.26732E+03 6.60121E-03
2.26828E+03 7.02505E-03
2.26925E+03 7.63230E-03
2.27021E+03 8.60940E-03
2.27118E+03 1.02676E-02
2.27214E+03 1.33167E-02
2.27310E+03 1.85440E-02
2.27407E+03 2.57778E-02
2.27503E+03 3.33297E-02
2.27600E+03 3.90271E-02
2.27696E+03 4.14880E-02
2.27793E+03 4.07162E-02
2.27889E+03 3.76772E-02
2.27986E+03 3.37049E-02
2.28082E+03 3.00619E-02
2.28178E+03 2.79466E-02
2.28275E+03 2.61263E-02
2.28371E+03 2.14254E-02
2.28468E+03 1.59015E-02
2.28564E+03 1.25944E-02
2.28661E+03 1.08644E-02
2.28757E+03 1.00734E-02
2.28853E+03 9.88942E-03
2.28950E+03 1.00215E-02
2.29046E+03 1.03116E-02
2.29143E+03 1.06638E-02
2.29239E+03 1.10767E-02
2.29336E+03 1.15307E-02
2.29432E+03 1.19868E-02
2.29529E+03 1.24920E-02
2.29625E+03 1.30485E-02
2.29721E+03 1.36039E-02
2.29818E+03 1.41668E-02
2.29914E+03 1.47813E-02
2.30011E+03 1.54332E-02
2.30107E+03 1.60996E-02
2.30204E+03 1.68332E-02
2.30300E+03 1.75785E-02
2.30397E+03 1.83654E-02
2.30493E+03 1.92065E-02
2.30589E+03 2.00845E-02
2.30686E+03 2.09951E-02
2.30782E+03 2.19690E-02
2.30879E+03 2.30077E-02
2.30975E+03 2.41245E-02
2.31072E+03 2.53104E-02
2.31168E+03 2.66110E-02
2.31265E+03 2.80517E-02
2.31361E+03 2.96459E-02
2.31457E+03 3.13789E-02
2.31554E+03 3.33871E-02
2.31650E+03 3.57352E-02
2.31747E+03 3.85775E-02
2.31843E+03 4.21407E-02
2.31940E+03 4.68676E-02
2.32036E+03 5.30670E-02
2.32132E+03 6.08683E-02
2.32229E+03 6.99278E-02
2.32325E+03 8.00072E-02
2.32422E+03 9.17388E-02
2.32518E+03 1.07897E-01
2.32615E+03 1.33386E-01
2.32711E+03 1.73735E-01
2.32808E+03 2.29291E-01
2.32904E+03 2.95964E-01
2.33000E+03 3.69235E-01
2.33097E+03 4.44823E-01
2.33193E+03 5.21069E-01
2.33290E+03 5.98042E-01
2.33386E+03 6.76679E-01
2.33483E+03 7.56559E-01
2.33579E+03 8.37227E-01
2.33676E+03 9.16247E-01
2.33772E+03 9.87786E-01
2.33868E+03 1.04308E+00
2.33965E+03 1.07858E+00
2.34061E+03 1.09609E+00
2.34158E+03 1.10063E+00
2.34254E+03 1.09542E+00
2.34351E+03 1.08165E+00
2.34447E+03 1.05687E+00
2.34543E+03 1.02089E+00
2.34640E+03 9.76350E-01
2.34736E+03 9.27355E-01
2.34833E+03 8.76811E-01
2.34929E+03 8.27127E-01
2.35026E+03 7.79466E-01
2.35122E+03 7.34507E-01
2.35219E+03 6.92639E-01
2.35315E+03 6.53998E-01
2.35411E+03 6.18335E-01
2.35508E+03 5.85349E-01
2.35604E+03 5.54487E-01
2.35701E+03 5.25597E-01
2.35797E+03 4.98301E-01
2.35894E+03 4.72107E-01
2.35990E+03 4.46602E-01
2.36087E+03 4.21394E-01
2.36183E+03 3.96104E-01
2.36279E+03 3.70432E-01
2.36376E+03 3.44259E-01
2.36472E+03 3.17832E-01
2.36569E+03 2.91621E-01
2.36665E+03 2.66322E-01
2.36762E+03 2.42723E-01
2.36858E+03 2.21503E-01
2.36954E+03 2.02822E-01
2.37051E+03 1.85983E-01
2.37147E+03 1.69515E-01
2.37244E+03 1.51713E-01
2.37340E+03 1.31688E-01
2.37437E+03 1.10188E-01
2.37533E+03 8.90620E-02
2.37630E+03 6.99362E-02
2.37726E+03 5.35245E-02
2.37822E+03 4.00245E-02
2.37919E+03 2.95302E-02
2.38015E+03 2.18372E-02
2.38112E+03 1.64861E-02
2.38208E+03 1.29147E-02
2.38305E+03 1.04816E-02
2.38401E+03 8.70805E-03
2.38498E+03 7.31649E-03
2.38594E+03 6.15544E-03
2.38690E+03 5.20340E-03
2.38787E+03 4.38079E-03
2.38883E+03 3.62251E-03
2.38980E+03 2.98439E-03
2.39076E+03 2.41872E-03
2.39173E+03 1.84966E-03
2.39269E+03 1.31140E-03
2.39366E+03 8.47295E-04
2.39462E+03 4.56274E-04
2.39558E+03 7.76276E-05
2.39655E+03 -2.96097E-04
2.39751E+03 -6.23893E-04
2.39848E+03 -9.35316E-04
2.39944E+03 -1.24050E-03
2.40041E+03 -1.52017E-03
2.40137E+03 -1.80343E-03
2.40233E+03 -2.04549E-03
2.40330E+03 -2.25487E-03
2.40426E+03 -2.47962E-03
2.40523E+03 -2.67763E-03
2.40619E+03 -2.84199E-03
2.40716E+03 -3.01922E-03
2.40812E+03 -3.17526E-03
2.40909E+03 -3.31749E-03
2.41005E+03 -3.46611E-03
2.41101E+03 -3.58100E-03
2.41198E+03 -3.68673E-03
2.41294E+03 -3.79860E-03
2.41391E+03 -3.90896E-03
2.41487E+03 -3.98600E-03
2.41584E+03 -4.05864E-03
2.41680E+03 -4.15165E-03
2.41777E+03 -4.21403E-03
2.41873E+03 -4.27118E-03
2.41969E+03 -4.33382E-03
2.42066E+03 -4.40414E-03
2.42162E+03 -4.47555E-03
2.42259E+03 -4.51151E-03
2.42355E+03 -4.54931E-03
2.42452E+03 -4.59669E-03
2.42548E+03 -4.64799E-03
2.42644E+03 -4.71274E-03
2.42741E+03 -4.75780E-03
2.42837E+03 -4.81344E-03
2.42934E+03 -4.84269E-03
2.43030E+03 -4.87306E-03
2.43127E+03 -4.96301E-03
2.43223E+03 -4.98431E-03
2.43320E+03 -4.99360E-03
2.43416E+03 -5.04772E-03
2.43512E+03 -5.08111E-03
2.43609E+03 -5.09110E-03
2.43705E+03 -5.10887E-03
2.43802E+03 -5.15223E-03
2.43898E+03 -5.19060E-03
2.43995E+03 -5.22532E-03
2.44091E+03 -5.24275E-03
2.44188E+03 -5.25780E-03
2.44284E+03 -5.29171E-03
2.44380E+03 -5.33044E-03
2.44477E+03 -5.38464E-03
2.44573E+03 -5.42803E-03
2.44670E+03 -5.43770E-03
2.44766E+03 -5.47412E-03
2.44863E+03 -5.55198E-03
2.44959E+03 -5.59784E-03
2.45055E+03 -5.66325E-03
2.45152E+03 -5.74029E-03
2.45248E+03 -5.79271E-03
2.45345E+03 -5.85531E-03
2.45441E+03 -5.92783E-03
2.45538E+03 -5.99359E-03
2.45634E+03 -6.05239E-03
2.45731E+03 -6.12536E-03
2.45827E+03 -6.23086E-03
2.45923E+03 -6.32687E-03
2.46020E+03 -6.40815E-03
2.46116E+03 -6.49930E-03
2.46213E+03 -6.59540E-03
2.46309E+03 -6.69261E-03
2.46406E+03 -6.78751E-03
2.46502E+03 -6.87446E-03
2.46599E+03 -6.95025E-03
2.46695E+03 -7.03726E-03
2.46791E+03 -7.14052E-03
2.46888E+03 -7.23689E-03
2.46984E+03 -7.28676E-03
2.47081E+03 -7.34598E-03
2.47177E+03 -7.42568E-03
2.47274E+03 -7.48788E-03
2.47370E+03 -7.54869E-03
2.47467E+03 -7.62013E-03
2.47563E+03 -7.66645E-03
2.47659E+03 -7.70549E-03
2.47756E+03 -7.76455E-03
2.47852E+03 -7.78618E-03
2.47949E+03 -7.80795E-03
2.48045E+03 -7.85631E-03
2.48142E+03 -7.86626E-03
2.48238E+03 -7.88606E-03
2.48334E+03 -7.89737E-03
2.48431E+03 -7.90257E-03
2.48527E+03 -7.91624E-03
2.48624E+03 -7.89965E-03
2.48720E+03 -7.87827E-03
2.48817E+03 -7.85786E-03
2.48913E+03 -7.84286E-03
2.49010E+03 -7.82453E-03
2.49106E+03 -7.81998E-03
2.49202E+03 -7.80552E-03
2.49299E+03 -7.76307E-03
2.49395E+03 -7.73162E-03
2.49492E+03 -7.69929E-03
2.49588E+03 -7.64023E-03
2.49685E+03 -7.58845E-03
2.49781E+03 -7.55327E-03
2.49878E+03 -7.52105E-03
2.49974E+03 -7.48298E-03
2.50070E+03 -7.44848E-03
2.50167E+03 -7.41939E-03
2.50263E+03 -7.31639E-03
2.50360E+03 -7.22116E-03
2.50456E+03 -7.16753E-03
2.50553E+03 -7.09069E-03
2.50649E+03 -7.02273E-03
2.50745E+03 -6.94275E-03
2.50842E+03 -6.84787E-03
2.50938E+03 -6.75473E-03
2.51035E+03 -6.66365E-03
2.51131E+03 -6.59166E-03
2.51228E+03 -6.51448E-03
2.51324E+03 -6.40557E-03
2.51421E+03 -6.27550E-03
2.51517E+03 -6.15605E-03
2.51613E+03 -6.05276E-03
2.51710E+03 -5.95333E-03
2.51806E+03 -5.84104E-03
2.51903E+03 -5.72309E-03
2.51999E+03 -5.62124E-03
2.52096E+03 -5.50011E-03
2.52192E+03 -5.37766E-03
2.52289E+03 -5.26436E-03
2.52385E+03 -5.15264E-03
2.52481E+03 -5.04884E-03
2.52578E+03 -4.93538E-03
2.52674E+03 -4.82896E-03
2.52771E+03 -4.70365E-03
2.52867E+03 -4.56777E-03
2.52964E+03 -4.45839E-03
2.53060E+03 -4.36105E-03
2.53156E+03 -4.27794E-03
2.53253E+03 -4.16541E-03
2.53349E+03 -4.06525E-03
2.53446E+03 -4.01543E-03
2.53542E+03 -3.97418E-03
2.53639E+03 -3.88842E-03
2.53735E+03 -3.82397E-03
2.53832E+03 -3.78212E-03
2.53928E+03 -3.72658E-03
2.54024E+03 -3.69372E-03
2.54121E+03 -3.64542E-03
2.54217E+03 -3.63325E-03
2.54314E+03 -3.66032E-03
2.54410E+03 -3.66233E-03
2.54507E+03 -3.66829E-03
2.54603E+03 -3.67056E-03
2.54700E+03 -3.66257E-03
2.54796E+03 -3.68852E-03
2.54892E+03 -3.71796E-03
2.54989E+03 -3.75691E-03
2.55085E+03 -3.80843E-03
2.55182E+03 -3.83930E-03
2.55278E+03 -3.86492E-03
2.55375E+03 -3.88808E-03
2.55471E+03 -3.90738E-03
2.55568E+03 -3.95086E-03
2.55664E+03 -3.99253E-03
2.55760E+03 -4.02177E-03
2.55857E+03 -4.04964E-03
2.55953E+03 -4.09457E-03
2.56050E+03 -4.13550E-03
2.56146E+03 -4.15039E-03
2.56243E+03 -4.18065E-03
2.56339E+03 -4.19693E-03
2.56435E+03 -4.18595E-03
2.56532E+03 -4.20335E-03
2.56628E+03 -4.22832E-03
2.56725E+03 -4.25726E-03
2.56821E+03 -4.28453E-03
2.56918E+03 -4.29130E-03
2.57014E+03 -4.31253E-03
2.57111E+03 -4.32504E-03
2.57207E+03 -4.34877E-03
2.57303E+03 -4.38282E-03
2.57400E+03 -4.39169E-03
2.57496E+03 -4.41397E-03
2.57593E+03 -4.42521E-03
2.57689E+03 -4.43219E-03
2.57786E+03 -4.47808E-03
2.57882E+03 -4.50253E-03
2.57979E+03 -4.49621E-03
2.58075E+03 -4.52180E-03
2.58171E+03 -4.55814E-03
2.58268E+03 -4.55553E-03
2.58364E+03 -4.54848E-03
2.58461E+03 -4.53148E-03
2.58557E+03 -4.51473E-03
2.58654E+03 -4.47889E-03
2.58750E+03 -4.43218E-03
2.58846E+03 -4.39999E-03
2.58943E+03 -4.35952E-03
2.59039E+03 -4.33420E-03
2.59136E+03 -4.29102E-03
2.59232E+03 -4.20500E-03
2.59329E+03 -4.15088E-03
2.59425E+03 -4.13522E-03
2.59522E+03 -4.05842E-03
2.59618E+03 -3.99830E-03
2.59714E+03 -3.97813E-03
2.59811E+03 -3.94733E-03
2.59907E+03 -3.92511E-03
2.60004E+03 -3.90109E-03
2.60100E+03 -3.89234E-03
2.60197E+03 -3.88124E-03
2.60293E+03 -3.89008E-03
2.60390E+03 -3.91261E-03
2.60486E+03 -3.93164E-03
2.60582E+03 -3.97475E-03
2.60679E+03 -3.98759E-03
2.60775E+03 -4.00444E-03
2.60872E+03 -4.04564E-03
2.60968E+03 -4.08871E-03
2.61065E+03 -4.10058E-03
2.61161E+03 -4.10963E-03
2.61258E+03 -4.16032E-03
2.61354E+03 -4.20093E-03
2.61450E+03 -4.24172E-03
2.61547E+03 -4.28219E-03
2.61643E+03 -4.30816E-03
2.61740E+03 -4.32852E-03
2.61836E+03 -4.36850E-03
2.61933E+03 -4.45644E-03
2.62029E+03 -4.51927E-03
2.62125E+03 -4.57434E-03
2.62222E+03 -4.64721E-03
2.62318E+03 -4.71485E-03
2.62415E+03 -4.78340E-03
2.62511E+03 -4.83814E-03
2.62608E+03 -4.91253E-03
2.62704E+03 -4.99354E-03
2.62801E+03 -5.04003E-03
2.62897E+03 -5.10661E-03
2.62993E+03 -5.18531E-03
2.63090E+03 -5.22469E-03
2.63186E+03 -5.27846E-03
2.63283E+03 -5.32641E-03
2.63379E+03 -5.36183E-03
2.63476E+03 -5.40267E-03
2.63572E+03 -5.42274E-03
2.63669E+03 -5.45819E-03
2.63765E+03 -5.47776E-03
2.63861E+03 -5.47437E-03
2.63958E+03 -5.48813E-03
2.64054E+03 -5.50295E-03
2.64151E+03 -5.48631E-03
2.64247E+03 -5.49986E-03
2.64344E+03 -5.51623E-03
2.64440E+03 -5.50801E-03
2.64536E+03 -5.52102E-03
2.64633E+03 -5.52532E-03
2.64729E+03 -5.50197E-03
2.64826E+03 -5.46214E-03
2.64922E+03 -5.46312E-03
2.65019E+03 -5.46374E-03
2.65115E+03 -5.44669E-03
2.65212E+03 -5.44360E-03
2.65308E+03 -5.43371E-03
2.65404E+03 -5.42063E-03
2.65501E+03 -5.41682E-03
2.65597E+03 -5.40749E-03
2.65694E+03 -5.37943E-03
2.65790E+03 -5.35019E-03
2.65887E+03 -5.32226E-03
2.65983E+03 -5.28264E-03
2.66080E+03 -5.26910E-03
2.66176E+03 -5.27262E-03
2.66272E+03 -5.25461E-03
2.66369E+03 -5.22377E-03
2.66465E+03 -5.19929E-03
2.66562E+03 -5.17752E-03
2.66658E+03 -5.16731E-03
2.66755E+03 -5.13477E-03
2.66851E+03 -5.10481E-03
2.66948E+03 -5.08383E-03
2.67044E+03 -5.05370E-03
2.67140E+03 -5.03203E-03
2.67237E+03 -4.99790E-03
2.67333E+03 -4.98104E-03
2.67430E+03 -4.95614E-03
2.67526E+03 -4.90783E-03
2.67623E+03 -4.88050E-03
2.67719E+03 -4.88308E-03
2.67815E+03 -4.88464E-03
2.67912E+03 -4.84154E-03
2.68008E+03 -4.78303E-03
2.68105E+03 -4.73782E-03
2.68201E+03 -4.68687E-03
2.68298E+03 -4.65314E-03
2.68394E+03 -4.65060E-03
2.68491E+03 -4.60273E-03
2.68587E+03 -4.52656E-03
2.68683E+03 -4.50519E-03
2.68780E+03 -4.48458E-03
2.68876E+03 -4.43905E-03
2.68973E+03 -4.38482E-03
2.69069E+03 -4.34217E-03
2.69166E+03 -4.32145E-03
2.69262E+03 -4.28778E-03
2.69359E+03 -4.24537E-03
2.69455E+03 -4.21702E-03
2.69551E+03 -4.18912E-03
2.69648E+03 -4.16446E-03
2.69744E+03 -4.11047E-03
2.69841E+03 -4.04572E-03
2.69937E+03 -4.01039E-03
2.70034E+03 -3.95898E-03
2.70130E+03 -3.91124E-03
2.70226E+03 -3.87217E-03
2.70323E+03 -3.82525E-03
2.70419E+03 -3.81016E-03
2.70516E+03 -3.78520E-03
2.70612E+03 -3.70914E-03
2.70709E+03 -3.64505E-03
2.70805E+03 -3.62623E-03
2.70902E+03 -3.59502E-03
2.70998E+03 -3.52801E-03
2.71094E+03 -3.45814E-03
2.71191E+03 -3.40935E-03
2.71287E+03 -3.36748E-03
2.71384E+03 -3.32864E-03
2.71480E+03 -3.30523E-03
2.71577E+03 -3.25049E-03
2.71673E+03 -3.18294E-03
2.71770E+03 -3.11345E-03
2.71866E+03 -3.06313E-03
2.71962E+03 -3.00827E-03
2.72059E+03 -2.92318E-03
2.72155E+03 -2.87803E-03
2.72252E+03 -2.84625E-03
2.72348E+03 -2.79609E-03
2.72445E+03 -2.72650E-03
2.72541E+03 -2.66835E-03
2.72638E+03 -2.63745E-03
2.72734E+03 -2.56394E-03
2.72830E+03 -2.49504E-03
2.72927E+03 -2.44457E-03
2.73023E+03 -2.36709E-03
2.73120E+03 -2.28510E-03
2.73216E+03 -2.22822E-03
2.73313E+03 -2.15493E-03
2.73409E+03 -2.05107E-03
2.73505E+03 -1.96913E-03
2.73602E+03 -1.91823E-03
2.73698E+03 -1.87372E-03
2.73795E+03 -1.77756E-03
2.73891E+03 -1.68492E-03
2.73988E+03 -1.61789E-03
2.74084E+03 -1.55241E-03
2.74181E+03 -1.49868E-03
2.74277E+03 -1.41535E-03
2.74373E+03 -1.34521E-03
2.74470E+03 -1.25483E-03
2.74566E+03 -1.13587E-03
2.74663E+03 -1.06311E-03
2.74759E+03 -9.64694E-04
2.74856E+03 -8.37754E-04
2.74952E+03 -7.12935E-04
2.75049E+03 -5.58253E-04
2.75145E+03 -4.23379E-04
2.75241E+03 -3.28138E-04
2.75338E+03 -2.10818E-04
2.75434E+03 -2.23368E-05
2.75531E+03 2.41771E-05
2.75627E+03 8.62293E-05
2.75724E+03 1.73014E-04
2.75820E+03 2.11287E-04
2.75916E+03 3.41434E-04
2.76013E+03 4.07536E-04
2.76109E+03 6.28717E-04
2.76206E+03 9.57180E-04
2.76302E+03 1.23617E-03
2.76399E+03 1.46938E-03
2.76495E+03 1.64703E-03
2.76592E+03 1.37171E-03
2.76688E+03 1.69144E-03
2.76784E+03 2.27884E-03
2.76881E+03 2.43786E-03
2.76977E+03 2.85635E-03
2.77074E+03 3.08417E-03
2.77170E+03 3.29993E-03
2.77267E+03 3.16745E-03
2.77363E+03 3.21243E-03
2.77460E+03 3.78088E-03
2.77556E+03 4.02822E-03
2.77652E+03 4.03360E-03
2.77749E+03 4.19925E-03
2.77845E+03 4.58367E-03
2.77942E+03 4.94238E-03
2.78038E+03 5.22837E-03
2.78135E+03 5.53348E-03
2.78231E+03 5.83116E-03
2.78327E+03 6.11335E-03
2.78424E+03 6.45538E-03
2.78520E+03 6.86328E-03
2.78617E+03 7.17213E-03
2.78713E+03 7.50690E-03
2.78810E+03 7.94436E-03
2.78906E+03 8.36387E-03
2.79003E+03 8.80954E-03
2.79099E+03 9.24705E-03
2.79195E+03 9.68141E-03
2.79292E+03 1.01446E-02
2.79388E+03 1.06096E-02
2.79485E+03 1.11212E-02
2.79581E+03 1.16433E-02
2.79678E+03 1.21568E-02
2.79774E+03 1.26914E-02
2.79871E+03 1.32323E-02
2.79967E+03 1.37926E-02
2.80063E+03 1.43807E-02
2.80160E+03 1.49987E-02
2.80256E+03 1.55796E-02
2.80353E+03 1.61619E-02
2.80449E+03 1.68166E-02
2.80546E+03 1.74519E-02
2.80642E+03 1.80895E-02
2.80739E+03 1.87669E-02
2.80835E+03 1.94538E-02
2.80931E+03 2.01540E-02
2.81028E+03 2.08587E-02
2.81124E+03 2.16046E-02
2.81221E+03 2.23348E-02
2.81317E+03 2.30680E-02
2.81414E+03 2.38514E-02
2.81510E+03 2.46385E-02
2.81606E+03 2.54735E-02
2.81703E+03 2.63095E-02
2.81799E+03 2.71202E-02
2.81896E+03 2.80104E-02
2.81992E+03 2.89398E-02
2.82089E+03 2.98409E-02
2.82185E+03 3.08042E-02
2.82282E+03 3.18097E-02
2.82378E+03 3.28404E-02
2.82474E+03 3.39044E-02
2.82571E+03 3.49416E-02
2.82667E+03 3.59700E-02
2.82764E+03 3.69669E-02
2.82860E+03 3.78598E-02
2.82957E+03 3.86036E-02
2.83053E+03 3.91533E-02
2.83150E+03 3.94901E-02
2.83246E+03 3.96092E-02
2.83342E+03 3.94610E-02
2.83439E+03 3.90903E-02
2.83535E+03 3.85240E-02
2.83632E+03 3.77710E-02
2.83728E+03 3.68673E-02
2.83825E+03 3.58958E-02
2.83921E+03 3.49136E-02
2.84017E+03 3.39625E-02
2.84114E+03 3.30891E-02
2.84210E+03 3.23200E-02
2.84307E+03 3.16990E-02
2.84403E+03 3.11506E-02
2.84500E+03 3.06630E-02
2.84596E+03 3.02718E-02
2.84693E+03 2.99313E-02
2.84789E+03 2.96192E-02
2.84885E+03 2.93572E-02
2.84982E+03 2.91188E-02
2.85078E+03 2.88568E-02
2.85175E+03 2.85803E-02
2.85271E+03 2.82963E-02
2.85368E+03 2.80355E-02
2.85464E+03 2.77894E-02
2.85561E+03 2.75513E-02
2.85657E+03 2.73123E-02
2.85753E+03 2.70404E-02
2.85850E+03 2.68107E-02
2.85946E+03 2.65513E-02
2.86043E+03 2.62412E-02
2.86139E+03 2.59968E-02
2.86236E+03 2.57538E-02
2.86332E+03 2.55078E-02
2.86428E+03 2.52801E-02
2.86525E+03 2.50177E-02
2.86621E+03 2.47338E-02
2.86718E+03 2.45202E-02
2.86814E+03 2.43168E-02
2.86911E+03 2.40706E-02
2.87007E+03 2.38741E-02
2.87104E+03 2.36994E-02
2.87200E+03 2.35307E-02
2.87296E+03 2.33950E-02
2.87393E+03 2.32630E-02
2.87489E+03 2.31455E-02
2.87586E+03 2.30609E-02
2.87682E+03 2.29948E-02
2.87779E+03 2.29317E-02
2.87875E+03 2.28898E-02
2.87972E+03 2.28830E-02
2.88068E+03 2.28955E-02
2.88164E+03 2.29102E-02
2.88261E+03 2.29491E-02
2.88357E+03 2.30355E-02
2.88454E+03 2.31092E-02
2.88550E+03 2.31614E-02
2.88647E+03 2.32784E-02
2.88743E+03 2.34124E-02
2.88840E+03 2.35670E-02
2.88936E+03 2.37065E-02
2.89032E+03 2.38240E-02
2.89129E+03 2.39848E-02
2.89225E+03 2.41632E-02
2.89322E+03 2.43644E-02
2.89418E+03 2.45816E-02
2.89515E+03 2.47889E-02
2.89611E+03 2.49630E-02
2.89707E+03 2.51765E-02
2.89804E+03 2.54209E-02
2.89900E+03 2.56725E-02
2.89997E+03 2.59605E-02
2.90093E+03 2.62551E-02
2.90190E+03 2.65724E-02
2.90286E+03 2.69014E-02
2.90383E+03 2.72171E-02
2.90479E+03 2.75818E-02
2.90575E+03 2.79501E-02
2.90672E+03 2.82824E-02
2.90768E+03 2.86474E-02
2.90865E+03 2.90833E-02
2.90961E+03 2.95020E-02
2.91058E+03 2.98901E-02
2.91154E+03 3.02610E-02
2.91251E+03 3.06364E-02
2.91347E+03 3.09215E-02
2.91443E+03 3.10868E-02
2.91540E+03 3.11979E-02
2.91636E+03 3.12444E-02
2.91733E+03 3.12586E-02
2.91829E+03 3.12142E-02
2.91926E+03 3.11390E-02
2.92022E+03 3.11059E-02
2.92118E+03 3.11023E-02
2.92215E+03 3.11495E-02
2.92311E+03 3.13277E-02
2.92408E+03 3.16414E-02
2.92504E+03 3.20626E-02
2.92601E+03 3.25181E-02
2.92697E+03 3.31264E-02
2.92794E+03 3.38545E-02
2.92890E+03 3.46036E-02
2.92986E+03 3.54148E-02
2.93083E+03 3.62291E-02
2.93179E+03 3.70082E-02
2.93276E+03 3.77345E-02
2.93372E+03 3.83769E-02
2.93469E+03 3.89364E-02
2.93565E+03 3.94050E-02
2.93662E+03 3.97687E-02
2.93758E+03 4.00144E-02
2.93854E+03 4.00883E-02
2.93951E+03 4.00990E-02
2.94047E+03 4.00779E-02
2.94144E+03 3.99637E-02
2.94240E+03 3.98085E-02
2.94337E+03 3.96489E-02
2.94433E+03 3.95444E-02
2.94530E+03 3.95154E-02
2.94626E+03 3.95628E-02
2.94722E+03 3.96704E-02
2.94819E+03 3.99174E-02
2.94915E+03 4.02827E-02
2.95012E+03 4.07293E-02
2.95108E+03 4.12951E-02
2.95205E+03 4.19001E-02
2.95301E+03 4.25225E-02
2.95397E+03 4.31276E-02
2.95494E+03 4.36915E-02
2.95590E+03 4.42300E-02
2.95687E+03 4.47339E-02
2.95783E+03 4.51420E-02
2.95880E+03 4.55254E-02
2.95976E+03 4.59046E-02
2.96073E+03 4.61899E-02
2.96169E+03 4.64072E-02
2.96265E+03 4.66025E-02
2.96362E+03 4.67336E-02
2.96458E+03 4.68428E-02
2.96555E+03 4.69792E-02
2.96651E+03 4.70878E-02
2.96748E+03 4.71808E-02
2.96844E+03 4.72439E-02
2.96941E+03 4.72920E-02
2.97037E+03 4.73568E-02
2.97133E+03 4.74142E-02
2.97230E+03 4.74427E-02
2.97326E+03 4.74560E-02
2.97423E+03 4.74859E-02
2.97519E+03 4.75019E-02
2.97616E+03 4.75061E-02
2.97712E+03 4.75176E-02
2.97808E+03 4.75090E-02
2.97905E+03 4.75404E-02
2.98001E+03 4.76604E-02
2.98098E+03 4.77491E-02
2.98194E+03 4.78681E-02
2.98291E+03 4.80895E-02
2.98387E+03 4.83209E-02
2.98484E+03 4.85737E-02
2.98580E+03 4.88802E-02
2.98676E+03 4.92236E-02
2.98773E+03 4.96199E-02
2.98869E+03 5.00163E-02
2.98966E+03 5.04047E-02
2.99062E+03 5.08342E-02
2.99159E+03 5.12578E-02
2.99255E+03 5.16356E-02
2.99352E+03 5.20140E-02
2.99448E+03 5.23817E-02
2.99544E+03 5.27193E-02
2.99641E+03 5.30209E-02
2.99737E+03 5.32370E-02
2.99834E+03 5.34487E-02
2.99930E+03 5.36416E-02
3.00027E+03 5.37780E-02
3.00123E+03 5.39394E-02
3.00220E+03 5.40725E-02
3.00316E+03 5.41405E-02
3.00412E+03 5.42148E-02
3.00509E+03 5.42493E-02
3.00605E+03 5.42868E-02
3.00702E+03 5.43418E-02
3.00798E+03 5.43903E-02
3.00895E+03 5.44828E-02
3.00991E+03 5.45505E-02
3.01087E+03 5.46347E-02
3.01184E+03 5.47597E-02
3.01280E+03 5.49124E-02
3.01377E+03 5.51458E-02
3.01473E+03 5.53813E-02
3.01570E+03 5.56436E-02
3.01666E+03 5.59399E-02
3.01763E+03 5.62266E-02
3.01859E+03 5.66570E-02
3.01955E+03 5.72322E-02
3.02052E+03 5.78196E-02
3.02148E+03 5.84058E-02
3.02245E+03 5.90139E-02
3.02341E+03 5.96429E-02
3.02438E+03 6.02709E-02
3.02534E+03 6.09522E-02
3.02631E+03 6.16908E-02
3.02727E+03 6.24214E-02
3.02823E+03 6.32228E-02
3.02920E+03 6.40575E-02
3.03016E+03 6.49322E-02
3.03113E+03 6.58372E-02
3.03209E+03 6.67593E-02
3.03306E+03 6.77186E-02
3.03402E+03 6.86849E-02
3.03498E+03 6.96773E-02
3.03595E+03 7.06786E-02
3.03691E+03 7.17207E-02
3.03788E+03 7.27577E-02
3.03884E+03 7.38201E-02
3.03981E+03 7.48993E-02
3.04077E+03 7.60294E-02
3.04174E+03 7.71801E-02
3.04270E+03 7.82808E-02
3.04366E+03 7.94512E-02
3.04463E+03 8.07032E-02
3.04559E+03 8.19498E-02
3.04656E+03 8.31800E-02
3.04752E+03 8.44188E-02
3.04849E+03 8.56739E-02
3.04945E+03 8.69907E-02
3.05042E+03 8.83297E-02
3.05138E+03 8.96322E-02
3.05234E+03 9.09772E-02
3.05331E+03 9.23850E-02
3.05427E+03 9.38017E-02
3.05524E+03 9.51792E-02
3.05620E+03 9.65501E-02
3.05717E+03 9.79391E-02
3.05813E+03 9.93639E-02
3.05909E+03 1.00917E-01
3.06006E+03 1.02462E-01
3.06102E+03 1.03965E-01
3.06199E+03 1.05537E-01
3.06295E+03 1.07082E-01
3.06392E+03 1.08637E-01
3.06488E+03 1.10207E-01
3.06585E+03 1.11835E-01
3.06681E+03 1.13444E-01
3.06777E+03 1.14992E-01
3.06874E+03 1.16703E-01
3.06970E+03 1.18416E-01
3.07067E+03 1.20090E-01
3.07163E+03 1.21798E-01
3.07260E+03 1.23542E-01
3.07356E+03 1.25268E-01
3.07453E+03 1.26992E-01
3.07549E+03 1.28765E-01
3.07645E+03 1.30498E-01
3.07742E+03 1.32274E-01
3.07838E+03 1.34141E-01
3.07935E+03 1.36015E-01
3.08031E+03 1.37843E-01
3.08128E+03 1.39715E-01
3.08224E+03 1.41571E-01
3.08321E+03 1.43422E-01
3.08417E+03 1.45343E-01
3.08513E+03 1.47194E-01
3.08610E+03 1.49026E-01
3.08706E+03 1.50948E-01
3.08803E+03 1.52969E-01
3.08899E+03 1.54929E-01
3.08996E+03 1.56859E-01
3.09092E+03 1.58877E-01
3.09188E+03 1.60862E-01
3.09285E+03 1.62834E-01
3.09381E+03 1.64832E-01
3.09478E+03 1.66750E-01
3.09574E+03 1.68687E-01
3.09671E+03 1.70777E-01
3.09767E+03 1.72845E-01
3.09864E+03 1.74865E-01
3.09960E+03 1.76883E-01
3.10056E+03 1.78959E-01
3.10153E+03 1.81017E-01
3.10249E+03 1.83036E-01
3.10346E+03 1.85088E-01
3.10442E+03 1.87058E-01
3.10539E+03 1.89116E-01
3.10635E+03 1.91297E-01
3.10732E+03 1.93433E-01
3.10828E+03 1.95521E-01
3.10924E+03 1.97574E-01
3.11021E+03 1.99633E-01
3.11117E+03 2.01702E-01
3.11214E+03 2.03750E-01
3.11310E+03 2.05787E-01
3.11407E+03 2.07862E-01
3.11503E+03 2.09986E-01
3.11599E+03 2.12077E-01
3.11696E+03 2.14174E-01
3.11792E+03 2.16292E-01
3.11889E+03 2.18365E-01
3.11985E+03 2.20403E-01
3.12082E+03 2.22479E-01
3.12178E+03 2.24573E-01
3.12275E+03 2.26611E-01
3.12371E+03 2.28720E-01
3.12467E+03 2.30820E-01
3.12564E+03 2.32929E-01
3.12660E+03 2.35049E-01
3.12757E+03 2.37135E-01
3.12853E+03 2.39254E-01
3.12950E+03 2.41368E-01
3.13046E+03 2.43429E-01
3.13143E+03 2.45452E-01
3.13239E+03 2.47547E-01
3.13335E+03 2.49686E-01
3.13432E+03 2.51812E-01
3.13528E+03 2.53862E-01
3.13625E+03 2.55952E-01
3.13721E+03 2.58032E-01
3.13818E+03 2.60089E-01
3.13914E+03 2.62236E-01
3.14010E+03 2.64293E-01
3.14107E+03 2.66356E-01
3.14203E+03 2.68457E-01
3.14300E+03 2.70528E-01
3.14396E+03 2.72649E-01
3.14493E+03 2.74707E-01
3.14589E+03 2.76753E-01
3.14686E+03 2.78849E-01
3.14782E+03 2.80948E-01
3.14878E+03 2.82974E-01
3.14975E+03 2.85028E-01
3.15071E+03 2.87111E-01
3.15168E+03 2.89153E-01
3.15264E+03 2.91213E-01
3.15361E+03 2.93270E-01
3.15457E+03 2.95308E-01
3.15554E+03 2.97325E-01
3.15650E+03 2.99398E-01
3.15746E+03 3.01449E-01
3.15843E+03 3.03426E-01
3.15939E+03 3.05434E-01
3.16036E+03 3.07476E-01
3.16132E+03 3.09464E-01
3.16229E+03 3.11474E-01
3.16325E+03 3.13482E-01
3.16422E+03 3.15475E-01
3.16518E+03 3.17487E-01
3.16614E+03 3.19413E-01
3.16711E+03 3.21333E-01
3.16807E+03 3.23322E-01
3.16904E+03 3.25212E-01
3.17000E+03 3.27027E-01
3.17097E+03 3.29004E-01
3.17193E+03 3.30956E-01
3.17289E+03 3.32829E-01
3.17386E+03 3.34692E-01
3.17482E+03 3.36592E-01
3.17579E+03 3.38529E-01
3.17675E+03 3.40336E-01
3.17772E+03 3.42116E-01
3.17868E+03 3.43967E-01
3.17965E+03 3.45855E-01
3.18061E+03 3.47693E-01
3.18157E+03 3.49474E-01
3.18254E+03 3.51203E-01
3.18350E+03 3.52942E-01
3.18447E+03 3.54774E-01
3.18543E+03 3.56521E-01
3.18640E+03 3.58194E-01
3.18736E+03 3.59975E-01
3.18833E+03 3.61702E-01
3.18929E+03 3.63383E-01
3.19025E+03 3.65081E-01
3.19122E+03 3.66752E-01
3.19218E+03 3.68422E-01
3.19315E+03 3.70128E-01
3.19411E+03 3.71785E-01
3.19508E+03 3.73370E-01
3.19604E+03 3.74979E-01
3.19700E+03 3.76590E-01
3.19797E+03 3.78210E-01
3.19893E+03 3.79719E-01
3.19990E+03 3.81250E-01
3.20086E+03 3.82856E-01
3.20183E+03 3.84354E-01
3.20279E+03 3.85870E-01
3.20376E+03 3.87375E-01
3.20472E+03 3.88843E-01
3.20568E+03 3.90338E-01
3.20665E+03 3.91800E-01
3.20761E+03 3.93243E-01
3.20858E+03 3.94695E-01
3.20954E+03 3.96086E-01
3.21051E+03 3.97494E-01
3.21147E+03 3.98940E-01
3.21244E+03 4.00187E-01
3.21340E+03 4.01468E-01
3.21436E+03 4.02875E-01
3.21533E+03 4.04190E-01
3.21629E+03 4.05443E-01
3.21726E+03 4.06773E-01
3.21822E+03 4.08011E-01
3.21919E+03 4.09192E-01
3.22015E+03 4.10474E-01
3.22111E+03 4.11711E-01
3.22208E+03 4.12897E-01
3.22304E+03 4.14071E-01
3.22401E+03 4.15166E-01
3.22497E+03 4.16285E-01
3.22594E+03 4.17512E-01
3.22690E+03 4.18589E-01
3.22787E+03 4.19552E-01
3.22883E+03 4.20618E-01
3.22979E+03 4.21672E-01
3.23076E+03 4.22608E-01
3.23172E+03 4.23593E-01
3.23269E+03 4.24688E-01
3.23365E+03 4.25727E-01
3.23462E+03 4.26668E-01
3.23558E+03 4.27484E-01
3.23655E+03 4.28243E-01
3.23751E+03 4.29193E-01
3.23847E+03 4.30088E-01
3.23944E+03 4.30842E-01
3.24040E+03 4.31757E-01
3.24137E+03 4.32631E-01
3.24233E+03 4.33325E-01
3.24330E+03 4.33986E-01
3.24426E+03 4.34688E-01
3.24523E+03 4.35446E-01
3.24619E+03 4.36105E-01
3.24715E+03 4.36688E-01
3.24812E+03 4.37250E-01
3.24908E+03 4.37852E-01
3.25005E+03 4.38458E-01
3.25101E+03 4.39021E-01
3.25198E+03 4.39653E-01
3.25294E+03 4.40206E-01
3.25390E+03 4.40499E-01
3.25487E+03 4.40893E-01
3.25583E+03 4.41439E-01
3.25680E+03 4.41819E-01
3.25776E+03 4.42200E-01
3.25873E+03 4.42635E-01
3.25969E+03 4.42914E-01
3.26066E+03 4.43248E-01
3.26162E+03 4.43604E-01
3.26258E+03 4.43810E-01
3.26355E+03 4.43965E-01
3.26451E+03 4.44131E-01
3.26548E+03 4.44376E-01
3.26644E+03 4.44576E-01
3.26741E+03 4.44659E-01
3.26837E+03 4.44715E-01
3.26934E+03 4.44718E-01
3.27030E+03 4.44637E-01
3.27126E+03 4.44680E-01
3.27223E+03 4.44737E-01
3.27319E+03 4.44687E-01
3.27416E+03 4.44692E-01
3.27512E+03 4.44522E-01
3.27609E+03 4.44299E-01
3.27705E+03 4.44189E-01
3.27802E+03 4.43998E-01
3.27898E+03 4.43843E-01
3.27994E+03 4.43633E-01
3.28091E+03 4.43357E-01
3.28187E+03 4.43071E-01
3.28284E+03 4.42695E-01
3.28380E+03 4.42314E-01
3.28477E+03 4.42032E-01
3.28573E+03 4.41688E-01
3.28669E+03 4.41153E-01
3.28766E+03 4.40624E-01
3.28862E+03 4.40127E-01
3.28959E+03 4.39547E-01
3.29055E+03 4.39064E-01
3.29152E+03 4.38591E-01
3.29248E+03 4.38071E-01
3.29345E+03 4.37356E-01
3.29441E+03 4.36566E-01
3.29537E+03 4.35858E-01
3.29634E+03 4.35229E-01
3.29730E+03 4.34631E-01
3.29827E+03 4.33886E-01
3.29923E+03 4.33111E-01
3.30020E+03 4.32266E-01
3.30116E+03 4.31452E-01
3.30213E+03 4.30676E-01
3.30309E+03 4.29766E-01
3.30405E+03 4.28858E-01
3.30502E+03 4.27978E-01
3.30598E+03 4.27053E-01
3.30695E+03 4.26159E-01
3.30791E+03 4.25186E-01
3.30888E+03 4.24146E-01
3.30984E+03 4.23160E-01
3.31080E+03 4.22219E-01
3.31177E+03 4.21209E-01
3.31273E+03 4.20206E-01
3.31370E+03 4.19140E-01
3.31466E+03 4.18114E-01
3.31563E+03 4.17060E-01
3.31659E+03 4.15976E-01
3.31756E+03 4.14964E-01
3.31852E+03 4.13774E-01
3.31948E+03 4.12558E-01
3.32045E+03 4.11466E-01
3.32141E+03 4.10329E-01
3.32238E+03 4.09140E-01
3.32334E+03 4.07939E-01
3.32431E+03 4.06758E-01
3.32527E+03 4.05624E-01
3.32624E+03 4.04412E-01
3.32720E+03 4.03218E-01
3.32816E+03 4.02029E-01
3.32913E+03 4.00833E-01
3.33009E+03 3.99656E-01
3.33106E+03 3.98448E-01
3.33202E+03 3.97263E-01
3.33299E+03 3.96002E-01
3.33395E+03 3.94692E-01
3.33492E+03 3.93483E-01
3.33588E+03 3.92289E-01
3.33684E+03 3.91033E-01
3.33781E+03 3.89854E-01
3.33877E+03 3.88712E-01
3.33974E+03 3.87470E-01
3.34070E+03 3.86190E-01
3.34167E+03 3.84927E-01
3.34263E+03 3.83626E-01
3.34359E+03 3.82361E-01
3.34456E+03 3.81153E-01
3.34552E+03 3.79830E-01
3.34649E+03 3.78543E-01
3.34745E+03 3.77309E-01
3.34842E+03 3.76084E-01
3.34938E+03 3.74811E-01
3.35035E+03 3.73553E-01
3.35131E+03 3.72391E-01
3.35227E+03 3.71118E-01
3.35324E+03 3.69807E-01
3.35420E+03 3.68511E-01
3.35517E+03 3.67233E-01
3.35613E+03 3.65999E-01
3.35710E+03 3.64782E-01
3.35806E+03 3.63517E-01
3.35903E+03 3.62243E-01
3.35999E+03 3.61026E-01
3.36095E+03 3.59796E-01
3.36192E+03 3.58507E-01
3.36288E+03 3.57176E-01
3.36385E+03 3.55921E-01
3.36481E+03 3.54714E-01
3.36578E+03 3.53473E-01
3.36674E+03 3.52189E-01
3.36770E+03 3.50832E-01
3.36867E+03 3.49498E-01
3.36963E+03 3.48185E-01
3.37060E+03 3.46920E-01
3.37156E+03 3.45692E-01
3.37253E+03 3.44419E-01
3.37349E+03 3.43107E-01
3.37446E+03 3.41702E-01
3.37542E+03 3.40291E-01
3.37638E+03 3.38942E-01
3.37735E+03 3.37647E-01
3.37831E+03 3.36299E-01
3.37928E+03 3.34908E-01
3.38024E+03 3.33515E-01
3.38121E+03 3.32050E-01
3.38217E+03 3.30677E-01
3.38314E+03 3.29358E-01
3.38410E+03 3.27950E-01
3.38506E+03 3.26562E-01
3.38603E+03 3.25092E-01
3.38699E+03 3.23589E-01
3.38796E+03 3.22163E-01
3.38892E+03 3.20757E-01
3.38989E+03 3.19356E-01
3.39085E+03 3.17903E-01
3.39181E+03 3.16366E-01
3.39278E+03 3.14813E-01
3.39374E+03 3.13348E-01
3.39471E+03 3.11898E-01
3.39567E+03 3.10287E-01
3.39664E+03 3.08753E-01
3.39760E+03 3.07231E-01
3.39857E+03 3.05631E-01
3.39953E+03 3.04079E-01
3.40049E+03 3.02547E-01
3.40146E+03 3.00985E-01
3.40242E+03 2.99339E-01
3.40339E+03 2.97698E-01
3.40435E+03 2.95964E-01
3.40532E+03 2.94238E-01
3.40628E+03 2.92631E-01
3.40725E+03 2.91024E-01
3.40821E+03 2.89353E-01
3.40917E+03 2.87626E-01
3.41014E+03 2.85925E-01
3.41110E+03 2.84194E-01
3.41207E+03 2.82406E-01
3.41303E+03 2.80453E-01
3.41400E+03 2.78370E-01
3.41496E+03 2.76798E-01
3.41593E+03 2.75261E-01
3.41689E+03 2.73421E-01
3.41785E+03 2.71675E-01
3.41882E+03 2.69874E-01
3.41978E+03 2.68007E-01
3.42075E+03 2.66201E-01
3.42171E+03 2.64409E-01
3.42268E+03 2.62520E-01
3.42364E+03 2.60704E-01
3.42460E+03 2.58794E-01
3.42557E+03 2.56779E-01
3.42653E+03 2.54909E-01
3.42750E+03 2.53047E-01
3.42846E+03 2.51139E-01
3.42943E+03 2.49125E-01
3.43039E+03 2.47187E-01
3.43136E+03 2.45343E-01
3.43232E+03 2.43465E-01
3.43328E+03 2.41569E-01
3.43425E+03 2.39551E-01
3.43521E+03 2.37514E-01
3.43618E+03 2.35593E-01
3.43714E+03 2.33696E-01
3.43811E+03 2.31741E-01
3.43907E+03 2.29708E-01
3.44004E+03 2.27696E-01
3.44100E+03 2.25784E-01
3.44196E+03 2.23782E-01
3.44293E+03 2.21757E-01
3.44389E+03 2.19769E-01
3.44486E+03 2.17801E-01
3.44582E+03 2.15816E-01
3.44679E+03 2.13854E-01
3.44775E+03 2.11836E-01
3.44871E+03 2.09771E-01
3.44968E+03 2.07790E-01
3.45064E+03 2.05795E-01
3.45161E+03 2.03850E-01
3.45257E+03 2.01856E-01
3.45354E+03 1.99812E-01
3.45450E+03 1.97829E-01
3.45547E+03 1.95909E-01
3.45643E+03 1.93982E-01
3.45739E+03 1.91942E-01
3.45836E+03 1.89869E-01
3.45932E+03 1.87846E-01
3.46029E+03 1.85851E-01
3.46125E+03 1.83860E-01
3.46222E+03 1.81834E-01
3.46318E+03 1.79837E-01
3.46415E+03 1.77814E-01
3.46511E+03 1.75743E-01
3.46607E+03 1.73700E-01
3.46704E+03 1.71695E-01
3.46800E+03 1.69767E-01
3.46897E+03 1.67816E-01
3.46993E+03 1.65768E-01
3.47090E+03 1.63753E-01
3.47186E+03 1.61785E-01
3.47282E+03 1.59750E-01
3.47379E+03 1.57722E-01
3.47475E+03 1.55816E-01
3.47572E+03 1.53902E-01
3.47668E+03 1.51901E-01
3.47765E+03 1.49903E-01
3.47861E+03 1.47913E-01
3.47958E+03 1.45919E-01
3.48054E+03 1.43942E-01
3.48150E+03 1.42023E-01
3.48247E+03 1.40051E-01
3.48343E+03 1.38048E-01
3.48440E+03 1.36092E-01
3.48536E+03 1.34126E-01
3.48633E+03 1.32166E-01
3.48729E+03 1.30223E-01
3.48826E+03 1.28296E-01
3.48922E+03 1.26382E-01
3.49018E+03 1.24444E-01
3.49115E+03 1.22518E-01
3.49211E+03 1.20595E-01
3.49308E+03 1.18638E-01
3.49404E+03 1.16704E-01
3.49501E+03 1.14715E-01
3.49597E+03 1.12831E-01
3.49694E+03 1.11057E-01
3.49790E+03 1.09216E-01
3.49886E+03 1.07343E-01
3.49983E+03 1.05395E-01
3.50079E+03 1.03489E-01
3.50176E+03 1.01681E-01
3.50272E+03 9.98118E-02
3.50369E+03 9.79586E-02
3.50465E+03 9.61844E-02
3.50561E+03 9.43531E-02
3.50658E+03 9.25883E-02
3.50754E+03 9.08249E-02
3.50851E+03 8.89814E-02
3.50947E+03 8.71325E-02
3.51044E+03 8.54117E-02
3.51140E+03 8.37659E-02
3.51237E+03 8.20628E-02
3.51333E+03 8.03549E-02
3.51429E+03 7.86369E-02
3.51526E+03 7.69644E-02
3.51622E+03 7.53491E-02
3.51719E+03 7.37208E-02
3.51815E+03 7.20900E-02
3.51912E+03 7.05693E-02
3.52008E+03 6.90611E-02
3.52105E+03 6.75430E-02
3.52201E+03 6.60808E-02
3.52297E+03 6.45464E-02
3.52394E+03 6.30533E-02
3.52490E+03 6.16915E-02
3.52587E+03 6.03300E-02
3.52683E+03 5.90105E-02
3.52780E+03 5.77038E-02
3.52876E+03 5.63398E-02
3.52972E+03 5.50230E-02
3.53069E+03 5.38546E-02
3.53165E+03 5.26741E-02
3.53262E+03 5.14105E-02
3.53358E+03 5.01955E-02
3.53455E+03 4.90497E-02
3.53551E+03 4.79498E-02
3.53648E+03 4.68469E-02
3.53744E+03 4.57536E-02
3.53840E+03 4.47333E-02
3.53937E+03 4.37296E-02
3.54033E+03 4.27131E-02
3.54130E+03 4.17614E-02
3.54226E+03 4.08692E-02
3.54323E+03 3.99435E-02
3.54419E+03 3.90262E-02
3.54516E+03 3.81715E-02
3.54612E+03 3.73077E-02
3.54708E+03 3.64777E-02
3.54805E+03 3.56662E-02
3.54901E+03 3.48756E-02
3.54998E+03 3.41574E-02
3.55094E+03 3.34442E-02
3.55191E+03 3.27539E-02
3.55287E+03 3.20526E-02
3.55383E+03 3.13605E-02
3.55480E+03 3.06970E-02
3.55576E+03 3.00411E-02
3.55673E+03 2.94449E-02
3.55769E+03 2.88561E-02
3.55866E+03 2.82450E-02
3.55962E+03 2.76419E-02
3.56059E+03 2.70499E-02
3.56155E+03 2.64612E-02
3.56251E+03 2.59341E-02
3.56348E+03 2.54393E-02
3.56444E+03 2.49518E-02
3.56541E+03 2.44403E-02
3.56637E+03 2.39330E-02
3.56734E+03 2.34741E-02
3.56830E+03 2.30749E-02
3.56927E+03 2.26909E-02
3.57023E+03 2.23351E-02
3.57119E+03 2.19606E-02
3.57216E+03 2.15426E-02
3.57312E+03 2.12046E-02
3.57409E+03 2.08968E-02
3.57505E+03 2.06172E-02
3.57602E+03 2.03317E-02
3.57698E+03 2.00269E-02
3.57795E+03 1.97909E-02
3.57891E+03 1.96884E-02
3.57987E+03 1.96735E-02
3.58084E+03 1.96751E-02
3.58180E+03 1.97759E-02
3.58277E+03 1.99201E-02
3.58373E+03 2.00494E-02
3.58470E+03 2.02940E-02
3.58566E+03 2.06025E-02
3.58662E+03 2.08905E-02
3.58759E+03 2.11681E-02
3.58855E+03 2.14943E-02
3.58952E+03 2.17927E-02
3.59048E+03 2.20003E-02
3.59145E+03 2.22850E-02
3.59241E+03 2.26028E-02
3.59338E+03 2.29817E-02
3.59434E+03 2.34086E-02
3.59530E+03 2.37033E-02
3.59627E+03 2.37141E-02
3.59723E+03 2.34776E-02
3.59820E+03 2.31382E-02
3.59916E+03 2.39526E-02
3.60013E+03 2.56970E-02
3.60109E+03 2.35478E-02
3.60206E+03 1.86521E-02
3.60302E+03 1.56994E-02
3.60398E+03 1.42560E-02
3.60495E+03 1.33726E-02
3.60591E+03 1.28369E-02
3.60688E+03 1.25645E-02
3.60784E+03 1.23401E-02
3.60881E+03 1.21236E-02
3.60977E+03 1.19351E-02
3.61074E+03 1.16720E-02
3.61170E+03 1.14176E-02
3.61266E+03 1.12539E-02
3.61363E+03 1.11102E-02
3.61459E+03 1.09209E-02
3.61556E+03 1.07247E-02
3.61652E+03 1.05568E-02
3.61749E+03 1.04468E-02
3.61845E+03 1.03808E-02
3.61941E+03 1.03053E-02
3.62038E+03 1.02287E-02
3.62134E+03 1.01525E-02
3.62231E+03 1.00559E-02
3.62327E+03 9.95503E-03
3.62424E+03 9.90751E-03
3.62520E+03 9.86739E-03
3.62617E+03 9.84427E-03
3.62713E+03 9.84256E-03
3.62809E+03 9.85538E-03
3.62906E+03 9.89547E-03
3.63002E+03 9.91727E-03
3.63099E+03 9.94036E-03
3.63195E+03 1.00445E-02
3.63292E+03 1.01427E-02
3.63388E+03 1.01609E-02
3.63485E+03 1.01851E-02
3.63581E+03 1.02658E-02
3.63677E+03 1.04454E-02
3.63774E+03 1.06502E-02
3.63870E+03 1.08652E-02
3.63967E+03 1.10748E-02
3.64063E+03 1.13238E-02
3.64160E+03 1.17011E-02
3.64256E+03 1.20682E-02
3.64352E+03 1.24299E-02
3.64449E+03 1.28558E-02
3.64545E+03 1.32543E-02
3.64642E+03 1.36091E-02
3.64738E+03 1.39883E-02
3.64835E+03 1.43473E-02
3.64931E+03 1.46737E-02
3.65028E+03 1.48937E-02
3.65124E+03 1.50425E-02
3.65220E+03 1.51346E-02
3.65317E+03 1.51877E-02
3.65413E+03 1.52079E-02
3.65510E+03 1.51288E-02
3.65606E+03 1.50403E-02
3.65703E+03 1.47992E-02
3.65799E+03 1.44530E-02
3.65896E+03 1.41088E-02
3.65992E+03 1.37324E-02
3.66088E+03 1.33217E-02
3.66185E+03 1.28461E-02
3.66281E+03 1.23588E-02
3.66378E+03 1.18299E-02
3.66474E+03 1.12962E-02
3.66571E+03 1.07918E-02
3.66667E+03 1.03135E-02
3.66764E+03 9.82094E-03
3.66860E+03 9.31744E-03
3.66956E+03 8.84156E-03
3.67053E+03 8.45240E-03
3.67149E+03 8.10813E-03
3.67246E+03 7.68543E-03
3.67342E+03 7.33731E-03
3.67439E+03 7.02314E-03
3.67535E+03 6.74262E-03
3.67631E+03 6.50882E-03
3.67728E+03 6.22611E-03
3.67824E+03 5.99211E-03
3.67921E+03 5.82162E-03
3.68017E+03 5.68062E-03
3.68114E+03 5.56184E-03
3.68210E+03 5.49718E-03
3.68307E+03 5.46357E-03
3.68403E+03 5.45299E-03
3.68499E+03 5.52648E-03
3.68596E+03 5.68412E-03
3.68692E+03 5.90424E-03
3.68789E+03 6.26485E-03
3.68885E+03 6.84375E-03
3.68982E+03 7.48516E-03
3.69078E+03 8.29173E-03
3.69175E+03 9.43914E-03
3.69271E+03 1.09126E-02
3.69367E+03 1.26991E-02
3.69464E+03 1.48605E-02
3.69560E+03 1.74505E-02
3.69657E+03 2.03670E-02
3.69753E+03 2.34727E-02
3.69850E+03 2.66289E-02
3.69946E+03 2.95627E-02
3.70042E+03 3.17915E-02
3.70139E+03 3.30162E-02
3.70235E+03 3.31320E-02
3.70332E+03 3.21303E-02
3.70428E+03 3.03531E-02
3.70525E+03 2.83624E-02
3.70621E+03 2.69373E-02
3.70718E+03 2.74940E-02
3.70814E+03 2.96194E-02
3.70910E+03 2.71924E-02
3.71007E+03 1.92918E-02
3.71103E+03 1.27902E-02
3.71200E+03 9.43065E-03
3.71296E+03 7.62777E-03
3.71393E+03 6.68452E-03
3.71489E+03 6.20117E-03
3.71586E+03 5.91218E-03
3.71682E+03 5.69560E-03
3.71778E+03 5.51603E-03
3.71875E+03 5.37385E-03
3.71971E+03 5.28647E-03
3.72068E+03 5.15548E-03
3.72164E+03 5.01052E-03
3.72261E+03 4.93606E-03
3.72357E+03 4.83663E-03
3.72453E+03 4.71329E-03
3.72550E+03 4.63332E-03
3.72646E+03 4.55160E-03
3.72743E+03 4.44142E-03
3.72839E+03 4.31497E-03
3.72936E+03 4.16170E-03
3.73032E+03 4.01717E-03
3.73129E+03 3.92044E-03
3.73225E+03 3.90796E-03
3.73321E+03 3.85040E-03
3.73418E+03 3.68254E-03
3.73514E+03 3.55377E-03
3.73611E+03 3.46174E-03
3.73707E+03 3.38067E-03
3.73804E+03 3.30361E-03
3.73900E+03 3.20261E-03
3.73997E+03 3.10459E-03
3.74093E+03 3.03530E-03
3.74189E+03 2.93506E-03
3.74286E+03 2.85562E-03
3.74382E+03 2.90831E-03
3.74479E+03 2.98262E-03
3.74575E+03 2.78416E-03
3.74672E+03 2.57363E-03
3.74768E+03 2.54814E-03
3.74865E+03 2.49360E-03
3.74961E+03 2.46588E-03
3.75057E+03 2.40329E-03
3.75154E+03 2.36700E-03
3.75250E+03 2.37705E-03
3.75347E+03 2.30090E-03
3.75443E+03 2.21613E-03
3.75540E+03 2.12963E-03
3.75636E+03 2.13345E-03
3.75732E+03 2.15304E-03
3.75829E+03 2.11578E-03
3.75925E+03 2.11606E-03
3.76022E+03 2.09325E-03
3.76118E+03 2.05162E-03
3.76215E+03 2.05473E-03
3.76311E+03 2.07522E-03
3.76408E+03 2.06633E-03
3.76504E+03 2.04438E-03
3.76600E+03 2.00926E-03
3.76697E+03 1.95263E-03
3.76793E+03 1.96021E-03
3.76890E+03 1.96439E-03
3.76986E+03 1.98119E-03
3.77083E+03 1.98760E-03
3.77179E+03 1.99473E-03
3.77276E+03 2.04567E-03
3.77372E+03 2.02302E-03
3.77468E+03 1.96167E-03
3.77565E+03 1.96129E-03
3.77661E+03 2.03691E-03
3.77758E+03 2.04284E-03
3.77854E+03 2.01035E-03
3.77951E+03 2.04214E-03
3.78047E+03 2.04534E-03
3.78143E+03 1.98743E-03
3.78240E+03 2.02002E-03
3.78336E+03 2.07663E-03
3.78433E+03 2.02304E-03
3.78529E+03 2.02367E-03
3.78626E+03 2.09065E-03
3.78722E+03 2.07356E-03
3.78819E+03 2.02225E-03
3.78915E+03 2.00303E-03
3.79011E+03 2.01935E-03
3.79108E+03 2.07718E-03
3.79204E+03 2.08652E-03
3.79301E+03 2.04635E-03
3.79397E+03 2.03434E-03
3.79494E+03 2.04047E-03
3.79590E+03 2.05316E-03
3.79687E+03 2.05925E-03
3.79783E+03 2.06607E-03
3.79879E+03 2.07438E-03
3.79976E+03 2.06342E-03
3.80072E+03 2.10797E-03
3.80169E+03 2.22107E-03
3.80265E+03 2.18400E-03
3.80362E+03 2.08096E-03
3.80458E+03 2.08682E-03
3.80554E+03 2.06731E-03
3.80651E+03 2.10768E-03
3.80747E+03 2.18077E-03
3.80844E+03 2.14946E-03
3.80940E+03 2.14801E-03
3.81037E+03 2.14797E-03
3.81133E+03 2.14109E-03
3.81230E+03 2.14769E-03
3.81326E+03 2.16346E-03
3.81422E+03 2.16540E-03
3.81519E+03 2.15804E-03
3.81615E+03 2.25242E-03
3.81712E+03 2.29514E-03
3.81808E+03 2.23055E-03
3.81905E+03 2.23236E-03
3.82001E+03 2.28936E-03
3.82098E+03 2.34560E-03
3.82194E+03 2.35286E-03
3.82290E+03 2.33139E-03
3.82387E+03 2.28189E-03
3.82483E+03 2.22328E-03
3.82580E+03 2.23373E-03
3.82676E+03 2.24388E-03
3.82773E+03 2.29144E-03
3.82869E+03 2.31722E-03
3.82966E+03 2.28969E-03
3.83062E+03 2.29686E-03
3.83158E+03 2.33028E-03
3.83255E+03 2.33804E-03
3.83351E+03 2.24361E-03
3.83448E+03 2.28878E-03
3.83544E+03 2.41650E-03
3.83641E+03 2.39818E-03
3.83737E+03 2.41521E-03
3.83833E+03 2.44496E-03
3.83930E+03 2.40733E-03
3.84026E+03 2.39297E-03
3.84123E+03 2.44563E-03
3.84219E+03 2.47131E-03
3.84316E+03 2.46641E-03
3.84412E+03 2.49933E-03
3.84509E+03 2.52937E-03
3.84605E+03 2.55495E-03
3.84701E+03 2.59560E-03
3.84798E+03 2.62241E-03
3.84894E+03 2.59539E-03
3.84991E+03 2.59104E-03
3.85087E+03 2.58977E-03
3.85184E+03 2.62079E-03
3.85280E+03 2.65791E-03
3.85377E+03 2.72741E-03
3.85473E+03 2.81736E-03
3.85569E+03 2.71546E-03
3.85666E+03 2.61693E-03
3.85762E+03 2.65236E-03
3.85859E+03 2.65216E-03
3.85955E+03 2.68812E-03
3.86052E+03 2.68788E-03
3.86148E+03 2.67021E-03
3.86244E+03 2.74351E-03
3.86341E+03 2.75012E-03
3.86437E+03 2.78717E-03
3.86534E+03 2.80955E-03
3.86630E+03 2.74850E-03
3.86727E+03 2.72825E-03
3.86823E+03 2.71904E-03
3.86920E+03 2.78097E-03
3.87016E+03 2.90621E-03
3.87112E+03 2.83533E-03
3.87209E+03 2.74249E-03
3.87305E+03 2.78196E-03
3.87402E+03 2.75997E-03
3.87498E+03 2.70493E-03
3.87595E+03 2.68910E-03
3.87691E+03 2.69059E-03
3.87788E+03 2.76790E-03
3.87884E+03 2.79352E-03
3.87980E+03 2.76452E-03
3.88077E+03 2.78319E-03
3.88173E+03 2.78807E-03
3.88270E+03 2.83302E-03
3.88366E+03 2.83853E-03
3.88463E+03 2.76471E-03
3.88559E+03 2.81936E-03
3.88655E+03 2.83598E-03
3.88752E+03 2.81959E-03
3.88848E+03 2.88422E-03
3.88945E+03 2.86889E-03
3.89041E+03 2.86468E-03
3.89138E+03 2.92251E-03
3.89234E+03 2.92457E-03
3.89331E+03 2.94563E-03
3.89427E+03 2.96719E-03
3.89523E+03 2.92744E-03
3.89620E+03 2.92782E-03
3.89716E+03 2.98281E-03
3.89813E+03 3.00035E-03
3.89909E+03 2.98212E-03
3.90006E+03 3.04375E-03
3.90102E+03 3.03806E-03
3.90199E+03 3.05376E-03
3.90295E+03 3.06249E-03
3.90391E+03 3.05552E-03
3.90488E+03 3.10235E-03
3.90584E+03 3.10220E-03
3.90681E+03 3.15212E-03
3.90777E+03 3.17357E-03
3.90874E+03 3.14707E-03
3.90970E+03 3.11425E-03
3.91067E+03 3.13726E-03
3.91163E+03 3.20020E-03
3.91259E+03 3.21811E-03
3.91356E+03 3.19006E-03
3.91452E+03 3.10833E-03
3.91549E+03 3.15018E-03
3.91645E+03 3.26697E-03
3.91742E+03 3.30706E-03
3.91838E+03 3.30052E-03
3.91934E+03 3.29596E-03
3.92031E+03 3.32240E-03
3.92127E+03 3.36203E-03
3.92224E+03 3.31968E-03
3.92320E+03 3.31619E-03
3.92417E+03 3.42856E-03
3.92513E+03 3.45026E-03
3.92610E+03 3.42946E-03
3.92706E+03 3.42112E-03
3.92802E+03 3.44714E-03
3.92899E+03 3.46439E-03
3.92995E+03 3.48472E-03
3.93092E+03 3.51482E-03
3.93188E+03 3.55117E-03
3.93285E+03 3.59540E-03
3.93381E+03 3.53955E-03
3.93478E+03 3.53460E-03
3.93574E+03 3.57061E-03
3.93670E+03 3.59689E-03
3.93767E+03 3.69590E-03
3.93863E+03 3.73506E-03
3.93960E+03 3.67784E-03
3.94056E+03 3.65462E-03
3.94153E+03 3.67694E-03
3.94249E+03 3.73618E-03
3.94346E+03 3.70691E-03
3.94442E+03 3.70505E-03
3.94538E+03 3.79558E-03
3.94635E+03 3.80301E-03
3.94731E+03 3.82388E-03
3.94828E+03 3.77103E-03
3.94924E+03 3.75876E-03
3.95021E+03 3.82387E-03
3.95117E+03 3.83978E-03
3.95213E+03 3.87648E-03
3.95310E+03 3.92490E-03
3.95406E+03 3.90901E-03
3.95503E+03 3.87629E-03
3.95599E+03 3.89116E-03
3.95696E+03 3.91014E-03
3.95792E+03 3.92941E-03
3.95889E+03 3.94819E-03
3.95985E+03 4.00114E-03
3.96081E+03 4.00708E-03
3.96178E+03 4.01161E-03
3.96274E+03 4.03308E-03
3.96371E+03 4.05199E-03
3.96467E+03 4.16707E-03
3.96564E+03 4.20306E-03
3.96660E+03 4.21216E-03
3.96757E+03 4.21596E-03
3.96853E+03 4.15361E-03
3.96949E+03 4.15252E-03
3.97046E+03 4.15044E-03
3.97142E+03 4.15589E-03
3.97239E+03 4.19024E-03
3.97335E+03 4.19730E-03
3.97432E+03 4.22350E-03
3.97528E+03 4.23960E-03
3.97624E+03 4.25339E-03
3.97721E+03 4.24130E-03
3.97817E+03 4.24595E-03
3.97914E+03 4.29595E-03
3.98010E+03 4.29422E-03
3.98107E+03 4.33442E-03
3.98203E+03 4.43347E-03
3.98300E+03 4.45909E-03
3.98396E+03 4.39680E-03
3.98492E+03 4.42683E-03
3.98589E+03 4.50725E-03
3.98685E+03 4.52454E-03
3.98782E+03 4.49078E-03
3.98878E+03 4.44336E-03
3.98975E+03 4.43306E-03
3.99071E+03 4.48206E-03
3.99168E+03 4.53502E-03
3.99264E+03 4.54803E-03
3.99360E+03 4.54255E-03
3.99457E+03 4.58152E-03
3.99553E+03 4.65496E-03
3.99650E+03 4.64693E-03
3.99746E+03 4.59463E-03
3.99843E+03 4.60585E-03
3.99939E+03 4.60579E-03
4.00035E+03 4.58672E-03
4.00132E+03 4.60688E-03
