# {"full": "H2O:CH3OH:CO2 (0.9:0.3:1)", "name": "H2O:CH3OH:CO2", "ratio": "(0.9:0.3:1)", "url": "https://icedb.strw.leidenuniv.nl/data/51", "author": "Ehrenfreund et al."}
3.99264E+02 2.11963E-03
4.00228E+02 8.47379E-03
4.01193E+02 6.78261E-03
4.02157E+02 3.56188E-03
4.03122E+02 2.12851E-03
4.04086E+02 1.70684E-03
4.05050E+02 2.69986E-03
4.06015E+02 6.24006E-03
4.06979E+02 -3.20844E-03
4.07944E+02 -1.16060E-02
4.08908E+02 -5.03732E-03
4.09872E+02 -2.89042E-03
4.10837E+02 -4.67170E-04
4.11801E+02 1.20170E-03
4.12766E+02 -4.13474E-04
4.13730E+02 -4.22680E-03
4.14694E+02 -1.63556E-03
4.15659E+02 2.81524E-03
4.16623E+02 3.10848E-03
4.17588E+02 1.61551E-03
4.18552E+02 2.09604E-03
4.19516E+02 4.97478E-03
4.20481E+02 4.74865E-03
4.21445E+02 4.48047E-03
4.22410E+02 3.44143E-03
4.23374E+02 2.62137E-03
4.24339E+02 2.82333E-03
4.25303E+02 2.48341E-03
4.26267E+02 3.85028E-03
4.27232E+02 3.72011E-03
4.28196E+02 1.36344E-03
4.29161E+02 1.75755E-03
4.30125E+02 2.86397E-03
4.31089E+02 3.08466E-03
4.32054E+02 3.24277E-03
4.33018E+02 3.30146E-03
4.33983E+02 3.77482E-03
4.34947E+02 4.35551E-03
4.35911E+02 5.12433E-03
4.36876E+02 4.13962E-03
4.37840E+02 4.14005E-03
4.38805E+02 4.21041E-03
4.39769E+02 6.19498E-03
4.40733E+02 6.62032E-03
4.41698E+02 2.79921E-02
4.42662E+02 3.44166E-02
4.43627E+02 7.52404E-03
4.44591E+02 2.53660E-03
4.45555E+02 3.35224E-03
4.46520E+02 2.50408E-03
4.47484E+02 3.27597E-03
4.48449E+02 3.57753E-03
4.49413E+02 3.30583E-03
4.50377E+02 2.89455E-03
4.51342E+02 3.44833E-03
4.52306E+02 3.12793E-03
4.53271E+02 2.75590E-03
4.54235E+02 2.83574E-03
4.55199E+02 2.52374E-03
4.56164E+02 3.74614E-03
4.57128E+02 4.26893E-03
4.58093E+02 2.99697E-03
4.59057E+02 2.75198E-03
4.60022E+02 2.90890E-03
4.60986E+02 3.29861E-03
4.61950E+02 3.01494E-03
4.62915E+02 2.35371E-03
4.63879E+02 2.73552E-03
4.64844E+02 3.24362E-03
4.65808E+02 3.47750E-03
4.66772E+02 3.45413E-03
4.67737E+02 3.02273E-03
4.68701E+02 2.91600E-03
4.69666E+02 3.20704E-03
4.70630E+02 4.06328E-03
4.71594E+02 3.52227E-03
4.72559E+02 3.01887E-03
4.73523E+02 3.22020E-03
4.74488E+02 3.22657E-03
4.75452E+02 3.09458E-03
4.76416E+02 3.16043E-03
4.77381E+02 4.20598E-03
4.78345E+02 4.45328E-03
4.79310E+02 4.03701E-03
4.80274E+02 4.13845E-03
4.81238E+02 4.09154E-03
4.82203E+02 4.08806E-03
4.83167E+02 4.07977E-03
4.84132E+02 4.25782E-03
4.85096E+02 4.80811E-03
4.86060E+02 5.04065E-03
4.87025E+02 5.22275E-03
4.87989E+02 5.37741E-03
4.88954E+02 5.31489E-03
4.89918E+02 5.63498E-03
4.90883E+02 5.82531E-03
4.91847E+02 5.81223E-03
4.92811E+02 6.05740E-03
4.93776E+02 6.38812E-03
4.94740E+02 6.57983E-03
4.95705E+02 6.84344E-03
4.96669E+02 7.19862E-03
4.97633E+02 7.92309E-03
4.98598E+02 7.68788E-03
4.99562E+02 7.09845E-03
5.00527E+02 7.40801E-03
5.01491E+02 7.65202E-03
5.02455E+02 7.93637E-03
5.03420E+02 8.09375E-03
5.04384E+02 8.27690E-03
5.05349E+02 8.83640E-03
5.06313E+02 9.02645E-03
5.07277E+02 9.26840E-03
5.08242E+02 9.58158E-03
5.09206E+02 9.72702E-03
5.10171E+02 9.74675E-03
5.11135E+02 1.00076E-02
5.12099E+02 1.01149E-02
5.13064E+02 9.98609E-03
5.14028E+02 1.01726E-02
5.14993E+02 1.05016E-02
5.15957E+02 1.05196E-02
5.16921E+02 1.07321E-02
5.17886E+02 1.02847E-02
5.18850E+02 1.18351E-02
5.19815E+02 1.58081E-02
5.20779E+02 1.46357E-02
5.21743E+02 1.27819E-02
5.22708E+02 1.29315E-02
5.23672E+02 1.28704E-02
5.24637E+02 1.30006E-02
5.25601E+02 1.31618E-02
5.26565E+02 1.33836E-02
5.27530E+02 1.35011E-02
5.28494E+02 1.37173E-02
5.29459E+02 1.37828E-02
5.30423E+02 1.39570E-02
5.31388E+02 1.42006E-02
5.32352E+02 1.43055E-02
5.33316E+02 1.45623E-02
5.34281E+02 1.50027E-02
5.35245E+02 1.49212E-02
5.36210E+02 1.48505E-02
5.37174E+02 1.53181E-02
5.38138E+02 1.56494E-02
5.39103E+02 1.58601E-02
5.40067E+02 1.59749E-02
5.41032E+02 1.60330E-02
5.41996E+02 1.63303E-02
5.42960E+02 1.66411E-02
5.43925E+02 1.69924E-02
5.44889E+02 1.71551E-02
5.45854E+02 1.73354E-02
5.46818E+02 1.77382E-02
5.47782E+02 1.81287E-02
5.48747E+02 1.82429E-02
5.49711E+02 1.82953E-02
5.50676E+02 1.84621E-02
5.51640E+02 1.86557E-02
5.52604E+02 1.88910E-02
5.53569E+02 1.91053E-02
5.54533E+02 1.91356E-02
5.55498E+02 1.94029E-02
5.56462E+02 1.96779E-02
5.57427E+02 1.98846E-02
5.58391E+02 2.02659E-02
5.59355E+02 2.05608E-02
5.60320E+02 2.07535E-02
5.61284E+02 2.10890E-02
5.62249E+02 2.13833E-02
5.63213E+02 2.15349E-02
5.64177E+02 2.17519E-02
5.65142E+02 2.19598E-02
5.66106E+02 2.21488E-02
5.67071E+02 2.23941E-02
5.68035E+02 2.26490E-02
5.68999E+02 2.28537E-02
5.69964E+02 2.32230E-02
5.70928E+02 2.36232E-02
5.71893E+02 2.38824E-02
5.72857E+02 2.41854E-02
5.73821E+02 2.44473E-02
5.74786E+02 2.47575E-02
5.75750E+02 2.50396E-02
5.76715E+02 2.53142E-02
5.77679E+02 2.56284E-02
5.78643E+02 2.59938E-02
5.79608E+02 2.63851E-02
5.80572E+02 2.66939E-02
5.81537E+02 2.69963E-02
5.82501E+02 2.73366E-02
5.83465E+02 2.76965E-02
5.84430E+02 2.80756E-02
5.85394E+02 2.85031E-02
5.86359E+02 2.89560E-02
5.87323E+02 2.93481E-02
5.88287E+02 2.97222E-02
5.89252E+02 3.01798E-02
5.90216E+02 3.05638E-02
5.91181E+02 3.09432E-02
5.92145E+02 3.15119E-02
5.93109E+02 3.19866E-02
5.94074E+02 3.25286E-02
5.95038E+02 3.30113E-02
5.96003E+02 3.40774E-02
5.96967E+02 3.49242E-02
5.97932E+02 3.44823E-02
5.98896E+02 3.47027E-02
5.99860E+02 3.53435E-02
6.00825E+02 3.59678E-02
6.01789E+02 3.66478E-02
6.02754E+02 3.71904E-02
6.03718E+02 3.77676E-02
6.04682E+02 3.84255E-02
6.05647E+02 3.91767E-02
6.06611E+02 3.98460E-02
6.07576E+02 4.04977E-02
6.08540E+02 4.12622E-02
6.09504E+02 4.21164E-02
6.10469E+02 4.29008E-02
6.11433E+02 4.37281E-02
6.12398E+02 4.45713E-02
6.13362E+02 4.54340E-02
6.14326E+02 4.63653E-02
6.15291E+02 4.73652E-02
6.16255E+02 4.84034E-02
6.17220E+02 4.95305E-02
6.18184E+02 5.08383E-02
6.19148E+02 5.21467E-02
6.20113E+02 5.33444E-02
6.21077E+02 5.46358E-02
6.22042E+02 5.61423E-02
6.23006E+02 5.77244E-02
6.23971E+02 5.94039E-02
6.24935E+02 6.11969E-02
6.25899E+02 6.31928E-02
6.26864E+02 6.53835E-02
6.27828E+02 6.75920E-02
6.28793E+02 7.00895E-02
6.29757E+02 7.27013E-02
6.30721E+02 7.55871E-02
6.31686E+02 7.89129E-02
6.32650E+02 8.21611E-02
6.33615E+02 8.58038E-02
6.34579E+02 9.00991E-02
6.35543E+02 9.49852E-02
6.36508E+02 1.00643E-01
6.37472E+02 1.07165E-01
6.38437E+02 1.14368E-01
6.39401E+02 1.21706E-01
6.40365E+02 1.29597E-01
6.41330E+02 1.38468E-01
6.42294E+02 1.47939E-01
6.43259E+02 1.57835E-01
6.44223E+02 1.68173E-01
6.45187E+02 1.78642E-01
6.46152E+02 1.88946E-01
6.47116E+02 1.98953E-01
6.48081E+02 2.08727E-01
6.49045E+02 2.18283E-01
6.50009E+02 2.28210E-01
6.50974E+02 2.39959E-01
6.51938E+02 2.55452E-01
6.52903E+02 2.76134E-01
6.53867E+02 2.99228E-01
6.54831E+02 3.16621E-01
6.55796E+02 3.20798E-01
6.56760E+02 3.15622E-01
6.57725E+02 3.07848E-01
6.58689E+02 2.99364E-01
6.59654E+02 2.89171E-01
6.60618E+02 2.73473E-01
6.61582E+02 2.53497E-01
6.62547E+02 2.32709E-01
6.63511E+02 2.12034E-01
6.64476E+02 1.92085E-01
6.65440E+02 1.73127E-01
6.66404E+02 1.55366E-01
6.67369E+02 1.38832E-01
6.68333E+02 1.23263E-01
6.69298E+02 1.08756E-01
6.70262E+02 9.50993E-02
6.71226E+02 8.23037E-02
6.72191E+02 7.06600E-02
6.73155E+02 6.05288E-02
6.74120E+02 5.24153E-02
6.75084E+02 4.67616E-02
6.76048E+02 4.31580E-02
6.77013E+02 4.09146E-02
6.77977E+02 3.96826E-02
6.78942E+02 3.91715E-02
6.79906E+02 3.90624E-02
6.80870E+02 3.90428E-02
6.81835E+02 3.91647E-02
6.82799E+02 3.94566E-02
6.83764E+02 3.97246E-02
6.84728E+02 3.99945E-02
6.85692E+02 4.04122E-02
6.86657E+02 4.08248E-02
6.87621E+02 4.12902E-02
6.88586E+02 4.16539E-02
6.89550E+02 4.18898E-02
6.90514E+02 4.23212E-02
6.91479E+02 4.27993E-02
6.92443E+02 4.32368E-02
6.93408E+02 4.36736E-02
6.94372E+02 4.40737E-02
6.95337E+02 4.44460E-02
6.96301E+02 4.48766E-02
6.97265E+02 4.53962E-02
6.98230E+02 4.59333E-02
6.99194E+02 4.62794E-02
7.00159E+02 4.65900E-02
7.01123E+02 4.70711E-02
7.02087E+02 4.78851E-02
7.03052E+02 4.83193E-02
7.04016E+02 4.85338E-02
7.04981E+02 4.89756E-02
7.05945E+02 4.94409E-02
7.06909E+02 4.98689E-02
7.07874E+02 5.04954E-02
7.08838E+02 5.10058E-02
7.09803E+02 5.10292E-02
7.10767E+02 5.14642E-02
7.11731E+02 5.19618E-02
7.12696E+02 5.23299E-02
7.13660E+02 5.27707E-02
7.14625E+02 5.31638E-02
7.15589E+02 5.36015E-02
7.16553E+02 5.40279E-02
7.17518E+02 5.44275E-02
7.18482E+02 5.48175E-02
7.19447E+02 5.51852E-02
7.20411E+02 5.55753E-02
7.21375E+02 5.59653E-02
7.22340E+02 5.63154E-02
7.23304E+02 5.67263E-02
7.24269E+02 5.71930E-02
7.25233E+02 5.75771E-02
7.26198E+02 5.78956E-02
7.27162E+02 5.81670E-02
7.28126E+02 5.85093E-02
7.29091E+02 5.88112E-02
7.30055E+02 5.94423E-02
7.31020E+02 6.00006E-02
7.31984E+02 6.01087E-02
7.32948E+02 6.03377E-02
7.33913E+02 6.06291E-02
7.34877E+02 6.09449E-02
7.35842E+02 6.11844E-02
7.36806E+02 6.14639E-02
7.37770E+02 6.18487E-02
7.38735E+02 6.21958E-02
7.39699E+02 6.25145E-02
7.40664E+02 6.28202E-02
7.41628E+02 6.30198E-02
7.42592E+02 6.32193E-02
7.43557E+02 6.35287E-02
7.44521E+02 6.39167E-02
7.45486E+02 6.41599E-02
7.46450E+02 6.43240E-02
7.47414E+02 6.45739E-02
7.48379E+02 6.47871E-02
7.49343E+02 6.50658E-02
7.50308E+02 6.52725E-02
7.51272E+02 6.53742E-02
7.52236E+02 6.57163E-02
7.53201E+02 6.59932E-02
7.54165E+02 6.61741E-02
7.55130E+02 6.64103E-02
7.56094E+02 6.66225E-02
7.57058E+02 6.68211E-02
7.58023E+02 6.69646E-02
7.58987E+02 6.71197E-02
7.59952E+02 6.73153E-02
7.60916E+02 6.74690E-02
7.61880E+02 6.76334E-02
7.62845E+02 6.77929E-02
7.63809E+02 6.79300E-02
7.64774E+02 6.80795E-02
7.65738E+02 6.81202E-02
7.66703E+02 6.82302E-02
7.67667E+02 6.83577E-02
7.68631E+02 6.84073E-02
7.69596E+02 6.85170E-02
7.70560E+02 6.86762E-02
7.71525E+02 6.88543E-02
7.72489E+02 6.89698E-02
7.73453E+02 6.89362E-02
7.74418E+02 6.89689E-02
7.75382E+02 6.90795E-02
7.76347E+02 6.90805E-02
7.77311E+02 6.90583E-02
7.78275E+02 6.90658E-02
7.79240E+02 6.91180E-02
7.80204E+02 6.91875E-02
7.81169E+02 6.92063E-02
7.82133E+02 6.92189E-02
7.83097E+02 6.92224E-02
7.84062E+02 6.92899E-02
7.85026E+02 6.92156E-02
7.85991E+02 6.90356E-02
7.86955E+02 6.91553E-02
7.87919E+02 6.92354E-02
7.88884E+02 6.91606E-02
7.89848E+02 6.91632E-02
7.90813E+02 6.91419E-02
7.91777E+02 6.90653E-02
7.92742E+02 6.90085E-02
7.93706E+02 6.89688E-02
7.94670E+02 6.88894E-02
7.95635E+02 6.87925E-02
7.96599E+02 6.87045E-02
7.97564E+02 6.86048E-02
7.98528E+02 6.85072E-02
7.99492E+02 6.83830E-02
8.00457E+02 6.82465E-02
8.01421E+02 6.81356E-02
8.02386E+02 6.80052E-02
8.03350E+02 6.78710E-02
8.04314E+02 6.77214E-02
8.05279E+02 6.75171E-02
8.06243E+02 6.73314E-02
8.07208E+02 6.70497E-02
8.08172E+02 6.68094E-02
8.09136E+02 6.67020E-02
8.10101E+02 6.65622E-02
8.11065E+02 6.63711E-02
8.12030E+02 6.61712E-02
8.12994E+02 6.60059E-02
8.13958E+02 6.57466E-02
8.14923E+02 6.54200E-02
8.15887E+02 6.52037E-02
8.16852E+02 6.49968E-02
8.17816E+02 6.47377E-02
8.18780E+02 6.44784E-02
8.19745E+02 6.41865E-02
8.20709E+02 6.38431E-02
8.21674E+02 6.35395E-02
8.22638E+02 6.33327E-02
8.23602E+02 6.30773E-02
8.24567E+02 6.27448E-02
8.25531E+02 6.23839E-02
8.26496E+02 6.20805E-02
8.27460E+02 6.17935E-02
8.28424E+02 6.13961E-02
8.29389E+02 6.10492E-02
8.30353E+02 6.07221E-02
8.31318E+02 6.03790E-02
8.32282E+02 6.00046E-02
8.33247E+02 5.96325E-02
8.34211E+02 5.93251E-02
8.35175E+02 5.89240E-02
8.36140E+02 5.84911E-02
8.37104E+02 5.81265E-02
8.38069E+02 5.77449E-02
8.39033E+02 5.73627E-02
8.39997E+02 5.69554E-02
8.40962E+02 5.64874E-02
8.41926E+02 5.60282E-02
8.42891E+02 5.56385E-02
8.43855E+02 5.52581E-02
8.44819E+02 5.48291E-02
8.45784E+02 5.43762E-02
8.46748E+02 5.39352E-02
8.47713E+02 5.35109E-02
8.48677E+02 5.30670E-02
8.49641E+02 5.25790E-02
8.50606E+02 5.20913E-02
8.51570E+02 5.16170E-02
8.52535E+02 5.11077E-02
8.53499E+02 5.07013E-02
8.54463E+02 5.01995E-02
8.55428E+02 4.96357E-02
8.56392E+02 4.92113E-02
8.57357E+02 4.87107E-02
8.58321E+02 4.82257E-02
8.59286E+02 4.77713E-02
8.60250E+02 4.75403E-02
8.61214E+02 4.74208E-02
8.62179E+02 4.66709E-02
8.63143E+02 4.56809E-02
8.64108E+02 4.52252E-02
8.65072E+02 4.48260E-02
8.66036E+02 4.43034E-02
8.67001E+02 4.37594E-02
8.67965E+02 4.31896E-02
8.68930E+02 4.28470E-02
8.69894E+02 4.24464E-02
8.70858E+02 4.19131E-02
8.71823E+02 4.13292E-02
8.72787E+02 4.07234E-02
8.73752E+02 4.01644E-02
8.74716E+02 3.96489E-02
8.75680E+02 3.91429E-02
8.76645E+02 3.86363E-02
8.77609E+02 3.80502E-02
8.78574E+02 3.74685E-02
8.79538E+02 3.69291E-02
8.80502E+02 3.64226E-02
8.81467E+02 3.59887E-02
8.82431E+02 3.55047E-02
8.83396E+02 3.49084E-02
8.84360E+02 3.44393E-02
8.85324E+02 3.39938E-02
8.86289E+02 3.33769E-02
8.87253E+02 3.28204E-02
8.88218E+02 3.22712E-02
8.89182E+02 3.17770E-02
8.90146E+02 3.12973E-02
8.91111E+02 3.08231E-02
8.92075E+02 3.02774E-02
8.93040E+02 2.96352E-02
8.94004E+02 2.90930E-02
8.94969E+02 2.86064E-02
8.95933E+02 2.81212E-02
8.96897E+02 2.76331E-02
8.97862E+02 2.71192E-02
8.98826E+02 2.65282E-02
8.99791E+02 2.59621E-02
9.00755E+02 2.55133E-02
9.01719E+02 2.50365E-02
9.02684E+02 2.44254E-02
9.03648E+02 2.38958E-02
9.04613E+02 2.33999E-02
9.05577E+02 2.29398E-02
9.06541E+02 2.25859E-02
9.07506E+02 2.20193E-02
9.08470E+02 2.14394E-02
9.09435E+02 2.09632E-02
9.10399E+02 2.03958E-02
9.11363E+02 1.98642E-02
9.12328E+02 1.94191E-02
9.13292E+02 1.89402E-02
9.14257E+02 1.84563E-02
9.15221E+02 1.79589E-02
9.16185E+02 1.74652E-02
9.17150E+02 1.69733E-02
9.18114E+02 1.65925E-02
9.19079E+02 1.61230E-02
9.20043E+02 1.53391E-02
9.21007E+02 1.48615E-02
9.21972E+02 1.44296E-02
9.22936E+02 1.39310E-02
9.23901E+02 1.35742E-02
9.24865E+02 1.31334E-02
9.25829E+02 1.27217E-02
9.26794E+02 1.22432E-02
9.27758E+02 1.16862E-02
9.28723E+02 1.11958E-02
9.29687E+02 1.07967E-02
9.30651E+02 1.03755E-02
9.31616E+02 9.85733E-03
9.32580E+02 9.41143E-03
9.33545E+02 9.00697E-03
9.34509E+02 8.57684E-03
9.35474E+02 8.16173E-03
9.36438E+02 7.69594E-03
9.37402E+02 7.23127E-03
9.38367E+02 6.82405E-03
9.39331E+02 6.39645E-03
9.40296E+02 5.97472E-03
9.41260E+02 5.57588E-03
9.42224E+02 5.13766E-03
9.43189E+02 4.68140E-03
9.44153E+02 4.24973E-03
9.45118E+02 3.88107E-03
9.46082E+02 3.48734E-03
9.47046E+02 3.11518E-03
9.48011E+02 2.73205E-03
9.48975E+02 2.32210E-03
9.49940E+02 1.90380E-03
9.50904E+02 1.46483E-03
9.51868E+02 1.12366E-03
9.52833E+02 8.07144E-04
9.53797E+02 4.60692E-04
9.54762E+02 1.62557E-04
9.55726E+02 -1.70331E-04
9.56690E+02 -5.48821E-04
9.57655E+02 -9.23797E-04
9.58619E+02 -1.24149E-03
9.59584E+02 -1.53545E-03
9.60548E+02 -1.91618E-03
9.61513E+02 -2.22209E-03
9.62477E+02 -2.56240E-03
9.63441E+02 -2.91790E-03
9.64406E+02 -3.17162E-03
9.65370E+02 -3.44071E-03
9.66335E+02 -3.71926E-03
9.67299E+02 -3.98109E-03
9.68263E+02 -4.25830E-03
9.69228E+02 -4.61003E-03
9.70192E+02 -4.89566E-03
9.71157E+02 -5.06673E-03
9.72121E+02 -5.29506E-03
9.73085E+02 -5.59481E-03
9.74050E+02 -5.83236E-03
9.75014E+02 -5.99328E-03
9.75979E+02 -6.14760E-03
9.76943E+02 -6.37164E-03
9.77907E+02 -6.59160E-03
9.78872E+02 -6.73546E-03
9.79836E+02 -6.86394E-03
9.80801E+02 -6.97910E-03
9.81765E+02 -7.11587E-03
9.82729E+02 -7.08705E-03
9.83694E+02 -7.11942E-03
9.84658E+02 -7.32373E-03
9.85623E+02 -7.40181E-03
9.86587E+02 -7.42533E-03
9.87551E+02 -7.41702E-03
9.88516E+02 -7.41825E-03
9.89480E+02 -7.32997E-03
9.90445E+02 -7.10813E-03
9.91409E+02 -6.87761E-03
9.92373E+02 -6.62336E-03
9.93338E+02 -6.21247E-03
9.94302E+02 -5.60017E-03
9.95267E+02 -4.79706E-03
9.96231E+02 -3.77006E-03
9.97195E+02 -2.28214E-03
9.98160E+02 -3.29796E-04
9.99124E+02 2.01781E-03
1.00009E+03 4.89841E-03
1.00105E+03 8.39761E-03
1.00202E+03 1.24824E-02
1.00298E+03 1.71029E-02
1.00395E+03 2.22637E-02
1.00491E+03 2.79387E-02
1.00588E+03 3.38780E-02
1.00684E+03 3.99899E-02
1.00780E+03 4.62039E-02
1.00877E+03 5.22079E-02
1.00973E+03 5.79417E-02
1.01070E+03 6.32875E-02
1.01166E+03 6.80927E-02
1.01263E+03 7.23412E-02
1.01359E+03 7.59174E-02
1.01455E+03 7.87334E-02
1.01552E+03 8.07841E-02
1.01648E+03 8.21663E-02
1.01745E+03 8.28854E-02
1.01841E+03 8.24334E-02
1.01938E+03 8.13478E-02
1.02034E+03 7.99471E-02
1.02131E+03 7.79491E-02
1.02227E+03 7.55962E-02
1.02323E+03 7.28621E-02
1.02420E+03 6.98776E-02
1.02516E+03 6.66868E-02
1.02613E+03 6.32892E-02
1.02709E+03 5.97985E-02
1.02806E+03 5.62430E-02
1.02902E+03 5.25448E-02
1.02999E+03 4.88048E-02
1.03095E+03 4.50536E-02
1.03191E+03 4.11950E-02
1.03288E+03 3.73603E-02
1.03384E+03 3.35490E-02
1.03481E+03 2.96330E-02
1.03577E+03 2.58045E-02
1.03674E+03 2.19834E-02
1.03770E+03 1.83248E-02
1.03866E+03 1.46147E-02
1.03963E+03 1.06644E-02
1.04059E+03 7.49047E-03
1.04156E+03 4.76069E-03
1.04252E+03 2.12806E-03
1.04349E+03 -1.66368E-04
1.04445E+03 -2.20686E-03
1.04542E+03 -3.92251E-03
1.04638E+03 -5.32912E-03
1.04734E+03 -6.58468E-03
1.04831E+03 -7.74773E-03
1.04927E+03 -8.63785E-03
1.05024E+03 -9.37760E-03
1.05120E+03 -9.97005E-03
1.05217E+03 -1.07344E-02
1.05313E+03 -1.13004E-02
1.05410E+03 -1.12711E-02
1.05506E+03 -1.14435E-02
1.05602E+03 -1.16605E-02
1.05699E+03 -1.17837E-02
1.05795E+03 -1.19705E-02
1.05892E+03 -1.20612E-02
1.05988E+03 -1.23815E-02
1.06085E+03 -1.27873E-02
1.06181E+03 -1.26842E-02
1.06278E+03 -1.25783E-02
1.06374E+03 -1.26184E-02
1.06470E+03 -1.26672E-02
1.06567E+03 -1.27642E-02
1.06663E+03 -1.28269E-02
1.06760E+03 -1.29343E-02
1.06856E+03 -1.29706E-02
1.06953E+03 -1.29376E-02
1.07049E+03 -1.29896E-02
1.07145E+03 -1.30837E-02
1.07242E+03 -1.31217E-02
1.07338E+03 -1.31189E-02
1.07435E+03 -1.31217E-02
1.07531E+03 -1.32280E-02
1.07628E+03 -1.33011E-02
1.07724E+03 -1.33389E-02
1.07821E+03 -1.33795E-02
1.07917E+03 -1.33928E-02
1.08013E+03 -1.34501E-02
1.08110E+03 -1.35384E-02
1.08206E+03 -1.35414E-02
1.08303E+03 -1.35170E-02
1.08399E+03 -1.35286E-02
1.08496E+03 -1.35370E-02
1.08592E+03 -1.35457E-02
1.08689E+03 -1.35721E-02
1.08785E+03 -1.35452E-02
1.08881E+03 -1.35133E-02
1.08978E+03 -1.34767E-02
1.09074E+03 -1.33956E-02
1.09171E+03 -1.34397E-02
1.09267E+03 -1.34596E-02
1.09364E+03 -1.34378E-02
1.09460E+03 -1.33793E-02
1.09556E+03 -1.32406E-02
1.09653E+03 -1.33020E-02
1.09749E+03 -1.32229E-02
1.09846E+03 -1.30172E-02
1.09942E+03 -1.29001E-02
1.10039E+03 -1.27299E-02
1.10135E+03 -1.25014E-02
1.10232E+03 -1.22697E-02
1.10328E+03 -1.19961E-02
1.10424E+03 -1.16269E-02
1.10521E+03 -1.12387E-02
1.10617E+03 -1.08122E-02
1.10714E+03 -1.03011E-02
1.10810E+03 -9.66832E-03
1.10907E+03 -8.98999E-03
1.11003E+03 -8.32649E-03
1.11100E+03 -7.54891E-03
1.11196E+03 -6.72301E-03
1.11292E+03 -5.90255E-03
1.11389E+03 -5.09294E-03
1.11485E+03 -4.32004E-03
1.11582E+03 -3.64028E-03
1.11678E+03 -2.82054E-03
1.11775E+03 -1.88824E-03
1.11871E+03 -1.22710E-03
1.11968E+03 -7.36922E-04
1.12064E+03 -3.08812E-04
1.12160E+03 5.38081E-05
1.12257E+03 2.97476E-04
1.12353E+03 4.03874E-04
1.12450E+03 3.57922E-04
1.12546E+03 2.04936E-04
1.12643E+03 -4.26881E-05
1.12739E+03 -4.39994E-04
1.12835E+03 -9.61699E-04
1.12932E+03 -1.54553E-03
1.13028E+03 -2.28545E-03
1.13125E+03 -3.14023E-03
1.13221E+03 -3.98770E-03
1.13318E+03 -4.91079E-03
1.13414E+03 -5.84781E-03
1.13511E+03 -6.72557E-03
1.13607E+03 -7.60358E-03
1.13703E+03 -8.51554E-03
1.13800E+03 -9.39356E-03
1.13896E+03 -1.01441E-02
1.13993E+03 -1.08188E-02
1.14089E+03 -1.14338E-02
1.14186E+03 -1.19698E-02
1.14282E+03 -1.24270E-02
1.14379E+03 -1.28069E-02
1.14475E+03 -1.31214E-02
1.14571E+03 -1.33925E-02
1.14668E+03 -1.36052E-02
1.14764E+03 -1.37327E-02
1.14861E+03 -1.38370E-02
1.14957E+03 -1.39351E-02
1.15054E+03 -1.40159E-02
1.15150E+03 -1.40358E-02
1.15246E+03 -1.40296E-02
1.15343E+03 -1.40197E-02
1.15439E+03 -1.39729E-02
1.15536E+03 -1.38955E-02
1.15632E+03 -1.38048E-02
1.15729E+03 -1.37195E-02
1.15825E+03 -1.35849E-02
1.15922E+03 -1.34761E-02
1.16018E+03 -1.34263E-02
1.16114E+03 -1.33764E-02
1.16211E+03 -1.33820E-02
1.16307E+03 -1.34315E-02
1.16404E+03 -1.35179E-02
1.16500E+03 -1.36308E-02
1.16597E+03 -1.37708E-02
1.16693E+03 -1.39261E-02
1.16790E+03 -1.40468E-02
1.16886E+03 -1.41396E-02
1.16982E+03 -1.42135E-02
1.17079E+03 -1.42713E-02
1.17175E+03 -1.43089E-02
1.17272E+03 -1.44400E-02
1.17368E+03 -1.45432E-02
1.17465E+03 -1.45523E-02
1.17561E+03 -1.46010E-02
1.17657E+03 -1.46074E-02
1.17754E+03 -1.46004E-02
1.17850E+03 -1.46236E-02
1.17947E+03 -1.46506E-02
1.18043E+03 -1.46302E-02
1.18140E+03 -1.45765E-02
1.18236E+03 -1.45987E-02
1.18333E+03 -1.46073E-02
1.18429E+03 -1.46097E-02
1.18525E+03 -1.46396E-02
1.18622E+03 -1.46574E-02
1.18718E+03 -1.46780E-02
1.18815E+03 -1.46749E-02
1.18911E+03 -1.46774E-02
1.19008E+03 -1.47014E-02
1.19104E+03 -1.47282E-02
1.19201E+03 -1.47254E-02
1.19297E+03 -1.47145E-02
1.19393E+03 -1.46542E-02
1.19490E+03 -1.46433E-02
1.19586E+03 -1.46446E-02
1.19683E+03 -1.46019E-02
1.19779E+03 -1.46092E-02
1.19876E+03 -1.46360E-02
1.19972E+03 -1.46359E-02
1.20069E+03 -1.46532E-02
1.20165E+03 -1.46610E-02
1.20261E+03 -1.46315E-02
1.20358E+03 -1.46265E-02
1.20454E+03 -1.46078E-02
1.20551E+03 -1.45972E-02
1.20647E+03 -1.46082E-02
1.20744E+03 -1.45975E-02
1.20840E+03 -1.46418E-02
1.20936E+03 -1.46241E-02
1.21033E+03 -1.45617E-02
1.21129E+03 -1.45686E-02
1.21226E+03 -1.45879E-02
1.21322E+03 -1.45908E-02
1.21419E+03 -1.45452E-02
1.21515E+03 -1.44998E-02
1.21612E+03 -1.45152E-02
1.21708E+03 -1.45160E-02
1.21804E+03 -1.45633E-02
1.21901E+03 -1.45657E-02
1.21997E+03 -1.45177E-02
1.22094E+03 -1.44955E-02
1.22190E+03 -1.44853E-02
1.22287E+03 -1.44874E-02
1.22383E+03 -1.44771E-02
1.22480E+03 -1.44133E-02
1.22576E+03 -1.44141E-02
1.22672E+03 -1.43531E-02
1.22769E+03 -1.43034E-02
1.22865E+03 -1.41937E-02
1.22962E+03 -1.42392E-02
1.23058E+03 -1.42327E-02
1.23155E+03 -1.43206E-02
1.23251E+03 -1.42031E-02
1.23347E+03 -1.61064E-02
1.23444E+03 -1.76494E-02
1.23540E+03 -1.49448E-02
1.23637E+03 -1.37653E-02
1.23733E+03 -1.40287E-02
1.23830E+03 -1.39472E-02
1.23926E+03 -1.40351E-02
1.24023E+03 -1.40580E-02
1.24119E+03 -1.42061E-02
1.24215E+03 -1.41889E-02
1.24312E+03 -1.41597E-02
1.24408E+03 -1.41400E-02
1.24505E+03 -1.41192E-02
1.24601E+03 -1.41035E-02
1.24698E+03 -1.41385E-02
1.24794E+03 -1.41435E-02
1.24891E+03 -1.41261E-02
1.24987E+03 -1.41406E-02
1.25083E+03 -1.41663E-02
1.25180E+03 -1.41372E-02
1.25276E+03 -1.41015E-02
1.25373E+03 -1.40600E-02
1.25469E+03 -1.40404E-02
1.25566E+03 -1.40168E-02
1.25662E+03 -1.40047E-02
1.25759E+03 -1.39988E-02
1.25855E+03 -1.39797E-02
1.25951E+03 -1.39699E-02
1.26048E+03 -1.39475E-02
1.26144E+03 -1.38974E-02
1.26241E+03 -1.38731E-02
1.26337E+03 -1.38945E-02
1.26434E+03 -1.38705E-02
1.26530E+03 -1.38365E-02
1.26626E+03 -1.38465E-02
1.26723E+03 -1.38221E-02
1.26819E+03 -1.37761E-02
1.26916E+03 -1.37445E-02
1.27012E+03 -1.37322E-02
1.27109E+03 -1.36596E-02
1.27205E+03 -1.35909E-02
1.27302E+03 -1.35840E-02
1.27398E+03 -1.35400E-02
1.27494E+03 -1.34556E-02
1.27591E+03 -1.33730E-02
1.27687E+03 -1.33638E-02
1.27784E+03 -1.34784E-02
1.27880E+03 -1.35570E-02
1.27977E+03 -1.35547E-02
1.28073E+03 -1.35572E-02
1.28170E+03 -1.35880E-02
1.28266E+03 -1.36046E-02
1.28362E+03 -1.36036E-02
1.28459E+03 -1.35512E-02
1.28555E+03 -1.34890E-02
1.28652E+03 -1.34887E-02
1.28748E+03 -1.34928E-02
1.28845E+03 -1.34720E-02
1.28941E+03 -1.34274E-02
1.29037E+03 -1.34104E-02
1.29134E+03 -1.34078E-02
1.29230E+03 -1.33928E-02
1.29327E+03 -1.33950E-02
1.29423E+03 -1.33520E-02
1.29520E+03 -1.32947E-02
1.29616E+03 -1.32602E-02
1.29713E+03 -1.32533E-02
1.29809E+03 -1.32513E-02
1.29905E+03 -1.32181E-02
1.30002E+03 -1.31993E-02
1.30098E+03 -1.31810E-02
1.30195E+03 -1.31574E-02
1.30291E+03 -1.31397E-02
1.30388E+03 -1.31073E-02
1.30484E+03 -1.31019E-02
1.30581E+03 -1.30920E-02
1.30677E+03 -1.30055E-02
1.30773E+03 -1.29331E-02
1.30870E+03 -1.29163E-02
1.30966E+03 -1.29062E-02
1.31063E+03 -1.28460E-02
1.31159E+03 -1.27958E-02
1.31256E+03 -1.27825E-02
1.31352E+03 -1.27452E-02
1.31448E+03 -1.27190E-02
1.31545E+03 -1.26906E-02
1.31641E+03 -1.26691E-02
1.31738E+03 -1.26695E-02
1.31834E+03 -1.26891E-02
1.31931E+03 -1.26583E-02
1.32027E+03 -1.26036E-02
1.32124E+03 -1.26074E-02
1.32220E+03 -1.26050E-02
1.32316E+03 -1.25651E-02
1.32413E+03 -1.25589E-02
1.32509E+03 -1.25720E-02
1.32606E+03 -1.25554E-02
1.32702E+03 -1.25301E-02
1.32799E+03 -1.25139E-02
1.32895E+03 -1.24766E-02
1.32992E+03 -1.24414E-02
1.33088E+03 -1.24153E-02
1.33184E+03 -1.23954E-02
1.33281E+03 -1.23616E-02
1.33377E+03 -1.23018E-02
1.33474E+03 -1.22693E-02
1.33570E+03 -1.22577E-02
1.33667E+03 -1.22425E-02
1.33763E+03 -1.22205E-02
1.33860E+03 -1.22134E-02
1.33956E+03 -1.23026E-02
1.34052E+03 -1.23737E-02
1.34149E+03 -1.23456E-02
1.34245E+03 -1.23407E-02
1.34342E+03 -1.24696E-02
1.34438E+03 -1.23532E-02
1.34535E+03 -1.19963E-02
1.34631E+03 -1.18856E-02
1.34727E+03 -1.18698E-02
1.34824E+03 -1.18911E-02
1.34920E+03 -1.21144E-02
1.35017E+03 -1.22559E-02
1.35113E+03 -1.19268E-02
1.35210E+03 -1.15891E-02
1.35306E+03 -1.16521E-02
1.35403E+03 -1.18023E-02
1.35499E+03 -1.17967E-02
1.35595E+03 -1.16593E-02
1.35692E+03 -1.15360E-02
1.35788E+03 -1.14422E-02
1.35885E+03 -1.13367E-02
1.35981E+03 -1.12205E-02
1.36078E+03 -1.10792E-02
1.36174E+03 -1.09013E-02
1.36271E+03 -1.07822E-02
1.36367E+03 -1.07226E-02
1.36463E+03 -1.06745E-02
1.36560E+03 -1.06261E-02
1.36656E+03 -1.05422E-02
1.36753E+03 -1.04631E-02
1.36849E+03 -1.03882E-02
1.36946E+03 -1.02804E-02
1.37042E+03 -1.01346E-02
1.37138E+03 -1.00124E-02
1.37235E+03 -9.89158E-03
1.37331E+03 -9.73585E-03
1.37428E+03 -9.57051E-03
1.37524E+03 -9.37024E-03
1.37621E+03 -9.15712E-03
1.37717E+03 -8.91223E-03
1.37814E+03 -8.60428E-03
1.37910E+03 -8.26561E-03
1.38006E+03 -7.82552E-03
1.38103E+03 -7.36295E-03
1.38199E+03 -7.03094E-03
1.38296E+03 -6.99366E-03
1.38392E+03 -7.27173E-03
1.38489E+03 -7.60512E-03
1.38585E+03 -7.75368E-03
1.38682E+03 -7.71022E-03
1.38778E+03 -7.56878E-03
1.38874E+03 -7.37163E-03
1.38971E+03 -7.14697E-03
1.39067E+03 -6.90952E-03
1.39164E+03 -6.66632E-03
1.39260E+03 -6.36590E-03
1.39357E+03 -6.04852E-03
1.39453E+03 -5.74326E-03
1.39550E+03 -5.40547E-03
1.39646E+03 -5.03844E-03
1.39742E+03 -4.68634E-03
1.39839E+03 -4.30977E-03
1.39935E+03 -3.87571E-03
1.40032E+03 -3.44666E-03
1.40128E+03 -3.07395E-03
1.40225E+03 -2.68504E-03
1.40321E+03 -2.30712E-03
1.40417E+03 -1.93661E-03
1.40514E+03 -1.48077E-03
1.40610E+03 -1.06191E-03
1.40707E+03 -6.60002E-04
1.40803E+03 -2.49315E-04
1.40900E+03 1.35317E-04
1.40996E+03 5.09400E-04
1.41093E+03 8.23088E-04
1.41189E+03 1.11697E-03
1.41285E+03 1.44421E-03
1.41382E+03 1.77705E-03
1.41478E+03 2.10541E-03
1.41575E+03 2.40606E-03
1.41671E+03 2.69566E-03
1.41768E+03 2.96998E-03
1.41864E+03 3.17543E-03
1.41961E+03 3.38183E-03
1.42057E+03 3.52667E-03
1.42153E+03 3.61459E-03
1.42250E+03 3.69040E-03
1.42346E+03 3.76189E-03
1.42443E+03 3.83544E-03
1.42539E+03 3.85868E-03
1.42636E+03 3.81249E-03
1.42732E+03 3.71691E-03
1.42828E+03 3.59072E-03
1.42925E+03 3.41346E-03
1.43021E+03 3.21959E-03
1.43118E+03 2.99581E-03
1.43214E+03 2.71690E-03
1.43311E+03 2.43242E-03
1.43407E+03 2.09153E-03
1.43504E+03 1.66751E-03
1.43600E+03 1.24394E-03
1.43696E+03 8.00434E-04
1.43793E+03 4.16588E-04
1.43889E+03 8.55848E-05
1.43986E+03 -2.10300E-04
1.44082E+03 -3.39624E-04
1.44179E+03 -2.33121E-04
1.44275E+03 1.18900E-04
1.44372E+03 7.17282E-04
1.44468E+03 1.50736E-03
1.44564E+03 2.35080E-03
1.44661E+03 3.14621E-03
1.44757E+03 3.82980E-03
1.44854E+03 4.33945E-03
1.44950E+03 4.64242E-03
1.45047E+03 4.74186E-03
1.45143E+03 4.65746E-03
1.45240E+03 4.38368E-03
1.45336E+03 3.96213E-03
1.45432E+03 3.47879E-03
1.45529E+03 3.05200E-03
1.45625E+03 2.81078E-03
1.45722E+03 2.90292E-03
1.45818E+03 3.38620E-03
1.45915E+03 4.18417E-03
1.46011E+03 5.22481E-03
1.46107E+03 6.29424E-03
1.46204E+03 7.21058E-03
1.46300E+03 7.87721E-03
1.46397E+03 8.16117E-03
1.46493E+03 7.99955E-03
1.46590E+03 7.48955E-03
1.46686E+03 6.69185E-03
1.46783E+03 5.72180E-03
1.46879E+03 4.81242E-03
1.46975E+03 4.13537E-03
1.47072E+03 3.94817E-03
1.47168E+03 4.36104E-03
1.47265E+03 5.35612E-03
1.47361E+03 6.80557E-03
1.47458E+03 8.35406E-03
1.47554E+03 9.70473E-03
1.47651E+03 1.06934E-02
1.47747E+03 1.11859E-02
1.47843E+03 1.11213E-02
1.47940E+03 1.06184E-02
1.48036E+03 9.77099E-03
1.48133E+03 8.60495E-03
1.48229E+03 7.24098E-03
1.48326E+03 5.81371E-03
1.48422E+03 4.34570E-03
1.48518E+03 2.87590E-03
1.48615E+03 1.48347E-03
1.48711E+03 2.04362E-04
1.48808E+03 -9.61419E-04
1.48904E+03 -1.97021E-03
1.49001E+03 -2.83203E-03
1.49097E+03 -3.58965E-03
1.49194E+03 -4.21187E-03
1.49290E+03 -4.73224E-03
1.49386E+03 -5.16618E-03
1.49483E+03 -5.54275E-03
1.49579E+03 -5.88921E-03
1.49676E+03 -6.15469E-03
1.49772E+03 -6.34744E-03
1.49869E+03 -6.56222E-03
1.49965E+03 -6.73365E-03
1.50062E+03 -6.85251E-03
1.50158E+03 -6.95417E-03
1.50254E+03 -7.03303E-03
1.50351E+03 -7.10883E-03
1.50447E+03 -7.18571E-03
1.50544E+03 -7.26680E-03
1.50640E+03 -7.30542E-03
1.50737E+03 -7.32938E-03
1.50833E+03 -7.33792E-03
1.50929E+03 -7.34931E-03
1.51026E+03 -7.36041E-03
1.51122E+03 -7.37201E-03
1.51219E+03 -7.42049E-03
1.51315E+03 -7.42221E-03
1.51412E+03 -7.38991E-03
1.51508E+03 -7.38625E-03
1.51605E+03 -7.38325E-03
1.51701E+03 -7.34168E-03
1.51797E+03 -7.30733E-03
1.51894E+03 -7.30401E-03
1.51990E+03 -7.31429E-03
1.52087E+03 -7.32130E-03
1.52183E+03 -7.29866E-03
1.52280E+03 -7.25916E-03
1.52376E+03 -7.20813E-03
1.52473E+03 -7.19620E-03
1.52569E+03 -7.17451E-03
1.52665E+03 -7.13555E-03
1.52762E+03 -7.11054E-03
1.52858E+03 -7.05731E-03
1.52955E+03 -7.00319E-03
1.53051E+03 -6.97837E-03
1.53148E+03 -6.96494E-03
1.53244E+03 -6.92448E-03
1.53341E+03 -6.88728E-03
1.53437E+03 -6.88407E-03
1.53533E+03 -6.85429E-03
1.53630E+03 -6.79561E-03
1.53726E+03 -6.76858E-03
1.53823E+03 -6.76102E-03
1.53919E+03 -6.75470E-03
1.54016E+03 -6.74915E-03
1.54112E+03 -6.69931E-03
1.54208E+03 -6.64933E-03
1.54305E+03 -6.59750E-03
1.54401E+03 -6.53700E-03
1.54498E+03 -6.51939E-03
1.54594E+03 -6.47750E-03
1.54691E+03 -6.44304E-03
1.54787E+03 -6.41021E-03
1.54884E+03 -6.35331E-03
1.54980E+03 -6.34246E-03
1.55076E+03 -6.31398E-03
1.55173E+03 -6.24541E-03
1.55269E+03 -6.19618E-03
1.55366E+03 -6.15990E-03
1.55462E+03 -6.11695E-03
1.55559E+03 -6.08441E-03
1.55655E+03 -6.06354E-03
1.55752E+03 -6.04839E-03
1.55848E+03 -6.01110E-03
1.55944E+03 -5.95699E-03
1.56041E+03 -5.93347E-03
1.56137E+03 -5.88426E-03
1.56234E+03 -5.82154E-03
1.56330E+03 -5.77946E-03
1.56427E+03 -5.72974E-03
1.56523E+03 -5.69265E-03
1.56619E+03 -5.66626E-03
1.56716E+03 -5.61359E-03
1.56812E+03 -5.54308E-03
1.56909E+03 -5.50349E-03
1.57005E+03 -5.45833E-03
1.57102E+03 -5.34869E-03
1.57198E+03 -5.27585E-03
1.57295E+03 -5.25619E-03
1.57391E+03 -5.24214E-03
1.57487E+03 -5.20835E-03
1.57584E+03 -5.14948E-03
1.57680E+03 -5.08276E-03
1.57777E+03 -5.01535E-03
1.57873E+03 -4.94165E-03
1.57970E+03 -4.85828E-03
1.58066E+03 -4.80446E-03
1.58163E+03 -4.76934E-03
1.58259E+03 -4.69255E-03
1.58355E+03 -4.60293E-03
1.58452E+03 -4.54203E-03
1.58548E+03 -4.46460E-03
1.58645E+03 -4.38125E-03
1.58741E+03 -4.31187E-03
1.58838E+03 -4.23624E-03
1.58934E+03 -4.15331E-03
1.59031E+03 -4.07644E-03
1.59127E+03 -3.97534E-03
1.59223E+03 -3.84998E-03
1.59320E+03 -3.73405E-03
1.59416E+03 -3.60812E-03
1.59513E+03 -3.48720E-03
1.59609E+03 -3.35027E-03
1.59706E+03 -3.20425E-03
1.59802E+03 -3.07736E-03
1.59898E+03 -2.90743E-03
1.59995E+03 -2.72590E-03
1.60091E+03 -2.56797E-03
1.60188E+03 -2.38359E-03
1.60284E+03 -2.17132E-03
1.60381E+03 -1.95997E-03
1.60477E+03 -1.72177E-03
1.60574E+03 -1.45707E-03
1.60670E+03 -1.19593E-03
1.60766E+03 -9.33692E-04
1.60863E+03 -6.77221E-04
1.60959E+03 -3.93864E-04
1.61056E+03 -6.39260E-05
1.61152E+03 2.77892E-04
1.61249E+03 6.46099E-04
1.61345E+03 1.04162E-03
1.61442E+03 1.44646E-03
1.61538E+03 1.88043E-03
1.61634E+03 2.32823E-03
1.61731E+03 2.82218E-03
1.61827E+03 3.37182E-03
1.61924E+03 3.93606E-03
1.62020E+03 4.53176E-03
1.62117E+03 5.16267E-03
1.62213E+03 5.83537E-03
1.62309E+03 6.50688E-03
1.62406E+03 7.21194E-03
1.62502E+03 7.99198E-03
1.62599E+03 8.77756E-03
1.62695E+03 9.55225E-03
1.62792E+03 1.03895E-02
1.62888E+03 1.12741E-02
1.62985E+03 1.21498E-02
1.63081E+03 1.30174E-02
1.63177E+03 1.39055E-02
1.63274E+03 1.48105E-02
1.63370E+03 1.56716E-02
1.63467E+03 1.64971E-02
1.63563E+03 1.73091E-02
1.63660E+03 1.81026E-02
1.63756E+03 1.88467E-02
1.63853E+03 1.95546E-02
1.63949E+03 2.02218E-02
1.64045E+03 2.08440E-02
1.64142E+03 2.14222E-02
1.64238E+03 2.19156E-02
1.64335E+03 2.23448E-02
1.64431E+03 2.27170E-02
1.64528E+03 2.29944E-02
1.64624E+03 2.32080E-02
1.64720E+03 2.33919E-02
1.64817E+03 2.35163E-02
1.64913E+03 2.35750E-02
1.65010E+03 2.35742E-02
1.65106E+03 2.35175E-02
1.65203E+03 2.33882E-02
1.65299E+03 2.32099E-02
1.65396E+03 2.30692E-02
1.65492E+03 2.29135E-02
1.65588E+03 2.26527E-02
1.65685E+03 2.23868E-02
1.65781E+03 2.21577E-02
1.65878E+03 2.18862E-02
1.65974E+03 2.15931E-02
1.66071E+03 2.12898E-02
1.66167E+03 2.09947E-02
1.66264E+03 2.06932E-02
1.66360E+03 2.03806E-02
1.66456E+03 2.00946E-02
1.66553E+03 1.98008E-02
1.66649E+03 1.95158E-02
1.66746E+03 1.92485E-02
1.66842E+03 1.89445E-02
1.66939E+03 1.86465E-02
1.67035E+03 1.84145E-02
1.67132E+03 1.81411E-02
1.67228E+03 1.78607E-02
1.67324E+03 1.76153E-02
1.67421E+03 1.73558E-02
1.67517E+03 1.70739E-02
1.67614E+03 1.67921E-02
1.67710E+03 1.64971E-02
1.67807E+03 1.61713E-02
1.67903E+03 1.58492E-02
1.67999E+03 1.55065E-02
1.68096E+03 1.51516E-02
1.68192E+03 1.47918E-02
1.68289E+03 1.44021E-02
1.68385E+03 1.39724E-02
1.68482E+03 1.35212E-02
1.68578E+03 1.30978E-02
1.68675E+03 1.26825E-02
1.68771E+03 1.22040E-02
1.68867E+03 1.16881E-02
1.68964E+03 1.11771E-02
1.69060E+03 1.06549E-02
1.69157E+03 1.01332E-02
1.69253E+03 9.59072E-03
1.69350E+03 9.03966E-03
1.69446E+03 8.46095E-03
1.69543E+03 7.79568E-03
1.69639E+03 7.21126E-03
1.69735E+03 6.67189E-03
1.69832E+03 6.04856E-03
1.69928E+03 5.40115E-03
1.70025E+03 4.78458E-03
1.70121E+03 4.20914E-03
1.70218E+03 3.60391E-03
1.70314E+03 2.98958E-03
1.70410E+03 2.39261E-03
1.70507E+03 1.78648E-03
1.70603E+03 1.18621E-03
1.70700E+03 5.94631E-04
1.70796E+03 2.86810E-05
1.70893E+03 -5.33894E-04
1.70989E+03 -1.10036E-03
1.71086E+03 -1.66680E-03
1.71182E+03 -2.22012E-03
1.71278E+03 -2.75135E-03
1.71375E+03 -3.27091E-03
1.71471E+03 -3.79982E-03
1.71568E+03 -4.31061E-03
1.71664E+03 -4.79473E-03
1.71761E+03 -5.29704E-03
1.71857E+03 -5.75896E-03
1.71954E+03 -6.19062E-03
1.72050E+03 -6.63511E-03
1.72146E+03 -7.06758E-03
1.72243E+03 -7.48404E-03
1.72339E+03 -7.90090E-03
1.72436E+03 -8.31828E-03
1.72532E+03 -8.72306E-03
1.72629E+03 -9.10070E-03
1.72725E+03 -9.45219E-03
1.72822E+03 -9.79003E-03
1.72918E+03 -1.01327E-02
1.73014E+03 -1.05016E-02
1.73111E+03 -1.08285E-02
1.73207E+03 -1.11115E-02
1.73304E+03 -1.14260E-02
1.73400E+03 -1.17225E-02
1.73497E+03 -1.20144E-02
1.73593E+03 -1.23036E-02
1.73689E+03 -1.25609E-02
1.73786E+03 -1.28216E-02
1.73882E+03 -1.30837E-02
1.73979E+03 -1.33407E-02
1.74075E+03 -1.35660E-02
1.74172E+03 -1.37818E-02
1.74268E+03 -1.39978E-02
1.74365E+03 -1.42074E-02
1.74461E+03 -1.44281E-02
1.74557E+03 -1.46395E-02
1.74654E+03 -1.48391E-02
1.74750E+03 -1.50118E-02
1.74847E+03 -1.51697E-02
1.74943E+03 -1.53322E-02
1.75040E+03 -1.55149E-02
1.75136E+03 -1.57050E-02
1.75233E+03 -1.58568E-02
1.75329E+03 -1.60023E-02
1.75425E+03 -1.61532E-02
1.75522E+03 -1.62969E-02
1.75618E+03 -1.64156E-02
1.75715E+03 -1.65362E-02
1.75811E+03 -1.66801E-02
1.75908E+03 -1.68053E-02
1.76004E+03 -1.69195E-02
1.76100E+03 -1.70423E-02
1.76197E+03 -1.71526E-02
1.76293E+03 -1.72503E-02
1.76390E+03 -1.73630E-02
1.76486E+03 -1.74810E-02
1.76583E+03 -1.75822E-02
1.76679E+03 -1.76634E-02
1.76776E+03 -1.77688E-02
1.76872E+03 -1.78635E-02
1.76968E+03 -1.79348E-02
1.77065E+03 -1.80308E-02
1.77161E+03 -1.81197E-02
1.77258E+03 -1.82019E-02
1.77354E+03 -1.82719E-02
1.77451E+03 -1.83354E-02
1.77547E+03 -1.83875E-02
1.77644E+03 -1.84522E-02
1.77740E+03 -1.85231E-02
1.77836E+03 -1.86034E-02
1.77933E+03 -1.86709E-02
1.78029E+03 -1.87084E-02
1.78126E+03 -1.87712E-02
1.78222E+03 -1.88343E-02
1.78319E+03 -1.89058E-02
1.78415E+03 -1.89698E-02
1.78511E+03 -1.90124E-02
1.78608E+03 -1.90510E-02
1.78704E+03 -1.90816E-02
1.78801E+03 -1.91356E-02
1.78897E+03 -1.91814E-02
1.78994E+03 -1.92406E-02
1.79090E+03 -1.92935E-02
1.79187E+03 -1.93464E-02
1.79283E+03 -1.94162E-02
1.79379E+03 -1.94412E-02
1.79476E+03 -1.94813E-02
1.79572E+03 -1.95218E-02
1.79669E+03 -1.95596E-02
1.79765E+03 -1.95967E-02
1.79862E+03 -1.96319E-02
1.79958E+03 -1.96748E-02
1.80055E+03 -1.97108E-02
1.80151E+03 -1.97333E-02
1.80247E+03 -1.97630E-02
1.80344E+03 -1.98020E-02
1.80440E+03 -1.98293E-02
1.80537E+03 -1.98633E-02
1.80633E+03 -1.98973E-02
1.80730E+03 -1.99376E-02
1.80826E+03 -1.99894E-02
1.80923E+03 -2.00292E-02
1.81019E+03 -2.00474E-02
1.81115E+03 -2.00592E-02
1.81212E+03 -2.00668E-02
1.81308E+03 -2.00779E-02
1.81405E+03 -2.01085E-02
1.81501E+03 -2.01509E-02
1.81598E+03 -2.01818E-02
1.81694E+03 -2.02221E-02
1.81790E+03 -2.02560E-02
1.81887E+03 -2.02622E-02
1.81983E+03 -2.02879E-02
1.82080E+03 -2.03317E-02
1.82176E+03 -2.03478E-02
1.82273E+03 -2.03689E-02
1.82369E+03 -2.03996E-02
1.82466E+03 -2.04249E-02
1.82562E+03 -2.04368E-02
1.82658E+03 -2.04431E-02
1.82755E+03 -2.04638E-02
1.82851E+03 -2.04698E-02
1.82948E+03 -2.04910E-02
1.83044E+03 -2.05214E-02
1.83141E+03 -2.05299E-02
1.83237E+03 -2.05261E-02
1.83334E+03 -2.05388E-02
1.83430E+03 -2.05654E-02
1.83526E+03 -2.05912E-02
1.83623E+03 -2.05927E-02
1.83719E+03 -2.05671E-02
1.83816E+03 -2.05778E-02
1.83912E+03 -2.06163E-02
1.84009E+03 -2.06389E-02
1.84105E+03 -2.06519E-02
1.84201E+03 -2.06511E-02
1.84298E+03 -2.06515E-02
1.84394E+03 -2.06814E-02
1.84491E+03 -2.06755E-02
1.84587E+03 -2.06707E-02
1.84684E+03 -2.07144E-02
1.84780E+03 -2.07278E-02
1.84877E+03 -2.07334E-02
1.84973E+03 -2.07462E-02
1.85069E+03 -2.07363E-02
1.85166E+03 -2.07339E-02
1.85262E+03 -2.07672E-02
1.85359E+03 -2.07828E-02
1.85455E+03 -2.07633E-02
1.85552E+03 -2.07593E-02
1.85648E+03 -2.07768E-02
1.85745E+03 -2.07817E-02
1.85841E+03 -2.07833E-02
1.85937E+03 -2.07708E-02
1.86034E+03 -2.07507E-02
1.86130E+03 -2.07734E-02
1.86227E+03 -2.07826E-02
1.86323E+03 -2.07746E-02
1.86420E+03 -2.07931E-02
1.86516E+03 -2.07856E-02
1.86612E+03 -2.07696E-02
1.86709E+03 -2.07799E-02
1.86805E+03 -2.07737E-02
1.86902E+03 -2.07725E-02
1.86998E+03 -2.07837E-02
1.87095E+03 -2.07865E-02
1.87191E+03 -2.07767E-02
1.87288E+03 -2.07852E-02
1.87384E+03 -2.07994E-02
1.87480E+03 -2.07951E-02
1.87577E+03 -2.07855E-02
1.87673E+03 -2.07677E-02
1.87770E+03 -2.07377E-02
1.87866E+03 -2.07358E-02
1.87963E+03 -2.07701E-02
1.88059E+03 -2.07584E-02
1.88156E+03 -2.07429E-02
1.88252E+03 -2.07285E-02
1.88348E+03 -2.07133E-02
1.88445E+03 -2.07101E-02
1.88541E+03 -2.07028E-02
1.88638E+03 -2.06980E-02
1.88734E+03 -2.06861E-02
1.88831E+03 -2.06960E-02
1.88927E+03 -2.07006E-02
1.89024E+03 -2.06752E-02
1.89120E+03 -2.06647E-02
1.89216E+03 -2.06684E-02
1.89313E+03 -2.06611E-02
1.89409E+03 -2.06573E-02
1.89506E+03 -2.06328E-02
1.89602E+03 -2.06278E-02
1.89699E+03 -2.06288E-02
1.89795E+03 -2.05992E-02
1.89891E+03 -2.05942E-02
1.89988E+03 -2.05985E-02
1.90084E+03 -2.05909E-02
1.90181E+03 -2.05720E-02
1.90277E+03 -2.05738E-02
1.90374E+03 -2.05796E-02
1.90470E+03 -2.05516E-02
1.90567E+03 -2.05358E-02
1.90663E+03 -2.05248E-02
1.90759E+03 -2.05094E-02
1.90856E+03 -2.05057E-02
1.90952E+03 -2.04960E-02
1.91049E+03 -2.04894E-02
1.91145E+03 -2.04929E-02
1.91242E+03 -2.04770E-02
1.91338E+03 -2.04392E-02
1.91435E+03 -2.04117E-02
1.91531E+03 -2.04029E-02
1.91627E+03 -2.03982E-02
1.91724E+03 -2.04022E-02
1.91820E+03 -2.04067E-02
1.91917E+03 -2.03793E-02
1.92013E+03 -2.03620E-02
1.92110E+03 -2.03424E-02
1.92206E+03 -2.03300E-02
1.92303E+03 -2.03163E-02
1.92399E+03 -2.02833E-02
1.92495E+03 -2.02802E-02
1.92592E+03 -2.02814E-02
1.92688E+03 -2.02546E-02
1.92785E+03 -2.02308E-02
1.92881E+03 -2.02267E-02
1.92978E+03 -2.02078E-02
1.93074E+03 -2.01920E-02
1.93170E+03 -2.01869E-02
1.93267E+03 -2.01606E-02
1.93363E+03 -2.01199E-02
1.93460E+03 -2.01035E-02
1.93556E+03 -2.00946E-02
1.93653E+03 -2.00814E-02
1.93749E+03 -2.00685E-02
1.93846E+03 -2.00553E-02
1.93942E+03 -2.00610E-02
1.94038E+03 -2.00410E-02
1.94135E+03 -2.00053E-02
1.94231E+03 -1.99813E-02
1.94328E+03 -1.99780E-02
1.94424E+03 -1.99690E-02
1.94521E+03 -1.99448E-02
1.94617E+03 -1.99247E-02
1.94714E+03 -1.98911E-02
1.94810E+03 -1.98715E-02
1.94906E+03 -1.98709E-02
1.95003E+03 -1.98456E-02
1.95099E+03 -1.98017E-02
1.95196E+03 -1.97973E-02
1.95292E+03 -1.97982E-02
1.95389E+03 -1.97771E-02
1.95485E+03 -1.97388E-02
1.95581E+03 -1.96976E-02
1.95678E+03 -1.96650E-02
1.95774E+03 -1.96448E-02
1.95871E+03 -1.96227E-02
1.95967E+03 -1.95998E-02
1.96064E+03 -1.96123E-02
1.96160E+03 -1.95902E-02
1.96257E+03 -1.95436E-02
1.96353E+03 -1.95081E-02
1.96449E+03 -1.94773E-02
1.96546E+03 -1.94718E-02
1.96642E+03 -1.94418E-02
1.96739E+03 -1.94169E-02
1.96835E+03 -1.93968E-02
1.96932E+03 -1.93334E-02
1.97028E+03 -1.92767E-02
1.97125E+03 -1.92410E-02
1.97221E+03 -1.92140E-02
1.97317E+03 -1.91962E-02
1.97414E+03 -1.91595E-02
1.97510E+03 -1.91272E-02
1.97607E+03 -1.90961E-02
1.97703E+03 -1.90590E-02
1.97800E+03 -1.90308E-02
1.97896E+03 -1.89817E-02
1.97992E+03 -1.89145E-02
1.98089E+03 -1.88585E-02
1.98185E+03 -1.88259E-02
1.98282E+03 -1.87832E-02
1.98378E+03 -1.87178E-02
1.98475E+03 -1.86408E-02
1.98571E+03 -1.85712E-02
1.98668E+03 -1.85076E-02
1.98764E+03 -1.84624E-02
1.98860E+03 -1.84243E-02
1.98957E+03 -1.83705E-02
1.99053E+03 -1.82873E-02
1.99150E+03 -1.82224E-02
1.99246E+03 -1.81666E-02
1.99343E+03 -1.80696E-02
1.99439E+03 -1.79817E-02
1.99536E+03 -1.79209E-02
1.99632E+03 -1.78594E-02
1.99728E+03 -1.77832E-02
1.99825E+03 -1.77053E-02
1.99921E+03 -1.76184E-02
2.00018E+03 -1.75344E-02
2.00114E+03 -1.74544E-02
2.00211E+03 -1.73573E-02
2.00307E+03 -1.72744E-02
2.00404E+03 -1.72053E-02
2.00500E+03 -1.71268E-02
2.00596E+03 -1.70603E-02
2.00693E+03 -1.69687E-02
2.00789E+03 -1.68724E-02
2.00886E+03 -1.68165E-02
2.00982E+03 -1.67468E-02
2.01079E+03 -1.66509E-02
2.01175E+03 -1.65840E-02
2.01271E+03 -1.65199E-02
2.01368E+03 -1.64307E-02
2.01464E+03 -1.63543E-02
2.01561E+03 -1.62748E-02
2.01657E+03 -1.62114E-02
2.01754E+03 -1.61794E-02
2.01850E+03 -1.61268E-02
2.01947E+03 -1.60555E-02
2.02043E+03 -1.59947E-02
2.02139E+03 -1.59512E-02
2.02236E+03 -1.58908E-02
2.02332E+03 -1.58184E-02
2.02429E+03 -1.57741E-02
2.02525E+03 -1.57212E-02
2.02622E+03 -1.56670E-02
2.02718E+03 -1.56223E-02
2.02815E+03 -1.55743E-02
2.02911E+03 -1.55215E-02
2.03007E+03 -1.54745E-02
2.03104E+03 -1.54214E-02
2.03200E+03 -1.53489E-02
2.03297E+03 -1.53002E-02
2.03393E+03 -1.52582E-02
2.03490E+03 -1.52169E-02
2.03586E+03 -1.51379E-02
2.03682E+03 -1.50307E-02
2.03779E+03 -1.49675E-02
2.03875E+03 -1.49182E-02
2.03972E+03 -1.48750E-02
2.04068E+03 -1.48330E-02
2.04165E+03 -1.47685E-02
2.04261E+03 -1.47355E-02
2.04358E+03 -1.46887E-02
2.04454E+03 -1.46321E-02
2.04550E+03 -1.46207E-02
2.04647E+03 -1.45841E-02
2.04743E+03 -1.45535E-02
2.04840E+03 -1.45500E-02
2.04936E+03 -1.45209E-02
2.05033E+03 -1.44727E-02
2.05129E+03 -1.44385E-02
2.05226E+03 -1.44583E-02
2.05322E+03 -1.44718E-02
2.05418E+03 -1.44166E-02
2.05515E+03 -1.43697E-02
2.05611E+03 -1.43249E-02
2.05708E+03 -1.42503E-02
2.05804E+03 -1.41831E-02
2.05901E+03 -1.41423E-02
2.05997E+03 -1.41157E-02
2.06094E+03 -1.40810E-02
2.06190E+03 -1.40436E-02
2.06286E+03 -1.39923E-02
2.06383E+03 -1.39131E-02
2.06479E+03 -1.38581E-02
2.06576E+03 -1.37371E-02
2.06672E+03 -1.37994E-02
2.06769E+03 -1.38332E-02
2.06865E+03 -1.36756E-02
2.06961E+03 -1.36471E-02
2.07058E+03 -1.36139E-02
2.07154E+03 -1.35577E-02
2.07251E+03 -1.35101E-02
2.07347E+03 -1.34799E-02
2.07444E+03 -1.34224E-02
2.07540E+03 -1.33693E-02
2.07637E+03 -1.33382E-02
2.07733E+03 -1.32924E-02
2.07829E+03 -1.32320E-02
2.07926E+03 -1.31938E-02
2.08022E+03 -1.31431E-02
2.08119E+03 -1.30845E-02
2.08215E+03 -1.30518E-02
2.08312E+03 -1.30078E-02
2.08408E+03 -1.29477E-02
2.08505E+03 -1.28852E-02
2.08601E+03 -1.28245E-02
2.08697E+03 -1.27544E-02
2.08794E+03 -1.27054E-02
2.08890E+03 -1.26499E-02
2.08987E+03 -1.25955E-02
2.09083E+03 -1.25600E-02
2.09180E+03 -1.25070E-02
2.09276E+03 -1.24326E-02
2.09372E+03 -1.23716E-02
2.09469E+03 -1.23441E-02
2.09565E+03 -1.23073E-02
2.09662E+03 -1.22289E-02
2.09758E+03 -1.21550E-02
2.09855E+03 -1.21216E-02
2.09951E+03 -1.20678E-02
2.10048E+03 -1.19948E-02
2.10144E+03 -1.19548E-02
2.10240E+03 -1.19171E-02
2.10337E+03 -1.18590E-02
2.10433E+03 -1.17713E-02
2.10530E+03 -1.17139E-02
2.10626E+03 -1.16781E-02
2.10723E+03 -1.16305E-02
2.10819E+03 -1.15729E-02
2.10916E+03 -1.14843E-02
2.11012E+03 -1.13947E-02
2.11108E+03 -1.13380E-02
2.11205E+03 -1.12802E-02
2.11301E+03 -1.11954E-02
2.11398E+03 -1.11243E-02
2.11494E+03 -1.10798E-02
2.11591E+03 -1.10450E-02
2.11687E+03 -1.09532E-02
2.11783E+03 -1.08513E-02
2.11880E+03 -1.07867E-02
2.11976E+03 -1.07517E-02
2.12073E+03 -1.06605E-02
2.12169E+03 -1.05386E-02
2.12266E+03 -1.04804E-02
2.12362E+03 -1.04170E-02
2.12459E+03 -1.03238E-02
2.12555E+03 -1.02487E-02
2.12651E+03 -1.01903E-02
2.12748E+03 -1.01237E-02
2.12844E+03 -1.00302E-02
2.12941E+03 -9.92557E-03
2.13037E+03 -9.84553E-03
2.13134E+03 -9.77325E-03
2.13230E+03 -9.67335E-03
2.13327E+03 -9.56547E-03
2.13423E+03 -9.48658E-03
2.13519E+03 -9.43979E-03
2.13616E+03 -9.38359E-03
2.13712E+03 -9.28652E-03
2.13809E+03 -9.18752E-03
2.13905E+03 -9.09920E-03
2.14002E+03 -9.02616E-03
2.14098E+03 -8.91716E-03
2.14195E+03 -8.82319E-03
2.14291E+03 -8.76917E-03
2.14387E+03 -8.67208E-03
2.14484E+03 -8.58622E-03
2.14580E+03 -8.51016E-03
2.14677E+03 -8.41895E-03
2.14773E+03 -8.31985E-03
2.14870E+03 -8.22205E-03
2.14966E+03 -8.12031E-03
2.15062E+03 -8.04085E-03
2.15159E+03 -7.98424E-03
2.15255E+03 -7.88551E-03
2.15352E+03 -7.80470E-03
2.15448E+03 -7.71482E-03
2.15545E+03 -7.59333E-03
2.15641E+03 -7.51425E-03
2.15738E+03 -7.43196E-03
2.15834E+03 -7.35771E-03
2.15930E+03 -7.25580E-03
2.16027E+03 -7.12242E-03
2.16123E+03 -7.04925E-03
2.16220E+03 -6.98089E-03
2.16316E+03 -6.89065E-03
2.16413E+03 -6.80644E-03
2.16509E+03 -6.71570E-03
2.16606E+03 -6.63219E-03
2.16702E+03 -6.54745E-03
2.16798E+03 -6.45235E-03
2.16895E+03 -6.38967E-03
2.16991E+03 -6.32137E-03
2.17088E+03 -6.21646E-03
2.17184E+03 -6.16168E-03
2.17281E+03 -6.12098E-03
2.17377E+03 -6.00911E-03
2.17473E+03 -5.88722E-03
2.17570E+03 -5.83104E-03
2.17666E+03 -5.77826E-03
2.17763E+03 -5.68035E-03
2.17859E+03 -5.60823E-03
2.17956E+03 -5.57460E-03
2.18052E+03 -5.51986E-03
2.18149E+03 -5.43940E-03
2.18245E+03 -5.37179E-03
2.18341E+03 -5.29714E-03
2.18438E+03 -5.20522E-03
2.18534E+03 -5.14434E-03
2.18631E+03 -5.11518E-03
2.18727E+03 -5.03913E-03
2.18824E+03 -4.94742E-03
2.18920E+03 -4.89746E-03
2.19017E+03 -4.84767E-03
2.19113E+03 -4.77283E-03
2.19209E+03 -4.71671E-03
2.19306E+03 -4.68982E-03
2.19402E+03 -4.63815E-03
2.19499E+03 -4.55816E-03
2.19595E+03 -4.49411E-03
2.19692E+03 -4.47246E-03
2.19788E+03 -4.43425E-03
2.19884E+03 -4.36543E-03
2.19981E+03 -4.30797E-03
2.20077E+03 -4.24204E-03
2.20174E+03 -4.17491E-03
2.20270E+03 -4.13739E-03
2.20367E+03 -4.09365E-03
2.20463E+03 -4.01880E-03
2.20560E+03 -3.94820E-03
2.20656E+03 -3.89677E-03
2.20752E+03 -3.84748E-03
2.20849E+03 -3.78915E-03
2.20945E+03 -3.73351E-03
2.21042E+03 -3.67033E-03
2.21138E+03 -3.60635E-03
2.21235E+03 -3.55430E-03
2.21331E+03 -3.47844E-03
2.21428E+03 -3.40745E-03
2.21524E+03 -3.35671E-03
2.21620E+03 -3.28088E-03
2.21717E+03 -3.20768E-03
2.21813E+03 -3.14683E-03
2.21910E+03 -3.07665E-03
2.22006E+03 -3.00797E-03
2.22103E+03 -2.92385E-03
2.22199E+03 -2.82797E-03
2.22296E+03 -2.74703E-03
2.22392E+03 -2.69502E-03
2.22488E+03 -2.62371E-03
2.22585E+03 -2.54365E-03
2.22681E+03 -2.49209E-03
2.22778E+03 -2.41837E-03
2.22874E+03 -2.34595E-03
2.22971E+03 -2.27537E-03
2.23067E+03 -2.20354E-03
2.23163E+03 -2.12698E-03
2.23260E+03 -2.02198E-03
2.23356E+03 -1.94567E-03
2.23453E+03 -1.87755E-03
2.23549E+03 -1.79003E-03
2.23646E+03 -1.69783E-03
2.23742E+03 -1.63294E-03
2.23839E+03 -1.54471E-03
2.23935E+03 -1.44632E-03
2.24031E+03 -1.34755E-03
2.24128E+03 -1.25114E-03
2.24224E+03 -1.19094E-03
2.24321E+03 -1.10266E-03
2.24417E+03 -1.01686E-03
2.24514E+03 -9.43772E-04
2.24610E+03 -8.84406E-04
2.24707E+03 -8.35024E-04
2.24803E+03 -7.43952E-04
2.24899E+03 -6.69047E-04
2.24996E+03 -6.00096E-04
2.25092E+03 -5.27386E-04
2.25189E+03 -4.62819E-04
2.25285E+03 -3.94382E-04
2.25382E+03 -3.46106E-04
2.25478E+03 -2.68180E-04
2.25574E+03 -1.66837E-04
2.25671E+03 -5.61103E-05
2.25767E+03 5.15878E-05
2.25864E+03 1.54916E-04
2.25960E+03 2.66355E-04
2.26057E+03 3.64792E-04
2.26153E+03 4.88251E-04
2.26250E+03 5.98304E-04
2.26346E+03 7.27482E-04
2.26442E+03 8.65992E-04
2.26539E+03 1.02409E-03
2.26635E+03 1.26852E-03
2.26732E+03 1.56554E-03
2.26828E+03 1.94882E-03
2.26925E+03 2.53733E-03
2.27021E+03 3.50453E-03
2.27118E+03 5.23569E-03
2.27214E+03 8.51922E-03
2.27310E+03 1.42797E-02
2.27407E+03 2.29320E-02
2.27503E+03 3.35201E-02
2.27600E+03 4.37635E-02
2.27696E+03 5.11890E-02
2.27793E+03 5.42496E-02
2.27889E+03 5.26990E-02
2.27986E+03 4.75490E-02
2.28082E+03 4.04294E-02
2.28178E+03 3.31695E-02
2.28275E+03 2.62918E-02
2.28371E+03 1.90680E-02
2.28468E+03 1.29395E-02
2.28564E+03 9.02713E-03
2.28661E+03 6.63153E-03
2.28757E+03 5.33074E-03
2.28853E+03 4.78288E-03
2.28950E+03 4.68897E-03
2.29046E+03 4.83572E-03
2.29143E+03 5.07801E-03
2.29239E+03 5.43673E-03
2.29336E+03 5.84925E-03
2.29432E+03 6.26574E-03
2.29529E+03 6.74489E-03
2.29625E+03 7.23822E-03
2.29721E+03 7.74484E-03
2.29818E+03 8.26837E-03
2.29914E+03 8.80728E-03
2.30011E+03 9.38804E-03
2.30107E+03 9.98826E-03
2.30204E+03 1.06382E-02
2.30300E+03 1.12876E-02
2.30397E+03 1.19583E-02
2.30493E+03 1.26576E-02
2.30589E+03 1.33745E-02
2.30686E+03 1.41472E-02
2.30782E+03 1.49734E-02
2.30879E+03 1.58393E-02
2.30975E+03 1.68130E-02
2.31072E+03 1.78335E-02
2.31168E+03 1.89344E-02
2.31265E+03 2.01305E-02
2.31361E+03 2.15343E-02
2.31457E+03 2.31392E-02
2.31554E+03 2.50727E-02
2.31650E+03 2.74766E-02
2.31747E+03 3.06705E-02
2.31843E+03 3.50472E-02
2.31940E+03 4.13190E-02
2.32036E+03 4.98952E-02
2.32132E+03 6.10318E-02
2.32229E+03 7.45974E-02
2.32325E+03 9.15047E-02
2.32422E+03 1.15772E-01
2.32518E+03 1.57338E-01
2.32615E+03 2.28386E-01
2.32711E+03 3.34231E-01
2.32808E+03 4.65329E-01
2.32904E+03 6.03143E-01
2.33000E+03 7.33160E-01
2.33097E+03 8.47159E-01
2.33193E+03 9.45052E-01
2.33290E+03 1.02754E+00
2.33386E+03 1.09813E+00
2.33483E+03 1.15729E+00
2.33579E+03 1.20869E+00
2.33676E+03 1.25265E+00
2.33772E+03 1.29046E+00
2.33868E+03 1.32127E+00
2.33965E+03 1.34466E+00
2.34061E+03 1.35935E+00
2.34158E+03 1.36641E+00
2.34254E+03 1.36574E+00
2.34351E+03 1.35683E+00
2.34447E+03 1.33678E+00
2.34543E+03 1.30552E+00
2.34640E+03 1.26472E+00
2.34736E+03 1.21948E+00
2.34833E+03 1.17266E+00
2.34929E+03 1.12544E+00
2.35026E+03 1.07800E+00
2.35122E+03 1.03135E+00
2.35219E+03 9.86060E-01
2.35315E+03 9.42421E-01
2.35411E+03 9.00561E-01
2.35508E+03 8.60542E-01
2.35604E+03 8.22006E-01
2.35701E+03 7.84734E-01
2.35797E+03 7.48416E-01
2.35894E+03 7.12522E-01
2.35990E+03 6.76754E-01
2.36087E+03 6.40634E-01
2.36183E+03 6.03676E-01
2.36279E+03 5.65687E-01
2.36376E+03 5.26299E-01
2.36472E+03 4.85407E-01
2.36569E+03 4.42798E-01
2.36665E+03 3.98450E-01
2.36762E+03 3.52631E-01
2.36858E+03 3.05950E-01
2.36954E+03 2.59545E-01
2.37051E+03 2.15131E-01
2.37147E+03 1.74626E-01
2.37244E+03 1.39433E-01
2.37340E+03 1.10151E-01
2.37437E+03 8.67436E-02
2.37533E+03 6.86810E-02
2.37630E+03 5.48380E-02
2.37726E+03 4.39155E-02
2.37822E+03 3.49296E-02
2.37919E+03 2.73761E-02
2.38015E+03 2.12495E-02
2.38112E+03 1.66021E-02
2.38208E+03 1.31917E-02
2.38305E+03 1.07243E-02
2.38401E+03 8.85656E-03
2.38498E+03 7.30203E-03
2.38594E+03 5.99124E-03
2.38690E+03 4.86484E-03
2.38787E+03 3.87760E-03
2.38883E+03 3.01680E-03
2.38980E+03 2.20707E-03
2.39076E+03 1.44643E-03
2.39173E+03 7.97007E-04
2.39269E+03 2.03889E-04
2.39366E+03 -3.75260E-04
2.39462E+03 -8.90169E-04
2.39558E+03 -1.34200E-03
2.39655E+03 -1.78242E-03
2.39751E+03 -2.21016E-03
2.39848E+03 -2.60654E-03
2.39944E+03 -2.97520E-03
2.40041E+03 -3.31982E-03
2.40137E+03 -3.62247E-03
2.40233E+03 -3.85156E-03
2.40330E+03 -4.05719E-03
2.40426E+03 -4.27942E-03
2.40523E+03 -4.49937E-03
2.40619E+03 -4.67335E-03
2.40716E+03 -4.82249E-03
2.40812E+03 -4.97561E-03
2.40909E+03 -5.11238E-03
2.41005E+03 -5.23116E-03
2.41101E+03 -5.32332E-03
2.41198E+03 -5.40962E-03
2.41294E+03 -5.52503E-03
2.41391E+03 -5.61124E-03
2.41487E+03 -5.67008E-03
2.41584E+03 -5.75630E-03
2.41680E+03 -5.84498E-03
2.41777E+03 -5.92562E-03
2.41873E+03 -6.01067E-03
2.41969E+03 -6.07471E-03
2.42066E+03 -6.11823E-03
2.42162E+03 -6.19424E-03
2.42259E+03 -6.25876E-03
2.42355E+03 -6.28277E-03
2.42452E+03 -6.33596E-03
2.42548E+03 -6.41588E-03
2.42644E+03 -6.47138E-03
2.42741E+03 -6.51974E-03
2.42837E+03 -6.56809E-03
2.42934E+03 -6.59183E-03
2.43030E+03 -6.63371E-03
2.43127E+03 -6.69298E-03
2.43223E+03 -6.74070E-03
2.43320E+03 -6.77435E-03
2.43416E+03 -6.79889E-03
2.43512E+03 -6.81402E-03
2.43609E+03 -6.86234E-03
2.43705E+03 -6.91437E-03
2.43802E+03 -6.93627E-03
2.43898E+03 -6.96186E-03
2.43995E+03 -6.99111E-03
2.44091E+03 -7.02524E-03
2.44188E+03 -7.07166E-03
2.44284E+03 -7.10033E-03
2.44380E+03 -7.14483E-03
2.44477E+03 -7.21167E-03
2.44573E+03 -7.24732E-03
2.44670E+03 -7.26933E-03
2.44766E+03 -7.30641E-03
2.44863E+03 -7.37186E-03
2.44959E+03 -7.43822E-03
2.45055E+03 -7.50101E-03
2.45152E+03 -7.55668E-03
2.45248E+03 -7.60721E-03
2.45345E+03 -7.67189E-03
2.45441E+03 -7.75361E-03
2.45538E+03 -7.80599E-03
2.45634E+03 -7.86129E-03
2.45731E+03 -7.94123E-03
2.45827E+03 -8.00974E-03
2.45923E+03 -8.10403E-03
2.46020E+03 -8.19126E-03
2.46116E+03 -8.25851E-03
2.46213E+03 -8.34430E-03
2.46309E+03 -8.42841E-03
2.46406E+03 -8.49722E-03
2.46502E+03 -8.56524E-03
2.46599E+03 -8.64767E-03
2.46695E+03 -8.71194E-03
2.46791E+03 -8.79505E-03
2.46888E+03 -8.91170E-03
2.46984E+03 -8.98551E-03
2.47081E+03 -9.05875E-03
2.47177E+03 -9.15051E-03
2.47274E+03 -9.19646E-03
2.47370E+03 -9.22628E-03
2.47467E+03 -9.27233E-03
2.47563E+03 -9.33904E-03
2.47659E+03 -9.39950E-03
2.47756E+03 -9.43967E-03
2.47852E+03 -9.46404E-03
2.47949E+03 -9.51510E-03
2.48045E+03 -9.56729E-03
2.48142E+03 -9.58461E-03
2.48238E+03 -9.62991E-03
2.48334E+03 -9.64704E-03
2.48431E+03 -9.66489E-03
2.48527E+03 -9.69404E-03
2.48624E+03 -9.70795E-03
2.48720E+03 -9.71251E-03
2.48817E+03 -9.70859E-03
2.48913E+03 -9.69335E-03
2.49010E+03 -9.66717E-03
2.49106E+03 -9.65747E-03
2.49202E+03 -9.63695E-03
2.49299E+03 -9.63155E-03
2.49395E+03 -9.62363E-03
2.49492E+03 -9.57561E-03
2.49588E+03 -9.53787E-03
2.49685E+03 -9.49928E-03
2.49781E+03 -9.45457E-03
2.49878E+03 -9.42696E-03
2.49974E+03 -9.37171E-03
2.50070E+03 -9.30293E-03
2.50167E+03 -9.26276E-03
2.50263E+03 -9.20935E-03
2.50360E+03 -9.14379E-03
2.50456E+03 -9.09131E-03
2.50553E+03 -9.02659E-03
2.50649E+03 -8.94846E-03
2.50745E+03 -8.87330E-03
2.50842E+03 -8.78649E-03
2.50938E+03 -8.68862E-03
2.51035E+03 -8.62877E-03
2.51131E+03 -8.56271E-03
2.51228E+03 -8.46794E-03
2.51324E+03 -8.38014E-03
2.51421E+03 -8.28988E-03
2.51517E+03 -8.18796E-03
2.51613E+03 -8.09464E-03
2.51710E+03 -8.01461E-03
2.51806E+03 -7.92233E-03
2.51903E+03 -7.81856E-03
2.51999E+03 -7.71214E-03
2.52096E+03 -7.61652E-03
2.52192E+03 -7.52513E-03
2.52289E+03 -7.45715E-03
2.52385E+03 -7.36848E-03
2.52481E+03 -7.27887E-03
2.52578E+03 -7.17934E-03
2.52674E+03 -7.08129E-03
2.52771E+03 -7.01233E-03
2.52867E+03 -6.91073E-03
2.52964E+03 -6.81528E-03
2.53060E+03 -6.76474E-03
2.53156E+03 -6.70978E-03
2.53253E+03 -6.63908E-03
2.53349E+03 -6.57506E-03
2.53446E+03 -6.51957E-03
2.53542E+03 -6.49529E-03
2.53639E+03 -6.42990E-03
2.53735E+03 -6.40311E-03
2.53832E+03 -6.42440E-03
2.53928E+03 -6.40979E-03
2.54024E+03 -6.36855E-03
2.54121E+03 -6.35539E-03
2.54217E+03 -6.37733E-03
2.54314E+03 -6.37785E-03
2.54410E+03 -6.39115E-03
2.54507E+03 -6.41841E-03
2.54603E+03 -6.43432E-03
2.54700E+03 -6.43923E-03
2.54796E+03 -6.44388E-03
2.54892E+03 -6.44692E-03
2.54989E+03 -6.47482E-03
2.55085E+03 -6.53577E-03
2.55182E+03 -6.57344E-03
2.55278E+03 -6.59522E-03
2.55375E+03 -6.64680E-03
2.55471E+03 -6.68674E-03
2.55568E+03 -6.68767E-03
2.55664E+03 -6.70517E-03
2.55760E+03 -6.73828E-03
2.55857E+03 -6.73056E-03
2.55953E+03 -6.74553E-03
2.56050E+03 -6.77792E-03
2.56146E+03 -6.78023E-03
2.56243E+03 -6.80096E-03
2.56339E+03 -6.82568E-03
2.56435E+03 -6.84056E-03
2.56532E+03 -6.89105E-03
2.56628E+03 -6.91101E-03
2.56725E+03 -6.93360E-03
2.56821E+03 -6.96269E-03
2.56918E+03 -6.96563E-03
2.57014E+03 -6.97659E-03
2.57111E+03 -7.01050E-03
2.57207E+03 -7.03535E-03
2.57303E+03 -7.03906E-03
2.57400E+03 -7.05566E-03
2.57496E+03 -7.07174E-03
2.57593E+03 -7.10528E-03
2.57689E+03 -7.13472E-03
2.57786E+03 -7.15037E-03
2.57882E+03 -7.16921E-03
2.57979E+03 -7.17511E-03
2.58075E+03 -7.17232E-03
2.58171E+03 -7.14782E-03
2.58268E+03 -7.12252E-03
2.58364E+03 -7.12666E-03
2.58461E+03 -7.10507E-03
2.58557E+03 -7.06446E-03
2.58654E+03 -7.03443E-03
2.58750E+03 -6.99539E-03
2.58846E+03 -6.94596E-03
2.58943E+03 -6.90977E-03
2.59039E+03 -6.86376E-03
2.59136E+03 -6.80007E-03
2.59232E+03 -6.77282E-03
2.59329E+03 -6.72616E-03
2.59425E+03 -6.66162E-03
2.59522E+03 -6.63489E-03
2.59618E+03 -6.60456E-03
2.59714E+03 -6.55593E-03
2.59811E+03 -6.54134E-03
2.59907E+03 -6.56890E-03
2.60004E+03 -6.56150E-03
2.60100E+03 -6.53222E-03
2.60197E+03 -6.52861E-03
2.60293E+03 -6.51863E-03
2.60390E+03 -6.50900E-03
2.60486E+03 -6.52745E-03
2.60582E+03 -6.55138E-03
2.60679E+03 -6.59070E-03
2.60775E+03 -6.60559E-03
2.60872E+03 -6.61692E-03
2.60968E+03 -6.65474E-03
2.61065E+03 -6.68331E-03
2.61161E+03 -6.70649E-03
2.61258E+03 -6.73755E-03
2.61354E+03 -6.77171E-03
2.61450E+03 -6.77875E-03
2.61547E+03 -6.81691E-03
2.61643E+03 -6.85273E-03
2.61740E+03 -6.87825E-03
2.61836E+03 -6.92784E-03
2.61933E+03 -6.94549E-03
2.62029E+03 -7.00727E-03
2.62125E+03 -7.09942E-03
2.62222E+03 -7.14842E-03
2.62318E+03 -7.19118E-03
2.62415E+03 -7.25335E-03
2.62511E+03 -7.33491E-03
2.62608E+03 -7.41192E-03
2.62704E+03 -7.47083E-03
2.62801E+03 -7.54891E-03
2.62897E+03 -7.62241E-03
2.62993E+03 -7.65530E-03
2.63090E+03 -7.70065E-03
2.63186E+03 -7.77248E-03
2.63283E+03 -7.81172E-03
2.63379E+03 -7.83834E-03
2.63476E+03 -7.89888E-03
2.63572E+03 -7.92530E-03
2.63669E+03 -7.94321E-03
2.63765E+03 -7.97988E-03
2.63861E+03 -8.00461E-03
2.63958E+03 -8.02256E-03
2.64054E+03 -8.01669E-03
2.64151E+03 -8.00918E-03
2.64247E+03 -8.01305E-03
2.64344E+03 -8.02704E-03
2.64440E+03 -8.04348E-03
2.64536E+03 -8.02622E-03
2.64633E+03 -8.01839E-03
2.64729E+03 -8.03412E-03
2.64826E+03 -8.03316E-03
2.64922E+03 -8.03198E-03
2.65019E+03 -8.03371E-03
2.65115E+03 -8.03305E-03
2.65212E+03 -8.02733E-03
2.65308E+03 -8.02669E-03
2.65404E+03 -8.02302E-03
2.65501E+03 -7.99784E-03
2.65597E+03 -7.97787E-03
2.65694E+03 -7.96160E-03
2.65790E+03 -7.92535E-03
2.65887E+03 -7.89150E-03
2.65983E+03 -7.86934E-03
2.66080E+03 -7.87762E-03
2.66176E+03 -7.89876E-03
2.66272E+03 -7.89452E-03
2.66369E+03 -7.82657E-03
2.66465E+03 -7.77998E-03
2.66562E+03 -7.81013E-03
2.66658E+03 -7.81181E-03
2.66755E+03 -7.79656E-03
2.66851E+03 -7.80541E-03
2.66948E+03 -7.77875E-03
2.67044E+03 -7.73390E-03
2.67140E+03 -7.70981E-03
2.67237E+03 -7.68439E-03
2.67333E+03 -7.65846E-03
2.67430E+03 -7.63743E-03
2.67526E+03 -7.63182E-03
2.67623E+03 -7.59934E-03
2.67719E+03 -7.56802E-03
2.67815E+03 -7.54829E-03
2.67912E+03 -7.52263E-03
2.68008E+03 -7.50064E-03
2.68105E+03 -7.46182E-03
2.68201E+03 -7.44200E-03
2.68298E+03 -7.42388E-03
2.68394E+03 -7.38889E-03
2.68491E+03 -7.36882E-03
2.68587E+03 -7.32892E-03
2.68683E+03 -7.29679E-03
2.68780E+03 -7.28105E-03
2.68876E+03 -7.24342E-03
2.68973E+03 -7.21340E-03
2.69069E+03 -7.17602E-03
2.69166E+03 -7.14011E-03
2.69262E+03 -7.11598E-03
2.69359E+03 -7.08425E-03
2.69455E+03 -7.06867E-03
2.69551E+03 -7.05136E-03
2.69648E+03 -7.00547E-03
2.69744E+03 -6.95207E-03
2.69841E+03 -6.92044E-03
2.69937E+03 -6.91591E-03
2.70034E+03 -6.89010E-03
2.70130E+03 -6.85123E-03
2.70226E+03 -6.84375E-03
2.70323E+03 -6.77283E-03
2.70419E+03 -6.71974E-03
2.70516E+03 -6.72074E-03
2.70612E+03 -6.67424E-03
2.70709E+03 -6.64311E-03
2.70805E+03 -6.60141E-03
2.70902E+03 -6.56592E-03
2.70998E+03 -6.54368E-03
2.71094E+03 -6.49712E-03
2.71191E+03 -6.44171E-03
2.71287E+03 -6.37975E-03
2.71384E+03 -6.34172E-03
2.71480E+03 -6.31369E-03
2.71577E+03 -6.30011E-03
2.71673E+03 -6.25218E-03
2.71770E+03 -6.18910E-03
2.71866E+03 -6.14363E-03
2.71962E+03 -6.09545E-03
2.72059E+03 -6.05170E-03
2.72155E+03 -6.00454E-03
2.72252E+03 -5.94769E-03
2.72348E+03 -5.88870E-03
2.72445E+03 -5.87159E-03
2.72541E+03 -5.82997E-03
2.72638E+03 -5.76564E-03
2.72734E+03 -5.70738E-03
2.72830E+03 -5.63217E-03
2.72927E+03 -5.57816E-03
2.73023E+03 -5.55193E-03
2.73120E+03 -5.49516E-03
2.73216E+03 -5.46193E-03
2.73313E+03 -5.40751E-03
2.73409E+03 -5.31937E-03
2.73505E+03 -5.22579E-03
2.73602E+03 -5.15788E-03
2.73698E+03 -5.15346E-03
2.73795E+03 -5.11989E-03
2.73891E+03 -5.02994E-03
2.73988E+03 -4.95061E-03
2.74084E+03 -4.87776E-03
2.74181E+03 -4.77471E-03
2.74277E+03 -4.70167E-03
2.74373E+03 -4.64943E-03
2.74470E+03 -4.55868E-03
2.74566E+03 -4.47914E-03
2.74663E+03 -4.43761E-03
2.74759E+03 -4.34048E-03
2.74856E+03 -4.23232E-03
2.74952E+03 -4.12044E-03
2.75049E+03 -3.98814E-03
2.75145E+03 -3.90176E-03
2.75241E+03 -3.83935E-03
2.75338E+03 -3.75875E-03
2.75434E+03 -3.60215E-03
2.75531E+03 -3.53938E-03
2.75627E+03 -3.49403E-03
2.75724E+03 -3.45000E-03
2.75820E+03 -3.39655E-03
2.75916E+03 -3.28490E-03
2.76013E+03 -3.15908E-03
2.76109E+03 -2.94647E-03
2.76206E+03 -2.67351E-03
2.76302E+03 -2.38648E-03
2.76399E+03 -2.08034E-03
2.76495E+03 -1.84970E-03
2.76592E+03 -2.12605E-03
2.76688E+03 -1.92807E-03
2.76784E+03 -1.56108E-03
2.76881E+03 -1.68972E-03
2.76977E+03 -1.50593E-03
2.77074E+03 -1.24149E-03
2.77170E+03 -9.71429E-04
2.77267E+03 -7.45501E-04
2.77363E+03 -6.81847E-04
2.77460E+03 -5.09683E-04
2.77556E+03 -2.57917E-04
2.77652E+03 -6.60494E-06
2.77749E+03 2.02231E-04
2.77845E+03 4.36325E-04
2.77942E+03 7.36941E-04
2.78038E+03 9.91791E-04
2.78135E+03 1.24151E-03
2.78231E+03 1.50502E-03
2.78327E+03 1.79627E-03
2.78424E+03 2.10171E-03
2.78520E+03 2.39633E-03
2.78617E+03 2.69318E-03
2.78713E+03 2.99147E-03
2.78810E+03 3.31384E-03
2.78906E+03 3.64462E-03
2.79003E+03 3.99784E-03
2.79099E+03 4.34892E-03
2.79195E+03 4.68849E-03
2.79292E+03 5.09220E-03
2.79388E+03 5.48964E-03
2.79485E+03 5.86834E-03
2.79581E+03 6.27614E-03
2.79678E+03 6.70398E-03
2.79774E+03 7.16036E-03
2.79871E+03 7.57914E-03
2.79967E+03 7.96762E-03
2.80063E+03 8.42279E-03
2.80160E+03 8.88538E-03
2.80256E+03 9.36021E-03
2.80353E+03 9.85217E-03
2.80449E+03 1.03554E-02
2.80546E+03 1.08686E-02
2.80642E+03 1.13703E-02
2.80739E+03 1.19010E-02
2.80835E+03 1.24315E-02
2.80931E+03 1.29838E-02
2.81028E+03 1.35504E-02
2.81124E+03 1.40827E-02
2.81221E+03 1.46493E-02
2.81317E+03 1.52602E-02
2.81414E+03 1.58769E-02
2.81510E+03 1.65014E-02
2.81606E+03 1.71459E-02
2.81703E+03 1.78130E-02
2.81799E+03 1.84966E-02
2.81896E+03 1.92115E-02
2.81992E+03 1.99664E-02
2.82089E+03 2.07465E-02
2.82185E+03 2.15943E-02
2.82282E+03 2.24714E-02
2.82378E+03 2.33446E-02
2.82474E+03 2.42771E-02
2.82571E+03 2.52408E-02
2.82667E+03 2.62013E-02
2.82764E+03 2.71713E-02
2.82860E+03 2.80906E-02
2.82957E+03 2.89053E-02
2.83053E+03 2.95875E-02
2.83150E+03 3.01332E-02
2.83246E+03 3.04838E-02
2.83342E+03 3.06048E-02
2.83439E+03 3.05404E-02
2.83535E+03 3.02678E-02
2.83632E+03 2.98008E-02
2.83728E+03 2.91881E-02
2.83825E+03 2.84846E-02
2.83921E+03 2.76975E-02
2.84017E+03 2.68931E-02
2.84114E+03 2.61399E-02
2.84210E+03 2.54053E-02
2.84307E+03 2.47333E-02
2.84403E+03 2.41197E-02
2.84500E+03 2.35508E-02
2.84596E+03 2.30784E-02
2.84693E+03 2.26665E-02
2.84789E+03 2.22410E-02
2.84885E+03 2.18374E-02
2.84982E+03 2.14761E-02
2.85078E+03 2.11254E-02
2.85175E+03 2.07815E-02
2.85271E+03 2.04647E-02
2.85368E+03 2.01776E-02
2.85464E+03 1.98777E-02
2.85561E+03 1.96100E-02
2.85657E+03 1.93648E-02
2.85753E+03 1.90904E-02
2.85850E+03 1.88624E-02
2.85946E+03 1.86168E-02
2.86043E+03 1.83479E-02
2.86139E+03 1.81485E-02
2.86236E+03 1.79606E-02
2.86332E+03 1.77322E-02
2.86428E+03 1.75124E-02
2.86525E+03 1.73206E-02
2.86621E+03 1.71168E-02
2.86718E+03 1.69025E-02
2.86814E+03 1.67016E-02
2.86911E+03 1.65149E-02
2.87007E+03 1.63399E-02
2.87104E+03 1.61876E-02
2.87200E+03 1.60274E-02
2.87296E+03 1.58704E-02
2.87393E+03 1.57203E-02
2.87489E+03 1.55721E-02
2.87586E+03 1.54875E-02
2.87682E+03 1.54254E-02
2.87779E+03 1.53224E-02
2.87875E+03 1.52103E-02
2.87972E+03 1.51446E-02
2.88068E+03 1.51386E-02
2.88164E+03 1.51326E-02
2.88261E+03 1.51321E-02
2.88357E+03 1.51767E-02
2.88454E+03 1.52046E-02
2.88550E+03 1.52118E-02
2.88647E+03 1.52932E-02
2.88743E+03 1.54175E-02
2.88840E+03 1.55139E-02
2.88936E+03 1.56134E-02
2.89032E+03 1.57400E-02
2.89129E+03 1.58460E-02
2.89225E+03 1.59799E-02
2.89322E+03 1.61403E-02
2.89418E+03 1.62949E-02
2.89515E+03 1.64442E-02
2.89611E+03 1.66162E-02
2.89707E+03 1.68214E-02
2.89804E+03 1.70163E-02
2.89900E+03 1.72655E-02
2.89997E+03 1.75596E-02
2.90093E+03 1.78268E-02
2.90190E+03 1.80886E-02
2.90286E+03 1.84251E-02
2.90383E+03 1.87591E-02
2.90479E+03 1.91060E-02
2.90575E+03 1.94747E-02
2.90672E+03 1.98440E-02
2.90768E+03 2.02557E-02
2.90865E+03 2.06997E-02
2.90961E+03 2.11400E-02
2.91058E+03 2.15229E-02
2.91154E+03 2.19068E-02
2.91251E+03 2.22678E-02
2.91347E+03 2.25488E-02
2.91443E+03 2.27734E-02
2.91540E+03 2.29247E-02
2.91636E+03 2.29709E-02
2.91733E+03 2.29250E-02
2.91829E+03 2.28402E-02
2.91926E+03 2.26903E-02
2.92022E+03 2.25486E-02
2.92118E+03 2.24801E-02
2.92215E+03 2.24384E-02
2.92311E+03 2.24726E-02
2.92408E+03 2.26261E-02
2.92504E+03 2.29180E-02
2.92601E+03 2.33272E-02
2.92697E+03 2.37974E-02
2.92794E+03 2.44002E-02
2.92890E+03 2.51302E-02
2.92986E+03 2.58517E-02
2.93083E+03 2.65922E-02
2.93179E+03 2.73542E-02
2.93276E+03 2.80672E-02
2.93372E+03 2.87044E-02
2.93469E+03 2.92630E-02
2.93565E+03 2.97241E-02
2.93662E+03 3.00131E-02
2.93758E+03 3.01738E-02
2.93854E+03 3.02343E-02
2.93951E+03 3.01694E-02
2.94047E+03 3.00063E-02
2.94144E+03 2.97377E-02
2.94240E+03 2.94140E-02
2.94337E+03 2.90677E-02
2.94433E+03 2.87268E-02
2.94530E+03 2.84471E-02
2.94626E+03 2.82399E-02
2.94722E+03 2.81397E-02
2.94819E+03 2.82010E-02
2.94915E+03 2.83909E-02
2.95012E+03 2.86958E-02
2.95108E+03 2.91090E-02
2.95205E+03 2.96274E-02
2.95301E+03 3.01988E-02
2.95397E+03 3.08244E-02
2.95494E+03 3.15281E-02
2.95590E+03 3.21793E-02
2.95687E+03 3.28054E-02
2.95783E+03 3.33750E-02
2.95880E+03 3.38829E-02
2.95976E+03 3.43770E-02
2.96073E+03 3.47503E-02
2.96169E+03 3.50304E-02
2.96265E+03 3.52612E-02
2.96362E+03 3.54688E-02
2.96458E+03 3.56260E-02
2.96555E+03 3.57430E-02
2.96651E+03 3.58437E-02
2.96748E+03 3.59239E-02
2.96844E+03 3.59777E-02
2.96941E+03 3.59991E-02
2.97037E+03 3.60485E-02
2.97133E+03 3.61057E-02
2.97230E+03 3.61327E-02
2.97326E+03 3.61184E-02
2.97423E+03 3.61292E-02
2.97519E+03 3.61485E-02
2.97616E+03 3.60706E-02
2.97712E+03 3.59736E-02
2.97808E+03 3.59269E-02
2.97905E+03 3.58556E-02
2.98001E+03 3.57820E-02
2.98098E+03 3.57439E-02
2.98194E+03 3.57185E-02
2.98291E+03 3.56677E-02
2.98387E+03 3.56430E-02
2.98484E+03 3.57246E-02
2.98580E+03 3.58395E-02
2.98676E+03 3.59483E-02
2.98773E+03 3.61198E-02
2.98869E+03 3.62935E-02
2.98966E+03 3.64957E-02
2.99062E+03 3.67766E-02
2.99159E+03 3.70853E-02
2.99255E+03 3.73442E-02
2.99352E+03 3.76203E-02
2.99448E+03 3.79188E-02
2.99544E+03 3.81795E-02
2.99641E+03 3.84630E-02
2.99737E+03 3.86985E-02
2.99834E+03 3.88794E-02
2.99930E+03 3.90283E-02
3.00027E+03 3.91650E-02
3.00123E+03 3.92584E-02
3.00220E+03 3.93098E-02
3.00316E+03 3.93299E-02
3.00412E+03 3.92816E-02
3.00509E+03 3.92022E-02
3.00605E+03 3.91283E-02
3.00702E+03 3.90238E-02
3.00798E+03 3.88984E-02
3.00895E+03 3.87970E-02
3.00991E+03 3.86926E-02
3.01087E+03 3.85929E-02
3.01184E+03 3.85222E-02
3.01280E+03 3.84581E-02
3.01377E+03 3.83769E-02
3.01473E+03 3.83224E-02
3.01570E+03 3.83250E-02
3.01666E+03 3.83429E-02
3.01763E+03 3.83557E-02
3.01859E+03 3.84749E-02
3.01955E+03 3.87387E-02
3.02052E+03 3.90127E-02
3.02148E+03 3.92866E-02
3.02245E+03 3.95856E-02
3.02341E+03 3.99034E-02
3.02438E+03 4.02755E-02
3.02534E+03 4.06884E-02
3.02631E+03 4.11171E-02
3.02727E+03 4.16013E-02
3.02823E+03 4.21034E-02
3.02920E+03 4.26331E-02
3.03016E+03 4.32288E-02
3.03113E+03 4.38674E-02
3.03209E+03 4.45101E-02
3.03306E+03 4.51513E-02
3.03402E+03 4.58144E-02
3.03498E+03 4.64781E-02
3.03595E+03 4.71624E-02
3.03691E+03 4.79261E-02
3.03788E+03 4.87053E-02
3.03884E+03 4.94616E-02
3.03981E+03 5.02428E-02
3.04077E+03 5.10384E-02
3.04174E+03 5.18840E-02
3.04270E+03 5.27339E-02
3.04366E+03 5.35917E-02
3.04463E+03 5.45063E-02
3.04559E+03 5.53834E-02
3.04656E+03 5.62846E-02
3.04752E+03 5.72417E-02
3.04849E+03 5.82029E-02
3.04945E+03 5.91567E-02
3.05042E+03 6.01195E-02
3.05138E+03 6.10995E-02
3.05234E+03 6.20722E-02
3.05331E+03 6.30748E-02
3.05427E+03 6.41086E-02
3.05524E+03 6.51813E-02
3.05620E+03 6.62349E-02
3.05717E+03 6.72608E-02
3.05813E+03 6.83031E-02
3.05909E+03 6.94089E-02
3.06006E+03 7.05279E-02
3.06102E+03 7.16145E-02
3.06199E+03 7.27516E-02
3.06295E+03 7.39605E-02
3.06392E+03 7.51645E-02
3.06488E+03 7.62917E-02
3.06585E+03 7.74209E-02
3.06681E+03 7.85870E-02
3.06777E+03 7.97845E-02
3.06874E+03 8.10294E-02
3.06970E+03 8.22504E-02
3.07067E+03 8.34906E-02
3.07163E+03 8.47695E-02
3.07260E+03 8.60318E-02
3.07356E+03 8.73166E-02
3.07453E+03 8.85993E-02
3.07549E+03 8.99012E-02
3.07645E+03 9.11826E-02
3.07742E+03 9.24800E-02
3.07838E+03 9.38564E-02
3.07935E+03 9.52395E-02
3.08031E+03 9.65745E-02
3.08128E+03 9.78976E-02
3.08224E+03 9.92990E-02
3.08321E+03 1.00713E-01
3.08417E+03 1.02105E-01
3.08513E+03 1.03488E-01
3.08610E+03 1.04888E-01
3.08706E+03 1.06302E-01
3.08803E+03 1.07735E-01
3.08899E+03 1.09242E-01
3.08996E+03 1.10732E-01
3.09092E+03 1.12170E-01
3.09188E+03 1.13615E-01
3.09285E+03 1.15093E-01
3.09381E+03 1.16583E-01
3.09478E+03 1.18033E-01
3.09574E+03 1.19570E-01
3.09671E+03 1.21133E-01
3.09767E+03 1.22629E-01
3.09864E+03 1.24164E-01
3.09960E+03 1.25692E-01
3.10056E+03 1.27206E-01
3.10153E+03 1.28731E-01
3.10249E+03 1.30248E-01
3.10346E+03 1.31784E-01
3.10442E+03 1.33342E-01
3.10539E+03 1.34910E-01
3.10635E+03 1.36466E-01
3.10732E+03 1.38045E-01
3.10828E+03 1.39641E-01
3.10924E+03 1.41229E-01
3.11021E+03 1.42788E-01
3.11117E+03 1.44360E-01
3.11214E+03 1.45966E-01
3.11310E+03 1.47522E-01
3.11407E+03 1.49112E-01
3.11503E+03 1.50741E-01
3.11599E+03 1.52343E-01
3.11696E+03 1.53913E-01
3.11792E+03 1.55539E-01
3.11889E+03 1.57189E-01
3.11985E+03 1.58801E-01
3.12082E+03 1.60455E-01
3.12178E+03 1.62092E-01
3.12275E+03 1.63727E-01
3.12371E+03 1.65353E-01
3.12467E+03 1.66968E-01
3.12564E+03 1.68597E-01
3.12660E+03 1.70222E-01
3.12757E+03 1.71928E-01
3.12853E+03 1.73605E-01
3.12950E+03 1.75200E-01
3.13046E+03 1.76846E-01
3.13143E+03 1.78545E-01
3.13239E+03 1.80258E-01
3.13335E+03 1.81970E-01
3.13432E+03 1.83660E-01
3.13528E+03 1.85332E-01
3.13625E+03 1.87004E-01
3.13721E+03 1.88716E-01
3.13818E+03 1.90443E-01
3.13914E+03 1.92119E-01
3.14010E+03 1.93817E-01
3.14107E+03 1.95574E-01
3.14203E+03 1.97337E-01
3.14300E+03 1.99046E-01
3.14396E+03 2.00775E-01
3.14493E+03 2.02489E-01
3.14589E+03 2.04234E-01
3.14686E+03 2.06026E-01
3.14782E+03 2.07782E-01
3.14878E+03 2.09567E-01
3.14975E+03 2.11349E-01
3.15071E+03 2.13097E-01
3.15168E+03 2.14832E-01
3.15264E+03 2.16606E-01
3.15361E+03 2.18365E-01
3.15457E+03 2.20137E-01
3.15554E+03 2.21932E-01
3.15650E+03 2.23756E-01
3.15746E+03 2.25542E-01
3.15843E+03 2.27268E-01
3.15939E+03 2.29054E-01
3.16036E+03 2.30873E-01
3.16132E+03 2.32697E-01
3.16229E+03 2.34412E-01
3.16325E+03 2.36132E-01
3.16422E+03 2.37916E-01
3.16518E+03 2.39679E-01
3.16614E+03 2.41418E-01
3.16711E+03 2.43249E-01
3.16807E+03 2.45077E-01
3.16904E+03 2.46798E-01
3.17000E+03 2.48554E-01
3.17097E+03 2.50248E-01
3.17193E+03 2.51979E-01
3.17289E+03 2.53769E-01
3.17386E+03 2.55509E-01
3.17482E+03 2.57269E-01
3.17579E+03 2.59025E-01
3.17675E+03 2.60794E-01
3.17772E+03 2.62570E-01
3.17868E+03 2.64319E-01
3.17965E+03 2.66095E-01
3.18061E+03 2.67807E-01
3.18157E+03 2.69473E-01
3.18254E+03 2.71146E-01
3.18350E+03 2.72857E-01
3.18447E+03 2.74619E-01
3.18543E+03 2.76353E-01
3.18640E+03 2.78022E-01
3.18736E+03 2.79630E-01
3.18833E+03 2.81294E-01
3.18929E+03 2.83005E-01
3.19025E+03 2.84682E-01
3.19122E+03 2.86378E-01
3.19218E+03 2.88017E-01
3.19315E+03 2.89654E-01
3.19411E+03 2.91314E-01
3.19508E+03 2.92907E-01
3.19604E+03 2.94496E-01
3.19700E+03 2.96111E-01
3.19797E+03 2.97709E-01
3.19893E+03 2.99260E-01
3.19990E+03 3.00829E-01
3.20086E+03 3.02383E-01
3.20183E+03 3.03914E-01
3.20279E+03 3.05476E-01
3.20376E+03 3.07025E-01
3.20472E+03 3.08545E-01
3.20568E+03 3.10024E-01
3.20665E+03 3.11446E-01
3.20761E+03 3.12935E-01
3.20858E+03 3.14413E-01
3.20954E+03 3.15815E-01
3.21051E+03 3.17196E-01
3.21147E+03 3.18569E-01
3.21244E+03 3.19942E-01
3.21340E+03 3.21332E-01
3.21436E+03 3.22748E-01
3.21533E+03 3.24075E-01
3.21629E+03 3.25306E-01
3.21726E+03 3.26595E-01
3.21822E+03 3.27894E-01
3.21919E+03 3.29082E-01
3.22015E+03 3.30319E-01
3.22111E+03 3.31507E-01
3.22208E+03 3.32596E-01
3.22304E+03 3.33780E-01
3.22401E+03 3.34994E-01
3.22497E+03 3.36204E-01
3.22594E+03 3.37285E-01
3.22690E+03 3.38310E-01
3.22787E+03 3.39390E-01
3.22883E+03 3.40405E-01
3.22979E+03 3.41360E-01
3.23076E+03 3.42328E-01
3.23172E+03 3.43291E-01
3.23269E+03 3.44251E-01
3.23365E+03 3.45182E-01
3.23462E+03 3.46056E-01
3.23558E+03 3.46950E-01
3.23655E+03 3.47763E-01
3.23751E+03 3.48547E-01
3.23847E+03 3.49474E-01
3.23944E+03 3.50347E-01
3.24040E+03 3.51118E-01
3.24137E+03 3.51885E-01
3.24233E+03 3.52551E-01
3.24330E+03 3.53198E-01
3.24426E+03 3.53783E-01
3.24523E+03 3.54474E-01
3.24619E+03 3.55265E-01
3.24715E+03 3.55929E-01
3.24812E+03 3.56584E-01
3.24908E+03 3.57228E-01
3.25005E+03 3.57865E-01
3.25101E+03 3.58475E-01
3.25198E+03 3.59024E-01
3.25294E+03 3.59525E-01
3.25390E+03 3.60094E-01
3.25487E+03 3.60747E-01
3.25583E+03 3.61293E-01
3.25680E+03 3.61821E-01
3.25776E+03 3.62410E-01
3.25873E+03 3.62941E-01
3.25969E+03 3.63409E-01
3.26066E+03 3.63949E-01
3.26162E+03 3.64454E-01
3.26258E+03 3.64881E-01
3.26355E+03 3.65342E-01
3.26451E+03 3.65821E-01
3.26548E+03 3.66328E-01
3.26644E+03 3.66786E-01
3.26741E+03 3.67236E-01
3.26837E+03 3.67651E-01
3.26934E+03 3.67993E-01
3.27030E+03 3.68391E-01
3.27126E+03 3.68810E-01
3.27223E+03 3.69210E-01
3.27319E+03 3.69585E-01
3.27416E+03 3.69986E-01
3.27512E+03 3.70377E-01
3.27609E+03 3.70716E-01
3.27705E+03 3.71061E-01
3.27802E+03 3.71434E-01
3.27898E+03 3.71796E-01
3.27994E+03 3.72122E-01
3.28091E+03 3.72444E-01
3.28187E+03 3.72751E-01
3.28284E+03 3.73039E-01
3.28380E+03 3.73227E-01
3.28477E+03 3.73417E-01
3.28573E+03 3.73633E-01
3.28669E+03 3.73802E-01
3.28766E+03 3.74010E-01
3.28862E+03 3.74165E-01
3.28959E+03 3.74360E-01
3.29055E+03 3.74549E-01
3.29152E+03 3.74617E-01
3.29248E+03 3.74792E-01
3.29345E+03 3.74924E-01
3.29441E+03 3.75018E-01
3.29537E+03 3.75052E-01
3.29634E+03 3.75054E-01
3.29730E+03 3.75127E-01
3.29827E+03 3.75054E-01
3.29923E+03 3.74954E-01
3.30020E+03 3.74907E-01
3.30116E+03 3.74851E-01
3.30213E+03 3.74744E-01
3.30309E+03 3.74564E-01
3.30405E+03 3.74427E-01
3.30502E+03 3.74287E-01
3.30598E+03 3.74137E-01
3.30695E+03 3.73966E-01
3.30791E+03 3.73871E-01
3.30888E+03 3.73735E-01
3.30984E+03 3.73483E-01
3.31080E+03 3.73199E-01
3.31177E+03 3.72766E-01
3.31273E+03 3.72446E-01
3.31370E+03 3.72171E-01
3.31466E+03 3.71828E-01
3.31563E+03 3.71483E-01
3.31659E+03 3.71098E-01
3.31756E+03 3.70810E-01
3.31852E+03 3.70429E-01
3.31948E+03 3.70049E-01
3.32045E+03 3.69674E-01
3.32141E+03 3.69128E-01
3.32238E+03 3.68562E-01
3.32334E+03 3.68052E-01
3.32431E+03 3.67626E-01
3.32527E+03 3.67150E-01
3.32624E+03 3.66628E-01
3.32720E+03 3.66095E-01
3.32816E+03 3.65630E-01
3.32913E+03 3.65057E-01
3.33009E+03 3.64467E-01
3.33106E+03 3.64024E-01
3.33202E+03 3.63468E-01
3.33299E+03 3.62788E-01
3.33395E+03 3.62256E-01
3.33492E+03 3.61743E-01
3.33588E+03 3.61152E-01
3.33684E+03 3.60608E-01
3.33781E+03 3.59999E-01
3.33877E+03 3.59361E-01
3.33974E+03 3.58755E-01
3.34070E+03 3.58183E-01
3.34167E+03 3.57595E-01
3.34263E+03 3.56932E-01
3.34359E+03 3.56292E-01
3.34456E+03 3.55612E-01
3.34552E+03 3.54863E-01
3.34649E+03 3.54169E-01
3.34745E+03 3.53514E-01
3.34842E+03 3.52885E-01
3.34938E+03 3.52245E-01
3.35035E+03 3.51549E-01
3.35131E+03 3.50932E-01
3.35227E+03 3.50301E-01
3.35324E+03 3.49586E-01
3.35420E+03 3.48904E-01
3.35517E+03 3.48278E-01
3.35613E+03 3.47575E-01
3.35710E+03 3.46779E-01
3.35806E+03 3.45986E-01
3.35903E+03 3.45223E-01
3.35999E+03 3.44575E-01
3.36095E+03 3.43855E-01
3.36192E+03 3.43028E-01
3.36288E+03 3.42299E-01
3.36385E+03 3.41587E-01
3.36481E+03 3.40805E-01
3.36578E+03 3.40104E-01
3.36674E+03 3.39293E-01
3.36770E+03 3.38417E-01
3.36867E+03 3.37588E-01
3.36963E+03 3.36757E-01
3.37060E+03 3.35915E-01
3.37156E+03 3.35097E-01
3.37253E+03 3.34253E-01
3.37349E+03 3.33395E-01
3.37446E+03 3.32523E-01
3.37542E+03 3.31590E-01
3.37638E+03 3.30694E-01
3.37735E+03 3.29794E-01
3.37831E+03 3.28849E-01
3.37928E+03 3.27902E-01
3.38024E+03 3.26965E-01
3.38121E+03 3.26013E-01
3.38217E+03 3.25076E-01
3.38314E+03 3.24077E-01
3.38410E+03 3.23033E-01
3.38506E+03 3.21932E-01
3.38603E+03 3.20948E-01
3.38699E+03 3.19920E-01
3.38796E+03 3.18760E-01
3.38892E+03 3.17721E-01
3.38989E+03 3.16707E-01
3.39085E+03 3.15588E-01
3.39181E+03 3.14405E-01
3.39278E+03 3.13258E-01
3.39374E+03 3.12166E-01
3.39471E+03 3.11103E-01
3.39567E+03 3.09843E-01
3.39664E+03 3.08541E-01
3.39760E+03 3.07332E-01
3.39857E+03 3.06041E-01
3.39953E+03 3.04763E-01
3.40049E+03 3.03471E-01
3.40146E+03 3.02140E-01
3.40242E+03 3.00913E-01
3.40339E+03 2.99557E-01
3.40435E+03 2.98116E-01
3.40532E+03 2.96819E-01
3.40628E+03 2.95519E-01
3.40725E+03 2.94119E-01
3.40821E+03 2.92741E-01
3.40917E+03 2.91318E-01
3.41014E+03 2.89858E-01
3.41110E+03 2.88442E-01
3.41207E+03 2.86997E-01
3.41303E+03 2.85262E-01
3.41400E+03 2.83441E-01
3.41496E+03 2.82234E-01
3.41593E+03 2.81013E-01
3.41689E+03 2.79464E-01
3.41785E+03 2.77857E-01
3.41882E+03 2.76217E-01
3.41978E+03 2.74669E-01
3.42075E+03 2.73145E-01
3.42171E+03 2.71549E-01
3.42268E+03 2.69934E-01
3.42364E+03 2.68395E-01
3.42460E+03 2.66729E-01
3.42557E+03 2.65009E-01
3.42653E+03 2.63338E-01
3.42750E+03 2.61692E-01
3.42846E+03 2.59967E-01
3.42943E+03 2.58228E-01
3.43039E+03 2.56687E-01
3.43136E+03 2.55072E-01
3.43232E+03 2.53328E-01
3.43328E+03 2.51604E-01
3.43425E+03 2.49890E-01
3.43521E+03 2.48173E-01
3.43618E+03 2.46430E-01
3.43714E+03 2.44742E-01
3.43811E+03 2.43082E-01
3.43907E+03 2.41334E-01
3.44004E+03 2.39570E-01
3.44100E+03 2.37846E-01
3.44196E+03 2.36146E-01
3.44293E+03 2.34441E-01
3.44389E+03 2.32647E-01
3.44486E+03 2.30860E-01
3.44582E+03 2.29112E-01
3.44679E+03 2.27375E-01
3.44775E+03 2.25607E-01
3.44871E+03 2.23806E-01
3.44968E+03 2.22039E-01
3.45064E+03 2.20282E-01
3.45161E+03 2.18548E-01
3.45257E+03 2.16769E-01
3.45354E+03 2.14915E-01
3.45450E+03 2.13180E-01
3.45547E+03 2.11514E-01
3.45643E+03 2.09788E-01
3.45739E+03 2.08051E-01
3.45836E+03 2.06194E-01
3.45932E+03 2.04345E-01
3.46029E+03 2.02605E-01
3.46125E+03 2.00808E-01
3.46222E+03 1.99015E-01
3.46318E+03 1.97231E-01
3.46415E+03 1.95402E-01
3.46511E+03 1.93601E-01
3.46607E+03 1.91858E-01
3.46704E+03 1.90062E-01
3.46800E+03 1.88255E-01
3.46897E+03 1.86519E-01
3.46993E+03 1.84771E-01
3.47090E+03 1.82913E-01
3.47186E+03 1.81062E-01
3.47282E+03 1.79278E-01
3.47379E+03 1.77466E-01
3.47475E+03 1.75724E-01
3.47572E+03 1.73912E-01
3.47668E+03 1.72114E-01
3.47765E+03 1.70337E-01
3.47861E+03 1.68499E-01
3.47958E+03 1.66606E-01
3.48054E+03 1.64758E-01
3.48150E+03 1.62978E-01
3.48247E+03 1.61089E-01
3.48343E+03 1.59238E-01
3.48440E+03 1.57423E-01
3.48536E+03 1.55579E-01
3.48633E+03 1.53744E-01
3.48729E+03 1.51878E-01
3.48826E+03 1.49990E-01
3.48922E+03 1.48133E-01
3.49018E+03 1.46285E-01
3.49115E+03 1.44445E-01
3.49211E+03 1.42548E-01
3.49308E+03 1.40667E-01
3.49404E+03 1.38832E-01
3.49501E+03 1.36863E-01
3.49597E+03 1.34961E-01
3.49694E+03 1.33201E-01
3.49790E+03 1.31290E-01
3.49886E+03 1.29345E-01
3.49983E+03 1.27421E-01
3.50079E+03 1.25545E-01
3.50176E+03 1.23668E-01
3.50272E+03 1.21717E-01
3.50369E+03 1.19763E-01
3.50465E+03 1.17842E-01
3.50561E+03 1.15934E-01
3.50658E+03 1.14006E-01
3.50754E+03 1.12088E-01
3.50851E+03 1.10122E-01
3.50947E+03 1.08179E-01
3.51044E+03 1.06309E-01
3.51140E+03 1.04444E-01
3.51237E+03 1.02519E-01
3.51333E+03 1.00591E-01
3.51429E+03 9.86556E-02
3.51526E+03 9.66831E-02
3.51622E+03 9.47683E-02
3.51719E+03 9.28915E-02
3.51815E+03 9.09933E-02
3.51912E+03 8.91549E-02
3.52008E+03 8.73640E-02
3.52105E+03 8.55413E-02
3.52201E+03 8.37314E-02
3.52297E+03 8.18652E-02
3.52394E+03 8.00860E-02
3.52490E+03 7.83823E-02
3.52587E+03 7.66264E-02
3.52683E+03 7.49546E-02
3.52780E+03 7.32903E-02
3.52876E+03 7.16413E-02
3.52972E+03 7.00105E-02
3.53069E+03 6.84095E-02
3.53165E+03 6.68523E-02
3.53262E+03 6.52868E-02
3.53358E+03 6.37309E-02
3.53455E+03 6.21943E-02
3.53551E+03 6.07062E-02
3.53648E+03 5.92596E-02
3.53744E+03 5.78405E-02
3.53840E+03 5.65078E-02
3.53937E+03 5.51616E-02
3.54033E+03 5.37444E-02
3.54130E+03 5.23811E-02
3.54226E+03 5.11469E-02
3.54323E+03 4.99381E-02
3.54419E+03 4.86482E-02
3.54516E+03 4.74309E-02
3.54612E+03 4.62803E-02
3.54708E+03 4.51347E-02
3.54805E+03 4.40243E-02
3.54901E+03 4.29658E-02
3.54998E+03 4.19345E-02
3.55094E+03 4.08637E-02
3.55191E+03 3.98975E-02
3.55287E+03 3.89738E-02
3.55383E+03 3.80073E-02
3.55480E+03 3.70404E-02
3.55576E+03 3.61259E-02
3.55673E+03 3.53358E-02
3.55769E+03 3.45142E-02
3.55866E+03 3.35950E-02
3.55962E+03 3.26992E-02
3.56059E+03 3.18891E-02
3.56155E+03 3.11128E-02
3.56251E+03 3.03434E-02
3.56348E+03 2.95508E-02
3.56444E+03 2.88406E-02
3.56541E+03 2.81894E-02
3.56637E+03 2.75216E-02
3.56734E+03 2.69121E-02
3.56830E+03 2.62721E-02
3.56927E+03 2.56373E-02
3.57023E+03 2.50914E-02
3.57119E+03 2.45204E-02
3.57216E+03 2.39614E-02
3.57312E+03 2.35122E-02
3.57409E+03 2.30530E-02
3.57505E+03 2.26681E-02
3.57602E+03 2.23178E-02
3.57698E+03 2.19533E-02
3.57795E+03 2.17147E-02
3.57891E+03 2.15961E-02
3.57987E+03 2.15407E-02
3.58084E+03 2.14983E-02
3.58180E+03 2.15175E-02
3.58277E+03 2.16600E-02
3.58373E+03 2.19766E-02
3.58470E+03 2.23621E-02
3.58566E+03 2.27553E-02
3.58662E+03 2.32046E-02
3.58759E+03 2.37147E-02
3.58855E+03 2.42910E-02
3.58952E+03 2.49154E-02
3.59048E+03 2.55588E-02
3.59145E+03 2.63005E-02
3.59241E+03 2.71801E-02
3.59338E+03 2.80832E-02
3.59434E+03 2.87763E-02
3.59530E+03 2.89971E-02
3.59627E+03 2.84837E-02
3.59723E+03 2.71795E-02
3.59820E+03 2.53902E-02
3.59916E+03 2.40605E-02
3.60013E+03 2.25562E-02
3.60109E+03 1.95940E-02
3.60206E+03 1.68814E-02
3.60302E+03 1.53542E-02
3.60398E+03 1.44284E-02
3.60495E+03 1.37936E-02
3.60591E+03 1.32932E-02
3.60688E+03 1.29630E-02
3.60784E+03 1.26353E-02
3.60881E+03 1.23810E-02
3.60977E+03 1.22020E-02
3.61074E+03 1.19670E-02
3.61170E+03 1.17963E-02
3.61266E+03 1.17240E-02
3.61363E+03 1.16530E-02
3.61459E+03 1.16068E-02
3.61556E+03 1.16185E-02
3.61652E+03 1.16379E-02
3.61749E+03 1.16850E-02
3.61845E+03 1.18817E-02
3.61941E+03 1.21310E-02
3.62038E+03 1.24563E-02
3.62134E+03 1.28268E-02
3.62231E+03 1.31901E-02
3.62327E+03 1.36784E-02
3.62424E+03 1.42180E-02
3.62520E+03 1.48052E-02
3.62617E+03 1.54948E-02
3.62713E+03 1.63114E-02
3.62809E+03 1.71720E-02
3.62906E+03 1.80519E-02
3.63002E+03 1.90165E-02
3.63099E+03 2.00711E-02
3.63195E+03 2.12091E-02
3.63292E+03 2.24210E-02
3.63388E+03 2.37070E-02
3.63485E+03 2.50509E-02
3.63581E+03 2.64587E-02
3.63677E+03 2.79858E-02
3.63774E+03 2.95919E-02
3.63870E+03 3.12112E-02
3.63967E+03 3.28616E-02
3.64063E+03 3.45896E-02
3.64160E+03 3.63459E-02
3.64256E+03 3.80236E-02
3.64352E+03 3.97110E-02
3.64449E+03 4.13930E-02
3.64545E+03 4.29703E-02
3.64642E+03 4.44618E-02
3.64738E+03 4.58100E-02
3.64835E+03 4.69627E-02
3.64931E+03 4.79550E-02
3.65028E+03 4.87623E-02
3.65124E+03 4.94426E-02
3.65220E+03 4.99594E-02
3.65317E+03 5.01585E-02
3.65413E+03 5.01228E-02
3.65510E+03 4.99136E-02
3.65606E+03 4.94945E-02
3.65703E+03 4.87991E-02
3.65799E+03 4.78751E-02
3.65896E+03 4.67818E-02
3.65992E+03 4.54691E-02
3.66088E+03 4.40243E-02
3.66185E+03 4.24177E-02
3.66281E+03 4.06412E-02
3.66378E+03 3.87509E-02
3.66474E+03 3.67795E-02
3.66571E+03 3.48058E-02
3.66667E+03 3.27566E-02
3.66764E+03 3.06508E-02
3.66860E+03 2.85900E-02
3.66956E+03 2.65368E-02
3.67053E+03 2.45547E-02
3.67149E+03 2.26292E-02
3.67246E+03 2.07353E-02
3.67342E+03 1.89606E-02
3.67439E+03 1.72185E-02
3.67535E+03 1.55149E-02
3.67631E+03 1.39429E-02
3.67728E+03 1.25195E-02
3.67824E+03 1.12595E-02
3.67921E+03 1.00091E-02
3.68017E+03 8.82568E-03
3.68114E+03 7.79197E-03
3.68210E+03 6.84382E-03
3.68307E+03 6.02175E-03
3.68403E+03 5.35979E-03
3.68499E+03 4.81944E-03
3.68596E+03 4.42050E-03
3.68692E+03 4.17882E-03
3.68789E+03 4.08810E-03
3.68885E+03 4.20368E-03
3.68982E+03 4.62229E-03
3.69078E+03 5.33049E-03
3.69175E+03 6.43630E-03
3.69271E+03 8.00592E-03
3.69367E+03 1.01630E-02
3.69464E+03 1.30627E-02
3.69560E+03 1.67293E-02
3.69657E+03 2.11471E-02
3.69753E+03 2.62824E-02
3.69850E+03 3.18770E-02
3.69946E+03 3.73242E-02
3.70042E+03 4.18386E-02
3.70139E+03 4.47373E-02
3.70235E+03 4.56118E-02
3.70332E+03 4.42655E-02
3.70428E+03 4.09491E-02
3.70525E+03 3.63550E-02
3.70621E+03 3.13704E-02
3.70718E+03 2.72023E-02
3.70814E+03 2.35404E-02
3.70910E+03 1.81886E-02
3.71007E+03 1.25279E-02
3.71103E+03 8.80037E-03
3.71200E+03 6.48596E-03
3.71296E+03 4.98426E-03
3.71393E+03 4.01707E-03
3.71489E+03 3.38636E-03
3.71586E+03 2.88734E-03
3.71682E+03 2.51804E-03
3.71778E+03 2.24062E-03
3.71875E+03 2.04883E-03
3.71971E+03 1.86355E-03
3.72068E+03 1.58128E-03
3.72164E+03 1.36479E-03
3.72261E+03 1.17978E-03
3.72357E+03 1.02470E-03
3.72453E+03 9.08569E-04
3.72550E+03 7.73970E-04
3.72646E+03 6.27995E-04
3.72743E+03 4.74870E-04
3.72839E+03 3.07690E-04
3.72936E+03 1.15834E-04
3.73032E+03 -4.82872E-05
3.73129E+03 -2.09607E-04
3.73225E+03 -3.72134E-04
3.73321E+03 -5.39068E-04
3.73418E+03 -7.15714E-04
3.73514E+03 -9.08688E-04
3.73611E+03 -1.09532E-03
3.73707E+03 -1.23259E-03
3.73804E+03 -1.33709E-03
3.73900E+03 -1.51847E-03
3.73997E+03 -1.67038E-03
3.74093E+03 -1.83553E-03
3.74189E+03 -2.02533E-03
3.74286E+03 -2.11783E-03
3.74382E+03 -2.26829E-03
3.74479E+03 -2.43260E-03
3.74575E+03 -2.52905E-03
3.74672E+03 -2.62364E-03
3.74768E+03 -2.73468E-03
3.74865E+03 -2.85692E-03
3.74961E+03 -2.97519E-03
3.75057E+03 -3.09592E-03
3.75154E+03 -3.22853E-03
3.75250E+03 -3.32125E-03
3.75347E+03 -3.41943E-03
3.75443E+03 -3.48685E-03
3.75540E+03 -3.48599E-03
3.75636E+03 -3.55606E-03
3.75732E+03 -3.58903E-03
3.75829E+03 -3.60379E-03
3.75925E+03 -3.70834E-03
3.76022E+03 -3.75574E-03
3.76118E+03 -3.75067E-03
3.76215E+03 -3.73748E-03
3.76311E+03 -3.80215E-03
3.76408E+03 -3.89222E-03
3.76504E+03 -3.88204E-03
3.76600E+03 -3.85967E-03
3.76697E+03 -3.87340E-03
3.76793E+03 -3.90806E-03
3.76890E+03 -3.91759E-03
3.76986E+03 -3.93669E-03
3.77083E+03 -3.92856E-03
3.77179E+03 -3.90391E-03
3.77276E+03 -3.88634E-03
3.77372E+03 -3.86742E-03
3.77468E+03 -3.92086E-03
3.77565E+03 -3.98564E-03
3.77661E+03 -3.99709E-03
3.77758E+03 -4.01069E-03
3.77854E+03 -4.03358E-03
3.77951E+03 -3.99663E-03
3.78047E+03 -4.01874E-03
3.78143E+03 -4.04972E-03
3.78240E+03 -3.99813E-03
3.78336E+03 -3.98483E-03
3.78433E+03 -4.05495E-03
3.78529E+03 -4.07245E-03
3.78626E+03 -3.99417E-03
3.78722E+03 -4.00944E-03
3.78819E+03 -4.03678E-03
3.78915E+03 -4.01508E-03
3.79011E+03 -4.04934E-03
3.79108E+03 -4.03709E-03
3.79204E+03 -4.01156E-03
3.79301E+03 -4.07793E-03
3.79397E+03 -4.15212E-03
3.79494E+03 -4.16410E-03
3.79590E+03 -4.14342E-03
3.79687E+03 -4.14184E-03
3.79783E+03 -4.17033E-03
3.79879E+03 -4.21128E-03
3.79976E+03 -4.22262E-03
3.80072E+03 -4.21788E-03
3.80169E+03 -4.24112E-03
3.80265E+03 -4.24243E-03
3.80362E+03 -4.23208E-03
3.80458E+03 -4.26994E-03
3.80554E+03 -4.30601E-03
3.80651E+03 -4.31840E-03
3.80747E+03 -4.32392E-03
3.80844E+03 -4.34035E-03
3.80940E+03 -4.35624E-03
3.81037E+03 -4.35032E-03
3.81133E+03 -4.35050E-03
3.81230E+03 -4.33778E-03
3.81326E+03 -4.30225E-03
3.81422E+03 -4.32239E-03
3.81519E+03 -4.36141E-03
3.81615E+03 -4.33601E-03
3.81712E+03 -4.35750E-03
3.81808E+03 -4.41694E-03
3.81905E+03 -4.35187E-03
3.82001E+03 -4.34038E-03
3.82098E+03 -4.43888E-03
3.82194E+03 -4.47637E-03
3.82290E+03 -4.43995E-03
3.82387E+03 -4.43592E-03
3.82483E+03 -4.43834E-03
3.82580E+03 -4.44840E-03
3.82676E+03 -4.48371E-03
3.82773E+03 -4.50648E-03
3.82869E+03 -4.53515E-03
3.82966E+03 -4.47282E-03
3.83062E+03 -4.43256E-03
3.83158E+03 -4.45570E-03
3.83255E+03 -4.44834E-03
3.83351E+03 -4.44025E-03
3.83448E+03 -4.44910E-03
3.83544E+03 -4.50898E-03
3.83641E+03 -4.52646E-03
3.83737E+03 -4.50986E-03
3.83833E+03 -4.50769E-03
3.83930E+03 -4.50300E-03
3.84026E+03 -4.51633E-03
3.84123E+03 -4.50283E-03
3.84219E+03 -4.51112E-03
3.84316E+03 -4.54807E-03
3.84412E+03 -4.55629E-03
3.84509E+03 -4.53861E-03
3.84605E+03 -4.55843E-03
3.84701E+03 -4.57161E-03
3.84798E+03 -4.54415E-03
3.84894E+03 -4.60007E-03
3.84991E+03 -4.59981E-03
3.85087E+03 -4.53315E-03
3.85184E+03 -4.55473E-03
3.85280E+03 -4.58822E-03
3.85377E+03 -4.59735E-03
3.85473E+03 -4.61512E-03
3.85569E+03 -4.59461E-03
3.85666E+03 -4.57517E-03
3.85762E+03 -4.63211E-03
3.85859E+03 -4.66006E-03
3.85955E+03 -4.60938E-03
3.86052E+03 -4.59141E-03
3.86148E+03 -4.57819E-03
3.86244E+03 -4.60256E-03
3.86341E+03 -4.65553E-03
3.86437E+03 -4.56976E-03
3.86534E+03 -4.50676E-03
3.86630E+03 -4.51901E-03
3.86727E+03 -4.55306E-03
3.86823E+03 -4.61185E-03
3.86920E+03 -4.61146E-03
3.87016E+03 -4.58208E-03
3.87112E+03 -4.63820E-03
3.87209E+03 -4.66472E-03
3.87305E+03 -4.67638E-03
3.87402E+03 -4.70335E-03
3.87498E+03 -4.70407E-03
3.87595E+03 -4.70207E-03
3.87691E+03 -4.70898E-03
3.87788E+03 -4.73647E-03
3.87884E+03 -4.72696E-03
3.87980E+03 -4.70036E-03
3.88077E+03 -4.72080E-03
3.88173E+03 -4.74286E-03
3.88270E+03 -4.73348E-03
3.88366E+03 -4.69591E-03
3.88463E+03 -4.69412E-03
3.88559E+03 -4.72337E-03
3.88655E+03 -4.76304E-03
3.88752E+03 -4.76410E-03
3.88848E+03 -4.68997E-03
3.88945E+03 -4.68018E-03
3.89041E+03 -4.74667E-03
3.89138E+03 -4.81745E-03
3.89234E+03 -4.84794E-03
3.89331E+03 -4.77710E-03
3.89427E+03 -4.73005E-03
3.89523E+03 -4.73821E-03
3.89620E+03 -4.71021E-03
3.89716E+03 -4.73513E-03
3.89813E+03 -4.70539E-03
3.89909E+03 -4.69267E-03
3.90006E+03 -4.75649E-03
3.90102E+03 -4.76969E-03
3.90199E+03 -4.74561E-03
3.90295E+03 -4.76952E-03
3.90391E+03 -4.79274E-03
3.90488E+03 -4.75953E-03
3.90584E+03 -4.73839E-03
3.90681E+03 -4.69440E-03
3.90777E+03 -4.67885E-03
3.90874E+03 -4.72831E-03
3.90970E+03 -4.74394E-03
3.91067E+03 -4.72446E-03
3.91163E+03 -4.72076E-03
3.91259E+03 -4.72871E-03
3.91356E+03 -4.69131E-03
3.91452E+03 -4.69591E-03
3.91549E+03 -4.70520E-03
3.91645E+03 -4.62226E-03
3.91742E+03 -4.59596E-03
3.91838E+03 -4.62122E-03
3.91934E+03 -4.62213E-03
3.92031E+03 -4.64684E-03
3.92127E+03 -4.64217E-03
3.92224E+03 -4.61346E-03
3.92320E+03 -4.61575E-03
3.92417E+03 -4.58730E-03
3.92513E+03 -4.56975E-03
3.92610E+03 -4.56636E-03
3.92706E+03 -4.55128E-03
3.92802E+03 -4.57776E-03
3.92899E+03 -4.58034E-03
3.92995E+03 -4.54296E-03
3.93092E+03 -4.54812E-03
3.93188E+03 -4.50066E-03
3.93285E+03 -4.48897E-03
3.93381E+03 -4.56621E-03
3.93478E+03 -4.62808E-03
3.93574E+03 -4.60427E-03
3.93670E+03 -4.52074E-03
3.93767E+03 -4.50873E-03
3.93863E+03 -4.48090E-03
3.93960E+03 -4.43863E-03
3.94056E+03 -4.41338E-03
3.94153E+03 -4.38098E-03
3.94249E+03 -4.37577E-03
3.94346E+03 -4.41191E-03
3.94442E+03 -4.51392E-03
3.94538E+03 -4.56557E-03
3.94635E+03 -4.49846E-03
3.94731E+03 -4.50501E-03
3.94828E+03 -4.53767E-03
3.94924E+03 -4.48664E-03
3.95021E+03 -4.47439E-03
3.95117E+03 -4.44979E-03
3.95213E+03 -4.44299E-03
3.95310E+03 -4.47460E-03
3.95406E+03 -4.49537E-03
3.95503E+03 -4.43758E-03
3.95599E+03 -4.36302E-03
3.95696E+03 -4.31788E-03
3.95792E+03 -4.28758E-03
3.95889E+03 -4.37834E-03
3.95985E+03 -4.42539E-03
3.96081E+03 -4.39139E-03
3.96178E+03 -4.29075E-03
3.96274E+03 -4.26672E-03
3.96371E+03 -4.30434E-03
3.96467E+03 -4.26544E-03
3.96564E+03 -4.32932E-03
3.96660E+03 -4.33422E-03
3.96757E+03 -4.27142E-03
3.96853E+03 -4.27725E-03
3.96949E+03 -4.27600E-03
3.97046E+03 -4.27505E-03
3.97142E+03 -4.23284E-03
3.97239E+03 -4.20205E-03
3.97335E+03 -4.17458E-03
3.97432E+03 -4.15231E-03
3.97528E+03 -4.18644E-03
3.97624E+03 -4.18297E-03
3.97721E+03 -4.19905E-03
3.97817E+03 -4.19141E-03
3.97914E+03 -4.19325E-03
3.98010E+03 -4.25119E-03
3.98107E+03 -4.20077E-03
3.98203E+03 -4.11620E-03
3.98300E+03 -4.15539E-03
3.98396E+03 -4.19429E-03
3.98492E+03 -4.13792E-03
3.98589E+03 -4.11732E-03
3.98685E+03 -4.10537E-03
3.98782E+03 -4.05785E-03
3.98878E+03 -4.09999E-03
3.98975E+03 -4.10395E-03
3.99071E+03 -4.02619E-03
3.99168E+03 -3.94503E-03
3.99264E+03 -3.89345E-03
3.99360E+03 -3.94583E-03
3.99457E+03 -3.97519E-03
3.99553E+03 -3.93012E-03
3.99650E+03 -3.89785E-03
3.99746E+03 -3.92317E-03
3.99843E+03 -3.90140E-03
3.99939E+03 -3.87612E-03
4.00035E+03 -3.87698E-03
4.00132E+03 -3.86875E-03
