# {"full": "H2O:CH3OH:CO2 (0.9:0.3:1)", "name": "H2O:CH3OH:CO2", "ratio": "(0.9:0.3:1)", "url": "https://icedb.strw.leidenuniv.nl/data/51", "author": "Ehrenfreund et al.", "latex_molname": "$\\ce{H2O}$:$\\ce{CH3OH}$:$\\ce{CO2}$ (0.9:0.3:1)", "temperature": 92.0, "index": 445}
3.99264E+02 -8.16800E-03
4.00228E+02 -4.40734E-03
4.01193E+02 -3.69054E-03
4.02157E+02 -5.82041E-03
4.03122E+02 -6.06453E-03
4.04086E+02 -4.09337E-03
4.05050E+02 -3.13229E-03
4.06015E+02 7.47852E-04
4.06979E+02 2.69150E-03
4.07944E+02 -6.81579E-03
4.08908E+02 -8.34297E-03
4.09872E+02 -6.04437E-03
4.10837E+02 -5.98608E-03
4.11801E+02 -4.79836E-03
4.12766E+02 -5.81616E-03
4.13730E+02 -6.14041E-03
4.14694E+02 -5.39954E-03
4.15659E+02 -4.27930E-03
4.16623E+02 -4.16314E-03
4.17588E+02 -4.53184E-03
4.18552E+02 -2.83306E-03
4.19516E+02 -1.05434E-03
4.20481E+02 -5.34651E-03
4.21445E+02 -1.18032E-02
4.22410E+02 -9.16762E-03
4.23374E+02 -6.27782E-03
4.24339E+02 -5.82461E-03
4.25303E+02 -6.42530E-03
4.26267E+02 -6.60015E-03
4.27232E+02 -9.63422E-03
4.28196E+02 -7.26068E-03
4.29161E+02 1.70235E-03
4.30125E+02 6.67803E-04
4.31089E+02 -1.17930E-03
4.32054E+02 -9.29143E-04
4.33018E+02 -1.03668E-03
4.33983E+02 -1.55487E-03
4.34947E+02 -4.07573E-04
4.35911E+02 3.29278E-05
4.36876E+02 -9.59527E-04
4.37840E+02 -8.63045E-04
4.38805E+02 -3.83332E-04
4.39769E+02 7.56614E-04
4.40733E+02 3.23894E-03
4.41698E+02 1.26801E-02
4.42662E+02 6.53306E-03
4.43627E+02 -5.55278E-03
4.44591E+02 -4.65475E-03
4.45555E+02 -4.58212E-03
4.46520E+02 -4.24578E-03
4.47484E+02 -3.72311E-03
4.48449E+02 -3.35202E-03
4.49413E+02 -3.63185E-03
4.50377E+02 -3.16712E-03
4.51342E+02 -2.77736E-03
4.52306E+02 -3.38821E-03
4.53271E+02 -3.04862E-03
4.54235E+02 -2.38083E-03
4.55199E+02 -2.36994E-03
4.56164E+02 -3.18605E-03
4.57128E+02 -3.53268E-03
4.58093E+02 -2.92503E-03
4.59057E+02 -2.51614E-03
4.60022E+02 -2.40779E-03
4.60986E+02 -2.52004E-03
4.61950E+02 -2.14029E-03
4.62915E+02 -1.92436E-03
4.63879E+02 -2.12567E-03
4.64844E+02 -2.14883E-03
4.65808E+02 -1.86957E-03
4.66772E+02 -1.80089E-03
4.67737E+02 -1.80194E-03
4.68701E+02 -1.81054E-03
4.69666E+02 -1.93853E-03
4.70630E+02 -1.40849E-03
4.71594E+02 -1.38674E-03
4.72559E+02 -1.44885E-03
4.73523E+02 -1.65568E-03
4.74488E+02 -1.93219E-03
4.75452E+02 -1.45999E-03
4.76416E+02 -1.25542E-03
4.77381E+02 -6.13552E-04
4.78345E+02 -3.64285E-04
4.79310E+02 -5.20695E-04
4.80274E+02 -2.85715E-04
4.81238E+02 6.36652E-06
4.82203E+02 1.52700E-05
4.83167E+02 2.70195E-04
4.84132E+02 1.41662E-04
4.85096E+02 -4.65140E-05
4.86060E+02 5.84718E-04
4.87025E+02 8.15302E-04
4.87989E+02 9.89597E-04
4.88954E+02 1.20355E-03
4.89918E+02 1.39306E-03
4.90883E+02 1.56624E-03
4.91847E+02 1.79642E-03
4.92811E+02 2.11543E-03
4.93776E+02 2.40102E-03
4.94740E+02 2.65823E-03
4.95705E+02 2.85186E-03
4.96669E+02 2.88000E-03
4.97633E+02 3.41820E-03
4.98598E+02 3.55054E-03
4.99562E+02 3.24455E-03
5.00527E+02 3.52223E-03
5.01491E+02 3.88210E-03
5.02455E+02 4.16465E-03
5.03420E+02 4.36153E-03
5.04384E+02 4.46001E-03
5.05349E+02 4.26969E-03
5.06313E+02 4.60638E-03
5.07277E+02 5.26278E-03
5.08242E+02 5.57268E-03
5.09206E+02 5.83186E-03
5.10171E+02 5.99397E-03
5.11135E+02 6.29847E-03
5.12099E+02 6.61709E-03
5.13064E+02 6.55780E-03
5.14028E+02 6.60089E-03
5.14993E+02 6.99496E-03
5.15957E+02 7.09054E-03
5.16921E+02 7.32546E-03
5.17886E+02 7.46525E-03
5.18850E+02 8.48971E-03
5.19815E+02 9.90327E-03
5.20779E+02 9.11614E-03
5.21743E+02 8.47704E-03
5.22708E+02 8.56570E-03
5.23672E+02 8.66538E-03
5.24637E+02 8.88565E-03
5.25601E+02 9.02041E-03
5.26565E+02 9.22464E-03
5.27530E+02 9.49083E-03
5.28494E+02 9.70492E-03
5.29459E+02 9.86236E-03
5.30423E+02 1.01428E-02
5.31388E+02 1.03264E-02
5.32352E+02 1.05290E-02
5.33316E+02 1.06440E-02
5.34281E+02 1.06273E-02
5.35245E+02 1.06338E-02
5.36210E+02 1.07392E-02
5.37174E+02 1.11128E-02
5.38138E+02 1.13532E-02
5.39103E+02 1.15973E-02
5.40067E+02 1.18070E-02
5.41032E+02 1.17507E-02
5.41996E+02 1.18662E-02
5.42960E+02 1.20822E-02
5.43925E+02 1.23005E-02
5.44889E+02 1.24931E-02
5.45854E+02 1.26340E-02
5.46818E+02 1.29211E-02
5.47782E+02 1.33254E-02
5.48747E+02 1.34097E-02
5.49711E+02 1.34533E-02
5.50676E+02 1.37583E-02
5.51640E+02 1.39303E-02
5.52604E+02 1.39581E-02
5.53569E+02 1.40813E-02
5.54533E+02 1.41560E-02
5.55498E+02 1.43678E-02
5.56462E+02 1.46389E-02
5.57427E+02 1.47408E-02
5.58391E+02 1.48995E-02
5.59355E+02 1.51115E-02
5.60320E+02 1.53633E-02
5.61284E+02 1.57414E-02
5.62249E+02 1.58512E-02
5.63213E+02 1.58824E-02
5.64177E+02 1.62195E-02
5.65142E+02 1.63613E-02
5.66106E+02 1.64727E-02
5.67071E+02 1.67219E-02
5.68035E+02 1.69344E-02
5.68999E+02 1.70901E-02
5.69964E+02 1.73614E-02
5.70928E+02 1.76219E-02
5.71893E+02 1.77942E-02
5.72857E+02 1.79858E-02
5.73821E+02 1.82310E-02
5.74786E+02 1.84471E-02
5.75750E+02 1.85463E-02
5.76715E+02 1.88680E-02
5.77679E+02 1.91926E-02
5.78643E+02 1.94753E-02
5.79608E+02 1.97319E-02
5.80572E+02 1.98970E-02
5.81537E+02 2.01906E-02
5.82501E+02 2.02341E-02
5.83465E+02 2.03894E-02
5.84430E+02 2.09051E-02
5.85394E+02 2.12289E-02
5.86359E+02 2.15201E-02
5.87323E+02 2.18771E-02
5.88287E+02 2.21406E-02
5.89252E+02 2.24993E-02
5.90216E+02 2.28913E-02
5.91181E+02 2.32213E-02
5.92145E+02 2.35773E-02
5.93109E+02 2.38752E-02
5.94074E+02 2.42050E-02
5.95038E+02 2.45208E-02
5.96003E+02 2.47618E-02
5.96967E+02 2.53576E-02
5.97932E+02 2.60767E-02
5.98896E+02 2.64382E-02
5.99860E+02 2.67846E-02
6.00825E+02 2.71752E-02
6.01789E+02 2.75654E-02
6.02754E+02 2.81443E-02
6.03718E+02 2.86687E-02
6.04682E+02 2.90027E-02
6.05647E+02 2.95205E-02
6.06611E+02 3.00627E-02
6.07576E+02 3.05282E-02
6.08540E+02 3.10872E-02
6.09504E+02 3.17283E-02
6.10469E+02 3.24141E-02
6.11433E+02 3.30296E-02
6.12398E+02 3.36054E-02
6.13362E+02 3.42263E-02
6.14326E+02 3.48874E-02
6.15291E+02 3.56626E-02
6.16255E+02 3.64794E-02
6.17220E+02 3.74046E-02
6.18184E+02 3.82996E-02
6.19148E+02 3.91337E-02
6.20113E+02 4.01644E-02
6.21077E+02 4.12519E-02
6.22042E+02 4.23236E-02
6.23006E+02 4.34941E-02
6.23971E+02 4.47592E-02
6.24935E+02 4.61976E-02
6.25899E+02 4.77373E-02
6.26864E+02 4.93313E-02
6.27828E+02 5.10233E-02
6.28793E+02 5.29250E-02
6.29757E+02 5.49616E-02
6.30721E+02 5.71031E-02
6.31686E+02 5.95814E-02
6.32650E+02 6.21201E-02
6.33615E+02 6.48411E-02
6.34579E+02 6.79310E-02
6.35543E+02 7.15602E-02
6.36508E+02 7.59616E-02
6.37472E+02 8.11625E-02
6.38437E+02 8.72440E-02
6.39401E+02 9.28480E-02
6.40365E+02 9.81672E-02
6.41330E+02 1.04844E-01
6.42294E+02 1.12525E-01
6.43259E+02 1.20891E-01
6.44223E+02 1.30054E-01
6.45187E+02 1.39881E-01
6.46152E+02 1.50040E-01
6.47116E+02 1.60128E-01
6.48081E+02 1.70033E-01
6.49045E+02 1.79571E-01
6.50009E+02 1.89324E-01
6.50974E+02 2.00120E-01
6.51938E+02 2.14140E-01
6.52903E+02 2.34910E-01
6.53867E+02 2.65882E-01
6.54831E+02 2.96298E-01
6.55796E+02 2.98627E-01
6.56760E+02 2.82621E-01
6.57725E+02 2.72065E-01
6.58689E+02 2.71849E-01
6.59654E+02 2.77251E-01
6.60618E+02 2.68414E-01
6.61582E+02 2.46014E-01
6.62547E+02 2.23120E-01
6.63511E+02 2.01782E-01
6.64476E+02 1.82295E-01
6.65440E+02 1.64600E-01
6.66404E+02 1.48686E-01
6.67369E+02 1.34242E-01
6.68333E+02 1.20932E-01
6.69298E+02 1.08633E-01
6.70262E+02 9.71804E-02
6.71226E+02 8.67346E-02
6.72191E+02 7.66677E-02
6.73155E+02 6.62528E-02
6.74120E+02 5.61135E-02
6.75084E+02 4.74139E-02
6.76048E+02 4.08496E-02
6.77013E+02 3.64051E-02
6.77977E+02 3.39567E-02
6.78942E+02 3.30496E-02
6.79906E+02 3.28958E-02
6.80870E+02 3.29478E-02
6.81835E+02 3.31139E-02
6.82799E+02 3.34099E-02
6.83764E+02 3.37876E-02
6.84728E+02 3.41912E-02
6.85692E+02 3.46473E-02
6.86657E+02 3.50386E-02
6.87621E+02 3.54550E-02
6.88586E+02 3.59505E-02
6.89550E+02 3.63165E-02
6.90514E+02 3.67665E-02
6.91479E+02 3.72257E-02
6.92443E+02 3.76352E-02
6.93408E+02 3.80277E-02
6.94372E+02 3.82646E-02
6.95337E+02 3.90575E-02
6.96301E+02 3.99242E-02
6.97265E+02 4.02656E-02
6.98230E+02 4.07449E-02
6.99194E+02 4.10816E-02
7.00159E+02 4.14592E-02
7.01123E+02 4.17121E-02
7.02087E+02 4.21592E-02
7.03052E+02 4.31501E-02
7.04016E+02 4.37005E-02
7.04981E+02 4.41775E-02
7.05945E+02 4.49002E-02
7.06909E+02 4.51762E-02
7.07874E+02 4.57576E-02
7.08838E+02 4.65296E-02
7.09803E+02 4.65615E-02
7.10767E+02 4.68951E-02
7.11731E+02 4.74922E-02
7.12696E+02 4.79486E-02
7.13660E+02 4.84290E-02
7.14625E+02 4.89145E-02
7.15589E+02 4.94280E-02
7.16553E+02 4.99199E-02
7.17518E+02 5.04154E-02
7.18482E+02 5.09146E-02
7.19447E+02 5.13335E-02
7.20411E+02 5.17885E-02
7.21375E+02 5.23164E-02
7.22340E+02 5.27779E-02
7.23304E+02 5.32017E-02
7.24269E+02 5.36814E-02
7.25233E+02 5.42178E-02
7.26198E+02 5.45938E-02
7.27162E+02 5.49856E-02
7.28126E+02 5.55081E-02
7.29091E+02 5.59774E-02
7.30055E+02 5.64544E-02
7.31020E+02 5.69243E-02
7.31984E+02 5.72662E-02
7.32948E+02 5.76604E-02
7.33913E+02 5.81593E-02
7.34877E+02 5.85979E-02
7.35842E+02 5.89985E-02
7.36806E+02 5.95342E-02
7.37770E+02 5.99065E-02
7.38735E+02 6.01782E-02
7.39699E+02 6.06403E-02
7.40664E+02 6.10374E-02
7.41628E+02 6.14279E-02
7.42592E+02 6.18623E-02
7.43557E+02 6.22899E-02
7.44521E+02 6.27320E-02
7.45486E+02 6.30754E-02
7.46450E+02 6.34324E-02
7.47414E+02 6.38222E-02
7.48379E+02 6.42461E-02
7.49343E+02 6.47277E-02
7.50308E+02 6.52424E-02
7.51272E+02 6.53094E-02
7.52236E+02 6.53273E-02
7.53201E+02 6.58561E-02
7.54165E+02 6.62375E-02
7.55130E+02 6.65585E-02
7.56094E+02 6.69712E-02
7.57058E+02 6.72878E-02
7.58023E+02 6.75785E-02
7.58987E+02 6.79293E-02
7.59952E+02 6.82851E-02
7.60916E+02 6.86130E-02
7.61880E+02 6.89321E-02
7.62845E+02 6.92107E-02
7.63809E+02 6.94761E-02
7.64774E+02 6.97433E-02
7.65738E+02 6.99550E-02
7.66703E+02 7.02290E-02
7.67667E+02 7.05082E-02
7.68631E+02 7.07859E-02
7.69596E+02 7.09871E-02
7.70560E+02 7.12079E-02
7.71525E+02 7.14770E-02
7.72489E+02 7.16807E-02
7.73453E+02 7.19172E-02
7.74418E+02 7.21290E-02
7.75382E+02 7.23104E-02
7.76347E+02 7.24704E-02
7.77311E+02 7.26529E-02
7.78275E+02 7.28911E-02
7.79240E+02 7.30925E-02
7.80204E+02 7.32162E-02
7.81169E+02 7.33529E-02
7.82133E+02 7.35555E-02
7.83097E+02 7.36818E-02
7.84062E+02 7.38800E-02
7.85026E+02 7.39947E-02
7.85991E+02 7.39653E-02
7.86955E+02 7.42106E-02
7.87919E+02 7.44470E-02
7.88884E+02 7.45842E-02
7.89848E+02 7.46975E-02
7.90813E+02 7.47490E-02
7.91777E+02 7.48408E-02
7.92742E+02 7.49164E-02
7.93706E+02 7.50075E-02
7.94670E+02 7.51271E-02
7.95635E+02 7.52046E-02
7.96599E+02 7.52795E-02
7.97564E+02 7.53038E-02
7.98528E+02 7.53342E-02
7.99492E+02 7.53411E-02
8.00457E+02 7.53759E-02
8.01421E+02 7.54326E-02
8.02386E+02 7.53565E-02
8.03350E+02 7.53508E-02
8.04314E+02 7.53700E-02
8.05279E+02 7.52639E-02
8.06243E+02 7.51782E-02
8.07208E+02 7.52150E-02
8.08172E+02 7.52772E-02
8.09136E+02 7.51572E-02
8.10101E+02 7.50515E-02
8.11065E+02 7.50181E-02
8.12030E+02 7.49153E-02
8.12994E+02 7.48005E-02
8.13958E+02 7.47055E-02
8.14923E+02 7.46059E-02
8.15887E+02 7.45239E-02
8.16852E+02 7.43968E-02
8.17816E+02 7.42132E-02
8.18780E+02 7.40502E-02
8.19745E+02 7.39527E-02
8.20709E+02 7.37600E-02
8.21674E+02 7.35740E-02
8.22638E+02 7.35088E-02
8.23602E+02 7.33326E-02
8.24567E+02 7.30608E-02
8.25531E+02 7.28771E-02
8.26496E+02 7.27184E-02
8.27460E+02 7.25140E-02
8.28424E+02 7.23685E-02
8.29389E+02 7.20305E-02
8.30353E+02 7.16886E-02
8.31318E+02 7.14415E-02
8.32282E+02 7.11925E-02
8.33247E+02 7.09419E-02
8.34211E+02 7.06200E-02
8.35175E+02 7.03227E-02
8.36140E+02 6.99659E-02
8.37104E+02 6.96768E-02
8.38069E+02 6.94072E-02
8.39033E+02 6.90415E-02
8.39997E+02 6.86924E-02
8.40962E+02 6.83649E-02
8.41926E+02 6.79662E-02
8.42891E+02 6.75913E-02
8.43855E+02 6.72634E-02
8.44819E+02 6.68698E-02
8.45784E+02 6.64657E-02
8.46748E+02 6.60992E-02
8.47713E+02 6.56496E-02
8.48677E+02 6.52539E-02
8.49641E+02 6.48637E-02
8.50606E+02 6.44053E-02
8.51570E+02 6.39429E-02
8.52535E+02 6.35035E-02
8.53499E+02 6.31040E-02
8.54463E+02 6.27238E-02
8.55428E+02 6.24007E-02
8.56392E+02 6.21087E-02
8.57357E+02 6.16445E-02
8.58321E+02 6.09976E-02
8.59286E+02 6.04774E-02
8.60250E+02 6.02757E-02
8.61214E+02 6.02066E-02
8.62179E+02 5.94940E-02
8.63143E+02 5.83662E-02
8.64108E+02 5.79204E-02
8.65072E+02 5.75915E-02
8.66036E+02 5.69421E-02
8.67001E+02 5.64560E-02
8.67965E+02 5.58492E-02
8.68930E+02 5.54191E-02
8.69894E+02 5.51015E-02
8.70858E+02 5.45740E-02
8.71823E+02 5.39240E-02
8.72787E+02 5.33028E-02
8.73752E+02 5.27714E-02
8.74716E+02 5.21999E-02
8.75680E+02 5.15403E-02
8.76645E+02 5.10210E-02
8.77609E+02 5.04836E-02
8.78574E+02 4.98474E-02
8.79538E+02 4.92877E-02
8.80502E+02 4.86973E-02
8.81467E+02 4.82275E-02
8.82431E+02 4.77212E-02
8.83396E+02 4.70688E-02
8.84360E+02 4.65348E-02
8.85324E+02 4.59489E-02
8.86289E+02 4.52808E-02
8.87253E+02 4.46711E-02
8.88218E+02 4.40758E-02
8.89182E+02 4.34626E-02
8.90146E+02 4.28162E-02
8.91111E+02 4.21401E-02
8.92075E+02 4.14985E-02
8.93040E+02 4.09807E-02
8.94004E+02 4.03864E-02
8.94969E+02 3.98185E-02
8.95933E+02 3.92613E-02
8.96897E+02 3.86412E-02
8.97862E+02 3.79871E-02
8.98826E+02 3.72644E-02
8.99791E+02 3.66097E-02
9.00755E+02 3.60556E-02
9.01719E+02 3.54716E-02
9.02684E+02 3.48042E-02
9.03648E+02 3.42132E-02
9.04613E+02 3.36668E-02
9.05577E+02 3.31272E-02
9.06541E+02 3.25668E-02
9.07506E+02 3.18825E-02
9.08470E+02 3.12120E-02
9.09435E+02 3.05983E-02
9.10399E+02 2.99655E-02
9.11363E+02 2.93522E-02
9.12328E+02 2.88348E-02
9.13292E+02 2.81640E-02
9.14257E+02 2.74726E-02
9.15221E+02 2.69251E-02
9.16185E+02 2.63541E-02
9.17150E+02 2.57867E-02
9.18114E+02 2.52573E-02
9.19079E+02 2.46739E-02
9.20043E+02 2.38911E-02
9.21007E+02 2.32362E-02
9.21972E+02 2.26435E-02
9.22936E+02 2.20684E-02
9.23901E+02 2.15109E-02
9.24865E+02 2.08905E-02
9.25829E+02 2.03245E-02
9.26794E+02 1.96816E-02
9.27758E+02 1.91056E-02
9.28723E+02 1.86037E-02
9.29687E+02 1.80385E-02
9.30651E+02 1.74333E-02
9.31616E+02 1.68483E-02
9.32580E+02 1.63059E-02
9.33545E+02 1.57930E-02
9.34509E+02 1.52757E-02
9.35474E+02 1.47417E-02
9.36438E+02 1.41514E-02
9.37402E+02 1.35715E-02
9.38367E+02 1.30580E-02
9.39331E+02 1.25354E-02
9.40296E+02 1.20584E-02
9.41260E+02 1.15179E-02
9.42224E+02 1.09605E-02
9.43189E+02 1.04137E-02
9.44153E+02 9.83248E-03
9.45118E+02 9.38808E-03
9.46082E+02 8.88174E-03
9.47046E+02 8.43537E-03
9.48011E+02 7.91312E-03
9.48975E+02 7.27525E-03
9.49940E+02 6.83669E-03
9.50904E+02 6.38107E-03
9.51868E+02 5.91015E-03
9.52833E+02 5.46746E-03
9.53797E+02 5.04940E-03
9.54762E+02 4.65674E-03
9.55726E+02 4.17499E-03
9.56690E+02 3.71699E-03
9.57655E+02 3.31251E-03
9.58619E+02 2.87053E-03
9.59584E+02 2.45792E-03
9.60548E+02 2.07880E-03
9.61513E+02 1.59991E-03
9.62477E+02 1.18038E-03
9.63441E+02 8.79019E-04
9.64406E+02 5.38535E-04
9.65370E+02 1.51381E-04
9.66335E+02 -2.56654E-04
9.67299E+02 -5.76880E-04
9.68263E+02 -9.04817E-04
9.69228E+02 -1.27998E-03
9.70192E+02 -1.58068E-03
9.71157E+02 -1.85315E-03
9.72121E+02 -2.16084E-03
9.73085E+02 -2.47352E-03
9.74050E+02 -2.76060E-03
9.75014E+02 -3.01644E-03
9.75979E+02 -3.23239E-03
9.76943E+02 -3.47977E-03
9.77907E+02 -3.70614E-03
9.78872E+02 -3.90273E-03
9.79836E+02 -4.06956E-03
9.80801E+02 -4.24686E-03
9.81765E+02 -4.37946E-03
9.82729E+02 -4.44428E-03
9.83694E+02 -4.74235E-03
9.84658E+02 -4.90918E-03
9.85623E+02 -4.92873E-03
9.86587E+02 -5.01455E-03
9.87551E+02 -5.04117E-03
9.88516E+02 -5.04751E-03
9.89480E+02 -5.00122E-03
9.90445E+02 -4.93028E-03
9.91409E+02 -4.85684E-03
9.92373E+02 -4.71906E-03
9.93338E+02 -4.45273E-03
9.94302E+02 -4.06612E-03
9.95267E+02 -3.48224E-03
9.96231E+02 -2.70845E-03
9.97195E+02 -1.60044E-03
9.98160E+02 -3.75062E-05
9.99124E+02 1.98740E-03
1.00009E+03 4.57268E-03
1.00105E+03 7.81628E-03
1.00202E+03 1.18154E-02
1.00298E+03 1.65475E-02
1.00395E+03 2.19933E-02
1.00491E+03 2.81106E-02
1.00588E+03 3.47249E-02
1.00684E+03 4.16399E-02
1.00780E+03 4.86645E-02
1.00877E+03 5.55989E-02
1.00973E+03 6.22208E-02
1.01070E+03 6.83153E-02
1.01166E+03 7.37653E-02
1.01263E+03 7.84409E-02
1.01359E+03 8.22214E-02
1.01455E+03 8.50897E-02
1.01552E+03 8.70156E-02
1.01648E+03 8.79344E-02
1.01745E+03 8.80033E-02
1.01841E+03 8.71443E-02
1.01938E+03 8.55031E-02
1.02034E+03 8.33106E-02
1.02131E+03 8.05158E-02
1.02227E+03 7.74399E-02
1.02323E+03 7.41844E-02
1.02420E+03 7.08334E-02
1.02516E+03 6.72934E-02
1.02613E+03 6.35664E-02
1.02709E+03 6.00818E-02
1.02806E+03 5.67091E-02
1.02902E+03 5.33106E-02
1.02999E+03 4.99772E-02
1.03095E+03 4.66608E-02
1.03191E+03 4.32526E-02
1.03288E+03 3.97555E-02
1.03384E+03 3.61757E-02
1.03481E+03 3.24308E-02
1.03577E+03 2.86851E-02
1.03674E+03 2.49107E-02
1.03770E+03 2.11166E-02
1.03866E+03 1.71139E-02
1.03963E+03 1.33713E-02
1.04059E+03 1.02131E-02
1.04156E+03 7.15005E-03
1.04252E+03 4.33481E-03
1.04349E+03 1.84846E-03
1.04445E+03 -2.91575E-04
1.04542E+03 -2.13620E-03
1.04638E+03 -3.65588E-03
1.04734E+03 -4.78849E-03
1.04831E+03 -5.79071E-03
1.04927E+03 -6.61305E-03
1.05024E+03 -7.28139E-03
1.05120E+03 -7.78257E-03
1.05217E+03 -8.48472E-03
1.05313E+03 -9.03698E-03
1.05410E+03 -8.98569E-03
1.05506E+03 -9.10372E-03
1.05602E+03 -9.31219E-03
1.05699E+03 -9.44130E-03
1.05795E+03 -9.64977E-03
1.05892E+03 -9.72999E-03
1.05988E+03 -1.02380E-02
1.06085E+03 -1.07138E-02
1.06181E+03 -1.03600E-02
1.06278E+03 -1.02546E-02
1.06374E+03 -1.03659E-02
1.06470E+03 -1.04372E-02
1.06567E+03 -1.04919E-02
1.06663E+03 -1.05666E-02
1.06760E+03 -1.07361E-02
1.06856E+03 -1.07611E-02
1.06953E+03 -1.07588E-02
1.07049E+03 -1.08284E-02
1.07145E+03 -1.08429E-02
1.07242E+03 -1.08800E-02
1.07338E+03 -1.09572E-02
1.07435E+03 -1.10865E-02
1.07531E+03 -1.11828E-02
1.07628E+03 -1.11602E-02
1.07724E+03 -1.11627E-02
1.07821E+03 -1.12030E-02
1.07917E+03 -1.12734E-02
1.08013E+03 -1.13690E-02
1.08110E+03 -1.14538E-02
1.08206E+03 -1.14413E-02
1.08303E+03 -1.14496E-02
1.08399E+03 -1.14755E-02
1.08496E+03 -1.14626E-02
1.08592E+03 -1.15028E-02
1.08689E+03 -1.14989E-02
1.08785E+03 -1.14434E-02
1.08881E+03 -1.14859E-02
1.08978E+03 -1.14927E-02
1.09074E+03 -1.14634E-02
1.09171E+03 -1.14633E-02
1.09267E+03 -1.14688E-02
1.09364E+03 -1.14943E-02
1.09460E+03 -1.14569E-02
1.09556E+03 -1.12974E-02
1.09653E+03 -1.12035E-02
1.09749E+03 -1.12061E-02
1.09846E+03 -1.11750E-02
1.09942E+03 -1.10453E-02
1.10039E+03 -1.09182E-02
1.10135E+03 -1.07917E-02
1.10232E+03 -1.06853E-02
1.10328E+03 -1.05277E-02
1.10424E+03 -1.01732E-02
1.10521E+03 -9.79958E-03
1.10617E+03 -9.42162E-03
1.10714E+03 -8.97144E-03
1.10810E+03 -8.42420E-03
1.10907E+03 -7.82113E-03
1.11003E+03 -7.20244E-03
1.11100E+03 -6.50558E-03
1.11196E+03 -5.72164E-03
1.11292E+03 -4.88566E-03
1.11389E+03 -4.03149E-03
1.11485E+03 -3.15376E-03
1.11582E+03 -2.37624E-03
1.11678E+03 -1.47161E-03
1.11775E+03 -4.62268E-04
1.11871E+03 2.73045E-04
1.11968E+03 9.13039E-04
1.12064E+03 1.52371E-03
1.12160E+03 2.02597E-03
1.12257E+03 2.38150E-03
1.12353E+03 2.62022E-03
1.12450E+03 2.73183E-03
1.12546E+03 2.64294E-03
1.12643E+03 2.42424E-03
1.12739E+03 2.09704E-03
1.12835E+03 1.61745E-03
1.12932E+03 9.76853E-04
1.13028E+03 1.56946E-04
1.13125E+03 -6.86217E-04
1.13221E+03 -1.57183E-03
1.13318E+03 -2.59194E-03
1.13414E+03 -3.58772E-03
1.13511E+03 -4.57028E-03
1.13607E+03 -5.53032E-03
1.13703E+03 -6.51648E-03
1.13800E+03 -7.35176E-03
1.13896E+03 -8.04132E-03
1.13993E+03 -8.76143E-03
1.14089E+03 -9.36223E-03
1.14186E+03 -9.90007E-03
1.14282E+03 -1.03959E-02
1.14379E+03 -1.07869E-02
1.14475E+03 -1.11051E-02
1.14571E+03 -1.13188E-02
1.14668E+03 -1.14913E-02
1.14764E+03 -1.16469E-02
1.14861E+03 -1.17696E-02
1.14957E+03 -1.18694E-02
1.15054E+03 -1.19454E-02
1.15150E+03 -1.20128E-02
1.15246E+03 -1.20538E-02
1.15343E+03 -1.20302E-02
1.15439E+03 -1.19721E-02
1.15536E+03 -1.19295E-02
1.15632E+03 -1.18662E-02
1.15729E+03 -1.17706E-02
1.15825E+03 -1.16872E-02
1.15922E+03 -1.16446E-02
1.16018E+03 -1.16066E-02
1.16114E+03 -1.15782E-02
1.16211E+03 -1.15995E-02
1.16307E+03 -1.16607E-02
1.16404E+03 -1.17631E-02
1.16500E+03 -1.18879E-02
1.16597E+03 -1.20132E-02
1.16693E+03 -1.21555E-02
1.16790E+03 -1.22703E-02
1.16886E+03 -1.23578E-02
1.16982E+03 -1.24380E-02
1.17079E+03 -1.25102E-02
1.17175E+03 -1.25346E-02
1.17272E+03 -1.25467E-02
1.17368E+03 -1.26281E-02
1.17465E+03 -1.26731E-02
1.17561E+03 -1.26924E-02
1.17657E+03 -1.27110E-02
1.17754E+03 -1.27227E-02
1.17850E+03 -1.27373E-02
1.17947E+03 -1.27453E-02
1.18043E+03 -1.27231E-02
1.18140E+03 -1.27041E-02
1.18236E+03 -1.27257E-02
1.18333E+03 -1.27333E-02
1.18429E+03 -1.27433E-02
1.18525E+03 -1.27540E-02
1.18622E+03 -1.27950E-02
1.18718E+03 -1.28443E-02
1.18815E+03 -1.28216E-02
1.18911E+03 -1.27931E-02
1.19008E+03 -1.28361E-02
1.19104E+03 -1.28708E-02
1.19201E+03 -1.28823E-02
1.19297E+03 -1.28978E-02
1.19393E+03 -1.28585E-02
1.19490E+03 -1.28385E-02
1.19586E+03 -1.28256E-02
1.19683E+03 -1.28267E-02
1.19779E+03 -1.28385E-02
1.19876E+03 -1.28214E-02
1.19972E+03 -1.28021E-02
1.20069E+03 -1.27987E-02
1.20165E+03 -1.28143E-02
1.20261E+03 -1.28236E-02
1.20358E+03 -1.28119E-02
1.20454E+03 -1.28177E-02
1.20551E+03 -1.28030E-02
1.20647E+03 -1.27903E-02
1.20744E+03 -1.27962E-02
1.20840E+03 -1.27948E-02
1.20936E+03 -1.27901E-02
1.21033E+03 -1.27732E-02
1.21129E+03 -1.27497E-02
1.21226E+03 -1.27494E-02
1.21322E+03 -1.27742E-02
1.21419E+03 -1.27941E-02
1.21515E+03 -1.27303E-02
1.21612E+03 -1.27037E-02
1.21708E+03 -1.27054E-02
1.21804E+03 -1.27203E-02
1.21901E+03 -1.27230E-02
1.21997E+03 -1.27035E-02
1.22094E+03 -1.26879E-02
1.22190E+03 -1.26642E-02
1.22287E+03 -1.26455E-02
1.22383E+03 -1.26304E-02
1.22480E+03 -1.25783E-02
1.22576E+03 -1.25662E-02
1.22672E+03 -1.25238E-02
1.22769E+03 -1.24936E-02
1.22865E+03 -1.24069E-02
1.22962E+03 -1.24319E-02
1.23058E+03 -1.24185E-02
1.23155E+03 -1.26326E-02
1.23251E+03 -1.26745E-02
1.23347E+03 -1.46600E-02
1.23444E+03 -1.61081E-02
1.23540E+03 -1.32433E-02
1.23637E+03 -1.19393E-02
1.23733E+03 -1.21325E-02
1.23830E+03 -1.20621E-02
1.23926E+03 -1.21596E-02
1.24023E+03 -1.21911E-02
1.24119E+03 -1.23864E-02
1.24215E+03 -1.23958E-02
1.24312E+03 -1.23482E-02
1.24408E+03 -1.23259E-02
1.24505E+03 -1.22887E-02
1.24601E+03 -1.22337E-02
1.24698E+03 -1.22590E-02
1.24794E+03 -1.22824E-02
1.24891E+03 -1.22499E-02
1.24987E+03 -1.22075E-02
1.25083E+03 -1.22593E-02
1.25180E+03 -1.22883E-02
1.25276E+03 -1.22710E-02
1.25373E+03 -1.22620E-02
1.25469E+03 -1.22235E-02
1.25566E+03 -1.21585E-02
1.25662E+03 -1.21632E-02
1.25759E+03 -1.21511E-02
1.25855E+03 -1.21215E-02
1.25951E+03 -1.21369E-02
1.26048E+03 -1.21126E-02
1.26144E+03 -1.20592E-02
1.26241E+03 -1.20463E-02
1.26337E+03 -1.20311E-02
1.26434E+03 -1.19921E-02
1.26530E+03 -1.19715E-02
1.26626E+03 -1.19652E-02
1.26723E+03 -1.19574E-02
1.26819E+03 -1.19532E-02
1.26916E+03 -1.19083E-02
1.27012E+03 -1.18752E-02
1.27109E+03 -1.18649E-02
1.27205E+03 -1.18172E-02
1.27302E+03 -1.17701E-02
1.27398E+03 -1.17516E-02
1.27494E+03 -1.17048E-02
1.27591E+03 -1.15914E-02
1.27687E+03 -1.14880E-02
1.27784E+03 -1.15532E-02
1.27880E+03 -1.16609E-02
1.27977E+03 -1.16819E-02
1.28073E+03 -1.16630E-02
1.28170E+03 -1.16503E-02
1.28266E+03 -1.16319E-02
1.28362E+03 -1.16260E-02
1.28459E+03 -1.15869E-02
1.28555E+03 -1.15305E-02
1.28652E+03 -1.15331E-02
1.28748E+03 -1.15035E-02
1.28845E+03 -1.14719E-02
1.28941E+03 -1.14610E-02
1.29037E+03 -1.14453E-02
1.29134E+03 -1.14404E-02
1.29230E+03 -1.13665E-02
1.29327E+03 -1.13189E-02
1.29423E+03 -1.13241E-02
1.29520E+03 -1.13047E-02
1.29616E+03 -1.12597E-02
1.29713E+03 -1.12192E-02
1.29809E+03 -1.11898E-02
1.29905E+03 -1.11688E-02
1.30002E+03 -1.11528E-02
1.30098E+03 -1.11350E-02
1.30195E+03 -1.11157E-02
1.30291E+03 -1.10853E-02
1.30388E+03 -1.10892E-02
1.30484E+03 -1.10914E-02
1.30581E+03 -1.10823E-02
1.30677E+03 -1.09909E-02
1.30773E+03 -1.08846E-02
1.30870E+03 -1.08409E-02
1.30966E+03 -1.08008E-02
1.31063E+03 -1.07528E-02
1.31159E+03 -1.07127E-02
1.31256E+03 -1.06808E-02
1.31352E+03 -1.06338E-02
1.31448E+03 -1.05979E-02
1.31545E+03 -1.05401E-02
1.31641E+03 -1.05157E-02
1.31738E+03 -1.05178E-02
1.31834E+03 -1.05038E-02
1.31931E+03 -1.04806E-02
1.32027E+03 -1.04241E-02
1.32124E+03 -1.03625E-02
1.32220E+03 -1.03372E-02
1.32316E+03 -1.03284E-02
1.32413E+03 -1.03262E-02
1.32509E+03 -1.03031E-02
1.32606E+03 -1.02641E-02
1.32702E+03 -1.02594E-02
1.32799E+03 -1.02534E-02
1.32895E+03 -1.02101E-02
1.32992E+03 -1.01441E-02
1.33088E+03 -1.01180E-02
1.33184E+03 -1.01164E-02
1.33281E+03 -1.00953E-02
1.33377E+03 -1.00560E-02
1.33474E+03 -1.00152E-02
1.33570E+03 -1.00182E-02
1.33667E+03 -1.00123E-02
1.33763E+03 -9.98835E-03
1.33860E+03 -1.00524E-02
1.33956E+03 -1.01650E-02
1.34052E+03 -1.02322E-02
1.34149E+03 -1.01897E-02
1.34245E+03 -1.01045E-02
1.34342E+03 -1.01820E-02
1.34438E+03 -1.00457E-02
1.34535E+03 -9.68565E-03
1.34631E+03 -9.58133E-03
1.34727E+03 -9.60282E-03
1.34824E+03 -9.69975E-03
1.34920E+03 -9.98166E-03
1.35017E+03 -1.01494E-02
1.35113E+03 -9.78852E-03
1.35210E+03 -9.34909E-03
1.35306E+03 -9.39055E-03
1.35403E+03 -9.57533E-03
1.35499E+03 -9.58427E-03
1.35595E+03 -9.41772E-03
1.35692E+03 -9.23612E-03
1.35788E+03 -9.11244E-03
1.35885E+03 -8.95149E-03
1.35981E+03 -8.79378E-03
1.36078E+03 -8.60070E-03
1.36174E+03 -8.36358E-03
1.36271E+03 -8.20428E-03
1.36367E+03 -8.14304E-03
1.36463E+03 -8.12920E-03
1.36560E+03 -8.10276E-03
1.36656E+03 -8.02599E-03
1.36753E+03 -7.94611E-03
1.36849E+03 -7.86490E-03
1.36946E+03 -7.76579E-03
1.37042E+03 -7.67195E-03
1.37138E+03 -7.57585E-03
1.37235E+03 -7.44976E-03
1.37331E+03 -7.30924E-03
1.37428E+03 -7.16075E-03
1.37524E+03 -6.98671E-03
1.37621E+03 -6.81558E-03
1.37717E+03 -6.62806E-03
1.37814E+03 -6.45030E-03
1.37910E+03 -6.23950E-03
1.38006E+03 -5.92675E-03
1.38103E+03 -5.63616E-03
1.38199E+03 -5.44984E-03
1.38296E+03 -5.41694E-03
1.38392E+03 -5.55154E-03
1.38489E+03 -5.75151E-03
1.38585E+03 -5.81887E-03
1.38682E+03 -5.72893E-03
1.38778E+03 -5.56801E-03
1.38874E+03 -5.37073E-03
1.38971E+03 -5.14666E-03
1.39067E+03 -4.87641E-03
1.39164E+03 -4.60416E-03
1.39260E+03 -4.32821E-03
1.39357E+03 -3.99838E-03
1.39453E+03 -3.65943E-03
1.39550E+03 -3.33563E-03
1.39646E+03 -2.98519E-03
1.39742E+03 -2.61766E-03
1.39839E+03 -2.21237E-03
1.39935E+03 -1.79870E-03
1.40032E+03 -1.35655E-03
1.40128E+03 -9.19912E-04
1.40225E+03 -4.93161E-04
1.40321E+03 -5.22807E-05
1.40417E+03 3.65946E-04
1.40514E+03 8.04134E-04
1.40610E+03 1.25265E-03
1.40707E+03 1.71242E-03
1.40803E+03 2.20785E-03
1.40900E+03 2.67747E-03
1.40996E+03 3.09057E-03
1.41093E+03 3.50311E-03
1.41189E+03 3.86126E-03
1.41285E+03 4.20735E-03
1.41382E+03 4.61149E-03
1.41478E+03 5.00827E-03
1.41575E+03 5.44642E-03
1.41671E+03 5.87517E-03
1.41768E+03 6.22443E-03
1.41864E+03 6.54666E-03
1.41961E+03 6.83068E-03
1.42057E+03 6.98384E-03
1.42153E+03 7.11219E-03
1.42250E+03 7.26845E-03
1.42346E+03 7.46858E-03
1.42443E+03 7.59001E-03
1.42539E+03 7.60656E-03
1.42636E+03 7.62631E-03
1.42732E+03 7.58063E-03
1.42828E+03 7.49454E-03
1.42925E+03 7.35630E-03
1.43021E+03 7.15505E-03
1.43118E+03 6.90180E-03
1.43214E+03 6.60373E-03
1.43311E+03 6.28193E-03
1.43407E+03 5.93306E-03
1.43504E+03 5.53202E-03
1.43600E+03 5.14896E-03
1.43696E+03 4.71139E-03
1.43793E+03 4.18139E-03
1.43889E+03 3.76225E-03
1.43986E+03 3.44001E-03
1.44082E+03 3.20633E-03
1.44179E+03 3.23559E-03
1.44275E+03 3.56530E-03
1.44372E+03 4.18474E-03
1.44468E+03 5.05022E-03
1.44564E+03 6.07342E-03
1.44661E+03 7.10700E-03
1.44757E+03 8.03477E-03
1.44854E+03 8.74893E-03
1.44950E+03 9.19515E-03
1.45047E+03 9.38996E-03
1.45143E+03 9.32310E-03
1.45240E+03 8.98336E-03
1.45336E+03 8.46307E-03
1.45432E+03 7.94227E-03
1.45529E+03 7.42023E-03
1.45625E+03 7.07318E-03
1.45722E+03 7.00427E-03
1.45818E+03 7.19054E-03
1.45915E+03 7.68042E-03
1.46011E+03 8.45182E-03
1.46107E+03 9.33988E-03
1.46204E+03 1.00902E-02
1.46300E+03 1.05588E-02
1.46397E+03 1.06990E-02
1.46493E+03 1.05154E-02
1.46590E+03 9.96708E-03
1.46686E+03 9.19802E-03
1.46783E+03 8.39772E-03
1.46879E+03 7.70270E-03
1.46975E+03 7.27223E-03
1.47072E+03 7.26179E-03
1.47168E+03 7.75591E-03
1.47265E+03 8.68476E-03
1.47361E+03 9.88248E-03
1.47458E+03 1.10808E-02
1.47554E+03 1.20951E-02
1.47651E+03 1.28134E-02
1.47747E+03 1.30886E-02
1.47843E+03 1.28917E-02
1.47940E+03 1.23029E-02
1.48036E+03 1.14402E-02
1.48133E+03 1.03123E-02
1.48229E+03 9.03437E-03
1.48326E+03 7.75689E-03
1.48422E+03 6.45413E-03
1.48518E+03 5.16807E-03
1.48615E+03 3.98025E-03
1.48711E+03 2.91811E-03
1.48808E+03 1.94481E-03
1.48904E+03 1.10669E-03
1.49001E+03 4.27064E-04
1.49097E+03 -1.85926E-04
1.49194E+03 -7.05361E-04
1.49290E+03 -1.14830E-03
1.49386E+03 -1.53660E-03
1.49483E+03 -1.82901E-03
1.49579E+03 -2.04984E-03
1.49676E+03 -2.28002E-03
1.49772E+03 -2.51742E-03
1.49869E+03 -2.67000E-03
1.49965E+03 -2.79981E-03
1.50062E+03 -2.93224E-03
1.50158E+03 -3.02778E-03
1.50254E+03 -3.11287E-03
1.50351E+03 -3.15555E-03
1.50447E+03 -3.19044E-03
1.50544E+03 -3.20671E-03
1.50640E+03 -3.20247E-03
1.50737E+03 -3.24796E-03
1.50833E+03 -3.31137E-03
1.50929E+03 -3.34455E-03
1.51026E+03 -3.36688E-03
1.51122E+03 -3.40888E-03
1.51219E+03 -3.41063E-03
1.51315E+03 -3.37861E-03
1.51412E+03 -3.39202E-03
1.51508E+03 -3.40102E-03
1.51605E+03 -3.36564E-03
1.51701E+03 -3.30362E-03
1.51797E+03 -3.29221E-03
1.51894E+03 -3.30510E-03
1.51990E+03 -3.27952E-03
1.52087E+03 -3.23337E-03
1.52183E+03 -3.20022E-03
1.52280E+03 -3.19567E-03
1.52376E+03 -3.17661E-03
1.52473E+03 -3.14812E-03
1.52569E+03 -3.09939E-03
1.52665E+03 -3.06556E-03
1.52762E+03 -3.04373E-03
1.52858E+03 -3.02828E-03
1.52955E+03 -3.03010E-03
1.53051E+03 -3.00793E-03
1.53148E+03 -2.95030E-03
1.53244E+03 -2.89959E-03
1.53341E+03 -2.84058E-03
1.53437E+03 -2.81410E-03
1.53533E+03 -2.82732E-03
1.53630E+03 -2.79978E-03
1.53726E+03 -2.74562E-03
1.53823E+03 -2.68047E-03
1.53919E+03 -2.59736E-03
1.54016E+03 -2.56013E-03
1.54112E+03 -2.55693E-03
1.54208E+03 -2.53736E-03
1.54305E+03 -2.54422E-03
1.54401E+03 -2.51495E-03
1.54498E+03 -2.47664E-03
1.54594E+03 -2.46428E-03
1.54691E+03 -2.44709E-03
1.54787E+03 -2.39808E-03
1.54884E+03 -2.34328E-03
1.54980E+03 -2.31048E-03
1.55076E+03 -2.28842E-03
1.55173E+03 -2.25108E-03
1.55269E+03 -2.22420E-03
1.55366E+03 -2.17796E-03
1.55462E+03 -2.10485E-03
1.55559E+03 -2.08781E-03
1.55655E+03 -2.04292E-03
1.55752E+03 -1.96255E-03
1.55848E+03 -1.91329E-03
1.55944E+03 -1.88463E-03
1.56041E+03 -1.82893E-03
1.56137E+03 -1.84278E-03
1.56234E+03 -1.86862E-03
1.56330E+03 -1.84039E-03
1.56427E+03 -1.81857E-03
1.56523E+03 -1.78491E-03
1.56619E+03 -1.76097E-03
1.56716E+03 -1.71517E-03
1.56812E+03 -1.65486E-03
1.56909E+03 -1.57888E-03
1.57005E+03 -1.52948E-03
1.57102E+03 -1.52310E-03
1.57198E+03 -1.48891E-03
1.57295E+03 -1.43668E-03
1.57391E+03 -1.41447E-03
1.57487E+03 -1.38523E-03
1.57584E+03 -1.26334E-03
1.57680E+03 -1.24730E-03
1.57777E+03 -1.27874E-03
1.57873E+03 -1.23535E-03
1.57970E+03 -1.20649E-03
1.58066E+03 -1.15252E-03
1.58163E+03 -1.09848E-03
1.58259E+03 -1.04972E-03
1.58355E+03 -9.97704E-04
1.58452E+03 -9.66087E-04
1.58548E+03 -9.23380E-04
1.58645E+03 -8.63113E-04
1.58741E+03 -8.18700E-04
1.58838E+03 -7.67890E-04
1.58934E+03 -7.21268E-04
1.59031E+03 -6.69599E-04
1.59127E+03 -6.10933E-04
1.59223E+03 -5.52636E-04
1.59320E+03 -4.99643E-04
1.59416E+03 -4.22832E-04
1.59513E+03 -3.51258E-04
1.59609E+03 -3.02892E-04
1.59706E+03 -2.12416E-04
1.59802E+03 -1.07221E-04
1.59898E+03 -1.77249E-05
1.59995E+03 5.13755E-05
1.60091E+03 1.04129E-04
1.60188E+03 1.89200E-04
1.60284E+03 2.82563E-04
1.60381E+03 3.79503E-04
1.60477E+03 5.10167E-04
1.60574E+03 6.45615E-04
1.60670E+03 7.69738E-04
1.60766E+03 8.65795E-04
1.60863E+03 9.82024E-04
1.60959E+03 1.13155E-03
1.61056E+03 1.27188E-03
1.61152E+03 1.39652E-03
1.61249E+03 1.55620E-03
1.61345E+03 1.74967E-03
1.61442E+03 1.95239E-03
1.61538E+03 2.15877E-03
1.61634E+03 2.40201E-03
1.61731E+03 2.62366E-03
1.61827E+03 2.79338E-03
1.61924E+03 3.00932E-03
1.62020E+03 3.25991E-03
1.62117E+03 3.51638E-03
1.62213E+03 3.78168E-03
1.62309E+03 4.08898E-03
1.62406E+03 4.39724E-03
1.62502E+03 4.69365E-03
1.62599E+03 5.02159E-03
1.62695E+03 5.37244E-03
1.62792E+03 5.73699E-03
1.62888E+03 6.10347E-03
1.62985E+03 6.46617E-03
1.63081E+03 6.85072E-03
1.63177E+03 7.26790E-03
1.63274E+03 7.69848E-03
1.63370E+03 8.07326E-03
1.63467E+03 8.46502E-03
1.63563E+03 8.90878E-03
1.63660E+03 9.26015E-03
1.63756E+03 9.61315E-03
1.63853E+03 9.98670E-03
1.63949E+03 1.03462E-02
1.64045E+03 1.06859E-02
1.64142E+03 1.10008E-02
1.64238E+03 1.13510E-02
1.64335E+03 1.16741E-02
1.64431E+03 1.19663E-02
1.64528E+03 1.22457E-02
1.64624E+03 1.25064E-02
1.64720E+03 1.27206E-02
1.64817E+03 1.29272E-02
1.64913E+03 1.31119E-02
1.65010E+03 1.32704E-02
1.65106E+03 1.34277E-02
1.65203E+03 1.36201E-02
1.65299E+03 1.38331E-02
1.65396E+03 1.39182E-02
1.65492E+03 1.39451E-02
1.65588E+03 1.39967E-02
1.65685E+03 1.40877E-02
1.65781E+03 1.41878E-02
1.65878E+03 1.42587E-02
1.65974E+03 1.43202E-02
1.66071E+03 1.43778E-02
1.66167E+03 1.44510E-02
1.66264E+03 1.45636E-02
1.66360E+03 1.46609E-02
1.66456E+03 1.47001E-02
1.66553E+03 1.47508E-02
1.66649E+03 1.48264E-02
1.66746E+03 1.48708E-02
1.66842E+03 1.49001E-02
1.66939E+03 1.49654E-02
1.67035E+03 1.49948E-02
1.67132E+03 1.49862E-02
1.67228E+03 1.49904E-02
1.67324E+03 1.49919E-02
1.67421E+03 1.49840E-02
1.67517E+03 1.49655E-02
1.67614E+03 1.48863E-02
1.67710E+03 1.47635E-02
1.67807E+03 1.46441E-02
1.67903E+03 1.45362E-02
1.67999E+03 1.44098E-02
1.68096E+03 1.42387E-02
1.68192E+03 1.40367E-02
1.68289E+03 1.38308E-02
1.68385E+03 1.36316E-02
1.68482E+03 1.34086E-02
1.68578E+03 1.30882E-02
1.68675E+03 1.26831E-02
1.68771E+03 1.23281E-02
1.68867E+03 1.19990E-02
1.68964E+03 1.16490E-02
1.69060E+03 1.12401E-02
1.69157E+03 1.08081E-02
1.69253E+03 1.03927E-02
1.69350E+03 9.96335E-03
1.69446E+03 9.51162E-03
1.69543E+03 9.10842E-03
1.69639E+03 8.67803E-03
1.69735E+03 8.13053E-03
1.69832E+03 7.59558E-03
1.69928E+03 7.11770E-03
1.70025E+03 6.69186E-03
1.70121E+03 6.15591E-03
1.70218E+03 5.58210E-03
1.70314E+03 5.06553E-03
1.70410E+03 4.54535E-03
1.70507E+03 4.03689E-03
1.70603E+03 3.52969E-03
1.70700E+03 3.03895E-03
1.70796E+03 2.52418E-03
1.70893E+03 2.00967E-03
1.70989E+03 1.51169E-03
1.71086E+03 1.03520E-03
1.71182E+03 5.64270E-04
1.71278E+03 7.00206E-05
1.71375E+03 -3.89442E-04
1.71471E+03 -8.17809E-04
1.71568E+03 -1.28152E-03
1.71664E+03 -1.71423E-03
1.71761E+03 -2.10831E-03
1.71857E+03 -2.58540E-03
1.71954E+03 -3.08704E-03
1.72050E+03 -3.49931E-03
1.72146E+03 -3.87993E-03
1.72243E+03 -4.27152E-03
1.72339E+03 -4.67457E-03
1.72436E+03 -5.08777E-03
1.72532E+03 -5.45084E-03
1.72629E+03 -5.81172E-03
1.72725E+03 -6.19992E-03
1.72822E+03 -6.58705E-03
1.72918E+03 -6.92986E-03
1.73014E+03 -7.22753E-03
1.73111E+03 -7.55616E-03
1.73207E+03 -7.89430E-03
1.73304E+03 -8.17930E-03
1.73400E+03 -8.43482E-03
1.73497E+03 -8.73494E-03
1.73593E+03 -9.06523E-03
1.73689E+03 -9.37779E-03
1.73786E+03 -9.69024E-03
1.73882E+03 -9.97176E-03
1.73979E+03 -1.01924E-02
1.74075E+03 -1.04405E-02
1.74172E+03 -1.07183E-02
1.74268E+03 -1.09573E-02
1.74365E+03 -1.11883E-02
1.74461E+03 -1.14195E-02
1.74557E+03 -1.16679E-02
1.74654E+03 -1.19053E-02
1.74750E+03 -1.20943E-02
1.74847E+03 -1.22623E-02
1.74943E+03 -1.24557E-02
1.75040E+03 -1.26629E-02
1.75136E+03 -1.28327E-02
1.75233E+03 -1.30238E-02
1.75329E+03 -1.32011E-02
1.75425E+03 -1.33861E-02
1.75522E+03 -1.36058E-02
1.75618E+03 -1.37272E-02
1.75715E+03 -1.38542E-02
1.75811E+03 -1.40241E-02
1.75908E+03 -1.41674E-02
1.76004E+03 -1.43174E-02
1.76100E+03 -1.44671E-02
1.76197E+03 -1.45923E-02
1.76293E+03 -1.47113E-02
1.76390E+03 -1.48503E-02
1.76486E+03 -1.49912E-02
1.76583E+03 -1.51337E-02
1.76679E+03 -1.52421E-02
1.76776E+03 -1.53295E-02
1.76872E+03 -1.54332E-02
1.76968E+03 -1.55459E-02
1.77065E+03 -1.56491E-02
1.77161E+03 -1.57329E-02
1.77258E+03 -1.58055E-02
1.77354E+03 -1.59046E-02
1.77451E+03 -1.60463E-02
1.77547E+03 -1.61581E-02
1.77644E+03 -1.62400E-02
1.77740E+03 -1.63210E-02
1.77836E+03 -1.64127E-02
1.77933E+03 -1.65014E-02
1.78029E+03 -1.65544E-02
1.78126E+03 -1.66283E-02
1.78222E+03 -1.67262E-02
1.78319E+03 -1.68228E-02
1.78415E+03 -1.68838E-02
1.78511E+03 -1.69223E-02
1.78608E+03 -1.69922E-02
1.78704E+03 -1.70750E-02
1.78801E+03 -1.71392E-02
1.78897E+03 -1.71914E-02
1.78994E+03 -1.72623E-02
1.79090E+03 -1.73388E-02
1.79187E+03 -1.74056E-02
1.79283E+03 -1.74537E-02
1.79379E+03 -1.75041E-02
1.79476E+03 -1.75754E-02
1.79572E+03 -1.76543E-02
1.79669E+03 -1.76975E-02
1.79765E+03 -1.77283E-02
1.79862E+03 -1.77819E-02
1.79958E+03 -1.78313E-02
1.80055E+03 -1.78910E-02
1.80151E+03 -1.79509E-02
1.80247E+03 -1.79821E-02
1.80344E+03 -1.80243E-02
1.80440E+03 -1.80810E-02
1.80537E+03 -1.81225E-02
1.80633E+03 -1.81603E-02
1.80730E+03 -1.82115E-02
1.80826E+03 -1.82507E-02
1.80923E+03 -1.82851E-02
1.81019E+03 -1.83440E-02
1.81115E+03 -1.83922E-02
1.81212E+03 -1.84288E-02
1.81308E+03 -1.84776E-02
1.81405E+03 -1.85249E-02
1.81501E+03 -1.85393E-02
1.81598E+03 -1.85854E-02
1.81694E+03 -1.86396E-02
1.81790E+03 -1.86544E-02
1.81887E+03 -1.86926E-02
1.81983E+03 -1.87397E-02
1.82080E+03 -1.87618E-02
1.82176E+03 -1.87938E-02
1.82273E+03 -1.88375E-02
1.82369E+03 -1.88580E-02
1.82466E+03 -1.88665E-02
1.82562E+03 -1.88908E-02
1.82658E+03 -1.89333E-02
1.82755E+03 -1.89696E-02
1.82851E+03 -1.89881E-02
1.82948E+03 -1.90185E-02
1.83044E+03 -1.90471E-02
1.83141E+03 -1.90787E-02
1.83237E+03 -1.90936E-02
1.83334E+03 -1.90968E-02
1.83430E+03 -1.91361E-02
1.83526E+03 -1.91904E-02
1.83623E+03 -1.92168E-02
1.83719E+03 -1.92169E-02
1.83816E+03 -1.92280E-02
1.83912E+03 -1.92620E-02
1.84009E+03 -1.92857E-02
1.84105E+03 -1.93006E-02
1.84201E+03 -1.93286E-02
1.84298E+03 -1.93464E-02
1.84394E+03 -1.93355E-02
1.84491E+03 -1.93408E-02
1.84587E+03 -1.93870E-02
1.84684E+03 -1.94176E-02
1.84780E+03 -1.94359E-02
1.84877E+03 -1.94600E-02
1.84973E+03 -1.94860E-02
1.85069E+03 -1.95040E-02
1.85166E+03 -1.95036E-02
1.85262E+03 -1.95056E-02
1.85359E+03 -1.95149E-02
1.85455E+03 -1.95128E-02
1.85552E+03 -1.95284E-02
1.85648E+03 -1.95436E-02
1.85745E+03 -1.95596E-02
1.85841E+03 -1.95650E-02
1.85937E+03 -1.95646E-02
1.86034E+03 -1.95703E-02
1.86130E+03 -1.95869E-02
1.86227E+03 -1.96124E-02
1.86323E+03 -1.96209E-02
1.86420E+03 -1.96323E-02
1.86516E+03 -1.96166E-02
1.86612E+03 -1.95972E-02
1.86709E+03 -1.96235E-02
1.86805E+03 -1.96557E-02
1.86902E+03 -1.96603E-02
1.86998E+03 -1.96654E-02
1.87095E+03 -1.96819E-02
1.87191E+03 -1.96714E-02
1.87288E+03 -1.96698E-02
1.87384E+03 -1.96841E-02
1.87480E+03 -1.96841E-02
1.87577E+03 -1.96822E-02
1.87673E+03 -1.96744E-02
1.87770E+03 -1.96668E-02
1.87866E+03 -1.96627E-02
1.87963E+03 -1.96777E-02
1.88059E+03 -1.96867E-02
1.88156E+03 -1.96956E-02
1.88252E+03 -1.96861E-02
1.88348E+03 -1.96833E-02
1.88445E+03 -1.96928E-02
1.88541E+03 -1.96852E-02
1.88638E+03 -1.96822E-02
1.88734E+03 -1.96866E-02
1.88831E+03 -1.96839E-02
1.88927E+03 -1.96822E-02
1.89024E+03 -1.96883E-02
1.89120E+03 -1.96840E-02
1.89216E+03 -1.96849E-02
1.89313E+03 -1.96818E-02
1.89409E+03 -1.96818E-02
1.89506E+03 -1.96576E-02
1.89602E+03 -1.96581E-02
1.89699E+03 -1.96916E-02
1.89795E+03 -1.96733E-02
1.89891E+03 -1.96481E-02
1.89988E+03 -1.96442E-02
1.90084E+03 -1.96542E-02
1.90181E+03 -1.96469E-02
1.90277E+03 -1.96376E-02
1.90374E+03 -1.96356E-02
1.90470E+03 -1.96332E-02
1.90567E+03 -1.96321E-02
1.90663E+03 -1.96044E-02
1.90759E+03 -1.95890E-02
1.90856E+03 -1.95878E-02
1.90952E+03 -1.95892E-02
1.91049E+03 -1.95899E-02
1.91145E+03 -1.96008E-02
1.91242E+03 -1.95858E-02
1.91338E+03 -1.95567E-02
1.91435E+03 -1.95706E-02
1.91531E+03 -1.95771E-02
1.91627E+03 -1.95632E-02
1.91724E+03 -1.95460E-02
1.91820E+03 -1.95323E-02
1.91917E+03 -1.95197E-02
1.92013E+03 -1.95073E-02
1.92110E+03 -1.95026E-02
1.92206E+03 -1.95043E-02
1.92303E+03 -1.94967E-02
1.92399E+03 -1.94616E-02
1.92495E+03 -1.94524E-02
1.92592E+03 -1.94427E-02
1.92688E+03 -1.94392E-02
1.92785E+03 -1.94303E-02
1.92881E+03 -1.94091E-02
1.92978E+03 -1.94053E-02
1.93074E+03 -1.93880E-02
1.93170E+03 -1.93666E-02
1.93267E+03 -1.93431E-02
1.93363E+03 -1.93070E-02
1.93460E+03 -1.92831E-02
1.93556E+03 -1.92881E-02
1.93653E+03 -1.92904E-02
1.93749E+03 -1.92808E-02
1.93846E+03 -1.92736E-02
1.93942E+03 -1.92646E-02
1.94038E+03 -1.92597E-02
1.94135E+03 -1.92579E-02
1.94231E+03 -1.92368E-02
1.94328E+03 -1.92247E-02
1.94424E+03 -1.92250E-02
1.94521E+03 -1.92122E-02
1.94617E+03 -1.91883E-02
1.94714E+03 -1.91790E-02
1.94810E+03 -1.91615E-02
1.94906E+03 -1.91257E-02
1.95003E+03 -1.91023E-02
1.95099E+03 -1.90959E-02
1.95196E+03 -1.90932E-02
1.95292E+03 -1.90851E-02
1.95389E+03 -1.90590E-02
1.95485E+03 -1.90232E-02
1.95581E+03 -1.90042E-02
1.95678E+03 -1.89904E-02
1.95774E+03 -1.89703E-02
1.95871E+03 -1.89521E-02
1.95967E+03 -1.89544E-02
1.96064E+03 -1.89520E-02
1.96160E+03 -1.89120E-02
1.96257E+03 -1.88835E-02
1.96353E+03 -1.88689E-02
1.96449E+03 -1.88238E-02
1.96546E+03 -1.88084E-02
1.96642E+03 -1.88145E-02
1.96739E+03 -1.87796E-02
1.96835E+03 -1.87457E-02
1.96932E+03 -1.87204E-02
1.97028E+03 -1.86953E-02
1.97125E+03 -1.86706E-02
1.97221E+03 -1.86473E-02
1.97317E+03 -1.86361E-02
1.97414E+03 -1.86143E-02
1.97510E+03 -1.85718E-02
1.97607E+03 -1.85199E-02
1.97703E+03 -1.84748E-02
1.97800E+03 -1.84444E-02
1.97896E+03 -1.84085E-02
1.97992E+03 -1.83592E-02
1.98089E+03 -1.83276E-02
1.98185E+03 -1.83030E-02
1.98282E+03 -1.82607E-02
1.98378E+03 -1.82421E-02
1.98475E+03 -1.82024E-02
1.98571E+03 -1.81310E-02
1.98668E+03 -1.80561E-02
1.98764E+03 -1.79990E-02
1.98860E+03 -1.79820E-02
1.98957E+03 -1.79333E-02
1.99053E+03 -1.78720E-02
1.99150E+03 -1.78213E-02
1.99246E+03 -1.77564E-02
1.99343E+03 -1.76855E-02
1.99439E+03 -1.76129E-02
1.99536E+03 -1.75347E-02
1.99632E+03 -1.74624E-02
1.99728E+03 -1.73964E-02
1.99825E+03 -1.73433E-02
1.99921E+03 -1.72729E-02
2.00018E+03 -1.71789E-02
2.00114E+03 -1.70939E-02
2.00211E+03 -1.70174E-02
2.00307E+03 -1.69548E-02
2.00404E+03 -1.68663E-02
2.00500E+03 -1.67808E-02
2.00596E+03 -1.67381E-02
2.00693E+03 -1.66718E-02
2.00789E+03 -1.65820E-02
2.00886E+03 -1.65222E-02
2.00982E+03 -1.64636E-02
2.01079E+03 -1.63816E-02
2.01175E+03 -1.63166E-02
2.01271E+03 -1.62583E-02
2.01368E+03 -1.61990E-02
2.01464E+03 -1.61283E-02
2.01561E+03 -1.60707E-02
2.01657E+03 -1.60457E-02
2.01754E+03 -1.60075E-02
2.01850E+03 -1.59554E-02
2.01947E+03 -1.59066E-02
2.02043E+03 -1.58724E-02
2.02139E+03 -1.58572E-02
2.02236E+03 -1.58306E-02
2.02332E+03 -1.57745E-02
2.02429E+03 -1.57318E-02
2.02525E+03 -1.57138E-02
2.02622E+03 -1.56867E-02
2.02718E+03 -1.56563E-02
2.02815E+03 -1.56559E-02
2.02911E+03 -1.56276E-02
2.03007E+03 -1.55786E-02
2.03104E+03 -1.55433E-02
2.03200E+03 -1.54838E-02
2.03297E+03 -1.54369E-02
2.03393E+03 -1.54168E-02
2.03490E+03 -1.53976E-02
2.03586E+03 -1.53284E-02
2.03682E+03 -1.52624E-02
2.03779E+03 -1.52135E-02
2.03875E+03 -1.51519E-02
2.03972E+03 -1.51165E-02
2.04068E+03 -1.50676E-02
2.04165E+03 -1.50055E-02
2.04261E+03 -1.49859E-02
2.04358E+03 -1.49717E-02
2.04454E+03 -1.49285E-02
2.04550E+03 -1.49249E-02
2.04647E+03 -1.49279E-02
2.04743E+03 -1.49069E-02
2.04840E+03 -1.49087E-02
2.04936E+03 -1.48818E-02
2.05033E+03 -1.48506E-02
2.05129E+03 -1.48598E-02
2.05226E+03 -1.48654E-02
2.05322E+03 -1.48445E-02
2.05418E+03 -1.48153E-02
2.05515E+03 -1.47785E-02
2.05611E+03 -1.47301E-02
2.05708E+03 -1.47055E-02
2.05804E+03 -1.46619E-02
2.05901E+03 -1.45843E-02
2.05997E+03 -1.45370E-02
2.06094E+03 -1.45271E-02
2.06190E+03 -1.44983E-02
2.06286E+03 -1.44641E-02
2.06383E+03 -1.44179E-02
2.06479E+03 -1.43574E-02
2.06576E+03 -1.42078E-02
2.06672E+03 -1.43237E-02
2.06769E+03 -1.43947E-02
2.06865E+03 -1.42145E-02
2.06961E+03 -1.41642E-02
2.07058E+03 -1.40968E-02
2.07154E+03 -1.40474E-02
2.07251E+03 -1.40024E-02
2.07347E+03 -1.39619E-02
2.07444E+03 -1.39079E-02
2.07540E+03 -1.38655E-02
2.07637E+03 -1.38342E-02
2.07733E+03 -1.37925E-02
2.07829E+03 -1.37478E-02
2.07926E+03 -1.36844E-02
2.08022E+03 -1.36137E-02
2.08119E+03 -1.35506E-02
2.08215E+03 -1.35171E-02
2.08312E+03 -1.34583E-02
2.08408E+03 -1.34001E-02
2.08505E+03 -1.33379E-02
2.08601E+03 -1.32896E-02
2.08697E+03 -1.32433E-02
2.08794E+03 -1.31565E-02
2.08890E+03 -1.30744E-02
2.08987E+03 -1.30324E-02
2.09083E+03 -1.30201E-02
2.09180E+03 -1.29398E-02
2.09276E+03 -1.28372E-02
2.09372E+03 -1.27549E-02
2.09469E+03 -1.27248E-02
2.09565E+03 -1.26746E-02
2.09662E+03 -1.25684E-02
2.09758E+03 -1.24967E-02
2.09855E+03 -1.24895E-02
2.09951E+03 -1.24495E-02
2.10048E+03 -1.23540E-02
2.10144E+03 -1.22698E-02
2.10240E+03 -1.21840E-02
2.10337E+03 -1.21627E-02
2.10433E+03 -1.20717E-02
2.10530E+03 -1.19683E-02
2.10626E+03 -1.18875E-02
2.10723E+03 -1.18377E-02
2.10819E+03 -1.18096E-02
2.10916E+03 -1.16827E-02
2.11012E+03 -1.15613E-02
2.11108E+03 -1.15371E-02
2.11205E+03 -1.14596E-02
2.11301E+03 -1.12902E-02
2.11398E+03 -1.11851E-02
2.11494E+03 -1.11528E-02
2.11591E+03 -1.11286E-02
2.11687E+03 -1.10191E-02
2.11783E+03 -1.08816E-02
2.11880E+03 -1.08159E-02
2.11976E+03 -1.08012E-02
2.12073E+03 -1.06671E-02
2.12169E+03 -1.05210E-02
2.12266E+03 -1.04316E-02
2.12362E+03 -1.03537E-02
2.12459E+03 -1.02454E-02
2.12555E+03 -1.01327E-02
2.12651E+03 -1.00338E-02
2.12748E+03 -9.96445E-03
2.12844E+03 -9.86072E-03
2.12941E+03 -9.70788E-03
2.13037E+03 -9.61816E-03
2.13134E+03 -9.55722E-03
2.13230E+03 -9.46045E-03
2.13327E+03 -9.30135E-03
2.13423E+03 -9.18650E-03
2.13519E+03 -9.13557E-03
2.13616E+03 -9.05595E-03
2.13712E+03 -8.89043E-03
2.13809E+03 -8.75045E-03
2.13905E+03 -8.67140E-03
2.14002E+03 -8.55986E-03
2.14098E+03 -8.40870E-03
2.14195E+03 -8.36156E-03
2.14291E+03 -8.25160E-03
2.14387E+03 -8.06360E-03
2.14484E+03 -7.97950E-03
2.14580E+03 -7.87556E-03
2.14677E+03 -7.78781E-03
2.14773E+03 -7.67165E-03
2.14870E+03 -7.52233E-03
2.14966E+03 -7.41028E-03
2.15062E+03 -7.32365E-03
2.15159E+03 -7.22469E-03
2.15255E+03 -7.08022E-03
2.15352E+03 -6.97367E-03
2.15448E+03 -6.91112E-03
2.15545E+03 -6.77916E-03
2.15641E+03 -6.59977E-03
2.15738E+03 -6.50370E-03
2.15834E+03 -6.43608E-03
2.15930E+03 -6.29904E-03
2.16027E+03 -6.13680E-03
2.16123E+03 -6.04577E-03
2.16220E+03 -5.98017E-03
2.16316E+03 -5.84718E-03
2.16413E+03 -5.70417E-03
2.16509E+03 -5.63884E-03
2.16606E+03 -5.55553E-03
2.16702E+03 -5.39759E-03
2.16798E+03 -5.27997E-03
2.16895E+03 -5.21279E-03
2.16991E+03 -5.10252E-03
2.17088E+03 -4.94552E-03
2.17184E+03 -4.87923E-03
2.17281E+03 -4.84616E-03
2.17377E+03 -4.69182E-03
2.17473E+03 -4.52074E-03
2.17570E+03 -4.49072E-03
2.17666E+03 -4.44323E-03
2.17763E+03 -4.27249E-03
2.17859E+03 -4.15813E-03
2.17956E+03 -4.13429E-03
2.18052E+03 -4.04638E-03
2.18149E+03 -3.91551E-03
2.18245E+03 -3.85147E-03
2.18341E+03 -3.80779E-03
2.18438E+03 -3.69111E-03
2.18534E+03 -3.57188E-03
2.18631E+03 -3.52044E-03
2.18727E+03 -3.43426E-03
2.18824E+03 -3.30349E-03
2.18920E+03 -3.22852E-03
2.19017E+03 -3.17733E-03
2.19113E+03 -3.06515E-03
2.19209E+03 -2.96495E-03
2.19306E+03 -2.94052E-03
2.19402E+03 -2.88269E-03
2.19499E+03 -2.77686E-03
2.19595E+03 -2.71992E-03
2.19692E+03 -2.67820E-03
2.19788E+03 -2.58145E-03
2.19884E+03 -2.49488E-03
2.19981E+03 -2.46965E-03
2.20077E+03 -2.36217E-03
2.20174E+03 -2.25047E-03
2.20270E+03 -2.22068E-03
2.20367E+03 -2.16344E-03
2.20463E+03 -2.04940E-03
2.20560E+03 -1.96706E-03
2.20656E+03 -1.91412E-03
2.20752E+03 -1.83284E-03
2.20849E+03 -1.75590E-03
2.20945E+03 -1.69586E-03
2.21042E+03 -1.61351E-03
2.21138E+03 -1.53280E-03
2.21235E+03 -1.45663E-03
2.21331E+03 -1.35779E-03
2.21428E+03 -1.26673E-03
2.21524E+03 -1.19854E-03
2.21620E+03 -1.14598E-03
2.21717E+03 -1.04896E-03
2.21813E+03 -9.44458E-04
2.21910E+03 -8.65981E-04
2.22006E+03 -7.91766E-04
2.22103E+03 -6.86843E-04
2.22199E+03 -5.72685E-04
2.22296E+03 -4.81591E-04
2.22392E+03 -4.01061E-04
2.22488E+03 -2.94533E-04
2.22585E+03 -1.86667E-04
2.22681E+03 -1.20137E-04
2.22778E+03 -4.91217E-05
2.22874E+03 3.99388E-05
2.22971E+03 1.40678E-04
2.23067E+03 2.61251E-04
2.23163E+03 3.75062E-04
2.23260E+03 4.46670E-04
2.23356E+03 5.40517E-04
2.23453E+03 6.83349E-04
2.23549E+03 8.12881E-04
2.23646E+03 9.23011E-04
2.23742E+03 1.02373E-03
2.23839E+03 1.13999E-03
2.23935E+03 1.24567E-03
2.24031E+03 1.34810E-03
2.24128E+03 1.44913E-03
2.24224E+03 1.54289E-03
2.24321E+03 1.65908E-03
2.24417E+03 1.76460E-03
2.24514E+03 1.84644E-03
2.24610E+03 1.94352E-03
2.24707E+03 2.04157E-03
2.24803E+03 2.11268E-03
2.24899E+03 2.17905E-03
2.24996E+03 2.25050E-03
2.25092E+03 2.35482E-03
2.25189E+03 2.46850E-03
2.25285E+03 2.54556E-03
2.25382E+03 2.61471E-03
2.25478E+03 2.73088E-03
2.25574E+03 2.83769E-03
2.25671E+03 2.91853E-03
2.25767E+03 3.03437E-03
2.25864E+03 3.16688E-03
2.25960E+03 3.30196E-03
2.26057E+03 3.42171E-03
2.26153E+03 3.52709E-03
2.26250E+03 3.64122E-03
2.26346E+03 3.81381E-03
2.26442E+03 4.02661E-03
2.26539E+03 4.24505E-03
2.26635E+03 4.50462E-03
2.26732E+03 4.82118E-03
2.26828E+03 5.21789E-03
2.26925E+03 5.84045E-03
2.27021E+03 6.83225E-03
2.27118E+03 8.51718E-03
2.27214E+03 1.16872E-02
2.27310E+03 1.71877E-02
2.27407E+03 2.50302E-02
2.27503E+03 3.37646E-02
2.27600E+03 4.11383E-02
2.27696E+03 4.53441E-02
2.27793E+03 4.58336E-02
2.27889E+03 4.32663E-02
2.27986E+03 3.90834E-02
2.28082E+03 3.47177E-02
2.28178E+03 3.19145E-02
2.28275E+03 2.94098E-02
2.28371E+03 2.32075E-02
2.28468E+03 1.62071E-02
2.28564E+03 1.20781E-02
2.28661E+03 9.75838E-03
2.28757E+03 8.61876E-03
2.28853E+03 8.25721E-03
2.28950E+03 8.29900E-03
2.29046E+03 8.52586E-03
2.29143E+03 8.84314E-03
2.29239E+03 9.25957E-03
2.29336E+03 9.71274E-03
2.29432E+03 1.01913E-02
2.29529E+03 1.06924E-02
2.29625E+03 1.12228E-02
2.29721E+03 1.17902E-02
2.29818E+03 1.23777E-02
2.29914E+03 1.29644E-02
2.30011E+03 1.35787E-02
2.30107E+03 1.42486E-02
2.30204E+03 1.49491E-02
2.30300E+03 1.56776E-02
2.30397E+03 1.64655E-02
2.30493E+03 1.72796E-02
2.30589E+03 1.81262E-02
2.30686E+03 1.90439E-02
2.30782E+03 2.00299E-02
2.30879E+03 2.10481E-02
2.30975E+03 2.21382E-02
2.31072E+03 2.33208E-02
2.31168E+03 2.46247E-02
2.31265E+03 2.60142E-02
2.31361E+03 2.75847E-02
2.31457E+03 2.93740E-02
2.31554E+03 3.14671E-02
2.31650E+03 3.39129E-02
2.31747E+03 3.70008E-02
2.31843E+03 4.09710E-02
2.31940E+03 4.62716E-02
2.32036E+03 5.33599E-02
2.32132E+03 6.24613E-02
2.32229E+03 7.32189E-02
2.32325E+03 8.56024E-02
2.32422E+03 1.00868E-01
2.32518E+03 1.23422E-01
2.32615E+03 1.60854E-01
2.32711E+03 2.20342E-01
2.32808E+03 2.99684E-01
2.32904E+03 3.89960E-01
2.33000E+03 4.83640E-01
2.33097E+03 5.74913E-01
2.33193E+03 6.62354E-01
2.33290E+03 7.46164E-01
2.33386E+03 8.27762E-01
2.33483E+03 9.06668E-01
2.33579E+03 9.83338E-01
2.33676E+03 1.05678E+00
2.33772E+03 1.12353E+00
2.33868E+03 1.17807E+00
2.33965E+03 1.21851E+00
2.34061E+03 1.24523E+00
2.34158E+03 1.26308E+00
2.34254E+03 1.27482E+00
2.34351E+03 1.28028E+00
2.34447E+03 1.26712E+00
2.34543E+03 1.22886E+00
2.34640E+03 1.17409E+00
2.34736E+03 1.11349E+00
2.34833E+03 1.05237E+00
2.34929E+03 9.93263E-01
2.35026E+03 9.37103E-01
2.35122E+03 8.84593E-01
2.35219E+03 8.35729E-01
2.35315E+03 7.90631E-01
2.35411E+03 7.49252E-01
2.35508E+03 7.10974E-01
2.35604E+03 6.75299E-01
2.35701E+03 6.41988E-01
2.35797E+03 6.10317E-01
2.35894E+03 5.79763E-01
2.35990E+03 5.49949E-01
2.36087E+03 5.20351E-01
2.36183E+03 4.90454E-01
2.36279E+03 4.60161E-01
2.36376E+03 4.29163E-01
2.36472E+03 3.97457E-01
2.36569E+03 3.65523E-01
2.36665E+03 3.33783E-01
2.36762E+03 3.02910E-01
2.36858E+03 2.73803E-01
2.36954E+03 2.47115E-01
2.37051E+03 2.22990E-01
2.37147E+03 2.00631E-01
2.37244E+03 1.78609E-01
2.37340E+03 1.55693E-01
2.37437E+03 1.32295E-01
2.37533E+03 1.09985E-01
2.37630E+03 8.99171E-02
2.37726E+03 7.23984E-02
2.37822E+03 5.72026E-02
2.37919E+03 4.42053E-02
2.38015E+03 3.34624E-02
2.38112E+03 2.51615E-02
2.38208E+03 1.94207E-02
2.38305E+03 1.57198E-02
2.38401E+03 1.31813E-02
2.38498E+03 1.12424E-02
2.38594E+03 9.67357E-03
2.38690E+03 8.39236E-03
2.38787E+03 7.28865E-03
2.38883E+03 6.30867E-03
2.38980E+03 5.45181E-03
2.39076E+03 4.67323E-03
2.39173E+03 3.94763E-03
2.39269E+03 3.28875E-03
2.39366E+03 2.71118E-03
2.39462E+03 2.15767E-03
2.39558E+03 1.63540E-03
2.39655E+03 1.17913E-03
2.39751E+03 7.42346E-04
2.39848E+03 3.27200E-04
2.39944E+03 -6.25476E-05
2.40041E+03 -4.23871E-04
2.40137E+03 -7.59572E-04
2.40233E+03 -1.04454E-03
2.40330E+03 -1.30134E-03
2.40426E+03 -1.56008E-03
2.40523E+03 -1.81599E-03
2.40619E+03 -2.08854E-03
2.40716E+03 -2.35240E-03
2.40812E+03 -2.53703E-03
2.40909E+03 -2.68628E-03
2.41005E+03 -2.87841E-03
2.41101E+03 -3.04931E-03
2.41198E+03 -3.19075E-03
2.41294E+03 -3.32728E-03
2.41391E+03 -3.46572E-03
2.41487E+03 -3.59972E-03
2.41584E+03 -3.71293E-03
2.41680E+03 -3.81782E-03
2.41777E+03 -3.92151E-03
2.41873E+03 -4.01467E-03
2.41969E+03 -4.08437E-03
2.42066E+03 -4.13559E-03
2.42162E+03 -4.23192E-03
2.42259E+03 -4.30777E-03
2.42355E+03 -4.35406E-03
2.42452E+03 -4.42954E-03
2.42548E+03 -4.52527E-03
2.42644E+03 -4.63335E-03
2.42741E+03 -4.67558E-03
2.42837E+03 -4.73258E-03
2.42934E+03 -4.80291E-03
2.43030E+03 -4.84972E-03
2.43127E+03 -4.91396E-03
2.43223E+03 -4.99268E-03
2.43320E+03 -5.03417E-03
2.43416E+03 -5.08839E-03
2.43512E+03 -5.17404E-03
2.43609E+03 -5.21628E-03
2.43705E+03 -5.26582E-03
2.43802E+03 -5.31631E-03
2.43898E+03 -5.36053E-03
2.43995E+03 -5.39865E-03
2.44091E+03 -5.42582E-03
2.44188E+03 -5.46269E-03
2.44284E+03 -5.51518E-03
2.44380E+03 -5.56250E-03
2.44477E+03 -5.58442E-03
2.44573E+03 -5.63198E-03
2.44670E+03 -5.68145E-03
2.44766E+03 -5.71404E-03
2.44863E+03 -5.78554E-03
2.44959E+03 -5.86623E-03
2.45055E+03 -5.92220E-03
2.45152E+03 -5.97761E-03
2.45248E+03 -6.05597E-03
2.45345E+03 -6.16137E-03
2.45441E+03 -6.24676E-03
2.45538E+03 -6.30286E-03
2.45634E+03 -6.38511E-03
2.45731E+03 -6.49558E-03
2.45827E+03 -6.60773E-03
2.45923E+03 -6.69528E-03
2.46020E+03 -6.80118E-03
2.46116E+03 -6.91717E-03
2.46213E+03 -7.02052E-03
2.46309E+03 -7.11598E-03
2.46406E+03 -7.22263E-03
2.46502E+03 -7.34189E-03
2.46599E+03 -7.44422E-03
2.46695E+03 -7.55458E-03
2.46791E+03 -7.67697E-03
2.46888E+03 -7.78429E-03
2.46984E+03 -7.85962E-03
2.47081E+03 -7.93749E-03
2.47177E+03 -8.04285E-03
2.47274E+03 -8.12192E-03
2.47370E+03 -8.19984E-03
2.47467E+03 -8.31305E-03
2.47563E+03 -8.38597E-03
2.47659E+03 -8.45187E-03
2.47756E+03 -8.50677E-03
2.47852E+03 -8.53808E-03
2.47949E+03 -8.57628E-03
2.48045E+03 -8.61098E-03
2.48142E+03 -8.65986E-03
2.48238E+03 -8.70467E-03
2.48334E+03 -8.71601E-03
2.48431E+03 -8.73322E-03
2.48527E+03 -8.74999E-03
2.48624E+03 -8.75373E-03
2.48720E+03 -8.76243E-03
2.48817E+03 -8.76082E-03
2.48913E+03 -8.74497E-03
2.49010E+03 -8.72540E-03
2.49106E+03 -8.72459E-03
2.49202E+03 -8.71856E-03
2.49299E+03 -8.69241E-03
2.49395E+03 -8.65254E-03
2.49492E+03 -8.61232E-03
2.49588E+03 -8.57297E-03
2.49685E+03 -8.55211E-03
2.49781E+03 -8.53151E-03
2.49878E+03 -8.50290E-03
2.49974E+03 -8.45201E-03
2.50070E+03 -8.36966E-03
2.50167E+03 -8.30549E-03
2.50263E+03 -8.25602E-03
2.50360E+03 -8.21330E-03
2.50456E+03 -8.14823E-03
2.50553E+03 -8.07110E-03
2.50649E+03 -7.98627E-03
2.50745E+03 -7.91963E-03
2.50842E+03 -7.83794E-03
2.50938E+03 -7.74269E-03
2.51035E+03 -7.68027E-03
2.51131E+03 -7.61657E-03
2.51228E+03 -7.51746E-03
2.51324E+03 -7.40242E-03
2.51421E+03 -7.30341E-03
2.51517E+03 -7.20532E-03
2.51613E+03 -7.12077E-03
2.51710E+03 -7.03775E-03
2.51806E+03 -6.94014E-03
2.51903E+03 -6.81837E-03
2.51999E+03 -6.71938E-03
2.52096E+03 -6.62510E-03
2.52192E+03 -6.50033E-03
2.52289E+03 -6.37010E-03
2.52385E+03 -6.23887E-03
2.52481E+03 -6.13312E-03
2.52578E+03 -6.04971E-03
2.52674E+03 -5.97295E-03
2.52771E+03 -5.88984E-03
2.52867E+03 -5.78204E-03
2.52964E+03 -5.66882E-03
2.53060E+03 -5.57089E-03
2.53156E+03 -5.51797E-03
2.53253E+03 -5.45191E-03
2.53349E+03 -5.34325E-03
2.53446E+03 -5.28041E-03
2.53542E+03 -5.26125E-03
2.53639E+03 -5.18232E-03
2.53735E+03 -5.12396E-03
2.53832E+03 -5.12439E-03
2.53928E+03 -5.07610E-03
2.54024E+03 -5.02663E-03
2.54121E+03 -4.99180E-03
2.54217E+03 -4.98485E-03
2.54314E+03 -5.01556E-03
2.54410E+03 -5.03512E-03
2.54507E+03 -5.03001E-03
2.54603E+03 -5.03687E-03
2.54700E+03 -5.05477E-03
2.54796E+03 -5.08282E-03
2.54892E+03 -5.12905E-03
2.54989E+03 -5.17976E-03
2.55085E+03 -5.21551E-03
2.55182E+03 -5.24188E-03
2.55278E+03 -5.26369E-03
2.55375E+03 -5.29348E-03
2.55471E+03 -5.33632E-03
2.55568E+03 -5.38521E-03
2.55664E+03 -5.43138E-03
2.55760E+03 -5.46100E-03
2.55857E+03 -5.48415E-03
2.55953E+03 -5.51366E-03
2.56050E+03 -5.53942E-03
2.56146E+03 -5.56685E-03
2.56243E+03 -5.60893E-03
2.56339E+03 -5.62442E-03
2.56435E+03 -5.62000E-03
2.56532E+03 -5.63949E-03
2.56628E+03 -5.66581E-03
2.56725E+03 -5.70102E-03
2.56821E+03 -5.73814E-03
2.56918E+03 -5.74142E-03
2.57014E+03 -5.76595E-03
2.57111E+03 -5.82484E-03
2.57207E+03 -5.83186E-03
2.57303E+03 -5.83592E-03
2.57400E+03 -5.87589E-03
2.57496E+03 -5.88868E-03
2.57593E+03 -5.90761E-03
2.57689E+03 -5.93270E-03
2.57786E+03 -5.93241E-03
2.57882E+03 -5.95367E-03
2.57979E+03 -5.97240E-03
2.58075E+03 -5.97021E-03
2.58171E+03 -5.98608E-03
2.58268E+03 -5.98842E-03
2.58364E+03 -5.97834E-03
2.58461E+03 -5.96914E-03
2.58557E+03 -5.95627E-03
2.58654E+03 -5.92799E-03
2.58750E+03 -5.91056E-03
2.58846E+03 -5.88781E-03
2.58943E+03 -5.84618E-03
2.59039E+03 -5.79796E-03
2.59136E+03 -5.73365E-03
2.59232E+03 -5.68029E-03
2.59329E+03 -5.65407E-03
2.59425E+03 -5.60942E-03
2.59522E+03 -5.53378E-03
2.59618E+03 -5.50385E-03
2.59714E+03 -5.50383E-03
2.59811E+03 -5.46468E-03
2.59907E+03 -5.43425E-03
2.60004E+03 -5.42621E-03
2.60100E+03 -5.40983E-03
2.60197E+03 -5.41332E-03
2.60293E+03 -5.42189E-03
2.60390E+03 -5.41699E-03
2.60486E+03 -5.41242E-03
2.60582E+03 -5.47245E-03
2.60679E+03 -5.54040E-03
2.60775E+03 -5.56216E-03
2.60872E+03 -5.61184E-03
2.60968E+03 -5.62805E-03
2.61065E+03 -5.61561E-03
2.61161E+03 -5.64897E-03
2.61258E+03 -5.71209E-03
2.61354E+03 -5.76335E-03
2.61450E+03 -5.79083E-03
2.61547E+03 -5.82505E-03
2.61643E+03 -5.86818E-03
2.61740E+03 -5.91218E-03
2.61836E+03 -5.92466E-03
2.61933E+03 -5.97398E-03
2.62029E+03 -6.04792E-03
2.62125E+03 -6.12501E-03
2.62222E+03 -6.20113E-03
2.62318E+03 -6.24795E-03
2.62415E+03 -6.32535E-03
2.62511E+03 -6.41126E-03
2.62608E+03 -6.48941E-03
2.62704E+03 -6.57102E-03
2.62801E+03 -6.62552E-03
2.62897E+03 -6.68187E-03
2.62993E+03 -6.74673E-03
2.63090E+03 -6.79235E-03
2.63186E+03 -6.83974E-03
2.63283E+03 -6.87450E-03
2.63379E+03 -6.91441E-03
2.63476E+03 -6.96564E-03
2.63572E+03 -6.99135E-03
2.63669E+03 -7.01182E-03
2.63765E+03 -7.03796E-03
2.63861E+03 -7.06122E-03
2.63958E+03 -7.08261E-03
2.64054E+03 -7.06322E-03
2.64151E+03 -7.04246E-03
2.64247E+03 -7.05948E-03
2.64344E+03 -7.08978E-03
2.64440E+03 -7.11968E-03
2.64536E+03 -7.10975E-03
2.64633E+03 -7.09896E-03
2.64729E+03 -7.08902E-03
2.64826E+03 -7.05049E-03
2.64922E+03 -7.07045E-03
2.65019E+03 -7.08699E-03
2.65115E+03 -7.07302E-03
2.65212E+03 -7.08702E-03
2.65308E+03 -7.08245E-03
2.65404E+03 -7.05710E-03
2.65501E+03 -7.03450E-03
2.65597E+03 -7.02184E-03
2.65694E+03 -6.99907E-03
2.65790E+03 -6.98526E-03
2.65887E+03 -6.97451E-03
2.65983E+03 -6.95662E-03
2.66080E+03 -6.93482E-03
2.66176E+03 -6.90992E-03
2.66272E+03 -6.89957E-03
2.66369E+03 -6.85969E-03
2.66465E+03 -6.80690E-03
2.66562E+03 -6.80048E-03
2.66658E+03 -6.81658E-03
2.66755E+03 -6.81097E-03
2.66851E+03 -6.78775E-03
2.66948E+03 -6.76182E-03
2.67044E+03 -6.73140E-03
2.67140E+03 -6.69887E-03
2.67237E+03 -6.66624E-03
2.67333E+03 -6.65152E-03
2.67430E+03 -6.63245E-03
2.67526E+03 -6.58888E-03
2.67623E+03 -6.57326E-03
2.67719E+03 -6.57177E-03
2.67815E+03 -6.53152E-03
2.67912E+03 -6.48278E-03
2.68008E+03 -6.47340E-03
2.68105E+03 -6.45154E-03
2.68201E+03 -6.41200E-03
2.68298E+03 -6.37486E-03
2.68394E+03 -6.34406E-03
2.68491E+03 -6.31080E-03
2.68587E+03 -6.25909E-03
2.68683E+03 -6.24711E-03
2.68780E+03 -6.23365E-03
2.68876E+03 -6.19983E-03
2.68973E+03 -6.18007E-03
2.69069E+03 -6.13232E-03
2.69166E+03 -6.09872E-03
2.69262E+03 -6.06462E-03
2.69359E+03 -6.04011E-03
2.69455E+03 -6.01380E-03
2.69551E+03 -5.94952E-03
2.69648E+03 -5.91090E-03
2.69744E+03 -5.87457E-03
2.69841E+03 -5.84318E-03
2.69937E+03 -5.80964E-03
2.70034E+03 -5.78314E-03
2.70130E+03 -5.74239E-03
2.70226E+03 -5.71431E-03
2.70323E+03 -5.67032E-03
2.70419E+03 -5.62811E-03
2.70516E+03 -5.60741E-03
2.70612E+03 -5.54852E-03
2.70709E+03 -5.49191E-03
2.70805E+03 -5.44938E-03
2.70902E+03 -5.42554E-03
2.70998E+03 -5.37760E-03
2.71094E+03 -5.33932E-03
2.71191E+03 -5.29877E-03
2.71287E+03 -5.25679E-03
2.71384E+03 -5.22881E-03
2.71480E+03 -5.16391E-03
2.71577E+03 -5.10173E-03
2.71673E+03 -5.04880E-03
2.71770E+03 -5.01146E-03
2.71866E+03 -4.97464E-03
2.71962E+03 -4.90611E-03
2.72059E+03 -4.83816E-03
2.72155E+03 -4.83780E-03
2.72252E+03 -4.81293E-03
2.72348E+03 -4.72061E-03
2.72445E+03 -4.66444E-03
2.72541E+03 -4.61832E-03
2.72638E+03 -4.55298E-03
2.72734E+03 -4.50386E-03
2.72830E+03 -4.44444E-03
2.72927E+03 -4.38009E-03
2.73023E+03 -4.32634E-03
2.73120E+03 -4.24163E-03
2.73216E+03 -4.17942E-03
2.73313E+03 -4.11842E-03
2.73409E+03 -4.06212E-03
2.73505E+03 -4.00506E-03
2.73602E+03 -3.93629E-03
2.73698E+03 -3.88702E-03
2.73795E+03 -3.81152E-03
2.73891E+03 -3.73016E-03
2.73988E+03 -3.64766E-03
2.74084E+03 -3.55754E-03
2.74181E+03 -3.50153E-03
2.74277E+03 -3.42013E-03
2.74373E+03 -3.35367E-03
2.74470E+03 -3.24794E-03
2.74566E+03 -3.14606E-03
2.74663E+03 -3.11423E-03
2.74759E+03 -3.01264E-03
2.74856E+03 -2.90453E-03
2.74952E+03 -2.79565E-03
2.75049E+03 -2.65191E-03
2.75145E+03 -2.55805E-03
2.75241E+03 -2.49870E-03
2.75338E+03 -2.39064E-03
2.75434E+03 -2.23029E-03
2.75531E+03 -2.16296E-03
2.75627E+03 -2.08433E-03
2.75724E+03 -2.00919E-03
2.75820E+03 -1.94662E-03
2.75916E+03 -1.82220E-03
2.76013E+03 -1.67571E-03
2.76109E+03 -1.42528E-03
2.76206E+03 -1.14895E-03
2.76302E+03 -9.74815E-04
2.76399E+03 -7.86599E-04
2.76495E+03 -5.64594E-04
2.76592E+03 -7.92909E-04
2.76688E+03 -4.42978E-04
2.76784E+03 1.17294E-04
2.76881E+03 1.18751E-04
2.76977E+03 3.67977E-04
2.77074E+03 3.65604E-04
2.77170E+03 3.60619E-04
2.77267E+03 6.27846E-04
2.77363E+03 9.55191E-04
2.77460E+03 1.26534E-03
2.77556E+03 1.41628E-03
2.77652E+03 1.63928E-03
2.77749E+03 1.93354E-03
2.77845E+03 2.25443E-03
2.77942E+03 2.54735E-03
2.78038E+03 2.78876E-03
2.78135E+03 3.07644E-03
2.78231E+03 3.38514E-03
2.78327E+03 3.70085E-03
2.78424E+03 4.01777E-03
2.78520E+03 4.35793E-03
2.78617E+03 4.69574E-03
2.78713E+03 5.03725E-03
2.78810E+03 5.44052E-03
2.78906E+03 5.85377E-03
2.79003E+03 6.25584E-03
2.79099E+03 6.68743E-03
2.79195E+03 7.11462E-03
2.79292E+03 7.53647E-03
2.79388E+03 7.99417E-03
2.79485E+03 8.47380E-03
2.79581E+03 8.91205E-03
2.79678E+03 9.36676E-03
2.79774E+03 9.88651E-03
2.79871E+03 1.03873E-02
2.79967E+03 1.08760E-02
2.80063E+03 1.14148E-02
2.80160E+03 1.20089E-02
2.80256E+03 1.25748E-02
2.80353E+03 1.31329E-02
2.80449E+03 1.37386E-02
2.80546E+03 1.43308E-02
2.80642E+03 1.49411E-02
2.80739E+03 1.55651E-02
2.80835E+03 1.61926E-02
2.80931E+03 1.68486E-02
2.81028E+03 1.75089E-02
2.81124E+03 1.81786E-02
2.81221E+03 1.88292E-02
2.81317E+03 1.95305E-02
2.81414E+03 2.03207E-02
2.81510E+03 2.10838E-02
2.81606E+03 2.18060E-02
2.81703E+03 2.25464E-02
2.81799E+03 2.33145E-02
2.81896E+03 2.41204E-02
2.81992E+03 2.49634E-02
2.82089E+03 2.58370E-02
2.82185E+03 2.67474E-02
2.82282E+03 2.76896E-02
2.82378E+03 2.86435E-02
2.82474E+03 2.96485E-02
2.82571E+03 3.06512E-02
2.82667E+03 3.16392E-02
2.82764E+03 3.26039E-02
2.82860E+03 3.34483E-02
2.82957E+03 3.41869E-02
2.83053E+03 3.47931E-02
2.83150E+03 3.52220E-02
2.83246E+03 3.54697E-02
2.83342E+03 3.54706E-02
2.83439E+03 3.52150E-02
2.83535E+03 3.47604E-02
2.83632E+03 3.41077E-02
2.83728E+03 3.33265E-02
2.83825E+03 3.24888E-02
2.83921E+03 3.16091E-02
2.84017E+03 3.07491E-02
2.84114E+03 2.99694E-02
2.84210E+03 2.91984E-02
2.84307E+03 2.85355E-02
2.84403E+03 2.79909E-02
2.84500E+03 2.74654E-02
2.84596E+03 2.70671E-02
2.84693E+03 2.67411E-02
2.84789E+03 2.64177E-02
2.84885E+03 2.60915E-02
2.84982E+03 2.57875E-02
2.85078E+03 2.54866E-02
2.85175E+03 2.51787E-02
2.85271E+03 2.49128E-02
2.85368E+03 2.46425E-02
2.85464E+03 2.43605E-02
2.85561E+03 2.41049E-02
2.85657E+03 2.38613E-02
2.85753E+03 2.36007E-02
2.85850E+03 2.33409E-02
2.85946E+03 2.30414E-02
2.86043E+03 2.27439E-02
2.86139E+03 2.25025E-02
2.86236E+03 2.22826E-02
2.86332E+03 2.20534E-02
2.86428E+03 2.17958E-02
2.86525E+03 2.15406E-02
2.86621E+03 2.12814E-02
2.86718E+03 2.10463E-02
2.86814E+03 2.08315E-02
2.86911E+03 2.06037E-02
2.87007E+03 2.04041E-02
2.87104E+03 2.02503E-02
2.87200E+03 2.00778E-02
2.87296E+03 1.99390E-02
2.87393E+03 1.98208E-02
2.87489E+03 1.96747E-02
2.87586E+03 1.95806E-02
2.87682E+03 1.94909E-02
2.87779E+03 1.93948E-02
2.87875E+03 1.93419E-02
2.87972E+03 1.93300E-02
2.88068E+03 1.93409E-02
2.88164E+03 1.93427E-02
2.88261E+03 1.93500E-02
2.88357E+03 1.94035E-02
2.88454E+03 1.94568E-02
2.88550E+03 1.95295E-02
2.88647E+03 1.96462E-02
2.88743E+03 1.97659E-02
2.88840E+03 1.98546E-02
2.88936E+03 1.99621E-02
2.89032E+03 2.00987E-02
2.89129E+03 2.02327E-02
2.89225E+03 2.03909E-02
2.89322E+03 2.05339E-02
2.89418E+03 2.06960E-02
2.89515E+03 2.09006E-02
2.89611E+03 2.11090E-02
2.89707E+03 2.13173E-02
2.89804E+03 2.15248E-02
2.89900E+03 2.17630E-02
2.89997E+03 2.20352E-02
2.90093E+03 2.23286E-02
2.90190E+03 2.25956E-02
2.90286E+03 2.28614E-02
2.90383E+03 2.31836E-02
2.90479E+03 2.35143E-02
2.90575E+03 2.39038E-02
2.90672E+03 2.43070E-02
2.90768E+03 2.46581E-02
2.90865E+03 2.50300E-02
2.90961E+03 2.54160E-02
2.91058E+03 2.58241E-02
2.91154E+03 2.62074E-02
2.91251E+03 2.65397E-02
2.91347E+03 2.68141E-02
2.91443E+03 2.70246E-02
2.91540E+03 2.71567E-02
2.91636E+03 2.72157E-02
2.91733E+03 2.72164E-02
2.91829E+03 2.71513E-02
2.91926E+03 2.70615E-02
2.92022E+03 2.69616E-02
2.92118E+03 2.69207E-02
2.92215E+03 2.69331E-02
2.92311E+03 2.70398E-02
2.92408E+03 2.72852E-02
2.92504E+03 2.76552E-02
2.92601E+03 2.81303E-02
2.92697E+03 2.86745E-02
2.92794E+03 2.92560E-02
2.92890E+03 2.99799E-02
2.92986E+03 3.08027E-02
2.93083E+03 3.15968E-02
2.93179E+03 3.23774E-02
2.93276E+03 3.31075E-02
2.93372E+03 3.37650E-02
2.93469E+03 3.43295E-02
2.93565E+03 3.48049E-02
2.93662E+03 3.51222E-02
2.93758E+03 3.53292E-02
2.93854E+03 3.54728E-02
2.93951E+03 3.54965E-02
2.94047E+03 3.54407E-02
2.94144E+03 3.52926E-02
2.94240E+03 3.50931E-02
2.94337E+03 3.49294E-02
2.94433E+03 3.47969E-02
2.94530E+03 3.46783E-02
2.94626E+03 3.46493E-02
2.94722E+03 3.47139E-02
2.94819E+03 3.48839E-02
2.94915E+03 3.52109E-02
2.95012E+03 3.56443E-02
2.95108E+03 3.61366E-02
2.95205E+03 3.66582E-02
2.95301E+03 3.72383E-02
2.95397E+03 3.78562E-02
2.95494E+03 3.84534E-02
2.95590E+03 3.90146E-02
2.95687E+03 3.95699E-02
2.95783E+03 4.00099E-02
2.95880E+03 4.03680E-02
2.95976E+03 4.07683E-02
2.96073E+03 4.10715E-02
2.96169E+03 4.13146E-02
2.96265E+03 4.14974E-02
2.96362E+03 4.16492E-02
2.96458E+03 4.17879E-02
2.96555E+03 4.18763E-02
2.96651E+03 4.19622E-02
2.96748E+03 4.20712E-02
2.96844E+03 4.21489E-02
2.96941E+03 4.21891E-02
2.97037E+03 4.22691E-02
2.97133E+03 4.23274E-02
2.97230E+03 4.23718E-02
2.97326E+03 4.23745E-02
2.97423E+03 4.23934E-02
2.97519E+03 4.24418E-02
2.97616E+03 4.24449E-02
2.97712E+03 4.24185E-02
2.97808E+03 4.23682E-02
2.97905E+03 4.23224E-02
2.98001E+03 4.23627E-02
2.98098E+03 4.24209E-02
2.98194E+03 4.24660E-02
2.98291E+03 4.25565E-02
2.98387E+03 4.27062E-02
2.98484E+03 4.28965E-02
2.98580E+03 4.31300E-02
2.98676E+03 4.34037E-02
2.98773E+03 4.37153E-02
2.98869E+03 4.39901E-02
2.98966E+03 4.43044E-02
2.99062E+03 4.47141E-02
2.99159E+03 4.50893E-02
2.99255E+03 4.54315E-02
2.99352E+03 4.57700E-02
2.99448E+03 4.61100E-02
2.99544E+03 4.63852E-02
2.99641E+03 4.66873E-02
2.99737E+03 4.69739E-02
2.99834E+03 4.71796E-02
2.99930E+03 4.74003E-02
3.00027E+03 4.75796E-02
3.00123E+03 4.77179E-02
3.00220E+03 4.78272E-02
3.00316E+03 4.78890E-02
3.00412E+03 4.79421E-02
3.00509E+03 4.79530E-02
3.00605E+03 4.79461E-02
3.00702E+03 4.79207E-02
3.00798E+03 4.78879E-02
3.00895E+03 4.79202E-02
3.00991E+03 4.79576E-02
3.01087E+03 4.79461E-02
3.01184E+03 4.80068E-02
3.01280E+03 4.81302E-02
3.01377E+03 4.82113E-02
3.01473E+03 4.83265E-02
3.01570E+03 4.84774E-02
3.01666E+03 4.86437E-02
3.01763E+03 4.88304E-02
3.01859E+03 4.91736E-02
3.01955E+03 4.96478E-02
3.02052E+03 5.01097E-02
3.02148E+03 5.05843E-02
3.02245E+03 5.10629E-02
3.02341E+03 5.15597E-02
3.02438E+03 5.20902E-02
3.02534E+03 5.27075E-02
3.02631E+03 5.33373E-02
3.02727E+03 5.39957E-02
3.02823E+03 5.47003E-02
3.02920E+03 5.54052E-02
3.03016E+03 5.61929E-02
3.03113E+03 5.70107E-02
3.03209E+03 5.78054E-02
3.03306E+03 5.86396E-02
3.03402E+03 5.94929E-02
3.03498E+03 6.03328E-02
3.03595E+03 6.12384E-02
3.03691E+03 6.21776E-02
3.03788E+03 6.31113E-02
3.03884E+03 6.41278E-02
3.03981E+03 6.51515E-02
3.04077E+03 6.61594E-02
3.04174E+03 6.71787E-02
3.04270E+03 6.81887E-02
3.04366E+03 6.92616E-02
3.04463E+03 7.03795E-02
3.04559E+03 7.14826E-02
3.04656E+03 7.26134E-02
3.04752E+03 7.37702E-02
3.04849E+03 7.49206E-02
3.04945E+03 7.61056E-02
3.05042E+03 7.73376E-02
3.05138E+03 7.85386E-02
3.05234E+03 7.97402E-02
3.05331E+03 8.09694E-02
3.05427E+03 8.22604E-02
3.05524E+03 8.35955E-02
3.05620E+03 8.48990E-02
3.05717E+03 8.61816E-02
3.05813E+03 8.74938E-02
3.05909E+03 8.88744E-02
3.06006E+03 9.02612E-02
3.06102E+03 9.16636E-02
3.06199E+03 9.31121E-02
3.06295E+03 9.45535E-02
3.06392E+03 9.59824E-02
3.06488E+03 9.74330E-02
3.06585E+03 9.89088E-02
3.06681E+03 1.00348E-01
3.06777E+03 1.01820E-01
3.06874E+03 1.03405E-01
3.06970E+03 1.04972E-01
3.07067E+03 1.06555E-01
3.07163E+03 1.08131E-01
3.07260E+03 1.09681E-01
3.07356E+03 1.11278E-01
3.07453E+03 1.12902E-01
3.07549E+03 1.14569E-01
3.07645E+03 1.16191E-01
3.07742E+03 1.17829E-01
3.07838E+03 1.19543E-01
3.07935E+03 1.21226E-01
3.08031E+03 1.22932E-01
3.08128E+03 1.24620E-01
3.08224E+03 1.26345E-01
3.08321E+03 1.28138E-01
3.08417E+03 1.29891E-01
3.08513E+03 1.31633E-01
3.08610E+03 1.33341E-01
3.08706E+03 1.35091E-01
3.08803E+03 1.36965E-01
3.08899E+03 1.38818E-01
3.08996E+03 1.40629E-01
3.09092E+03 1.42483E-01
3.09188E+03 1.44342E-01
3.09285E+03 1.46198E-01
3.09381E+03 1.48068E-01
3.09478E+03 1.49911E-01
3.09574E+03 1.51780E-01
3.09671E+03 1.53686E-01
3.09767E+03 1.55611E-01
3.09864E+03 1.57517E-01
3.09960E+03 1.59386E-01
3.10056E+03 1.61278E-01
3.10153E+03 1.63236E-01
3.10249E+03 1.65162E-01
3.10346E+03 1.67044E-01
3.10442E+03 1.68970E-01
3.10539E+03 1.70949E-01
3.10635E+03 1.72904E-01
3.10732E+03 1.74852E-01
3.10828E+03 1.76832E-01
3.10924E+03 1.78756E-01
3.11021E+03 1.80703E-01
3.11117E+03 1.82675E-01
3.11214E+03 1.84654E-01
3.11310E+03 1.86591E-01
3.11407E+03 1.88478E-01
3.11503E+03 1.90476E-01
3.11599E+03 1.92524E-01
3.11696E+03 1.94495E-01
3.11792E+03 1.96429E-01
3.11889E+03 1.98446E-01
3.11985E+03 2.00457E-01
3.12082E+03 2.02427E-01
3.12178E+03 2.04366E-01
3.12275E+03 2.06308E-01
3.12371E+03 2.08332E-01
3.12467E+03 2.10284E-01
3.12564E+03 2.12277E-01
3.12660E+03 2.14339E-01
3.12757E+03 2.16335E-01
3.12853E+03 2.18313E-01
3.12950E+03 2.20274E-01
3.13046E+03 2.22256E-01
3.13143E+03 2.24229E-01
3.13239E+03 2.26243E-01
3.13335E+03 2.28288E-01
3.13432E+03 2.30305E-01
3.13528E+03 2.32319E-01
3.13625E+03 2.34337E-01
3.13721E+03 2.36316E-01
3.13818E+03 2.38282E-01
3.13914E+03 2.40366E-01
3.14010E+03 2.42418E-01
3.14107E+03 2.44402E-01
3.14203E+03 2.46374E-01
3.14300E+03 2.48345E-01
3.14396E+03 2.50411E-01
3.14493E+03 2.52455E-01
3.14589E+03 2.54401E-01
3.14686E+03 2.56433E-01
3.14782E+03 2.58475E-01
3.14878E+03 2.60495E-01
3.14975E+03 2.62528E-01
3.15071E+03 2.64517E-01
3.15168E+03 2.66570E-01
3.15264E+03 2.68599E-01
3.15361E+03 2.70579E-01
3.15457E+03 2.72571E-01
3.15554E+03 2.74562E-01
3.15650E+03 2.76562E-01
3.15746E+03 2.78571E-01
3.15843E+03 2.80579E-01
3.15939E+03 2.82544E-01
3.16036E+03 2.84509E-01
3.16132E+03 2.86545E-01
3.16229E+03 2.88543E-01
3.16325E+03 2.90529E-01
3.16422E+03 2.92484E-01
3.16518E+03 2.94361E-01
3.16614E+03 2.96277E-01
3.16711E+03 2.98160E-01
3.16807E+03 3.00068E-01
3.16904E+03 3.01984E-01
3.17000E+03 3.03869E-01
3.17097E+03 3.05797E-01
3.17193E+03 3.07726E-01
3.17289E+03 3.09584E-01
3.17386E+03 3.11469E-01
3.17482E+03 3.13386E-01
3.17579E+03 3.15216E-01
3.17675E+03 3.17097E-01
3.17772E+03 3.19059E-01
3.17868E+03 3.20876E-01
3.17965E+03 3.22674E-01
3.18061E+03 3.24461E-01
3.18157E+03 3.26245E-01
3.18254E+03 3.28139E-01
3.18350E+03 3.29944E-01
3.18447E+03 3.31738E-01
3.18543E+03 3.33487E-01
3.18640E+03 3.35169E-01
3.18736E+03 3.36989E-01
3.18833E+03 3.38766E-01
3.18929E+03 3.40440E-01
3.19025E+03 3.42145E-01
3.19122E+03 3.43881E-01
3.19218E+03 3.45606E-01
3.19315E+03 3.47343E-01
3.19411E+03 3.49007E-01
3.19508E+03 3.50562E-01
3.19604E+03 3.52210E-01
3.19700E+03 3.53888E-01
3.19797E+03 3.55506E-01
3.19893E+03 3.57097E-01
3.19990E+03 3.58708E-01
3.20086E+03 3.60334E-01
3.20183E+03 3.61881E-01
3.20279E+03 3.63372E-01
3.20376E+03 3.64911E-01
3.20472E+03 3.66435E-01
3.20568E+03 3.67979E-01
3.20665E+03 3.69559E-01
3.20761E+03 3.71031E-01
3.20858E+03 3.72490E-01
3.20954E+03 3.73986E-01
3.21051E+03 3.75403E-01
3.21147E+03 3.76758E-01
3.21244E+03 3.78107E-01
3.21340E+03 3.79451E-01
3.21436E+03 3.80848E-01
3.21533E+03 3.82214E-01
3.21629E+03 3.83503E-01
3.21726E+03 3.84838E-01
3.21822E+03 3.86133E-01
3.21919E+03 3.87351E-01
3.22015E+03 3.88650E-01
3.22111E+03 3.89990E-01
3.22208E+03 3.91238E-01
3.22304E+03 3.92390E-01
3.22401E+03 3.93541E-01
3.22497E+03 3.94766E-01
3.22594E+03 3.95896E-01
3.22690E+03 3.96996E-01
3.22787E+03 3.98153E-01
3.22883E+03 3.99164E-01
3.22979E+03 4.00245E-01
3.23076E+03 4.01365E-01
3.23172E+03 4.02383E-01
3.23269E+03 4.03348E-01
3.23365E+03 4.04345E-01
3.23462E+03 4.05397E-01
3.23558E+03 4.06415E-01
3.23655E+03 4.07342E-01
3.23751E+03 4.08140E-01
3.23847E+03 4.09040E-01
3.23944E+03 4.09992E-01
3.24040E+03 4.10869E-01
3.24137E+03 4.11699E-01
3.24233E+03 4.12462E-01
3.24330E+03 4.13254E-01
3.24426E+03 4.14072E-01
3.24523E+03 4.14802E-01
3.24619E+03 4.15507E-01
3.24715E+03 4.16190E-01
3.24812E+03 4.16853E-01
3.24908E+03 4.17554E-01
3.25005E+03 4.18189E-01
3.25101E+03 4.18815E-01
3.25198E+03 4.19400E-01
3.25294E+03 4.19971E-01
3.25390E+03 4.20586E-01
3.25487E+03 4.21066E-01
3.25583E+03 4.21494E-01
3.25680E+03 4.22048E-01
3.25776E+03 4.22608E-01
3.25873E+03 4.23077E-01
3.25969E+03 4.23472E-01
3.26066E+03 4.23892E-01
3.26162E+03 4.24340E-01
3.26258E+03 4.24723E-01
3.26355E+03 4.25079E-01
3.26451E+03 4.25347E-01
3.26548E+03 4.25628E-01
3.26644E+03 4.25983E-01
3.26741E+03 4.26245E-01
3.26837E+03 4.26433E-01
3.26934E+03 4.26562E-01
3.27030E+03 4.26745E-01
3.27126E+03 4.26968E-01
3.27223E+03 4.27140E-01
3.27319E+03 4.27290E-01
3.27416E+03 4.27328E-01
3.27512E+03 4.27386E-01
3.27609E+03 4.27430E-01
3.27705E+03 4.27436E-01
3.27802E+03 4.27412E-01
3.27898E+03 4.27374E-01
3.27994E+03 4.27267E-01
3.28091E+03 4.27208E-01
3.28187E+03 4.27210E-01
3.28284E+03 4.27045E-01
3.28380E+03 4.26821E-01
3.28477E+03 4.26591E-01
3.28573E+03 4.26344E-01
3.28669E+03 4.26100E-01
3.28766E+03 4.25862E-01
3.28862E+03 4.25638E-01
3.28959E+03 4.25336E-01
3.29055E+03 4.24940E-01
3.29152E+03 4.24576E-01
3.29248E+03 4.24256E-01
3.29345E+03 4.23856E-01
3.29441E+03 4.23395E-01
3.29537E+03 4.22992E-01
3.29634E+03 4.22488E-01
3.29730E+03 4.21874E-01
3.29827E+03 4.21303E-01
3.29923E+03 4.20744E-01
3.30020E+03 4.20271E-01
3.30116E+03 4.19678E-01
3.30213E+03 4.19019E-01
3.30309E+03 4.18367E-01
3.30405E+03 4.17627E-01
3.30502E+03 4.16980E-01
3.30598E+03 4.16325E-01
3.30695E+03 4.15617E-01
3.30791E+03 4.14836E-01
3.30888E+03 4.13985E-01
3.30984E+03 4.13115E-01
3.31080E+03 4.12287E-01
3.31177E+03 4.11599E-01
3.31273E+03 4.10901E-01
3.31370E+03 4.09958E-01
3.31466E+03 4.08968E-01
3.31563E+03 4.08115E-01
3.31659E+03 4.07284E-01
3.31756E+03 4.06413E-01
3.31852E+03 4.05432E-01
3.31948E+03 4.04508E-01
3.32045E+03 4.03550E-01
3.32141E+03 4.02491E-01
3.32238E+03 4.01534E-01
3.32334E+03 4.00627E-01
3.32431E+03 3.99679E-01
3.32527E+03 3.98645E-01
3.32624E+03 3.97564E-01
3.32720E+03 3.96551E-01
3.32816E+03 3.95543E-01
3.32913E+03 3.94419E-01
3.33009E+03 3.93354E-01
3.33106E+03 3.92492E-01
3.33202E+03 3.91518E-01
3.33299E+03 3.90266E-01
3.33395E+03 3.89167E-01
3.33492E+03 3.88207E-01
3.33588E+03 3.87106E-01
3.33684E+03 3.85962E-01
3.33781E+03 3.84924E-01
3.33877E+03 3.83914E-01
3.33974E+03 3.82834E-01
3.34070E+03 3.81672E-01
3.34167E+03 3.80537E-01
3.34263E+03 3.79428E-01
3.34359E+03 3.78369E-01
3.34456E+03 3.77303E-01
3.34552E+03 3.76159E-01
3.34649E+03 3.75127E-01
3.34745E+03 3.74007E-01
3.34842E+03 3.72819E-01
3.34938E+03 3.71763E-01
3.35035E+03 3.70712E-01
3.35131E+03 3.69495E-01
3.35227E+03 3.68363E-01
3.35324E+03 3.67261E-01
3.35420E+03 3.66088E-01
3.35517E+03 3.64996E-01
3.35613E+03 3.63894E-01
3.35710E+03 3.62773E-01
3.35806E+03 3.61562E-01
3.35903E+03 3.60388E-01
3.35999E+03 3.59248E-01
3.36095E+03 3.58115E-01
3.36192E+03 3.57021E-01
3.36288E+03 3.55892E-01
3.36385E+03 3.54705E-01
3.36481E+03 3.53567E-01
3.36578E+03 3.52451E-01
3.36674E+03 3.51211E-01
3.36770E+03 3.50012E-01
3.36867E+03 3.48832E-01
3.36963E+03 3.47588E-01
3.37060E+03 3.46381E-01
3.37156E+03 3.45186E-01
3.37253E+03 3.43997E-01
3.37349E+03 3.42711E-01
3.37446E+03 3.41432E-01
3.37542E+03 3.40265E-01
3.37638E+03 3.39045E-01
3.37735E+03 3.37757E-01
3.37831E+03 3.36522E-01
3.37928E+03 3.35349E-01
3.38024E+03 3.34059E-01
3.38121E+03 3.32686E-01
3.38217E+03 3.31402E-01
3.38314E+03 3.30114E-01
3.38410E+03 3.28791E-01
3.38506E+03 3.27487E-01
3.38603E+03 3.26170E-01
3.38699E+03 3.24796E-01
3.38796E+03 3.23379E-01
3.38892E+03 3.21989E-01
3.38989E+03 3.20656E-01
3.39085E+03 3.19264E-01
3.39181E+03 3.17766E-01
3.39278E+03 3.16349E-01
3.39374E+03 3.14975E-01
3.39471E+03 3.13479E-01
3.39567E+03 3.12010E-01
3.39664E+03 3.10616E-01
3.39760E+03 3.09149E-01
3.39857E+03 3.07627E-01
3.39953E+03 3.06116E-01
3.40049E+03 3.04648E-01
3.40146E+03 3.03122E-01
3.40242E+03 3.01559E-01
3.40339E+03 2.99935E-01
3.40435E+03 2.98395E-01
3.40532E+03 2.96835E-01
3.40628E+03 2.95204E-01
3.40725E+03 2.93620E-01
3.40821E+03 2.91944E-01
3.40917E+03 2.90318E-01
3.41014E+03 2.88648E-01
3.41110E+03 2.86889E-01
3.41207E+03 2.85187E-01
3.41303E+03 2.83319E-01
3.41400E+03 2.81336E-01
3.41496E+03 2.79828E-01
3.41593E+03 2.78409E-01
3.41689E+03 2.76699E-01
3.41785E+03 2.74970E-01
3.41882E+03 2.73198E-01
3.41978E+03 2.71414E-01
3.42075E+03 2.69597E-01
3.42171E+03 2.67774E-01
3.42268E+03 2.65989E-01
3.42364E+03 2.64191E-01
3.42460E+03 2.62268E-01
3.42557E+03 2.60341E-01
3.42653E+03 2.58458E-01
3.42750E+03 2.56664E-01
3.42846E+03 2.54782E-01
3.42943E+03 2.52759E-01
3.43039E+03 2.50971E-01
3.43136E+03 2.49232E-01
3.43232E+03 2.47373E-01
3.43328E+03 2.45489E-01
3.43425E+03 2.43565E-01
3.43521E+03 2.41608E-01
3.43618E+03 2.39660E-01
3.43714E+03 2.37731E-01
3.43811E+03 2.35868E-01
3.43907E+03 2.33942E-01
3.44004E+03 2.31945E-01
3.44100E+03 2.30051E-01
3.44196E+03 2.28146E-01
3.44293E+03 2.26190E-01
3.44389E+03 2.24229E-01
3.44486E+03 2.22194E-01
3.44582E+03 2.20192E-01
3.44679E+03 2.18264E-01
3.44775E+03 2.16323E-01
3.44871E+03 2.14364E-01
3.44968E+03 2.12388E-01
3.45064E+03 2.10404E-01
3.45161E+03 2.08368E-01
3.45257E+03 2.06340E-01
3.45354E+03 2.04390E-01
3.45450E+03 2.02452E-01
3.45547E+03 2.00535E-01
3.45643E+03 1.98602E-01
3.45739E+03 1.96619E-01
3.45836E+03 1.94604E-01
3.45932E+03 1.92585E-01
3.46029E+03 1.90574E-01
3.46125E+03 1.88627E-01
3.46222E+03 1.86662E-01
3.46318E+03 1.84651E-01
3.46415E+03 1.82636E-01
3.46511E+03 1.80622E-01
3.46607E+03 1.78665E-01
3.46704E+03 1.76681E-01
3.46800E+03 1.74678E-01
3.46897E+03 1.72739E-01
3.46993E+03 1.70789E-01
3.47090E+03 1.68723E-01
3.47186E+03 1.66673E-01
3.47282E+03 1.64677E-01
3.47379E+03 1.62715E-01
3.47475E+03 1.60798E-01
3.47572E+03 1.58812E-01
3.47668E+03 1.56781E-01
3.47765E+03 1.54820E-01
3.47861E+03 1.52872E-01
3.47958E+03 1.50855E-01
3.48054E+03 1.48852E-01
3.48150E+03 1.46887E-01
3.48247E+03 1.44925E-01
3.48343E+03 1.42937E-01
3.48440E+03 1.40925E-01
3.48536E+03 1.38937E-01
3.48633E+03 1.36966E-01
3.48729E+03 1.35005E-01
3.48826E+03 1.33041E-01
3.48922E+03 1.31091E-01
3.49018E+03 1.29112E-01
3.49115E+03 1.27167E-01
3.49211E+03 1.25226E-01
3.49308E+03 1.23247E-01
3.49404E+03 1.21262E-01
3.49501E+03 1.19227E-01
3.49597E+03 1.17302E-01
3.49694E+03 1.15413E-01
3.49790E+03 1.13495E-01
3.49886E+03 1.11616E-01
3.49983E+03 1.09673E-01
3.50079E+03 1.07728E-01
3.50176E+03 1.05794E-01
3.50272E+03 1.03866E-01
3.50369E+03 1.01982E-01
3.50465E+03 1.00095E-01
3.50561E+03 9.81824E-02
3.50658E+03 9.63825E-02
3.50754E+03 9.45593E-02
3.50851E+03 9.26346E-02
3.50947E+03 9.07597E-02
3.51044E+03 8.89561E-02
3.51140E+03 8.72009E-02
3.51237E+03 8.54194E-02
3.51333E+03 8.36280E-02
3.51429E+03 8.18383E-02
3.51526E+03 8.00659E-02
3.51622E+03 7.83574E-02
3.51719E+03 7.66802E-02
3.51815E+03 7.49817E-02
3.51912E+03 7.33498E-02
3.52008E+03 7.17636E-02
3.52105E+03 7.01185E-02
3.52201E+03 6.85204E-02
3.52297E+03 6.69148E-02
3.52394E+03 6.53199E-02
3.52490E+03 6.38521E-02
3.52587E+03 6.23952E-02
3.52683E+03 6.09493E-02
3.52780E+03 5.95373E-02
3.52876E+03 5.81645E-02
3.52972E+03 5.67750E-02
3.53069E+03 5.54293E-02
3.53165E+03 5.41705E-02
3.53262E+03 5.28514E-02
3.53358E+03 5.15225E-02
3.53455E+03 5.03085E-02
3.53551E+03 4.91294E-02
3.53648E+03 4.79479E-02
3.53744E+03 4.68070E-02
3.53840E+03 4.56690E-02
3.53937E+03 4.45694E-02
3.54033E+03 4.35094E-02
3.54130E+03 4.25043E-02
3.54226E+03 4.15121E-02
3.54323E+03 4.04463E-02
3.54419E+03 3.94210E-02
3.54516E+03 3.84926E-02
3.54612E+03 3.75941E-02
3.54708E+03 3.66959E-02
3.54805E+03 3.58103E-02
3.54901E+03 3.49525E-02
3.54998E+03 3.41278E-02
3.55094E+03 3.33456E-02
3.55191E+03 3.25831E-02
3.55287E+03 3.18159E-02
3.55383E+03 3.10613E-02
3.55480E+03 3.03410E-02
3.55576E+03 2.96275E-02
3.55673E+03 2.90127E-02
3.55769E+03 2.83436E-02
3.55866E+03 2.76440E-02
3.55962E+03 2.70172E-02
3.56059E+03 2.63871E-02
3.56155E+03 2.58212E-02
3.56251E+03 2.52431E-02
3.56348E+03 2.46547E-02
3.56444E+03 2.41460E-02
3.56541E+03 2.35998E-02
3.56637E+03 2.30581E-02
3.56734E+03 2.25985E-02
3.56830E+03 2.21054E-02
3.56927E+03 2.16341E-02
3.57023E+03 2.12253E-02
3.57119E+03 2.07966E-02
3.57216E+03 2.03858E-02
3.57312E+03 1.99993E-02
3.57409E+03 1.96212E-02
3.57505E+03 1.93261E-02
3.57602E+03 1.90351E-02
3.57698E+03 1.87572E-02
3.57795E+03 1.85891E-02
3.57891E+03 1.84760E-02
3.57987E+03 1.84268E-02
3.58084E+03 1.84345E-02
3.58180E+03 1.84657E-02
3.58277E+03 1.85978E-02
3.58373E+03 1.88135E-02
3.58470E+03 1.91128E-02
3.58566E+03 1.94972E-02
3.58662E+03 1.98744E-02
3.58759E+03 2.02587E-02
3.58855E+03 2.06703E-02
3.58952E+03 2.10789E-02
3.59048E+03 2.14834E-02
3.59145E+03 2.19442E-02
3.59241E+03 2.25050E-02
3.59338E+03 2.32061E-02
3.59434E+03 2.38962E-02
3.59530E+03 2.43871E-02
3.59627E+03 2.44341E-02
3.59723E+03 2.40988E-02
3.59820E+03 2.35818E-02
3.59916E+03 2.45221E-02
3.60013E+03 2.64156E-02
3.60109E+03 2.33596E-02
3.60206E+03 1.76415E-02
3.60302E+03 1.45298E-02
3.60398E+03 1.29611E-02
3.60495E+03 1.20593E-02
3.60591E+03 1.15053E-02
3.60688E+03 1.11710E-02
3.60784E+03 1.09173E-02
3.60881E+03 1.06545E-02
3.60977E+03 1.04163E-02
3.61074E+03 1.01414E-02
3.61170E+03 9.89464E-03
3.61266E+03 9.75475E-03
3.61363E+03 9.56548E-03
3.61459E+03 9.38752E-03
3.61556E+03 9.23960E-03
3.61652E+03 9.05147E-03
3.61749E+03 8.92394E-03
3.61845E+03 8.86622E-03
3.61941E+03 8.84421E-03
3.62038E+03 8.85070E-03
3.62134E+03 8.79710E-03
3.62231E+03 8.73789E-03
3.62327E+03 8.70036E-03
3.62424E+03 8.74246E-03
3.62520E+03 8.84171E-03
3.62617E+03 8.90272E-03
3.62713E+03 8.99111E-03
3.62809E+03 9.09453E-03
3.62906E+03 9.21684E-03
3.63002E+03 9.39293E-03
3.63099E+03 9.57016E-03
3.63195E+03 9.83417E-03
3.63292E+03 1.01874E-02
3.63388E+03 1.04636E-02
3.63485E+03 1.06845E-02
3.63581E+03 1.09622E-02
3.63677E+03 1.13050E-02
3.63774E+03 1.17667E-02
3.63870E+03 1.23233E-02
3.63967E+03 1.28709E-02
3.64063E+03 1.34748E-02
3.64160E+03 1.41129E-02
3.64256E+03 1.47743E-02
3.64352E+03 1.55343E-02
3.64449E+03 1.63226E-02
3.64545E+03 1.70188E-02
3.64642E+03 1.76872E-02
3.64738E+03 1.83113E-02
3.64835E+03 1.89043E-02
3.64931E+03 1.94740E-02
3.65028E+03 1.99059E-02
3.65124E+03 2.02687E-02
3.65220E+03 2.04817E-02
3.65317E+03 2.05408E-02
3.65413E+03 2.06128E-02
3.65510E+03 2.06005E-02
3.65606E+03 2.04076E-02
3.65703E+03 2.00518E-02
3.65799E+03 1.95675E-02
3.65896E+03 1.90543E-02
3.65992E+03 1.84782E-02
3.66088E+03 1.78032E-02
3.66185E+03 1.70214E-02
3.66281E+03 1.61884E-02
3.66378E+03 1.53346E-02
3.66474E+03 1.44461E-02
3.66571E+03 1.35845E-02
3.66667E+03 1.27365E-02
3.66764E+03 1.18747E-02
3.66860E+03 1.10510E-02
3.66956E+03 1.02756E-02
3.67053E+03 9.59446E-03
3.67149E+03 8.93726E-03
3.67246E+03 8.23413E-03
3.67342E+03 7.56541E-03
3.67439E+03 6.98926E-03
3.67535E+03 6.51386E-03
3.67631E+03 6.00922E-03
3.67728E+03 5.50060E-03
3.67824E+03 5.07994E-03
3.67921E+03 4.71096E-03
3.68017E+03 4.36862E-03
3.68114E+03 4.07823E-03
3.68210E+03 3.83963E-03
3.68307E+03 3.67130E-03
3.68403E+03 3.57969E-03
3.68499E+03 3.52655E-03
3.68596E+03 3.54990E-03
3.68692E+03 3.70394E-03
3.68789E+03 4.01786E-03
3.68885E+03 4.47362E-03
3.68982E+03 5.04259E-03
3.69078E+03 5.87265E-03
3.69175E+03 7.04810E-03
3.69271E+03 8.54453E-03
3.69367E+03 1.04286E-02
3.69464E+03 1.28201E-02
3.69560E+03 1.57207E-02
3.69657E+03 1.91362E-02
3.69753E+03 2.30054E-02
3.69850E+03 2.70192E-02
3.69946E+03 3.08485E-02
3.70042E+03 3.40456E-02
3.70139E+03 3.61136E-02
3.70235E+03 3.67424E-02
3.70332E+03 3.59474E-02
3.70428E+03 3.40582E-02
3.70525E+03 3.15952E-02
3.70621E+03 2.95458E-02
3.70718E+03 3.00718E-02
3.70814E+03 3.25771E-02
3.70910E+03 2.88337E-02
3.71007E+03 1.90495E-02
3.71103E+03 1.18588E-02
3.71200E+03 8.17942E-03
3.71296E+03 6.21857E-03
3.71393E+03 5.12340E-03
3.71489E+03 4.50356E-03
3.71586E+03 4.11001E-03
3.71682E+03 3.79748E-03
3.71778E+03 3.56954E-03
3.71875E+03 3.36808E-03
3.71971E+03 3.21007E-03
3.72068E+03 3.05552E-03
3.72164E+03 2.90628E-03
3.72261E+03 2.74321E-03
3.72357E+03 2.56372E-03
3.72453E+03 2.44712E-03
3.72550E+03 2.35946E-03
3.72646E+03 2.19923E-03
3.72743E+03 2.07215E-03
3.72839E+03 1.94732E-03
3.72936E+03 1.77491E-03
3.73032E+03 1.61279E-03
3.73129E+03 1.48408E-03
3.73225E+03 1.37841E-03
3.73321E+03 1.24546E-03
3.73418E+03 1.12061E-03
3.73514E+03 9.88822E-04
3.73611E+03 8.34953E-04
3.73707E+03 7.49823E-04
3.73804E+03 6.21479E-04
3.73900E+03 4.84571E-04
3.73997E+03 4.37755E-04
3.74093E+03 3.01003E-04
3.74189E+03 1.04167E-04
3.74286E+03 7.62194E-06
3.74382E+03 -3.08491E-05
3.74479E+03 -3.59565E-05
3.74575E+03 -1.04278E-04
3.74672E+03 -2.42703E-04
3.74768E+03 -3.65928E-04
3.74865E+03 -4.28498E-04
3.74961E+03 -4.27216E-04
3.75057E+03 -5.05984E-04
3.75154E+03 -5.99191E-04
3.75250E+03 -6.59883E-04
3.75347E+03 -7.96720E-04
3.75443E+03 -8.97627E-04
3.75540E+03 -9.29650E-04
3.75636E+03 -9.93956E-04
3.75732E+03 -1.07597E-03
3.75829E+03 -1.08336E-03
3.75925E+03 -1.03611E-03
3.76022E+03 -1.05857E-03
3.76118E+03 -1.10931E-03
3.76215E+03 -1.16001E-03
3.76311E+03 -1.19552E-03
3.76408E+03 -1.21342E-03
3.76504E+03 -1.23886E-03
3.76600E+03 -1.23736E-03
3.76697E+03 -1.24153E-03
3.76793E+03 -1.30025E-03
3.76890E+03 -1.31145E-03
3.76986E+03 -1.26282E-03
3.77083E+03 -1.25812E-03
3.77179E+03 -1.26510E-03
3.77276E+03 -1.25857E-03
3.77372E+03 -1.24805E-03
3.77468E+03 -1.23147E-03
3.77565E+03 -1.29088E-03
3.77661E+03 -1.30745E-03
3.77758E+03 -1.29095E-03
3.77854E+03 -1.34115E-03
3.77951E+03 -1.33041E-03
3.78047E+03 -1.31091E-03
3.78143E+03 -1.29775E-03
3.78240E+03 -1.26226E-03
3.78336E+03 -1.25092E-03
3.78433E+03 -1.24982E-03
3.78529E+03 -1.27602E-03
3.78626E+03 -1.31835E-03
3.78722E+03 -1.34093E-03
3.78819E+03 -1.30488E-03
3.78915E+03 -1.30825E-03
3.79011E+03 -1.31574E-03
3.79108E+03 -1.26409E-03
3.79204E+03 -1.28810E-03
3.79301E+03 -1.30505E-03
3.79397E+03 -1.28017E-03
3.79494E+03 -1.30897E-03
3.79590E+03 -1.29956E-03
3.79687E+03 -1.30904E-03
3.79783E+03 -1.33602E-03
3.79879E+03 -1.26904E-03
3.79976E+03 -1.25941E-03
3.80072E+03 -1.30692E-03
3.80169E+03 -1.26222E-03
3.80265E+03 -1.24612E-03
3.80362E+03 -1.30886E-03
3.80458E+03 -1.30735E-03
3.80554E+03 -1.32079E-03
3.80651E+03 -1.33313E-03
3.80747E+03 -1.29513E-03
3.80844E+03 -1.36610E-03
3.80940E+03 -1.41561E-03
3.81037E+03 -1.37424E-03
3.81133E+03 -1.36259E-03
3.81230E+03 -1.33726E-03
3.81326E+03 -1.26227E-03
3.81422E+03 -1.26936E-03
3.81519E+03 -1.32298E-03
3.81615E+03 -1.25717E-03
3.81712E+03 -1.24551E-03
3.81808E+03 -1.27500E-03
3.81905E+03 -1.27783E-03
3.82001E+03 -1.26305E-03
3.82098E+03 -1.22638E-03
3.82194E+03 -1.23974E-03
3.82290E+03 -1.26507E-03
3.82387E+03 -1.27601E-03
3.82483E+03 -1.29203E-03
3.82580E+03 -1.32779E-03
3.82676E+03 -1.30808E-03
3.82773E+03 -1.26178E-03
3.82869E+03 -1.29044E-03
3.82966E+03 -1.30983E-03
3.83062E+03 -1.29284E-03
3.83158E+03 -1.25942E-03
3.83255E+03 -1.25093E-03
3.83351E+03 -1.29795E-03
3.83448E+03 -1.27248E-03
3.83544E+03 -1.23590E-03
3.83641E+03 -1.30409E-03
3.83737E+03 -1.28228E-03
3.83833E+03 -1.17547E-03
3.83930E+03 -1.15422E-03
3.84026E+03 -1.20104E-03
3.84123E+03 -1.21053E-03
3.84219E+03 -1.22925E-03
3.84316E+03 -1.24132E-03
3.84412E+03 -1.21770E-03
3.84509E+03 -1.19177E-03
3.84605E+03 -1.15614E-03
3.84701E+03 -1.15792E-03
3.84798E+03 -1.10661E-03
3.84894E+03 -1.07373E-03
3.84991E+03 -1.09345E-03
3.85087E+03 -1.11363E-03
3.85184E+03 -1.05187E-03
3.85280E+03 -1.02869E-03
3.85377E+03 -1.03188E-03
3.85473E+03 -9.98996E-04
3.85569E+03 -1.09065E-03
3.85666E+03 -1.12123E-03
3.85762E+03 -1.10978E-03
3.85859E+03 -1.12209E-03
3.85955E+03 -1.10202E-03
3.86052E+03 -1.11948E-03
3.86148E+03 -1.12295E-03
3.86244E+03 -1.06669E-03
3.86341E+03 -1.04995E-03
3.86437E+03 -1.06547E-03
3.86534E+03 -9.81405E-04
3.86630E+03 -9.66143E-04
3.86727E+03 -1.04389E-03
3.86823E+03 -1.03201E-03
3.86920E+03 -1.03013E-03
3.87016E+03 -9.71381E-04
3.87112E+03 -9.90119E-04
3.87209E+03 -1.06517E-03
3.87305E+03 -1.01691E-03
3.87402E+03 -1.01406E-03
3.87498E+03 -1.02880E-03
3.87595E+03 -1.03931E-03
3.87691E+03 -1.08309E-03
3.87788E+03 -1.08615E-03
3.87884E+03 -1.06933E-03
3.87980E+03 -1.04046E-03
3.88077E+03 -1.01303E-03
3.88173E+03 -1.03012E-03
3.88270E+03 -1.02266E-03
3.88366E+03 -1.00416E-03
3.88463E+03 -9.96180E-04
3.88559E+03 -9.99328E-04
3.88655E+03 -1.00416E-03
3.88752E+03 -9.92455E-04
3.88848E+03 -9.36937E-04
3.88945E+03 -9.44138E-04
3.89041E+03 -1.01217E-03
3.89138E+03 -9.58178E-04
3.89234E+03 -9.52717E-04
3.89331E+03 -9.47647E-04
3.89427E+03 -9.06423E-04
3.89523E+03 -9.24908E-04
3.89620E+03 -9.66709E-04
3.89716E+03 -1.01224E-03
3.89813E+03 -9.69224E-04
3.89909E+03 -9.47431E-04
3.90006E+03 -9.54788E-04
3.90102E+03 -9.13780E-04
3.90199E+03 -8.76177E-04
3.90295E+03 -8.80301E-04
3.90391E+03 -8.84946E-04
3.90488E+03 -8.63604E-04
3.90584E+03 -8.21702E-04
3.90681E+03 -8.13488E-04
3.90777E+03 -8.74370E-04
3.90874E+03 -8.64636E-04
3.90970E+03 -7.68937E-04
3.91067E+03 -7.35674E-04
3.91163E+03 -7.96355E-04
3.91259E+03 -8.07177E-04
3.91356E+03 -7.55642E-04
3.91452E+03 -7.49104E-04
3.91549E+03 -7.63245E-04
3.91645E+03 -7.50981E-04
3.91742E+03 -7.24733E-04
3.91838E+03 -7.01997E-04
3.91934E+03 -6.76498E-04
3.92031E+03 -6.34760E-04
3.92127E+03 -6.71431E-04
3.92224E+03 -7.10960E-04
3.92320E+03 -6.95638E-04
3.92417E+03 -6.51747E-04
3.92513E+03 -6.21308E-04
3.92610E+03 -5.67671E-04
3.92706E+03 -5.49611E-04
3.92802E+03 -6.09331E-04
3.92899E+03 -6.27067E-04
3.92995E+03 -6.02581E-04
3.93092E+03 -5.26082E-04
3.93188E+03 -4.73965E-04
3.93285E+03 -4.70571E-04
3.93381E+03 -5.35116E-04
3.93478E+03 -5.43952E-04
3.93574E+03 -4.77765E-04
3.93670E+03 -4.15105E-04
3.93767E+03 -3.85873E-04
3.93863E+03 -4.05982E-04
3.93960E+03 -4.14357E-04
3.94056E+03 -4.42993E-04
3.94153E+03 -4.98172E-04
3.94249E+03 -4.63322E-04
3.94346E+03 -3.92891E-04
3.94442E+03 -3.95577E-04
3.94538E+03 -3.95998E-04
3.94635E+03 -3.36770E-04
3.94731E+03 -3.68424E-04
3.94828E+03 -4.12606E-04
3.94924E+03 -2.87320E-04
3.95021E+03 -2.27224E-04
3.95117E+03 -3.17588E-04
3.95213E+03 -3.66170E-04
3.95310E+03 -3.14552E-04
3.95406E+03 -2.86262E-04
3.95503E+03 -2.64529E-04
3.95599E+03 -1.99839E-04
3.95696E+03 -1.79544E-04
3.95792E+03 -2.10691E-04
3.95889E+03 -2.08899E-04
3.95985E+03 -1.43774E-04
3.96081E+03 -1.11625E-04
3.96178E+03 -8.30218E-05
3.96274E+03 -1.11904E-04
3.96371E+03 -1.04673E-04
3.96467E+03 -6.28233E-05
3.96564E+03 -8.56295E-05
3.96660E+03 -5.68070E-05
3.96757E+03 1.47782E-05
3.96853E+03 3.38852E-05
3.96949E+03 -2.85245E-05
3.97046E+03 -8.51266E-05
3.97142E+03 -5.82933E-05
3.97239E+03 2.54400E-05
3.97335E+03 4.48860E-05
3.97432E+03 -2.34544E-05
3.97528E+03 -2.26200E-05
3.97624E+03 5.51417E-05
3.97721E+03 9.63621E-05
3.97817E+03 1.03120E-04
3.97914E+03 9.99644E-05
3.98010E+03 1.00374E-04
3.98107E+03 1.68927E-04
3.98203E+03 2.02920E-04
3.98300E+03 1.61290E-04
3.98396E+03 1.54518E-04
3.98492E+03 1.43204E-04
3.98589E+03 1.59509E-04
3.98685E+03 1.49924E-04
3.98782E+03 1.19179E-04
3.98878E+03 1.33760E-04
3.98975E+03 1.44091E-04
3.99071E+03 1.92169E-04
3.99168E+03 2.15173E-04
3.99264E+03 2.24471E-04
3.99360E+03 2.56360E-04
3.99457E+03 2.69264E-04
3.99553E+03 2.84515E-04
3.99650E+03 2.76543E-04
3.99746E+03 2.54784E-04
3.99843E+03 2.91623E-04
3.99939E+03 3.58425E-04
4.00035E+03 3.78486E-04
4.00132E+03 3.47085E-04
