# {"full": "H2O:CH3OH:CO2:CH4 (0.4:0.6:1:0.23)", "name": "H2O:CH3OH:CO2:CH4", "ratio": "(0.4:0.6:1:0.23)", "url": "https://icedb.strw.leidenuniv.nl/data/54", "author": "Ehrenfreund et al."}
3.99746E+02 2.92460E-03
4.00228E+02 4.98069E-03
4.00711E+02 8.22905E-04
4.01193E+02 -7.30082E-04
4.01675E+02 2.53882E-03
4.02157E+02 2.37696E-03
4.02639E+02 2.32783E-03
4.03122E+02 1.94330E-03
4.03604E+02 1.25916E-03
4.04086E+02 -8.06898E-06
4.04568E+02 3.66246E-03
4.05050E+02 4.46262E-03
4.05533E+02 3.09530E-03
4.06015E+02 3.41655E-03
4.06497E+02 1.13182E-02
4.06979E+02 1.84133E-02
4.07461E+02 1.01919E-03
4.07944E+02 -5.02839E-03
4.08426E+02 -3.72674E-04
4.08908E+02 -5.89229E-04
4.09390E+02 9.80832E-05
4.09872E+02 -2.79326E-04
4.10355E+02 1.72446E-03
4.10837E+02 8.53147E-04
4.11319E+02 7.85124E-04
4.11801E+02 1.61278E-03
4.12283E+02 1.20904E-03
4.12766E+02 1.72511E-04
4.13248E+02 2.04980E-04
4.13730E+02 1.59271E-03
4.14212E+02 -1.09811E-03
4.14694E+02 1.12059E-03
4.15177E+02 5.89469E-03
4.15659E+02 2.76743E-03
4.16141E+02 3.42079E-04
4.16623E+02 -5.00329E-04
4.17105E+02 -3.10961E-04
4.17588E+02 1.58290E-03
4.18070E+02 1.23671E-03
4.18552E+02 -2.63441E-04
4.19034E+02 -1.79444E-04
4.19516E+02 -8.31522E-04
4.19999E+02 -7.84859E-04
4.20481E+02 -1.26061E-03
4.20963E+02 1.56897E-02
4.21445E+02 1.95618E-02
4.21927E+02 2.65042E-03
4.22410E+02 -8.40798E-05
4.22892E+02 -1.07407E-03
4.23374E+02 -1.79963E-03
4.23856E+02 -1.40662E-03
4.24339E+02 -1.43694E-03
4.24821E+02 -1.01091E-03
4.25303E+02 -9.92525E-04
4.25785E+02 -1.70809E-03
4.26267E+02 -1.41968E-03
4.26750E+02 -1.53427E-03
4.27232E+02 -1.03436E-04
4.27714E+02 2.60670E-04
4.28196E+02 -2.14539E-03
4.28678E+02 -1.97228E-03
4.29161E+02 -2.29936E-03
4.29643E+02 -1.67827E-03
4.30125E+02 -1.55900E-03
4.30607E+02 -2.01651E-03
4.31089E+02 5.74414E-04
4.31572E+02 5.18791E-04
4.32054E+02 -1.19623E-04
4.32536E+02 4.55208E-04
4.33018E+02 6.68962E-04
4.33500E+02 7.82643E-04
4.33983E+02 5.73847E-04
4.34465E+02 1.04657E-03
4.34947E+02 3.91277E-03
4.35429E+02 4.92996E-03
4.35911E+02 1.16610E-03
4.36394E+02 8.14945E-05
4.36876E+02 1.11940E-03
4.37358E+02 1.16130E-03
4.37840E+02 1.09893E-03
4.38322E+02 -1.26552E-04
4.38805E+02 -2.95531E-04
4.39287E+02 4.21535E-04
4.39769E+02 4.15742E-04
4.40251E+02 7.95640E-04
4.40733E+02 1.45772E-03
4.41216E+02 1.87093E-03
4.41698E+02 8.17925E-04
4.42180E+02 9.31181E-04
4.42662E+02 1.62736E-03
4.43144E+02 1.57148E-03
4.43627E+02 1.53311E-03
4.44109E+02 8.74411E-04
4.44591E+02 9.04907E-04
4.45073E+02 8.94651E-04
4.45555E+02 -2.80138E-04
4.46038E+02 -3.05157E-04
4.46520E+02 -8.81627E-05
4.47002E+02 -3.28496E-04
4.47484E+02 -7.11035E-04
4.47966E+02 -1.63098E-03
4.48449E+02 -2.89583E-03
4.48931E+02 -6.37123E-03
4.49413E+02 -2.98626E-03
4.49895E+02 2.12914E-03
4.50377E+02 2.16390E-03
4.50860E+02 2.00011E-03
4.51342E+02 1.27646E-03
4.51824E+02 1.06552E-03
4.52306E+02 1.04839E-03
4.52788E+02 6.25245E-04
4.53271E+02 2.73574E-04
4.53753E+02 3.10201E-04
4.54235E+02 -5.26756E-06
4.54717E+02 1.82252E-04
4.55199E+02 -2.86147E-04
4.55682E+02 -4.25693E-04
4.56164E+02 -2.14726E-04
4.56646E+02 -1.75232E-03
4.57128E+02 -1.65571E-03
4.57611E+02 -1.07154E-03
4.58093E+02 -1.50442E-03
4.58575E+02 -1.17445E-03
4.59057E+02 -9.57906E-04
4.59539E+02 -9.37875E-04
4.60022E+02 -1.00596E-03
4.60504E+02 -8.77555E-04
4.60986E+02 -4.06820E-04
4.61468E+02 -4.09331E-04
4.61950E+02 -4.02812E-04
4.62433E+02 -1.51090E-04
4.62915E+02 1.74389E-03
4.63397E+02 2.30179E-03
4.63879E+02 -4.95240E-05
4.64361E+02 -2.18250E-04
4.64844E+02 1.12206E-04
4.65326E+02 -4.01773E-05
4.65808E+02 -3.08950E-04
4.66290E+02 -6.64361E-04
4.66772E+02 -2.65386E-04
4.67255E+02 2.82820E-04
4.67737E+02 2.73604E-04
4.68219E+02 -2.66306E-04
4.68701E+02 -6.55241E-05
4.69183E+02 1.82498E-04
4.69666E+02 2.28047E-04
4.70148E+02 1.65030E-06
4.70630E+02 7.48996E-04
4.71112E+02 1.43985E-03
4.71594E+02 8.81016E-04
4.72077E+02 8.37889E-04
4.72559E+02 9.16842E-04
4.73041E+02 1.04339E-03
4.73523E+02 7.05115E-04
4.74005E+02 4.55223E-04
4.74488E+02 9.61762E-04
4.74970E+02 1.23782E-03
4.75452E+02 6.50637E-04
4.75934E+02 3.14068E-04
4.76416E+02 5.64445E-04
4.76899E+02 -4.72073E-04
4.77381E+02 -4.20060E-04
4.77863E+02 1.05609E-03
4.78345E+02 1.44255E-03
4.78827E+02 1.51495E-03
4.79310E+02 1.09892E-03
4.79792E+02 8.67873E-04
4.80274E+02 9.21585E-04
4.80756E+02 9.18552E-04
4.81238E+02 8.04503E-04
4.81721E+02 3.70447E-04
4.82203E+02 4.74796E-04
4.82685E+02 2.75705E-04
4.83167E+02 -1.59774E-04
4.83649E+02 2.18131E-04
4.84132E+02 9.08688E-04
4.84614E+02 4.29444E-04
4.85096E+02 -5.12168E-04
4.85578E+02 -2.14800E-04
4.86060E+02 1.50118E-04
4.86543E+02 4.90323E-05
4.87025E+02 -2.87965E-04
4.87507E+02 -6.46785E-05
4.87989E+02 3.07787E-04
4.88471E+02 1.36383E-04
4.88954E+02 -2.70192E-04
4.89436E+02 -2.78406E-04
4.89918E+02 1.09803E-04
4.90400E+02 -5.76042E-05
4.90883E+02 -5.58089E-04
4.91365E+02 3.38458E-04
4.91847E+02 1.38865E-03
4.92329E+02 1.00035E-03
4.92811E+02 5.59781E-04
4.93294E+02 7.49048E-04
4.93776E+02 9.24379E-04
4.94258E+02 8.15086E-04
4.94740E+02 8.40668E-04
4.95222E+02 1.05808E-03
4.95705E+02 1.03605E-03
4.96187E+02 5.91766E-04
4.96669E+02 6.41018E-04
4.97151E+02 1.00244E-03
4.97633E+02 8.17772E-04
4.98116E+02 -3.75137E-04
4.98598E+02 -1.16200E-03
4.99080E+02 6.54254E-04
4.99562E+02 1.88216E-03
5.00044E+02 1.48794E-03
5.00527E+02 1.12628E-03
5.01009E+02 1.02898E-03
5.01491E+02 1.29432E-03
5.01973E+02 9.77349E-04
5.02455E+02 9.53965E-04
5.02938E+02 1.52797E-03
5.03420E+02 1.62186E-03
5.03902E+02 1.01179E-03
5.04384E+02 9.80426E-04
5.04866E+02 1.37816E-03
5.05349E+02 1.97769E-03
5.05831E+02 2.17446E-03
5.06313E+02 1.54384E-03
5.06795E+02 1.46705E-03
5.07277E+02 1.47814E-03
5.07760E+02 1.40225E-03
5.08242E+02 1.46138E-03
5.08724E+02 1.51360E-03
5.09206E+02 1.39775E-03
5.09688E+02 1.17879E-03
5.10171E+02 1.29570E-03
5.10653E+02 1.49532E-03
5.11135E+02 1.34863E-03
5.11617E+02 1.14884E-03
5.12099E+02 1.26492E-03
5.12582E+02 1.41798E-03
5.13064E+02 1.53953E-03
5.13546E+02 1.60347E-03
5.14028E+02 1.61671E-03
5.14510E+02 1.68781E-03
5.14993E+02 1.73073E-03
5.15475E+02 1.74248E-03
5.15957E+02 1.81207E-03
5.16439E+02 1.72781E-03
5.16921E+02 1.59217E-03
5.17404E+02 1.83970E-03
5.17886E+02 2.18869E-03
5.18368E+02 2.38431E-03
5.18850E+02 2.14600E-03
5.19332E+02 2.00789E-03
5.19815E+02 2.02731E-03
5.20297E+02 1.95728E-03
5.20779E+02 1.92288E-03
5.21261E+02 1.83859E-03
5.21743E+02 2.11560E-03
5.22226E+02 2.57392E-03
5.22708E+02 2.34152E-03
5.23190E+02 2.12558E-03
5.23672E+02 2.43422E-03
5.24154E+02 2.42098E-03
5.24637E+02 2.22876E-03
5.25119E+02 2.33432E-03
5.25601E+02 2.54641E-03
5.26083E+02 2.50496E-03
5.26565E+02 2.03650E-03
5.27048E+02 2.06786E-03
5.27530E+02 2.82564E-03
5.28012E+02 2.79561E-03
5.28494E+02 2.44039E-03
5.28977E+02 2.61009E-03
5.29459E+02 2.80025E-03
5.29941E+02 2.73176E-03
5.30423E+02 2.65700E-03
5.30905E+02 2.70547E-03
5.31388E+02 3.00959E-03
5.31870E+02 3.07041E-03
5.32352E+02 2.92265E-03
5.32834E+02 3.20978E-03
5.33316E+02 3.76555E-03
5.33799E+02 3.15692E-03
5.34281E+02 2.63067E-03
5.34763E+02 2.91805E-03
5.35245E+02 3.24189E-03
5.35727E+02 3.27190E-03
5.36210E+02 2.61436E-03
5.36692E+02 2.92631E-03
5.37174E+02 3.41639E-03
5.37656E+02 3.17318E-03
5.38138E+02 3.05134E-03
5.38621E+02 3.19557E-03
5.39103E+02 3.39677E-03
5.39585E+02 3.32929E-03
5.40067E+02 3.24271E-03
5.40549E+02 3.38130E-03
5.41032E+02 3.77086E-03
5.41514E+02 3.61405E-03
5.41996E+02 3.36474E-03
5.42478E+02 3.92401E-03
5.42960E+02 4.12069E-03
5.43443E+02 3.75645E-03
5.43925E+02 3.62155E-03
5.44407E+02 3.77155E-03
5.44889E+02 3.92139E-03
5.45371E+02 3.72737E-03
5.45854E+02 3.61005E-03
5.46336E+02 3.86305E-03
5.46818E+02 4.22360E-03
5.47300E+02 4.55918E-03
5.47782E+02 3.99096E-03
5.48265E+02 3.45622E-03
5.48747E+02 3.45567E-03
5.49229E+02 3.52607E-03
5.49711E+02 3.80988E-03
5.50193E+02 3.90000E-03
5.50676E+02 3.83481E-03
5.51158E+02 3.89268E-03
5.51640E+02 3.98558E-03
5.52122E+02 4.12816E-03
5.52604E+02 4.21182E-03
5.53087E+02 3.99915E-03
5.53569E+02 4.08044E-03
5.54051E+02 4.40506E-03
5.54533E+02 4.47828E-03
5.55016E+02 4.15443E-03
5.55498E+02 3.95974E-03
5.55980E+02 4.30913E-03
5.56462E+02 4.41548E-03
5.56944E+02 4.13103E-03
5.57427E+02 4.15828E-03
5.57909E+02 4.28328E-03
5.58391E+02 4.24995E-03
5.58873E+02 4.39072E-03
5.59355E+02 4.50175E-03
5.59838E+02 4.48262E-03
5.60320E+02 4.32890E-03
5.60802E+02 4.46751E-03
5.61284E+02 4.23151E-03
5.61766E+02 3.91706E-03
5.62249E+02 4.39250E-03
5.62731E+02 4.65659E-03
5.63213E+02 4.81572E-03
5.63695E+02 4.94364E-03
5.64177E+02 4.90995E-03
5.64660E+02 4.93982E-03
5.65142E+02 5.13624E-03
5.65624E+02 5.13105E-03
5.66106E+02 4.99612E-03
5.66588E+02 5.18167E-03
5.67071E+02 5.41363E-03
5.67553E+02 5.40640E-03
5.68035E+02 5.23248E-03
5.68517E+02 5.21970E-03
5.68999E+02 5.47125E-03
5.69482E+02 5.65162E-03
5.69964E+02 5.46552E-03
5.70446E+02 5.35578E-03
5.70928E+02 5.64953E-03
5.71410E+02 5.87541E-03
5.71893E+02 5.63307E-03
5.72375E+02 5.63168E-03
5.72857E+02 5.87450E-03
5.73339E+02 5.61726E-03
5.73821E+02 5.52954E-03
5.74304E+02 5.87799E-03
5.74786E+02 6.14183E-03
5.75268E+02 5.71964E-03
5.75750E+02 5.96479E-03
5.76232E+02 6.65297E-03
5.76715E+02 6.57666E-03
5.77197E+02 6.51988E-03
5.77679E+02 6.30262E-03
5.78161E+02 6.43733E-03
5.78643E+02 6.75568E-03
5.79126E+02 6.53942E-03
5.79608E+02 6.35052E-03
5.80090E+02 6.44584E-03
5.80572E+02 6.71001E-03
5.81054E+02 6.68516E-03
5.81537E+02 6.55646E-03
5.82019E+02 6.70178E-03
5.82501E+02 7.00136E-03
5.82983E+02 6.88665E-03
5.83465E+02 6.46784E-03
5.83948E+02 6.64631E-03
5.84430E+02 6.95524E-03
5.84912E+02 6.82280E-03
5.85394E+02 6.74434E-03
5.85876E+02 7.02570E-03
5.86359E+02 7.08832E-03
5.86841E+02 6.92998E-03
5.87323E+02 7.06371E-03
5.87805E+02 7.29428E-03
5.88287E+02 7.43691E-03
5.88770E+02 7.30268E-03
5.89252E+02 7.28272E-03
5.89734E+02 7.73999E-03
5.90216E+02 7.70023E-03
5.90698E+02 7.50975E-03
5.91181E+02 7.73338E-03
5.91663E+02 7.94040E-03
5.92145E+02 7.85834E-03
5.92627E+02 7.74731E-03
5.93109E+02 7.89894E-03
5.93592E+02 8.12629E-03
5.94074E+02 8.14449E-03
5.94556E+02 8.15655E-03
5.95038E+02 8.33246E-03
5.95521E+02 8.47293E-03
5.96003E+02 8.49150E-03
5.96485E+02 8.66211E-03
5.96967E+02 8.57289E-03
5.97449E+02 8.44656E-03
5.97932E+02 8.72736E-03
5.98414E+02 8.83848E-03
5.98896E+02 8.99996E-03
5.99378E+02 9.24167E-03
5.99860E+02 9.24519E-03
6.00343E+02 9.39490E-03
6.00825E+02 9.66215E-03
6.01307E+02 9.89076E-03
6.01789E+02 9.95545E-03
6.02271E+02 9.87638E-03
6.02754E+02 1.01251E-02
6.03236E+02 1.04616E-02
6.03718E+02 1.02243E-02
6.04200E+02 9.96017E-03
6.04682E+02 1.02405E-02
6.05165E+02 1.05096E-02
6.05647E+02 1.04819E-02
6.06129E+02 1.04403E-02
6.06611E+02 1.06154E-02
6.07093E+02 1.08652E-02
6.07576E+02 1.09895E-02
6.08058E+02 1.10610E-02
6.08540E+02 1.12761E-02
6.09022E+02 1.12934E-02
6.09504E+02 1.12687E-02
6.09987E+02 1.14799E-02
6.10469E+02 1.18665E-02
6.10951E+02 1.18477E-02
6.11433E+02 1.15437E-02
6.11915E+02 1.17767E-02
6.12398E+02 1.21896E-02
6.12880E+02 1.23332E-02
6.13362E+02 1.23134E-02
6.13844E+02 1.25735E-02
6.14326E+02 1.29520E-02
6.14809E+02 1.31250E-02
6.15291E+02 1.31150E-02
6.15773E+02 1.33777E-02
6.16255E+02 1.37654E-02
6.16737E+02 1.37476E-02
6.17220E+02 1.37957E-02
6.17702E+02 1.39602E-02
6.18184E+02 1.42812E-02
6.18666E+02 1.44264E-02
6.19148E+02 1.45319E-02
6.19631E+02 1.50591E-02
6.20113E+02 1.54645E-02
6.20595E+02 1.57024E-02
6.21077E+02 1.60115E-02
6.21560E+02 1.65751E-02
6.22042E+02 1.69808E-02
6.22524E+02 1.70244E-02
6.23006E+02 1.71850E-02
6.23488E+02 1.75911E-02
6.23971E+02 1.82195E-02
6.24453E+02 1.86670E-02
6.24935E+02 1.89743E-02
6.25417E+02 1.93262E-02
6.25899E+02 1.98982E-02
6.26382E+02 2.04112E-02
6.26864E+02 2.07674E-02
6.27346E+02 2.14213E-02
6.27828E+02 2.19001E-02
6.28310E+02 2.23479E-02
6.28793E+02 2.30376E-02
6.29275E+02 2.38018E-02
6.29757E+02 2.45740E-02
6.30239E+02 2.50940E-02
6.30721E+02 2.57060E-02
6.31204E+02 2.67099E-02
6.31686E+02 2.75434E-02
6.32168E+02 2.82050E-02
6.32650E+02 2.90111E-02
6.33132E+02 3.01408E-02
6.33615E+02 3.13634E-02
6.34097E+02 3.23804E-02
6.34579E+02 3.35725E-02
6.35061E+02 3.50996E-02
6.35543E+02 3.65069E-02
6.36026E+02 3.76788E-02
6.36508E+02 3.93043E-02
6.36990E+02 4.12325E-02
6.37472E+02 4.29111E-02
6.37954E+02 4.46634E-02
6.38437E+02 4.67459E-02
6.38919E+02 4.84021E-02
6.39401E+02 5.01460E-02
6.39883E+02 5.24267E-02
6.40365E+02 5.47083E-02
6.40848E+02 5.70872E-02
6.41330E+02 5.91479E-02
6.41812E+02 6.10556E-02
6.42294E+02 6.31807E-02
6.42776E+02 6.52226E-02
6.43259E+02 6.72497E-02
6.43741E+02 6.92956E-02
6.44223E+02 7.13058E-02
6.44705E+02 7.31534E-02
6.45187E+02 7.46136E-02
6.45670E+02 7.59086E-02
6.46152E+02 7.73899E-02
6.46634E+02 7.86800E-02
6.47116E+02 7.95874E-02
6.47598E+02 8.03180E-02
6.48081E+02 8.09447E-02
6.48563E+02 8.13877E-02
6.49045E+02 8.15336E-02
6.49527E+02 8.17055E-02
6.50009E+02 8.16560E-02
6.50492E+02 8.13936E-02
6.50974E+02 8.11255E-02
6.51456E+02 8.11031E-02
6.51938E+02 8.12503E-02
6.52420E+02 8.12363E-02
6.52903E+02 8.15634E-02
6.53385E+02 8.27039E-02
6.53867E+02 8.41413E-02
6.54349E+02 8.56885E-02
6.54831E+02 8.73932E-02
6.55314E+02 8.91905E-02
6.55796E+02 9.11491E-02
6.56278E+02 9.28204E-02
6.56760E+02 9.39582E-02
6.57242E+02 9.49343E-02
6.57725E+02 9.56030E-02
6.58207E+02 9.57748E-02
6.58689E+02 9.55223E-02
6.59171E+02 9.50756E-02
6.59654E+02 9.43987E-02
6.60136E+02 9.34727E-02
6.60618E+02 9.22200E-02
6.61100E+02 9.05791E-02
6.61582E+02 8.85065E-02
6.62065E+02 8.58490E-02
6.62547E+02 8.27459E-02
6.63029E+02 7.95029E-02
6.63511E+02 7.59750E-02
6.63993E+02 7.21293E-02
6.64476E+02 6.77786E-02
6.64958E+02 6.33304E-02
6.65440E+02 5.94823E-02
6.65922E+02 5.53246E-02
6.66404E+02 5.11014E-02
6.66887E+02 4.71421E-02
6.67369E+02 4.30000E-02
6.67851E+02 3.86183E-02
6.68333E+02 3.45575E-02
6.68815E+02 3.09376E-02
6.69298E+02 2.74059E-02
6.69780E+02 2.39256E-02
6.70262E+02 2.08984E-02
6.70744E+02 1.85758E-02
6.71226E+02 1.65028E-02
6.71709E+02 1.47372E-02
6.72191E+02 1.34154E-02
6.72673E+02 1.24889E-02
6.73155E+02 1.18669E-02
6.73637E+02 1.11115E-02
6.74120E+02 1.03992E-02
6.74602E+02 1.02368E-02
6.75084E+02 1.01539E-02
6.75566E+02 9.89072E-03
6.76048E+02 9.67136E-03
6.76531E+02 9.66851E-03
6.77013E+02 9.53834E-03
6.77495E+02 9.21900E-03
6.77977E+02 9.19977E-03
6.78459E+02 9.37861E-03
6.78942E+02 9.27800E-03
6.79424E+02 9.02999E-03
6.79906E+02 9.03386E-03
6.80388E+02 9.24442E-03
6.80870E+02 9.21622E-03
6.81353E+02 8.99483E-03
6.81835E+02 9.21173E-03
6.82317E+02 9.39142E-03
6.82799E+02 9.26021E-03
6.83281E+02 9.30394E-03
6.83764E+02 9.39351E-03
6.84246E+02 9.50362E-03
6.84728E+02 9.46325E-03
6.85210E+02 9.40924E-03
6.85692E+02 9.53474E-03
6.86175E+02 9.56677E-03
6.86657E+02 9.45307E-03
6.87139E+02 9.45301E-03
6.87621E+02 9.77932E-03
6.88103E+02 9.61779E-03
6.88586E+02 9.17969E-03
6.89068E+02 9.34124E-03
6.89550E+02 9.57221E-03
6.90032E+02 9.61847E-03
6.90514E+02 9.40466E-03
6.90997E+02 9.53424E-03
6.91479E+02 9.76709E-03
6.91961E+02 9.77572E-03
6.92443E+02 9.59575E-03
6.92925E+02 9.68027E-03
6.93408E+02 9.74044E-03
6.93890E+02 9.63204E-03
6.94372E+02 9.44663E-03
6.94854E+02 9.33742E-03
6.95337E+02 9.78158E-03
6.95819E+02 1.00722E-02
6.96301E+02 9.82940E-03
6.96783E+02 1.00216E-02
6.97265E+02 1.00212E-02
6.97748E+02 1.02501E-02
6.98230E+02 1.02935E-02
6.98712E+02 1.00659E-02
6.99194E+02 1.04053E-02
6.99676E+02 1.12118E-02
7.00159E+02 1.11462E-02
7.00641E+02 1.21170E-02
7.01123E+02 1.17772E-02
7.01605E+02 2.02147E-02
7.02087E+02 2.65108E-02
7.02570E+02 1.37700E-02
7.03052E+02 9.40588E-03
7.03534E+02 1.11127E-02
7.04016E+02 9.95151E-03
7.04498E+02 9.88551E-03
7.04981E+02 1.03752E-02
7.05463E+02 1.04697E-02
7.05945E+02 9.95134E-03
7.06427E+02 1.03712E-02
7.06909E+02 1.03931E-02
7.07392E+02 1.03778E-02
7.07874E+02 1.03049E-02
7.08356E+02 1.03990E-02
7.08838E+02 1.03176E-02
7.09320E+02 1.03006E-02
7.09803E+02 1.06052E-02
7.10285E+02 1.08121E-02
7.10767E+02 1.08109E-02
7.11249E+02 1.08141E-02
7.11731E+02 1.07150E-02
7.12214E+02 1.09437E-02
7.12696E+02 1.09428E-02
7.13178E+02 1.08227E-02
7.13660E+02 1.08551E-02
7.14142E+02 1.10264E-02
7.14625E+02 1.10675E-02
7.15107E+02 1.09946E-02
7.15589E+02 1.10864E-02
7.16071E+02 1.07163E-02
7.16553E+02 1.04898E-02
7.17036E+02 1.04937E-02
7.17518E+02 1.04714E-02
7.18000E+02 1.08345E-02
7.18482E+02 1.08742E-02
7.18964E+02 1.07780E-02
7.19447E+02 1.08049E-02
7.19929E+02 1.08671E-02
7.20411E+02 1.07465E-02
7.20893E+02 1.06423E-02
7.21375E+02 1.07503E-02
7.21858E+02 1.08639E-02
7.22340E+02 1.07939E-02
7.22822E+02 1.08378E-02
7.23304E+02 1.09108E-02
7.23786E+02 1.07861E-02
7.24269E+02 1.07766E-02
7.24751E+02 1.08548E-02
7.25233E+02 1.09210E-02
7.25715E+02 1.09476E-02
7.26198E+02 1.08085E-02
7.26680E+02 1.07377E-02
7.27162E+02 1.07761E-02
7.27644E+02 1.08903E-02
7.28126E+02 1.09255E-02
7.28609E+02 1.07506E-02
7.29091E+02 1.07953E-02
7.29573E+02 1.08161E-02
7.30055E+02 1.06415E-02
7.30537E+02 1.08849E-02
7.31020E+02 1.10743E-02
7.31502E+02 1.10397E-02
7.31984E+02 1.10794E-02
7.32466E+02 1.11751E-02
7.32948E+02 1.12310E-02
7.33431E+02 1.11606E-02
7.33913E+02 1.10460E-02
7.34395E+02 1.10649E-02
7.34877E+02 1.11314E-02
7.35359E+02 1.11231E-02
7.35842E+02 1.11226E-02
7.36324E+02 1.12031E-02
7.36806E+02 1.11725E-02
7.37288E+02 1.07368E-02
7.37770E+02 1.07466E-02
7.38253E+02 1.11726E-02
7.38735E+02 1.12694E-02
7.39217E+02 1.12531E-02
7.39699E+02 1.12127E-02
7.40181E+02 1.12704E-02
7.40664E+02 1.13924E-02
7.41146E+02 1.14194E-02
7.41628E+02 1.13801E-02
7.42110E+02 1.13632E-02
7.42592E+02 1.13565E-02
7.43075E+02 1.13977E-02
7.43557E+02 1.13771E-02
7.44039E+02 1.14919E-02
7.44521E+02 1.15016E-02
7.45003E+02 1.12609E-02
7.45486E+02 1.11712E-02
7.45968E+02 1.11792E-02
7.46450E+02 1.12636E-02
7.46932E+02 1.12404E-02
7.47414E+02 1.11935E-02
7.47897E+02 1.13027E-02
7.48379E+02 1.13040E-02
7.48861E+02 1.11055E-02
7.49343E+02 1.10901E-02
7.49825E+02 1.12097E-02
7.50308E+02 1.11763E-02
7.50790E+02 1.09851E-02
7.51272E+02 1.06290E-02
7.51754E+02 1.09823E-02
7.52236E+02 1.14944E-02
7.52719E+02 1.13393E-02
7.53201E+02 1.12587E-02
7.53683E+02 1.14118E-02
7.54165E+02 1.14078E-02
7.54647E+02 1.13428E-02
7.55130E+02 1.13683E-02
7.55612E+02 1.13414E-02
7.56094E+02 1.12892E-02
7.56576E+02 1.12383E-02
7.57058E+02 1.12599E-02
7.57541E+02 1.12512E-02
7.58023E+02 1.12551E-02
7.58505E+02 1.13431E-02
7.58987E+02 1.14217E-02
7.59469E+02 1.15081E-02
7.59952E+02 1.14501E-02
7.60434E+02 1.13490E-02
7.60916E+02 1.13954E-02
7.61398E+02 1.14293E-02
7.61880E+02 1.13075E-02
7.62363E+02 1.12236E-02
7.62845E+02 1.13547E-02
7.63327E+02 1.14866E-02
7.63809E+02 1.13997E-02
7.64292E+02 1.11905E-02
7.64774E+02 1.11485E-02
7.65256E+02 1.11599E-02
7.65738E+02 1.12580E-02
7.66220E+02 1.13937E-02
7.66703E+02 1.14297E-02
7.67185E+02 1.14550E-02
7.67667E+02 1.14324E-02
7.68149E+02 1.12882E-02
7.68631E+02 1.11970E-02
7.69114E+02 1.12276E-02
7.69596E+02 1.11234E-02
7.70078E+02 1.10784E-02
7.70560E+02 1.11239E-02
7.71042E+02 1.10785E-02
7.71525E+02 1.09018E-02
7.72007E+02 1.08242E-02
7.72489E+02 1.10719E-02
7.72971E+02 1.11455E-02
7.73453E+02 1.10257E-02
7.73936E+02 1.10143E-02
7.74418E+02 1.11212E-02
7.74900E+02 1.12259E-02
7.75382E+02 1.11872E-02
7.75864E+02 1.10367E-02
7.76347E+02 1.09429E-02
7.76829E+02 1.11096E-02
7.77311E+02 1.11182E-02
7.77793E+02 1.09258E-02
7.78275E+02 1.08630E-02
7.78758E+02 1.09115E-02
7.79240E+02 1.08558E-02
7.79722E+02 1.08291E-02
7.80204E+02 1.09870E-02
7.80686E+02 1.09283E-02
7.81169E+02 1.08239E-02
7.81651E+02 1.08842E-02
7.82133E+02 1.08040E-02
7.82615E+02 1.07052E-02
7.83097E+02 1.06438E-02
7.83580E+02 1.06371E-02
7.84062E+02 1.07724E-02
7.84544E+02 1.07522E-02
7.85026E+02 1.07844E-02
7.85508E+02 1.08575E-02
7.85991E+02 1.08631E-02
7.86473E+02 1.09544E-02
7.86955E+02 1.09942E-02
7.87437E+02 1.09577E-02
7.87919E+02 1.08780E-02
7.88402E+02 1.06936E-02
7.88884E+02 1.05856E-02
7.89366E+02 1.06827E-02
7.89848E+02 1.07281E-02
7.90331E+02 1.05853E-02
7.90813E+02 1.05274E-02
7.91295E+02 1.06652E-02
7.91777E+02 1.06902E-02
7.92259E+02 1.06596E-02
7.92742E+02 1.06290E-02
7.93224E+02 1.06131E-02
7.93706E+02 1.05834E-02
7.94188E+02 1.04808E-02
7.94670E+02 1.04176E-02
7.95153E+02 1.05144E-02
7.95635E+02 1.05962E-02
7.96117E+02 1.04863E-02
7.96599E+02 1.03248E-02
7.97081E+02 1.03543E-02
7.97564E+02 1.04609E-02
7.98046E+02 1.03803E-02
7.98528E+02 1.02869E-02
7.99010E+02 1.02827E-02
7.99492E+02 1.02675E-02
7.99975E+02 1.03200E-02
8.00457E+02 1.02698E-02
8.00939E+02 1.02430E-02
8.01421E+02 1.02641E-02
8.01903E+02 1.01831E-02
8.02386E+02 1.01068E-02
8.02868E+02 1.01134E-02
8.03350E+02 1.01599E-02
8.03832E+02 9.97322E-03
8.04314E+02 9.81082E-03
8.04797E+02 9.86916E-03
8.05279E+02 9.85584E-03
8.05761E+02 9.66378E-03
8.06243E+02 9.66251E-03
8.06725E+02 9.72103E-03
8.07208E+02 9.67946E-03
8.07690E+02 9.70519E-03
8.08172E+02 9.66299E-03
8.08654E+02 9.67352E-03
8.09136E+02 9.63148E-03
8.09619E+02 9.55764E-03
8.10101E+02 9.55982E-03
8.10583E+02 9.55226E-03
8.11065E+02 9.54059E-03
8.11547E+02 9.43727E-03
8.12030E+02 9.31937E-03
8.12512E+02 9.29373E-03
8.12994E+02 9.39325E-03
8.13476E+02 9.44712E-03
8.13958E+02 9.43378E-03
8.14441E+02 9.43381E-03
8.14923E+02 9.44064E-03
8.15405E+02 9.35853E-03
8.15887E+02 9.34743E-03
8.16369E+02 9.38865E-03
8.16852E+02 9.28598E-03
8.17334E+02 9.21778E-03
8.17816E+02 9.06945E-03
8.18298E+02 9.00415E-03
8.18780E+02 9.08443E-03
8.19263E+02 9.04234E-03
8.19745E+02 8.97756E-03
8.20227E+02 8.99276E-03
8.20709E+02 9.01933E-03
8.21191E+02 8.96986E-03
8.21674E+02 8.75336E-03
8.22156E+02 8.68074E-03
8.22638E+02 8.81765E-03
8.23120E+02 8.68726E-03
8.23602E+02 8.52716E-03
8.24085E+02 8.61213E-03
8.24567E+02 8.61397E-03
8.25049E+02 8.58561E-03
8.25531E+02 8.60849E-03
8.26013E+02 8.54252E-03
8.26496E+02 8.47965E-03
8.26978E+02 8.47733E-03
8.27460E+02 8.41572E-03
8.27942E+02 8.24649E-03
8.28424E+02 8.22925E-03
8.28907E+02 8.24863E-03
8.29389E+02 8.21292E-03
8.29871E+02 8.26195E-03
8.30353E+02 8.31353E-03
8.30836E+02 8.24800E-03
8.31318E+02 8.11412E-03
8.31800E+02 8.15721E-03
8.32282E+02 8.08876E-03
8.32764E+02 7.91752E-03
8.33247E+02 7.89772E-03
8.33729E+02 7.86956E-03
8.34211E+02 7.78531E-03
8.34693E+02 7.74932E-03
8.35175E+02 7.82092E-03
8.35658E+02 7.67810E-03
8.36140E+02 7.50865E-03
8.36622E+02 7.52283E-03
8.37104E+02 7.48414E-03
8.37586E+02 7.52636E-03
8.38069E+02 7.43442E-03
8.38551E+02 7.44382E-03
8.39033E+02 7.52276E-03
8.39515E+02 7.38128E-03
8.39997E+02 7.39113E-03
8.40480E+02 7.30499E-03
8.40962E+02 7.11162E-03
8.41444E+02 7.10316E-03
8.41926E+02 7.00438E-03
8.42408E+02 6.91726E-03
8.42891E+02 7.05886E-03
8.43373E+02 7.14335E-03
8.43855E+02 6.97837E-03
8.44337E+02 6.84147E-03
8.44819E+02 6.86858E-03
8.45302E+02 6.77301E-03
8.45784E+02 6.66697E-03
8.46266E+02 6.67642E-03
8.46748E+02 6.60719E-03
8.47230E+02 6.64033E-03
8.47713E+02 6.72487E-03
8.48195E+02 6.60010E-03
8.48677E+02 6.45902E-03
8.49159E+02 6.44444E-03
8.49641E+02 6.42509E-03
8.50124E+02 6.40376E-03
8.50606E+02 6.34171E-03
8.51088E+02 6.28813E-03
8.51570E+02 6.32997E-03
8.52052E+02 6.23808E-03
8.52535E+02 6.19788E-03
8.53017E+02 6.27537E-03
8.53499E+02 6.46358E-03
8.53981E+02 6.14733E-03
8.54463E+02 5.78962E-03
8.54946E+02 5.97089E-03
8.55428E+02 5.96277E-03
8.55910E+02 5.70226E-03
8.56392E+02 5.49677E-03
8.56874E+02 5.58294E-03
8.57357E+02 5.72863E-03
8.57839E+02 5.57652E-03
8.58321E+02 5.55625E-03
8.58803E+02 5.60449E-03
8.59286E+02 5.65154E-03
8.59768E+02 5.44485E-03
8.60250E+02 5.46838E-03
8.60732E+02 5.49004E-03
8.61214E+02 7.13916E-03
8.61697E+02 8.08948E-03
8.62179E+02 6.29511E-03
8.62661E+02 5.66306E-03
8.63143E+02 5.55196E-03
8.63625E+02 5.48853E-03
8.64108E+02 4.94710E-03
8.64590E+02 4.51015E-03
8.65072E+02 4.67532E-03
8.65554E+02 4.63478E-03
8.66036E+02 4.59084E-03
8.66519E+02 4.51312E-03
8.67001E+02 4.34352E-03
8.67483E+02 3.88978E-03
8.67965E+02 5.01685E-03
8.68447E+02 5.75686E-03
8.68930E+02 4.92362E-03
8.69412E+02 4.75324E-03
8.69894E+02 4.48150E-03
8.70376E+02 4.57856E-03
8.70858E+02 4.75680E-03
8.71341E+02 4.42262E-03
8.71823E+02 4.14256E-03
8.72305E+02 4.09539E-03
8.72787E+02 4.14712E-03
8.73269E+02 4.15117E-03
8.73752E+02 4.04867E-03
8.74234E+02 4.04240E-03
8.74716E+02 3.91742E-03
8.75198E+02 3.55031E-03
8.75680E+02 3.70848E-03
8.76163E+02 3.86889E-03
8.76645E+02 3.57359E-03
8.77127E+02 3.49843E-03
8.77609E+02 3.44594E-03
8.78091E+02 3.21354E-03
8.78574E+02 3.08409E-03
8.79056E+02 3.16288E-03
8.79538E+02 3.26965E-03
8.80020E+02 3.18847E-03
8.80502E+02 3.05133E-03
8.80985E+02 3.04235E-03
8.81467E+02 2.96744E-03
8.81949E+02 2.92141E-03
8.82431E+02 2.93730E-03
8.82913E+02 2.88003E-03
8.83396E+02 2.82670E-03
8.83878E+02 2.76374E-03
8.84360E+02 2.75761E-03
8.84842E+02 2.76846E-03
8.85324E+02 2.75268E-03
8.85807E+02 2.63668E-03
8.86289E+02 2.56190E-03
8.86771E+02 2.57934E-03
8.87253E+02 2.55945E-03
8.87735E+02 2.51649E-03
8.88218E+02 2.48076E-03
8.88700E+02 2.49564E-03
8.89182E+02 2.50890E-03
8.89664E+02 2.35033E-03
8.90146E+02 2.24956E-03
8.90629E+02 2.30407E-03
8.91111E+02 2.37137E-03
8.91593E+02 2.18862E-03
8.92075E+02 1.60279E-03
8.92557E+02 1.62413E-03
8.93040E+02 1.97101E-03
8.93522E+02 2.05586E-03
8.94004E+02 2.07326E-03
8.94486E+02 1.92745E-03
8.94969E+02 1.79826E-03
8.95451E+02 1.79134E-03
8.95933E+02 1.81724E-03
8.96415E+02 1.75327E-03
8.96897E+02 1.61023E-03
8.97380E+02 1.48705E-03
8.97862E+02 1.47942E-03
8.98344E+02 1.37241E-03
8.98826E+02 1.31669E-03
8.99308E+02 1.28060E-03
8.99791E+02 1.20611E-03
9.00273E+02 1.28700E-03
9.00755E+02 1.28081E-03
9.01237E+02 1.14091E-03
9.01719E+02 1.05327E-03
9.02202E+02 1.02221E-03
9.02684E+02 9.43821E-04
9.03166E+02 8.54306E-04
9.03648E+02 7.85012E-04
9.04130E+02 7.90037E-04
9.04613E+02 7.00504E-04
9.05095E+02 5.88369E-04
9.05577E+02 2.61683E-04
9.06059E+02 -2.87682E-04
9.06541E+02 9.19253E-05
9.07024E+02 4.38843E-04
9.07506E+02 2.36295E-04
9.07988E+02 2.61776E-04
9.08470E+02 3.31476E-04
9.08952E+02 2.97863E-04
9.09435E+02 2.19740E-04
9.09917E+02 1.34304E-04
9.10399E+02 -4.61563E-06
9.10881E+02 -9.60305E-05
9.11363E+02 -2.46231E-04
9.11846E+02 -2.31851E-04
9.12328E+02 -2.51260E-04
9.12810E+02 -6.39446E-05
9.13292E+02 4.78774E-05
9.13774E+02 -1.45357E-04
9.14257E+02 -2.09615E-04
9.14739E+02 -3.26224E-04
9.15221E+02 -3.60288E-04
9.15703E+02 -4.13798E-04
9.16185E+02 -4.46320E-04
9.16668E+02 -3.95175E-04
9.17150E+02 -4.52273E-04
9.17632E+02 -5.89065E-04
9.18114E+02 -5.71452E-04
9.18596E+02 -6.56091E-04
9.19079E+02 -7.50575E-04
9.19561E+02 -7.50527E-04
9.20043E+02 -7.35682E-04
9.20525E+02 -7.16947E-04
9.21007E+02 -8.42687E-04
9.21490E+02 -8.81758E-04
9.21972E+02 -8.71446E-04
9.22454E+02 -9.01442E-04
9.22936E+02 -9.59001E-04
9.23418E+02 -1.12680E-03
9.23901E+02 -1.12784E-03
9.24383E+02 -1.08792E-03
9.24865E+02 -1.22653E-03
9.25347E+02 -1.28605E-03
9.25829E+02 -1.31730E-03
9.26312E+02 -1.28978E-03
9.26794E+02 -1.13297E-03
9.27276E+02 -1.26631E-03
9.27758E+02 -1.45166E-03
9.28240E+02 -1.54930E-03
9.28723E+02 -1.59908E-03
9.29205E+02 -1.56456E-03
9.29687E+02 -1.67048E-03
9.30169E+02 -1.74076E-03
9.30651E+02 -1.75983E-03
9.31134E+02 -1.80917E-03
9.31616E+02 -1.83990E-03
9.32098E+02 -1.86184E-03
9.32580E+02 -1.92824E-03
9.33062E+02 -1.99838E-03
9.33545E+02 -1.92863E-03
9.34027E+02 -1.80878E-03
9.34509E+02 -2.07108E-03
9.34991E+02 -2.22304E-03
9.35474E+02 -2.20147E-03
9.35956E+02 -2.22150E-03
9.36438E+02 -2.21014E-03
9.36920E+02 -2.21606E-03
9.37402E+02 -2.23774E-03
9.37885E+02 -2.38158E-03
9.38367E+02 -2.45117E-03
9.38849E+02 -2.49412E-03
9.39331E+02 -2.47070E-03
9.39813E+02 -2.51158E-03
9.40296E+02 -2.52671E-03
9.40778E+02 -2.48574E-03
9.41260E+02 -2.58540E-03
9.41742E+02 -2.65035E-03
9.42224E+02 -2.68614E-03
9.42707E+02 -2.72245E-03
9.43189E+02 -2.77363E-03
9.43671E+02 -2.74620E-03
9.44153E+02 -2.80657E-03
9.44635E+02 -2.87246E-03
9.45118E+02 -2.84481E-03
9.45600E+02 -2.94267E-03
9.46082E+02 -3.02553E-03
9.46564E+02 -2.98025E-03
9.47046E+02 -3.02059E-03
9.47529E+02 -3.12723E-03
9.48011E+02 -3.16658E-03
9.48493E+02 -3.22117E-03
9.48975E+02 -3.23556E-03
9.49457E+02 -3.21695E-03
9.49940E+02 -3.20203E-03
9.50422E+02 -3.26319E-03
9.50904E+02 -3.36865E-03
9.51386E+02 -3.38449E-03
9.51868E+02 -3.35380E-03
9.52351E+02 -3.38803E-03
9.52833E+02 -3.40756E-03
9.53315E+02 -3.44402E-03
9.53797E+02 -3.50757E-03
9.54279E+02 -3.49749E-03
9.54762E+02 -3.49224E-03
9.55244E+02 -3.54170E-03
9.55726E+02 -3.65378E-03
9.56208E+02 -3.77633E-03
9.56690E+02 -3.79579E-03
9.57173E+02 -3.79648E-03
9.57655E+02 -3.88963E-03
9.58137E+02 -3.87221E-03
9.58619E+02 -3.79714E-03
9.59102E+02 -3.88166E-03
9.59584E+02 -3.95206E-03
9.60066E+02 -3.96204E-03
9.60548E+02 -4.07535E-03
9.61030E+02 -4.18046E-03
9.61513E+02 -4.20690E-03
9.61995E+02 -4.24335E-03
9.62477E+02 -4.09162E-03
9.62959E+02 -4.00832E-03
9.63441E+02 -4.10169E-03
9.63924E+02 -4.19680E-03
9.64406E+02 -4.23225E-03
9.64888E+02 -4.16123E-03
9.65370E+02 -4.09156E-03
9.65852E+02 -4.08776E-03
9.66335E+02 -4.12429E-03
9.66817E+02 -4.24451E-03
9.67299E+02 -4.33813E-03
9.67781E+02 -4.36482E-03
9.68263E+02 -4.37363E-03
9.68746E+02 -4.32282E-03
9.69228E+02 -4.45329E-03
9.69710E+02 -4.57754E-03
9.70192E+02 -4.52229E-03
9.70674E+02 -4.49771E-03
9.71157E+02 -4.52619E-03
9.71639E+02 -4.52929E-03
9.72121E+02 -4.50821E-03
9.72603E+02 -4.52241E-03
9.73085E+02 -4.61057E-03
9.73568E+02 -4.60072E-03
9.74050E+02 -4.58561E-03
9.74532E+02 -4.71308E-03
9.75014E+02 -4.68941E-03
9.75496E+02 -4.68402E-03
9.75979E+02 -4.88012E-03
9.76461E+02 -4.71942E-03
9.76943E+02 -4.60042E-03
9.77425E+02 -4.71928E-03
9.77907E+02 -4.69032E-03
9.78390E+02 -4.69014E-03
9.78872E+02 -4.71676E-03
9.79354E+02 -4.69181E-03
9.79836E+02 -4.65142E-03
9.80318E+02 -4.62600E-03
9.80801E+02 -4.68597E-03
9.81283E+02 -4.65544E-03
9.81765E+02 -4.60910E-03
9.82247E+02 -4.46198E-03
9.82729E+02 -4.33082E-03
9.83212E+02 -4.43502E-03
9.83694E+02 -4.36612E-03
9.84176E+02 -4.35795E-03
9.84658E+02 -4.36116E-03
9.85140E+02 -4.28860E-03
9.85623E+02 -4.18858E-03
9.86105E+02 -4.05421E-03
9.86587E+02 -4.03342E-03
9.87069E+02 -4.03412E-03
9.87551E+02 -3.98176E-03
9.88034E+02 -3.83252E-03
9.88516E+02 -3.56719E-03
9.88998E+02 -3.38126E-03
9.89480E+02 -3.21236E-03
9.89962E+02 -3.01525E-03
9.90445E+02 -2.82481E-03
9.90927E+02 -2.56455E-03
9.91409E+02 -2.21935E-03
9.91891E+02 -1.86927E-03
9.92373E+02 -1.59890E-03
9.92856E+02 -1.20748E-03
9.93338E+02 -7.28376E-04
9.93820E+02 -2.33062E-04
9.94302E+02 3.81529E-04
9.94784E+02 1.04471E-03
9.95267E+02 1.72842E-03
9.95749E+02 2.39227E-03
9.96231E+02 3.25669E-03
9.96713E+02 3.98811E-03
9.97195E+02 4.60162E-03
9.97678E+02 5.68845E-03
9.98160E+02 6.71165E-03
9.98642E+02 7.65318E-03
9.99124E+02 8.86361E-03
9.99607E+02 1.00340E-02
1.00009E+03 1.11092E-02
1.00057E+03 1.24101E-02
1.00105E+03 1.38252E-02
1.00154E+03 1.51865E-02
1.00202E+03 1.65946E-02
1.00250E+03 1.79695E-02
1.00298E+03 1.94210E-02
1.00346E+03 2.10840E-02
1.00395E+03 2.27620E-02
1.00443E+03 2.43478E-02
1.00491E+03 2.58350E-02
1.00539E+03 2.73758E-02
1.00588E+03 2.89207E-02
1.00636E+03 3.04799E-02
1.00684E+03 3.21507E-02
1.00732E+03 3.37769E-02
1.00780E+03 3.53158E-02
1.00829E+03 3.69242E-02
1.00877E+03 3.84990E-02
1.00925E+03 4.00050E-02
1.00973E+03 4.15099E-02
1.01021E+03 4.29993E-02
1.01070E+03 4.43921E-02
1.01118E+03 4.59905E-02
1.01166E+03 4.76032E-02
1.01214E+03 4.89197E-02
1.01263E+03 5.02662E-02
1.01311E+03 5.16895E-02
1.01359E+03 5.30296E-02
1.01407E+03 5.42780E-02
1.01455E+03 5.56352E-02
1.01504E+03 5.70162E-02
1.01552E+03 5.82612E-02
1.01600E+03 5.95131E-02
1.01648E+03 6.07682E-02
1.01697E+03 6.19126E-02
1.01745E+03 6.30750E-02
1.01793E+03 6.42881E-02
1.01841E+03 6.55838E-02
1.01889E+03 6.64986E-02
1.01938E+03 6.72579E-02
1.01986E+03 6.81292E-02
1.02034E+03 6.89128E-02
1.02082E+03 6.97288E-02
1.02131E+03 7.04812E-02
1.02179E+03 7.11549E-02
1.02227E+03 7.17478E-02
1.02275E+03 7.21580E-02
1.02323E+03 7.25920E-02
1.02372E+03 7.29753E-02
1.02420E+03 7.31648E-02
1.02468E+03 7.34637E-02
1.02516E+03 7.35720E-02
1.02565E+03 7.33359E-02
1.02613E+03 7.31956E-02
1.02661E+03 7.29900E-02
1.02709E+03 7.26536E-02
1.02757E+03 7.21583E-02
1.02806E+03 7.16748E-02
1.02854E+03 7.12345E-02
1.02902E+03 7.05701E-02
1.02950E+03 6.98116E-02
1.02999E+03 6.90448E-02
1.03047E+03 6.81249E-02
1.03095E+03 6.71019E-02
1.03143E+03 6.59082E-02
1.03191E+03 6.48532E-02
1.03240E+03 6.43318E-02
1.03288E+03 6.28168E-02
1.03336E+03 6.09509E-02
1.03384E+03 5.94898E-02
1.03433E+03 5.78387E-02
1.03481E+03 5.62145E-02
1.03529E+03 5.45457E-02
1.03577E+03 5.28306E-02
1.03625E+03 5.09960E-02
1.03674E+03 4.92054E-02
1.03722E+03 4.73703E-02
1.03770E+03 4.54427E-02
1.03818E+03 4.35121E-02
1.03866E+03 4.15112E-02
1.03915E+03 3.93638E-02
1.03963E+03 3.74817E-02
1.04011E+03 3.55665E-02
1.04059E+03 3.34024E-02
1.04108E+03 3.13427E-02
1.04156E+03 2.92440E-02
1.04204E+03 2.71810E-02
1.04252E+03 2.51411E-02
1.04300E+03 2.31583E-02
1.04349E+03 2.11792E-02
1.04397E+03 1.92280E-02
1.04445E+03 1.74035E-02
1.04493E+03 1.55281E-02
1.04542E+03 1.37029E-02
1.04590E+03 1.21673E-02
1.04638E+03 1.06235E-02
1.04686E+03 8.90837E-03
1.04734E+03 7.47559E-03
1.04783E+03 6.20174E-03
1.04831E+03 4.98967E-03
1.04879E+03 3.81643E-03
1.04927E+03 2.67686E-03
1.04976E+03 1.75870E-03
1.05024E+03 1.03556E-03
1.05072E+03 2.16179E-04
1.05120E+03 -5.57739E-04
1.05168E+03 -1.17875E-03
1.05217E+03 -1.75121E-03
1.05265E+03 -2.29212E-03
1.05313E+03 -2.64483E-03
1.05361E+03 -2.96336E-03
1.05410E+03 -3.57036E-03
1.05458E+03 -3.81600E-03
1.05506E+03 -3.98609E-03
1.05554E+03 -4.18986E-03
1.05602E+03 -4.28243E-03
1.05651E+03 -4.44831E-03
1.05699E+03 -4.50446E-03
1.05747E+03 -4.69533E-03
1.05795E+03 -4.83027E-03
1.05844E+03 -4.75140E-03
1.05892E+03 -4.81209E-03
1.05940E+03 -4.87640E-03
1.05988E+03 -4.98219E-03
1.06036E+03 -5.21654E-03
1.06085E+03 -5.29685E-03
1.06133E+03 -5.25415E-03
1.06181E+03 -5.25279E-03
1.06229E+03 -5.29018E-03
1.06278E+03 -5.37908E-03
1.06326E+03 -5.38299E-03
1.06374E+03 -5.33234E-03
1.06422E+03 -5.42970E-03
1.06470E+03 -5.53898E-03
1.06519E+03 -5.49673E-03
1.06567E+03 -5.41656E-03
1.06615E+03 -5.47304E-03
1.06663E+03 -5.50022E-03
1.06711E+03 -5.45600E-03
1.06760E+03 -5.58107E-03
1.06808E+03 -5.57975E-03
1.06856E+03 -5.44639E-03
1.06904E+03 -5.42196E-03
1.06953E+03 -5.45135E-03
1.07001E+03 -5.47920E-03
1.07049E+03 -5.42542E-03
1.07097E+03 -5.36938E-03
1.07145E+03 -5.39320E-03
1.07194E+03 -5.32655E-03
1.07242E+03 -5.17447E-03
1.07290E+03 -5.17493E-03
1.07338E+03 -5.22311E-03
1.07387E+03 -5.30028E-03
1.07435E+03 -5.08124E-03
1.07483E+03 -4.80454E-03
1.07531E+03 -4.92635E-03
1.07579E+03 -5.07525E-03
1.07628E+03 -5.10866E-03
1.07676E+03 -5.02576E-03
1.07724E+03 -4.96815E-03
1.07772E+03 -5.01263E-03
1.07821E+03 -5.06301E-03
1.07869E+03 -5.00109E-03
1.07917E+03 -5.03198E-03
1.07965E+03 -5.22269E-03
1.08013E+03 -5.25654E-03
1.08062E+03 -5.14288E-03
1.08110E+03 -5.16314E-03
1.08158E+03 -5.12786E-03
1.08206E+03 -5.09243E-03
1.08255E+03 -5.26207E-03
1.08303E+03 -5.41032E-03
1.08351E+03 -5.42561E-03
1.08399E+03 -5.47950E-03
1.08447E+03 -5.55353E-03
1.08496E+03 -5.55153E-03
1.08544E+03 -5.53051E-03
1.08592E+03 -5.49591E-03
1.08640E+03 -5.47760E-03
1.08689E+03 -5.45390E-03
1.08737E+03 -5.44877E-03
1.08785E+03 -5.47757E-03
1.08833E+03 -5.05699E-03
1.08881E+03 -4.94319E-03
1.08930E+03 -5.41660E-03
1.08978E+03 -5.49517E-03
1.09026E+03 -5.47401E-03
1.09074E+03 -5.50245E-03
1.09123E+03 -5.53420E-03
1.09171E+03 -5.48369E-03
1.09219E+03 -5.49288E-03
1.09267E+03 -5.52904E-03
1.09315E+03 -5.44817E-03
1.09364E+03 -5.42904E-03
1.09412E+03 -5.33271E-03
1.09460E+03 -5.27199E-03
1.09508E+03 -5.21027E-03
1.09556E+03 -5.06812E-03
1.09605E+03 -5.05288E-03
1.09653E+03 -4.93649E-03
1.09701E+03 -4.84479E-03
1.09749E+03 -4.87589E-03
1.09798E+03 -4.68250E-03
1.09846E+03 -4.45317E-03
1.09894E+03 -4.38881E-03
1.09942E+03 -4.21987E-03
1.09990E+03 -3.99899E-03
1.10039E+03 -3.82865E-03
1.10087E+03 -3.66932E-03
1.10135E+03 -3.44718E-03
1.10183E+03 -3.22820E-03
1.10232E+03 -2.80235E-03
1.10280E+03 -2.43789E-03
1.10328E+03 -2.41295E-03
1.10376E+03 -2.26959E-03
1.10424E+03 -1.99994E-03
1.10473E+03 -1.69085E-03
1.10521E+03 -1.45113E-03
1.10569E+03 -1.16670E-03
1.10617E+03 -8.14531E-04
1.10666E+03 -5.74585E-04
1.10714E+03 -3.26447E-04
1.10762E+03 -6.88024E-05
1.10810E+03 1.47227E-04
1.10858E+03 3.72745E-04
1.10907E+03 5.88369E-04
1.10955E+03 8.37784E-04
1.11003E+03 1.18804E-03
1.11051E+03 1.46351E-03
1.11100E+03 1.62884E-03
1.11148E+03 1.82220E-03
1.11196E+03 2.07238E-03
1.11244E+03 2.20797E-03
1.11292E+03 2.32632E-03
1.11341E+03 2.48885E-03
1.11389E+03 2.60792E-03
1.11437E+03 2.75001E-03
1.11485E+03 2.87315E-03
1.11534E+03 3.06730E-03
1.11582E+03 3.28782E-03
1.11630E+03 3.30399E-03
1.11678E+03 3.39242E-03
1.11726E+03 3.68235E-03
1.11775E+03 3.81860E-03
1.11823E+03 3.92872E-03
1.11871E+03 3.93454E-03
1.11919E+03 3.89421E-03
1.11968E+03 3.92161E-03
1.12016E+03 3.98371E-03
1.12064E+03 4.04843E-03
1.12112E+03 4.10390E-03
1.12160E+03 4.11685E-03
1.12209E+03 4.13104E-03
1.12257E+03 4.19597E-03
1.12305E+03 4.08977E-03
1.12353E+03 4.08001E-03
1.12401E+03 4.19378E-03
1.12450E+03 4.05474E-03
1.12498E+03 3.93434E-03
1.12546E+03 3.92252E-03
1.12594E+03 3.85204E-03
1.12643E+03 3.74551E-03
1.12691E+03 3.64461E-03
1.12739E+03 3.52698E-03
1.12787E+03 3.35952E-03
1.12835E+03 3.18408E-03
1.12884E+03 3.00745E-03
1.12932E+03 2.80568E-03
1.12980E+03 2.61531E-03
1.13028E+03 2.33963E-03
1.13077E+03 2.07487E-03
1.13125E+03 1.90180E-03
1.13173E+03 1.70525E-03
1.13221E+03 1.51228E-03
1.13269E+03 1.14422E-03
1.13318E+03 8.52313E-04
1.13366E+03 6.52861E-04
1.13414E+03 2.99867E-04
1.13462E+03 -5.53578E-06
1.13511E+03 -2.32205E-04
1.13559E+03 -5.93845E-04
1.13607E+03 -9.89005E-04
1.13655E+03 -1.24095E-03
1.13703E+03 -1.58106E-03
1.13752E+03 -1.97643E-03
1.13800E+03 -2.27783E-03
1.13848E+03 -2.56011E-03
1.13896E+03 -2.86063E-03
1.13945E+03 -3.16721E-03
1.13993E+03 -3.43010E-03
1.14041E+03 -3.71590E-03
1.14089E+03 -3.95618E-03
1.14137E+03 -4.17813E-03
1.14186E+03 -4.40136E-03
1.14234E+03 -4.57839E-03
1.14282E+03 -4.83289E-03
1.14330E+03 -5.10338E-03
1.14379E+03 -5.26938E-03
1.14427E+03 -5.41001E-03
1.14475E+03 -5.59649E-03
1.14523E+03 -5.75069E-03
1.14571E+03 -5.84842E-03
1.14620E+03 -5.92789E-03
1.14668E+03 -5.98757E-03
1.14716E+03 -6.08484E-03
1.14764E+03 -6.15405E-03
1.14812E+03 -6.18282E-03
1.14861E+03 -6.18468E-03
1.14909E+03 -6.28736E-03
1.14957E+03 -6.36419E-03
1.15005E+03 -6.29200E-03
1.15054E+03 -6.27239E-03
1.15102E+03 -6.30723E-03
1.15150E+03 -6.29683E-03
1.15198E+03 -6.18582E-03
1.15246E+03 -6.16609E-03
1.15295E+03 -6.19204E-03
1.15343E+03 -6.15063E-03
1.15391E+03 -6.07633E-03
1.15439E+03 -5.97208E-03
1.15488E+03 -5.91494E-03
1.15536E+03 -5.90090E-03
1.15584E+03 -5.89887E-03
1.15632E+03 -5.85766E-03
1.15680E+03 -5.80087E-03
1.15729E+03 -5.72298E-03
1.15777E+03 -5.67320E-03
1.15825E+03 -5.69937E-03
1.15873E+03 -5.70944E-03
1.15922E+03 -5.72725E-03
1.15970E+03 -5.71725E-03
1.16018E+03 -5.65664E-03
1.16066E+03 -5.66817E-03
1.16114E+03 -5.69559E-03
1.16163E+03 -5.71276E-03
1.16211E+03 -5.86082E-03
1.16259E+03 -5.94844E-03
1.16307E+03 -5.92159E-03
1.16356E+03 -5.98091E-03
1.16404E+03 -6.09134E-03
1.16452E+03 -6.19642E-03
1.16500E+03 -6.22488E-03
1.16548E+03 -6.18809E-03
1.16597E+03 -6.18439E-03
1.16645E+03 -6.32041E-03
1.16693E+03 -6.39791E-03
1.16741E+03 -6.40120E-03
1.16790E+03 -6.54850E-03
1.16838E+03 -6.64894E-03
1.16886E+03 -6.62559E-03
1.16934E+03 -6.65717E-03
1.16982E+03 -6.70864E-03
1.17031E+03 -6.77196E-03
1.17079E+03 -6.79854E-03
1.17127E+03 -6.86349E-03
1.17175E+03 -6.96674E-03
1.17224E+03 -6.98863E-03
1.17272E+03 -6.91438E-03
1.17320E+03 -6.83672E-03
1.17368E+03 -6.92479E-03
1.17416E+03 -7.00421E-03
1.17465E+03 -7.00789E-03
1.17513E+03 -6.93434E-03
1.17561E+03 -6.94567E-03
1.17609E+03 -7.03097E-03
1.17657E+03 -7.06876E-03
1.17706E+03 -7.10351E-03
1.17754E+03 -7.06323E-03
1.17802E+03 -7.01500E-03
1.17850E+03 -7.00737E-03
1.17899E+03 -7.02378E-03
1.17947E+03 -6.99222E-03
1.17995E+03 -6.93611E-03
1.18043E+03 -7.02624E-03
1.18091E+03 -7.09141E-03
1.18140E+03 -7.03570E-03
1.18188E+03 -7.03344E-03
1.18236E+03 -7.09134E-03
1.18284E+03 -7.09314E-03
1.18333E+03 -7.09057E-03
1.18381E+03 -7.14736E-03
1.18429E+03 -7.15266E-03
1.18477E+03 -7.15316E-03
1.18525E+03 -7.15479E-03
1.18574E+03 -7.17339E-03
1.18622E+03 -7.17863E-03
1.18670E+03 -7.15080E-03
1.18718E+03 -7.21766E-03
1.18767E+03 -7.25556E-03
1.18815E+03 -7.29087E-03
1.18863E+03 -7.27854E-03
1.18911E+03 -7.23362E-03
1.18959E+03 -7.28959E-03
1.19008E+03 -7.29984E-03
1.19056E+03 -7.28853E-03
1.19104E+03 -7.36240E-03
1.19152E+03 -7.40883E-03
1.19201E+03 -7.30802E-03
1.19249E+03 -7.27922E-03
1.19297E+03 -7.31585E-03
1.19345E+03 -7.27489E-03
1.19393E+03 -7.23535E-03
1.19442E+03 -7.32232E-03
1.19490E+03 -7.41767E-03
1.19538E+03 -7.38088E-03
1.19586E+03 -7.37414E-03
1.19635E+03 -7.42481E-03
1.19683E+03 -7.38791E-03
1.19731E+03 -7.41282E-03
1.19779E+03 -7.47321E-03
1.19827E+03 -7.46800E-03
1.19876E+03 -7.47363E-03
1.19924E+03 -7.45162E-03
1.19972E+03 -7.38963E-03
1.20020E+03 -7.35446E-03
1.20069E+03 -7.39444E-03
1.20117E+03 -7.39130E-03
1.20165E+03 -7.39599E-03
1.20213E+03 -7.39607E-03
1.20261E+03 -7.41058E-03
1.20310E+03 -7.38246E-03
1.20358E+03 -7.37838E-03
1.20406E+03 -7.41582E-03
1.20454E+03 -7.45643E-03
1.20502E+03 -7.45585E-03
1.20551E+03 -7.42990E-03
1.20599E+03 -7.40721E-03
1.20647E+03 -7.43275E-03
1.20695E+03 -7.48310E-03
1.20744E+03 -7.39744E-03
1.20792E+03 -7.36535E-03
1.20840E+03 -7.42808E-03
1.20888E+03 -7.46970E-03
1.20936E+03 -7.49677E-03
1.20985E+03 -7.46487E-03
1.21033E+03 -7.40434E-03
1.21081E+03 -7.43606E-03
1.21129E+03 -7.50778E-03
1.21178E+03 -7.50731E-03
1.21226E+03 -7.49733E-03
1.21274E+03 -7.52962E-03
1.21322E+03 -7.50552E-03
1.21370E+03 -7.48319E-03
1.21419E+03 -7.49951E-03
1.21467E+03 -7.44511E-03
1.21515E+03 -7.39589E-03
1.21563E+03 -7.45313E-03
1.21612E+03 -7.50694E-03
1.21660E+03 -7.57973E-03
1.21708E+03 -7.65445E-03
1.21756E+03 -7.62599E-03
1.21804E+03 -7.52981E-03
1.21853E+03 -7.49354E-03
1.21901E+03 -7.53498E-03
1.21949E+03 -7.57319E-03
1.21997E+03 -7.62168E-03
1.22046E+03 -7.72274E-03
1.22094E+03 -7.75377E-03
1.22142E+03 -7.64362E-03
1.22190E+03 -7.60552E-03
1.22238E+03 -7.61070E-03
1.22287E+03 -7.58369E-03
1.22335E+03 -7.63562E-03
1.22383E+03 -7.67723E-03
1.22431E+03 -7.66358E-03
1.22480E+03 -7.67824E-03
1.22528E+03 -7.68339E-03
1.22576E+03 -7.68340E-03
1.22624E+03 -7.71028E-03
1.22672E+03 -7.74581E-03
1.22721E+03 -7.80535E-03
1.22769E+03 -7.82394E-03
1.22817E+03 -7.80933E-03
1.22865E+03 -7.84664E-03
1.22914E+03 -7.78063E-03
1.22962E+03 -7.69895E-03
1.23010E+03 -7.73536E-03
1.23058E+03 -7.75593E-03
1.23106E+03 -7.73879E-03
1.23155E+03 -7.70293E-03
1.23203E+03 -7.71134E-03
1.23251E+03 -7.66517E-03
1.23299E+03 -7.69709E-03
1.23347E+03 -7.72533E-03
1.23396E+03 -7.69966E-03
1.23444E+03 -7.78234E-03
1.23492E+03 -7.74767E-03
1.23540E+03 -7.71109E-03
1.23589E+03 -7.73176E-03
1.23637E+03 -7.74822E-03
1.23685E+03 -7.74189E-03
1.23733E+03 -7.71885E-03
1.23781E+03 -7.77201E-03
1.23830E+03 -7.77870E-03
1.23878E+03 -7.69490E-03
1.23926E+03 -7.70819E-03
1.23974E+03 -7.76215E-03
1.24023E+03 -7.73264E-03
1.24071E+03 -7.70733E-03
1.24119E+03 -7.67763E-03
1.24167E+03 -7.69141E-03
1.24215E+03 -7.74449E-03
1.24264E+03 -7.74049E-03
1.24312E+03 -7.69939E-03
1.24360E+03 -7.69167E-03
1.24408E+03 -7.74756E-03
1.24457E+03 -7.75732E-03
1.24505E+03 -7.76668E-03
1.24553E+03 -7.75267E-03
1.24601E+03 -7.76174E-03
1.24649E+03 -7.77918E-03
1.24698E+03 -7.74090E-03
1.24746E+03 -7.78093E-03
1.24794E+03 -7.83259E-03
1.24842E+03 -7.82344E-03
1.24891E+03 -7.83448E-03
1.24939E+03 -7.82896E-03
1.24987E+03 -7.82739E-03
1.25035E+03 -7.86608E-03
1.25083E+03 -7.86481E-03
1.25132E+03 -7.91116E-03
1.25180E+03 -7.95321E-03
1.25228E+03 -7.93152E-03
1.25276E+03 -7.94933E-03
1.25325E+03 -7.93200E-03
1.25373E+03 -7.89648E-03
1.25421E+03 -7.88137E-03
1.25469E+03 -7.86621E-03
1.25517E+03 -7.86902E-03
1.25566E+03 -7.87627E-03
1.25614E+03 -7.90203E-03
1.25662E+03 -7.92170E-03
1.25710E+03 -7.97062E-03
1.25759E+03 -7.92128E-03
1.25807E+03 -7.84319E-03
1.25855E+03 -7.91456E-03
1.25903E+03 -7.94031E-03
1.25951E+03 -7.84305E-03
1.26000E+03 -7.82888E-03
1.26048E+03 -7.85166E-03
1.26096E+03 -7.83434E-03
1.26144E+03 -7.86119E-03
1.26192E+03 -7.84204E-03
1.26241E+03 -7.77424E-03
1.26289E+03 -7.84075E-03
1.26337E+03 -7.87751E-03
1.26385E+03 -7.87220E-03
1.26434E+03 -7.90106E-03
1.26482E+03 -7.85586E-03
1.26530E+03 -7.87242E-03
1.26578E+03 -7.96441E-03
1.26626E+03 -7.96744E-03
1.26675E+03 -7.97090E-03
1.26723E+03 -7.96849E-03
1.26771E+03 -7.98023E-03
1.26819E+03 -8.03064E-03
1.26868E+03 -7.98792E-03
1.26916E+03 -8.00293E-03
1.26964E+03 -8.06750E-03
1.27012E+03 -8.06252E-03
1.27060E+03 -8.07993E-03
1.27109E+03 -8.14184E-03
1.27157E+03 -8.11243E-03
1.27205E+03 -8.08601E-03
1.27253E+03 -8.09427E-03
1.27302E+03 -8.07562E-03
1.27350E+03 -8.09335E-03
1.27398E+03 -8.16133E-03
1.27446E+03 -8.14193E-03
1.27494E+03 -8.09121E-03
1.27543E+03 -8.13201E-03
1.27591E+03 -8.16064E-03
1.27639E+03 -8.14785E-03
1.27687E+03 -8.16389E-03
1.27736E+03 -8.17023E-03
1.27784E+03 -8.12256E-03
1.27832E+03 -8.12232E-03
1.27880E+03 -8.18789E-03
1.27928E+03 -8.22733E-03
1.27977E+03 -8.29909E-03
1.28025E+03 -8.29684E-03
1.28073E+03 -8.21513E-03
1.28121E+03 -8.23255E-03
1.28170E+03 -8.28705E-03
1.28218E+03 -8.33121E-03
1.28266E+03 -8.31594E-03
1.28314E+03 -8.24699E-03
1.28362E+03 -8.25145E-03
1.28411E+03 -8.38480E-03
1.28459E+03 -8.37002E-03
1.28507E+03 -8.31673E-03
1.28555E+03 -8.36241E-03
1.28604E+03 -8.34767E-03
1.28652E+03 -8.36062E-03
1.28700E+03 -8.38061E-03
1.28748E+03 -8.35441E-03
1.28796E+03 -8.31944E-03
1.28845E+03 -8.25866E-03
1.28893E+03 -8.22573E-03
1.28941E+03 -8.18012E-03
1.28989E+03 -8.08426E-03
1.29037E+03 -8.02559E-03
1.29086E+03 -7.92034E-03
1.29134E+03 -7.76043E-03
1.29182E+03 -7.52746E-03
1.29230E+03 -7.27566E-03
1.29279E+03 -6.97196E-03
1.29327E+03 -6.41682E-03
1.29375E+03 -5.66571E-03
1.29423E+03 -4.64837E-03
1.29471E+03 -3.39406E-03
1.29520E+03 -1.97248E-03
1.29568E+03 -3.53195E-04
1.29616E+03 1.42056E-03
1.29664E+03 3.28883E-03
1.29713E+03 5.12822E-03
1.29761E+03 6.96960E-03
1.29809E+03 8.74490E-03
1.29857E+03 1.03596E-02
1.29905E+03 1.18292E-02
1.29954E+03 1.31822E-02
1.30002E+03 1.43373E-02
1.30050E+03 1.53386E-02
1.30098E+03 1.61944E-02
1.30147E+03 1.68964E-02
1.30195E+03 1.75409E-02
1.30243E+03 1.79630E-02
1.30291E+03 1.82687E-02
1.30339E+03 1.84169E-02
1.30388E+03 1.83281E-02
1.30436E+03 1.81386E-02
1.30484E+03 1.77635E-02
1.30532E+03 1.71822E-02
1.30581E+03 1.64643E-02
1.30629E+03 1.56174E-02
1.30677E+03 1.45829E-02
1.30725E+03 1.34249E-02
1.30773E+03 1.21767E-02
1.30822E+03 1.08281E-02
1.30870E+03 9.41266E-03
1.30918E+03 7.93141E-03
1.30966E+03 6.37486E-03
1.31015E+03 4.71268E-03
1.31063E+03 3.10299E-03
1.31111E+03 1.53912E-03
1.31159E+03 4.45880E-05
1.31207E+03 -1.22236E-03
1.31256E+03 -2.34245E-03
1.31304E+03 -3.26378E-03
1.31352E+03 -4.04587E-03
1.31400E+03 -4.76269E-03
1.31448E+03 -5.38206E-03
1.31497E+03 -5.89436E-03
1.31545E+03 -6.32282E-03
1.31593E+03 -6.61593E-03
1.31641E+03 -6.85046E-03
1.31690E+03 -7.09383E-03
1.31738E+03 -7.25673E-03
1.31786E+03 -7.35317E-03
1.31834E+03 -7.48547E-03
1.31882E+03 -7.63949E-03
1.31931E+03 -7.65611E-03
1.31979E+03 -7.69649E-03
1.32027E+03 -7.78942E-03
1.32075E+03 -7.84918E-03
1.32124E+03 -7.89298E-03
1.32172E+03 -7.90386E-03
1.32220E+03 -7.86618E-03
1.32268E+03 -7.83344E-03
1.32316E+03 -7.87626E-03
1.32365E+03 -7.88122E-03
1.32413E+03 -7.83836E-03
1.32461E+03 -7.83771E-03
1.32509E+03 -7.88707E-03
1.32558E+03 -7.86743E-03
1.32606E+03 -7.88465E-03
1.32654E+03 -7.90279E-03
1.32702E+03 -7.83428E-03
1.32750E+03 -7.81123E-03
1.32799E+03 -7.81505E-03
1.32847E+03 -7.90382E-03
1.32895E+03 -7.92135E-03
1.32943E+03 -7.82606E-03
1.32992E+03 -7.75831E-03
1.33040E+03 -7.75894E-03
1.33088E+03 -7.79884E-03
1.33136E+03 -7.75198E-03
1.33184E+03 -7.64887E-03
1.33233E+03 -7.62400E-03
1.33281E+03 -7.61821E-03
1.33329E+03 -7.58869E-03
1.33377E+03 -7.58302E-03
1.33426E+03 -7.56715E-03
1.33474E+03 -7.51841E-03
1.33522E+03 -7.48483E-03
1.33570E+03 -7.43962E-03
1.33618E+03 -7.41814E-03
1.33667E+03 -7.39306E-03
1.33715E+03 -7.32865E-03
1.33763E+03 -7.29515E-03
1.33811E+03 -7.29425E-03
1.33860E+03 -7.25956E-03
1.33908E+03 -7.15240E-03
1.33956E+03 -7.12123E-03
1.34004E+03 -7.12480E-03
1.34052E+03 -7.03827E-03
1.34101E+03 -6.96587E-03
1.34149E+03 -6.96359E-03
1.34197E+03 -6.98729E-03
1.34245E+03 -6.99708E-03
1.34293E+03 -6.95667E-03
1.34342E+03 -6.97558E-03
1.34390E+03 -7.01026E-03
1.34438E+03 -6.98715E-03
1.34486E+03 -6.97406E-03
1.34535E+03 -6.92948E-03
1.34583E+03 -6.92751E-03
1.34631E+03 -7.01332E-03
1.34679E+03 -6.99079E-03
1.34727E+03 -6.90281E-03
1.34776E+03 -6.87919E-03
1.34824E+03 -6.96569E-03
1.34872E+03 -7.00161E-03
1.34920E+03 -6.95296E-03
1.34969E+03 -7.00413E-03
1.35017E+03 -7.06415E-03
1.35065E+03 -7.06523E-03
1.35113E+03 -7.09944E-03
1.35161E+03 -7.12731E-03
1.35210E+03 -7.12508E-03
1.35258E+03 -7.13789E-03
1.35306E+03 -7.19697E-03
1.35354E+03 -7.25528E-03
1.35403E+03 -7.24250E-03
1.35451E+03 -7.25375E-03
1.35499E+03 -7.31806E-03
1.35547E+03 -7.38239E-03
1.35595E+03 -7.30872E-03
1.35644E+03 -7.28548E-03
1.35692E+03 -7.38855E-03
1.35740E+03 -7.39409E-03
1.35788E+03 -7.39383E-03
1.35837E+03 -7.46492E-03
1.35885E+03 -7.53445E-03
1.35933E+03 -7.54760E-03
1.35981E+03 -7.55037E-03
1.36029E+03 -7.59910E-03
1.36078E+03 -7.58624E-03
1.36126E+03 -7.53655E-03
1.36174E+03 -7.52134E-03
1.36222E+03 -7.54122E-03
1.36271E+03 -7.55536E-03
1.36319E+03 -7.57403E-03
1.36367E+03 -7.52968E-03
1.36415E+03 -7.47681E-03
1.36463E+03 -7.49911E-03
1.36512E+03 -7.46086E-03
1.36560E+03 -7.38432E-03
1.36608E+03 -7.40517E-03
1.36656E+03 -7.41531E-03
1.36705E+03 -7.34098E-03
1.36753E+03 -7.34983E-03
1.36801E+03 -7.34260E-03
1.36849E+03 -7.27618E-03
1.36897E+03 -7.22201E-03
1.36946E+03 -7.13399E-03
1.36994E+03 -7.10341E-03
1.37042E+03 -7.16597E-03
1.37090E+03 -7.14002E-03
1.37138E+03 -7.08144E-03
1.37187E+03 -7.03249E-03
1.37235E+03 -6.94842E-03
1.37283E+03 -6.89296E-03
1.37331E+03 -6.91997E-03
1.37380E+03 -6.90391E-03
1.37428E+03 -6.79602E-03
1.37476E+03 -6.70968E-03
1.37524E+03 -6.59874E-03
1.37572E+03 -6.46135E-03
1.37621E+03 -6.38650E-03
1.37669E+03 -6.25163E-03
1.37717E+03 -6.10043E-03
1.37765E+03 -6.05819E-03
1.37814E+03 -5.93349E-03
1.37862E+03 -5.73679E-03
1.37910E+03 -5.58072E-03
1.37958E+03 -5.44060E-03
1.38006E+03 -5.24527E-03
1.38055E+03 -4.99006E-03
1.38103E+03 -4.86432E-03
1.38151E+03 -4.85058E-03
1.38199E+03 -4.85152E-03
1.38248E+03 -4.84958E-03
1.38296E+03 -4.81660E-03
1.38344E+03 -4.83669E-03
1.38392E+03 -4.87163E-03
1.38440E+03 -4.87777E-03
1.38489E+03 -4.82640E-03
1.38537E+03 -4.80397E-03
1.38585E+03 -4.75530E-03
1.38633E+03 -4.62075E-03
1.38682E+03 -4.57522E-03
1.38730E+03 -4.59633E-03
1.38778E+03 -4.49670E-03
1.38826E+03 -4.35088E-03
1.38874E+03 -4.29294E-03
1.38923E+03 -4.28021E-03
1.38971E+03 -4.19606E-03
1.39019E+03 -4.06260E-03
1.39067E+03 -3.96827E-03
1.39116E+03 -3.84838E-03
1.39164E+03 -3.70401E-03
1.39212E+03 -3.56615E-03
1.39260E+03 -3.49269E-03
1.39308E+03 -3.41642E-03
1.39357E+03 -3.25796E-03
1.39405E+03 -3.15005E-03
1.39453E+03 -3.00346E-03
1.39501E+03 -2.86086E-03
1.39550E+03 -2.74626E-03
1.39598E+03 -2.58586E-03
1.39646E+03 -2.47222E-03
1.39694E+03 -2.33905E-03
1.39742E+03 -2.24210E-03
1.39791E+03 -2.05635E-03
1.39839E+03 -1.80969E-03
1.39887E+03 -1.69287E-03
1.39935E+03 -1.58599E-03
1.39983E+03 -1.39467E-03
1.40032E+03 -1.23799E-03
1.40080E+03 -1.16863E-03
1.40128E+03 -9.79323E-04
1.40176E+03 -7.61192E-04
1.40225E+03 -6.80447E-04
1.40273E+03 -6.54534E-04
1.40321E+03 -5.80367E-04
1.40369E+03 -4.24463E-04
1.40417E+03 -2.74580E-04
1.40466E+03 -1.30601E-04
1.40514E+03 -1.41148E-04
1.40562E+03 -1.50718E-04
1.40610E+03 7.84397E-05
1.40659E+03 2.25544E-04
1.40707E+03 2.96868E-04
1.40755E+03 3.99537E-04
1.40803E+03 4.33553E-04
1.40851E+03 4.99297E-04
1.40900E+03 6.50726E-04
1.40948E+03 7.97667E-04
1.40996E+03 9.68691E-04
1.41044E+03 1.01763E-03
1.41093E+03 1.11644E-03
1.41141E+03 1.21731E-03
1.41189E+03 1.24444E-03
1.41237E+03 1.37659E-03
1.41285E+03 1.40015E-03
1.41334E+03 1.39906E-03
1.41382E+03 1.41574E-03
1.41430E+03 1.50481E-03
1.41478E+03 1.60917E-03
1.41527E+03 1.72081E-03
1.41575E+03 1.75532E-03
1.41623E+03 1.72945E-03
1.41671E+03 1.76410E-03
1.41719E+03 1.79936E-03
1.41768E+03 1.89831E-03
1.41816E+03 1.93405E-03
1.41864E+03 1.84023E-03
1.41912E+03 1.82152E-03
1.41961E+03 1.83890E-03
1.42009E+03 1.93295E-03
1.42057E+03 2.05133E-03
1.42105E+03 2.04909E-03
1.42153E+03 2.06080E-03
1.42202E+03 2.05426E-03
1.42250E+03 2.03362E-03
1.42298E+03 1.98367E-03
1.42346E+03 1.93524E-03
1.42395E+03 1.89903E-03
1.42443E+03 1.87711E-03
1.42491E+03 1.86995E-03
1.42539E+03 1.87315E-03
1.42587E+03 1.90335E-03
1.42636E+03 1.84726E-03
1.42684E+03 1.78525E-03
1.42732E+03 1.81651E-03
1.42780E+03 1.75945E-03
1.42828E+03 1.64041E-03
1.42877E+03 1.59189E-03
1.42925E+03 1.56275E-03
1.42973E+03 1.50913E-03
1.43021E+03 1.39073E-03
1.43070E+03 1.26179E-03
1.43118E+03 1.19156E-03
1.43166E+03 1.17349E-03
1.43214E+03 1.05723E-03
1.43262E+03 9.51551E-04
1.43311E+03 9.28372E-04
1.43359E+03 8.57279E-04
1.43407E+03 7.29688E-04
1.43455E+03 5.86465E-04
1.43504E+03 5.22509E-04
1.43552E+03 4.08694E-04
1.43600E+03 2.69186E-04
1.43648E+03 2.26460E-04
1.43696E+03 1.46978E-04
1.43745E+03 7.02515E-05
1.43793E+03 9.32775E-05
1.43841E+03 2.53953E-05
1.43889E+03 -2.86251E-05
1.43938E+03 -5.33126E-05
1.43986E+03 -6.57476E-05
1.44034E+03 4.34034E-05
1.44082E+03 1.48188E-04
1.44130E+03 2.37055E-04
1.44179E+03 3.71013E-04
1.44227E+03 5.62802E-04
1.44275E+03 7.01461E-04
1.44323E+03 8.01641E-04
1.44372E+03 9.86040E-04
1.44420E+03 1.17790E-03
1.44468E+03 1.32359E-03
1.44516E+03 1.49639E-03
1.44564E+03 1.64526E-03
1.44613E+03 1.74798E-03
1.44661E+03 1.86010E-03
1.44709E+03 1.96655E-03
1.44757E+03 2.02294E-03
1.44806E+03 2.02006E-03
1.44854E+03 1.98260E-03
1.44902E+03 1.99847E-03
1.44950E+03 2.09085E-03
1.44998E+03 2.10283E-03
1.45047E+03 2.06551E-03
1.45095E+03 2.09052E-03
1.45143E+03 2.08115E-03
1.45191E+03 2.05617E-03
1.45240E+03 2.03886E-03
1.45288E+03 2.02831E-03
1.45336E+03 2.09296E-03
1.45384E+03 2.10860E-03
1.45432E+03 2.07289E-03
1.45481E+03 2.03908E-03
1.45529E+03 2.08678E-03
1.45577E+03 2.23822E-03
1.45625E+03 2.36122E-03
1.45673E+03 2.57060E-03
1.45722E+03 2.92234E-03
1.45770E+03 3.24991E-03
1.45818E+03 3.52632E-03
1.45866E+03 3.87607E-03
1.45915E+03 4.26474E-03
1.45963E+03 4.72989E-03
1.46011E+03 5.14479E-03
1.46059E+03 5.43771E-03
1.46107E+03 5.69290E-03
1.46156E+03 5.88929E-03
1.46204E+03 6.08327E-03
1.46252E+03 6.20170E-03
1.46300E+03 6.26344E-03
1.46349E+03 6.31602E-03
1.46397E+03 6.27669E-03
1.46445E+03 6.15616E-03
1.46493E+03 5.94218E-03
1.46541E+03 5.66841E-03
1.46590E+03 5.47825E-03
1.46638E+03 5.30746E-03
1.46686E+03 4.98042E-03
1.46734E+03 4.65186E-03
1.46783E+03 4.33002E-03
1.46831E+03 4.00420E-03
1.46879E+03 3.74804E-03
1.46927E+03 3.47386E-03
1.46975E+03 3.31898E-03
1.47024E+03 3.30356E-03
1.47072E+03 3.41692E-03
1.47120E+03 3.66075E-03
1.47168E+03 4.00889E-03
1.47217E+03 4.47759E-03
1.47265E+03 5.01773E-03
1.47313E+03 5.52473E-03
1.47361E+03 6.06023E-03
1.47409E+03 6.64870E-03
1.47458E+03 7.18092E-03
1.47506E+03 7.58417E-03
1.47554E+03 7.81309E-03
1.47602E+03 7.98946E-03
1.47651E+03 8.20888E-03
1.47699E+03 8.29591E-03
1.47747E+03 8.13876E-03
1.47795E+03 7.93342E-03
1.47843E+03 7.77371E-03
1.47892E+03 7.52513E-03
1.47940E+03 7.15914E-03
1.47988E+03 6.74885E-03
1.48036E+03 6.34947E-03
1.48084E+03 5.90409E-03
1.48133E+03 5.37774E-03
1.48181E+03 4.87285E-03
1.48229E+03 4.35320E-03
1.48277E+03 3.79416E-03
1.48326E+03 3.25055E-03
1.48374E+03 2.72180E-03
1.48422E+03 2.23812E-03
1.48470E+03 1.77198E-03
1.48518E+03 1.26813E-03
1.48567E+03 7.78709E-04
1.48615E+03 3.54029E-04
1.48663E+03 -1.28150E-04
1.48711E+03 -6.15411E-04
1.48760E+03 -1.08829E-03
1.48808E+03 -1.57269E-03
1.48856E+03 -2.02820E-03
1.48904E+03 -2.39823E-03
1.48952E+03 -2.70779E-03
1.49001E+03 -3.12995E-03
1.49049E+03 -3.53681E-03
1.49097E+03 -3.86350E-03
1.49145E+03 -4.14215E-03
1.49194E+03 -4.41119E-03
1.49242E+03 -4.68531E-03
1.49290E+03 -5.02229E-03
1.49338E+03 -5.23480E-03
1.49386E+03 -5.41943E-03
1.49435E+03 -5.78671E-03
1.49483E+03 -6.03226E-03
1.49531E+03 -6.18194E-03
1.49579E+03 -6.32462E-03
1.49628E+03 -6.56138E-03
1.49676E+03 -6.77053E-03
1.49724E+03 -6.89520E-03
1.49772E+03 -7.08869E-03
1.49820E+03 -7.23942E-03
1.49869E+03 -7.39785E-03
1.49917E+03 -7.59884E-03
1.49965E+03 -7.71809E-03
1.50013E+03 -7.79118E-03
1.50062E+03 -7.91668E-03
1.50110E+03 -7.99435E-03
1.50158E+03 -8.09919E-03
1.50206E+03 -8.25501E-03
1.50254E+03 -8.31503E-03
1.50303E+03 -8.39765E-03
1.50351E+03 -8.47159E-03
1.50399E+03 -8.48467E-03
1.50447E+03 -8.55837E-03
1.50496E+03 -8.67255E-03
1.50544E+03 -8.79738E-03
1.50592E+03 -8.91456E-03
1.50640E+03 -8.98267E-03
1.50688E+03 -9.01954E-03
1.50737E+03 -9.08397E-03
1.50785E+03 -9.13040E-03
1.50833E+03 -9.14134E-03
1.50881E+03 -9.17660E-03
1.50929E+03 -9.22507E-03
1.50978E+03 -9.29950E-03
1.51026E+03 -9.27824E-03
1.51074E+03 -9.25250E-03
1.51122E+03 -9.34634E-03
1.51171E+03 -9.43399E-03
1.51219E+03 -9.50784E-03
1.51267E+03 -9.50487E-03
1.51315E+03 -9.51529E-03
1.51363E+03 -9.59622E-03
1.51412E+03 -9.65467E-03
1.51460E+03 -9.65445E-03
1.51508E+03 -9.69104E-03
1.51556E+03 -9.73029E-03
1.51605E+03 -9.70235E-03
1.51653E+03 -9.73641E-03
1.51701E+03 -9.81479E-03
1.51749E+03 -9.84339E-03
1.51797E+03 -9.84498E-03
1.51846E+03 -9.84620E-03
1.51894E+03 -9.86312E-03
1.51942E+03 -9.87885E-03
1.51990E+03 -9.87232E-03
1.52039E+03 -9.89274E-03
1.52087E+03 -9.97679E-03
1.52135E+03 -1.01126E-02
1.52183E+03 -1.01020E-02
1.52231E+03 -1.00241E-02
1.52280E+03 -1.00328E-02
1.52328E+03 -1.00608E-02
1.52376E+03 -1.00091E-02
1.52424E+03 -9.95402E-03
1.52473E+03 -1.00455E-02
1.52521E+03 -1.01101E-02
1.52569E+03 -1.00598E-02
1.52617E+03 -1.00199E-02
1.52665E+03 -9.97887E-03
1.52714E+03 -9.94960E-03
1.52762E+03 -9.97055E-03
1.52810E+03 -9.96728E-03
1.52858E+03 -9.97042E-03
1.52907E+03 -9.97714E-03
1.52955E+03 -9.93951E-03
1.53003E+03 -9.89922E-03
1.53051E+03 -9.88634E-03
1.53099E+03 -9.94547E-03
1.53148E+03 -9.97287E-03
1.53196E+03 -9.93695E-03
1.53244E+03 -9.92034E-03
1.53292E+03 -9.92703E-03
1.53341E+03 -9.95818E-03
1.53389E+03 -1.00153E-02
1.53437E+03 -1.00891E-02
1.53485E+03 -1.01156E-02
1.53533E+03 -1.01580E-02
1.53582E+03 -1.02261E-02
1.53630E+03 -1.02160E-02
1.53678E+03 -1.01957E-02
1.53726E+03 -1.02662E-02
1.53774E+03 -1.03170E-02
1.53823E+03 -1.03047E-02
1.53871E+03 -1.03894E-02
1.53919E+03 -1.04886E-02
1.53967E+03 -1.04573E-02
1.54016E+03 -1.04579E-02
1.54064E+03 -1.05232E-02
1.54112E+03 -1.05102E-02
1.54160E+03 -1.05159E-02
1.54208E+03 -1.05612E-02
1.54257E+03 -1.05515E-02
1.54305E+03 -1.05234E-02
1.54353E+03 -1.05944E-02
1.54401E+03 -1.06330E-02
1.54450E+03 -1.06073E-02
1.54498E+03 -1.06896E-02
1.54546E+03 -1.06627E-02
1.54594E+03 -1.06231E-02
1.54642E+03 -1.06737E-02
1.54691E+03 -1.06676E-02
1.54739E+03 -1.06892E-02
1.54787E+03 -1.07582E-02
1.54835E+03 -1.07718E-02
1.54884E+03 -1.07909E-02
1.54932E+03 -1.07974E-02
1.54980E+03 -1.08400E-02
1.55028E+03 -1.08528E-02
1.55076E+03 -1.07677E-02
1.55125E+03 -1.07647E-02
1.55173E+03 -1.07855E-02
1.55221E+03 -1.08286E-02
1.55269E+03 -1.08717E-02
1.55318E+03 -1.09028E-02
1.55366E+03 -1.09623E-02
1.55414E+03 -1.10491E-02
1.55462E+03 -1.10688E-02
1.55510E+03 -1.09921E-02
1.55559E+03 -1.09647E-02
1.55607E+03 -1.10080E-02
1.55655E+03 -1.10112E-02
1.55703E+03 -1.09983E-02
1.55752E+03 -1.10277E-02
1.55800E+03 -1.10566E-02
1.55848E+03 -1.11282E-02
1.55896E+03 -1.11464E-02
1.55944E+03 -1.10720E-02
1.55993E+03 -1.10902E-02
1.56041E+03 -1.11565E-02
1.56089E+03 -1.11303E-02
1.56137E+03 -1.10917E-02
1.56186E+03 -1.11219E-02
1.56234E+03 -1.11000E-02
1.56282E+03 -1.10940E-02
1.56330E+03 -1.11599E-02
1.56378E+03 -1.11762E-02
1.56427E+03 -1.11446E-02
1.56475E+03 -1.11654E-02
1.56523E+03 -1.12227E-02
1.56571E+03 -1.12473E-02
1.56619E+03 -1.12503E-02
1.56668E+03 -1.12481E-02
1.56716E+03 -1.12770E-02
1.56764E+03 -1.13090E-02
1.56812E+03 -1.13228E-02
1.56861E+03 -1.13265E-02
1.56909E+03 -1.13157E-02
1.56957E+03 -1.13317E-02
1.57005E+03 -1.13245E-02
1.57053E+03 -1.12690E-02
1.57102E+03 -1.12782E-02
1.57150E+03 -1.13546E-02
1.57198E+03 -1.13968E-02
1.57246E+03 -1.14187E-02
1.57295E+03 -1.13927E-02
1.57343E+03 -1.13996E-02
1.57391E+03 -1.14325E-02
1.57439E+03 -1.14041E-02
1.57487E+03 -1.13837E-02
1.57536E+03 -1.13733E-02
1.57584E+03 -1.14523E-02
1.57632E+03 -1.15402E-02
1.57680E+03 -1.15390E-02
1.57729E+03 -1.14800E-02
1.57777E+03 -1.14797E-02
1.57825E+03 -1.15677E-02
1.57873E+03 -1.15825E-02
1.57921E+03 -1.15802E-02
1.57970E+03 -1.15941E-02
1.58018E+03 -1.16152E-02
1.58066E+03 -1.16197E-02
1.58114E+03 -1.16266E-02
1.58163E+03 -1.16239E-02
1.58211E+03 -1.15801E-02
1.58259E+03 -1.15913E-02
1.58307E+03 -1.16106E-02
1.58355E+03 -1.16132E-02
1.58404E+03 -1.16159E-02
1.58452E+03 -1.15983E-02
1.58500E+03 -1.15954E-02
1.58548E+03 -1.16413E-02
1.58597E+03 -1.16865E-02
1.58645E+03 -1.16608E-02
1.58693E+03 -1.16706E-02
1.58741E+03 -1.17030E-02
1.58789E+03 -1.16965E-02
1.58838E+03 -1.17104E-02
1.58886E+03 -1.16743E-02
1.58934E+03 -1.17001E-02
1.58982E+03 -1.18065E-02
1.59031E+03 -1.17620E-02
1.59079E+03 -1.16907E-02
1.59127E+03 -1.17167E-02
1.59175E+03 -1.17249E-02
1.59223E+03 -1.17397E-02
1.59272E+03 -1.17452E-02
1.59320E+03 -1.17467E-02
1.59368E+03 -1.17477E-02
1.59416E+03 -1.17776E-02
1.59464E+03 -1.17712E-02
1.59513E+03 -1.17069E-02
1.59561E+03 -1.17159E-02
1.59609E+03 -1.17423E-02
1.59657E+03 -1.17135E-02
1.59706E+03 -1.16596E-02
1.59754E+03 -1.16805E-02
1.59802E+03 -1.17213E-02
1.59850E+03 -1.17238E-02
1.59898E+03 -1.16807E-02
1.59947E+03 -1.16261E-02
1.59995E+03 -1.16499E-02
1.60043E+03 -1.16675E-02
1.60091E+03 -1.16474E-02
1.60140E+03 -1.16214E-02
1.60188E+03 -1.16282E-02
1.60236E+03 -1.15995E-02
1.60284E+03 -1.15180E-02
1.60332E+03 -1.14881E-02
1.60381E+03 -1.15129E-02
1.60429E+03 -1.14913E-02
1.60477E+03 -1.14512E-02
1.60525E+03 -1.14472E-02
1.60574E+03 -1.14200E-02
1.60622E+03 -1.14141E-02
1.60670E+03 -1.14173E-02
1.60718E+03 -1.13604E-02
1.60766E+03 -1.12891E-02
1.60815E+03 -1.12623E-02
1.60863E+03 -1.12372E-02
1.60911E+03 -1.12528E-02
1.60959E+03 -1.12606E-02
1.61008E+03 -1.12302E-02
1.61056E+03 -1.12310E-02
1.61104E+03 -1.11796E-02
1.61152E+03 -1.11216E-02
1.61200E+03 -1.10994E-02
1.61249E+03 -1.10726E-02
1.61297E+03 -1.10303E-02
1.61345E+03 -1.09776E-02
1.61393E+03 -1.09303E-02
1.61442E+03 -1.08806E-02
1.61490E+03 -1.08736E-02
1.61538E+03 -1.08931E-02
1.61586E+03 -1.08775E-02
1.61634E+03 -1.08276E-02
1.61683E+03 -1.07853E-02
1.61731E+03 -1.06975E-02
1.61779E+03 -1.05881E-02
1.61827E+03 -1.05245E-02
1.61876E+03 -1.05287E-02
1.61924E+03 -1.04759E-02
1.61972E+03 -1.03797E-02
1.62020E+03 -1.02735E-02
1.62068E+03 -1.01749E-02
1.62117E+03 -1.01413E-02
1.62165E+03 -1.00553E-02
1.62213E+03 -9.92486E-03
1.62261E+03 -9.79236E-03
1.62309E+03 -9.73900E-03
1.62358E+03 -9.72320E-03
1.62406E+03 -9.63242E-03
1.62454E+03 -9.50704E-03
1.62502E+03 -9.34490E-03
1.62551E+03 -9.19724E-03
1.62599E+03 -9.10880E-03
1.62647E+03 -9.02853E-03
1.62695E+03 -8.91373E-03
1.62743E+03 -8.80629E-03
1.62792E+03 -8.70670E-03
1.62840E+03 -8.56759E-03
1.62888E+03 -8.42372E-03
1.62936E+03 -8.30583E-03
1.62985E+03 -8.20622E-03
1.63033E+03 -8.06559E-03
1.63081E+03 -7.90139E-03
1.63129E+03 -7.74556E-03
1.63177E+03 -7.73299E-03
1.63226E+03 -7.66604E-03
1.63274E+03 -7.46379E-03
1.63322E+03 -7.31499E-03
1.63370E+03 -7.19665E-03
1.63419E+03 -7.05522E-03
1.63467E+03 -6.95272E-03
1.63515E+03 -6.86090E-03
1.63563E+03 -6.77259E-03
1.63611E+03 -6.71713E-03
1.63660E+03 -6.58488E-03
1.63708E+03 -6.47653E-03
1.63756E+03 -6.43946E-03
1.63804E+03 -6.34844E-03
1.63853E+03 -6.26313E-03
1.63901E+03 -6.19612E-03
1.63949E+03 -6.13459E-03
1.63997E+03 -6.08864E-03
1.64045E+03 -6.03320E-03
1.64094E+03 -6.02775E-03
1.64142E+03 -6.00750E-03
1.64190E+03 -5.99915E-03
1.64238E+03 -5.99038E-03
1.64287E+03 -5.95252E-03
1.64335E+03 -5.93606E-03
1.64383E+03 -5.92297E-03
1.64431E+03 -5.94422E-03
1.64479E+03 -5.93598E-03
1.64528E+03 -5.96305E-03
1.64576E+03 -6.04678E-03
1.64624E+03 -6.08002E-03
1.64672E+03 -6.08521E-03
1.64720E+03 -6.07145E-03
1.64769E+03 -6.08036E-03
1.64817E+03 -6.16970E-03
1.64865E+03 -6.27949E-03
1.64913E+03 -6.24878E-03
1.64962E+03 -6.25265E-03
1.65010E+03 -6.32488E-03
1.65058E+03 -6.35695E-03
1.65106E+03 -6.41625E-03
1.65154E+03 -6.46619E-03
1.65203E+03 -6.51228E-03
1.65251E+03 -6.57164E-03
1.65299E+03 -6.65027E-03
1.65347E+03 -6.76197E-03
1.65396E+03 -6.76529E-03
1.65444E+03 -6.76958E-03
1.65492E+03 -6.91588E-03
1.65540E+03 -7.00026E-03
1.65588E+03 -6.97997E-03
1.65637E+03 -7.01873E-03
1.65685E+03 -7.05549E-03
1.65733E+03 -7.12920E-03
1.65781E+03 -7.27413E-03
1.65830E+03 -7.30709E-03
1.65878E+03 -7.34188E-03
1.65926E+03 -7.38798E-03
1.65974E+03 -7.43018E-03
1.66022E+03 -7.52865E-03
1.66071E+03 -7.60352E-03
1.66119E+03 -7.63594E-03
1.66167E+03 -7.66150E-03
1.66215E+03 -7.70535E-03
1.66264E+03 -7.81917E-03
1.66312E+03 -7.91058E-03
1.66360E+03 -7.90007E-03
1.66408E+03 -7.90067E-03
1.66456E+03 -7.96958E-03
1.66505E+03 -8.03110E-03
1.66553E+03 -8.09040E-03
1.66601E+03 -8.13667E-03
1.66649E+03 -8.18199E-03
1.66698E+03 -8.25623E-03
1.66746E+03 -8.28489E-03
1.66794E+03 -8.27564E-03
1.66842E+03 -8.27892E-03
1.66890E+03 -8.35355E-03
1.66939E+03 -8.44303E-03
1.66987E+03 -8.49988E-03
1.67035E+03 -8.51006E-03
1.67083E+03 -8.47673E-03
1.67132E+03 -8.55504E-03
1.67180E+03 -8.69650E-03
1.67228E+03 -8.71196E-03
1.67276E+03 -8.69733E-03
1.67324E+03 -8.82065E-03
1.67373E+03 -8.93453E-03
1.67421E+03 -8.93980E-03
1.67469E+03 -8.94008E-03
1.67517E+03 -9.03732E-03
1.67565E+03 -9.15307E-03
1.67614E+03 -9.13685E-03
1.67662E+03 -9.15893E-03
1.67710E+03 -9.26351E-03
1.67758E+03 -9.33934E-03
1.67807E+03 -9.36212E-03
1.67855E+03 -9.39671E-03
1.67903E+03 -9.45319E-03
1.67951E+03 -9.50592E-03
1.67999E+03 -9.60870E-03
1.68048E+03 -9.64420E-03
1.68096E+03 -9.62575E-03
1.68144E+03 -9.69514E-03
1.68192E+03 -9.74782E-03
1.68241E+03 -9.79144E-03
1.68289E+03 -9.94453E-03
1.68337E+03 -1.00586E-02
1.68385E+03 -1.00907E-02
1.68433E+03 -1.01282E-02
1.68482E+03 -1.02066E-02
1.68530E+03 -1.02645E-02
1.68578E+03 -1.03150E-02
1.68626E+03 -1.03882E-02
1.68675E+03 -1.04732E-02
1.68723E+03 -1.05862E-02
1.68771E+03 -1.06645E-02
1.68819E+03 -1.07614E-02
1.68867E+03 -1.08032E-02
1.68916E+03 -1.08181E-02
1.68964E+03 -1.09133E-02
1.69012E+03 -1.10129E-02
1.69060E+03 -1.11059E-02
1.69109E+03 -1.12011E-02
1.69157E+03 -1.12915E-02
1.69205E+03 -1.13416E-02
1.69253E+03 -1.13523E-02
1.69301E+03 -1.14104E-02
1.69350E+03 -1.15171E-02
1.69398E+03 -1.16428E-02
1.69446E+03 -1.17540E-02
1.69494E+03 -1.18358E-02
1.69543E+03 -1.18937E-02
1.69591E+03 -1.20148E-02
1.69639E+03 -1.21697E-02
1.69687E+03 -1.21701E-02
1.69735E+03 -1.22150E-02
1.69784E+03 -1.23221E-02
1.69832E+03 -1.23511E-02
1.69880E+03 -1.24319E-02
1.69928E+03 -1.25630E-02
1.69977E+03 -1.26382E-02
1.70025E+03 -1.27149E-02
1.70073E+03 -1.28131E-02
1.70121E+03 -1.28832E-02
1.70169E+03 -1.29258E-02
1.70218E+03 -1.30067E-02
1.70266E+03 -1.30627E-02
1.70314E+03 -1.30695E-02
1.70362E+03 -1.31299E-02
1.70410E+03 -1.31887E-02
1.70459E+03 -1.32731E-02
1.70507E+03 -1.33388E-02
1.70555E+03 -1.34557E-02
1.70603E+03 -1.35479E-02
1.70652E+03 -1.35684E-02
1.70700E+03 -1.36712E-02
1.70748E+03 -1.37122E-02
1.70796E+03 -1.37487E-02
1.70844E+03 -1.38225E-02
1.70893E+03 -1.38669E-02
1.70941E+03 -1.38773E-02
1.70989E+03 -1.39002E-02
1.71037E+03 -1.39841E-02
1.71086E+03 -1.40863E-02
1.71134E+03 -1.41278E-02
1.71182E+03 -1.41576E-02
1.71230E+03 -1.42119E-02
1.71278E+03 -1.42347E-02
1.71327E+03 -1.42930E-02
1.71375E+03 -1.43591E-02
1.71423E+03 -1.43715E-02
1.71471E+03 -1.43965E-02
1.71520E+03 -1.44767E-02
1.71568E+03 -1.45181E-02
1.71616E+03 -1.45410E-02
1.71664E+03 -1.45917E-02
1.71712E+03 -1.46520E-02
1.71761E+03 -1.47128E-02
1.71809E+03 -1.47427E-02
1.71857E+03 -1.48046E-02
1.71905E+03 -1.48684E-02
1.71954E+03 -1.48547E-02
1.72002E+03 -1.48861E-02
1.72050E+03 -1.49662E-02
1.72098E+03 -1.49930E-02
1.72146E+03 -1.49939E-02
1.72195E+03 -1.50289E-02
1.72243E+03 -1.50956E-02
1.72291E+03 -1.51450E-02
1.72339E+03 -1.51563E-02
1.72388E+03 -1.52135E-02
1.72436E+03 -1.52296E-02
1.72484E+03 -1.52658E-02
1.72532E+03 -1.53362E-02
1.72580E+03 -1.53026E-02
1.72629E+03 -1.53624E-02
1.72677E+03 -1.54467E-02
1.72725E+03 -1.54669E-02
1.72773E+03 -1.54770E-02
1.72822E+03 -1.54946E-02
1.72870E+03 -1.55047E-02
1.72918E+03 -1.55262E-02
1.72966E+03 -1.55898E-02
1.73014E+03 -1.55960E-02
1.73063E+03 -1.56059E-02
1.73111E+03 -1.56470E-02
1.73159E+03 -1.56833E-02
1.73207E+03 -1.56815E-02
1.73255E+03 -1.56894E-02
1.73304E+03 -1.57422E-02
1.73352E+03 -1.58092E-02
1.73400E+03 -1.58356E-02
1.73448E+03 -1.58492E-02
1.73497E+03 -1.59234E-02
1.73545E+03 -1.59535E-02
1.73593E+03 -1.59208E-02
1.73641E+03 -1.58891E-02
1.73689E+03 -1.58945E-02
1.73738E+03 -1.59447E-02
1.73786E+03 -1.59754E-02
1.73834E+03 -1.59400E-02
1.73882E+03 -1.59746E-02
1.73931E+03 -1.60200E-02
1.73979E+03 -1.60072E-02
1.74027E+03 -1.60463E-02
1.74075E+03 -1.61195E-02
1.74123E+03 -1.61461E-02
1.74172E+03 -1.61347E-02
1.74220E+03 -1.60942E-02
1.74268E+03 -1.60214E-02
1.74316E+03 -1.60369E-02
1.74365E+03 -1.61149E-02
1.74413E+03 -1.61354E-02
1.74461E+03 -1.62455E-02
1.74509E+03 -1.63289E-02
1.74557E+03 -1.63026E-02
1.74606E+03 -1.63616E-02
1.74654E+03 -1.63392E-02
1.74702E+03 -1.62984E-02
1.74750E+03 -1.63251E-02
1.74799E+03 -1.63824E-02
1.74847E+03 -1.64252E-02
1.74895E+03 -1.63990E-02
1.74943E+03 -1.63881E-02
1.74991E+03 -1.64236E-02
1.75040E+03 -1.64721E-02
1.75088E+03 -1.64976E-02
1.75136E+03 -1.65342E-02
1.75184E+03 -1.65326E-02
1.75233E+03 -1.65076E-02
1.75281E+03 -1.65488E-02
1.75329E+03 -1.65828E-02
1.75377E+03 -1.65799E-02
1.75425E+03 -1.66125E-02
1.75474E+03 -1.66742E-02
1.75522E+03 -1.66125E-02
1.75570E+03 -1.65885E-02
1.75618E+03 -1.66343E-02
1.75667E+03 -1.66836E-02
1.75715E+03 -1.67059E-02
1.75763E+03 -1.66834E-02
1.75811E+03 -1.66736E-02
1.75859E+03 -1.66848E-02
1.75908E+03 -1.67492E-02
1.75956E+03 -1.67753E-02
1.76004E+03 -1.68198E-02
1.76052E+03 -1.68387E-02
1.76100E+03 -1.68015E-02
1.76149E+03 -1.67820E-02
1.76197E+03 -1.67947E-02
1.76245E+03 -1.68540E-02
1.76293E+03 -1.68935E-02
1.76342E+03 -1.68760E-02
1.76390E+03 -1.68637E-02
1.76438E+03 -1.68870E-02
1.76486E+03 -1.69160E-02
1.76534E+03 -1.69520E-02
1.76583E+03 -1.69764E-02
1.76631E+03 -1.69640E-02
1.76679E+03 -1.69333E-02
1.76727E+03 -1.68976E-02
1.76776E+03 -1.68918E-02
1.76824E+03 -1.69510E-02
1.76872E+03 -1.69972E-02
1.76920E+03 -1.69623E-02
1.76968E+03 -1.69807E-02
1.77017E+03 -1.70312E-02
1.77065E+03 -1.70949E-02
1.77113E+03 -1.71165E-02
1.77161E+03 -1.71252E-02
1.77210E+03 -1.71180E-02
1.77258E+03 -1.71189E-02
1.77306E+03 -1.71858E-02
1.77354E+03 -1.71655E-02
1.77402E+03 -1.71150E-02
1.77451E+03 -1.71171E-02
1.77499E+03 -1.71575E-02
1.77547E+03 -1.71733E-02
1.77595E+03 -1.71515E-02
1.77644E+03 -1.71473E-02
1.77692E+03 -1.71871E-02
1.77740E+03 -1.72033E-02
1.77788E+03 -1.71754E-02
1.77836E+03 -1.72095E-02
1.77885E+03 -1.72505E-02
1.77933E+03 -1.72785E-02
1.77981E+03 -1.73483E-02
1.78029E+03 -1.72978E-02
1.78078E+03 -1.72458E-02
1.78126E+03 -1.73212E-02
1.78174E+03 -1.73125E-02
1.78222E+03 -1.72875E-02
1.78270E+03 -1.73405E-02
1.78319E+03 -1.74065E-02
1.78367E+03 -1.73998E-02
1.78415E+03 -1.74174E-02
1.78463E+03 -1.74694E-02
1.78511E+03 -1.74622E-02
1.78560E+03 -1.74783E-02
1.78608E+03 -1.75025E-02
1.78656E+03 -1.75165E-02
1.78704E+03 -1.75006E-02
1.78753E+03 -1.74941E-02
1.78801E+03 -1.74535E-02
1.78849E+03 -1.74808E-02
1.78897E+03 -1.75282E-02
1.78945E+03 -1.74862E-02
1.78994E+03 -1.75238E-02
1.79042E+03 -1.75845E-02
1.79090E+03 -1.76175E-02
1.79138E+03 -1.75916E-02
1.79187E+03 -1.75909E-02
1.79235E+03 -1.76139E-02
1.79283E+03 -1.76625E-02
1.79331E+03 -1.76787E-02
1.79379E+03 -1.76408E-02
1.79428E+03 -1.76352E-02
1.79476E+03 -1.76247E-02
1.79524E+03 -1.76211E-02
1.79572E+03 -1.76426E-02
1.79621E+03 -1.76990E-02
1.79669E+03 -1.76645E-02
1.79717E+03 -1.76268E-02
1.79765E+03 -1.76413E-02
1.79813E+03 -1.77034E-02
1.79862E+03 -1.77141E-02
1.79910E+03 -1.76955E-02
1.79958E+03 -1.77244E-02
1.80006E+03 -1.77401E-02
1.80055E+03 -1.77649E-02
1.80103E+03 -1.77877E-02
1.80151E+03 -1.77991E-02
1.80199E+03 -1.77804E-02
1.80247E+03 -1.77461E-02
1.80296E+03 -1.77511E-02
1.80344E+03 -1.77961E-02
1.80392E+03 -1.78073E-02
1.80440E+03 -1.78003E-02
1.80489E+03 -1.77951E-02
1.80537E+03 -1.78296E-02
1.80585E+03 -1.78555E-02
1.80633E+03 -1.78630E-02
1.80681E+03 -1.78869E-02
1.80730E+03 -1.78673E-02
1.80778E+03 -1.78541E-02
1.80826E+03 -1.78753E-02
1.80874E+03 -1.78810E-02
1.80923E+03 -1.78993E-02
1.80971E+03 -1.79695E-02
1.81019E+03 -1.80009E-02
1.81067E+03 -1.79967E-02
1.81115E+03 -1.80162E-02
1.81164E+03 -1.80067E-02
1.81212E+03 -1.80345E-02
1.81260E+03 -1.80138E-02
1.81308E+03 -1.80126E-02
1.81356E+03 -1.80549E-02
1.81405E+03 -1.80515E-02
1.81453E+03 -1.80664E-02
1.81501E+03 -1.81001E-02
1.81549E+03 -1.81712E-02
1.81598E+03 -1.81485E-02
1.81646E+03 -1.81238E-02
1.81694E+03 -1.81784E-02
1.81742E+03 -1.81669E-02
1.81790E+03 -1.81719E-02
1.81839E+03 -1.81956E-02
1.81887E+03 -1.81781E-02
1.81935E+03 -1.82064E-02
1.81983E+03 -1.82156E-02
1.82032E+03 -1.81986E-02
1.82080E+03 -1.82289E-02
1.82128E+03 -1.82616E-02
1.82176E+03 -1.82699E-02
1.82224E+03 -1.82762E-02
1.82273E+03 -1.83067E-02
1.82321E+03 -1.83128E-02
1.82369E+03 -1.82990E-02
1.82417E+03 -1.82959E-02
1.82466E+03 -1.83332E-02
1.82514E+03 -1.83249E-02
1.82562E+03 -1.83032E-02
1.82610E+03 -1.83630E-02
1.82658E+03 -1.83428E-02
1.82707E+03 -1.83484E-02
1.82755E+03 -1.83491E-02
1.82803E+03 -1.83321E-02
1.82851E+03 -1.83911E-02
1.82900E+03 -1.84098E-02
1.82948E+03 -1.84180E-02
1.82996E+03 -1.84459E-02
1.83044E+03 -1.84684E-02
1.83092E+03 -1.84746E-02
1.83141E+03 -1.84245E-02
1.83189E+03 -1.84218E-02
1.83237E+03 -1.84588E-02
1.83285E+03 -1.84529E-02
1.83334E+03 -1.84930E-02
1.83382E+03 -1.85403E-02
1.83430E+03 -1.85072E-02
1.83478E+03 -1.85066E-02
1.83526E+03 -1.85623E-02
1.83575E+03 -1.85628E-02
1.83623E+03 -1.85681E-02
1.83671E+03 -1.85955E-02
1.83719E+03 -1.85938E-02
1.83768E+03 -1.86267E-02
1.83816E+03 -1.86738E-02
1.83864E+03 -1.86406E-02
1.83912E+03 -1.86276E-02
1.83960E+03 -1.86503E-02
1.84009E+03 -1.86475E-02
1.84057E+03 -1.86844E-02
1.84105E+03 -1.87385E-02
1.84153E+03 -1.87105E-02
1.84201E+03 -1.87108E-02
1.84250E+03 -1.87604E-02
1.84298E+03 -1.87397E-02
1.84346E+03 -1.87355E-02
1.84394E+03 -1.87521E-02
1.84443E+03 -1.87722E-02
1.84491E+03 -1.87497E-02
1.84539E+03 -1.87520E-02
1.84587E+03 -1.87943E-02
1.84635E+03 -1.88403E-02
1.84684E+03 -1.88456E-02
1.84732E+03 -1.88072E-02
1.84780E+03 -1.87959E-02
1.84828E+03 -1.88196E-02
1.84877E+03 -1.88554E-02
1.84925E+03 -1.88579E-02
1.84973E+03 -1.88678E-02
1.85021E+03 -1.89113E-02
1.85069E+03 -1.89754E-02
1.85118E+03 -1.89479E-02
1.85166E+03 -1.89528E-02
1.85214E+03 -1.89575E-02
1.85262E+03 -1.89285E-02
1.85311E+03 -1.89280E-02
1.85359E+03 -1.89553E-02
1.85407E+03 -1.89616E-02
1.85455E+03 -1.89407E-02
1.85503E+03 -1.90442E-02
1.85552E+03 -1.91127E-02
1.85600E+03 -1.90790E-02
1.85648E+03 -1.90453E-02
1.85696E+03 -1.90191E-02
1.85745E+03 -1.90306E-02
1.85793E+03 -1.90963E-02
1.85841E+03 -1.91094E-02
1.85889E+03 -1.90773E-02
1.85937E+03 -1.91131E-02
1.85986E+03 -1.91023E-02
1.86034E+03 -1.91245E-02
1.86082E+03 -1.91326E-02
1.86130E+03 -1.90948E-02
1.86179E+03 -1.90988E-02
1.86227E+03 -1.90796E-02
1.86275E+03 -1.90718E-02
1.86323E+03 -1.91051E-02
1.86371E+03 -1.91577E-02
1.86420E+03 -1.91532E-02
1.86468E+03 -1.91648E-02
1.86516E+03 -1.91809E-02
1.86564E+03 -1.91307E-02
1.86612E+03 -1.91189E-02
1.86661E+03 -1.91722E-02
1.86709E+03 -1.91836E-02
1.86757E+03 -1.91882E-02
1.86805E+03 -1.92020E-02
1.86854E+03 -1.92186E-02
1.86902E+03 -1.92736E-02
1.86950E+03 -1.92637E-02
1.86998E+03 -1.92075E-02
1.87046E+03 -1.92879E-02
1.87095E+03 -1.92841E-02
1.87143E+03 -1.92342E-02
1.87191E+03 -1.92903E-02
1.87239E+03 -1.92843E-02
1.87288E+03 -1.92879E-02
1.87336E+03 -1.92916E-02
1.87384E+03 -1.92813E-02
1.87432E+03 -1.93228E-02
1.87480E+03 -1.93923E-02
1.87529E+03 -1.94025E-02
1.87577E+03 -1.93714E-02
1.87625E+03 -1.93582E-02
1.87673E+03 -1.94027E-02
1.87722E+03 -1.94113E-02
1.87770E+03 -1.93708E-02
1.87818E+03 -1.93588E-02
1.87866E+03 -1.93354E-02
1.87914E+03 -1.93239E-02
1.87963E+03 -1.93529E-02
1.88011E+03 -1.94065E-02
1.88059E+03 -1.94150E-02
1.88107E+03 -1.93995E-02
1.88156E+03 -1.94508E-02
1.88204E+03 -1.95058E-02
1.88252E+03 -1.95280E-02
1.88300E+03 -1.95046E-02
1.88348E+03 -1.94861E-02
1.88397E+03 -1.95241E-02
1.88445E+03 -1.95545E-02
1.88493E+03 -1.95501E-02
1.88541E+03 -1.95380E-02
1.88590E+03 -1.95838E-02
1.88638E+03 -1.95886E-02
1.88686E+03 -1.95553E-02
1.88734E+03 -1.95764E-02
1.88782E+03 -1.95862E-02
1.88831E+03 -1.95945E-02
1.88879E+03 -1.95945E-02
1.88927E+03 -1.96056E-02
1.88975E+03 -1.96281E-02
1.89024E+03 -1.96454E-02
1.89072E+03 -1.96795E-02
1.89120E+03 -1.96695E-02
1.89168E+03 -1.96621E-02
1.89216E+03 -1.96628E-02
1.89265E+03 -1.96793E-02
1.89313E+03 -1.97615E-02
1.89361E+03 -1.98146E-02
1.89409E+03 -1.97839E-02
1.89458E+03 -1.97770E-02
1.89506E+03 -1.97782E-02
1.89554E+03 -1.97425E-02
1.89602E+03 -1.97502E-02
1.89650E+03 -1.97380E-02
1.89699E+03 -1.97271E-02
1.89747E+03 -1.97672E-02
1.89795E+03 -1.98178E-02
1.89843E+03 -1.97817E-02
1.89891E+03 -1.97448E-02
1.89940E+03 -1.97730E-02
1.89988E+03 -1.98322E-02
1.90036E+03 -1.98669E-02
1.90084E+03 -1.98388E-02
1.90133E+03 -1.98396E-02
1.90181E+03 -1.98552E-02
1.90229E+03 -1.98228E-02
1.90277E+03 -1.97894E-02
1.90325E+03 -1.97900E-02
1.90374E+03 -1.98205E-02
1.90422E+03 -1.98803E-02
1.90470E+03 -1.98783E-02
1.90518E+03 -1.98887E-02
1.90567E+03 -1.99107E-02
1.90615E+03 -1.99292E-02
1.90663E+03 -1.99580E-02
1.90711E+03 -1.99507E-02
1.90759E+03 -1.99518E-02
1.90808E+03 -1.99689E-02
1.90856E+03 -1.99878E-02
1.90904E+03 -1.99807E-02
1.90952E+03 -1.99622E-02
1.91001E+03 -1.99716E-02
1.91049E+03 -1.99926E-02
1.91097E+03 -2.00113E-02
1.91145E+03 -2.00302E-02
1.91193E+03 -2.01013E-02
1.91242E+03 -2.01072E-02
1.91290E+03 -2.00829E-02
1.91338E+03 -2.01493E-02
1.91386E+03 -2.01622E-02
1.91435E+03 -2.01042E-02
1.91483E+03 -2.00990E-02
1.91531E+03 -2.01712E-02
1.91579E+03 -2.01753E-02
1.91627E+03 -2.01923E-02
1.91676E+03 -2.02377E-02
1.91724E+03 -2.01951E-02
1.91772E+03 -2.01840E-02
1.91820E+03 -2.01980E-02
1.91869E+03 -2.02062E-02
1.91917E+03 -2.02273E-02
1.91965E+03 -2.02072E-02
1.92013E+03 -2.01868E-02
1.92061E+03 -2.01794E-02
1.92110E+03 -2.01977E-02
1.92158E+03 -2.02609E-02
1.92206E+03 -2.02898E-02
1.92254E+03 -2.02382E-02
1.92303E+03 -2.01846E-02
1.92351E+03 -2.02689E-02
1.92399E+03 -2.03418E-02
1.92447E+03 -2.02865E-02
1.92495E+03 -2.02541E-02
1.92544E+03 -2.02826E-02
1.92592E+03 -2.03029E-02
1.92640E+03 -2.03039E-02
1.92688E+03 -2.03041E-02
1.92736E+03 -2.02966E-02
1.92785E+03 -2.02943E-02
1.92833E+03 -2.03168E-02
1.92881E+03 -2.03041E-02
1.92929E+03 -2.03028E-02
1.92978E+03 -2.03309E-02
1.93026E+03 -2.03186E-02
1.93074E+03 -2.02937E-02
1.93122E+03 -2.02907E-02
1.93170E+03 -2.03046E-02
1.93219E+03 -2.02908E-02
1.93267E+03 -2.02764E-02
1.93315E+03 -2.03212E-02
1.93363E+03 -2.03671E-02
1.93412E+03 -2.03866E-02
1.93460E+03 -2.03909E-02
1.93508E+03 -2.03772E-02
1.93556E+03 -2.03909E-02
1.93604E+03 -2.03893E-02
1.93653E+03 -2.04074E-02
1.93701E+03 -2.04302E-02
1.93749E+03 -2.04253E-02
1.93797E+03 -2.04500E-02
1.93846E+03 -2.04903E-02
1.93894E+03 -2.04813E-02
1.93942E+03 -2.05037E-02
1.93990E+03 -2.05076E-02
1.94038E+03 -2.04891E-02
1.94087E+03 -2.05210E-02
1.94135E+03 -2.05190E-02
1.94183E+03 -2.05448E-02
1.94231E+03 -2.05862E-02
1.94280E+03 -2.05654E-02
1.94328E+03 -2.05460E-02
1.94376E+03 -2.06234E-02
1.94424E+03 -2.06399E-02
1.94472E+03 -2.05995E-02
1.94521E+03 -2.06306E-02
1.94569E+03 -2.06663E-02
1.94617E+03 -2.06566E-02
1.94665E+03 -2.06742E-02
1.94714E+03 -2.07449E-02
1.94762E+03 -2.07187E-02
1.94810E+03 -2.06475E-02
1.94858E+03 -2.06502E-02
1.94906E+03 -2.06317E-02
1.94955E+03 -2.06295E-02
1.95003E+03 -2.06472E-02
1.95051E+03 -2.06490E-02
1.95099E+03 -2.07045E-02
1.95147E+03 -2.07478E-02
1.95196E+03 -2.07449E-02
1.95244E+03 -2.07131E-02
1.95292E+03 -2.06986E-02
1.95340E+03 -2.07216E-02
1.95389E+03 -2.06983E-02
1.95437E+03 -2.07189E-02
1.95485E+03 -2.08050E-02
1.95533E+03 -2.07869E-02
1.95581E+03 -2.07020E-02
1.95630E+03 -2.07084E-02
1.95678E+03 -2.07144E-02
1.95726E+03 -2.07048E-02
1.95774E+03 -2.07377E-02
1.95823E+03 -2.07707E-02
1.95871E+03 -2.07610E-02
1.95919E+03 -2.07014E-02
1.95967E+03 -2.07023E-02
1.96015E+03 -2.07090E-02
1.96064E+03 -2.06883E-02
1.96112E+03 -2.06906E-02
1.96160E+03 -2.07320E-02
1.96208E+03 -2.08514E-02
1.96257E+03 -2.09300E-02
1.96305E+03 -2.08407E-02
1.96353E+03 -2.07925E-02
1.96401E+03 -2.08127E-02
1.96449E+03 -2.08219E-02
1.96498E+03 -2.08457E-02
1.96546E+03 -2.08681E-02
1.96594E+03 -2.09181E-02
1.96642E+03 -2.08823E-02
1.96691E+03 -2.07867E-02
1.96739E+03 -2.07651E-02
1.96787E+03 -2.07738E-02
1.96835E+03 -2.08330E-02
1.96883E+03 -2.09160E-02
1.96932E+03 -2.08834E-02
1.96980E+03 -2.08842E-02
1.97028E+03 -2.09343E-02
1.97076E+03 -2.08866E-02
1.97125E+03 -2.08768E-02
1.97173E+03 -2.09096E-02
1.97221E+03 -2.09172E-02
1.97269E+03 -2.09288E-02
1.97317E+03 -2.09160E-02
1.97366E+03 -2.09228E-02
1.97414E+03 -2.09196E-02
1.97462E+03 -2.09319E-02
1.97510E+03 -2.09550E-02
1.97559E+03 -2.09132E-02
1.97607E+03 -2.09240E-02
1.97655E+03 -2.09639E-02
1.97703E+03 -2.09939E-02
1.97751E+03 -2.10053E-02
1.97800E+03 -2.09478E-02
1.97848E+03 -2.09207E-02
1.97896E+03 -2.09296E-02
1.97944E+03 -2.09074E-02
1.97992E+03 -2.09217E-02
1.98041E+03 -2.08990E-02
1.98089E+03 -2.08411E-02
1.98137E+03 -2.09056E-02
1.98185E+03 -2.09686E-02
1.98234E+03 -2.09606E-02
1.98282E+03 -2.09252E-02
1.98330E+03 -2.09350E-02
1.98378E+03 -2.09244E-02
1.98426E+03 -2.09013E-02
1.98475E+03 -2.09276E-02
1.98523E+03 -2.09001E-02
1.98571E+03 -2.09006E-02
1.98619E+03 -2.08722E-02
1.98668E+03 -2.08458E-02
1.98716E+03 -2.08816E-02
1.98764E+03 -2.08906E-02
1.98812E+03 -2.08649E-02
1.98860E+03 -2.08239E-02
1.98909E+03 -2.08368E-02
1.98957E+03 -2.08655E-02
1.99005E+03 -2.08809E-02
1.99053E+03 -2.08560E-02
1.99102E+03 -2.08087E-02
1.99150E+03 -2.08264E-02
1.99198E+03 -2.08423E-02
1.99246E+03 -2.08374E-02
1.99294E+03 -2.08518E-02
1.99343E+03 -2.08456E-02
1.99391E+03 -2.08449E-02
1.99439E+03 -2.08962E-02
1.99487E+03 -2.09151E-02
1.99536E+03 -2.08084E-02
1.99584E+03 -2.07536E-02
1.99632E+03 -2.08190E-02
1.99680E+03 -2.08277E-02
1.99728E+03 -2.07902E-02
1.99777E+03 -2.07609E-02
1.99825E+03 -2.07692E-02
1.99873E+03 -2.07566E-02
1.99921E+03 -2.06921E-02
1.99970E+03 -2.07152E-02
2.00018E+03 -2.07591E-02
2.00066E+03 -2.07678E-02
2.00114E+03 -2.07237E-02
2.00162E+03 -2.06886E-02
2.00211E+03 -2.07360E-02
2.00259E+03 -2.07562E-02
2.00307E+03 -2.07700E-02
2.00355E+03 -2.07677E-02
2.00404E+03 -2.07148E-02
2.00452E+03 -2.06894E-02
2.00500E+03 -2.06950E-02
2.00548E+03 -2.06914E-02
2.00596E+03 -2.07203E-02
2.00645E+03 -2.06880E-02
2.00693E+03 -2.06557E-02
2.00741E+03 -2.06816E-02
2.00789E+03 -2.06874E-02
2.00837E+03 -2.06764E-02
2.00886E+03 -2.06483E-02
2.00934E+03 -2.06294E-02
2.00982E+03 -2.06144E-02
2.01030E+03 -2.05751E-02
2.01079E+03 -2.05758E-02
2.01127E+03 -2.06502E-02
2.01175E+03 -2.06521E-02
2.01223E+03 -2.06321E-02
2.01271E+03 -2.05825E-02
2.01320E+03 -2.05532E-02
2.01368E+03 -2.05884E-02
2.01416E+03 -2.06005E-02
2.01464E+03 -2.05883E-02
2.01513E+03 -2.05703E-02
2.01561E+03 -2.05776E-02
2.01609E+03 -2.05702E-02
2.01657E+03 -2.05264E-02
2.01705E+03 -2.05323E-02
2.01754E+03 -2.05632E-02
2.01802E+03 -2.05076E-02
2.01850E+03 -2.04584E-02
2.01898E+03 -2.04445E-02
2.01947E+03 -2.04646E-02
2.01995E+03 -2.04501E-02
2.02043E+03 -2.04384E-02
2.02091E+03 -2.04943E-02
2.02139E+03 -2.05312E-02
2.02188E+03 -2.04907E-02
2.02236E+03 -2.04566E-02
2.02284E+03 -2.05013E-02
2.02332E+03 -2.05126E-02
2.02381E+03 -2.04618E-02
2.02429E+03 -2.04205E-02
2.02477E+03 -2.04339E-02
2.02525E+03 -2.04461E-02
2.02573E+03 -2.04596E-02
2.02622E+03 -2.04778E-02
2.02670E+03 -2.04999E-02
2.02718E+03 -2.04814E-02
2.02766E+03 -2.04306E-02
2.02815E+03 -2.05012E-02
2.02863E+03 -2.05747E-02
2.02911E+03 -2.04604E-02
2.02959E+03 -2.03687E-02
2.03007E+03 -2.03884E-02
2.03056E+03 -2.04276E-02
2.03104E+03 -2.04249E-02
2.03152E+03 -2.04155E-02
2.03200E+03 -2.04934E-02
2.03248E+03 -2.04826E-02
2.03297E+03 -2.04553E-02
2.03345E+03 -2.04636E-02
2.03393E+03 -2.04377E-02
2.03441E+03 -2.04123E-02
2.03490E+03 -2.04213E-02
2.03538E+03 -2.04107E-02
2.03586E+03 -2.04198E-02
2.03634E+03 -2.04970E-02
2.03682E+03 -2.05051E-02
2.03731E+03 -2.04803E-02
2.03779E+03 -2.04864E-02
2.03827E+03 -2.05003E-02
2.03875E+03 -2.04700E-02
2.03924E+03 -2.04304E-02
2.03972E+03 -2.04306E-02
2.04020E+03 -2.04385E-02
2.04068E+03 -2.04788E-02
2.04116E+03 -2.04881E-02
2.04165E+03 -2.04520E-02
2.04213E+03 -2.05325E-02
2.04261E+03 -2.05836E-02
2.04309E+03 -2.05566E-02
2.04358E+03 -2.05740E-02
2.04406E+03 -2.05839E-02
2.04454E+03 -2.05702E-02
2.04502E+03 -2.05561E-02
2.04550E+03 -2.05696E-02
2.04599E+03 -2.06206E-02
2.04647E+03 -2.06390E-02
2.04695E+03 -2.05988E-02
2.04743E+03 -2.06244E-02
2.04792E+03 -2.06789E-02
2.04840E+03 -2.06956E-02
2.04888E+03 -2.06895E-02
2.04936E+03 -2.06889E-02
2.04984E+03 -2.06809E-02
2.05033E+03 -2.06605E-02
2.05081E+03 -2.07499E-02
2.05129E+03 -2.08086E-02
2.05177E+03 -2.07718E-02
2.05226E+03 -2.07776E-02
2.05274E+03 -2.07960E-02
2.05322E+03 -2.08496E-02
2.05370E+03 -2.08689E-02
2.05418E+03 -2.08914E-02
2.05467E+03 -2.09125E-02
2.05515E+03 -2.09068E-02
2.05563E+03 -2.09550E-02
2.05611E+03 -2.09805E-02
2.05660E+03 -2.09807E-02
2.05708E+03 -2.10115E-02
2.05756E+03 -2.10430E-02
2.05804E+03 -2.10155E-02
2.05852E+03 -2.09954E-02
2.05901E+03 -2.09944E-02
2.05949E+03 -2.10146E-02
2.05997E+03 -2.10092E-02
2.06045E+03 -2.10219E-02
2.06094E+03 -2.10862E-02
2.06142E+03 -2.11090E-02
2.06190E+03 -2.11189E-02
2.06238E+03 -2.11417E-02
2.06286E+03 -2.11572E-02
2.06335E+03 -2.11864E-02
2.06383E+03 -2.11728E-02
2.06431E+03 -2.11404E-02
2.06479E+03 -2.12082E-02
2.06527E+03 -2.12912E-02
2.06576E+03 -2.13355E-02
2.06624E+03 -2.13927E-02
2.06672E+03 -2.13702E-02
2.06720E+03 -2.13415E-02
2.06769E+03 -2.13801E-02
2.06817E+03 -2.13564E-02
2.06865E+03 -2.13645E-02
2.06913E+03 -2.13614E-02
2.06961E+03 -2.13993E-02
2.07010E+03 -2.15120E-02
2.07058E+03 -2.14994E-02
2.07106E+03 -2.15019E-02
2.07154E+03 -2.15587E-02
2.07203E+03 -2.16097E-02
2.07251E+03 -2.16206E-02
2.07299E+03 -2.15926E-02
2.07347E+03 -2.15920E-02
2.07395E+03 -2.16206E-02
2.07444E+03 -2.16827E-02
2.07492E+03 -2.16572E-02
2.07540E+03 -2.16531E-02
2.07588E+03 -2.17146E-02
2.07637E+03 -2.17392E-02
2.07685E+03 -2.18234E-02
2.07733E+03 -2.17578E-02
2.07781E+03 -2.16910E-02
2.07829E+03 -2.17447E-02
2.07878E+03 -2.17445E-02
2.07926E+03 -2.17637E-02
2.07974E+03 -2.18069E-02
2.08022E+03 -2.17915E-02
2.08071E+03 -2.17610E-02
2.08119E+03 -2.18259E-02
2.08167E+03 -2.18526E-02
2.08215E+03 -2.18506E-02
2.08263E+03 -2.18175E-02
2.08312E+03 -2.18214E-02
2.08360E+03 -2.18626E-02
2.08408E+03 -2.18765E-02
2.08456E+03 -2.18650E-02
2.08505E+03 -2.18828E-02
2.08553E+03 -2.18991E-02
2.08601E+03 -2.18790E-02
2.08649E+03 -2.19069E-02
2.08697E+03 -2.18835E-02
2.08746E+03 -2.18529E-02
2.08794E+03 -2.18473E-02
2.08842E+03 -2.18631E-02
2.08890E+03 -2.19022E-02
2.08939E+03 -2.18950E-02
2.08987E+03 -2.19044E-02
2.09035E+03 -2.19443E-02
2.09083E+03 -2.19523E-02
2.09131E+03 -2.19744E-02
2.09180E+03 -2.20552E-02
2.09228E+03 -2.20643E-02
2.09276E+03 -2.20111E-02
2.09324E+03 -2.20683E-02
2.09372E+03 -2.21159E-02
2.09421E+03 -2.21105E-02
2.09469E+03 -2.21237E-02
2.09517E+03 -2.20876E-02
2.09565E+03 -2.20803E-02
2.09614E+03 -2.21119E-02
2.09662E+03 -2.21081E-02
2.09710E+03 -2.21361E-02
2.09758E+03 -2.21394E-02
2.09806E+03 -2.21445E-02
2.09855E+03 -2.21820E-02
2.09903E+03 -2.21821E-02
2.09951E+03 -2.21900E-02
2.09999E+03 -2.22032E-02
2.10048E+03 -2.21887E-02
2.10096E+03 -2.22105E-02
2.10144E+03 -2.22545E-02
2.10192E+03 -2.22324E-02
2.10240E+03 -2.22277E-02
2.10289E+03 -2.22830E-02
2.10337E+03 -2.22949E-02
2.10385E+03 -2.22887E-02
2.10433E+03 -2.22531E-02
2.10482E+03 -2.22407E-02
2.10530E+03 -2.22903E-02
2.10578E+03 -2.23509E-02
2.10626E+03 -2.23086E-02
2.10674E+03 -2.22214E-02
2.10723E+03 -2.22928E-02
2.10771E+03 -2.23148E-02
2.10819E+03 -2.22732E-02
2.10867E+03 -2.22769E-02
2.10916E+03 -2.23307E-02
2.10964E+03 -2.23380E-02
2.11012E+03 -2.23162E-02
2.11060E+03 -2.22837E-02
2.11108E+03 -2.22774E-02
2.11157E+03 -2.23212E-02
2.11205E+03 -2.23076E-02
2.11253E+03 -2.22983E-02
2.11301E+03 -2.23416E-02
2.11350E+03 -2.22936E-02
2.11398E+03 -2.22383E-02
2.11446E+03 -2.22806E-02
2.11494E+03 -2.22858E-02
2.11542E+03 -2.22906E-02
2.11591E+03 -2.22893E-02
2.11639E+03 -2.22946E-02
2.11687E+03 -2.23221E-02
2.11735E+03 -2.23101E-02
2.11783E+03 -2.22935E-02
2.11832E+03 -2.23012E-02
2.11880E+03 -2.23192E-02
2.11928E+03 -2.23472E-02
2.11976E+03 -2.23264E-02
2.12025E+03 -2.23151E-02
2.12073E+03 -2.23448E-02
2.12121E+03 -2.23507E-02
2.12169E+03 -2.23485E-02
2.12217E+03 -2.23496E-02
2.12266E+03 -2.23402E-02
2.12314E+03 -2.23589E-02
2.12362E+03 -2.23407E-02
2.12410E+03 -2.23113E-02
2.12459E+03 -2.23886E-02
2.12507E+03 -2.24344E-02
2.12555E+03 -2.23964E-02
2.12603E+03 -2.23472E-02
2.12651E+03 -2.23597E-02
2.12700E+03 -2.24425E-02
2.12748E+03 -2.24677E-02
2.12796E+03 -2.24732E-02
2.12844E+03 -2.24354E-02
2.12893E+03 -2.24310E-02
2.12941E+03 -2.24376E-02
2.12989E+03 -2.24416E-02
2.13037E+03 -2.24666E-02
2.13085E+03 -2.24549E-02
2.13134E+03 -2.24644E-02
2.13182E+03 -2.24811E-02
2.13230E+03 -2.24773E-02
2.13278E+03 -2.25139E-02
2.13327E+03 -2.25022E-02
2.13375E+03 -2.24193E-02
2.13423E+03 -2.24354E-02
2.13471E+03 -2.24186E-02
2.13519E+03 -2.23751E-02
2.13568E+03 -2.24150E-02
2.13616E+03 -2.24893E-02
2.13664E+03 -2.24631E-02
2.13712E+03 -2.24326E-02
2.13761E+03 -2.24609E-02
2.13809E+03 -2.24918E-02
2.13857E+03 -2.25114E-02
2.13905E+03 -2.24860E-02
2.13953E+03 -2.24928E-02
2.14002E+03 -2.25410E-02
2.14050E+03 -2.25468E-02
2.14098E+03 -2.24925E-02
2.14146E+03 -2.25078E-02
2.14195E+03 -2.25177E-02
2.14243E+03 -2.24874E-02
2.14291E+03 -2.24431E-02
2.14339E+03 -2.24595E-02
2.14387E+03 -2.25254E-02
2.14436E+03 -2.24763E-02
2.14484E+03 -2.24788E-02
2.14532E+03 -2.25342E-02
2.14580E+03 -2.25118E-02
2.14628E+03 -2.24864E-02
2.14677E+03 -2.25084E-02
2.14725E+03 -2.24729E-02
2.14773E+03 -2.24800E-02
2.14821E+03 -2.25271E-02
2.14870E+03 -2.25073E-02
2.14918E+03 -2.25365E-02
2.14966E+03 -2.25841E-02
2.15014E+03 -2.25414E-02
2.15062E+03 -2.25254E-02
2.15111E+03 -2.25543E-02
2.15159E+03 -2.25482E-02
2.15207E+03 -2.25677E-02
2.15255E+03 -2.25893E-02
2.15304E+03 -2.25991E-02
2.15352E+03 -2.25750E-02
2.15400E+03 -2.25639E-02
2.15448E+03 -2.25852E-02
2.15496E+03 -2.26075E-02
2.15545E+03 -2.26190E-02
2.15593E+03 -2.2
