Reference:	"Gerakines et al. (2024)"
DOI:	"doi:https://doi.org/10.1016/j.icarus.2024.116007"
Sample Type:	"Ice"
Composition:	"NH4CN (1)"
Temperature:	"125K"
OCdb page:	"https://ocdb.smce.nasa.gov/dataset/68"
A₁ Caption:	Absorption spectrum of NH4CN ice with a thickness of 0.11 μm
A₁ Error Units:	Not Applicable
A₂ Caption:	Absorption spectrum of NH4CN ice with a thickness of 0.22 μm
A₂ Error Units:	Not Applicable
A₃ Caption:	Absorption spectrum of NH4CN ice with a thickness of 0.43 μm
A₃ Error Units:	Not Applicable
A₄ Caption:	Absorption spectrum of NH4CN ice with a thickness of 0.86 μm
A₄ Error Units:	Not Applicable
A₅ Caption:	Absorption spectrum of NH4CN ice with a thickness of 1.73 μm
A₅ Error Units:	Not Applicable

"Wavenumber (cm⁻¹)"	"A₁"	"DA₁  (+/-)"	"A₂"	"DA₂  (+/-)"	"A₃"	"DA₃  (+/-)"	"A₄"	"DA₄  (+/-)"	"A₅"	"DA₅  (+/-)"	
1350.0695	0.00272		0.00176		0.00507		0.00817		0.0247		
1350.1901	0.00272		0.00178		0.00509		0.00819		0.02476		
1350.3106	0.00272		0.00179		0.00509		0.00821		0.02481		
1350.4311	0.00272		0.00179		0.00508		0.00822		0.02485		
1350.5517	0.00271		0.00178		0.00507		0.00823		0.02487		
1350.6722	0.00271		0.00177		0.00505		0.00823		0.02489		
1350.7927	0.00271		0.00175		0.00505		0.00823		0.02491		
1350.9133	0.00271		0.00175		0.00505		0.00824		0.02495		
1351.0338	0.00271		0.00175		0.00507		0.00825		0.025		
1351.1543	0.00271		0.00175		0.00508		0.00826		0.02506		
1351.2749	0.0027		0.00175		0.00509		0.00828		0.02513		
1351.3954	0.00269		0.00174		0.00509		0.0083		0.02519		
1351.5159	0.00269		0.00172		0.00509		0.00832		0.02525		
1351.6364	0.00268		0.00168		0.00509		0.00835		0.0253		
1351.757	0.00268		0.00166		0.00508		0.00838		0.02534		
1351.8775	0.00268		0.00163		0.00508		0.00841		0.02538		
1351.998	0.00268		0.00163		0.00508		0.00844		0.02543		
1352.1186	0.00269		0.00164		0.00508		0.00847		0.02547		
1352.2391	0.00269		0.00165		0.00509		0.0085		0.02552		
1352.3596	0.00269		0.00167		0.00509		0.00852		0.02557		
1352.4802	0.00269		0.00168		0.00508		0.00854		0.0256		
1352.6007	0.00268		0.00167		0.00508		0.00855		0.02563		
1352.7212	0.00268		0.00166		0.00507		0.00857		0.02566		
1352.8418	0.00268		0.00165		0.00507		0.00858		0.02569		
1352.9623	0.00268		0.00164		0.00507		0.00861		0.02573		
1353.0828	0.00268		0.00163		0.00508		0.00864		0.02577		
1353.2034	0.00268		0.00163		0.00508		0.00868		0.02583		
1353.3239	0.00268		0.00163		0.00509		0.00872		0.02589		
1353.4444	0.00268		0.00163		0.0051		0.00876		0.02595		
1353.5649	0.00267		0.00163		0.00512		0.0088		0.02601		
1353.6855	0.00266		0.00163		0.00513		0.00884		0.02607		
1353.806	0.00264		0.00162		0.00514		0.00886		0.02612		
1353.9265	0.00263		0.00162		0.00515		0.00889		0.02617		
1354.0471	0.00261		0.00162		0.00515		0.00891		0.02623		
1354.1676	0.0026		0.00162		0.00516		0.00894		0.02629		
1354.2881	0.00258		0.00162		0.00516		0.00896		0.02634		
1354.4087	0.00257		0.00161		0.00515		0.00899		0.02639		
1354.5292	0.00256		0.00159		0.00514		0.00903		0.02644		
1354.6497	0.00255		0.00157		0.00513		0.00906		0.02648		
1354.7703	0.00255		0.00155		0.00513		0.0091		0.02652		
1354.8908	0.00254		0.00153		0.00512		0.00913		0.02656		
1355.0113	0.00254		0.00152		0.00512		0.00917		0.0266		
1355.1318	0.00254		0.00153		0.00512		0.0092		0.02665		
1355.2524	0.00254		0.00153		0.00513		0.00923		0.02671		
1355.3729	0.00254		0.00154		0.00513		0.00927		0.02676		
1355.4934	0.00253		0.00155		0.00513		0.0093		0.02681		
1355.614	0.00252		0.00154		0.00513		0.00933		0.02685		
1355.7345	0.0025		0.00152		0.00513		0.00936		0.02688		
1355.855	0.00247		0.00149		0.00512		0.0094		0.02691		
1355.9756	0.00244		0.00146		0.00512		0.00943		0.02694		
1356.0961	0.0024		0.00143		0.00512		0.00945		0.02697		
1356.2166	0.00237		0.00141		0.00513		0.00948		0.027		
1356.3372	0.00234		0.0014		0.00514		0.00951		0.02705		
1356.4577	0.00232		0.00139		0.00515		0.00954		0.02709		
1356.5782	0.00232		0.00138		0.00516		0.00957		0.02715		
1356.6988	0.00231		0.00138		0.00517		0.00961		0.0272		
1356.8193	0.00232		0.00137		0.00518		0.00964		0.02726		
1356.9398	0.00233		0.00137		0.00518		0.00968		0.02733		
1357.0603	0.00233		0.00137		0.00518		0.00972		0.02739		
1357.1809	0.00232		0.00137		0.00518		0.00977		0.02746		
1357.3014	0.0023		0.00136		0.00518		0.00981		0.02753		
1357.4219	0.00228		0.00135		0.00518		0.00985		0.02758		
1357.5425	0.00226		0.00133		0.00518		0.00989		0.02763		
1357.663	0.00224		0.0013		0.00517		0.00993		0.02767		
1357.7835	0.00223		0.00127		0.00516		0.00997		0.02769		
1357.9041	0.00222		0.00123		0.00516		0.01001		0.02772		
1358.0246	0.00222		0.00121		0.00515		0.01004		0.02775		
1358.1451	0.00223		0.00119		0.00516		0.01009		0.02779		
1358.2657	0.00223		0.00119		0.00517		0.01013		0.02784		
1358.3862	0.00222		0.0012		0.0052		0.01018		0.02791		
1358.5067	0.00221		0.00122		0.00523		0.01023		0.02798		
1358.6273	0.00218		0.00123		0.00526		0.01028		0.02806		
1358.7478	0.00215		0.00123		0.00528		0.01034		0.02812		
1358.8683	0.00212		0.00123		0.00531		0.0104		0.02818		
1358.9888	0.00209		0.00122		0.00532		0.01046		0.02823		
1359.1094	0.00207		0.00121		0.00533		0.01052		0.02827		
1359.2299	0.00205		0.0012		0.00534		0.01058		0.02831		
1359.3504	0.00203		0.0012		0.00535		0.01063		0.02835		
1359.471	0.00203		0.00121		0.00536		0.01069		0.02839		
1359.5915	0.00202		0.00121		0.00537		0.01075		0.02844		
1359.712	0.00202		0.00121		0.00539		0.0108		0.02848		
1359.8326	0.00202		0.0012		0.0054		0.01084		0.02852		
1359.9531	0.00201		0.00118		0.00541		0.01089		0.02856		
1360.0736	0.002		0.00117		0.00541		0.01092		0.02859		
1360.1942	0.00198		0.00115		0.00541		0.01095		0.02863		
1360.3147	0.00196		0.00114		0.00541		0.01097		0.02867		
1360.4352	0.00193		0.00113		0.0054		0.01099		0.02871		
1360.5558	0.0019		0.00113		0.00539		0.01101		0.02876		
1360.6763	0.00188		0.00112		0.00539		0.01104		0.02881		
1360.7968	0.00186		0.0011		0.00539		0.01107		0.02886		
1360.9173	0.00186		0.00109		0.00539		0.01111		0.02891		
1361.0379	0.00186		0.00107		0.0054		0.01115		0.02896		
1361.1584	0.00186		0.00106		0.00541		0.01119		0.02901		
1361.2789	0.00186		0.00106		0.00543		0.01124		0.02906		
1361.3995	0.00185		0.00106		0.00546		0.0113		0.02911		
1361.52	0.00184		0.00107		0.00549		0.01135		0.02917		
1361.6405	0.00184		0.00108		0.00552		0.01141		0.02924		
1361.7611	0.00183		0.00109		0.00555		0.01147		0.0293		
1361.8816	0.00183		0.0011		0.00558		0.01154		0.02936		
1362.0021	0.00184		0.00111		0.00561		0.01161		0.02941		
1362.1227	0.00184		0.00111		0.00564		0.01167		0.02945		
1362.2432	0.00184		0.00112		0.00567		0.01172		0.02949		
1362.3637	0.00183		0.00113		0.00569		0.01176		0.02952		
1362.4843	0.00182		0.00114		0.00572		0.0118		0.02955		
1362.6048	0.00181		0.00116		0.00576		0.01184		0.02958		
1362.7253	0.0018		0.00117		0.00579		0.01187		0.02962		
1362.8458	0.00179		0.00117		0.00583		0.01192		0.02966		
1362.9664	0.00179		0.00118		0.00587		0.01198		0.0297		
1363.0869	0.00179		0.00118		0.00591		0.01204		0.02976		
1363.2074	0.0018		0.00118		0.00594		0.01211		0.02982		
1363.328	0.00181		0.00118		0.00597		0.01219		0.02989		
1363.4485	0.00182		0.00119		0.00599		0.01226		0.02996		
1363.569	0.00183		0.0012		0.00602		0.01233		0.03004		
1363.6896	0.00184		0.0012		0.00605		0.01239		0.03012		
1363.8101	0.00185		0.0012		0.00608		0.01245		0.0302		
1363.9306	0.00186		0.0012		0.00612		0.01251		0.03026		
1364.0512	0.00187		0.0012		0.00615		0.01257		0.03032		
1364.1717	0.00188		0.0012		0.00618		0.01263		0.03037		
1364.2922	0.00188		0.0012		0.00621		0.01268		0.03041		
1364.4127	0.00187		0.00122		0.00624		0.01273		0.03045		
1364.5333	0.00186		0.00124		0.00625		0.01278		0.0305		
1364.6538	0.00185		0.00126		0.00627		0.01284		0.03056		
1364.7743	0.00185		0.00128		0.00629		0.0129		0.03063		
1364.8949	0.00185		0.0013		0.00632		0.01298		0.0307		
1365.0154	0.00185		0.00132		0.00634		0.01305		0.03078		
1365.1359	0.00187		0.00132		0.00637		0.01313		0.03085		
1365.2565	0.00188		0.00133		0.00641		0.01321		0.03091		
1365.377	0.0019		0.00133		0.00644		0.01328		0.03097		
1365.4975	0.00191		0.00134		0.00648		0.01333		0.03103		
1365.6181	0.00193		0.00135		0.00652		0.01338		0.03109		
1365.7386	0.00195		0.00137		0.00657		0.01343		0.03115		
1365.8591	0.00198		0.0014		0.00662		0.01348		0.03122		
1365.9797	0.00202		0.00143		0.00668		0.01353		0.0313		
1366.1002	0.00205		0.00146		0.00674		0.01359		0.03137		
1366.2207	0.00208		0.0015		0.00679		0.01365		0.03145		
1366.3412	0.00209		0.00153		0.00684		0.01371		0.03152		
1366.4618	0.0021		0.00156		0.00688		0.01377		0.03159		
1366.5823	0.00209		0.00159		0.00692		0.01383		0.03165		
1366.7028	0.00208		0.00161		0.00696		0.01389		0.03171		
1366.8234	0.00207		0.00162		0.00699		0.01395		0.03177		
1366.9439	0.00206		0.00162		0.00702		0.01401		0.03183		
1367.0644	0.00205		0.00162		0.00705		0.01407		0.03189		
1367.185	0.00205		0.00161		0.00707		0.01412		0.03194		
1367.3055	0.00204		0.0016		0.00708		0.01417		0.03199		
1367.426	0.00203		0.0016		0.00709		0.01421		0.03204		
1367.5466	0.00202		0.00161		0.00709		0.01425		0.03209		
1367.6671	0.00201		0.00162		0.0071		0.0143		0.03214		
1367.7876	0.00201		0.00164		0.00712		0.01435		0.03221		
1367.9082	0.00201		0.00166		0.00715		0.0144		0.03228		
1368.0287	0.00202		0.00168		0.00719		0.01447		0.03236		
1368.1492	0.00204		0.00169		0.00725		0.01454		0.03244		
1368.2697	0.00206		0.0017		0.0073		0.01461		0.03251		
1368.3903	0.00206		0.00171		0.00735		0.01467		0.03257		
1368.5108	0.00206		0.00172		0.00739		0.01473		0.03262		
1368.6313	0.00206		0.00173		0.00743		0.01478		0.03268		
1368.7519	0.00205		0.00174		0.00747		0.01483		0.03273		
1368.8724	0.00205		0.00176		0.00752		0.01487		0.03279		
1368.9929	0.00206		0.00178		0.00756		0.01492		0.03286		
1369.1135	0.00208		0.0018		0.00761		0.01497		0.03294		
1369.234	0.00211		0.00182		0.00766		0.01502		0.03302		
1369.3545	0.00215		0.00184		0.00771		0.01508		0.0331		
1369.4751	0.00218		0.00187		0.00775		0.01515		0.03318		
1369.5956	0.0022		0.00189		0.00779		0.01521		0.03326		
1369.7161	0.00221		0.00192		0.00783		0.01528		0.03334		
1369.8367	0.00222		0.00195		0.00787		0.01535		0.03341		
1369.9572	0.00222		0.00198		0.00791		0.01542		0.03349		
1370.0777	0.00222		0.00199		0.00795		0.01549		0.03356		
1370.1982	0.00223		0.002		0.00798		0.01555		0.03363		
1370.3188	0.00224		0.00201		0.00801		0.01561		0.0337		
1370.4393	0.00225		0.00201		0.00804		0.01566		0.03377		
1370.5598	0.00227		0.00202		0.00807		0.01572		0.03385		
1370.6804	0.00228		0.00205		0.0081		0.01578		0.03393		
1370.8009	0.0023		0.00208		0.00814		0.01585		0.03403		
1370.9214	0.00232		0.00212		0.0082		0.01593		0.03413		
1371.042	0.00234		0.00216		0.00826		0.01601		0.03424		
1371.1625	0.00237		0.0022		0.00833		0.0161		0.03433		
1371.283	0.00239		0.00224		0.00839		0.01617		0.03442		
1371.4036	0.00241		0.00226		0.00845		0.01624		0.0345		
1371.5241	0.00243		0.00228		0.00851		0.01629		0.03456		
1371.6446	0.00244		0.0023		0.00855		0.01634		0.03463		
1371.7652	0.00246		0.00232		0.00859		0.01638		0.03469		
1371.8857	0.00247		0.00234		0.00862		0.01641		0.03477		
1372.0062	0.00249		0.00236		0.00865		0.01646		0.03485		
1372.1267	0.00251		0.00238		0.00869		0.01651		0.03494		
1372.2473	0.00254		0.0024		0.00873		0.01656		0.03504		
1372.3678	0.00257		0.00242		0.00877		0.01662		0.03513		
1372.4883	0.0026		0.00243		0.00881		0.01669		0.03522		
1372.6089	0.00262		0.00245		0.00886		0.01675		0.0353		
1372.7294	0.00263		0.00247		0.0089		0.01682		0.03538		
1372.8499	0.00264		0.00249		0.00895		0.01689		0.03546		
1372.9705	0.00264		0.00252		0.009		0.01696		0.03555		
1373.091	0.00265		0.00254		0.00904		0.01702		0.03563		
1373.2115	0.00266		0.00256		0.00907		0.01708		0.03571		
1373.3321	0.00266		0.00258		0.0091		0.01714		0.03578		
1373.4526	0.00267		0.00261		0.00911		0.01719		0.03585		
1373.5731	0.00268		0.00263		0.00913		0.01724		0.03591		
1373.6936	0.00269		0.00267		0.00916		0.01729		0.03597		
1373.8142	0.0027		0.00271		0.0092		0.01734		0.03605		
1373.9347	0.00272		0.00276		0.00926		0.01741		0.03614		
1374.0552	0.00274		0.00282		0.00933		0.01748		0.03625		
1374.1758	0.00278		0.00287		0.00941		0.01756		0.03636		
1374.2963	0.00282		0.00292		0.00948		0.01765		0.03648		
1374.4168	0.00286		0.00296		0.00955		0.01773		0.03659		
1374.5374	0.00291		0.00299		0.00961		0.01781		0.0367		
1374.6579	0.00296		0.00301		0.00966		0.01788		0.0368		
1374.7784	0.003		0.00304		0.00971		0.01795		0.0369		
1374.899	0.00304		0.00306		0.00975		0.01802		0.037		
1375.0195	0.00307		0.00309		0.0098		0.01808		0.0371		
1375.14	0.0031		0.00311		0.00984		0.01814		0.03721		
1375.2606	0.00312		0.00314		0.00988		0.0182		0.03731		
1375.3811	0.00314		0.00316		0.00992		0.01825		0.03741		
1375.5016	0.00315		0.00317		0.00994		0.0183		0.0375		
1375.6221	0.00315		0.00318		0.00996		0.01835		0.03758		
1375.7427	0.00315		0.00319		0.00999		0.01839		0.03766		
1375.8632	0.00315		0.00321		0.01001		0.01844		0.03774		
1375.9837	0.00315		0.00324		0.01005		0.01849		0.03784		
1376.1043	0.00317		0.00328		0.0101		0.01856		0.03795		
1376.2248	0.00319		0.00332		0.01017		0.01864		0.03807		
1376.3453	0.00322		0.00338		0.01024		0.01874		0.0382		
1376.4659	0.00326		0.00342		0.01031		0.01883		0.03832		
1376.5864	0.00329		0.00346		0.01037		0.01893		0.03844		
1376.7069	0.00333		0.0035		0.01041		0.01902		0.03855		
1376.8275	0.00335		0.00352		0.01045		0.0191		0.03866		
1376.948	0.00337		0.00353		0.01047		0.01917		0.03876		
1377.0685	0.00338		0.00354		0.0105		0.01923		0.03887		
1377.1891	0.00339		0.00354		0.01052		0.01929		0.03898		
1377.3096	0.00339		0.00355		0.01055		0.01934		0.03909		
1377.4301	0.0034		0.00356		0.01058		0.01939		0.0392		
1377.5506	0.00341		0.00357		0.01062		0.01944		0.0393		
1377.6712	0.00342		0.00359		0.01066		0.01949		0.0394		
1377.7917	0.00343		0.00362		0.01071		0.01954		0.0395		
1377.9122	0.00344		0.00366		0.01076		0.0196		0.0396		
1378.0328	0.00346		0.00371		0.01082		0.01966		0.03972		
1378.1533	0.00348		0.00375		0.01088		0.01973		0.03984		
1378.2738	0.00349		0.0038		0.01094		0.0198		0.03996		
1378.3944	0.00351		0.00383		0.01098		0.01987		0.04008		
1378.5149	0.00352		0.00384		0.01101		0.01994		0.04018		
1378.6354	0.00353		0.00384		0.01102		0.02		0.04027		
1378.756	0.00354		0.00383		0.01102		0.02006		0.04035		
1378.8765	0.00356		0.00382		0.01101		0.02013		0.04043		
1378.997	0.00357		0.00382		0.01101		0.02019		0.04051		
1379.1176	0.00359		0.00383		0.01103		0.02027		0.04059		
1379.2381	0.00361		0.00386		0.01106		0.02035		0.04069		
1379.3586	0.00362		0.0039		0.0111		0.02043		0.0408		
1379.4791	0.00364		0.00394		0.01116		0.02052		0.04092		
1379.5997	0.00365		0.00398		0.01122		0.02059		0.04103		
1379.7202	0.00365		0.00401		0.01127		0.02066		0.04114		
1379.8407	0.00365		0.00403		0.01131		0.02072		0.04125		
1379.9613	0.00364		0.00404		0.01135		0.02077		0.04135		
1380.0818	0.00363		0.00406		0.01139		0.02082		0.04145		
1380.2023	0.00362		0.00407		0.01143		0.02087		0.04154		
1380.3229	0.00361		0.00409		0.01146		0.02093		0.04164		
1380.4434	0.00361		0.0041		0.01149		0.02099		0.04173		
1380.5639	0.00361		0.0041		0.01152		0.02106		0.04181		
1380.6845	0.0036		0.0041		0.01153		0.02112		0.04188		
1380.805	0.0036		0.00408		0.01154		0.02117		0.04195		
1380.9255	0.00359		0.00407		0.01155		0.02123		0.04203		
1381.0461	0.00359		0.00407		0.01156		0.0213		0.04213		
1381.1666	0.0036		0.00408		0.01159		0.02137		0.04224		
1381.2871	0.00361		0.0041		0.01162		0.02146		0.04236		
1381.4076	0.00362		0.00413		0.01167		0.02156		0.04249		
1381.5282	0.00365		0.00415		0.01171		0.02166		0.04261		
1381.6487	0.00366		0.00417		0.01175		0.02175		0.04271		
1381.7692	0.00367		0.00417		0.01178		0.02182		0.0428		
1381.8898	0.00367		0.00416		0.0118		0.02188		0.04287		
1382.0103	0.00367		0.00415		0.01182		0.02193		0.04293		
1382.1308	0.00366		0.00413		0.01184		0.02198		0.043		
1382.2514	0.00365		0.00413		0.01186		0.02203		0.04308		
1382.3719	0.00364		0.00413		0.0119		0.0221		0.04318		
1382.4924	0.00364		0.00414		0.01193		0.02217		0.04329		
1382.613	0.00364		0.00415		0.01197		0.02225		0.0434		
1382.7335	0.00364		0.00415		0.012		0.02233		0.04351		
1382.854	0.00364		0.00416		0.01202		0.0224		0.04362		
1382.9745	0.00363		0.00416		0.01204		0.02248		0.04371		
1383.0951	0.00363		0.00418		0.01205		0.02255		0.04381		
1383.2156	0.00363		0.00419		0.01207		0.02263		0.04391		
1383.3361	0.00363		0.00422		0.01211		0.0227		0.04402		
1383.4567	0.00363		0.00425		0.01215		0.02278		0.04414		
1383.5772	0.00363		0.00427		0.01219		0.02286		0.04425		
1383.6977	0.00362		0.00428		0.01223		0.02293		0.04435		
1383.8183	0.00361		0.00428		0.01225		0.02299		0.04444		
1383.9388	0.0036		0.00426		0.01227		0.02304		0.04451		
1384.0593	0.00358		0.00424		0.01227		0.02309		0.04458		
1384.1799	0.00357		0.00422		0.01228		0.02315		0.04464		
1384.3004	0.00357		0.00421		0.0123		0.02322		0.04472		
1384.4209	0.00358		0.00421		0.01232		0.0233		0.04482		
1384.5415	0.00359		0.00422		0.01236		0.02339		0.04492		
1384.662	0.00361		0.00423		0.01239		0.02349		0.04502		
1384.7825	0.00363		0.00424		0.01243		0.02358		0.04512		
1384.903	0.00365		0.00424		0.01246		0.02367		0.04522		
1385.0236	0.00365		0.00425		0.0125		0.02375		0.04531		
1385.1441	0.00365		0.00426		0.01253		0.02383		0.0454		
1385.2646	0.00365		0.00428		0.01257		0.02392		0.04551		
1385.3852	0.00364		0.0043		0.01262		0.024		0.04562		
1385.5057	0.00363		0.00433		0.01267		0.02409		0.04573		
1385.6262	0.00362		0.00436		0.01271		0.02417		0.04584		
1385.7468	0.00361		0.00437		0.01274		0.02425		0.04594		
1385.8673	0.00359		0.00437		0.01276		0.02433		0.04602		
1385.9878	0.00358		0.00437		0.01277		0.0244		0.04609		
1386.1084	0.00356		0.00436		0.01278		0.02448		0.04616		
1386.2289	0.00356		0.00435		0.0128		0.02457		0.04624		
1386.3494	0.00355		0.00435		0.01283		0.02468		0.04633		
1386.47	0.00356		0.00437		0.01287		0.02479		0.04645		
1386.5905	0.00356		0.00439		0.01292		0.0249		0.04657		
1386.711	0.00357		0.0044		0.01297		0.02501		0.04668		
1386.8315	0.00358		0.00442		0.01301		0.0251		0.04678		
1386.9521	0.00358		0.00443		0.01304		0.02518		0.04687		
1387.0726	0.00359		0.00443		0.01307		0.02525		0.04694		
1387.1931	0.00359		0.00445		0.0131		0.02532		0.04702		
1387.3137	0.00361		0.00446		0.01314		0.02541		0.0471		
1387.4342	0.00362		0.00449		0.01318		0.02552		0.04721		
1387.5547	0.00363		0.00453		0.01324		0.02563		0.04734		
1387.6753	0.00364		0.00456		0.01329		0.02576		0.04748		
1387.7958	0.00365		0.00458		0.01334		0.02588		0.04763		
1387.9163	0.00365		0.00459		0.01338		0.026		0.04776		
1388.0369	0.00365		0.00459		0.01342		0.0261		0.04788		
1388.1574	0.00366		0.00458		0.01345		0.02619		0.04799		
1388.2779	0.00367		0.00458		0.01348		0.02628		0.0481		
1388.3985	0.00369		0.00459		0.01353		0.02638		0.04822		
1388.519	0.00372		0.00461		0.01358		0.02648		0.04835		
1388.6395	0.00375		0.00464		0.01365		0.02659		0.04848		
1388.76	0.00378		0.00467		0.01371		0.0267		0.04862		
1388.8806	0.0038		0.0047		0.01376		0.02681		0.04874		
1389.0011	0.0038		0.00472		0.01381		0.02691		0.04886		
1389.1216	0.0038		0.00473		0.01384		0.02701		0.04896		
1389.2422	0.00378		0.00474		0.01387		0.0271		0.04906		
1389.3627	0.00376		0.00474		0.0139		0.02719		0.04916		
1389.4832	0.00374		0.00474		0.01393		0.02728		0.04927		
1389.6038	0.00372		0.00475		0.01397		0.02737		0.04939		
1389.7243	0.00371		0.00476		0.01401		0.02747		0.04951		
1389.8448	0.00371		0.00477		0.01405		0.02757		0.04963		
1389.9654	0.00371		0.00479		0.01408		0.02767		0.04976		
1390.0859	0.00371		0.0048		0.01412		0.02778		0.04987		
1390.2064	0.00371		0.00481		0.01416		0.02788		0.04999		
1390.3269	0.00371		0.00483		0.01421		0.02798		0.05011		
1390.4475	0.00371		0.00484		0.01426		0.0281		0.05023		
1390.568	0.00372		0.00487		0.01431		0.02821		0.05036		
1390.6885	0.00373		0.00489		0.01437		0.02832		0.05049		
1390.8091	0.00374		0.00491		0.01442		0.02844		0.05062		
1390.9296	0.00374		0.00493		0.01447		0.02855		0.05075		
1391.0501	0.00375		0.00494		0.01451		0.02866		0.05087		
1391.1707	0.00375		0.00496		0.01455		0.02877		0.05098		
1391.2912	0.00375		0.00497		0.01459		0.02889		0.0511		
1391.4117	0.00375		0.00499		0.01464		0.02902		0.05123		
1391.5323	0.00376		0.00502		0.01471		0.02915		0.05138		
1391.6528	0.00377		0.00506		0.01478		0.02929		0.05152		
1391.7733	0.00378		0.00509		0.01485		0.02942		0.05167		
1391.8939	0.00378		0.00512		0.01492		0.02956		0.0518		
1392.0144	0.00379		0.00514		0.01499		0.02969		0.05193		
1392.1349	0.00379		0.00515		0.01505		0.02982		0.05205		
1392.2554	0.00379		0.00515		0.01511		0.02995		0.05217		
1392.376	0.0038		0.00516		0.01516		0.03008		0.05229		
1392.4965	0.0038		0.00518		0.01522		0.03021		0.05243		
1392.617	0.00382		0.0052		0.01528		0.03035		0.05258		
1392.7376	0.00383		0.00523		0.01535		0.03048		0.05275		
1392.8581	0.00386		0.00526		0.01541		0.03061		0.05291		
1392.9786	0.00388		0.00528		0.01547		0.03073		0.05307		
1393.0992	0.0039		0.0053		0.01552		0.03085		0.05321		
1393.2197	0.00391		0.0053		0.01557		0.03096		0.05335		
1393.3402	0.00391		0.0053		0.01563		0.03108		0.05348		
1393.4608	0.00391		0.0053		0.01569		0.0312		0.05361		
1393.5813	0.00391		0.0053		0.01576		0.03132		0.05375		
1393.7018	0.0039		0.00531		0.01584		0.03146		0.05389		
1393.8224	0.0039		0.00533		0.01593		0.03159		0.05404		
1393.9429	0.00389		0.00536		0.01602		0.03173		0.05417		
1394.0634	0.00389		0.00538		0.01609		0.03186		0.05429		
1394.1839	0.00388		0.0054		0.01616		0.03199		0.05441		
1394.3045	0.00387		0.00542		0.01622		0.03212		0.05452		
1394.425	0.00387		0.00544		0.01627		0.03226		0.05465		
1394.5455	0.00387		0.00546		0.01632		0.0324		0.05479		
1394.6661	0.00388		0.00549		0.01638		0.03254		0.05496		
1394.7866	0.00389		0.00552		0.01645		0.0327		0.05516		
1394.9071	0.00391		0.00556		0.01652		0.03286		0.05536		
1395.0277	0.00393		0.00559		0.0166		0.03302		0.05556		
1395.1482	0.00395		0.00562		0.01668		0.03317		0.05575		
1395.2687	0.00396		0.00564		0.01676		0.03332		0.05592		
1395.3893	0.00397		0.00566		0.01683		0.03347		0.05609		
1395.5098	0.00398		0.00568		0.01691		0.03362		0.05624		
1395.6303	0.00399		0.00571		0.01698		0.03377		0.0564		
1395.7509	0.00399		0.00573		0.01706		0.03392		0.05657		
1395.8714	0.004		0.00576		0.01713		0.03407		0.05675		
1395.9919	0.004		0.00578		0.0172		0.03422		0.05693		
1396.1124	0.004		0.0058		0.01727		0.03437		0.05711		
1396.233	0.004		0.00582		0.01733		0.03452		0.05729		
1396.3535	0.004		0.00583		0.01739		0.03468		0.05748		
1396.474	0.004		0.00586		0.01746		0.03485		0.05766		
1396.5946	0.00401		0.00589		0.01755		0.03503		0.05786		
1396.7151	0.00402		0.00594		0.01764		0.03522		0.05806		
1396.8356	0.00404		0.006		0.01774		0.03542		0.05827		
1396.9562	0.00407		0.00606		0.01785		0.03562		0.05848		
1397.0767	0.0041		0.00612		0.01796		0.0358		0.05869		
1397.1972	0.00412		0.00616		0.01806		0.03598		0.05888		
1397.3178	0.00414		0.00619		0.01815		0.03614		0.05905		
1397.4383	0.00416		0.00621		0.01823		0.0363		0.05923		
1397.5588	0.00417		0.00623		0.01831		0.03647		0.0594		
1397.6794	0.00418		0.00625		0.0184		0.03664		0.05959		
1397.7999	0.00419		0.00628		0.01849		0.03682		0.0598		
1397.9204	0.0042		0.00631		0.01858		0.03701		0.06002		
1398.0409	0.00421		0.00635		0.01867		0.0372		0.06024		
1398.1615	0.00422		0.00638		0.01876		0.03739		0.06045		
1398.282	0.00423		0.00641		0.01884		0.03758		0.06066		
1398.4025	0.00423		0.00643		0.01892		0.03775		0.06085		
1398.5231	0.00424		0.00646		0.01901		0.03793		0.06104		
1398.6436	0.00425		0.00649		0.0191		0.03811		0.06122		
1398.7641	0.00426		0.00654		0.0192		0.03829		0.06142		
1398.8847	0.00428		0.0066		0.01931		0.03848		0.06162		
1399.0052	0.0043		0.00666		0.01942		0.03868		0.06184		
1399.1257	0.00432		0.00672		0.01953		0.03887		0.06206		
1399.2463	0.00433		0.00677		0.01963		0.03905		0.06228		
1399.3668	0.00435		0.0068		0.01972		0.03924		0.0625		
1399.4873	0.00436		0.00683		0.01981		0.03943		0.06271		
1399.6078	0.00437		0.00685		0.0199		0.03963		0.06293		
1399.7284	0.00439		0.00689		0.02		0.03984		0.06316		
1399.8489	0.00441		0.00694		0.0201		0.04006		0.0634		
1399.9694	0.00444		0.007		0.02021		0.04028		0.06365		
1400.09	0.00446		0.00707		0.02033		0.0405		0.0639		
1400.2105	0.00448		0.00713		0.02043		0.04072		0.06414		
1400.331	0.0045		0.00718		0.02053		0.04093		0.06437		
1400.4516	0.00452		0.00722		0.02063		0.04113		0.06459		
1400.5721	0.00454		0.00725		0.02072		0.04132		0.0648		
1400.6926	0.00455		0.00728		0.02082		0.04152		0.06502		
1400.8132	0.00456		0.00731		0.02093		0.04172		0.06523		
1400.9337	0.00457		0.00735		0.02104		0.04192		0.06546		
1401.0542	0.00458		0.00738		0.02116		0.04213		0.06571		
1401.1748	0.00458		0.00742		0.02127		0.04234		0.06595		
1401.2953	0.00459		0.00745		0.02138		0.04255		0.0662		
1401.4158	0.0046		0.00748		0.02149		0.04276		0.06644		
1401.5363	0.00461		0.0075		0.02159		0.04298		0.06668		
1401.6569	0.00463		0.00753		0.0217		0.04321		0.06691		
1401.7774	0.00466		0.00757		0.02182		0.04346		0.06715		
1401.8979	0.00469		0.00763		0.02194		0.0437		0.06739		
1402.0185	0.00472		0.00768		0.02207		0.04395		0.06763		
1402.139	0.00474		0.00774		0.0222		0.04419		0.06788		
1402.2595	0.00476		0.00779		0.02232		0.04441		0.06812		
1402.3801	0.00476		0.00783		0.02244		0.04462		0.06836		
1402.5006	0.00476		0.00786		0.02256		0.04483		0.06859		
1402.6211	0.00476		0.00789		0.02268		0.04504		0.06882		
1402.7417	0.00476		0.00793		0.0228		0.04526		0.06905		
1402.8622	0.00476		0.00797		0.02292		0.04549		0.06929		
1402.9827	0.00477		0.00803		0.02305		0.04573		0.06954		
1403.1033	0.00478		0.00809		0.02318		0.04597		0.06978		
1403.2238	0.0048		0.00816		0.02331		0.04622		0.07002		
1403.3443	0.00482		0.00821		0.02344		0.04647		0.07026		
1403.4648	0.00484		0.00825		0.02357		0.04672		0.07049		
1403.5854	0.00486		0.00829		0.0237		0.04698		0.07073		
1403.7059	0.00489		0.00832		0.02384		0.04725		0.07097		
1403.8264	0.00492		0.00837		0.02399		0.04752		0.07123		
1403.947	0.00496		0.00843		0.02416		0.0478		0.0715		
1404.0675	0.00499		0.0085		0.02433		0.04808		0.07178		
1404.188	0.00502		0.00859		0.02451		0.04836		0.07207		
1404.3086	0.00506		0.00867		0.02468		0.04863		0.07234		
1404.4291	0.00509		0.00875		0.02485		0.0489		0.07261		
1404.5496	0.00513		0.00882		0.02502		0.04916		0.07287		
1404.6702	0.00517		0.00889		0.02519		0.04943		0.07312		
1404.7907	0.00521		0.00895		0.02535		0.0497		0.07339		
1404.9112	0.00524		0.00901		0.02552		0.04999		0.07367		
1405.0318	0.00527		0.00908		0.02569		0.05027		0.07396		
1405.1523	0.0053		0.00915		0.02587		0.05056		0.07428		
1405.2728	0.00532		0.00922		0.02604		0.05085		0.07461		
1405.3933	0.00534		0.00929		0.02621		0.05114		0.07495		
1405.5139	0.00536		0.00935		0.02637		0.05144		0.07528		
1405.6344	0.00538		0.00941		0.02654		0.05174		0.07561		
1405.7549	0.00541		0.00948		0.02671		0.05205		0.07594		
1405.8755	0.00544		0.00954		0.02689		0.05236		0.07627		
1405.996	0.00548		0.00962		0.02707		0.05268		0.07661		
1406.1165	0.00553		0.0097		0.02726		0.053		0.07695		
1406.2371	0.00557		0.00978		0.02747		0.05333		0.0773		
1406.3576	0.00561		0.00987		0.02768		0.05365		0.07766		
1406.4781	0.00566		0.00996		0.02789		0.05398		0.07802		
1406.5987	0.0057		0.01004		0.02811		0.05431		0.07839		
1406.7192	0.00575		0.01013		0.02834		0.05466		0.07878		
1406.8397	0.00579		0.01023		0.02857		0.05502		0.07917		
1406.9603	0.00584		0.01034		0.0288		0.0554		0.07958		
1407.0808	0.00588		0.01046		0.02905		0.05578		0.08		
1407.2013	0.00592		0.01058		0.02929		0.05617		0.08043		
1407.3218	0.00596		0.01071		0.02954		0.05657		0.08087		
1407.4424	0.006		0.01083		0.02979		0.05696		0.08131		
1407.5629	0.00605		0.01094		0.03004		0.05736		0.08175		
1407.6834	0.0061		0.01104		0.03029		0.05775		0.08219		
1407.804	0.00615		0.01114		0.03053		0.05815		0.08263		
1407.9245	0.0062		0.01125		0.03078		0.05855		0.08309		
1408.045	0.00626		0.01136		0.03104		0.05897		0.08356		
1408.1656	0.00632		0.01149		0.0313		0.05939		0.08406		
1408.2861	0.00639		0.01163		0.03157		0.05983		0.08458		
1408.4066	0.00646		0.01179		0.03186		0.0603		0.08512		
1408.5272	0.00654		0.01195		0.03216		0.06077		0.08568		
1408.6477	0.00662		0.01212		0.03248		0.06126		0.08627		
1408.7682	0.00672		0.01229		0.03282		0.06176		0.08686		
1408.8887	0.00681		0.01245		0.03316		0.06226		0.08747		
1409.0093	0.00691		0.01262		0.03351		0.06276		0.0881		
1409.1298	0.00701		0.01278		0.03387		0.06327		0.08874		
1409.2503	0.00711		0.01295		0.03423		0.06378		0.08939		
1409.3709	0.0072		0.01312		0.0346		0.0643		0.09005		
1409.4914	0.0073		0.01329		0.03496		0.06483		0.09073		
1409.6119	0.00739		0.01346		0.03533		0.06538		0.09142		
1409.7325	0.00748		0.01362		0.0357		0.06593		0.09212		
1409.853	0.00757		0.01378		0.03608		0.06649		0.09283		
1409.9735	0.00767		0.01395		0.03646		0.06705		0.09356		
1410.0941	0.00776		0.01412		0.03686		0.06762		0.0943		
1410.2146	0.00785		0.01431		0.03725		0.0682		0.09507		
1410.3351	0.00795		0.01452		0.03766		0.06879		0.09587		
1410.4557	0.00805		0.01473		0.03807		0.06939		0.0967		
1410.5762	0.00815		0.01495		0.0385		0.07001		0.09755		
1410.6967	0.00825		0.01516		0.03892		0.07065		0.09843		
1410.8172	0.00837		0.01537		0.03936		0.0713		0.09932		
1410.9378	0.00848		0.01558		0.03979		0.07197		0.10024		
1411.0583	0.0086		0.01579		0.04023		0.07263		0.10118		
1411.1788	0.00871		0.01601		0.04068		0.07331		0.10214		
1411.2994	0.00883		0.01623		0.04113		0.07399		0.10311		
1411.4199	0.00894		0.01646		0.0416		0.07468		0.1041		
1411.5404	0.00906		0.01669		0.04207		0.07539		0.1051		
1411.661	0.00919		0.01693		0.04257		0.07611		0.10612		
1411.7815	0.00932		0.01717		0.04308		0.07684		0.10716		
1411.902	0.00946		0.01742		0.04361		0.07758		0.10822		
1412.0226	0.00961		0.01767		0.04415		0.07833		0.10931		
1412.1431	0.00976		0.01793		0.04472		0.07909		0.11043		
1412.2636	0.00991		0.0182		0.0453		0.07987		0.11158		
1412.3842	0.01005		0.01848		0.0459		0.08067		0.11278		
1412.5047	0.0102		0.01877		0.04651		0.08149		0.11401		
1412.6252	0.01034		0.01907		0.04713		0.08232		0.11526		
1412.7457	0.01049		0.01937		0.04775		0.08318		0.11653		
1412.8663	0.01064		0.01968		0.04838		0.08404		0.11782		
1412.9868	0.01081		0.01999		0.04901		0.08492		0.11913		
1413.1073	0.01098		0.0203		0.04965		0.0858		0.12045		
1413.2279	0.01116		0.02063		0.05031		0.08669		0.12179		
1413.3484	0.01134		0.02096		0.05097		0.08758		0.12316		
1413.4689	0.01152		0.02131		0.05165		0.08848		0.12455		
1413.5895	0.01169		0.02165		0.05233		0.08939		0.12596		
1413.71	0.01186		0.02199		0.05302		0.09031		0.12738		
1413.8305	0.01203		0.02232		0.05371		0.09123		0.12881		
1413.9511	0.0122		0.02265		0.05439		0.09215		0.13025		
1414.0716	0.01238		0.02297		0.05507		0.09307		0.13169		
1414.1921	0.01256		0.0233		0.05575		0.09398		0.13312		
1414.3127	0.01274		0.02364		0.05641		0.09489		0.13456		
1414.4332	0.01293		0.02398		0.05705		0.09579		0.13598		
1414.5537	0.0131		0.02431		0.05767		0.09668		0.13739		
1414.6742	0.01327		0.02463		0.05826		0.09755		0.13877		
1414.7948	0.01342		0.02493		0.05882		0.09841		0.14013		
1414.9153	0.01356		0.02521		0.05935		0.09926		0.14147		
1415.0358	0.01369		0.02547		0.05985		0.10009		0.14278		
1415.1564	0.01382		0.02572		0.06034		0.10093		0.14408		
1415.2769	0.01393		0.02596		0.06081		0.10175		0.14538		
1415.3974	0.01404		0.02621		0.06127		0.10258		0.14668		
1415.518	0.01415		0.02645		0.06173		0.10341		0.14798		
1415.6385	0.01425		0.02669		0.06219		0.10425		0.1493		
1415.759	0.01434		0.02693		0.06264		0.10508		0.15062		
1415.8796	0.01444		0.02716		0.06307		0.10592		0.15195		
1416.0001	0.01454		0.02738		0.06351		0.10676		0.15329		
1416.1206	0.01463		0.0276		0.06394		0.10761		0.15466		
1416.2411	0.01473		0.02783		0.06437		0.10848		0.15606		
1416.3617	0.01483		0.02807		0.06481		0.10936		0.1575		
1416.4822	0.01494		0.02832		0.06527		0.11027		0.15898		
1416.6027	0.01505		0.02859		0.06575		0.11121		0.16049		
1416.7233	0.01517		0.02887		0.06625		0.11217		0.16203		
1416.8438	0.01529		0.02917		0.06677		0.11315		0.1636		
1416.9643	0.01542		0.02946		0.06732		0.11415		0.1652		
1417.0849	0.01555		0.02977		0.06789		0.11518		0.16684		
1417.2054	0.01568		0.03008		0.06848		0.11622		0.16853		
1417.3259	0.01582		0.03041		0.06908		0.11728		0.17026		
1417.4465	0.01595		0.03074		0.0697		0.11835		0.17205		
1417.567	0.0161		0.03108		0.07034		0.11945		0.1739		
1417.6875	0.01625		0.03143		0.071		0.12055		0.17579		
1417.8081	0.01641		0.0318		0.07167		0.12168		0.17772		
1417.9286	0.01659		0.03216		0.07237		0.12283		0.1797		
1418.0491	0.01678		0.03254		0.07309		0.124		0.18171		
1418.1696	0.01698		0.03293		0.07382		0.1252		0.18375		
1418.2902	0.01718		0.03333		0.07457		0.12642		0.18584		
1418.4107	0.01738		0.03374		0.07534		0.12766		0.18797		
1418.5312	0.01758		0.03415		0.07611		0.12891		0.19013		
1418.6518	0.01778		0.03457		0.0769		0.13017		0.19231		
1418.7723	0.01797		0.03499		0.07768		0.13144		0.19451		
1418.8928	0.01817		0.03541		0.07847		0.1327		0.19673		
1419.0134	0.01836		0.03583		0.07926		0.13397		0.19898		
1419.1339	0.01856		0.03626		0.08005		0.13525		0.20125		
1419.2544	0.01876		0.0367		0.08083		0.13655		0.20357		
1419.375	0.01896		0.03715		0.08161		0.13786		0.20594		
1419.4955	0.01915		0.0376		0.08238		0.1392		0.20836		
1419.616	0.01934		0.03805		0.08315		0.14055		0.21084		
1419.7366	0.01953		0.0385		0.08393		0.14192		0.21335		
1419.8571	0.01972		0.03894		0.08471		0.1433		0.21589		
1419.9776	0.01992		0.03937		0.0855		0.14469		0.21844		
1420.0981	0.02012		0.0398		0.08631		0.14609		0.221		
1420.2187	0.02034		0.04023		0.08713		0.14749		0.22357		
1420.3392	0.02055		0.04067		0.08796		0.14889		0.22615		
1420.4597	0.02077		0.0411		0.08879		0.15029		0.22875		
1420.5803	0.02097		0.04155		0.08964		0.15171		0.23139		
1420.7008	0.02118		0.042		0.09049		0.15313		0.23405		
1420.8213	0.02137		0.04245		0.09136		0.15457		0.23674		
1420.9419	0.02156		0.0429		0.09225		0.15602		0.23946		
1421.0624	0.02176		0.04335		0.09315		0.15749		0.2422		
1421.1829	0.02195		0.04381		0.09407		0.15899		0.24496		
1421.3035	0.02215		0.04427		0.095		0.1605		0.24773		
1421.424	0.02235		0.04475		0.09594		0.16203		0.25053		
1421.5445	0.02256		0.04525		0.0969		0.16359		0.25335		
1421.6651	0.02276		0.04576		0.09787		0.16516		0.25622		
1421.7856	0.02297		0.04628		0.09887		0.16675		0.25913		
1421.9061	0.02319		0.04682		0.09988		0.16836		0.26209		
1422.0266	0.02341		0.04736		0.10091		0.17		0.26509		
1422.1472	0.02364		0.0479		0.10195		0.17165		0.26814		
1422.2677	0.02386		0.04844		0.10301		0.17331		0.27124		
1422.3882	0.0241		0.04898		0.10409		0.17499		0.27438		
1422.5088	0.02433		0.04952		0.10519		0.17668		0.27758		
1422.6293	0.02458		0.05008		0.10631		0.1784		0.28084		
1422.7498	0.02483		0.05066		0.10746		0.18014		0.28417		
1422.8704	0.0251		0.05126		0.10865		0.18192		0.28758		
1422.9909	0.02538		0.05189		0.10988		0.18374		0.29108		
1423.1114	0.02566		0.05253		0.11115		0.18559		0.29467		
1423.232	0.02595		0.05319		0.11244		0.18748		0.29833		
1423.3525	0.02624		0.05385		0.11376		0.18939		0.30208		
1423.473	0.02654		0.05454		0.11509		0.19134		0.3059		
1423.5936	0.02683		0.05524		0.11646		0.19333		0.30982		
1423.7141	0.02713		0.05596		0.11786		0.19537		0.31383		
1423.8346	0.02744		0.05671		0.1193		0.19747		0.31797		
1423.9551	0.02776		0.05748		0.12079		0.19963		0.32222		
1424.0757	0.0281		0.05828		0.12233		0.20186		0.3266		
1424.1962	0.02845		0.05909		0.12391		0.20413		0.33109		
1424.3167	0.02881		0.05992		0.12552		0.20645		0.33568		
1424.4373	0.02918		0.06076		0.12717		0.20881		0.34038		
1424.5578	0.02955		0.06161		0.12886		0.2112		0.34519		
1424.6783	0.02993		0.0625		0.13059		0.21364		0.35013		
1424.7989	0.03032		0.06341		0.13238		0.21614		0.35522		
1424.9194	0.03073		0.06436		0.13422		0.21871		0.36047		
1425.0399	0.03115		0.06534		0.13612		0.22135		0.36588		
1425.1605	0.03159		0.06635		0.13809		0.22408		0.37146		
1425.281	0.03204		0.06738		0.14011		0.22687		0.3772		
1425.4015	0.0325		0.06844		0.14218		0.22972		0.38308		
1425.522	0.03297		0.06953		0.1443		0.23263		0.38911		
1425.6426	0.03346		0.07064		0.14647		0.23561		0.39529		
1425.7631	0.03396		0.0718		0.14871		0.23866		0.40165		
1425.8836	0.03448		0.073		0.15101		0.24179		0.4082		
1426.0042	0.03503		0.07426		0.15339		0.24502		0.41496		
1426.1247	0.0356		0.07555		0.15584		0.24834		0.42193		
1426.2452	0.03619		0.07688		0.15836		0.25175		0.42911		
1426.3658	0.03679		0.07825		0.16095		0.25525		0.43649		
1426.4863	0.03741		0.07964		0.16359		0.25883		0.44407		
1426.6068	0.03805		0.08108		0.1663		0.26249		0.45186		
1426.7274	0.0387		0.08257		0.16908		0.26624		0.45988		
1426.8479	0.03938		0.08411		0.17194		0.27011		0.46815		
1426.9684	0.04009		0.08572		0.17489		0.27409		0.47669		
1427.089	0.04083		0.08739		0.17794		0.2782		0.48549		
1427.2095	0.04161		0.08911		0.18107		0.28242		0.49457		
1427.33	0.04241		0.09088		0.1843		0.28677		0.50391		
1427.4505	0.04323		0.09269		0.18761		0.29122		0.51352		
1427.5711	0.04406		0.09453		0.191		0.29578		0.5234		
1427.6916	0.04491		0.09642		0.19448		0.30045		0.53356		
1427.8121	0.04577		0.09837		0.19807		0.30526		0.54404		
1427.9327	0.04666		0.10038		0.20176		0.31021		0.55485		
1428.0532	0.04756		0.10245		0.20556		0.31532		0.566		
1428.1737	0.04849		0.1046		0.20949		0.32059		0.57748		
1428.2943	0.04945		0.10682		0.21352		0.32602		0.58931		
1428.4148	0.05045		0.10911		0.21768		0.33162		0.60147		
1428.5353	0.05149		0.11146		0.22195		0.33739		0.61401		
1428.6559	0.05257		0.11389		0.22634		0.34335		0.62695		
1428.7764	0.0537		0.11641		0.23087		0.34951		0.64033		
1428.8969	0.05487		0.11901		0.23555		0.35588		0.6542		
1429.0175	0.05609		0.12171		0.24038		0.36248		0.6686		
1429.138	0.05736		0.1245		0.24537		0.36931		0.68352		
1429.2585	0.05867		0.12738		0.25052		0.37637		0.69897		
1429.379	0.06002		0.13036		0.25583		0.38368		0.71495		
1429.4996	0.06141		0.13343		0.26132		0.39124		0.73147		
1429.6201	0.06285		0.13662		0.26699		0.39907		0.74856		
1429.7406	0.06434		0.13992		0.27285		0.40719		0.76627		
1429.8612	0.06588		0.14336		0.27892		0.41564		0.78464		
1429.9817	0.06748		0.14693		0.28521		0.42444		0.80374		
1430.1022	0.06915		0.15065		0.29173		0.4336		0.82358		
1430.2228	0.07088		0.15451		0.29848		0.44314		0.84418		
1430.3433	0.07268		0.15851		0.30547		0.45308		0.86556		
1430.4638	0.07454		0.16264		0.3127		0.46342		0.88776		
1430.5844	0.07648		0.16691		0.32019		0.47419		0.91081		
1430.7049	0.0785		0.17132		0.32794		0.48541		0.93479		
1430.8254	0.0806		0.17589		0.33597		0.49711		0.95976		
1430.946	0.08278		0.18063		0.3443		0.50931		0.98582		
1431.0665	0.08505		0.18554		0.35294		0.52205		1.01299		
1431.187	0.08741		0.19061		0.36189		0.53534		1.04134		
1431.3075	0.08986		0.19586		0.37116		0.54921		1.07088		
1431.4281	0.0924		0.20127		0.38076		0.56367		1.10166		
1431.5486	0.09503		0.20686		0.3907		0.57875		1.13373		
1431.6691	0.09776		0.21263		0.40099		0.59446		1.16715		
1431.7897	0.10058		0.2186		0.41163		0.61084		1.20198		
1431.9102	0.1035		0.22476		0.42263		0.62789		1.23823		
1432.0307	0.10652		0.23112		0.434		0.64563		1.27591		
1432.1513	0.10964		0.23767		0.44574		0.66407		1.31495		
1432.2718	0.11286		0.2444		0.45784		0.68321		1.35532		
1432.3923	0.11617		0.25127		0.47031		0.70304		1.39696		
1432.5129	0.11957		0.25829		0.48314		0.72358		1.43989		
1432.6334	0.12306		0.26543		0.49631		0.74479		1.48413		
1432.7539	0.12664		0.27269		0.50981		0.76666		1.52971		
1432.8745	0.1303		0.28005		0.52362		0.78916		1.5766		
1432.995	0.13403		0.2875		0.5377		0.81223		1.62467		
1433.1155	0.13782		0.29502		0.55203		0.83582		1.67373		
1433.236	0.14166		0.30259		0.56659		0.85988		1.72353		
1433.3566	0.14553		0.31017		0.58134		0.88435		1.77384		
1433.4771	0.14943		0.31773		0.59625		0.90917		1.82455		
1433.5976	0.15332		0.32523		0.6113		0.93429		1.87564		
1433.7182	0.1572		0.33265		0.62644		0.95963		1.92715		
1433.8387	0.16104		0.33997		0.6416		0.98514		1.97909		
1433.9592	0.16482		0.34716		0.65672		1.01073		2.03135		
1434.0798	0.16853		0.35419		0.67174		1.03632		2.08371		
1434.2003	0.17215		0.36105		0.68657		1.06184		2.13585		
1434.3208	0.17566		0.3677		0.70117		1.0872		2.18756		
1434.4414	0.17904		0.3741		0.71548		1.11231		2.23878		
1434.5619	0.18228		0.38021		0.72943		1.13705		2.2896		
1434.6824	0.18535		0.38598		0.74295		1.16131		2.3401		
1434.8029	0.18823		0.39139		0.75596		1.18493		2.39012		
1434.9235	0.19091		0.39638		0.76835		1.20774		2.4391		
1435.044	0.19336		0.40092		0.77999		1.22961		2.48617		
1435.1645	0.19557		0.40499		0.79078		1.2504		2.53041		
1435.2851	0.19753		0.40856		0.8006		1.27004		2.57135		
1435.4056	0.19922		0.41159		0.80935		1.28841		2.60919		
1435.5261	0.20063		0.41407		0.81693		1.30545		2.64468		
1435.6467	0.20173		0.41596		0.82327		1.321		2.67866		
1435.7672	0.20253		0.41725		0.82828		1.33491		2.71135		
1435.8877	0.203		0.41792		0.83191		1.34703		2.74193		
1436.0083	0.20315		0.41795		0.83411		1.35721		2.76865		
1436.1288	0.20297		0.41734		0.83484		1.36539		2.78945		
1436.2493	0.20246		0.41607		0.83411		1.37156		2.8029		
1436.3699	0.20162		0.41417		0.83193		1.37576		2.80899		
1436.4904	0.20046		0.41163		0.82833		1.37803		2.80913		
1436.6109	0.19899		0.40849		0.82337		1.3784		2.80536		
1436.7314	0.19722		0.40477		0.81712		1.37686		2.79963		
1436.852	0.19519		0.40053		0.80967		1.37341		2.79318		
1436.9725	0.19291		0.39581		0.80112		1.36806		2.78641		
1437.093	0.19041		0.39067		0.7916		1.36091		2.77925		
1437.2136	0.18772		0.38516		0.78122		1.35211		2.77132		
1437.3341	0.18488		0.37934		0.77012		1.34184		2.76219		
1437.4546	0.18191		0.37323		0.75838		1.33027		2.75133		
1437.5752	0.17882		0.3669		0.74612		1.31757		2.7381		
1437.6957	0.17564		0.36036		0.7334		1.30385		2.72189		
1437.8162	0.17238		0.35367		0.72031		1.28921		2.70226		
1437.9368	0.16907		0.34685		0.70694		1.27378		2.67922		
1438.0573	0.1657		0.33996		0.69337		1.25767		2.6533		
1438.1778	0.16231		0.33302		0.67971		1.24102		2.62539		
1438.2984	0.15892		0.32608		0.66604		1.22396		2.59635		
1438.4189	0.15553		0.31918		0.65243		1.2066		2.56673		
1438.5394	0.15216		0.31234		0.63894		1.18897		2.53659		
1438.6599	0.14883		0.30558		0.6256		1.17111		2.50564		
1438.7805	0.14556		0.29892		0.61243		1.15304		2.47357		
1438.901	0.14234		0.29238		0.59945		1.13478		2.44029		
1439.0215	0.13919		0.28596		0.58668		1.1164		2.40605		
1439.1421	0.13611		0.27967		0.57414		1.09799		2.37147		
1439.2626	0.13311		0.27351		0.56185		1.07966		2.33715		
1439.3831	0.13019		0.2675		0.54984		1.0615		2.30354		
1439.5037	0.12734		0.26163		0.53811		1.04357		2.27074		
1439.6242	0.12458		0.2559		0.52666		1.0259		2.23856		
1439.7447	0.12188		0.25031		0.51548		1.00846		2.20671		
1439.8653	0.11925		0.24486		0.50455		0.99123		2.17491		
1439.9858	0.11668		0.23954		0.49388		0.97419		2.14307		
1440.1063	0.11417		0.23436		0.48344		0.9573		2.11127		
1440.2269	0.11171		0.22932		0.47325		0.94057		2.07967		
1440.3474	0.10933		0.22442		0.46331		0.924		2.0484		
1440.4679	0.10701		0.21965		0.45362		0.90761		2.01741		
1440.5884	0.10476		0.21502		0.44417		0.8914		1.98656		
1440.709	0.10258		0.2105		0.43497		0.87539		1.95567		
1440.8295	0.10047		0.2061		0.42599		0.85961		1.92457		
1440.95	0.09842		0.2018		0.41723		0.84406		1.89329		
1441.0706	0.09643		0.1976		0.40868		0.82876		1.86197		
1441.1911	0.09449		0.19351		0.40032		0.81372		1.83086		
1441.3116	0.09261		0.18953		0.39217		0.79893		1.80023		
1441.4322	0.09077		0.18566		0.38421		0.7844		1.77025		
1441.5527	0.089		0.1819		0.37646		0.77011		1.74096		
1441.6732	0.08727		0.17825		0.36889		0.75604		1.71232		
1441.7938	0.0856		0.17469		0.36152		0.74219		1.68417		
1441.9143	0.08397		0.17123		0.35433		0.72856		1.65637		
1442.0348	0.08239		0.16784		0.3473		0.71516		1.6288		
1442.1554	0.08085		0.16454		0.34045		0.70198		1.60139		
1442.2759	0.07935		0.16132		0.33375		0.68904		1.57414		
1442.3964	0.07789		0.15819		0.32722		0.67633		1.54706		
1442.5169	0.07648		0.15514		0.32084		0.66385		1.52023		
1442.6375	0.0751		0.15217		0.31462		0.65159		1.49371		
1442.758	0.07375		0.14927		0.30855		0.63954		1.46757		
1442.8785	0.07244		0.14643		0.30262		0.6277		1.44187		
1442.9991	0.07116		0.14365		0.29681		0.61606		1.41664		
1443.1196	0.0699		0.14092		0.29112		0.60462		1.39187		
1443.2401	0.06866		0.13824		0.28555		0.59339		1.36755		
1443.3607	0.06745		0.13561		0.28009		0.58237		1.34362		
1443.4812	0.06626		0.13305		0.27474		0.57156		1.32004		
1443.6017	0.0651		0.13054		0.2695		0.56094		1.29676		
1443.7223	0.06396		0.12809		0.26437		0.55052		1.27378		
1443.8428	0.06284		0.12569		0.25933		0.54029		1.2511		
1443.9633	0.06175		0.12333		0.2544		0.53024		1.22876		
1444.0838	0.06067		0.12102		0.24956		0.52038		1.20677		
1444.2044	0.05962		0.11874		0.24481		0.5107		1.18514		
1444.3249	0.0586		0.11652		0.24016		0.5012		1.16387		
1444.4454	0.05759		0.11434		0.23562		0.49189		1.14292		
1444.566	0.05661		0.11222		0.23118		0.48276		1.12228		
1444.6865	0.05564		0.11014		0.22685		0.47381		1.10192		
1444.807	0.0547		0.1081		0.22261		0.46505		1.08183		
1444.9276	0.05376		0.10609		0.21846		0.45646		1.06204		
1445.0481	0.05284		0.10412		0.2144		0.44803		1.04255		
1445.1686	0.05193		0.10217		0.21041		0.43977		1.02337		
1445.2892	0.05103		0.10026		0.20651		0.43167		1.00453		
1445.4097	0.05015		0.0984		0.20268		0.42373		0.98602		
1445.5302	0.04929		0.09658		0.19893		0.41595		0.96784		
1445.6508	0.04845		0.09481		0.19527		0.40832		0.95		
1445.7713	0.04762		0.09308		0.19168		0.40086		0.93249		
1445.8918	0.04681		0.09138		0.18817		0.39355		0.91532		
1446.0123	0.04601		0.08971		0.18473		0.38639		0.89851		
1446.1329	0.04523		0.08806		0.18136		0.37939		0.88205		
1446.2534	0.04445		0.08644		0.17807		0.37254		0.86595		
1446.3739	0.04368		0.08485		0.17485		0.36584		0.85017		
1446.4945	0.04292		0.0833		0.17172		0.35929		0.83472		
1446.615	0.04217		0.0818		0.16867		0.3529		0.81956		
1446.7355	0.04144		0.08033		0.1657		0.34665		0.8047		
1446.8561	0.04072		0.0789		0.1628		0.34054		0.79011		
1446.9766	0.04002		0.0775		0.15997		0.33456		0.77578		
1447.0971	0.03933		0.07611		0.1572		0.32871		0.76172		
1447.2177	0.03864		0.07475		0.15448		0.32297		0.74791		
1447.3382	0.03798		0.07341		0.15181		0.31734		0.73435		
1447.4587	0.03733		0.07209		0.14921		0.31181		0.72102		
1447.5793	0.0367		0.07082		0.14667		0.3064		0.70794		
1447.6998	0.03608		0.06958		0.14419		0.3011		0.69511		
1447.8203	0.03548		0.06836		0.14177		0.29591		0.68252		
1447.9408	0.03489		0.06717		0.1394		0.29082		0.6702		
1448.0614	0.0343		0.06599		0.13708		0.28583		0.65813		
1448.1819	0.03372		0.06481		0.1348		0.28094		0.64632		
1448.3024	0.03313		0.06365		0.13256		0.27615		0.63474		
1448.423	0.03255		0.06251		0.13036		0.27146		0.6234		
1448.5435	0.03199		0.0614		0.12821		0.26687		0.61228		
1448.664	0.03143		0.06034		0.12612		0.26239		0.60137		
1448.7846	0.0309		0.05931		0.12407		0.258		0.59066		
1448.9051	0.03039		0.05831		0.12207		0.2537		0.58016		
1449.0256	0.02989		0.05734		0.1201		0.24948		0.56985		
1449.1462	0.02941		0.05637		0.11817		0.24533		0.55974		
1449.2667	0.02893		0.05541		0.11626		0.24124		0.54981		
1449.3872	0.02846		0.05446		0.11437		0.23722		0.54006		
1449.5078	0.028		0.05353		0.11251		0.23325		0.53049		
1449.6283	0.02754		0.05261		0.11068		0.22936		0.52109		
1449.7488	0.02709		0.05172		0.10888		0.22554		0.51185		
1449.8693	0.02664		0.05084		0.1071		0.2218		0.50278		
1449.9899	0.0262		0.04998		0.10535		0.21814		0.49387		
1450.1104	0.02576		0.04913		0.10363		0.21456		0.48513		
1450.2309	0.02534		0.04828		0.10193		0.21104		0.47655		
1450.3515	0.02493		0.04745		0.10025		0.20759		0.46813		
1450.472	0.02452		0.04662		0.09861		0.2042		0.45987		
1450.5925	0.02413		0.04581		0.09699		0.20088		0.45179		
1450.7131	0.02374		0.04503		0.09541		0.19763		0.44387		
1450.8336	0.02336		0.04427		0.09386		0.19444		0.43613		
1450.9541	0.02299		0.04354		0.09234		0.19132		0.42855		
1451.0747	0.02263		0.04283		0.09085		0.18827		0.42115		
1451.1952	0.02228		0.04214		0.08939		0.18529		0.41392		
1451.3157	0.02193		0.04146		0.08796		0.18236		0.40685		
1451.4362	0.0216		0.0408		0.08657		0.17951		0.39996		
1451.5568	0.02128		0.04016		0.08522		0.17673		0.39323		
1451.6773	0.02098		0.03955		0.0839		0.17402		0.38666		
1451.7978	0.02068		0.03897		0.08262		0.17138		0.38025		
1451.9184	0.0204		0.03842		0.08138		0.16881		0.37401		
1452.0389	0.02012		0.03788		0.08016		0.16631		0.36791		
1452.1594	0.01985		0.03735		0.07897		0.16387		0.36197		
1452.28	0.01959		0.03683		0.0778		0.16149		0.35617		
1452.4005	0.01933		0.03631		0.07667		0.15917		0.35053		
1452.521	0.01908		0.0358		0.07556		0.15691		0.34504		
1452.6416	0.01883		0.03531		0.0745		0.15471		0.3397		
1452.7621	0.01859		0.03483		0.07346		0.15257		0.33452		
1452.8826	0.01836		0.03436		0.07246		0.15048		0.32947		
1453.0032	0.01814		0.0339		0.07148		0.14844		0.32456		
1453.1237	0.01791		0.03346		0.07052		0.14645		0.31976		
1453.2442	0.0177		0.03302		0.06959		0.1445		0.31508		
1453.3647	0.01749		0.03259		0.06869		0.1426		0.3105		
1453.4853	0.01729		0.03217		0.06781		0.14074		0.30605		
1453.6058	0.0171		0.03177		0.06696		0.13893		0.30171		
1453.7263	0.01692		0.03139		0.06615		0.13718		0.29749		
1453.8469	0.01676		0.03103		0.06537		0.13547		0.2934		
1453.9674	0.01661		0.0307		0.06461		0.13381		0.28942		
1454.0879	0.01646		0.03038		0.06388		0.13219		0.28554		
1454.2085	0.0163		0.03007		0.06315		0.13061		0.28176		
1454.329	0.01615		0.02976		0.06244		0.12906		0.27806		
1454.4495	0.01599		0.02945		0.06173		0.12754		0.27442		
1454.5701	0.01584		0.02913		0.06102		0.12606		0.27087		
1454.6906	0.01568		0.02882		0.06033		0.1246		0.26738		
1454.8111	0.01553		0.02852		0.05966		0.12317		0.26397		
1454.9317	0.01539		0.02822		0.059		0.12177		0.26064		
1455.0522	0.01525		0.02793		0.05836		0.12039		0.25738		
1455.1727	0.01512		0.02765		0.05773		0.11904		0.25418		
1455.2932	0.015		0.02736		0.05711		0.11771		0.25104		
1455.4138	0.01488		0.02707		0.05651		0.11639		0.24796		
1455.5343	0.01475		0.02679		0.05591		0.1151		0.24493		
1455.6548	0.01463		0.0265		0.05532		0.11382		0.24196		
1455.7754	0.0145		0.02623		0.05475		0.11257		0.23903		
1455.8959	0.01438		0.02597		0.05419		0.11133		0.23616		
1456.0164	0.01425		0.02572		0.05365		0.1101		0.23331		
1456.137	0.01412		0.02548		0.05312		0.10888		0.2305		
1456.2575	0.014		0.02524		0.0526		0.10768		0.22771		
1456.378	0.01388		0.02501		0.05209		0.10649		0.22493		
1456.4986	0.01377		0.02478		0.05159		0.10532		0.22219		
1456.6191	0.01366		0.02454		0.05108		0.10418		0.2195		
1456.7396	0.01357		0.02431		0.05059		0.10306		0.21688		
1456.8602	0.01348		0.02409		0.05009		0.10198		0.21436		
1456.9807	0.01339		0.02387		0.04961		0.10092		0.21193		
1457.1012	0.01331		0.02366		0.04913		0.0999		0.20959		
1457.2217	0.01322		0.02345		0.04866		0.0989		0.20733		
1457.3423	0.01313		0.02324		0.0482		0.09792		0.20511		
1457.4628	0.01304		0.02302		0.04773		0.09694		0.20291		
1457.5833	0.01293		0.0228		0.04728		0.09597		0.20072		
1457.7039	0.01283		0.02259		0.04682		0.09499		0.19851		
1457.8244	0.01273		0.02238		0.04637		0.09402		0.19631		
1457.9449	0.01262		0.02219		0.04592		0.09305		0.1941		
1458.0655	0.01252		0.022		0.04547		0.09209		0.19192		
1458.186	0.01241		0.02183		0.04503		0.09114		0.18976		
1458.3065	0.01231		0.02165		0.04459		0.09019		0.18763		
1458.4271	0.01222		0.02146		0.04416		0.08926		0.18553		
1458.5476	0.01213		0.02126		0.04373		0.08833		0.18347		
1458.6681	0.01204		0.02106		0.04331		0.08741		0.18143		
1458.7887	0.01196		0.02086		0.04291		0.0865		0.17942		
1458.9092	0.01189		0.02067		0.04251		0.0856		0.17744		
1459.0297	0.01183		0.02049		0.04214		0.08472		0.17549		
1459.1502	0.01177		0.02033		0.04177		0.08386		0.17358		
1459.2708	0.01171		0.02018		0.04141		0.08302		0.17169		
1459.3913	0.01165		0.02003		0.04105		0.08219		0.16983		
1459.5118	0.01158		0.01987		0.04068		0.08137		0.16799		
1459.6324	0.01151		0.0197		0.0403		0.08055		0.16617		
1459.7529	0.01143		0.01952		0.03991		0.07973		0.16436		
1459.8734	0.01134		0.01933		0.03952		0.07892		0.16258		
1459.994	0.01125		0.01915		0.03913		0.07811		0.16081		
1460.1145	0.01115		0.01897		0.03874		0.0773		0.15907		
1460.235	0.01105		0.0188		0.03837		0.07652		0.15734		
1460.3556	0.01096		0.01863		0.038		0.07574		0.15563		
1460.4761	0.01087		0.01846		0.03763		0.07498		0.15393		
1460.5966	0.01078		0.01829		0.03727		0.07423		0.15226		
1460.7171	0.01071		0.01812		0.03691		0.07349		0.15062		
1460.8377	0.01064		0.01796		0.03656		0.07275		0.14901		
1460.9582	0.01058		0.0178		0.03621		0.07202		0.14744		
1461.0787	0.01053		0.01765		0.03588		0.07129		0.14591		
1461.1993	0.01048		0.01753		0.03556		0.07057		0.14442		
1461.3198	0.01043		0.01741		0.03525		0.06987		0.14296		
1461.4403	0.01038		0.0173		0.03496		0.06919		0.14152		
1461.5609	0.01033		0.01718		0.03467		0.06852		0.1401		
1461.6814	0.01027		0.01706		0.03438		0.06786		0.13869		
1461.8019	0.01021		0.01692		0.03409		0.06721		0.1373		
1461.9225	0.01015		0.01678		0.0338		0.06657		0.13592		
1462.043	0.01009		0.01664		0.0335		0.06594		0.13456		
1462.1635	0.01003		0.0165		0.03322		0.06531		0.13322		
1462.2841	0.00997		0.01637		0.03294		0.06468		0.13191		
1462.4046	0.00992		0.01625		0.03266		0.06406		0.13064		
1462.5251	0.00987		0.01613		0.0324		0.06345		0.12938		
1462.6456	0.00982		0.01602		0.03213		0.06285		0.12816		
1462.7662	0.00977		0.0159		0.03187		0.06225		0.12695		
1462.8867	0.00972		0.01578		0.03161		0.06167		0.12576		
1463.0072	0.00966		0.01566		0.03135		0.0611		0.12459		
1463.1278	0.00959		0.01554		0.03109		0.06054		0.12344		
1463.2483	0.00953		0.01543		0.03083		0.05999		0.12231		
1463.3688	0.00948		0.01532		0.03058		0.05946		0.12121		
1463.4894	0.00943		0.01522		0.03035		0.05894		0.12013		
1463.6099	0.00939		0.01512		0.03012		0.05844		0.11908		
1463.7304	0.00937		0.01502		0.0299		0.05795		0.11806		
1463.851	0.00935		0.01492		0.02969		0.05748		0.11707		
1463.9715	0.00932		0.01482		0.02948		0.05702		0.11609		
1464.092	0.00929		0.01473		0.02928		0.05656		0.11514		
1464.2126	0.00925		0.01464		0.02909		0.0561		0.11419		
1464.3331	0.0092		0.01456		0.0289		0.05564		0.11326		
1464.4536	0.00914		0.01448		0.02872		0.05519		0.11234		
1464.5741	0.00909		0.01441		0.02854		0.05475		0.11144		
1464.6947	0.00903		0.01434		0.02836		0.05431		0.11058		
1464.8152	0.00899		0.01427		0.02819		0.0539		0.10976		
1464.9357	0.00896		0.0142		0.02802		0.05351		0.10898		
1465.0563	0.00893		0.01414		0.02786		0.05314		0.10825		
1465.1768	0.00892		0.01408		0.0277		0.0528		0.10757		
1465.2973	0.00891		0.01402		0.02756		0.05246		0.10693		
1465.4179	0.00891		0.01397		0.02743		0.05214		0.10631		
1465.5384	0.00891		0.01392		0.02731		0.05183		0.1057		
1465.6589	0.00891		0.01387		0.0272		0.05153		0.10512		
1465.7795	0.00891		0.01383		0.0271		0.05124		0.10455		
1465.9	0.00891		0.01378		0.02701		0.05096		0.10399		
1466.0205	0.00891		0.01375		0.02693		0.0507		0.10347		
1466.1411	0.0089		0.01372		0.02686		0.05045		0.10297		
1466.2616	0.0089		0.0137		0.0268		0.05021		0.1025		
1466.3821	0.00889		0.0137		0.02674		0.04999		0.10206		
1466.5026	0.00889		0.01369		0.02669		0.04978		0.10164		
1466.6232	0.00889		0.01369		0.02663		0.04957		0.10125		
1466.7437	0.00889		0.01368		0.02656		0.04938		0.10086		
1466.8642	0.00889		0.01366		0.0265		0.0492		0.10049		
1466.9848	0.0089		0.01364		0.02644		0.04902		0.10013		
1467.1053	0.0089		0.01361		0.02638		0.04885		0.09977		
1467.2258	0.0089		0.01359		0.02633		0.04868		0.09943		
1467.3464	0.0089		0.01357		0.02629		0.04852		0.0991		
1467.4669	0.00891		0.01357		0.02627		0.04836		0.09878		
1467.5874	0.00892		0.01357		0.02625		0.04822		0.09849		
1467.708	0.00893		0.01358		0.02624		0.04808		0.09822		
1467.8285	0.00895		0.01359		0.02623		0.04794		0.09796		
1467.949	0.00896		0.01361		0.02621		0.04782		0.0977		
1468.0696	0.00897		0.01362		0.0262		0.04769		0.09745		
1468.1901	0.00898		0.01362		0.02619		0.04756		0.09718		
1468.3106	0.00897		0.01361		0.02617		0.04742		0.09691		
1468.4311	0.00895		0.0136		0.02615		0.04726		0.09662		
1468.5517	0.00894		0.01359		0.02612		0.0471		0.09632		
1468.6722	0.00891		0.01357		0.02609		0.04693		0.096		
1468.7927	0.00889		0.01354		0.02605		0.04675		0.09567		
1468.9133	0.00887		0.01351		0.02599		0.04656		0.09533		
1469.0338	0.00886		0.01346		0.02593		0.04636		0.09497		
1469.1543	0.00884		0.01341		0.02585		0.04615		0.09459		
1469.2749	0.00882		0.01335		0.02576		0.04592		0.09419		
1469.3954	0.00879		0.01329		0.02566		0.04568		0.09377		
1469.5159	0.00876		0.01323		0.02555		0.04542		0.09332		
1469.6365	0.00873		0.01316		0.02543		0.04514		0.09285		
1469.757	0.00869		0.01309		0.02531		0.04484		0.09235		
1469.8775	0.00864		0.01301		0.02516		0.04453		0.09182		
1469.998	0.00859		0.01293		0.025		0.04421		0.09125		
1470.1186	0.00853		0.01284		0.02483		0.04388		0.09066		
1470.2391	0.00847		0.01274		0.02463		0.04353		0.09003		
1470.3596	0.00841		0.01264		0.02441		0.04316		0.08938		
1470.4802	0.00834		0.01253		0.02418		0.04278		0.08871		
1470.6007	0.00827		0.01242		0.02395		0.04239		0.08803		
1470.7212	0.0082		0.0123		0.02371		0.04198		0.08733		
1470.8418	0.00813		0.01218		0.02347		0.04157		0.08663		
1470.9623	0.00806		0.01205		0.02323		0.04115		0.08592		
1471.0828	0.00799		0.01192		0.023		0.04072		0.08519		
1471.2034	0.00791		0.01179		0.02277		0.04028		0.08444		
1471.3239	0.00784		0.01165		0.02254		0.03983		0.08366		
1471.4444	0.00777		0.01152		0.02231		0.03938		0.08287		
1471.565	0.00769		0.01139		0.02208		0.03892		0.08207		
1471.6855	0.00761		0.01126		0.02185		0.03847		0.08126		
1471.806	0.00754		0.01114		0.02162		0.03802		0.08046		
1471.9265	0.00747		0.01102		0.02139		0.03758		0.07969		
1472.0471	0.0074		0.01089		0.02116		0.03716		0.07894		
1472.1676	0.00734		0.01076		0.02093		0.03676		0.07822		
1472.2881	0.00727		0.01063		0.02069		0.03638		0.07754		
1472.4087	0.00721		0.0105		0.02047		0.03601		0.07688		
1472.5292	0.00715		0.01038		0.02024		0.03564		0.07626		
1472.6497	0.00708		0.01027		0.02003		0.03528		0.07564		
1472.7703	0.00701		0.01016		0.01982		0.03491		0.07503		
1472.8908	0.00694		0.01006		0.01963		0.03454		0.07442		
1473.0113	0.00687		0.00996		0.01944		0.03417		0.0738		
1473.1319	0.00679		0.00986		0.01926		0.0338		0.07318		
1473.2524	0.00672		0.00976		0.01908		0.03343		0.07256		
1473.3729	0.00666		0.00966		0.01891		0.03308		0.07197		
1473.4935	0.0066		0.00956		0.01874		0.03274		0.0714		
1473.614	0.00655		0.00947		0.01857		0.03243		0.07087		
1473.7345	0.0065		0.00938		0.01842		0.03214		0.07038		
1473.855	0.00647		0.00929		0.01827		0.03188		0.06993		
1473.9756	0.00643		0.00922		0.01812		0.03163		0.06951		
1474.0961	0.00639		0.00914		0.01798		0.03139		0.06911		
1474.2166	0.00636		0.00906		0.01785		0.03115		0.06871		
1474.3372	0.00632		0.00898		0.01772		0.03092		0.06831		
1474.4577	0.00628		0.00891		0.01759		0.03068		0.06792		
1474.5782	0.00625		0.00884		0.01746		0.03044		0.06753		
1474.6988	0.00622		0.00878		0.01735		0.03021		0.06715		
1474.8193	0.00619		0.00873		0.01725		0.02998		0.06679		
1474.9398	0.00616		0.00868		0.01715		0.02976		0.06644		
1475.0604	0.00613		0.00863		0.01707		0.02956		0.0661		
1475.1809	0.00611		0.00858		0.01699		0.02936		0.06576		
1475.3014	0.00609		0.00852		0.01692		0.02917		0.06543		
1475.422	0.00606		0.00847		0.01685		0.02899		0.06512		
1475.5425	0.00604		0.00842		0.01679		0.02881		0.06481		
1475.663	0.00602		0.00837		0.01673		0.02865		0.06452		
1475.7835	0.006		0.00834		0.01668		0.02849		0.06425		
1475.9041	0.00599		0.00831		0.01664		0.02835		0.06401		
1476.0246	0.00598		0.00829		0.0166		0.02821		0.06379		
1476.1451	0.00598		0.00828		0.01656		0.02809		0.06359		
1476.2657	0.00597		0.00826		0.01652		0.02798		0.06341		
1476.3862	0.00597		0.00824		0.01648		0.02788		0.06325		
1476.5067	0.00595		0.00821		0.01643		0.02778		0.0631		
1476.6273	0.00593		0.00818		0.01639		0.02769		0.06297		
1476.7478	0.00591		0.00816		0.01635		0.0276		0.06285		
1476.8683	0.00588		0.00814		0.01632		0.02752		0.06274		
1476.9889	0.00586		0.00812		0.01631		0.02744		0.06265		
1477.1094	0.00584		0.00811		0.01631		0.02736		0.06256		
1477.2299	0.00584		0.0081		0.01632		0.02729		0.06248		
1477.3505	0.00585		0.0081		0.01633		0.02722		0.06239		
1477.471	0.00587		0.0081		0.01633		0.02715		0.0623		
1477.5915	0.00588		0.00811		0.01634		0.02709		0.06221		
1477.712	0.0059		0.00813		0.01634		0.02703		0.06212		
1477.8326	0.00591		0.00815		0.01634		0.02697		0.06203		
1477.9531	0.00592		0.00817		0.01634		0.02691		0.06194		
1478.0736	0.00592		0.00819		0.01634		0.02685		0.06185		
1478.1942	0.00592		0.00819		0.01635		0.02678		0.06175		
1478.3147	0.00592		0.00819		0.01635		0.02669		0.06164		
1478.4352	0.00592		0.00817		0.01635		0.0266		0.06151		
1478.5558	0.00591		0.00814		0.01634		0.0265		0.06138		
1478.6763	0.0059		0.0081		0.01631		0.02639		0.06123		
1478.7968	0.00589		0.00806		0.01627		0.02627		0.06107		
1478.9174	0.00587		0.00802		0.01621		0.02614		0.06089		
1479.0379	0.00584		0.00797		0.01613		0.02601		0.0607		
1479.1584	0.00581		0.00792		0.01604		0.02587		0.06048		
1479.2789	0.00578		0.00786		0.01593		0.02571		0.06023		
1479.3995	0.00574		0.00779		0.01581		0.02554		0.05995		
1479.52	0.0057		0.00771		0.01567		0.02534		0.05964		
1479.6405	0.00565		0.00763		0.01553		0.02514		0.05931		
1479.7611	0.0056		0.00756		0.01539		0.02492		0.05895		
1479.8816	0.00555		0.00749		0.01525		0.0247		0.05859		
1480.0021	0.0055		0.00743		0.01511		0.02448		0.05822		
1480.1227	0.00546		0.00737		0.01498		0.02426		0.05785		
1480.2432	0.00542		0.00731		0.01485		0.02404		0.05747		
1480.3637	0.00539		0.00725		0.01471		0.02381		0.05709		
1480.4843	0.00535		0.00717		0.01457		0.02357		0.05669		
1480.6048	0.00532		0.00709		0.01441		0.02332		0.05627		
1480.7253	0.00527		0.00699		0.01424		0.02307		0.05584		
1480.8459	0.00523		0.0069		0.01406		0.0228		0.05541		
1480.9664	0.00518		0.00681		0.01389		0.02253		0.05498		
1481.0869	0.00512		0.00673		0.01372		0.02226		0.05455		
1481.2074	0.00507		0.00665		0.01355		0.022		0.05414		
1481.328	0.00502		0.00658		0.0134		0.02175		0.05374		
1481.4485	0.00497		0.00651		0.01326		0.02151		0.05335		
1481.569	0.00492		0.00643		0.01312		0.02128		0.05296		
1481.6896	0.00488		0.00636		0.01298		0.02106		0.05258		
1481.8101	0.00484		0.00629		0.01285		0.02084		0.0522		
1481.9306	0.00481		0.00622		0.01272		0.02063		0.05183		
1482.0512	0.00477		0.00615		0.0126		0.02042		0.05147		
1482.1717	0.00474		0.00609		0.01249		0.02021		0.05112		
1482.2922	0.0047		0.00603		0.01237		0.02		0.05078		
1482.4128	0.00466		0.00596		0.01226		0.01978		0.05043		
1482.5333	0.00462		0.00589		0.01214		0.01956		0.05009		
1482.6538	0.00457		0.01202		0.01934		0.04974		
1482.7744	0.00453		0.0119		0.01912		0.04941		
1482.8949	0.00449		0.01179		0.01892		0.04908		
1483.0154	0.00445		0.01168		0.01873		0.04878		
1483.1359	0.00442		0.01158		0.01855		0.04849		
1483.2565	0.00439		0.0115		0.01839		0.04822		
1483.377	0.00438		0.01143		0.01823		0.04796		
1483.4975	0.00436		0.01136		0.01807		0.0477		
1483.6181	0.00433		0.01129		0.0179		0.04742		
1483.7386	0.00431		0.01122		0.01773		0.04714		
1483.8591	0.00427		0.01115		0.01755		0.04685		
1483.9797	0.00424		0.01108		0.01738		0.04657		
1484.1002	0.00421		0.01101		0.0172		0.04629		
1484.2207	0.00418		0.01094		0.01703		0.04602		
1484.3413	0.00416		0.01088		0.01687		0.04576		
1484.4618	0.00414		0.01081		0.01672		0.04551		
1484.5823	0.00413		0.01074		0.01656		0.04524		
1484.7029	0.00411		0.01067		0.01641		0.04498		
1484.8234	0.00409		0.0106		0.01626		0.04472		
1484.9439	0.00407		0.01052		0.01611		0.04446		
1485.0644	0.00405		0.01045		0.01597		0.04422		
1485.185	0.00403		0.01039		0.01583		0.044		
1485.3055	0.00401		0.01032		0.0157		0.0438		
1485.426	0.00399		0.01026		0.01557		0.0436		
1485.5466	0.00397		0.01019		0.01544		0.04339		
1485.6671	0.00395		0.01011		0.0153		0.04318		
1485.7876	0.00393		0.01003		0.01516		0.04295		
1485.9082	0.0039		0.00995		0.01501		0.04271		
1486.0287	0.00388		0.00986		0.01487		0.04247		
1486.1492	0.00385		0.00979		0.01474		0.04225		
1486.2698	0.00383		0.00972		0.01461		0.04203		
1486.3903	0.00381		0.00967		0.01449		0.04182		
1486.5108	0.0038		0.00961		0.01437		0.04162		
1486.6313	0.0038		0.00957		0.01426		0.04142		
1486.7519	0.0038		0.00952		0.01414		0.04121		
1486.8724	0.0038		0.00947		0.01402		0.04099		
1486.9929	0.00379		0.00943		0.0139		0.04077		
1487.1135	0.00377		0.00939		0.01378		0.04057		
1487.234	0.00375		0.00935		0.01366		0.04037		
1487.3545	0.00373		0.00931		0.01355		0.0402		
1487.4751	0.00369		0.00927		0.01344		0.04003		
1487.5956	0.00366		0.00923		0.01333		0.03988		
1487.7161	0.00363		0.00918		0.01322		0.03972		
1487.8367	0.0036		0.00912		0.01311		0.03957		
1487.9572	0.00358		0.00907		0.013		0.03941		
1488.0777	0.00357		0.00902		0.01289		0.03927		
1488.1983	0.00356		0.00898		0.01279		0.03913		
1488.3188	0.00355		0.00894		0.01269		0.039		
1488.4393	0.00353		0.0089		0.01259		0.03887		
1488.5598	0.00352		0.00885		0.01249		0.03873		
1488.6804	0.00349		0.0088		0.01238		0.03858		
1488.8009	0.00346		0.00874		0.01227		0.03841		
1488.9214	0.00343		0.00867		0.01216		0.03823		
1489.042	0.0034		0.00861		0.01205		0.03805		
1489.1625	0.00338		0.00856		0.01196		0.03787		
1489.283	0.00336		0.00852		0.01187		0.03772		
1489.4036	0.00335		0.00849		0.01179		0.03758		
1489.5241	0.00334		0.00846		0.01171		0.03745		
1489.6446	0.00334		0.00844		0.01163		0.03734		
1489.7652	0.00334		0.0084		0.01154		0.03722		
1489.8857	0.00333		0.00835		0.01145		0.0371		
1490.0062	0.00332		0.0083		0.01135		0.03697		
1490.1268	0.0033		0.00824		0.01125		0.03684		
1490.2473	0.00328		0.00819		0.01116		0.0367		
1490.3678	0.00326		0.00814		0.01107		0.03658		
1490.4883	0.00323		0.0081		0.01098		0.03646		
1490.6089	0.00322		0.00807		0.01091		0.03634		
1490.7294	0.0032		0.00805		0.01084		0.03624		
1490.8499	0.00319		0.00802		0.01077		0.03615		
1490.9705	0.00318		0.00799		0.01072		0.03607		
1491.091	0.00318		0.00796		0.01067		0.03601		
1491.2115	0.00318		0.00794		0.01063		0.03595		
1491.3321	0.00318		0.00791		0.0106		0.03591		
1491.4526	0.00318		0.00789		0.01057		0.03587		
1491.5731	0.00318		0.00787		0.01053		0.03582		
1491.6937	0.00318		0.00784		0.01049		0.03575		
1491.8142	0.00318		0.00781		0.01043		0.03567		
1491.9347	0.00317		0.00777		0.01036		0.03558		
1492.0553	0.00315		0.00772		0.01028		0.03548		
1492.1758	0.00312		0.00768		0.01019		0.03538		
1492.2963	0.0031		0.00765		0.01011		0.03529		
1492.4168	0.00307		0.00762		0.01003		0.03521		
1492.5374	0.00305		0.00761		0.00997		0.03514		
1492.6579	0.00304		0.0076		0.00991		0.03508		
1492.7784	0.00303		0.00759		0.00985		0.03501		
1492.899	0.00303		0.00758		0.00981		0.03494		
1493.0195	0.00304		0.00755		0.00976		0.03487		
1493.14	0.00305		0.00753		0.00972		0.0348		
1493.2606	0.00306		0.0075		0.00969		0.03473		
1493.3811	0.00307		0.00748		0.00966		0.03467		
1493.5016	0.00308		0.00747		0.00963		0.03462		
1493.6222	0.00309		0.00746		0.0096		0.03458		
1493.7427	0.00309		0.00744		0.00957		0.03453		
1493.8632	0.00309		0.00742		0.00952		0.03447		
1493.9838	0.00308		0.00739		0.00947		0.0344		
1494.1043	0.00305		0.00735		0.00941		0.03432		
1494.2248	0.00302		0.0073		0.00935		0.03425		
1494.3453	0.00299		0.00725		0.00928		0.03417		
1494.4659	0.00295		0.00721		0.00923		0.03411		
1494.5864	0.00292		0.00718		0.00918		0.03405		
1494.7069	0.0029		0.00716		0.00914		0.03401		
1494.8275	0.00288		0.00715		0.0091		0.03396		
1494.948	0.00287		0.00713		0.00906		0.03391		
1495.0685	0.00287		0.00712		0.00902		0.03386		
1495.1891	0.00287		0.00709		0.00897		0.0338		
1495.3096	0.00286		0.00707		0.00891		0.03373		
1495.4301	0.00285		0.00704		0.00885		0.03366		
1495.5507	0.00284		0.00703		0.00878		0.03358		
1495.6712	0.00284		0.00703		0.00872		0.03349		
1495.7917	0.00283		0.00703		0.00867		0.0334		
1495.9122	0.00283		0.00704		0.00861		0.03331		
1496.0328	0.00284		0.00703		0.00856		0.03322		
1496.1533	0.00284		0.00702		0.00851		0.03315		
1496.2738	0.00284		0.00699		0.00848		0.03311		
1496.3944	0.00284		0.00696		0.00845		0.0331		
1496.5149	0.00284		0.00693		0.00843		0.03311		
1496.6354	0.00284		0.0069		0.00843		0.03315		
1496.756	0.00284		0.00688		0.00843		0.03319		
1496.8765	0.00284		0.00686		0.00843		0.03322		
1496.997	0.00284		0.00684		0.00842		0.03323		
1497.1176	0.00284		0.00682		0.00841		0.03321		
1497.2381	0.00284		0.0068		0.00839		0.03317		
1497.3586	0.00284		0.00677		0.00836		0.03312		
1497.4792	0.00283		0.00674		0.00833		0.03307		
1497.5997	0.00283		0.00672		0.0083		0.03304		
1497.7202	0.00281		0.00671		0.00827		0.03301		
1497.8407	0.0028		0.0067		0.00825		0.03298		
1497.9613	0.00279		0.00669		0.00821		0.03295		
1498.0818	0.00278		0.00668		0.00817		0.0329		
1498.2023	0.00277		0.00666		0.00813		0.03283		
1498.3229	0.00276		0.00663		0.00808		0.03275		
1498.4434	0.00276		0.00661		0.00803		0.03268		
1498.5639	0.00276		0.00658		0.00799		0.03261		
1498.6845	0.00276		0.00656		0.00796		0.03257		
1498.805	0.00276		0.00655		0.00794		0.03255		
1498.9255	0.00276		0.00653		0.00792		0.03255		
1499.0461	0.00275		0.00651		0.0079		0.03255		
1499.1666	0.00274		0.00648		0.00788		0.03254		
1499.2871	0.00272		0.00645		0.00785		0.03253		
1499.4077	0.0027		0.00641		0.00782		0.03251		
1499.5282	0.00268		0.00638		0.00778		0.0325		
1499.6487	0.00266		0.00636		0.00774		0.03248		
1499.7692	0.00264		0.00635		0.00771		0.03246		
1499.8898	0.00263		0.00634		0.00768		0.03244		
1500.0103	0.00263		0.00634		0.00765		0.0324		
1500.1308	0.00262		0.00632		0.00762		0.03236		
1500.2514	0.00262		0.0063		0.00758		0.0323		
1500.3719	0.00262		0.00627		0.00755		0.03223		
1500.4924	0.00261		0.00624		0.00751		0.03217		
1500.613	0.00261		0.00622		0.00748		0.03212		
1500.7335	0.00261		0.0062		0.00746		0.03209		
1500.854	0.00261		0.00619		0.00744		0.03206		
1500.9746	0.00261		0.00619		0.00743		0.03204		
1501.0951	0.00261		0.00618		0.0074		0.03201		
1501.2156	0.0026		0.00616		0.00737		0.03197		
1501.3362	0.0026		0.00614		0.00733		0.03192		
1501.4567	0.00258		0.0061		0.00728		0.03187		
1501.5772	0.00257		0.00606		0.00724		0.03182		
1501.6977	0.00255		0.00603		0.0072		0.03179		
1501.8183	0.00254		0.006		0.00718		0.03177		
1501.9388	0.00253		0.00597		0.00717		0.03176		
1502.0593	0.00252		0.00595		0.00716		0.03176		
1502.1799	0.00253		0.00593		0.00715		0.03175		
1502.3004	0.00253		0.0059		0.00714		0.03173		
1502.4209	0.00254		0.00588		0.00712		0.0317		
1502.5415	0.00254		0.00585		0.00709		0.03167		
1502.662	0.00253		0.00584		0.00706		0.03164		
1502.7825	0.00253		0.00582		0.00703		0.0316		
1502.9031	0.00252		0.00582		0.00699		0.03157		
1503.0236	0.0025		0.00581		0.00696		0.03154		
1503.1441	0.0025		0.00581		0.00693		0.03151		
1503.2647	0.00249		0.00579		0.00689		0.03147		
1503.3852	0.00249		0.00578		0.00685		0.03143		
1503.5057	0.00249		0.00576		0.00682		0.03139		
1503.6262	0.00249		0.00574		0.00679		0.03136		
1503.7468	0.00249		0.00572		0.00677		0.03133		
1503.8673	0.00249		0.00571		0.00675		0.03131		
1503.9878	0.00249		0.00569		0.00673		0.03129		
1504.1084	0.00249		0.00568		0.00671		0.03127		
1504.2289	0.0025		0.00566		0.0067		0.03125		
1504.3494	0.0025		0.00564		0.00668		0.03121		
1504.47	0.0025		0.00561		0.00666		0.03117		
1504.5905	0.0025		0.00559		0.00664		0.03112		
1504.711	0.0025		0.00558		0.00661		0.03107		
1504.8316	0.00249		0.00557		0.00658		0.03101		
1504.9521	0.00247		0.00557		0.00654		0.03094		
1505.0726	0.00246		0.00557		0.00649		0.03086		
1505.1931	0.00244		0.00558		0.00643		0.03076		
1505.3137	0.00243		0.00558		0.00637		0.03066		
1505.4342	0.00243		0.00558		0.00633		0.03058		
1505.5547	0.00245		0.00558		0.0063		0.03052		
1505.6753	0.00247		0.00558		0.0063		0.0305		
1505.7958	0.00249		0.00558		0.00632		0.03052		
1505.9163	0.00252		0.00558		0.00634		0.03057		
1506.0369	0.00254		0.00557		0.00637		0.03061		
1506.1574	0.00255		0.00556		0.00637		0.03063		
1506.2779	0.00255		0.00554		0.00635		0.03061		
1506.3985	0.00253		0.00551		0.0063		0.03054		
1506.519	0.00251		0.00548		0.00623		0.03044		
1506.6395	0.00248		0.00545		0.00616		0.03032		
1506.7601	0.00244		0.00193		0.00542		0.00609		0.03021		
1506.8806	0.00242		0.00192		0.0054		0.00604		0.03013		
1507.0011	0.0024		0.00192		0.00538		0.00602		0.03009		
1507.1216	0.00239		0.00192		0.00537		0.00601		0.0301		
1507.2422	0.00239		0.00193		0.00534		0.00602		0.03014		
1507.3627	0.00239		0.00192		0.00531		0.00602		0.03019		
1507.4832	0.00239		0.00191		0.00527		0.00603		0.03024		
1507.6038	0.00239		0.00188		0.00523		0.00602		0.03027		
1507.7243	0.00239		0.00186		0.00519		0.00601		0.03029		
1507.8448	0.00238		0.00185		0.00517		0.00599		0.03029		
1507.9654	0.00238		0.00185		0.00516		0.00598		0.03028		
1508.0859	0.00238		0.00186		0.00516		0.00597		0.03026		
1508.2064	0.00239		0.00188		0.00517		0.00596		0.03024		
1508.327	0.0024		0.00189		0.00517		0.00597		0.03023		
1508.4475	0.00242		0.00191		0.00518		0.00597		0.03021		
1508.568	0.00244		0.00191		0.00517		0.00598		0.0302		
1508.6886	0.00245		0.00191		0.00516		0.00599		0.03019		
1508.8091	0.00246		0.0019		0.00514		0.006		0.03018		
1508.9296	0.00246		0.00189		0.00512		0.006		0.03018		
1509.0501	0.00246		0.00189		0.0051		0.006		0.03017		
1509.1707	0.00245		0.00188		0.00508		0.00599		0.03015		
1509.2912	0.00244		0.00187		0.00506		0.00597		0.03013		
1509.4117	0.00242		0.00185		0.00503		0.00594		0.03009		
1509.5323	0.00241		0.00183		0.00501		0.0059		0.03003		
1509.6528	0.00239		0.0018		0.00497		0.00586		0.02997		
1509.7733	0.00237		0.00178		0.00494		0.00581		0.02992		
1509.8939	0.00235		0.00176		0.00491		0.00577		0.02987		
1510.0144	0.00234		0.00176		0.00489		0.00574		0.02984		
1510.1349	0.00234		0.00177		0.00488		0.00571		0.02982		
1510.2555	0.00234		0.00178		0.00488		0.00568		0.02982		
1510.376	0.00235		0.00178		0.00489		0.00566		0.02981		
1510.4965	0.00236		0.00177		0.0049		0.00564		0.02981		
1510.6171	0.00236		0.00176		0.0049		0.00562		0.0298		
1510.7376	0.00237		0.00174		0.00489		0.0056		0.02978		
1510.8581	0.00236		0.00171		0.00487		0.00558		0.02976		
1510.9786	0.00236		0.0017		0.00485		0.00556		0.02974		
1511.0992	0.00235		0.00169		0.00483		0.00555		0.02972		
1511.2197	0.00234		0.0017		0.00481		0.00553		0.02971		
1511.3402	0.00233		0.00171		0.0048		0.00551		0.0297		
1511.4608	0.00232		0.00172		0.00479		0.00549		0.02968		
1511.5813	0.00231		0.00172		0.00477		0.00547		0.02964		
1511.7018	0.0023		0.00171		0.00476		0.00543		0.0296		
1511.8224	0.00229		0.00169		0.00475		0.0054		0.02955		
1511.9429	0.00228		0.00168		0.00473		0.00536		0.02949		
1512.0634	0.00227		0.00167		0.00472		0.00533		0.02945		
1512.184	0.00227		0.00166		0.00472		0.0053		0.02941		
1512.3045	0.00228		0.00166		0.00471		0.00529		0.02939		
1512.425	0.00229		0.00166		0.0047		0.00528		0.02938		
1512.5455	0.00231		0.00165		0.00469		0.00528		0.02937		
1512.6661	0.00232		0.00164		0.00467		0.00528		0.02937		
1512.7866	0.00233		0.00163		0.00465		0.00528		0.02937		
1512.9071	0.00232		0.00162		0.00462		0.00527		0.02936		
1513.0277	0.00232		0.00161		0.00459		0.00526		0.02936		
1513.1482	0.0023		0.00161		0.00457		0.00525		0.02935		
1513.2687	0.00229		0.00161		0.00455		0.00523		0.02935		
1513.3893	0.00228		0.00161		0.00454		0.00522		0.02934		
1513.5098	0.00227		0.00162		0.00453		0.00521		0.02933		
1513.6303	0.00226		0.00161		0.00453		0.00519		0.02931		
1513.7509	0.00225		0.0016		0.00452		0.00518		0.02929		
1513.8714	0.00223		0.00159		0.0045		0.00516		0.02925		
1513.9919	0.00222		0.00157		0.00449		0.00513		0.02922		
1514.1125	0.0022		0.00156		0.00447		0.00511		0.02919		
1514.233	0.00219		0.00155		0.00447		0.00508		0.02916		
1514.3535	0.00218		0.00154		0.00446		0.00505		0.02913		
1514.474	0.00218		0.00153		0.00445		0.00501		0.0291		
1514.5946	0.00218		0.00152		0.00445		0.00498		0.02907		
1514.7151	0.00219		0.0015		0.00443		0.00495		0.02904		
1514.8356	0.00219		0.00147		0.00441		0.00492		0.02901		
1514.9562	0.0022		0.00145		0.00439		0.00489		0.02898		
1515.0767	0.0022		0.00143		0.00436		0.00487		0.02895		
1515.1972	0.00221		0.00142		0.00433		0.00485		0.02894		
1515.3178	0.00221		0.00142		0.00431		0.00485		0.02893		
1515.4383	0.00221		0.00143		0.00429		0.00485		0.02893		
1515.5588	0.00221		0.00144		0.00428		0.00484		0.02892		
1515.6794	0.00221		0.00145		0.00427		0.00484		0.0289		
1515.7999	0.0022		0.00145		0.00426		0.00482		0.02887		
1515.9204	0.00219		0.00144		0.00424		0.0048		0.02882		
1516.041	0.00218		0.00143		0.00422		0.00477		0.02877		
1516.1615	0.00217		0.00142		0.0042		0.00474		0.02873		
1516.282	0.00216		0.00141		0.00418		0.00472		0.02869		
1516.4025	0.00216		0.0014		0.00417		0.00469		0.02866		
1516.5231	0.00216		0.00138		0.00416		0.00467		0.02865		
1516.6436	0.00217		0.00137		0.00416		0.00465		0.02863		
1516.7641	0.00217		0.00136		0.00415		0.00463		0.02861		
1516.8847	0.00218		0.00134		0.00415		0.0046		0.02858		
1517.0052	0.00217		0.00133		0.00414		0.00458		0.02855		
1517.1257	0.00216		0.00132		0.00413		0.00455		0.02851		
1517.2463	0.00215		0.00131		0.00413		0.00452		0.02848		
1517.3668	0.00213		0.00131		0.00412		0.00451		0.02846		
1517.4873	0.00211		0.00132		0.00411		0.0045		0.02846		
1517.6079	0.00211		0.00133		0.0041		0.0045		0.02846		
1517.7284	0.0021		0.00133		0.00409		0.0045		0.02848		
1517.8489	0.00211		0.00133		0.00407		0.0045		0.0285		
1517.9695	0.00211		0.00133		0.00405		0.00451		0.02851		
1518.09	0.00212		0.00132		0.00403		0.00451		0.02852		
1518.2105	0.00212		0.00132		0.00402		0.00451		0.02851		
1518.331	0.00212		0.00131		0.00401		0.00451		0.02851		
1518.4516	0.00212		0.00131		0.00401		0.00451		0.02849		
1518.5721	0.00212		0.00131		0.004		0.0045		0.02848		
1518.6926	0.00212		0.0013		0.004		0.00449		0.02846		
1518.8132	0.00213		0.0013		0.004		0.00448		0.02845		
1518.9337	0.00213		0.00128		0.00399		0.00446		0.02844		
1519.0542	0.00213		0.00127		0.00398		0.00445		0.02842		
1519.1748	0.00214		0.00125		0.00397		0.00442		0.02841		
1519.2953	0.00214		0.00124		0.00396		0.0044		0.0284		
1519.4158	0.00214		0.00123		0.00395		0.00438		0.02838		
1519.5364	0.00215		0.00123		0.00396		0.00436		0.02836		
1519.6569	0.00216		0.00124		0.00396		0.00434		0.02833		
1519.7774	0.00217		0.00124		0.00396		0.00432		0.02829		
1519.898	0.00217		0.00124		0.00395		0.0043		0.02826		
1520.0185	0.00217		0.00124		0.00394		0.00428		0.02822		
1520.139	0.00216		0.00122		0.00392		0.00426		0.02819		
1520.2595	0.00215		0.00121		0.00389		0.00424		0.02816		
1520.3801	0.00213		0.0012		0.00386		0.00422		0.02814		
1520.5006	0.00211		0.00119		0.00383		0.00419		0.02811		
1520.6211	0.00209		0.00119		0.00381		0.00417		0.02807		
1520.7417	0.00208		0.00119		0.0038		0.00414		0.02802		
1520.8622	0.00208		0.0012		0.0038		0.00411		0.02796		
1520.9827	0.00208		0.0012		0.0038		0.00408		0.02789		
1521.1033	0.00208		0.0012		0.0038		0.00406		0.02783		
1521.2238	0.00207		0.0012		0.00379		0.00404		0.02779		
1521.3443	0.00206		0.00118		0.00378		0.00404		0.02778		
1521.4649	0.00204		0.00116		0.00376		0.00404		0.0278		
1521.5854	0.00202		0.00115		0.00374		0.00404		0.02785		
1521.7059	0.00199		0.00113		0.00372		0.00405		0.02792		
1521.8264	0.00197		0.00112		0.0037		0.00405		0.02797		
1521.947	0.00196		0.00111		0.00369		0.00404		0.02801		
1522.0675	0.00195		0.0011		0.00368		0.00403		0.02802		
1522.188	0.00195		0.00109		0.00367		0.004		0.02801		
1522.3086	0.00194		0.00108		0.00366		0.00398		0.02798		
1522.4291	0.00195		0.00108		0.00365		0.00395		0.02795		
1522.5496	0.00196		0.00107		0.00364		0.00394		0.02793		
1522.6702	0.00197		0.00107		0.00364		0.00393		0.02792		
1522.7907	0.00199		0.00108		0.00363		0.00394		0.02794		
1522.9112	0.00202		0.00108		0.00364		0.00395		0.02797		
1523.0318	0.00204		0.00109		0.00364		0.00396		0.028		
1523.1523	0.00205		0.00109		0.00365		0.00397		0.02803		
1523.2728	0.00206		0.00109		0.00365		0.00398		0.02805		
1523.3934	0.00205		0.00109		0.00365		0.00398		0.02806		
1523.5139	0.00204		0.00109		0.00365		0.00398		0.02806		
1523.6344	0.00202		0.00108		0.00364		0.00397		0.02805		
1523.7549	0.002		0.00107		0.00363		0.00395		0.02803		
1523.8755	0.00199		0.00106		0.00362		0.00394		0.02802		
1523.996	0.00198		0.00104		0.00361		0.00394		0.028		
1524.1165	0.00198		0.00102		0.0036		0.00393		0.02799		
1524.2371	0.00198		0.001		0.00358		0.00393		0.02798		
1524.3576	0.00199		0.000983		0.00356		0.00392		0.02797		
1524.4781	0.00199		0.000971		0.00354		0.00392		0.02796		
1524.5987	0.00199		0.000968		0.00352		0.00391		0.02795		
1524.7192	0.00199		0.000976		0.00351		0.00389		0.02794		
1524.8397	0.002		0.000991		0.0035		0.00387		0.02792		
1524.9603	0.00201		0.00101		0.0035		0.00384		0.02789		
1525.0808	0.00201		0.00102		0.00349		0.00382		0.02786		
1525.2013	0.00202		0.00103		0.00349		0.00379		0.02783		
1525.3219	0.00201		0.00102		0.00348		0.00377		0.02781		
1525.4424	0.002		0.00101		0.00346		0.00375		0.02779		
1525.5629	0.00198		0.000996		0.00344		0.00374		0.0278		
1525.6834	0.00196		0.000981		0.00343		0.00375		0.02782		
1525.804	0.00195		0.000971		0.00341		0.00376		0.02785		
1525.9245	0.00195		0.000965		0.00341		0.00378		0.0279		
1526.045	0.00195		0.000962		0.00341		0.0038		0.02793		
1526.1656	0.00196		0.000959		0.00341		0.00381		0.02796		
1526.2861	0.00197		0.000955		0.00341		0.00382		0.02798		
1526.4066	0.00197		0.000948		0.00341		0.00381		0.02797		
1526.5272	0.00197		0.000942		0.00341		0.0038		0.02797		
1526.6477	0.00197		0.000939		0.00342		0.00379		0.02795		
1526.7682	0.00196		0.000943		0.00343		0.00377		0.02794		
1526.8888	0.00196		0.000954		0.00344		0.00376		0.02794		
1527.0093	0.00195		0.000969		0.00346		0.00376		0.02794		
1527.1298	0.00196		0.000984		0.00347		0.00376		0.02794		
1527.2504	0.00196		0.000994		0.00348		0.00377		0.02794		
1527.3709	0.00196		0.000998		0.00348		0.00377		0.02794		
1527.4914	0.00195		0.000994		0.00346		0.00377		0.02794		
1527.6119	0.00195		0.000986		0.00343		0.00376		0.02794		
1527.7325	0.00194		0.000977		0.00341		0.00375		0.02794		
1527.853	0.00194		0.00097		0.00339		0.00374		0.02794		
1527.9735	0.00195		0.000966		0.00338		0.00373		0.02795		
1528.0941	0.00197		0.000965		0.00337		0.00372		0.02796		
1528.2146	0.00199		0.000963		0.00338		0.00372		0.02796		
1528.3351	0.002		0.000958		0.00338		0.00371		0.02796		
1528.4557	0.002		0.000949		0.00338		0.00371		0.02796		
1528.5762	0.00199		0.000936		0.00337		0.0037		0.02796		
1528.6967	0.00198		0.000922		0.00336		0.00369		0.02796		
1528.8173	0.00196		0.000909		0.00334		0.00369		0.02796		
1528.9378	0.00194		0.000897		0.00333		0.00368		0.02798		
1529.0583	0.00193		0.000886		0.00332		0.00368		0.02799		
1529.1789	0.00192		0.000875		0.00332		0.00367		0.02801		
1529.2994	0.00192		0.000862		0.00332		0.00366		0.02802		
1529.4199	0.00193		0.000849		0.00331		0.00365		0.02803		
1529.5404	0.00193		0.000838		0.0033		0.00364		0.02803		
1529.661	0.00192		0.000833		0.00329		0.00363		0.02803		
1529.7815	0.00191		0.000836		0.00327		0.00362		0.02802		
1529.902	0.0019		0.000848		0.00326		0.00361		0.02802		
1530.0226	0.0019		0.000867		0.00325		0.00361		0.02803		
1530.1431	0.00189		0.000885		0.00323		0.0036		0.02803		
1530.2636	0.00189		0.000898		0.00322		0.00359		0.02803		
1530.3842	0.00189		0.0009		0.0032		0.00358		0.02802		
1530.5047	0.00189		0.000893		0.00318		0.00356		0.028		
1530.6252	0.00189		0.00088		0.00316		0.00354		0.02798		
1530.7458	0.00189		0.000865		0.00314		0.00352		0.02796		
1530.8663	0.00189		0.000855		0.00314		0.02795		
1530.9868	0.00189		0.000851		0.00314		0.02795		
1531.1073	0.0019		0.000853		0.00316		0.02795		
1531.2279	0.00191		0.000855		0.00318		0.02796		
1531.3484	0.00192		0.000854		0.0032		0.02797		
1531.4689	0.00193		0.000847		0.0032		0.02796		
1531.5895	0.00193		0.000835		0.0032		0.02795		
1531.71	0.00192		0.000823		0.00318		0.02794		
1531.8305	0.00191		0.000815		0.00316		0.02793		
1531.9511	0.0019		0.000815		0.00313		0.02794		
1532.0716	0.0019		0.000823		0.00311		0.02794		
1532.1921	0.0019		0.000833		0.0031		0.02795		
1532.3127	0.0019		0.000841		0.00309		0.02795		
1532.4332	0.00189		0.000839		0.00308		0.02794		
1532.5537	0.00188		0.000825		0.00307		0.0279		
1532.6743	0.00187		0.000802		0.00306		0.02785		
1532.7948	0.00184		0.000776		0.00306		0.02779		
1532.9153	0.00182		0.000754		0.00306		0.02773		
1533.0358	0.00181		0.000741		0.00307		0.02769		
1533.1564	0.00181		0.000737		0.00308		0.02766		
1533.2769	0.00182		0.00074		0.00309		0.02765		
1533.3974	0.00183		0.000744		0.0031		0.02764		
1533.518	0.00184		0.000743		0.0031		0.02762		
1533.6385	0.00185		0.000737		0.00309		0.02761		
1533.759	0.00185		0.000727		0.00307		0.02759		
1533.8796	0.00185		0.000717		0.00306		0.02757		
1534.0001	0.00184		0.00071		0.00304		0.02758		
1534.1206	0.00183		0.000707		0.00304		0.0276		
1534.2412	0.00182		0.000707		0.00303		0.02764		
1534.3617	0.00182		0.000704		0.00303		0.02769		
1534.4822	0.00182		0.000694		0.00303		0.02773		
1534.6028	0.00181		0.000676		0.00302		0.02775		
1534.7233	0.00181		0.000654		0.003		0.02776		
1534.8438	0.0018		0.000633		0.00299		0.02776		
1534.9643	0.0018		0.00062		0.00297		0.02775		
1535.0849	0.0018		0.00062		0.00297		0.02775		
1535.2054	0.0018		0.000632		0.00297		0.02775		
1535.3259	0.0018		0.000651		0.00297		0.02776		
1535.4465	0.00181		0.00067		0.00298		0.02776		
1535.567	0.00182		0.000681		0.00298		0.02776		
1535.6875	0.00182		0.000682		0.00298		0.02774		
1535.8081	0.00182		0.000673		0.00297		0.02771		
1535.9286	0.00182		0.000658		0.00296		0.02768		
1536.0491	0.00181		0.000644		0.00294		0.02766		
1536.1697	0.00181		0.000633		0.00293		0.02765		
1536.2902	0.0018		0.000627		0.00291		0.02764		
1536.4107	0.00179		0.000624		0.0029		0.02764		
1536.5313	0.00178		0.000619		0.00289		0.02763		
1536.6518	0.00177		0.000612		0.00287		0.02761		
1536.7723	0.00175		0.000604		0.00285		0.02758		
1536.8928	0.00174		0.000599		0.00283		0.02755		
1537.0134	0.00173		0.000602		0.00282		0.02754		
1537.1339	0.00173		0.000614		0.00281		0.02753		
1537.2544	0.00173		0.000635		0.00281		0.02754		
1537.375	0.00174		0.000656		0.00282		0.02755		
1537.4955	0.00175		0.00067		0.00282		0.02755		
1537.616	0.00175		0.000671		0.00281		0.02754		
1537.7366	0.00174		0.000655		0.00279		0.02751		
1537.8571	0.00173		0.000628		0.00277		0.02746		
1537.9776	0.00172		0.000596		0.00274		0.02741		
1538.0982	0.00171		0.000568		0.00271		0.02736		
1538.2187	0.00171		0.000551		0.00269		0.02731		
1538.3392	0.00171		0.000546		0.00268		0.02725		
1538.4598	0.00171		0.000546		0.00269		0.02716		
1538.5803	0.00171		0.000547		0.0027		0.02706		
1538.7008	0.00172		0.000541		0.00272		0.02694		
1538.8213	0.00172		0.000528		0.00272		0.02683		
1538.9419	0.00172		0.000509		0.00272		0.02674		
1539.0624	0.00172		0.000492		0.00271		0.0267		
1539.1829	0.00172		0.000483		0.0027		0.02672		
1539.3035	0.00173		0.000483		0.00269		0.02678		
1539.424	0.00173		0.000491		0.00267		0.02686		
1539.5445	0.00173		0.000501		0.00266		0.02693		
1539.6651	0.00172		0.000506		0.00265		0.02697		
1539.7856	0.0017		0.000501		0.00263		0.02696		
1539.9061	0.00167		0.000487		0.00261		0.02691		
1540.0267	0.00165		0.000467		0.0026		0.02685		
1540.1472	0.00162		0.00045		0.00258		0.02679		
1540.2677	0.00161		0.00044		0.00257		0.02676		
1540.3882	0.0016		0.00044		0.00257		0.02676		
1540.5088	0.00161		0.000445		0.00257		0.0268		
1540.6293	0.00162		0.00045		0.00256		0.02684		
1540.7498	0.00163		0.000449		0.00255		0.02689		
1540.8704	0.00164		0.000439		0.00254		0.02692		
1540.9909	0.00164		0.000423		0.00252		0.02693		
1541.1114	0.00164		0.000406		0.00251		0.02693		
1541.232	0.00164		0.000394		0.0025		0.02691		
1541.3525	0.00163		0.000393		0.0025		0.02688		
1541.473	0.00163		0.000403		0.00252		0.02685		
1541.5936	0.00164		0.000418		0.00253		0.0268		
1541.7141	0.00164		0.000432		0.00254		0.02675		
1541.8346	0.00164		0.000439		0.00255		0.02669		
1541.9552	0.00164		0.000434		0.00254		0.02664		
1542.0757	0.00164		0.000419		0.00253		0.02661		
1542.1962	0.00163		0.000399		0.00251		0.0266		
1542.3167	0.00162		0.000378		0.0025		0.02663		
1542.4373	0.00162		0.000361		0.00249		0.02668		
1542.5578	0.00161		0.000348		0.00249		0.02674		
1542.6783	0.00161		0.000338		0.00248		0.02678		
1542.7989	0.00161		0.00033		0.00246		0.02681		
1542.9194	0.00161		0.000321		0.00244		0.00234		0.02681		
1543.0399	0.00161		0.000312		0.00241		0.00233		0.02679		
1543.1605	0.0016		0.000305		0.00238		0.00232		0.02676		
1543.281	0.00159		0.000303		0.00235		0.00231		0.02673		
1543.4015	0.00158		0.000306		0.00233		0.00231		0.02671		
1543.5221	0.00158		0.000312		0.00231		0.0023		0.0267		
1543.6426	0.00157		0.000318		0.00229		0.0023		0.0267		
1543.7631	0.00158		0.000319		0.00228		0.00229		0.02669		
1543.8837	0.00158		0.000314		0.00227		0.00226		0.02666		
1544.0042	0.00158		0.000304		0.00226		0.00224		0.02662		
1544.1247	0.00158		0.000293		0.00225		0.00221		0.02658		
1544.2452	0.00157		0.000287		0.00224		0.00218		0.02653		
1544.3658	0.00157		0.000287		0.00224		0.00216		0.02648		
1544.4863	0.00156		0.000293		0.00225		0.00213		0.02643		
1544.6068	0.00156		0.0003		0.00224		0.00211		0.02639		
1544.7274	0.00156		0.000301		0.00223		0.00208		0.02633		
1544.8479	0.00155		0.000292		0.00221		0.00205		0.02627		
1544.9684	0.00155		0.000272		0.00219		0.00201		0.02621		
1545.089	0.00155		0.000244		0.00216		0.00197		0.02616		
1545.2095	0.00154		0.000217		0.00214		0.00194		0.02612		
1545.33	0.00154		0.000198		0.00213		0.00193		0.02612		
1545.4506	0.00154		0.000192		0.00214		0.00193		0.02613		
1545.5711	0.00155		0.000197		0.00215		0.00195		0.02617		
1545.6916	0.00156		0.000209		0.00217		0.00197		0.02622		
1545.8122	0.00157		0.000218		0.00218		0.00199		0.02625		
1545.9327	0.00158		0.000218		0.00219		0.00201		0.02627		
1546.0532	0.00159		0.000207		0.00218		0.00201		0.02627		
1546.1737	0.0016		0.000188		0.00217		0.00201		0.02624		
1546.2943	0.0016		0.000168		0.00215		0.00201		0.02621		
1546.4148	0.0016		0.000152		0.00214		0.002		0.02619		
1546.5353	0.00159		0.000144		0.00213		0.00198		0.02617		
1546.6559	0.00159		0.000143		0.00212		0.00197		0.02615		
1546.7764	0.00158		0.000144		0.0021		0.00194		0.02613		
1546.8969	0.00157		0.000142		0.00207		0.00191		0.02611		
1547.0175	0.00156		0.000133		0.00204		0.00188		0.02607		
1547.138	0.00155		0.000118		0.00199		0.00184		0.02603		
1547.2585	0.00154		0.000102		0.00195		0.00181		0.02598		
1547.3791	0.00153		9.2E-5		0.00192		0.00179		0.02595		
1547.4996	0.00153		9.2E-5		0.0019		0.00178		0.02592		
1547.6201	0.00153		0.000102		0.00189		0.00178		0.02591		
1547.7406	0.00154		0.000118		0.00189		0.00178		0.02591		
1547.8612	0.00155		0.000132		0.00189		0.00177		0.02591		
1547.9817	0.00156		0.000139		0.0019		0.00175		0.0259		
1548.1022	0.00156		0.000136		0.0019		0.00172		0.02588		
1548.2228	0.00156		0.000126		0.0019		0.00169		0.02585		
1548.3433	0.00155		0.000116		0.0019		0.00166		0.02582		
1548.4638	0.00155		0.00011		0.0019		0.00163		0.02579		
1548.5844	0.00154		0.000111		0.0019		0.00161		0.02576		
1548.7049	0.00154		0.000117		0.00191		0.0016		0.02574		
1548.8254	0.00154		0.000122		0.0019		0.00158		0.02571		
1548.946	0.00154		0.000119		0.00189		0.00157		0.02567		
1549.0665	0.00154		0.000104		0.00187		0.00155		0.02561		
1549.187	0.00153		7.8E-5		0.00185		0.00152		0.02555		
1549.3076	0.00153		4.9E-5		0.00182		0.0015		0.02549		
1549.4281	0.00152		2.5E-5		0.00179		0.00148		0.02543		
1549.5486	0.00152		1.2E-5		0.00178		0.00146		0.0254		
1549.6691	0.00153		1.4E-5		0.00177		0.00145		0.02538		
1549.7897	0.00154		2.5E-5		0.00178		0.00145		0.02537		
1549.9102	0.00155		3.8E-5		0.00178		0.00145		0.02536		