Reference:	"Clapp and Miller (1996)"
DOI:	"doi:https://doi.org/10.1006/icar.1996.0166"
Sample Type:	"Ice"
Composition:	"N2H4 (1)"
Temperature:	"130K"
OCdb page:	"https://ocdb.smce.nasa.gov/dataset/6"
n₁ Error Units:	Not Applicable
k₁ Error Units:	Not Applicable

"Wavenumber (cm⁻¹)"	"n₁"	"Dn₁  (+/-)"		"Wavenumber (cm⁻¹)"	"k₁"	"Dk₁  (+/-)"	
850.02	1.705			850.02	0.0078		
864.5	1.776			864.5	0.0057		
868.34	1.809			868.34	0.0303		
872.2	1.863			872.2	0.0587		
876.06	1.932			876.06	0.0884		
878.95	2.015			878.95	0.1719		
879.92	2.049			879.92	0.2163		
880.88	2.074			880.88	0.2831		
881.84	2.084			881.84	0.3562		
882.82	2.081			882.82	0.4337		
883.77	2.064			883.77	0.5206		
884.74	2.026			884.74	0.6117		
885.7	1.968			885.7	0.6979		
886.67	1.887			886.67	0.7795		
887.63	1.785			887.63	0.8483		
888.6	1.658			888.6	0.9003		
889.56	1.509			889.56	0.9261		
890.52	1.338			890.52	0.9068		
891.49	1.171			891.49	0.8205		
892.45	1.054			892.45	0.6686		
893.42	1.008			893.42	0.5058		
894.38	1.022			894.38	0.3615		
895.35	1.066			895.35	0.2629		
896.31	1.11			896.31	0.1965		
897.27	1.155			897.27	0.1409		
898.24	1.202			898.24	0.1013		
899.2	1.245			899.2	0.079		
900.17	1.281			900.17	0.066		
902.1	1.327			902.1	0.0573		
906.92	1.4			906.92	0.0353		
908.85	1.419			908.85	0.0222		
910.77	1.436			910.77	0.0179		
920.42	1.501			920.42	0.0074		
930.06	1.525			930.06	0.0081		
940.67	1.557			940.67	0.0075		
950.31	1.575			950.31	0.0044		
960.92	1.592			960.92	0.0024		
970.56	1.605			970.56	0.0004		
980.2	1.627			980.2	0.0074		
990.81	1.635			990.81	0.0062		
1000.57	1.664			1000.57	0.0039		
1010.21	1.692			1010.21	0.0168		
1020.82	1.719			1020.82	0.0226		
1030.46	1.767			1030.46	0.0363		
1040.1	1.842			1040.1	0.0578		
1050.71	1.982			1050.71	0.1521		
1052.64	2.016			1052.64	0.1818		
1054.57	2.056			1054.57	0.236		
1056.5	2.096			1056.5	0.2994		
1058.42	2.135			1058.42	0.3892		
1060.35	2.155			1060.35	0.5087		
1062.28	2.128			1062.28	0.663		
1064.21	2.051			1064.21	0.804		
1066.14	1.929			1066.14	0.9211		
1067.1	1.861			1067.1	0.9707		
1068.07	1.786			1068.07	1.0136		
1069.03	1.703			1069.03	1.0546		
1070	1.608			1070	1.0893		
1070.96	1.5			1070.96	1.1137		
1071.92	1.374			1071.92	1.1249		
1072.89	1.231			1072.89	1.1029		
1073.85	1.089			1073.85	1.0396		
1074.82	0.965			1074.82	0.9327		
1075.78	0.887			1075.78	0.7908		
1076.75	0.859			1076.75	0.6487		
1077.71	0.864			1077.71	0.5327		
1078.67	0.886			1078.67	0.4289		
1080.6	0.97			1080.6	0.2836		
1086.39	1.178			1086.39	0.1204		
1090.25	1.277			1090.25	0.0819		
1098.92	1.38			1098.92	0.072		
1102.78	1.408			1102.78	0.0629		
1106.64	1.443			1106.64	0.0548		
1110.5	1.485			1110.5	0.0501		
1114.25	1.533			1114.25	0.0615		
1118.1	1.582			1118.1	0.0722		
1120.02	1.616			1120.02	0.1019		
1122.92	1.68			1122.92	0.1397		
1124.85	1.722			1124.85	0.1905		
1126.77	1.766			1126.77	0.2908		
1127.75	1.768			1127.75	0.3596		
1128.7	1.751			1128.7	0.4315		
1129.67	1.717			1129.67	0.4993		
1130.63	1.671			1130.63	0.5605		
1131.6	1.612			1131.6	0.6206		
1132.56	1.533			1132.56	0.6799		
1133.52	1.425			1133.52	0.7204		
1134.5	1.296			1134.5	0.7249		
1135.45	1.168			1135.45	0.6822		
1136.42	1.067			1136.42	0.5913		
1137.38	1.014			1137.38	0.4824		
1138.35	0.994			1138.35	0.3918		
1139.31	0.989			1139.31	0.3083		
1140.27	1.005			1140.27	0.2238		
1142.2	1.075			1142.2	0.1185		
1144.13	1.145			1144.13	0.0759		
1146.06	1.191			1146.06	0.0485		
1148	1.232			1148	0.0418		
1150.88	1.267			1150.88	0.0303		
1160.53	1.34			1160.53	0.0083		
1170.17	1.381			1170.17	0.0018		
1180.78	1.415			1180.78	0.0051		
1190.42	1.431			1190.42	0.0091		
1200.06	1.441			1200.06	0.0014		
1210.18	1.456			1210.18	0.0017		
1220.78	1.462			1220.78	0.0001		
1230.43	1.473			1230.43	0.0034		
1240.07	1.479			1240.07	0.0078		
1250.68	1.486			1250.68	0.0113		
1260.32	1.491			1260.32	0.0011		
1270.93	1.499			1270.93	0.0048		
1280.57	1.504			1280.57	0.0081		
1282.5	1.504			1282.5	0.0076		
1286.35	1.511			1286.35	0.0045		
1290.21	1.515			1290.21	0.0023		
1294.07	1.523			1294.07	0.0106		
1298.89	1.532			1298.89	0.0174		
1302.75	1.538			1302.75	0.0366		
1304.68	1.526			1304.68	0.0515		
1305.64	1.514			1305.64	0.0539		
1306.6	1.504			1306.6	0.0462		
1308.53	1.505			1308.53	0.0384		
1310.46	1.497			1310.46	0.032		
1312.39	1.5			1312.39	0.0231		
1316.25	1.504			1316.25	0.0171		
1320.1	1.514			1320.1	0.0111		
1326.85	1.527			1326.85	0.0081		
1330.71	1.541			1330.71	0.014		
1332.64	1.548			1332.64	0.0224		
1334.57	1.548			1334.57	0.03		
1336.5	1.546			1336.5	0.0255		
1338.43	1.556			1338.43	0.0277		
1340.35	1.563			1340.35	0.0349		
1342.28	1.572			1342.28	0.0401		
1344.21	1.592			1344.21	0.0457		
1346.14	1.615			1346.14	0.0775		
1347.1	1.624			1347.1	0.0967		
1348.07	1.632			1348.07	0.1274		
1349.03	1.63			1349.03	0.1686		
1350	1.609			1350	0.2175		
1350.96	1.563			1350.96	0.2613		
1351.93	1.494			1351.93	0.2837		
1352.89	1.419			1352.89	0.2716		
1354.82	1.34			1354.82	0.1608		
1356.75	1.354			1356.75	0.0781		
1358.68	1.388			1358.68	0.0451		
1360.6	1.408			1360.6	0.0207		
1364.46	1.448			1364.46	0.017		
1368.32	1.446			1368.32	0.0173		
1372.18	1.46			1372.18	0.0105		
1380.85	1.468			1380.85	0.0075		
1388.57	1.473			1388.57	0.008		
1390.5	1.477			1390.5	0.0056		
1400.14	1.492			1400.14	0.001		
1410.75	1.496			1410.75	0.0022		
1420.39	1.499			1420.39	0.0009		
1430.03	1.504			1430.03	0.0021		
1440.64	1.505			1440.64	0.0009		
1450.28	1.508			1450.28	0.0016		
1460.89	1.511			1460.89	0.002		
1470.53	1.513			1470.53	0.004		
1480.18	1.515			1480.18	0.0004		
1490.78	1.515			1490.78	0.001		
1500.43	1.519			1500.43	0.0019		
1510.07	1.523			1510.07	0.0014		
1520.68	1.526			1520.68	0.0025		
1530.32	1.525			1530.32	0.0019		
1540.93	1.528			1540.93	0.0012		
1560.21	1.54			1560.21	0.0066		
1565.03	1.542			1565.03	0.007		
1575.64	1.548			1575.64	0.0076		
1580.46	1.558			1580.46	0.0086		
1584.32	1.562			1584.32	0.0141		
1586.25	1.57			1586.25	0.0154		
1590.12	1.576			1590.12	0.0279		
1592.03	1.583			1592.03	0.0406		
1594.93	1.579			1594.93	0.0562		
1596.87	1.575			1596.87	0.0721		
1598.78	1.565			1598.78	0.0781		
1600.71	1.558			1600.71	0.0838		
1602.64	1.553			1602.64	0.0941		
1603.62	1.544			1603.62	0.1039		
1604.57	1.532			1604.57	0.1082		
1605.53	1.519			1605.53	0.1083		
1606.5	1.504			1606.5	0.1082		
1607.46	1.491			1607.46	0.0977		
1608.43	1.483			1608.43	0.0868		
1609.39	1.479			1609.39	0.0755		
1610.37	1.48			1610.37	0.0638		
1612.28	1.483			1612.28	0.0567		
1614.21	1.482			1614.21	0.0432		
1616.14	1.488			1616.14	0.0354		
1618.07	1.495			1618.07	0.0314		
1620	1.497			1620	0.0281		
1626.75	1.506			1626.75	0.0198		
1634.46	1.515			1634.46	0.0189		
1642.18	1.536			1642.18	0.0202		
1646.03	1.541			1646.03	0.0294		
1650.87	1.566			1650.87	0.0457		
1651.82	1.57			1651.82	0.0608		
1652.78	1.569			1652.78	0.0758		
1653.75	1.565			1653.75	0.0903		
1654.71	1.556			1654.71	0.1109		
1655.68	1.535			1655.68	0.1284		
1656.64	1.507			1656.64	0.1342		
1657.62	1.478			1657.62	0.1289		
1658.57	1.458			1658.57	0.1069		
1659.54	1.452			1659.54	0.0866		
1660.5	1.451			1660.5	0.0743		
1662.43	1.452			1662.43	0.0523		
1664.37	1.463			1664.37	0.0395		
1666.29	1.464			1666.29	0.0366		
1668.21	1.465			1668.21	0.0264		
1670.14	1.475			1670.14	0.0193		
1674	1.478			1674	0.0182		
1678.82	1.484			1678.82	0.0113		
1680.75	1.492			1680.75	0.0123		
1685.57	1.492			1685.57	0.0095		
1695.21	1.494			1695.21	0.0087		
1700.04	1.499			1700.04	0.008		
1710.64	1.512			1710.64	0.0094		
1720.29	1.5			1720.29	0.0098		
1730.89	1.509			1730.89	0.0074		
1740.54	1.506			1740.54	0.0041		
1750.18	1.509			1750.18	0.0033		
1760.79	1.511			1760.79	0.0038		
1770.43	1.513			1770.43	0.0027		
1780.07	1.512			1780.07	0.0017		
1790.68	1.514			1790.68	0.0021		
1800.32	1.515			1800.32	0.0005		
1810.93	1.515			1810.93	0.0033		
1820.57	1.517			1820.57	0.0021		
1830.21	1.516			1830.21	0.0008		
1840.82	1.521			1840.82	0.0026		
1850.46	1.52			1850.46	0.0057		
1860.12	1.52			1860.12	0.0007		
1870.71	1.519			1870.71	0.0039		
1880.37	1.522			1880.37	0.0013		
1890	1.523			1890	0.0006		
1890.96	1.524			1890.96	0.0017		
1900.62	1.523			1900.62	0.0003		
1910.25	1.524			1910.25	0.0023		
1920.87	1.525			1920.87	0.0016		
1930.5	1.524			1930.5	0.0036		
1940.14	1.528			1940.14	0.0021		
1950.75	1.526			1950.75	0.0011		
1960.39	1.527			1960.39	0.0053		
1970.04	1.526			1970.04	0.006		
1980.64	1.526			1980.64	0.0032		
1990.29	1.523			1990.29	0.0028		
2000.89	1.526			2000.89	0.0032		
2020.18	1.528			2020.18	0.0042		
2040.43	1.525			2040.43	0.0036		
2060.68	1.528			2060.68	0.0013		
2080.93	1.528			2080.93	0.0031		
2100.22	1.53			2100.22	0.0012		
2120.47	1.53			2120.47	0.0005		
2140.72	1.531			2140.72	0.0037		
2160	1.531			2160	0.0029		
2180.25	1.53			2180.25	0.0058		
2200.5	1.533			2200.5	0.003		
2220.75	1.535			2220.75	0.0045		
2240.04	1.531			2240.04	0.0022		
2260.29	1.533			2260.29	0.0015		
2280.54	1.534			2280.54	0.0009		
2300.79	1.534			2300.79	0.0009		
2320.07	1.536			2320.07	0.0032		
2340.32	1.536			2340.32	0.0022		
2360.57	1.536			2360.57	0.0009		
2380.82	1.537			2380.82	0.0032		
2400.11	1.538			2400.11	0.0051		
2420.36	1.537			2420.36	0.0023		
2440.61	1.538			2440.61	0.0044		
2460.86	1.537			2460.86	0.0018		
2480.15	1.539			2480.15	0.0023		
2500.4	1.541			2500.4	0.0017		
2520.65	1.541			2520.65	0.0035		
2540.9	1.54			2540.9	0.0021		
2560.18	1.542			2560.18	0.0034		
2580.43	1.542			2580.43	0.0039		
2600.68	1.543			2600.68	0.0036		
2620.93	1.544			2620.93	0.0022		
2640.22	1.545			2640.22	0.0075		
2660.47	1.544			2660.47	0.0017		
2680.72	1.546			2680.72	0.0036		
2700.01	1.548			2700.01	0.0015		
2720.26	1.548			2720.26	0.0032		
2740.51	1.552			2740.51	0.0014		
2760.76	1.55			2760.76	0.0027		
2780.04	1.553			2780.04	0.002		
2800.29	1.554			2800.29	0.0031		
2820.54	1.556			2820.54	0.0015		
2840.79	1.561			2840.79	0.0059		
2860.08	1.563			2860.08	0.0018		
2880.33	1.564			2880.33	0.0087		
2900.58	1.572			2900.58	0.0129		
2905.4	1.572			2905.4	0.0121		
2910.22	1.568			2910.22	0.0153		
2915.04	1.571			2915.04	0.0141		
2920.83	1.571			2920.83	0.0162		
2925.65	1.572			2925.65	0.0189		
2930.47	1.568			2930.47	0.0233		
2935.29	1.567			2935.29	0.0302		
2940.11	1.563			2940.11	0.0281		
2945.9	1.556			2945.9	0.0273		
2950.72	1.564			2950.72	0.0242		
2955.54	1.559			2955.54	0.0199		
2960.36	1.559			2960.36	0.0183		
2965.19	1.559			2965.19	0.0186		
2970.01	1.555			2970.01	0.0136		
2975.79	1.558			2975.79	0.0122		
2980.61	1.559			2980.61	0.0168		
2990.26	1.562			2990.26	0.0153		
3000.86	1.563			3000.86	0.0172		
3010.51	1.57			3010.51	0.015		
3020.15	1.573			3020.15	0.0135		
3030.76	1.573			3030.76	0.0155		
3040.4	1.573			3040.4	0.0168		
3050.04	1.58			3050.04	0.0175		
3060.65	1.579			3060.65	0.0157		
3070.29	1.585			3070.29	0.0167		
3080.9	1.588			3080.9	0.0232		
3090.54	1.592			3090.54	0.0217		
3100.19	1.596			3100.19	0.0225		
3110.79	1.602			3110.79	0.0242		
3120.44	1.608			3120.44	0.0289		
3130.08	1.62			3130.08	0.0302		
3140.69	1.624			3140.69	0.0316		
3144.54	1.63			3144.54	0.0337		
3148.4	1.636			3148.4	0.0389		
3152.26	1.65			3152.26	0.0404		
3156.11	1.657			3156.11	0.0437		
3160.94	1.672			3160.94	0.0553		
3162.86	1.679			3162.86	0.061		
3164.79	1.687			3164.79	0.0623		
3166.72	1.703			3166.72	0.0715		
3168.65	1.715			3168.65	0.093		
3170.58	1.724			3170.58	0.1146		
3172.52	1.713			3172.52	0.1479		
3173.47	1.704			3173.47	0.1553		
3174.44	1.692			3174.44	0.165		
3176.37	1.669			3176.37	0.1566		
3178.29	1.672			3178.29	0.1421		
3180.22	1.692			3180.22	0.1398		
3182.15	1.717			3182.15	0.1523		
3184.08	1.744			3184.08	0.1808		
3186.01	1.767			3186.01	0.2344		
3187.94	1.765			3187.94	0.3163		
3188.9	1.745			3188.9	0.3625		
3189.87	1.712			3189.87	0.4055		
3190.83	1.666			3190.83	0.4425		
3191.79	1.607			3191.79	0.4686		
3192.76	1.538			3192.76	0.4755		
3193.72	1.474			3193.72	0.4572		
3194.69	1.42			3194.69	0.4261		
3195.65	1.382			3195.65	0.3849		
3196.62	1.359			3196.62	0.3391		
3197.58	1.347			3197.58	0.3038		
3198.54	1.339			3198.54	0.2701		
3199.51	1.336			3199.51	0.2372		
3200.47	1.337			3200.47	0.2088		
3204.33	1.363			3204.33	0.1191		
3208.19	1.408			3208.19	0.0745		
3212.04	1.439			3212.04	0.0577		
3216.87	1.468			3216.87	0.0433		
3220.72	1.489			3220.72	0.0376		
3222.65	1.503			3222.65	0.0384		
3226.51	1.519			3226.51	0.0435		
3230.37	1.531			3230.37	0.0399		
3234.22	1.539			3234.22	0.0436		
3238.08	1.545			3238.08	0.0495		
3241.94	1.557			3241.94	0.0534		
3245.79	1.565			3245.79	0.0582		
3249.65	1.569			3249.65	0.0576		
3253.51	1.579			3253.51	0.0694		
3257.37	1.578			3257.37	0.0738		
3261.22	1.586			3261.22	0.0669		
3265.08	1.596			3265.08	0.0751		
3268.94	1.612			3268.94	0.0719		
3272.79	1.624			3272.79	0.0811		
3276.65	1.652			3276.65	0.0912		
3280.51	1.682			3280.51	0.1085		
3282.44	1.701			3282.44	0.1197		
3284.37	1.73			3284.37	0.1381		
3286.29	1.76			3286.29	0.1738		
3288.22	1.79			3288.22	0.2217		
3290.15	1.811			3290.15	0.3044		
3292.08	1.788			3292.08	0.4063		
3294.01	1.726			3294.01	0.5026		
3296.9	1.54			3296.9	0.5961		
3297.87	1.459			3297.87	0.5925		
3298.83	1.385			3298.83	0.5602		
3299.79	1.332			3299.79	0.5092		
3300.76	1.301			3300.76	0.4529		
3302.69	1.288			3302.69	0.3604		
3303.65	1.296			3303.65	0.3266		
3304.62	1.306			3304.62	0.3035		
3306.54	1.328			3306.54	0.273		
3308.47	1.344			3308.47	0.2643		
3310.4	1.355			3310.4	0.273		
3312.33	1.339			3312.33	0.2875		
3314.26	1.305			3314.26	0.2959		
3316.19	1.257			3316.19	0.2812		
3318.12	1.215			3318.12	0.2398		
3320.04	1.199			3320.04	0.1794		
3322.94	1.217			3322.94	0.1058		
3324.87	1.24			3324.87	0.0729		
3326.79	1.267			3326.79	0.0537		
3328.72	1.283			3328.72	0.0403		
3330.65	1.306			3330.65	0.0298		
3332.58	1.32			3332.58	0.0246		
3336.44	1.342			3336.44	0.0188		
3338.37	1.351			3338.37	0.0154		
3340.29	1.364			3340.29	0.0112		
3345.12	1.379			3345.12	0.0121		
3350.9	1.392			3350.9	0.0088		
3355.72	1.408			3355.72	0.0023		
3360.54	1.42			3360.54	0.0052		
3365.37	1.426			3365.37	0.0046		
3370.19	1.432			3370.19	0.0015		
3375.01	1.443			3375.01	0.0032		
3380.79	1.446			3380.79	0.0055		
3385.62	1.455			3385.62	0.0116		
3390.44	1.455			3390.44	0.0081		
3395.26	1.454			3395.26	0.0137		
3400.08	1.457			3400.08	0.0118		
3405.87	1.46			3405.87	0.0084		
3410.69	1.461			3410.69	0.009		
3415.51	1.464			3415.51	0.0024		
3420.33	1.468			3420.33	0.0076		
3425.15	1.467			3425.15	0.0065		
3430.94	1.472			3430.94	0.0076		
3440.58	1.477			3440.58	0.0108		
3450.22	1.479			3450.22	0.0088		
3460.83	1.478			3460.83	0.0084		
3470.47	1.483			3470.47	0.0069		
3480.12	1.483			3480.12	0.009		
3490.72	1.485			3490.72	0.0059		
3500.37	1.488			3500.37	0.0087		
3510.01	1.486			3510.01	0.0037		
3520.62	1.492			3520.62	0.0106		
3530.26	1.488			3530.26	0.0052		
3540.87	1.493			3540.87	0.004		
3550.51	1.497			3550.51	0.0082		
3560.15	1.496			3560.15	0.0046		
3570.76	1.496			3570.76	0.0033		
3580.4	1.497			3580.4	0.0045		
3590.05	1.497			3590.05	0.0061		
3600.65	1.497			3600.65	0.0041		
3610.3	1.499			3610.3	0.0076		
3620.9	1.501			3620.9	0.0134		
3630.55	1.497			3630.55	0.0131		
3640.19	1.501			3640.19	0.0037		
3650.8	1.502			3650.8	0.0037		
3660.44	1.499			3660.44	0.0038		
3670.08	1.504			3670.08	0.0052		
3680.69	1.506			3680.69	0.0089		
3690.33	1.505			3690.33	0.0035		
3700.94	1.504			3700.94	0.0073		
3710.58	1.502			3710.58	0.0051		
3720.23	1.506			3720.23	0.0035		
3730.83	1.506			3730.83	0.0027		
3740.48	1.508			3740.48	0.003		
3750.12	1.507			3750.12	0.0028		
3760.73	1.508			3760.73	0.0035		
3770.37	1.509			3770.37	0.005		
3780.01	1.51			3780.01	0.007		
3780.98	1.508			3780.98	0.0075		
3790.62	1.509			3790.62	0.0042		
3800.26	1.507			3800.26	0.0093		
3840.76	1.505			3840.76	0.0034		
3880.3	1.511			3880.3	0.0101		
3920.8	1.511			3920.8	0.0088		
3960.33	1.511			3960.33	0.0038		
4000	1.51			4000	0.0052		